State,Total/Rural/Urban,City,Mode of travel,Persons Total,Male Total,Female Total,Persons No travel,Male No travel,Female No travel,Persons 0-1,Male 0-1,Female 0-1,Persons 2-5,Male 2-5,Female 2-5,Persons 6-10,Male 6-10,Female 6-10,Persons 11-20,Male 11-20,Female 11-20,Persons 21-30,Male 21-30,Female 21-30,Persons 31-50,Male 31-50,Female 31-50,Persons 51+,Male 51+,Female 51+,Persons Distance not stated,Male Distance not stated,Female Distance not stated,Latitude,Longitude
ANDAMAN & NICOBAR ISLANDS,Total,North  & Middle Andaman,All Modes,25677,20487,5190,3844,2818,1026,7344,5608,1736,7232,5907,1325,3989,3255,734,2002,1794,208,575,496,79,370,319,51,294,266,28,27,24,3,12.65,92.89
ANDAMAN & NICOBAR ISLANDS,Total,North  & Middle Andaman,On foot,9855,7517,2338,0,0,0,6014,4528,1486,3069,2396,673,772,593,179,0,0,0,0,0,0,0,0,0,0,0,0,0,0,0,12.65,92.89
ANDAMAN & NICOBAR ISLANDS,Total,North  & Middle Andaman,Bicycle,1533,1489,44,0,0,0,196,187,9,997,979,18,256,241,15,44,42,2,40,40,0,0,0,0,0,0,0,0,0,0,12.65,92.89
ANDAMAN & NICOBAR ISLANDS,Total,North  & Middle Andaman,Moped/Scooter/Motor Cycle,2588,2328,260,0,0,0,712,609,103,995,876,119,455,430,25,273,267,6,68,66,2,41,40,1,33,30,3,11,10,1,12.65,92.89
ANDAMAN & NICOBAR ISLANDS,Total,North  & Middle Andaman,Car/Jeep/Van,1124,789,335,0,0,0,159,109,50,392,257,135,330,230,100,150,113,37,24,20,4,36,29,7,31,29,2,2,2,0,12.65,92.89
ANDAMAN & NICOBAR ISLANDS,Total,North  & Middle Andaman,Tempo/Autorickshaw/Taxi,671,454,217,0,0,0,111,57,54,373,249,124,108,81,27,40,34,6,14,13,1,12,9,3,12,10,2,1,1,0,12.65,92.89
ANDAMAN & NICOBAR ISLANDS,Total,North  & Middle Andaman,Bus,4608,3671,937,0,0,0,112,81,31,1202,953,249,1677,1299,378,997,843,154,276,207,69,175,139,36,158,139,19,11,10,1,12.65,92.89
ANDAMAN & NICOBAR ISLANDS,Total,North  & Middle Andaman,Train,16,15,1,0,0,0,3,3,0,5,5,0,4,4,0,1,1,0,0,0,0,1,1,0,1,1,0,1,0,1,12.65,92.89
ANDAMAN & NICOBAR ISLANDS,Total,North  & Middle Andaman,Water transport,1315,1293,22,0,0,0,34,33,1,166,163,3,343,337,6,468,465,3,144,141,3,103,99,4,56,54,2,1,1,0,12.65,92.89
ANDAMAN & NICOBAR ISLANDS,Total,North  & Middle Andaman,Any other,123,113,10,0,0,0,3,1,2,33,29,4,44,40,4,29,29,0,9,9,0,2,2,0,3,3,0,0,0,0,12.65,92.89
ANDAMAN & NICOBAR ISLANDS,Total,North  & Middle Andaman,No travel,3844,2818,1026,3844,2818,1026,0,0,0,0,0,0,0,0,0,0,0,0,0,0,0,0,0,0,0,0,0,0,0,0,12.65,92.89
ANDAMAN & NICOBAR ISLANDS,Rural,North  & Middle Andaman,All Modes,24685,19731,4954,3693,2706,987,7100,5422,1678,7152,5842,1310,3547,2921,626,1968,1765,203,569,493,76,354,309,45,276,250,26,26,23,3,12.65,92.89
ANDAMAN & NICOBAR ISLANDS,Rural,North  & Middle Andaman,On foot,9577,7304,2273,0,0,0,5799,4364,1435,3041,2374,667,737,566,171,0,0,0,0,0,0,0,0,0,0,0,0,0,0,0,12.65,92.89
ANDAMAN & NICOBAR ISLANDS,Rural,North  & Middle Andaman,Bicycle,1505,1464,41,0,0,0,189,180,9,989,971,18,243,231,12,44,42,2,40,40,0,0,0,0,0,0,0,0,0,0,12.65,92.89
ANDAMAN & NICOBAR ISLANDS,Rural,North  & Middle Andaman,Moped/Scooter/Motor Cycle,2526,2275,251,0,0,0,697,597,100,980,865,115,429,406,23,270,264,6,67,65,2,39,38,1,33,30,3,11,10,1,12.65,92.89
ANDAMAN & NICOBAR ISLANDS,Rural,North  & Middle Andaman,Car/Jeep/Van,1103,775,328,0,0,0,158,108,50,388,254,134,319,222,97,146,112,34,24,20,4,36,29,7,30,28,2,2,2,0,12.65,92.89
ANDAMAN & NICOBAR ISLANDS,Rural,North  & Middle Andaman,Tempo/Autorickshaw/Taxi,663,449,214,0,0,0,110,56,54,373,249,124,102,77,25,40,34,6,14,13,1,11,9,2,12,10,2,1,1,0,12.65,92.89
ANDAMAN & NICOBAR ISLANDS,Rural,North  & Middle Andaman,Bus,4171,3344,827,0,0,0,107,80,27,1177,932,245,1329,1041,288,972,820,152,271,205,66,163,132,31,142,125,17,10,9,1,12.65,92.89
ANDAMAN & NICOBAR ISLANDS,Rural,North  & Middle Andaman,Train,15,14,1,0,0,0,3,3,0,5,5,0,3,3,0,1,1,0,0,0,0,1,1,0,1,1,0,1,0,1,12.65,92.89
ANDAMAN & NICOBAR ISLANDS,Rural,North  & Middle Andaman,Water transport,1313,1291,22,0,0,0,34,33,1,166,163,3,343,337,6,468,465,3,144,141,3,102,98,4,55,53,2,1,1,0,12.65,92.89
ANDAMAN & NICOBAR ISLANDS,Rural,North  & Middle Andaman,Any other,119,109,10,0,0,0,3,1,2,33,29,4,42,38,4,27,27,0,9,9,0,2,2,0,3,3,0,0,0,0,12.65,92.89
ANDAMAN & NICOBAR ISLANDS,Rural,North  & Middle Andaman,No travel,3693,2706,987,3693,2706,987,0,0,0,0,0,0,0,0,0,0,0,0,0,0,0,0,0,0,0,0,0,0,0,0,12.65,92.89
ANDAMAN & NICOBAR ISLANDS,Urban,North  & Middle Andaman,All Modes,992,756,236,151,112,39,244,186,58,80,65,15,442,334,108,34,29,5,6,3,3,16,10,6,18,16,2,1,1,0,12.65,92.89
ANDAMAN & NICOBAR ISLANDS,Urban,North  & Middle Andaman,On foot,278,213,65,0,0,0,215,164,51,28,22,6,35,27,8,0,0,0,0,0,0,0,0,0,0,0,0,0,0,0,12.65,92.89
ANDAMAN & NICOBAR ISLANDS,Urban,North  & Middle Andaman,Bicycle,28,25,3,0,0,0,7,7,0,8,8,0,13,10,3,0,0,0,0,0,0,0,0,0,0,0,0,0,0,0,12.65,92.89
ANDAMAN & NICOBAR ISLANDS,Urban,North  & Middle Andaman,Moped/Scooter/Motor Cycle,62,53,9,0,0,0,15,12,3,15,11,4,26,24,2,3,3,0,1,1,0,2,2,0,0,0,0,0,0,0,12.65,92.89
ANDAMAN & NICOBAR ISLANDS,Urban,North  & Middle Andaman,Car/Jeep/Van,21,14,7,0,0,0,1,1,0,4,3,1,11,8,3,4,1,3,0,0,0,0,0,0,1,1,0,0,0,0,12.65,92.89
ANDAMAN & NICOBAR ISLANDS,Urban,North  & Middle Andaman,Tempo/Autorickshaw/Taxi,8,5,3,0,0,0,1,1,0,0,0,0,6,4,2,0,0,0,0,0,0,1,0,1,0,0,0,0,0,0,12.65,92.89
ANDAMAN & NICOBAR ISLANDS,Urban,North  & Middle Andaman,Bus,437,327,110,0,0,0,5,1,4,25,21,4,348,258,90,25,23,2,5,2,3,12,7,5,16,14,2,1,1,0,12.65,92.89
ANDAMAN & NICOBAR ISLANDS,Urban,North  & Middle Andaman,Train,1,1,0,0,0,0,0,0,0,0,0,0,1,1,0,0,0,0,0,0,0,0,0,0,0,0,0,0,0,0,12.65,92.89
ANDAMAN & NICOBAR ISLANDS,Urban,North  & Middle Andaman,Water transport,2,2,0,0,0,0,0,0,0,0,0,0,0,0,0,0,0,0,0,0,0,1,1,0,1,1,0,0,0,0,12.65,92.89
ANDAMAN & NICOBAR ISLANDS,Urban,North  & Middle Andaman,Any other,4,4,0,0,0,0,0,0,0,0,0,0,2,2,0,2,2,0,0,0,0,0,0,0,0,0,0,0,0,0,12.65,92.89
ANDAMAN & NICOBAR ISLANDS,Urban,North  & Middle Andaman,No travel,151,112,39,151,112,39,0,0,0,0,0,0,0,0,0,0,0,0,0,0,0,0,0,0,0,0,0,0,0,0,12.65,92.89
DADRA & NAGAR HAVELI,Total,Dadra & Nagar Haveli,All Modes,109003,94175,14828,17203,12280,4923,37734,33931,3803,28355,25059,3296,15810,14208,1602,5659,4983,676,1977,1747,230,1030,856,174,653,566,87,582,545,37,20.18,73.01
DADRA & NAGAR HAVELI,Total,Dadra & Nagar Haveli,On foot,42205,36927,5278,0,0,0,31403,28154,3249,8426,6752,1674,2376,2021,355,0,0,0,0,0,0,0,0,0,0,0,0,0,0,0,20.18,73.01
DADRA & NAGAR HAVELI,Total,Dadra & Nagar Haveli,Bicycle,10500,10285,215,0,0,0,1746,1710,36,6600,6460,140,1602,1580,22,285,276,9,267,259,8,0,0,0,0,0,0,0,0,0,20.18,73.01
DADRA & NAGAR HAVELI,Total,Dadra & Nagar Haveli,Moped/Scooter/Motor Cycle,16313,15054,1259,0,0,0,3005,2705,300,6570,6045,525,4148,3895,253,1648,1531,117,438,416,22,217,207,10,131,110,21,156,145,11,20.18,73.01
DADRA & NAGAR HAVELI,Total,Dadra & Nagar Haveli,Car/Jeep/Van,3129,2883,246,0,0,0,456,409,47,934,848,86,905,862,43,508,469,39,178,161,17,54,50,4,53,46,7,41,38,3,20.18,73.01
DADRA & NAGAR HAVELI,Total,Dadra & Nagar Haveli,Tempo/Autorickshaw/Taxi,8553,6823,1730,0,0,0,688,559,129,3665,2963,702,2962,2276,686,828,663,165,124,112,12,67,60,7,83,65,18,136,125,11,20.18,73.01
DADRA & NAGAR HAVELI,Total,Dadra & Nagar Haveli,Bus,10427,9305,1122,0,0,0,358,322,36,2086,1924,162,3743,3505,238,2321,1982,339,951,782,169,654,505,149,175,153,22,139,132,7,20.18,73.01
DADRA & NAGAR HAVELI,Total,Dadra & Nagar Haveli,Train,391,357,34,0,0,0,34,32,2,23,21,2,11,10,1,26,21,5,5,5,0,31,27,4,194,176,18,67,65,2,20.18,73.01
DADRA & NAGAR HAVELI,Total,Dadra & Nagar Haveli,Water transport,55,50,5,0,0,0,8,7,1,5,4,1,4,3,1,3,3,0,3,2,1,1,1,0,9,9,0,22,21,1,20.18,73.01
DADRA & NAGAR HAVELI,Total,Dadra & Nagar Haveli,Any other,227,211,16,0,0,0,36,33,3,46,42,4,59,56,3,40,38,2,11,10,1,6,6,0,8,7,1,21,19,2,20.18,73.01
DADRA & NAGAR HAVELI,Total,Dadra & Nagar Haveli,No travel,17203,12280,4923,17203,12280,4923,0,0,0,0,0,0,0,0,0,0,0,0,0,0,0,0,0,0,0,0,0,0,0,0,20.18,73.01
DADRA & NAGAR HAVELI,Rural,Dadra & Nagar Haveli,All Modes,40058,33346,6712,7557,5482,2075,14478,13037,1441,9091,7545,1546,4919,4022,897,1943,1551,392,1036,864,172,713,563,150,187,160,27,134,122,12,20.18,73.01
DADRA & NAGAR HAVELI,Rural,Dadra & Nagar Haveli,On foot,18014,15455,2559,0,0,0,13094,11747,1347,3729,2739,990,1191,969,222,0,0,0,0,0,0,0,0,0,0,0,0,0,0,0,20.18,73.01
DADRA & NAGAR HAVELI,Rural,Dadra & Nagar Haveli,Bicycle,3922,3826,96,0,0,0,557,545,12,2311,2247,64,796,783,13,147,141,6,111,110,1,0,0,0,0,0,0,0,0,0,20.18,73.01
DADRA & NAGAR HAVELI,Rural,Dadra & Nagar Haveli,Moped/Scooter/Motor Cycle,4064,3814,250,0,0,0,490,469,21,1558,1451,107,1101,1039,62,559,522,37,194,183,11,100,96,4,30,27,3,32,27,5,20.18,73.01
DADRA & NAGAR HAVELI,Rural,Dadra & Nagar Haveli,Car/Jeep/Van,294,258,36,0,0,0,34,31,3,109,103,6,64,61,3,52,39,13,30,19,11,4,4,0,1,1,0,0,0,0,20.18,73.01
DADRA & NAGAR HAVELI,Rural,Dadra & Nagar Haveli,Tempo/Autorickshaw/Taxi,2914,1963,951,0,0,0,170,135,35,1052,753,299,1264,778,486,329,216,113,39,35,4,18,13,5,18,12,6,24,21,3,20.18,73.01
DADRA & NAGAR HAVELI,Rural,Dadra & Nagar Haveli,Bus,3080,2354,726,0,0,0,104,83,21,310,233,77,476,369,107,821,605,216,650,506,144,586,445,141,109,92,17,24,21,3,20.18,73.01
DADRA & NAGAR HAVELI,Rural,Dadra & Nagar Haveli,Train,119,110,9,0,0,0,14,14,0,7,6,1,4,3,1,15,10,5,2,2,0,2,2,0,26,25,1,49,48,1,20.18,73.01
DADRA & NAGAR HAVELI,Rural,Dadra & Nagar Haveli,Water transport,14,12,2,0,0,0,2,1,1,4,3,1,0,0,0,2,2,0,2,2,0,1,1,0,2,2,0,1,1,0,20.18,73.01
DADRA & NAGAR HAVELI,Rural,Dadra & Nagar Haveli,Any other,80,72,8,0,0,0,13,12,1,11,10,1,23,20,3,18,16,2,8,7,1,2,2,0,1,1,0,4,4,0,20.18,73.01
DADRA & NAGAR HAVELI,Rural,Dadra & Nagar Haveli,No travel,7557,5482,2075,7557,5482,2075,0,0,0,0,0,0,0,0,0,0,0,0,0,0,0,0,0,0,0,0,0,0,0,0,20.18,73.01
DADRA & NAGAR HAVELI,Urban,Dadra & Nagar Haveli,All Modes,68945,60829,8116,9646,6798,2848,23256,20894,2362,19264,17514,1750,10891,10186,705,3716,3432,284,941,883,58,317,293,24,466,406,60,448,423,25,20.18,73.01
DADRA & NAGAR HAVELI,Urban,Dadra & Nagar Haveli,On foot,24191,21472,2719,0,0,0,18309,16407,1902,4697,4013,684,1185,1052,133,0,0,0,0,0,0,0,0,0,0,0,0,0,0,0,20.18,73.01
DADRA & NAGAR HAVELI,Urban,Dadra & Nagar Haveli,Bicycle,6578,6459,119,0,0,0,1189,1165,24,4289,4213,76,806,797,9,138,135,3,156,149,7,0,0,0,0,0,0,0,0,0,20.18,73.01
DADRA & NAGAR HAVELI,Urban,Dadra & Nagar Haveli,Moped/Scooter/Motor Cycle,12249,11240,1009,0,0,0,2515,2236,279,5012,4594,418,3047,2856,191,1089,1009,80,244,233,11,117,111,6,101,83,18,124,118,6,20.18,73.01
DADRA & NAGAR HAVELI,Urban,Dadra & Nagar Haveli,Car/Jeep/Van,2835,2625,210,0,0,0,422,378,44,825,745,80,841,801,40,456,430,26,148,142,6,50,46,4,52,45,7,41,38,3,20.18,73.01
DADRA & NAGAR HAVELI,Urban,Dadra & Nagar Haveli,Tempo/Autorickshaw/Taxi,5639,4860,779,0,0,0,518,424,94,2613,2210,403,1698,1498,200,499,447,52,85,77,8,49,47,2,65,53,12,112,104,8,20.18,73.01
DADRA & NAGAR HAVELI,Urban,Dadra & Nagar Haveli,Bus,7347,6951,396,0,0,0,254,239,15,1776,1691,85,3267,3136,131,1500,1377,123,301,276,25,68,60,8,66,61,5,115,111,4,20.18,73.01
DADRA & NAGAR HAVELI,Urban,Dadra & Nagar Haveli,Train,272,247,25,0,0,0,20,18,2,16,15,1,7,7,0,11,11,0,3,3,0,29,25,4,168,151,17,18,17,1,20.18,73.01
DADRA & NAGAR HAVELI,Urban,Dadra & Nagar Haveli,Water transport,41,38,3,0,0,0,6,6,0,1,1,0,4,3,1,1,1,0,1,0,1,0,0,0,7,7,0,21,20,1,20.18,73.01
DADRA & NAGAR HAVELI,Urban,Dadra & Nagar Haveli,Any other,147,139,8,0,0,0,23,21,2,35,32,3,36,36,0,22,22,0,3,3,0,4,4,0,7,6,1,17,15,2,20.18,73.01
DADRA & NAGAR HAVELI,Urban,Dadra & Nagar Haveli,No travel,9646,6798,2848,9646,6798,2848,0,0,0,0,0,0,0,0,0,0,0,0,0,0,0,0,0,0,0,0,0,0,0,0,20.18,73.01
GUJARAT,Total,Porbandar,All Modes,114132,96959,17173,31615,24006,7609,27125,23105,4020,37947,33903,4044,8858,7970,888,3088,2826,262,1955,1834,121,973,893,80,1020,991,29,1551,1431,120,21.6417069,69.6292654
GUJARAT,Total,Porbandar,On foot,26491,20620,5871,0,0,0,16034,12578,3456,8115,6087,2028,2342,1955,387,0,0,0,0,0,0,0,0,0,0,0,0,0,0,0,21.6417069,69.6292654
GUJARAT,Total,Porbandar,Bicycle,17510,17070,440,0,0,0,4170,4058,112,11105,10832,273,1166,1150,16,136,135,1,933,895,38,0,0,0,0,0,0,0,0,0,21.6417069,69.6292654
GUJARAT,Total,Porbandar,Moped/Scooter/Motor Cycle,23226,22181,1045,0,0,0,5130,4928,202,13096,12520,576,2626,2483,143,968,911,57,278,272,6,203,194,9,90,89,1,835,784,51,21.6417069,69.6292654
GUJARAT,Total,Porbandar,Car/Jeep/Van,1085,1000,85,0,0,0,220,198,22,439,404,35,120,110,10,86,77,9,44,42,2,49,47,2,61,61,0,66,61,5,21.6417069,69.6292654
GUJARAT,Total,Porbandar,Tempo/Autorickshaw/Taxi,7836,6462,1374,0,0,0,750,604,146,3802,2929,873,1598,1388,210,916,831,85,208,201,7,171,162,9,104,99,5,287,248,39,21.6417069,69.6292654
GUJARAT,Total,Porbandar,Bus,3053,2451,602,0,0,0,141,88,53,739,546,193,542,441,101,554,452,102,343,281,62,360,307,53,270,251,19,104,85,19,21.6417069,69.6292654
GUJARAT,Total,Porbandar,Train,334,289,45,0,0,0,86,75,11,76,60,16,35,26,9,29,26,3,41,39,2,14,13,1,28,27,1,25,23,2,21.6417069,69.6292654
GUJARAT,Total,Porbandar,Water transport,1367,1317,50,0,0,0,389,380,9,219,188,31,187,186,1,265,264,1,59,55,4,54,52,2,93,92,1,101,100,1,21.6417069,69.6292654
GUJARAT,Total,Porbandar,Any other,1615,1563,52,0,0,0,205,196,9,356,337,19,242,231,11,134,130,4,49,49,0,122,118,4,374,372,2,133,130,3,21.6417069,69.6292654
GUJARAT,Total,Porbandar,No travel,31615,24006,7609,31615,24006,7609,0,0,0,0,0,0,0,0,0,0,0,0,0,0,0,0,0,0,0,0,0,0,0,0,21.6417069,69.6292654
GUJARAT,Rural,Porbandar,All Modes,27455,22105,5350,12943,9532,3411,5186,4177,1009,4038,3497,541,2363,2135,228,1357,1277,80,635,599,36,440,409,31,354,345,9,139,134,5,21.6417069,69.6292654
GUJARAT,Rural,Porbandar,On foot,6330,4962,1368,0,0,0,4173,3220,953,1512,1191,321,645,551,94,0,0,0,0,0,0,0,0,0,0,0,0,0,0,0,21.6417069,69.6292654
GUJARAT,Rural,Porbandar,Bicycle,1249,1233,16,0,0,0,268,262,6,733,725,8,190,189,1,23,23,0,35,34,1,0,0,0,0,0,0,0,0,0,21.6417069,69.6292654
GUJARAT,Rural,Porbandar,Moped/Scooter/Motor Cycle,2565,2419,146,0,0,0,261,245,16,1080,1003,77,613,587,26,351,337,14,138,134,4,83,78,5,15,14,1,24,21,3,21.6417069,69.6292654
GUJARAT,Rural,Porbandar,Car/Jeep/Van,150,136,14,0,0,0,25,22,3,34,27,7,21,20,1,14,13,1,24,23,1,15,15,0,12,12,0,5,4,1,21.6417069,69.6292654
GUJARAT,Rural,Porbandar,Tempo/Autorickshaw/Taxi,1559,1393,166,0,0,0,107,97,10,346,281,65,480,419,61,389,364,25,114,114,0,71,67,4,28,27,1,24,24,0,21.6417069,69.6292654
GUJARAT,Rural,Porbandar,Bus,1141,984,157,0,0,0,30,20,10,125,97,28,180,149,31,251,216,35,214,187,27,203,183,20,119,114,5,19,18,1,21.6417069,69.6292654
GUJARAT,Rural,Porbandar,Train,106,89,17,0,0,0,22,18,4,10,7,3,16,10,6,5,4,1,33,31,2,5,5,0,9,8,1,6,6,0,21.6417069,69.6292654
GUJARAT,Rural,Porbandar,Water transport,816,780,36,0,0,0,241,238,3,150,121,29,97,96,1,235,234,1,46,45,1,19,18,1,1,1,0,27,27,0,21.6417069,69.6292654
GUJARAT,Rural,Porbandar,Any other,596,577,19,0,0,0,59,55,4,48,45,3,121,114,7,89,86,3,31,31,0,44,43,1,170,169,1,34,34,0,21.6417069,69.6292654
GUJARAT,Rural,Porbandar,No travel,12943,9532,3411,12943,9532,3411,0,0,0,0,0,0,0,0,0,0,0,0,0,0,0,0,0,0,0,0,0,0,0,0,21.6417069,69.6292654
GUJARAT,Urban,Porbandar,All Modes,86677,74854,11823,18672,14474,4198,21939,18928,3011,33909,30406,3503,6495,5835,660,1731,1549,182,1320,1235,85,533,484,49,666,646,20,1412,1297,115,21.6417069,69.6292654
GUJARAT,Urban,Porbandar,On foot,20161,15658,4503,0,0,0,11861,9358,2503,6603,4896,1707,1697,1404,293,0,0,0,0,0,0,0,0,0,0,0,0,0,0,0,21.6417069,69.6292654
GUJARAT,Urban,Porbandar,Bicycle,16261,15837,424,0,0,0,3902,3796,106,10372,10107,265,976,961,15,113,112,1,898,861,37,0,0,0,0,0,0,0,0,0,21.6417069,69.6292654
GUJARAT,Urban,Porbandar,Moped/Scooter/Motor Cycle,20661,19762,899,0,0,0,4869,4683,186,12016,11517,499,2013,1896,117,617,574,43,140,138,2,120,116,4,75,75,0,811,763,48,21.6417069,69.6292654
GUJARAT,Urban,Porbandar,Car/Jeep/Van,935,864,71,0,0,0,195,176,19,405,377,28,99,90,9,72,64,8,20,19,1,34,32,2,49,49,0,61,57,4,21.6417069,69.6292654
GUJARAT,Urban,Porbandar,Tempo/Autorickshaw/Taxi,6277,5069,1208,0,0,0,643,507,136,3456,2648,808,1118,969,149,527,467,60,94,87,7,100,95,5,76,72,4,263,224,39,21.6417069,69.6292654
GUJARAT,Urban,Porbandar,Bus,1912,1467,445,0,0,0,111,68,43,614,449,165,362,292,70,303,236,67,129,94,35,157,124,33,151,137,14,85,67,18,21.6417069,69.6292654
GUJARAT,Urban,Porbandar,Train,228,200,28,0,0,0,64,57,7,66,53,13,19,16,3,24,22,2,8,8,0,9,8,1,19,19,0,19,17,2,21.6417069,69.6292654
GUJARAT,Urban,Porbandar,Water transport,551,537,14,0,0,0,148,142,6,69,67,2,90,90,0,30,30,0,13,10,3,35,34,1,92,91,1,74,73,1,21.6417069,69.6292654
GUJARAT,Urban,Porbandar,Any other,1019,986,33,0,0,0,146,141,5,308,292,16,121,117,4,45,44,1,18,18,0,78,75,3,204,203,1,99,96,3,21.6417069,69.6292654
GUJARAT,Urban,Porbandar,No travel,18672,14474,4198,18672,14474,4198,0,0,0,0,0,0,0,0,0,0,0,0,0,0,0,0,0,0,0,0,0,0,0,0,21.6417069,69.6292654
GUJARAT,Total,Kachchh,All Modes,475579,412398,63181,121326,92584,28742,97903,86066,11837,132060,118472,13588,62413,56770,5643,33970,32018,1952,9962,9489,473,7572,7231,341,6089,5843,246,4284,3925,359,23.7337326,69.8597406
GUJARAT,Total,Kachchh,On foot,127115,110075,17040,0,0,0,73634,63532,10102,41972,36519,5453,11509,10024,1485,0,0,0,0,0,0,0,0,0,0,0,0,0,0,0,23.7337326,69.8597406
GUJARAT,Total,Kachchh,Bicycle,21710,20805,905,0,0,0,3003,2854,149,14199,13612,587,2895,2793,102,610,594,16,1003,952,51,0,0,0,0,0,0,0,0,0,23.7337326,69.8597406
GUJARAT,Total,Kachchh,Moped/Scooter/Motor Cycle,89055,83314,5741,0,0,0,13999,13102,897,40801,37657,3144,18822,17674,1148,8715,8431,284,2146,2109,37,1661,1622,39,721,690,31,2190,2029,161,23.7337326,69.8597406
GUJARAT,Total,Kachchh,Car/Jeep/Van,20423,19049,1374,0,0,0,1534,1428,106,5479,5019,460,4668,4336,332,4457,4153,304,1607,1541,66,1303,1253,50,924,901,23,451,418,33,23.7337326,69.8597406
GUJARAT,Total,Kachchh,Tempo/Autorickshaw/Taxi,42508,37022,5486,0,0,0,2114,1813,301,17620,14791,2829,12833,11214,1619,6537,6020,517,1162,1085,77,789,751,38,745,720,25,708,628,80,23.7337326,69.8597406
GUJARAT,Total,Kachchh,Bus,42179,38939,3240,0,0,0,1303,1130,173,8966,8119,847,9383,8587,796,12189,11401,788,3662,3434,228,3412,3204,208,2708,2562,146,556,502,54,23.7337326,69.8597406
GUJARAT,Total,Kachchh,Train,1199,1095,104,0,0,0,236,213,23,343,312,31,156,137,19,116,105,11,41,37,4,84,83,1,155,146,9,68,62,6,23.7337326,69.8597406
GUJARAT,Total,Kachchh,Water transport,1135,1100,35,0,0,0,171,159,12,101,95,6,121,116,5,482,478,4,23,23,0,11,11,0,177,172,5,49,46,3,23.7337326,69.8597406
GUJARAT,Total,Kachchh,Any other,8929,8415,514,0,0,0,1909,1835,74,2579,2348,231,2026,1889,137,864,836,28,318,308,10,312,307,5,659,652,7,262,240,22,23.7337326,69.8597406
GUJARAT,Total,Kachchh,No travel,121326,92584,28742,121326,92584,28742,0,0,0,0,0,0,0,0,0,0,0,0,0,0,0,0,0,0,0,0,0,0,0,0,23.7337326,69.8597406
GUJARAT,Rural,Kachchh,All Modes,234040,203669,30371,70234,53024,17210,54055,47941,6114,50147,46143,4004,28333,26454,1879,17714,16944,770,5787,5613,174,3982,3879,103,3066,2988,78,722,683,39,23.7337326,69.8597406
GUJARAT,Rural,Kachchh,On foot,73302,64617,8685,0,0,0,45867,40139,5728,21662,19316,2346,5773,5162,611,0,0,0,0,0,0,0,0,0,0,0,0,0,0,0,23.7337326,69.8597406
GUJARAT,Rural,Kachchh,Bicycle,4985,4871,114,0,0,0,732,714,18,2994,2921,73,840,824,16,274,270,4,145,142,3,0,0,0,0,0,0,0,0,0,23.7337326,69.8597406
GUJARAT,Rural,Kachchh,Moped/Scooter/Motor Cycle,26718,25707,1011,0,0,0,3521,3357,164,8675,8270,405,7042,6757,285,4657,4548,109,1357,1348,9,887,880,7,330,315,15,249,232,17,23.7337326,69.8597406
GUJARAT,Rural,Kachchh,Car/Jeep/Van,9032,8541,491,0,0,0,540,508,32,1726,1601,125,1997,1909,88,2474,2295,179,1100,1063,37,723,698,25,372,369,3,100,98,2,23.7337326,69.8597406
GUJARAT,Rural,Kachchh,Tempo/Autorickshaw/Taxi,22850,21228,1622,0,0,0,836,796,40,8509,7782,727,7043,6482,561,4484,4254,230,885,843,42,444,438,6,498,491,7,151,142,9,23.7337326,69.8597406
GUJARAT,Rural,Kachchh,Bus,20053,19158,895,0,0,0,732,653,79,4858,4686,172,4435,4200,235,5016,4789,227,2000,1926,74,1710,1648,62,1186,1143,43,116,113,3,23.7337326,69.8597406
GUJARAT,Rural,Kachchh,Train,505,479,26,0,0,0,109,103,6,105,98,7,78,72,6,45,41,4,18,18,0,37,37,0,91,89,2,22,21,1,23.7337326,69.8597406
GUJARAT,Rural,Kachchh,Water transport,439,425,14,0,0,0,89,82,7,39,37,2,59,59,0,98,97,1,9,9,0,4,4,0,130,127,3,11,10,1,23.7337326,69.8597406
GUJARAT,Rural,Kachchh,Any other,5922,5619,303,0,0,0,1629,1589,40,1579,1432,147,1066,989,77,666,650,16,273,264,9,177,174,3,459,454,5,73,67,6,23.7337326,69.8597406
GUJARAT,Rural,Kachchh,No travel,70234,53024,17210,70234,53024,17210,0,0,0,0,0,0,0,0,0,0,0,0,0,0,0,0,0,0,0,0,0,0,0,0,23.7337326,69.8597406
GUJARAT,Urban,Kachchh,All Modes,241539,208729,32810,51092,39560,11532,43848,38125,5723,81913,72329,9584,34080,30316,3764,16256,15074,1182,4175,3876,299,3590,3352,238,3023,2855,168,3562,3242,320,23.7337326,69.8597406
GUJARAT,Urban,Kachchh,On foot,53813,45458,8355,0,0,0,27767,23393,4374,20310,17203,3107,5736,4862,874,0,0,0,0,0,0,0,0,0,0,0,0,0,0,0,23.7337326,69.8597406
GUJARAT,Urban,Kachchh,Bicycle,16725,15934,791,0,0,0,2271,2140,131,11205,10691,514,2055,1969,86,336,324,12,858,810,48,0,0,0,0,0,0,0,0,0,23.7337326,69.8597406
GUJARAT,Urban,Kachchh,Moped/Scooter/Motor Cycle,62337,57607,4730,0,0,0,10478,9745,733,32126,29387,2739,11780,10917,863,4058,3883,175,789,761,28,774,742,32,391,375,16,1941,1797,144,23.7337326,69.8597406
GUJARAT,Urban,Kachchh,Car/Jeep/Van,11391,10508,883,0,0,0,994,920,74,3753,3418,335,2671,2427,244,1983,1858,125,507,478,29,580,555,25,552,532,20,351,320,31,23.7337326,69.8597406
GUJARAT,Urban,Kachchh,Tempo/Autorickshaw/Taxi,19658,15794,3864,0,0,0,1278,1017,261,9111,7009,2102,5790,4732,1058,2053,1766,287,277,242,35,345,313,32,247,229,18,557,486,71,23.7337326,69.8597406
GUJARAT,Urban,Kachchh,Bus,22126,19781,2345,0,0,0,571,477,94,4108,3433,675,4948,4387,561,7173,6612,561,1662,1508,154,1702,1556,146,1522,1419,103,440,389,51,23.7337326,69.8597406
GUJARAT,Urban,Kachchh,Train,694,616,78,0,0,0,127,110,17,238,214,24,78,65,13,71,64,7,23,19,4,47,46,1,64,57,7,46,41,5,23.7337326,69.8597406
GUJARAT,Urban,Kachchh,Water transport,696,675,21,0,0,0,82,77,5,62,58,4,62,57,5,384,381,3,14,14,0,7,7,0,47,45,2,38,36,2,23.7337326,69.8597406
GUJARAT,Urban,Kachchh,Any other,3007,2796,211,0,0,0,280,246,34,1000,916,84,960,900,60,198,186,12,45,44,1,135,133,2,200,198,2,189,173,16,23.7337326,69.8597406
GUJARAT,Urban,Kachchh,No travel,51092,39560,11532,51092,39560,11532,0,0,0,0,0,0,0,0,0,0,0,0,0,0,0,0,0,0,0,0,0,0,0,0,23.7337326,69.8597406
GUJARAT,Total,Jamnagar,All Modes,424570,364421,60149,109530,79585,29945,81889,71234,10655,142793,129755,13038,47055,43223,3832,15100,14086,1014,10809,10205,604,6767,6357,410,5438,5177,261,5189,4799,390,22.4707019,70.05773
GUJARAT,Total,Jamnagar,On foot,93218,76164,17054,0,0,0,51306,42237,9069,32332,26023,6309,9580,7904,1676,0,0,0,0,0,0,0,0,0,0,0,0,0,0,0,22.4707019,70.05773
GUJARAT,Total,Jamnagar,Bicycle,68651,66601,2050,0,0,0,10666,10345,321,44713,43329,1384,8304,8135,169,1105,1078,27,3863,3714,149,0,0,0,0,0,0,0,0,0,22.4707019,70.05773
GUJARAT,Total,Jamnagar,Moped/Scooter/Motor Cycle,93100,87918,5182,0,0,0,15982,15138,844,49908,46953,2955,14852,14132,720,5365,5059,306,1813,1722,91,1321,1281,40,737,704,33,3122,2929,193,22.4707019,70.05773
GUJARAT,Total,Jamnagar,Car/Jeep/Van,8796,8272,524,0,0,0,828,751,77,2594,2401,193,1795,1720,75,1092,1026,66,821,781,40,828,802,26,471,454,17,367,337,30,22.4707019,70.05773
GUJARAT,Total,Jamnagar,Tempo/Autorickshaw/Taxi,21151,18432,2719,0,0,0,1526,1368,158,7514,5927,1587,6087,5451,636,3208,3001,207,960,935,25,672,643,29,515,500,15,669,607,62,22.4707019,70.05773
GUJARAT,Total,Jamnagar,Bus,20549,18290,2259,0,0,0,631,518,113,3170,2689,481,4809,4312,497,3326,2959,367,2870,2583,287,3475,3170,305,1745,1586,159,523,473,50,22.4707019,70.05773
GUJARAT,Total,Jamnagar,Train,1419,1282,137,0,0,0,206,173,33,350,317,33,141,129,12,105,92,13,93,86,7,143,133,10,273,260,13,108,92,16,22.4707019,70.05773
GUJARAT,Total,Jamnagar,Water transport,3870,3806,64,0,0,0,267,256,11,756,749,7,736,728,8,517,506,11,222,220,2,156,156,0,1100,1091,9,116,100,16,22.4707019,70.05773
GUJARAT,Total,Jamnagar,Any other,4286,4071,215,0,0,0,477,448,29,1456,1367,89,751,712,39,382,365,17,167,164,3,172,172,0,597,582,15,284,261,23,22.4707019,70.05773
GUJARAT,Total,Jamnagar,No travel,109530,79585,29945,109530,79585,29945,0,0,0,0,0,0,0,0,0,0,0,0,0,0,0,0,0,0,0,0,0,0,0,0,22.4707019,70.05773
GUJARAT,Rural,Jamnagar,All Modes,121102,101033,20069,43511,32466,11045,23730,19629,4101,24454,21711,2743,13464,12188,1276,8067,7625,442,3133,2971,162,2358,2183,175,1610,1552,58,775,708,67,22.4707019,70.05773
GUJARAT,Rural,Jamnagar,On foot,32513,26126,6387,0,0,0,19469,15621,3848,10122,8150,1972,2922,2355,567,0,0,0,0,0,0,0,0,0,0,0,0,0,0,0,22.4707019,70.05773
GUJARAT,Rural,Jamnagar,Bicycle,8665,8475,190,0,0,0,1089,1054,35,4997,4890,107,1889,1864,25,318,312,6,372,355,17,0,0,0,0,0,0,0,0,0,22.4707019,70.05773
GUJARAT,Rural,Jamnagar,Moped/Scooter/Motor Cycle,16566,15784,782,0,0,0,2061,1948,113,5543,5246,297,3974,3784,190,2923,2810,113,945,907,38,606,595,11,158,150,8,356,344,12,22.4707019,70.05773
GUJARAT,Rural,Jamnagar,Car/Jeep/Van,2057,1951,106,0,0,0,167,151,16,476,456,20,347,334,13,465,433,32,187,179,8,223,216,7,144,140,4,48,42,6,22.4707019,70.05773
GUJARAT,Rural,Jamnagar,Tempo/Autorickshaw/Taxi,7900,7254,646,0,0,0,394,372,22,2067,1810,257,2360,2143,217,1919,1812,107,542,529,13,327,309,18,145,145,0,146,134,12,22.4707019,70.05773
GUJARAT,Rural,Jamnagar,Bus,6592,5811,781,0,0,0,195,162,33,515,448,67,1492,1244,248,2000,1832,168,798,715,83,906,773,133,589,554,35,97,83,14,22.4707019,70.05773
GUJARAT,Rural,Jamnagar,Train,444,403,41,0,0,0,62,48,14,59,56,3,42,41,1,59,54,5,39,38,1,78,72,6,84,78,6,21,16,5,22.4707019,70.05773
GUJARAT,Rural,Jamnagar,Water transport,839,811,28,0,0,0,158,150,8,23,23,0,17,16,1,131,131,0,170,168,2,120,120,0,171,169,2,49,34,15,22.4707019,70.05773
GUJARAT,Rural,Jamnagar,Any other,2015,1952,63,0,0,0,135,123,12,652,632,20,421,407,14,252,241,11,80,80,0,98,98,0,319,316,3,58,55,3,22.4707019,70.05773
GUJARAT,Rural,Jamnagar,No travel,43511,32466,11045,43511,32466,11045,0,0,0,0,0,0,0,0,0,0,0,0,0,0,0,0,0,0,0,0,0,0,0,0,22.4707019,70.05773
GUJARAT,Urban,Jamnagar,All Modes,303468,263388,40080,66019,47119,18900,58159,51605,6554,118339,108044,10295,33591,31035,2556,7033,6461,572,7676,7234,442,4409,4174,235,3828,3625,203,4414,4091,323,22.4707019,70.05773
GUJARAT,Urban,Jamnagar,On foot,60705,50038,10667,0,0,0,31837,26616,5221,22210,17873,4337,6658,5549,1109,0,0,0,0,0,0,0,0,0,0,0,0,0,0,0,22.4707019,70.05773
GUJARAT,Urban,Jamnagar,Bicycle,59986,58126,1860,0,0,0,9577,9291,286,39716,38439,1277,6415,6271,144,787,766,21,3491,3359,132,0,0,0,0,0,0,0,0,0,22.4707019,70.05773
GUJARAT,Urban,Jamnagar,Moped/Scooter/Motor Cycle,76534,72134,4400,0,0,0,13921,13190,731,44365,41707,2658,10878,10348,530,2442,2249,193,868,815,53,715,686,29,579,554,25,2766,2585,181,22.4707019,70.05773
GUJARAT,Urban,Jamnagar,Car/Jeep/Van,6739,6321,418,0,0,0,661,600,61,2118,1945,173,1448,1386,62,627,593,34,634,602,32,605,586,19,327,314,13,319,295,24,22.4707019,70.05773
GUJARAT,Urban,Jamnagar,Tempo/Autorickshaw/Taxi,13251,11178,2073,0,0,0,1132,996,136,5447,4117,1330,3727,3308,419,1289,1189,100,418,406,12,345,334,11,370,355,15,523,473,50,22.4707019,70.05773
GUJARAT,Urban,Jamnagar,Bus,13957,12479,1478,0,0,0,436,356,80,2655,2241,414,3317,3068,249,1326,1127,199,2072,1868,204,2569,2397,172,1156,1032,124,426,390,36,22.4707019,70.05773
GUJARAT,Urban,Jamnagar,Train,975,879,96,0,0,0,144,125,19,291,261,30,99,88,11,46,38,8,54,48,6,65,61,4,189,182,7,87,76,11,22.4707019,70.05773
GUJARAT,Urban,Jamnagar,Water transport,3031,2995,36,0,0,0,109,106,3,733,726,7,719,712,7,386,375,11,52,52,0,36,36,0,929,922,7,67,66,1,22.4707019,70.05773
GUJARAT,Urban,Jamnagar,Any other,2271,2119,152,0,0,0,342,325,17,804,735,69,330,305,25,130,124,6,87,84,3,74,74,0,278,266,12,226,206,20,22.4707019,70.05773
GUJARAT,Urban,Jamnagar,No travel,66019,47119,18900,66019,47119,18900,0,0,0,0,0,0,0,0,0,0,0,0,0,0,0,0,0,0,0,0,0,0,0,0,22.4707019,70.05773
GUJARAT,Total,Junagadh,All Modes,412757,352175,60582,127520,96706,30814,83055,72286,10769,104089,93259,10830,46027,41690,4337,20179,18611,1568,10489,9727,762,7122,6496,626,9156,8607,549,5120,4793,327,21.5222203,70.4579436
GUJARAT,Total,Junagadh,On foot,95618,78705,16913,0,0,0,55827,46320,9507,27590,22059,5531,12201,10326,1875,0,0,0,0,0,0,0,0,0,0,0,0,0,0,0,21.5222203,70.4579436
GUJARAT,Total,Junagadh,Bicycle,36391,35622,769,0,0,0,6980,6847,133,22245,21794,451,4559,4475,84,662,640,22,1945,1866,79,0,0,0,0,0,0,0,0,0,21.5222203,70.4579436
GUJARAT,Total,Junagadh,Moped/Scooter/Motor Cycle,83921,79493,4428,0,0,0,16268,15579,689,38888,36801,2087,13625,12841,784,7665,7207,458,2757,2591,166,1473,1391,82,923,876,47,2322,2207,115,21.5222203,70.4579436
GUJARAT,Total,Junagadh,Car/Jeep/Van,3887,3541,346,0,0,0,623,564,59,1090,1002,88,564,516,48,435,400,35,260,225,35,339,303,36,333,314,19,243,217,26,21.5222203,70.4579436
GUJARAT,Total,Junagadh,Tempo/Autorickshaw/Taxi,32830,28456,4374,0,0,0,1824,1608,216,11270,9025,2245,10308,9217,1091,5348,4800,548,1516,1432,84,919,877,42,711,627,84,934,870,64,21.5222203,70.4579436
GUJARAT,Total,Junagadh,Bus,17844,15441,2403,0,0,0,489,412,77,1575,1247,328,2650,2278,372,4240,3782,458,2540,2175,365,2624,2193,431,3287,2976,311,439,378,61,21.5222203,70.4579436
GUJARAT,Total,Junagadh,Train,2285,2061,224,0,0,0,251,205,46,223,191,32,198,180,18,185,168,17,216,199,17,367,343,24,708,657,51,137,118,19,21.5222203,70.4579436
GUJARAT,Total,Junagadh,Water transport,8941,8793,148,0,0,0,277,264,13,378,361,17,1210,1194,16,1156,1137,19,1068,1056,12,1183,1173,10,2825,2791,34,844,817,27,21.5222203,70.4579436
GUJARAT,Total,Junagadh,Any other,3520,3357,163,0,0,0,516,487,29,830,779,51,712,663,49,488,477,11,187,183,4,217,216,1,369,366,3,201,186,15,21.5222203,70.4579436
GUJARAT,Total,Junagadh,No travel,127520,96706,30814,127520,96706,30814,0,0,0,0,0,0,0,0,0,0,0,0,0,0,0,0,0,0,0,0,0,0,0,0,21.5222203,70.4579436
GUJARAT,Rural,Junagadh,All Modes,159884,132551,27333,70284,52327,17957,23925,20150,3775,19117,16589,2528,19828,18163,1665,13239,12616,623,5249,4985,264,3310,3080,230,3739,3534,205,1193,1107,86,21.5222203,70.4579436
GUJARAT,Rural,Junagadh,On foot,29277,23635,5642,0,0,0,19154,15647,3507,6244,4738,1506,3879,3250,629,0,0,0,0,0,0,0,0,0,0,0,0,0,0,0,21.5222203,70.4579436
GUJARAT,Rural,Junagadh,Bicycle,6460,6277,183,0,0,0,999,965,34,3267,3168,99,1510,1485,25,324,315,9,360,344,16,0,0,0,0,0,0,0,0,0,21.5222203,70.4579436
GUJARAT,Rural,Junagadh,Moped/Scooter/Motor Cycle,21059,19971,1088,0,0,0,2317,2220,97,5440,5068,372,5818,5520,298,4652,4476,176,1483,1424,59,692,652,40,305,285,20,352,326,26,21.5222203,70.4579436
GUJARAT,Rural,Junagadh,Car/Jeep/Van,1115,1028,87,0,0,0,199,175,24,194,176,18,189,171,18,208,205,3,102,99,3,98,92,6,73,68,5,52,42,10,21.5222203,70.4579436
GUJARAT,Rural,Junagadh,Tempo/Autorickshaw/Taxi,15118,13809,1309,0,0,0,629,580,49,2746,2390,356,5458,4953,505,3980,3728,252,1091,1039,52,564,534,30,390,341,49,260,244,16,21.5222203,70.4579436
GUJARAT,Rural,Junagadh,Bus,9558,8702,856,0,0,0,245,214,31,814,667,147,1615,1477,138,2945,2788,157,1267,1154,113,924,781,143,1560,1449,111,188,172,16,21.5222203,70.4579436
GUJARAT,Rural,Junagadh,Train,735,684,51,0,0,0,60,46,14,40,34,6,133,129,4,121,115,6,125,118,7,66,62,4,162,154,8,28,26,2,21.5222203,70.4579436
GUJARAT,Rural,Junagadh,Water transport,4553,4469,84,0,0,0,134,125,9,163,156,7,787,774,13,618,603,15,689,678,11,853,846,7,1066,1056,10,243,231,12,21.5222203,70.4579436
GUJARAT,Rural,Junagadh,Any other,1725,1649,76,0,0,0,188,178,10,209,192,17,439,404,35,391,386,5,132,129,3,113,113,0,183,181,2,70,66,4,21.5222203,70.4579436
GUJARAT,Rural,Junagadh,No travel,70284,52327,17957,70284,52327,17957,0,0,0,0,0,0,0,0,0,0,0,0,0,0,0,0,0,0,0,0,0,0,0,0,21.5222203,70.4579436
GUJARAT,Urban,Junagadh,All Modes,252873,219624,33249,57236,44379,12857,59130,52136,6994,84972,76670,8302,26199,23527,2672,6940,5995,945,5240,4742,498,3812,3416,396,5417,5073,344,3927,3686,241,21.5222203,70.4579436
GUJARAT,Urban,Junagadh,On foot,66341,55070,11271,0,0,0,36673,30673,6000,21346,17321,4025,8322,7076,1246,0,0,0,0,0,0,0,0,0,0,0,0,0,0,0,21.5222203,70.4579436
GUJARAT,Urban,Junagadh,Bicycle,29931,29345,586,0,0,0,5981,5882,99,18978,18626,352,3049,2990,59,338,325,13,1585,1522,63,0,0,0,0,0,0,0,0,0,21.5222203,70.4579436
GUJARAT,Urban,Junagadh,Moped/Scooter/Motor Cycle,62862,59522,3340,0,0,0,13951,13359,592,33448,31733,1715,7807,7321,486,3013,2731,282,1274,1167,107,781,739,42,618,591,27,1970,1881,89,21.5222203,70.4579436
GUJARAT,Urban,Junagadh,Car/Jeep/Van,2772,2513,259,0,0,0,424,389,35,896,826,70,375,345,30,227,195,32,158,126,32,241,211,30,260,246,14,191,175,16,21.5222203,70.4579436
GUJARAT,Urban,Junagadh,Tempo/Autorickshaw/Taxi,17712,14647,3065,0,0,0,1195,1028,167,8524,6635,1889,4850,4264,586,1368,1072,296,425,393,32,355,343,12,321,286,35,674,626,48,21.5222203,70.4579436
GUJARAT,Urban,Junagadh,Bus,8286,6739,1547,0,0,0,244,198,46,761,580,181,1035,801,234,1295,994,301,1273,1021,252,1700,1412,288,1727,1527,200,251,206,45,21.5222203,70.4579436
GUJARAT,Urban,Junagadh,Train,1550,1377,173,0,0,0,191,159,32,183,157,26,65,51,14,64,53,11,91,81,10,301,281,20,546,503,43,109,92,17,21.5222203,70.4579436
GUJARAT,Urban,Junagadh,Water transport,4388,4324,64,0,0,0,143,139,4,215,205,10,423,420,3,538,534,4,379,378,1,330,327,3,1759,1735,24,601,586,15,21.5222203,70.4579436
GUJARAT,Urban,Junagadh,Any other,1795,1708,87,0,0,0,328,309,19,621,587,34,273,259,14,97,91,6,55,54,1,104,103,1,186,185,1,131,120,11,21.5222203,70.4579436
GUJARAT,Urban,Junagadh,No travel,57236,44379,12857,57236,44379,12857,0,0,0,0,0,0,0,0,0,0,0,0,0,0,0,0,0,0,0,0,0,0,0,0,21.5222203,70.4579436
GUJARAT,Total,Rajkot,All Modes,891628,776330,115298,201229,151258,49971,143227,124279,18948,316746,289340,27406,122568,111603,10965,44854,41812,3042,23646,21947,1699,11757,10633,1124,11921,10802,1119,15680,14656,1024,22.3038945,70.8021599
GUJARAT,Total,Rajkot,On foot,138494,108721,29773,0,0,0,73593,58311,15282,45381,34803,10578,19520,15607,3913,0,0,0,0,0,0,0,0,0,0,0,0,0,0,0,22.3038945,70.8021599
GUJARAT,Total,Rajkot,Bicycle,134384,130464,3920,0,0,0,21551,20899,652,85035,82614,2421,16709,16273,436,2719,2640,79,8370,8038,332,0,0,0,0,0,0,0,0,0,22.3038945,70.8021599
GUJARAT,Total,Rajkot,Moped/Scooter/Motor Cycle,303713,287561,16152,0,0,0,39776,37750,2026,156759,147750,9009,61959,58860,3099,21822,20973,849,6415,6149,266,3843,3671,172,3331,3105,226,9808,9303,505,22.3038945,70.8021599
GUJARAT,Total,Rajkot,Car/Jeep/Van,20843,19208,1635,0,0,0,1877,1679,198,6759,6186,573,4266,3979,287,3778,3562,216,1294,1180,114,1024,904,120,1041,966,75,804,752,52,22.3038945,70.8021599
GUJARAT,Total,Rajkot,Tempo/Autorickshaw/Taxi,55160,47618,7542,0,0,0,3965,3537,428,16709,13133,3576,14569,12428,2141,9632,8917,715,3373,3224,149,2101,2008,93,1847,1665,182,2964,2706,258,22.3038945,70.8021599
GUJARAT,Total,Rajkot,Bus,25980,20813,5167,0,0,0,916,710,206,2837,2039,798,3594,2699,895,5891,4782,1109,3612,2818,794,3967,3290,677,4183,3617,566,980,858,122,22.3038945,70.8021599
GUJARAT,Total,Rajkot,Train,3539,3160,379,0,0,0,361,306,55,586,483,103,363,324,39,325,296,29,248,227,21,477,431,46,880,822,58,299,271,28,22.3038945,70.8021599
GUJARAT,Total,Rajkot,Water transport,569,406,163,0,0,0,82,61,21,246,163,83,156,110,46,15,14,1,13,11,2,14,12,2,23,19,4,20,16,4,22.3038945,70.8021599
GUJARAT,Total,Rajkot,Any other,7717,7121,596,0,0,0,1106,1026,80,2434,2169,265,1432,1323,109,672,628,44,321,300,21,331,317,14,616,608,8,805,750,55,22.3038945,70.8021599
GUJARAT,Total,Rajkot,No travel,201229,151258,49971,201229,151258,49971,0,0,0,0,0,0,0,0,0,0,0,0,0,0,0,0,0,0,0,0,0,0,0,0,22.3038945,70.8021599
GUJARAT,Rural,Rajkot,All Modes,178443,147808,30635,73574,55471,18103,25824,21123,4701,24307,21354,2953,20021,17658,2363,16477,15365,1112,8845,8214,631,4614,4281,333,3356,3034,322,1425,1308,117,22.3038945,70.8021599
GUJARAT,Rural,Rajkot,On foot,32511,25511,7000,0,0,0,19674,15429,4245,7682,6106,1576,5155,3976,1179,0,0,0,0,0,0,0,0,0,0,0,0,0,0,0,22.3038945,70.8021599
GUJARAT,Rural,Rajkot,Bicycle,8871,8550,321,0,0,0,1701,1628,73,4593,4447,146,1204,1164,40,468,455,13,905,856,49,0,0,0,0,0,0,0,0,0,22.3038945,70.8021599
GUJARAT,Rural,Rajkot,Moped/Scooter/Motor Cycle,29935,28647,1288,0,0,0,2791,2645,146,6767,6372,395,7021,6704,317,7109,6894,215,3139,3061,78,1348,1312,36,1129,1064,65,631,595,36,22.3038945,70.8021599
GUJARAT,Rural,Rajkot,Car/Jeep/Van,2436,2208,228,0,0,0,278,230,48,326,286,40,305,263,42,519,479,40,407,393,14,293,279,14,222,203,19,86,75,11,22.3038945,70.8021599
GUJARAT,Rural,Rajkot,Tempo/Autorickshaw/Taxi,17551,15973,1578,0,0,0,771,681,90,3178,2709,469,4374,3938,436,4890,4543,347,2142,2058,84,1081,1050,31,727,642,85,388,352,36,22.3038945,70.8021599
GUJARAT,Rural,Rajkot,Bus,10932,9115,1817,0,0,0,321,267,54,1146,936,210,1520,1239,281,3064,2596,468,2007,1615,392,1680,1439,241,979,833,146,215,190,25,22.3038945,70.8021599
GUJARAT,Rural,Rajkot,Train,656,603,53,0,0,0,92,77,15,87,81,6,49,42,7,153,142,11,76,71,5,68,65,3,108,106,2,23,19,4,22.3038945,70.8021599
GUJARAT,Rural,Rajkot,Water transport,353,216,137,0,0,0,37,24,13,183,105,78,106,65,41,6,6,0,6,4,2,3,3,0,9,7,2,3,2,1,22.3038945,70.8021599
GUJARAT,Rural,Rajkot,Any other,1624,1514,110,0,0,0,159,142,17,345,312,33,287,267,20,268,250,18,163,156,7,141,133,8,182,179,3,79,75,4,22.3038945,70.8021599
GUJARAT,Rural,Rajkot,No travel,73574,55471,18103,73574,55471,18103,0,0,0,0,0,0,0,0,0,0,0,0,0,0,0,0,0,0,0,0,0,0,0,0,22.3038945,70.8021599
GUJARAT,Urban,Rajkot,All Modes,713185,628522,84663,127655,95787,31868,117403,103156,14247,292439,267986,24453,102547,93945,8602,28377,26447,1930,14801,13733,1068,7143,6352,791,8565,7768,797,14255,13348,907,22.3038945,70.8021599
GUJARAT,Urban,Rajkot,On foot,105983,83210,22773,0,0,0,53919,42882,11037,37699,28697,9002,14365,11631,2734,0,0,0,0,0,0,0,0,0,0,0,0,0,0,0,22.3038945,70.8021599
GUJARAT,Urban,Rajkot,Bicycle,125513,121914,3599,0,0,0,19850,19271,579,80442,78167,2275,15505,15109,396,2251,2185,66,7465,7182,283,0,0,0,0,0,0,0,0,0,22.3038945,70.8021599
GUJARAT,Urban,Rajkot,Moped/Scooter/Motor Cycle,273778,258914,14864,0,0,0,36985,35105,1880,149992,141378,8614,54938,52156,2782,14713,14079,634,3276,3088,188,2495,2359,136,2202,2041,161,9177,8708,469,22.3038945,70.8021599
GUJARAT,Urban,Rajkot,Car/Jeep/Van,18407,17000,1407,0,0,0,1599,1449,150,6433,5900,533,3961,3716,245,3259,3083,176,887,787,100,731,625,106,819,763,56,718,677,41,22.3038945,70.8021599
GUJARAT,Urban,Rajkot,Tempo/Autorickshaw/Taxi,37609,31645,5964,0,0,0,3194,2856,338,13531,10424,3107,10195,8490,1705,4742,4374,368,1231,1166,65,1020,958,62,1120,1023,97,2576,2354,222,22.3038945,70.8021599
GUJARAT,Urban,Rajkot,Bus,15048,11698,3350,0,0,0,595,443,152,1691,1103,588,2074,1460,614,2827,2186,641,1605,1203,402,2287,1851,436,3204,2784,420,765,668,97,22.3038945,70.8021599
GUJARAT,Urban,Rajkot,Train,2883,2557,326,0,0,0,269,229,40,499,402,97,314,282,32,172,154,18,172,156,16,409,366,43,772,716,56,276,252,24,22.3038945,70.8021599
GUJARAT,Urban,Rajkot,Water transport,216,190,26,0,0,0,45,37,8,63,58,5,50,45,5,9,8,1,7,7,0,11,9,2,14,12,2,17,14,3,22.3038945,70.8021599
GUJARAT,Urban,Rajkot,Any other,6093,5607,486,0,0,0,947,884,63,2089,1857,232,1145,1056,89,404,378,26,158,144,14,190,184,6,434,429,5,726,675,51,22.3038945,70.8021599
GUJARAT,Urban,Rajkot,No travel,127655,95787,31868,127655,95787,31868,0,0,0,0,0,0,0,0,0,0,0,0,0,0,0,0,0,0,0,0,0,0,0,0,22.3038945,70.8021599
RAJASTHAN,Total,Jaisalmer,All Modes,105730,80725,25005,37565,27311,10254,17570,11592,5978,26252,19257,6995,10998,9863,1135,3796,3498,298,1908,1813,95,2655,2545,110,4445,4335,110,541,511,30,26.9157487,70.9083443
RAJASTHAN,Total,Jaisalmer,On foot,39130,25982,13148,0,0,0,14842,9059,5783,18044,11593,6451,6244,5330,914,0,0,0,0,0,0,0,0,0,0,0,0,0,0,0,26.9157487,70.9083443
RAJASTHAN,Total,Jaisalmer,Bicycle,3922,3857,65,0,0,0,482,465,17,2201,2170,31,949,941,8,177,175,2,113,106,7,0,0,0,0,0,0,0,0,0,26.9157487,70.9083443
RAJASTHAN,Total,Jaisalmer,Moped/Scooter/Motor Cycle,8454,8118,336,0,0,0,1435,1362,73,3806,3634,172,1460,1425,35,1004,978,26,338,326,12,197,192,5,105,102,3,109,99,10,26.9157487,70.9083443
RAJASTHAN,Total,Jaisalmer,Car/Jeep/Van,2130,1955,175,0,0,0,245,226,19,441,388,53,313,277,36,334,303,31,156,142,14,298,289,9,293,283,10,50,47,3,26.9157487,70.9083443
RAJASTHAN,Total,Jaisalmer,Tempo/Autorickshaw/Taxi,2804,2435,369,0,0,0,201,169,32,821,665,156,630,589,41,636,527,109,230,208,22,189,183,6,67,65,2,30,29,1,26.9157487,70.9083443
RAJASTHAN,Total,Jaisalmer,Bus,9548,9076,472,0,0,0,207,185,22,511,472,39,1043,965,78,1340,1233,107,977,938,39,1799,1710,89,3423,3334,89,248,239,9,26.9157487,70.9083443
RAJASTHAN,Total,Jaisalmer,Train,587,569,18,0,0,0,38,33,5,28,25,3,33,32,1,39,36,3,17,17,0,27,26,1,332,328,4,73,72,1,26.9157487,70.9083443
RAJASTHAN,Total,Jaisalmer,Water transport,29,25,4,0,0,0,10,8,2,4,4,0,5,5,0,2,1,1,1,1,0,1,1,0,4,4,0,2,1,1,26.9157487,70.9083443
RAJASTHAN,Total,Jaisalmer,Any other,1561,1397,164,0,0,0,110,85,25,396,306,90,321,299,22,264,245,19,76,75,1,144,144,0,221,219,2,29,24,5,26.9157487,70.9083443
RAJASTHAN,Total,Jaisalmer,No travel,37565,27311,10254,37565,27311,10254,0,0,0,0,0,0,0,0,0,0,0,0,0,0,0,0,0,0,0,0,0,0,0,0,26.9157487,70.9083443
RAJASTHAN,Rural,Jaisalmer,All Modes,78342,56044,22298,29757,20497,9260,11503,6094,5409,16393,10220,6173,9066,8072,994,3279,3045,234,1687,1616,71,2326,2263,63,3929,3855,74,402,382,20,26.9157487,70.9083443
RAJASTHAN,Rural,Jaisalmer,On foot,29819,17694,12125,0,0,0,10610,5302,5308,13583,7618,5965,5626,4774,852,0,0,0,0,0,0,0,0,0,0,0,0,0,0,0,26.9157487,70.9083443
RAJASTHAN,Rural,Jaisalmer,Bicycle,1473,1430,43,0,0,0,93,80,13,574,557,17,597,591,6,141,140,1,68,62,6,0,0,0,0,0,0,0,0,0,26.9157487,70.9083443
RAJASTHAN,Rural,Jaisalmer,Moped/Scooter/Motor Cycle,3283,3193,90,0,0,0,258,237,21,823,799,24,918,903,15,751,736,15,271,263,8,154,152,2,73,71,2,35,32,3,26.9157487,70.9083443
RAJASTHAN,Rural,Jaisalmer,Car/Jeep/Van,1509,1401,108,0,0,0,146,134,12,225,204,21,223,201,22,289,266,23,138,125,13,227,221,6,231,223,8,30,27,3,26.9157487,70.9083443
RAJASTHAN,Rural,Jaisalmer,Tempo/Autorickshaw/Taxi,1989,1768,221,0,0,0,69,63,6,411,351,60,450,420,30,594,493,101,221,203,18,167,163,4,60,59,1,17,16,1,26.9157487,70.9083443
RAJASTHAN,Rural,Jaisalmer,Bus,8571,8266,305,0,0,0,185,167,18,455,426,29,922,875,47,1213,1142,71,897,872,25,1616,1566,50,3058,2999,59,225,219,6,26.9157487,70.9083443
RAJASTHAN,Rural,Jaisalmer,Train,514,499,15,0,0,0,30,25,5,15,13,2,28,27,1,37,34,3,17,17,0,23,22,1,297,295,2,67,66,1,26.9157487,70.9083443
RAJASTHAN,Rural,Jaisalmer,Water transport,25,21,4,0,0,0,10,8,2,1,1,0,4,4,0,2,1,1,1,1,0,1,1,0,4,4,0,2,1,1,26.9157487,70.9083443
RAJASTHAN,Rural,Jaisalmer,Any other,1402,1275,127,0,0,0,102,78,24,306,251,55,298,277,21,252,233,19,74,73,1,138,138,0,206,204,2,26,21,5,26.9157487,70.9083443
RAJASTHAN,Rural,Jaisalmer,No travel,29757,20497,9260,29757,20497,9260,0,0,0,0,0,0,0,0,0,0,0,0,0,0,0,0,0,0,0,0,0,0,0,0,26.9157487,70.9083443
RAJASTHAN,Urban,Jaisalmer,All Modes,27388,24681,2707,7808,6814,994,6067,5498,569,9859,9037,822,1932,1791,141,517,453,64,221,197,24,329,282,47,516,480,36,139,129,10,26.9157487,70.9083443
RAJASTHAN,Urban,Jaisalmer,On foot,9311,8288,1023,0,0,0,4232,3757,475,4461,3975,486,618,556,62,0,0,0,0,0,0,0,0,0,0,0,0,0,0,0,26.9157487,70.9083443
RAJASTHAN,Urban,Jaisalmer,Bicycle,2449,2427,22,0,0,0,389,385,4,1627,1613,14,352,350,2,36,35,1,45,44,1,0,0,0,0,0,0,0,0,0,26.9157487,70.9083443
RAJASTHAN,Urban,Jaisalmer,Moped/Scooter/Motor Cycle,5171,4925,246,0,0,0,1177,1125,52,2983,2835,148,542,522,20,253,242,11,67,63,4,43,40,3,32,31,1,74,67,7,26.9157487,70.9083443
RAJASTHAN,Urban,Jaisalmer,Car/Jeep/Van,621,554,67,0,0,0,99,92,7,216,184,32,90,76,14,45,37,8,18,17,1,71,68,3,62,60,2,20,20,0,26.9157487,70.9083443
RAJASTHAN,Urban,Jaisalmer,Tempo/Autorickshaw/Taxi,815,667,148,0,0,0,132,106,26,410,314,96,180,169,11,42,34,8,9,5,4,22,20,2,7,6,1,13,13,0,26.9157487,70.9083443
RAJASTHAN,Urban,Jaisalmer,Bus,977,810,167,0,0,0,22,18,4,56,46,10,121,90,31,127,91,36,80,66,14,183,144,39,365,335,30,23,20,3,26.9157487,70.9083443
RAJASTHAN,Urban,Jaisalmer,Train,73,70,3,0,0,0,8,8,0,13,12,1,5,5,0,2,2,0,0,0,0,4,4,0,35,33,2,6,6,0,26.9157487,70.9083443
RAJASTHAN,Urban,Jaisalmer,Water transport,4,4,0,0,0,0,0,0,0,3,3,0,1,1,0,0,0,0,0,0,0,0,0,0,0,0,0,0,0,0,26.9157487,70.9083443
RAJASTHAN,Urban,Jaisalmer,Any other,159,122,37,0,0,0,8,7,1,90,55,35,23,22,1,12,12,0,2,2,0,6,6,0,15,15,0,3,3,0,26.9157487,70.9083443
RAJASTHAN,Urban,Jaisalmer,No travel,7808,6814,994,7808,6814,994,0,0,0,0,0,0,0,0,0,0,0,0,0,0,0,0,0,0,0,0,0,0,0,0,26.9157487,70.9083443
GUJARAT,Total,Amreli,All Modes,208995,178616,30379,67364,51900,15464,46431,39918,6513,46385,41748,4637,21648,19737,1911,14283,13408,875,5193,4786,407,2664,2418,246,2208,2035,173,2819,2666,153,21.6031774,71.2220832
GUJARAT,Total,Amreli,On foot,50345,40879,9466,0,0,0,30266,24523,5743,14508,11685,2823,5571,4671,900,0,0,0,0,0,0,0,0,0,0,0,0,0,0,0,21.6031774,71.2220832
GUJARAT,Total,Amreli,Bicycle,18970,18420,550,0,0,0,5816,5663,153,11057,10751,306,893,863,30,269,257,12,935,886,49,0,0,0,0,0,0,0,0,0,21.6031774,71.2220832
GUJARAT,Total,Amreli,Moped/Scooter/Motor Cycle,40688,38452,2236,0,0,0,8689,8253,436,16362,15413,949,6790,6409,381,5018,4734,284,1376,1298,78,688,658,30,341,325,16,1424,1362,62,21.6031774,71.2220832
GUJARAT,Total,Amreli,Car/Jeep/Van,2201,1991,210,0,0,0,324,297,27,546,505,41,274,253,21,409,365,44,221,187,34,154,138,16,150,141,9,123,105,18,21.6031774,71.2220832
GUJARAT,Total,Amreli,Tempo/Autorickshaw/Taxi,13925,13060,865,0,0,0,675,616,59,2625,2315,310,4968,4680,288,3767,3626,141,913,887,26,302,295,7,222,214,8,453,427,26,21.6031774,71.2220832
GUJARAT,Total,Amreli,Bus,10474,9106,1368,0,0,0,275,232,43,726,569,157,2528,2261,267,3279,2918,361,1278,1073,205,996,818,178,1079,944,135,313,291,22,21.6031774,71.2220832
GUJARAT,Total,Amreli,Train,612,561,51,0,0,0,82,64,18,72,63,9,59,57,2,192,187,5,63,61,2,50,44,6,57,56,1,37,29,8,21.6031774,71.2220832
GUJARAT,Total,Amreli,Water transport,2947,2875,72,0,0,0,110,94,16,174,166,8,265,254,11,1051,1040,11,313,304,9,391,386,5,265,263,2,378,368,10,21.6031774,71.2220832
GUJARAT,Total,Amreli,Any other,1469,1372,97,0,0,0,194,176,18,315,281,34,300,289,11,298,281,17,94,90,4,83,79,4,94,92,2,91,84,7,21.6031774,71.2220832
GUJARAT,Total,Amreli,No travel,67364,51900,15464,67364,51900,15464,0,0,0,0,0,0,0,0,0,0,0,0,0,0,0,0,0,0,0,0,0,0,0,0,21.6031774,71.2220832
GUJARAT,Rural,Amreli,All Modes,103665,87651,16014,39972,30003,9969,15233,12792,2441,15611,13858,1753,15612,14515,1097,10691,10263,428,2783,2677,106,1395,1310,85,880,822,58,1488,1411,77,21.6031774,71.2220832
GUJARAT,Rural,Amreli,On foot,19862,16027,3835,0,0,0,11928,9673,2255,5106,4004,1102,2828,2350,478,0,0,0,0,0,0,0,0,0,0,0,0,0,0,0,21.6031774,71.2220832
GUJARAT,Rural,Amreli,Bicycle,4634,4488,146,0,0,0,954,923,31,2855,2768,87,437,426,11,170,167,3,218,204,14,0,0,0,0,0,0,0,0,0,21.6031774,71.2220832
GUJARAT,Rural,Amreli,Moped/Scooter/Motor Cycle,17540,16779,761,0,0,0,1583,1503,80,4985,4716,269,5346,5135,211,3767,3633,134,786,761,25,373,357,16,116,113,3,584,561,23,21.6031774,71.2220832
GUJARAT,Rural,Amreli,Car/Jeep/Van,1017,930,87,0,0,0,103,92,11,214,193,21,169,158,11,256,236,20,81,76,5,71,66,5,54,53,1,69,56,13,21.6031774,71.2220832
GUJARAT,Rural,Amreli,Tempo/Autorickshaw/Taxi,11677,11068,609,0,0,0,365,345,20,1825,1633,192,4545,4304,241,3532,3415,117,765,751,14,176,173,3,118,113,5,351,334,17,21.6031774,71.2220832
GUJARAT,Rural,Amreli,Bus,6601,6108,493,0,0,0,157,139,18,422,359,63,1946,1813,133,2429,2294,135,625,585,40,382,332,50,462,414,48,178,172,6,21.6031774,71.2220832
GUJARAT,Rural,Amreli,Train,426,399,27,0,0,0,45,33,12,33,31,2,45,44,1,178,175,3,46,46,0,26,23,3,27,27,0,26,20,6,21.6031774,71.2220832
GUJARAT,Rural,Amreli,Water transport,1033,992,41,0,0,0,29,20,9,43,39,4,68,60,8,112,110,2,195,189,6,303,299,4,57,57,0,226,218,8,21.6031774,71.2220832
GUJARAT,Rural,Amreli,Any other,903,857,46,0,0,0,69,64,5,128,115,13,228,225,3,247,233,14,67,65,2,64,60,4,46,45,1,54,50,4,21.6031774,71.2220832
GUJARAT,Rural,Amreli,No travel,39972,30003,9969,39972,30003,9969,0,0,0,0,0,0,0,0,0,0,0,0,0,0,0,0,0,0,0,0,0,0,0,0,21.6031774,71.2220832
GUJARAT,Urban,Amreli,All Modes,105330,90965,14365,27392,21897,5495,31198,27126,4072,30774,27890,2884,6036,5222,814,3592,3145,447,2410,2109,301,1269,1108,161,1328,1213,115,1331,1255,76,21.6031774,71.2220832
GUJARAT,Urban,Amreli,On foot,30483,24852,5631,0,0,0,18338,14850,3488,9402,7681,1721,2743,2321,422,0,0,0,0,0,0,0,0,0,0,0,0,0,0,0,21.6031774,71.2220832
GUJARAT,Urban,Amreli,Bicycle,14336,13932,404,0,0,0,4862,4740,122,8202,7983,219,456,437,19,99,90,9,717,682,35,0,0,0,0,0,0,0,0,0,21.6031774,71.2220832
GUJARAT,Urban,Amreli,Moped/Scooter/Motor Cycle,23148,21673,1475,0,0,0,7106,6750,356,11377,10697,680,1444,1274,170,1251,1101,150,590,537,53,315,301,14,225,212,13,840,801,39,21.6031774,71.2220832
GUJARAT,Urban,Amreli,Car/Jeep/Van,1184,1061,123,0,0,0,221,205,16,332,312,20,105,95,10,153,129,24,140,111,29,83,72,11,96,88,8,54,49,5,21.6031774,71.2220832
GUJARAT,Urban,Amreli,Tempo/Autorickshaw/Taxi,2248,1992,256,0,0,0,310,271,39,800,682,118,423,376,47,235,211,24,148,136,12,126,122,4,104,101,3,102,93,9,21.6031774,71.2220832
GUJARAT,Urban,Amreli,Bus,3873,2998,875,0,0,0,118,93,25,304,210,94,582,448,134,850,624,226,653,488,165,614,486,128,617,530,87,135,119,16,21.6031774,71.2220832
GUJARAT,Urban,Amreli,Train,186,162,24,0,0,0,37,31,6,39,32,7,14,13,1,14,12,2,17,15,2,24,21,3,30,29,1,11,9,2,21.6031774,71.2220832
GUJARAT,Urban,Amreli,Water transport,1914,1883,31,0,0,0,81,74,7,131,127,4,197,194,3,939,930,9,118,115,3,88,87,1,208,206,2,152,150,2,21.6031774,71.2220832
GUJARAT,Urban,Amreli,Any other,566,515,51,0,0,0,125,112,13,187,166,21,72,64,8,51,48,3,27,25,2,19,19,0,48,47,1,37,34,3,21.6031774,71.2220832
GUJARAT,Urban,Amreli,No travel,27392,21897,5495,27392,21897,5495,0,0,0,0,0,0,0,0,0,0,0,0,0,0,0,0,0,0,0,0,0,0,0,0,21.6031774,71.2220832
RAJASTHAN,Total,Barmer,All Modes,284961,216530,68431,108784,67910,40874,35975,24793,11182,53566,42463,11103,25466,22188,3278,13686,13071,615,8918,8560,358,10894,10567,327,18859,18467,392,8813,8511,302,25.7531537,71.4180622
RAJASTHAN,Total,Barmer,On foot,67179,44093,23086,0,0,0,27670,16949,10721,28472,18512,9960,11037,8632,2405,0,0,0,0,0,0,0,0,0,0,0,0,0,0,0,25.7531537,71.4180622
RAJASTHAN,Total,Barmer,Bicycle,12827,12486,341,0,0,0,1522,1447,75,6827,6660,167,2325,2286,39,609,603,6,1544,1490,54,0,0,0,0,0,0,0,0,0,25.7531537,71.4180622
RAJASTHAN,Total,Barmer,Moped/Scooter/Motor Cycle,29607,28548,1059,0,0,0,4580,4396,184,13186,12701,485,4381,4211,170,2941,2856,85,978,943,35,875,853,22,404,393,11,2262,2195,67,25.7531537,71.4180622
RAJASTHAN,Total,Barmer,Car/Jeep/Van,3925,3746,179,0,0,0,437,401,36,1022,968,54,543,520,23,480,467,13,281,266,15,384,372,12,389,378,11,389,374,15,25.7531537,71.4180622
RAJASTHAN,Total,Barmer,Tempo/Autorickshaw/Taxi,6857,6201,656,0,0,0,335,304,31,1431,1282,149,2077,1798,279,1870,1739,131,277,266,11,176,171,5,184,183,1,507,458,49,25.7531537,71.4180622
RAJASTHAN,Total,Barmer,Bus,48907,46898,2009,0,0,0,1020,927,93,2070,1834,236,4665,4328,337,7383,7013,370,5516,5279,237,8864,8583,281,14872,14550,322,4517,4384,133,25.7531537,71.4180622
RAJASTHAN,Total,Barmer,Train,4370,4266,104,0,0,0,135,121,14,136,122,14,110,109,1,129,124,5,166,161,5,368,363,5,2525,2484,41,801,782,19,25.7531537,71.4180622
RAJASTHAN,Total,Barmer,Water transport,128,108,20,0,0,0,36,26,10,12,10,2,15,15,0,10,9,1,9,8,1,7,6,1,21,21,0,18,13,5,25.7531537,71.4180622
RAJASTHAN,Total,Barmer,Any other,2377,2274,103,0,0,0,240,222,18,410,374,36,313,289,24,264,260,4,147,147,0,220,219,1,464,458,6,319,305,14,25.7531537,71.4180622
RAJASTHAN,Total,Barmer,No travel,108784,67910,40874,108784,67910,40874,0,0,0,0,0,0,0,0,0,0,0,0,0,0,0,0,0,0,0,0,0,0,0,0,25.7531537,71.4180622
RAJASTHAN,Rural,Barmer,All Modes,234152,170669,63483,95098,56524,38574,26229,16012,10217,34972,24825,10147,22003,19034,2969,12728,12230,498,7838,7589,249,10233,9986,247,17901,17564,337,7150,6905,245,25.7531537,71.4180622
RAJASTHAN,Rural,Barmer,On foot,56553,34817,21736,0,0,0,22503,12558,9945,24132,14625,9507,9918,7634,2284,0,0,0,0,0,0,0,0,0,0,0,0,0,0,0,25.7531537,71.4180622
RAJASTHAN,Rural,Barmer,Bicycle,6837,6618,219,0,0,0,559,512,47,2917,2823,94,1809,1782,27,497,491,6,1055,1010,45,0,0,0,0,0,0,0,0,0,25.7531537,71.4180622
RAJASTHAN,Rural,Barmer,Moped/Scooter/Motor Cycle,13825,13399,426,0,0,0,1316,1255,61,3932,3780,152,3057,2971,86,2520,2468,52,807,792,15,750,732,18,352,345,7,1091,1056,35,25.7531537,71.4180622
RAJASTHAN,Rural,Barmer,Car/Jeep/Van,2792,2681,111,0,0,0,270,250,20,538,511,27,441,422,19,426,415,11,220,214,6,308,301,7,328,321,7,261,247,14,25.7531537,71.4180622
RAJASTHAN,Rural,Barmer,Tempo/Autorickshaw/Taxi,6054,5496,558,0,0,0,247,224,23,1090,985,105,1921,1667,254,1789,1671,118,251,241,10,145,143,2,172,171,1,439,394,45,25.7531537,71.4180622
RAJASTHAN,Rural,Barmer,Bus,46843,45172,1671,0,0,0,977,891,86,1957,1746,211,4486,4204,282,7126,6822,304,5203,5034,169,8479,8265,214,14277,13992,285,4338,4218,120,25.7531537,71.4180622
RAJASTHAN,Rural,Barmer,Train,3994,3907,87,0,0,0,122,109,13,110,96,14,102,101,1,116,113,3,155,152,3,345,340,5,2320,2287,33,724,709,15,25.7531537,71.4180622
RAJASTHAN,Rural,Barmer,Water transport,103,87,16,0,0,0,31,23,8,5,3,2,11,11,0,8,8,0,8,7,1,3,3,0,20,20,0,17,12,5,25.7531537,71.4180622
RAJASTHAN,Rural,Barmer,Any other,2053,1968,85,0,0,0,204,190,14,291,256,35,258,242,16,246,242,4,139,139,0,203,202,1,432,428,4,280,269,11,25.7531537,71.4180622
RAJASTHAN,Rural,Barmer,No travel,95098,56524,38574,95098,56524,38574,0,0,0,0,0,0,0,0,0,0,0,0,0,0,0,0,0,0,0,0,0,0,0,0,25.7531537,71.4180622
RAJASTHAN,Urban,Barmer,All Modes,50809,45861,4948,13686,11386,2300,9746,8781,965,18594,17638,956,3463,3154,309,958,841,117,1080,971,109,661,581,80,958,903,55,1663,1606,57,25.7531537,71.4180622
RAJASTHAN,Urban,Barmer,On foot,10626,9276,1350,0,0,0,5167,4391,776,4340,3887,453,1119,998,121,0,0,0,0,0,0,0,0,0,0,0,0,0,0,0,25.7531537,71.4180622
RAJASTHAN,Urban,Barmer,Bicycle,5990,5868,122,0,0,0,963,935,28,3910,3837,73,516,504,12,112,112,0,489,480,9,0,0,0,0,0,0,0,0,0,25.7531537,71.4180622
RAJASTHAN,Urban,Barmer,Moped/Scooter/Motor Cycle,15782,15149,633,0,0,0,3264,3141,123,9254,8921,333,1324,1240,84,421,388,33,171,151,20,125,121,4,52,48,4,1171,1139,32,25.7531537,71.4180622
RAJASTHAN,Urban,Barmer,Car/Jeep/Van,1133,1065,68,0,0,0,167,151,16,484,457,27,102,98,4,54,52,2,61,52,9,76,71,5,61,57,4,128,127,1,25.7531537,71.4180622
RAJASTHAN,Urban,Barmer,Tempo/Autorickshaw/Taxi,803,705,98,0,0,0,88,80,8,341,297,44,156,131,25,81,68,13,26,25,1,31,28,3,12,12,0,68,64,4,25.7531537,71.4180622
RAJASTHAN,Urban,Barmer,Bus,2064,1726,338,0,0,0,43,36,7,113,88,25,179,124,55,257,191,66,313,245,68,385,318,67,595,558,37,179,166,13,25.7531537,71.4180622
RAJASTHAN,Urban,Barmer,Train,376,359,17,0,0,0,13,12,1,26,26,0,8,8,0,13,11,2,11,9,2,23,23,0,205,197,8,77,73,4,25.7531537,71.4180622
RAJASTHAN,Urban,Barmer,Water transport,25,21,4,0,0,0,5,3,2,7,7,0,4,4,0,2,1,1,1,1,0,4,3,1,1,1,0,1,1,0,25.7531537,71.4180622
RAJASTHAN,Urban,Barmer,Any other,324,306,18,0,0,0,36,32,4,119,118,1,55,47,8,18,18,0,8,8,0,17,17,0,32,30,2,39,36,3,25.7531537,71.4180622
RAJASTHAN,Urban,Barmer,No travel,13686,11386,2300,13686,11386,2300,0,0,0,0,0,0,0,0,0,0,0,0,0,0,0,0,0,0,0,0,0,0,0,0,25.7531537,71.4180622
GUJARAT,Total,Surendranagar,All Modes,257886,211607,46279,80797,59375,21422,51539,42291,9248,74416,65057,9359,25006,21921,3085,10411,8938,1473,6247,5588,659,3976,3460,516,3883,3479,404,1611,1498,113,22.7251204,71.6369542
GUJARAT,Total,Surendranagar,On foot,67314,51495,15819,0,0,0,35826,27377,8449,24865,18818,6047,6623,5300,1323,0,0,0,0,0,0,0,0,0,0,0,0,0,0,0,22.7251204,71.6369542
GUJARAT,Total,Surendranagar,Bicycle,37197,35885,1312,0,0,0,6580,6364,216,23480,22692,788,5084,4884,200,907,844,63,1146,1101,45,0,0,0,0,0,0,0,0,0,22.7251204,71.6369542
GUJARAT,Total,Surendranagar,Moped/Scooter/Motor Cycle,40954,38505,2449,0,0,0,7472,7139,333,20045,18867,1178,6399,5928,471,3615,3313,302,1451,1378,73,795,759,36,348,326,22,829,795,34,22.7251204,71.6369542
GUJARAT,Total,Surendranagar,Car/Jeep/Van,3603,3023,580,0,0,0,373,322,51,1077,858,219,483,382,101,427,366,61,435,381,54,423,365,58,273,251,22,112,98,14,22.7251204,71.6369542
GUJARAT,Total,Surendranagar,Tempo/Autorickshaw/Taxi,12789,10807,1982,0,0,0,656,582,74,3456,2588,868,4275,3678,597,2329,2044,285,775,723,52,586,524,62,401,371,30,311,297,14,22.7251204,71.6369542
GUJARAT,Total,Surendranagar,Bus,7439,6248,1191,0,0,0,148,106,42,463,320,143,948,771,177,1183,994,189,1490,1282,208,1425,1232,193,1613,1403,210,169,140,29,22.7251204,71.6369542
GUJARAT,Total,Surendranagar,Train,1692,1525,167,0,0,0,130,92,38,201,186,15,86,73,13,88,82,6,178,159,19,239,216,23,702,656,46,68,61,7,22.7251204,71.6369542
GUJARAT,Total,Surendranagar,Water transport,103,78,25,0,0,0,24,19,5,36,23,13,11,10,1,4,3,1,3,2,1,5,4,1,5,4,1,15,13,2,22.7251204,71.6369542
GUJARAT,Total,Surendranagar,Any other,5998,4666,1332,0,0,0,330,290,40,793,705,88,1097,895,202,1858,1292,566,769,562,207,503,360,143,541,468,73,107,94,13,22.7251204,71.6369542
GUJARAT,Total,Surendranagar,No travel,80797,59375,21422,80797,59375,21422,0,0,0,0,0,0,0,0,0,0,0,0,0,0,0,0,0,0,0,0,0,0,0,0,22.7251204,71.6369542
GUJARAT,Rural,Surendranagar,All Modes,107151,81454,25697,48482,33803,14679,15227,11490,3737,17659,14144,3515,11040,9360,1680,7213,6142,1071,3284,2894,390,2268,1922,346,1678,1439,239,300,260,40,22.7251204,71.6369542
GUJARAT,Rural,Surendranagar,On foot,27226,20270,6956,0,0,0,13288,9788,3500,10931,8200,2731,3007,2282,725,0,0,0,0,0,0,0,0,0,0,0,0,0,0,0,22.7251204,71.6369542
GUJARAT,Rural,Surendranagar,Bicycle,6850,6382,468,0,0,0,715,634,81,3107,2920,187,2060,1939,121,679,623,56,289,266,23,0,0,0,0,0,0,0,0,0,22.7251204,71.6369542
GUJARAT,Rural,Surendranagar,Moped/Scooter/Motor Cycle,8209,7581,628,0,0,0,644,595,49,1773,1621,152,2250,2037,213,2142,1988,154,771,738,33,423,414,9,105,96,9,101,92,9,22.7251204,71.6369542
GUJARAT,Rural,Surendranagar,Car/Jeep/Van,1675,1251,424,0,0,0,107,81,26,416,258,158,251,171,80,247,202,45,272,229,43,253,206,47,105,86,19,24,18,6,22.7251204,71.6369542
GUJARAT,Rural,Surendranagar,Tempo/Autorickshaw/Taxi,6431,5571,860,0,0,0,180,168,12,846,657,189,2151,1852,299,1875,1634,241,586,551,35,456,400,56,268,245,23,69,64,5,22.7251204,71.6369542
GUJARAT,Rural,Surendranagar,Bus,3625,3125,500,0,0,0,75,49,26,184,150,34,595,516,79,731,660,71,669,598,71,630,537,93,691,575,116,50,40,10,22.7251204,71.6369542
GUJARAT,Rural,Surendranagar,Train,406,362,44,0,0,0,49,30,19,51,47,4,35,30,5,35,34,1,32,30,2,70,63,7,117,112,5,17,16,1,22.7251204,71.6369542
GUJARAT,Rural,Surendranagar,Water transport,52,35,17,0,0,0,9,7,2,31,18,13,4,4,0,2,2,0,2,1,1,2,2,0,0,0,0,2,1,1,22.7251204,71.6369542
GUJARAT,Rural,Surendranagar,Any other,4195,3074,1121,0,0,0,160,138,22,320,273,47,687,529,158,1502,999,503,663,481,182,434,300,134,392,325,67,37,29,8,22.7251204,71.6369542
GUJARAT,Rural,Surendranagar,No travel,48482,33803,14679,48482,33803,14679,0,0,0,0,0,0,0,0,0,0,0,0,0,0,0,0,0,0,0,0,0,0,0,0,22.7251204,71.6369542
GUJARAT,Urban,Surendranagar,All Modes,150735,130153,20582,32315,25572,6743,36312,30801,5511,56757,50913,5844,13966,12561,1405,3198,2796,402,2963,2694,269,1708,1538,170,2205,2040,165,1311,1238,73,22.7251204,71.6369542
GUJARAT,Urban,Surendranagar,On foot,40088,31225,8863,0,0,0,22538,17589,4949,13934,10618,3316,3616,3018,598,0,0,0,0,0,0,0,0,0,0,0,0,0,0,0,22.7251204,71.6369542
GUJARAT,Urban,Surendranagar,Bicycle,30347,29503,844,0,0,0,5865,5730,135,20373,19772,601,3024,2945,79,228,221,7,857,835,22,0,0,0,0,0,0,0,0,0,22.7251204,71.6369542
GUJARAT,Urban,Surendranagar,Moped/Scooter/Motor Cycle,32745,30924,1821,0,0,0,6828,6544,284,18272,17246,1026,4149,3891,258,1473,1325,148,680,640,40,372,345,27,243,230,13,728,703,25,22.7251204,71.6369542
GUJARAT,Urban,Surendranagar,Car/Jeep/Van,1928,1772,156,0,0,0,266,241,25,661,600,61,232,211,21,180,164,16,163,152,11,170,159,11,168,165,3,88,80,8,22.7251204,71.6369542
GUJARAT,Urban,Surendranagar,Tempo/Autorickshaw/Taxi,6358,5236,1122,0,0,0,476,414,62,2610,1931,679,2124,1826,298,454,410,44,189,172,17,130,124,6,133,126,7,242,233,9,22.7251204,71.6369542
GUJARAT,Urban,Surendranagar,Bus,3814,3123,691,0,0,0,73,57,16,279,170,109,353,255,98,452,334,118,821,684,137,795,695,100,922,828,94,119,100,19,22.7251204,71.6369542
GUJARAT,Urban,Surendranagar,Train,1286,1163,123,0,0,0,81,62,19,150,139,11,51,43,8,53,48,5,146,129,17,169,153,16,585,544,41,51,45,6,22.7251204,71.6369542
GUJARAT,Urban,Surendranagar,Water transport,51,43,8,0,0,0,15,12,3,5,5,0,7,6,1,2,1,1,1,1,0,3,2,1,5,4,1,13,12,1,22.7251204,71.6369542
GUJARAT,Urban,Surendranagar,Any other,1803,1592,211,0,0,0,170,152,18,473,432,41,410,366,44,356,293,63,106,81,25,69,60,9,149,143,6,70,65,5,22.7251204,71.6369542
GUJARAT,Urban,Surendranagar,No travel,32315,25572,6743,32315,25572,6743,0,0,0,0,0,0,0,0,0,0,0,0,0,0,0,0,0,0,0,0,0,0,0,0,22.7251204,71.6369542
GUJARAT,Total,Banas Kantha,All Modes,410662,248660,162002,191130,77826,113304,78845,47493,31352,67604,57079,10525,31701,27119,4582,19763,18786,977,9452,8967,485,5556,5246,310,5053,4697,356,1558,1447,111,24.3454739,71.7622481
GUJARAT,Total,Banas Kantha,On foot,108652,66887,41765,0,0,0,66971,36523,30448,31442,23365,8077,10239,6999,3240,0,0,0,0,0,0,0,0,0,0,0,0,0,0,0,24.3454739,71.7622481
GUJARAT,Total,Banas Kantha,Bicycle,8318,7995,323,0,0,0,1457,1350,107,5376,5227,149,994,962,32,177,171,6,314,285,29,0,0,0,0,0,0,0,0,0,24.3454739,71.7622481
GUJARAT,Total,Banas Kantha,Moped/Scooter/Motor Cycle,36503,34792,1711,0,0,0,7575,7225,350,16506,15679,827,5252,4972,280,4065,3904,161,1340,1314,26,673,659,14,516,484,32,576,555,21,24.3454739,71.7622481
GUJARAT,Total,Banas Kantha,Car/Jeep/Van,21568,20421,1147,0,0,0,1093,992,101,4092,3775,317,4847,4591,256,5948,5723,225,3013,2891,122,1556,1492,64,695,651,44,324,306,18,24.3454739,71.7622481
GUJARAT,Total,Banas Kantha,Tempo/Autorickshaw/Taxi,14430,13381,1049,0,0,0,745,669,76,6004,5363,641,4259,4048,211,1915,1859,56,584,567,17,377,363,14,292,272,20,254,240,14,24.3454739,71.7622481
GUJARAT,Total,Banas Kantha,Bus,26573,24269,2304,0,0,0,486,354,132,3263,2875,388,5527,5000,527,7223,6716,507,3958,3684,274,2781,2573,208,3080,2846,234,255,221,34,24.3454739,71.7622481
GUJARAT,Total,Banas Kantha,Train,1120,954,166,0,0,0,170,96,74,146,112,34,89,81,8,110,105,5,105,101,4,82,77,5,347,326,21,71,56,15,24.3454739,71.7622481
GUJARAT,Total,Banas Kantha,Water transport,69,55,14,0,0,0,24,14,10,13,12,1,10,10,0,4,4,0,3,3,0,4,3,1,6,6,0,5,3,2,24.3454739,71.7622481
GUJARAT,Total,Banas Kantha,Any other,2299,2080,219,0,0,0,324,270,54,762,671,91,484,456,28,321,304,17,135,122,13,83,79,4,117,112,5,73,66,7,24.3454739,71.7622481
GUJARAT,Total,Banas Kantha,No travel,191130,77826,113304,191130,77826,113304,0,0,0,0,0,0,0,0,0,0,0,0,0,0,0,0,0,0,0,0,0,0,0,0,24.3454739,71.7622481
GUJARAT,Rural,Banas Kantha,All Modes,295417,147718,147699,164095,56627,107468,47272,19232,28040,29608,21991,7617,22662,19174,3488,16610,16110,500,7043,6799,244,4251,4100,151,3274,3148,126,602,537,65,24.3454739,71.7622481
GUJARAT,Rural,Banas Kantha,On foot,64693,27923,36770,0,0,0,44165,16654,27511,14433,7924,6509,6095,3345,2750,0,0,0,0,0,0,0,0,0,0,0,0,0,0,0,24.3454739,71.7622481
GUJARAT,Rural,Banas Kantha,Bicycle,3660,3421,239,0,0,0,508,418,90,2200,2099,101,682,657,25,136,133,3,134,114,20,0,0,0,0,0,0,0,0,0,24.3454739,71.7622481
GUJARAT,Rural,Banas Kantha,Moped/Scooter/Motor Cycle,13974,13316,658,0,0,0,1270,1133,137,4278,4015,263,3483,3344,139,3107,3028,79,983,972,11,503,493,10,250,241,9,100,90,10,24.3454739,71.7622481
GUJARAT,Rural,Banas Kantha,Car/Jeep/Van,16839,16139,700,0,0,0,457,390,67,2653,2428,225,4165,3991,174,5251,5141,110,2454,2384,70,1238,1206,32,447,437,10,174,162,12,24.3454739,71.7622481
GUJARAT,Rural,Banas Kantha,Tempo/Autorickshaw/Taxi,8991,8628,363,0,0,0,214,201,13,2952,2743,209,3256,3167,89,1592,1562,30,448,436,12,273,269,4,181,178,3,75,72,3,24.3454739,71.7622481
GUJARAT,Rural,Banas Kantha,Bus,20871,19664,1207,0,0,0,353,240,113,2567,2348,219,4550,4265,285,6177,5914,263,2849,2734,115,2105,2006,99,2097,2005,92,173,152,21,24.3454739,71.7622481
GUJARAT,Rural,Banas Kantha,Train,692,570,122,0,0,0,107,46,61,57,31,26,61,56,5,83,80,3,76,73,3,59,55,4,216,208,8,33,21,12,24.3454739,71.7622481
GUJARAT,Rural,Banas Kantha,Water transport,49,36,13,0,0,0,19,9,10,7,6,1,7,7,0,3,3,0,3,3,0,1,1,0,4,4,0,5,3,2,24.3454739,71.7622481
GUJARAT,Rural,Banas Kantha,Any other,1553,1394,159,0,0,0,179,141,38,461,397,64,363,342,21,261,249,12,96,83,13,72,70,2,79,75,4,42,37,5,24.3454739,71.7622481
GUJARAT,Rural,Banas Kantha,No travel,164095,56627,107468,164095,56627,107468,0,0,0,0,0,0,0,0,0,0,0,0,0,0,0,0,0,0,0,0,0,0,0,0,24.3454739,71.7622481
GUJARAT,Urban,Banas Kantha,All Modes,115245,100942,14303,27035,21199,5836,31573,28261,3312,37996,35088,2908,9039,7945,1094,3153,2676,477,2409,2168,241,1305,1146,159,1779,1549,230,956,910,46,24.3454739,71.7622481
GUJARAT,Urban,Banas Kantha,On foot,43959,38964,4995,0,0,0,22806,19869,2937,17009,15441,1568,4144,3654,490,0,0,0,0,0,0,0,0,0,0,0,0,0,0,0,24.3454739,71.7622481
GUJARAT,Urban,Banas Kantha,Bicycle,4658,4574,84,0,0,0,949,932,17,3176,3128,48,312,305,7,41,38,3,180,171,9,0,0,0,0,0,0,0,0,0,24.3454739,71.7622481
GUJARAT,Urban,Banas Kantha,Moped/Scooter/Motor Cycle,22529,21476,1053,0,0,0,6305,6092,213,12228,11664,564,1769,1628,141,958,876,82,357,342,15,170,166,4,266,243,23,476,465,11,24.3454739,71.7622481
GUJARAT,Urban,Banas Kantha,Car/Jeep/Van,4729,4282,447,0,0,0,636,602,34,1439,1347,92,682,600,82,697,582,115,559,507,52,318,286,32,248,214,34,150,144,6,24.3454739,71.7622481
GUJARAT,Urban,Banas Kantha,Tempo/Autorickshaw/Taxi,5439,4753,686,0,0,0,531,468,63,3052,2620,432,1003,881,122,323,297,26,136,131,5,104,94,10,111,94,17,179,168,11,24.3454739,71.7622481
GUJARAT,Urban,Banas Kantha,Bus,5702,4605,1097,0,0,0,133,114,19,696,527,169,977,735,242,1046,802,244,1109,950,159,676,567,109,983,841,142,82,69,13,24.3454739,71.7622481
GUJARAT,Urban,Banas Kantha,Train,428,384,44,0,0,0,63,50,13,89,81,8,28,25,3,27,25,2,29,28,1,23,22,1,131,118,13,38,35,3,24.3454739,71.7622481
GUJARAT,Urban,Banas Kantha,Water transport,20,19,1,0,0,0,5,5,0,6,6,0,3,3,0,1,1,0,0,0,0,3,2,1,2,2,0,0,0,0,24.3454739,71.7622481
GUJARAT,Urban,Banas Kantha,Any other,746,686,60,0,0,0,145,129,16,301,274,27,121,114,7,60,55,5,39,39,0,11,9,2,38,37,1,31,29,2,24.3454739,71.7622481
GUJARAT,Urban,Banas Kantha,No travel,27035,21199,5836,27035,21199,5836,0,0,0,0,0,0,0,0,0,0,0,0,0,0,0,0,0,0,0,0,0,0,0,0,24.3454739,71.7622481
GUJARAT,Total,Patan,All Modes,184768,136604,48164,76896,46757,30139,33919,25087,8832,35763,30837,4926,14441,12114,2327,8188,7487,701,5757,5224,533,4541,4188,353,4076,3822,254,1187,1088,99,23.8493246,72.1266255
GUJARAT,Total,Patan,On foot,43423,30173,13250,0,0,0,24963,16663,8300,13122,9754,3368,5338,3756,1582,0,0,0,0,0,0,0,0,0,0,0,0,0,0,0,23.8493246,72.1266255
GUJARAT,Total,Patan,Bicycle,12912,12447,465,0,0,0,3138,3018,120,7842,7567,275,974,949,25,234,225,9,724,688,36,0,0,0,0,0,0,0,0,0,23.8493246,72.1266255
GUJARAT,Total,Patan,Moped/Scooter/Motor Cycle,20631,19448,1183,0,0,0,4248,4027,221,10127,9523,604,2276,2135,141,1714,1614,100,944,899,45,505,478,27,372,350,22,445,422,23,23.8493246,72.1266255
GUJARAT,Total,Patan,Car/Jeep/Van,4974,4641,333,0,0,0,461,427,34,845,778,67,856,806,50,1155,1078,77,619,567,52,529,504,25,360,346,14,149,135,14,23.8493246,72.1266255
GUJARAT,Total,Patan,Tempo/Autorickshaw/Taxi,4627,4250,377,0,0,0,430,401,29,1596,1370,226,1307,1219,88,504,493,11,233,227,6,209,206,3,165,160,5,183,174,9,23.8493246,72.1266255
GUJARAT,Total,Patan,Bus,18269,16227,2042,0,0,0,397,337,60,1605,1385,220,3141,2757,384,4217,3743,474,3035,2644,391,2942,2656,286,2632,2446,186,300,259,41,23.8493246,72.1266255
GUJARAT,Total,Patan,Train,1026,910,116,0,0,0,108,79,29,127,95,32,103,84,19,101,97,4,102,100,2,182,172,10,257,246,11,46,37,9,23.8493246,72.1266255
GUJARAT,Total,Patan,Water transport,48,44,4,0,0,0,6,5,1,9,9,0,11,9,2,5,5,0,3,3,0,3,3,0,7,7,0,4,3,1,23.8493246,72.1266255
GUJARAT,Total,Patan,Any other,1962,1707,255,0,0,0,168,130,38,490,356,134,435,399,36,258,232,26,97,96,1,171,169,2,283,267,16,60,58,2,23.8493246,72.1266255
GUJARAT,Total,Patan,No travel,76896,46757,30139,76896,46757,30139,0,0,0,0,0,0,0,0,0,0,0,0,0,0,0,0,0,0,0,0,0,0,0,0,23.8493246,72.1266255
GUJARAT,Rural,Patan,All Modes,105533,67708,37825,55504,29413,26091,14401,7731,6670,11105,8451,2654,9370,7772,1598,6065,5775,290,3472,3280,192,2879,2719,160,2229,2114,115,508,453,55,23.8493246,72.1266255
GUJARAT,Rural,Patan,On foot,21577,11668,9909,0,0,0,13152,6647,6505,5474,3319,2155,2951,1702,1249,0,0,0,0,0,0,0,0,0,0,0,0,0,0,0,23.8493246,72.1266255
GUJARAT,Rural,Patan,Bicycle,2836,2714,122,0,0,0,293,265,28,1616,1561,55,572,560,12,158,152,6,197,176,21,0,0,0,0,0,0,0,0,0,23.8493246,72.1266255
GUJARAT,Rural,Patan,Moped/Scooter/Motor Cycle,5313,5058,255,0,0,0,309,278,31,1446,1344,102,1269,1224,45,1124,1096,28,626,604,22,315,302,13,147,137,10,77,73,4,23.8493246,72.1266255
GUJARAT,Rural,Patan,Car/Jeep/Van,3170,3033,137,0,0,0,158,138,20,295,266,29,706,680,26,964,930,34,391,386,5,341,334,7,219,213,6,96,86,10,23.8493246,72.1266255
GUJARAT,Rural,Patan,Tempo/Autorickshaw/Taxi,2801,2635,166,0,0,0,115,111,4,783,702,81,1004,939,65,398,393,5,184,182,2,144,142,2,109,107,2,64,59,5,23.8493246,72.1266255
GUJARAT,Rural,Patan,Bus,12264,11388,876,0,0,0,238,203,35,1097,995,102,2445,2280,165,3121,2925,196,1921,1780,141,1850,1718,132,1393,1316,77,199,171,28,23.8493246,72.1266255
GUJARAT,Rural,Patan,Train,505,442,63,0,0,0,47,29,18,54,35,19,60,52,8,76,74,2,64,63,1,66,62,4,109,105,4,29,22,7,23.8493246,72.1266255
GUJARAT,Rural,Patan,Water transport,25,22,3,0,0,0,3,2,1,2,2,0,6,4,2,3,3,0,3,3,0,2,2,0,6,6,0,0,0,0,23.8493246,72.1266255
GUJARAT,Rural,Patan,Any other,1538,1335,203,0,0,0,86,58,28,338,227,111,357,331,26,221,202,19,86,86,0,161,159,2,246,230,16,43,42,1,23.8493246,72.1266255
GUJARAT,Rural,Patan,No travel,55504,29413,26091,55504,29413,26091,0,0,0,0,0,0,0,0,0,0,0,0,0,0,0,0,0,0,0,0,0,0,0,0,23.8493246,72.1266255
GUJARAT,Urban,Patan,All Modes,79235,68896,10339,21392,17344,4048,19518,17356,2162,24658,22386,2272,5071,4342,729,2123,1712,411,2285,1944,341,1662,1469,193,1847,1708,139,679,635,44,23.8493246,72.1266255
GUJARAT,Urban,Patan,On foot,21846,18505,3341,0,0,0,11811,10016,1795,7648,6435,1213,2387,2054,333,0,0,0,0,0,0,0,0,0,0,0,0,0,0,0,23.8493246,72.1266255
GUJARAT,Urban,Patan,Bicycle,10076,9733,343,0,0,0,2845,2753,92,6226,6006,220,402,389,13,76,73,3,527,512,15,0,0,0,0,0,0,0,0,0,23.8493246,72.1266255
GUJARAT,Urban,Patan,Moped/Scooter/Motor Cycle,15318,14390,928,0,0,0,3939,3749,190,8681,8179,502,1007,911,96,590,518,72,318,295,23,190,176,14,225,213,12,368,349,19,23.8493246,72.1266255
GUJARAT,Urban,Patan,Car/Jeep/Van,1804,1608,196,0,0,0,303,289,14,550,512,38,150,126,24,191,148,43,228,181,47,188,170,18,141,133,8,53,49,4,23.8493246,72.1266255
GUJARAT,Urban,Patan,Tempo/Autorickshaw/Taxi,1826,1615,211,0,0,0,315,290,25,813,668,145,303,280,23,106,100,6,49,45,4,65,64,1,56,53,3,119,115,4,23.8493246,72.1266255
GUJARAT,Urban,Patan,Bus,6005,4839,1166,0,0,0,159,134,25,508,390,118,696,477,219,1096,818,278,1114,864,250,1092,938,154,1239,1130,109,101,88,13,23.8493246,72.1266255
GUJARAT,Urban,Patan,Train,521,468,53,0,0,0,61,50,11,73,60,13,43,32,11,25,23,2,38,37,1,116,110,6,148,141,7,17,15,2,23.8493246,72.1266255
GUJARAT,Urban,Patan,Water transport,23,22,1,0,0,0,3,3,0,7,7,0,5,5,0,2,2,0,0,0,0,1,1,0,1,1,0,4,3,1,23.8493246,72.1266255
GUJARAT,Urban,Patan,Any other,424,372,52,0,0,0,82,72,10,152,129,23,78,68,10,37,30,7,11,10,1,10,10,0,37,37,0,17,16,1,23.8493246,72.1266255
GUJARAT,Urban,Patan,No travel,21392,17344,4048,21392,17344,4048,0,0,0,0,0,0,0,0,0,0,0,0,0,0,0,0,0,0,0,0,0,0,0,0,23.8493246,72.1266255
GUJARAT,Total,Bhavnagar,All Modes,566815,483649,83166,150378,110580,39798,125697,107487,18210,172096,155220,16876,64236,58956,5280,23461,22277,1184,13212,12517,695,7936,7503,433,5232,4872,360,4567,4237,330,21.7644725,72.1519304
GUJARAT,Total,Bhavnagar,On foot,139933,113506,26427,0,0,0,88522,72326,16196,37629,29590,8039,13782,11590,2192,0,0,0,0,0,0,0,0,0,0,0,0,0,0,0,21.7644725,72.1519304
GUJARAT,Total,Bhavnagar,Bicycle,79548,76967,2581,0,0,0,14499,14044,455,51647,49931,1716,8516,8318,198,1090,1059,31,3796,3615,181,0,0,0,0,0,0,0,0,0,21.7644725,72.1519304
GUJARAT,Total,Bhavnagar,Moped/Scooter/Motor Cycle,119187,112564,6623,0,0,0,17683,16686,997,62801,58998,3803,22643,21471,1172,8887,8541,346,2515,2414,101,1634,1579,55,694,668,26,2330,2207,123,21.7644725,72.1519304
GUJARAT,Total,Bhavnagar,Car/Jeep/Van,7306,6777,529,0,0,0,871,764,107,2112,1920,192,1207,1127,80,738,690,48,650,621,29,817,790,27,543,530,13,368,335,33,21.7644725,72.1519304
GUJARAT,Total,Bhavnagar,Tempo/Autorickshaw/Taxi,43787,39709,4078,0,0,0,2335,2119,216,12660,10549,2111,13309,12265,1044,9028,8609,419,3700,3543,157,1268,1216,52,575,562,13,912,846,66,21.7644725,72.1519304
GUJARAT,Total,Bhavnagar,Bus,19724,17078,2646,0,0,0,736,606,130,3454,2597,857,3722,3195,527,3216,2903,313,2193,1982,211,3263,2998,265,2578,2311,267,562,486,76,21.7644725,72.1519304
GUJARAT,Total,Bhavnagar,Train,2519,2338,181,0,0,0,290,246,44,254,225,29,260,245,15,225,214,11,228,218,10,684,654,30,464,430,34,114,106,8,21.7644725,72.1519304
GUJARAT,Total,Bhavnagar,Water transport,683,658,25,0,0,0,87,80,7,174,168,6,195,189,6,64,61,3,11,11,0,72,71,1,54,54,0,26,24,2,21.7644725,72.1519304
GUJARAT,Total,Bhavnagar,Any other,3750,3472,278,0,0,0,674,616,58,1365,1242,123,602,556,46,213,200,13,119,113,6,198,195,3,324,317,7,255,233,22,21.7644725,72.1519304
GUJARAT,Total,Bhavnagar,No travel,150378,110580,39798,150378,110580,39798,0,0,0,0,0,0,0,0,0,0,0,0,0,0,0,0,0,0,0,0,0,0,0,0,21.7644725,72.1519304
GUJARAT,Rural,Bhavnagar,All Modes,191855,158969,32886,78501,57443,21058,35707,28867,6840,25650,23257,2393,24498,22868,1630,15534,15052,482,5959,5765,194,3531,3427,104,1442,1348,94,1033,942,91,21.7644725,72.1519304
GUJARAT,Rural,Bhavnagar,On foot,41177,32644,8533,0,0,0,31064,24514,6550,5305,4175,1130,4808,3955,853,0,0,0,0,0,0,0,0,0,0,0,0,0,0,0,21.7644725,72.1519304
GUJARAT,Rural,Bhavnagar,Bicycle,8556,8279,277,0,0,0,1173,1126,47,5418,5249,169,1232,1207,25,290,285,5,443,412,31,0,0,0,0,0,0,0,0,0,21.7644725,72.1519304
GUJARAT,Rural,Bhavnagar,Moped/Scooter/Motor Cycle,25933,24943,990,0,0,0,1792,1716,76,8447,8024,423,7456,7187,269,5553,5415,138,1352,1319,33,705,688,17,237,225,12,391,369,22,21.7644725,72.1519304
GUJARAT,Rural,Bhavnagar,Car/Jeep/Van,2057,1927,130,0,0,0,237,195,42,278,254,24,422,403,19,320,304,16,365,356,9,242,235,7,102,98,4,91,82,9,21.7644725,72.1519304
GUJARAT,Rural,Bhavnagar,Tempo/Autorickshaw/Taxi,26678,25412,1266,0,0,0,970,914,56,5170,4668,502,9274,8906,368,7273,7041,232,2656,2586,70,748,735,13,236,233,3,351,329,22,21.7644725,72.1519304
GUJARAT,Rural,Bhavnagar,Bus,6823,6332,491,0,0,0,188,158,30,761,653,108,930,856,74,1821,1739,82,1037,989,48,1326,1270,56,620,556,64,140,111,29,21.7644725,72.1519304
GUJARAT,Rural,Bhavnagar,Train,1102,1050,52,0,0,0,116,97,19,61,58,3,152,147,5,157,155,2,48,47,1,441,430,11,110,102,8,17,14,3,21.7644725,72.1519304
GUJARAT,Rural,Bhavnagar,Water transport,131,125,6,0,0,0,33,32,1,41,40,1,26,25,1,19,17,2,2,2,0,1,1,0,4,4,0,5,4,1,21.7644725,72.1519304
GUJARAT,Rural,Bhavnagar,Any other,897,814,83,0,0,0,134,115,19,169,136,33,198,182,16,101,96,5,56,54,2,68,68,0,133,130,3,38,33,5,21.7644725,72.1519304
GUJARAT,Rural,Bhavnagar,No travel,78501,57443,21058,78501,57443,21058,0,0,0,0,0,0,0,0,0,0,0,0,0,0,0,0,0,0,0,0,0,0,0,0,21.7644725,72.1519304
GUJARAT,Urban,Bhavnagar,All Modes,374960,324680,50280,71877,53137,18740,89990,78620,11370,146446,131963,14483,39738,36088,3650,7927,7225,702,7253,6752,501,4405,4076,329,3790,3524,266,3534,3295,239,21.7644725,72.1519304
GUJARAT,Urban,Bhavnagar,On foot,98756,80862,17894,0,0,0,57458,47812,9646,32324,25415,6909,8974,7635,1339,0,0,0,0,0,0,0,0,0,0,0,0,0,0,0,21.7644725,72.1519304
GUJARAT,Urban,Bhavnagar,Bicycle,70992,68688,2304,0,0,0,13326,12918,408,46229,44682,1547,7284,7111,173,800,774,26,3353,3203,150,0,0,0,0,0,0,0,0,0,21.7644725,72.1519304
GUJARAT,Urban,Bhavnagar,Moped/Scooter/Motor Cycle,93254,87621,5633,0,0,0,15891,14970,921,54354,50974,3380,15187,14284,903,3334,3126,208,1163,1095,68,929,891,38,457,443,14,1939,1838,101,21.7644725,72.1519304
GUJARAT,Urban,Bhavnagar,Car/Jeep/Van,5249,4850,399,0,0,0,634,569,65,1834,1666,168,785,724,61,418,386,32,285,265,20,575,555,20,441,432,9,277,253,24,21.7644725,72.1519304
GUJARAT,Urban,Bhavnagar,Tempo/Autorickshaw/Taxi,17109,14297,2812,0,0,0,1365,1205,160,7490,5881,1609,4035,3359,676,1755,1568,187,1044,957,87,520,481,39,339,329,10,561,517,44,21.7644725,72.1519304
GUJARAT,Urban,Bhavnagar,Bus,12901,10746,2155,0,0,0,548,448,100,2693,1944,749,2792,2339,453,1395,1164,231,1156,993,163,1937,1728,209,1958,1755,203,422,375,47,21.7644725,72.1519304
GUJARAT,Urban,Bhavnagar,Train,1417,1288,129,0,0,0,174,149,25,193,167,26,108,98,10,68,59,9,180,171,9,243,224,19,354,328,26,97,92,5,21.7644725,72.1519304
GUJARAT,Urban,Bhavnagar,Water transport,552,533,19,0,0,0,54,48,6,133,128,5,169,164,5,45,44,1,9,9,0,71,70,1,50,50,0,21,20,1,21.7644725,72.1519304
GUJARAT,Urban,Bhavnagar,Any other,2853,2658,195,0,0,0,540,501,39,1196,1106,90,404,374,30,112,104,8,63,59,4,130,127,3,191,187,4,217,200,17,21.7644725,72.1519304
GUJARAT,Urban,Bhavnagar,No travel,71877,53137,18740,71877,53137,18740,0,0,0,0,0,0,0,0,0,0,0,0,0,0,0,0,0,0,0,0,0,0,0,0,21.7644725,72.1519304
GUJARAT,Total,Mahesana,All Modes,369053,264749,104304,145907,76124,69783,62911,44585,18326,73256,65990,7266,35848,31088,4760,20183,18555,1628,10598,9728,870,8323,7616,707,8439,7782,657,3588,3281,307,23.5879607,72.3693252
GUJARAT,Total,Mahesana,On foot,69543,45713,23830,0,0,0,43415,26229,17186,16846,13054,3792,9282,6430,2852,0,0,0,0,0,0,0,0,0,0,0,0,0,0,0,23.5879607,72.3693252
GUJARAT,Total,Mahesana,Bicycle,23123,22573,550,0,0,0,4041,3902,139,14520,14219,301,2690,2643,47,475,467,8,1397,1342,55,0,0,0,0,0,0,0,0,0,23.5879607,72.3693252
GUJARAT,Total,Mahesana,Moped/Scooter/Motor Cycle,62093,59089,3004,0,0,0,11758,11266,492,28528,27182,1346,9300,8781,519,6012,5685,327,2454,2342,112,1563,1489,74,857,812,45,1621,1532,89,23.5879607,72.3693252
GUJARAT,Total,Mahesana,Car/Jeep/Van,10706,10098,608,0,0,0,1119,1041,78,2779,2648,131,1997,1896,101,1814,1705,109,973,902,71,867,822,45,729,685,44,428,399,29,23.5879607,72.3693252
GUJARAT,Total,Mahesana,Tempo/Autorickshaw/Taxi,15182,13579,1603,0,0,0,1140,1017,123,5743,4798,945,4369,4012,357,2042,1938,104,542,526,16,409,396,13,376,362,14,561,530,31,23.5879607,72.3693252
GUJARAT,Total,Mahesana,Bus,37262,32822,4440,0,0,0,828,680,148,3940,3314,626,7524,6670,854,9130,8092,1038,4823,4233,590,4905,4351,554,5435,4931,504,677,551,126,23.5879607,72.3693252
GUJARAT,Total,Mahesana,Train,2562,2375,187,0,0,0,198,152,46,206,187,19,168,158,10,299,283,16,251,232,19,422,408,14,864,820,44,154,135,19,23.5879607,72.3693252
GUJARAT,Total,Mahesana,Water transport,100,77,23,0,0,0,31,16,15,12,9,3,14,13,1,12,12,0,7,7,0,7,5,2,11,10,1,6,5,1,23.5879607,72.3693252
GUJARAT,Total,Mahesana,Any other,2575,2299,276,0,0,0,381,282,99,682,579,103,504,485,19,399,373,26,151,144,7,150,145,5,167,162,5,141,129,12,23.5879607,72.3693252
GUJARAT,Total,Mahesana,No travel,145907,76124,69783,145907,76124,69783,0,0,0,0,0,0,0,0,0,0,0,0,0,0,0,0,0,0,0,0,0,0,0,0,23.5879607,72.3693252
GUJARAT,Rural,Mahesana,All Modes,215412,133434,81978,108573,48731,59842,28860,14741,14119,23554,20418,3136,22328,19508,2820,14390,13596,794,6473,6034,439,5326,4930,396,4932,4590,342,976,886,90,23.5879607,72.3693252
GUJARAT,Rural,Mahesana,On foot,35071,17591,17480,0,0,0,25139,11426,13713,5648,3726,1922,4284,2439,1845,0,0,0,0,0,0,0,0,0,0,0,0,0,0,0,23.5879607,72.3693252
GUJARAT,Rural,Mahesana,Bicycle,7894,7693,201,0,0,0,768,723,45,4942,4821,121,1580,1566,14,303,302,1,301,281,20,0,0,0,0,0,0,0,0,0,23.5879607,72.3693252
GUJARAT,Rural,Mahesana,Moped/Scooter/Motor Cycle,20102,19176,926,0,0,0,1396,1311,85,6164,5833,331,5232,5015,217,3883,3739,144,1610,1547,63,1051,1002,49,508,484,24,258,245,13,23.5879607,72.3693252
GUJARAT,Rural,Mahesana,Car/Jeep/Van,5362,5051,311,0,0,0,298,255,43,816,753,63,1380,1315,65,1261,1203,58,610,575,35,486,468,18,358,340,18,153,142,11,23.5879607,72.3693252
GUJARAT,Rural,Mahesana,Tempo/Autorickshaw/Taxi,9358,8738,620,0,0,0,454,425,29,3042,2721,321,3232,3029,203,1572,1526,46,399,394,5,290,284,6,219,215,4,150,144,6,23.5879607,72.3693252
GUJARAT,Rural,Mahesana,Bus,25683,23439,2244,0,0,0,431,361,70,2428,2141,287,6077,5622,455,6812,6299,513,3245,2948,297,3103,2793,310,3300,3027,273,287,248,39,23.5879607,72.3693252
GUJARAT,Rural,Mahesana,Train,1470,1365,105,0,0,0,95,64,31,79,70,9,122,117,5,210,202,8,177,164,13,282,273,9,450,432,18,55,43,12,23.5879607,72.3693252
GUJARAT,Rural,Mahesana,Water transport,64,46,18,0,0,0,24,9,15,2,2,0,12,11,1,9,9,0,4,4,0,4,3,1,5,5,0,4,3,1,23.5879607,72.3693252
GUJARAT,Rural,Mahesana,Any other,1835,1604,231,0,0,0,255,167,88,433,351,82,409,394,15,340,316,24,127,121,6,110,107,3,92,87,5,69,61,8,23.5879607,72.3693252
GUJARAT,Rural,Mahesana,No travel,108573,48731,59842,108573,48731,59842,0,0,0,0,0,0,0,0,0,0,0,0,0,0,0,0,0,0,0,0,0,0,0,0,23.5879607,72.3693252
GUJARAT,Urban,Mahesana,All Modes,153641,131315,22326,37334,27393,9941,34051,29844,4207,49702,45572,4130,13520,11580,1940,5793,4959,834,4125,3694,431,2997,2686,311,3507,3192,315,2612,2395,217,23.5879607,72.3693252
GUJARAT,Urban,Mahesana,On foot,34472,28122,6350,0,0,0,18276,14803,3473,11198,9328,1870,4998,3991,1007,0,0,0,0,0,0,0,0,0,0,0,0,0,0,0,23.5879607,72.3693252
GUJARAT,Urban,Mahesana,Bicycle,15229,14880,349,0,0,0,3273,3179,94,9578,9398,180,1110,1077,33,172,165,7,1096,1061,35,0,0,0,0,0,0,0,0,0,23.5879607,72.3693252
GUJARAT,Urban,Mahesana,Moped/Scooter/Motor Cycle,41991,39913,2078,0,0,0,10362,9955,407,22364,21349,1015,4068,3766,302,2129,1946,183,844,795,49,512,487,25,349,328,21,1363,1287,76,23.5879607,72.3693252
GUJARAT,Urban,Mahesana,Car/Jeep/Van,5344,5047,297,0,0,0,821,786,35,1963,1895,68,617,581,36,553,502,51,363,327,36,381,354,27,371,345,26,275,257,18,23.5879607,72.3693252
GUJARAT,Urban,Mahesana,Tempo/Autorickshaw/Taxi,5824,4841,983,0,0,0,686,592,94,2701,2077,624,1137,983,154,470,412,58,143,132,11,119,112,7,157,147,10,411,386,25,23.5879607,72.3693252
GUJARAT,Urban,Mahesana,Bus,11579,9383,2196,0,0,0,397,319,78,1512,1173,339,1447,1048,399,2318,1793,525,1578,1285,293,1802,1558,244,2135,1904,231,390,303,87,23.5879607,72.3693252
GUJARAT,Urban,Mahesana,Train,1092,1010,82,0,0,0,103,88,15,127,117,10,46,41,5,89,81,8,74,68,6,140,135,5,414,388,26,99,92,7,23.5879607,72.3693252
GUJARAT,Urban,Mahesana,Water transport,36,31,5,0,0,0,7,7,0,10,7,3,2,2,0,3,3,0,3,3,0,3,2,1,6,5,1,2,2,0,23.5879607,72.3693252
GUJARAT,Urban,Mahesana,Any other,740,695,45,0,0,0,126,115,11,249,228,21,95,91,4,59,57,2,24,23,1,40,38,2,75,75,0,72,68,4,23.5879607,72.3693252
GUJARAT,Urban,Mahesana,No travel,37334,27393,9941,37334,27393,9941,0,0,0,0,0,0,0,0,0,0,0,0,0,0,0,0,0,0,0,0,0,0,0,0,23.5879607,72.3693252
GUJARAT,Total,Ahmadabad,All Modes,2128452,1803847,324605,430589,305770,124819,270832,225346,45486,601976,531317,70659,410963,365251,45712,174479,158723,15756,89680,83319,6361,29639,26669,2970,15833,14216,1617,104461,93236,11225,23.022505,72.5713621
GUJARAT,Total,Ahmadabad,On foot,365086,287753,77333,0,0,0,167286,130843,36443,121402,95452,25950,76398,61458,14940,0,0,0,0,0,0,0,0,0,0,0,0,0,0,0,23.022505,72.5713621
GUJARAT,Total,Ahmadabad,Bicycle,352721,340462,12259,0,0,0,33926,32599,1327,182290,176282,6008,71602,69341,2261,20678,19914,764,44225,42326,1899,0,0,0,0,0,0,0,0,0,23.022505,72.5713621
GUJARAT,Total,Ahmadabad,Moped/Scooter/Motor Cycle,576150,527678,48472,0,0,0,47199,43073,4126,196470,178195,18275,161972,148858,13114,85509,79338,6171,17759,16649,1110,8386,7836,550,2303,2141,162,56552,51588,4964,23.022505,72.5713621
GUJARAT,Total,Ahmadabad,Car/Jeep/Van,81966,72825,9141,0,0,0,5591,4781,810,21041,18230,2811,19369,17264,2105,15302,13913,1389,5893,5338,555,4026,3683,343,2002,1810,192,8742,7806,936,23.022505,72.5713621
GUJARAT,Total,Ahmadabad,Tempo/Autorickshaw/Taxi,115892,99649,16243,0,0,0,8779,7676,1103,37376,29727,7649,26759,23044,3715,15122,13626,1496,6071,5659,412,5070,4761,309,2256,2159,97,14459,12997,1462,23.022505,72.5713621
GUJARAT,Total,Ahmadabad,Bus,174092,141181,32911,0,0,0,5435,4136,1299,37189,27964,9225,49835,40784,9051,34425,28838,5587,14019,11800,2219,9901,8377,1524,5489,4653,836,17799,14629,3170,23.022505,72.5713621
GUJARAT,Total,Ahmadabad,Train,18928,16898,2030,0,0,0,1089,920,169,2606,2314,292,2377,2110,267,2055,1843,212,1090,989,101,1721,1517,204,3389,3077,312,4601,4128,473,23.022505,72.5713621
GUJARAT,Total,Ahmadabad,Water transport,660,553,107,0,0,0,88,70,18,117,100,17,129,115,14,81,70,11,38,32,6,22,18,4,35,31,4,150,117,33,23.022505,72.5713621
GUJARAT,Total,Ahmadabad,Any other,12368,11078,1290,0,0,0,1439,1248,191,3485,3053,432,2522,2277,245,1307,1181,126,585,526,59,513,477,36,359,345,14,2158,1971,187,23.022505,72.5713621
GUJARAT,Total,Ahmadabad,No travel,430589,305770,124819,430589,305770,124819,0,0,0,0,0,0,0,0,0,0,0,0,0,0,0,0,0,0,0,0,0,0,0,0,23.022505,72.5713621
GUJARAT,Rural,Ahmadabad,All Modes,113468,89718,23750,52569,36168,16401,13084,10226,2858,12640,11167,1473,14213,12569,1644,8822,8340,482,5073,4720,353,2999,2770,229,1733,1583,150,2335,2175,160,23.022505,72.5713621
GUJARAT,Rural,Ahmadabad,On foot,20475,15825,4650,0,0,0,10806,8107,2699,4468,3500,968,5201,4218,983,0,0,0,0,0,0,0,0,0,0,0,0,0,0,0,23.022505,72.5713621
GUJARAT,Rural,Ahmadabad,Bicycle,6679,6484,195,0,0,0,661,639,22,2856,2780,76,1676,1635,41,714,697,17,772,733,39,0,0,0,0,0,0,0,0,0,23.022505,72.5713621
GUJARAT,Rural,Ahmadabad,Moped/Scooter/Motor Cycle,8791,8493,298,0,0,0,731,701,30,1815,1747,68,2017,1939,78,2011,1959,52,980,952,28,529,509,20,152,147,5,556,539,17,23.022505,72.5713621
GUJARAT,Rural,Ahmadabad,Car/Jeep/Van,2195,1917,278,0,0,0,204,166,38,219,201,18,262,239,23,389,360,29,302,269,33,392,348,44,265,195,70,162,139,23,23.022505,72.5713621
GUJARAT,Rural,Ahmadabad,Tempo/Autorickshaw/Taxi,12881,11627,1254,0,0,0,413,377,36,2523,2249,274,3509,3110,399,3283,3051,232,1452,1319,133,709,609,100,196,171,25,796,741,55,23.022505,72.5713621
GUJARAT,Rural,Ahmadabad,Bus,7505,6965,540,0,0,0,177,154,23,532,479,53,1179,1087,92,1964,1836,128,1289,1188,101,1059,1005,54,743,703,40,562,513,49,23.022505,72.5713621
GUJARAT,Rural,Ahmadabad,Train,1584,1494,90,0,0,0,50,43,7,102,94,8,216,198,18,333,314,19,174,165,9,209,203,6,308,298,10,192,179,13,23.022505,72.5713621
GUJARAT,Rural,Ahmadabad,Water transport,21,18,3,0,0,0,2,2,0,3,2,1,3,3,0,4,3,1,3,2,1,0,0,0,3,3,0,3,3,0,23.022505,72.5713621
GUJARAT,Rural,Ahmadabad,Any other,768,727,41,0,0,0,40,37,3,122,115,7,150,140,10,124,120,4,101,92,9,101,96,5,66,66,0,64,61,3,23.022505,72.5713621
GUJARAT,Rural,Ahmadabad,No travel,52569,36168,16401,52569,36168,16401,0,0,0,0,0,0,0,0,0,0,0,0,0,0,0,0,0,0,0,0,0,0,0,0,23.022505,72.5713621
GUJARAT,Urban,Ahmadabad,All Modes,2014984,1714129,300855,378020,269602,108418,257748,215120,42628,589336,520150,69186,396750,352682,44068,165657,150383,15274,84607,78599,6008,26640,23899,2741,14100,12633,1467,102126,91061,11065,23.022505,72.5713621
GUJARAT,Urban,Ahmadabad,On foot,344611,271928,72683,0,0,0,156480,122736,33744,116934,91952,24982,71197,57240,13957,0,0,0,0,0,0,0,0,0,0,0,0,0,0,0,23.022505,72.5713621
GUJARAT,Urban,Ahmadabad,Bicycle,346042,333978,12064,0,0,0,33265,31960,1305,179434,173502,5932,69926,67706,2220,19964,19217,747,43453,41593,1860,0,0,0,0,0,0,0,0,0,23.022505,72.5713621
GUJARAT,Urban,Ahmadabad,Moped/Scooter/Motor Cycle,567359,519185,48174,0,0,0,46468,42372,4096,194655,176448,18207,159955,146919,13036,83498,77379,6119,16779,15697,1082,7857,7327,530,2151,1994,157,55996,51049,4947,23.022505,72.5713621
GUJARAT,Urban,Ahmadabad,Car/Jeep/Van,79771,70908,8863,0,0,0,5387,4615,772,20822,18029,2793,19107,17025,2082,14913,13553,1360,5591,5069,522,3634,3335,299,1737,1615,122,8580,7667,913,23.022505,72.5713621
GUJARAT,Urban,Ahmadabad,Tempo/Autorickshaw/Taxi,103011,88022,14989,0,0,0,8366,7299,1067,34853,27478,7375,23250,19934,3316,11839,10575,1264,4619,4340,279,4361,4152,209,2060,1988,72,13663,12256,1407,23.022505,72.5713621
GUJARAT,Urban,Ahmadabad,Bus,166587,134216,32371,0,0,0,5258,3982,1276,36657,27485,9172,48656,39697,8959,32461,27002,5459,12730,10612,2118,8842,7372,1470,4746,3950,796,17237,14116,3121,23.022505,72.5713621
GUJARAT,Urban,Ahmadabad,Train,17344,15404,1940,0,0,0,1039,877,162,2504,2220,284,2161,1912,249,1722,1529,193,916,824,92,1512,1314,198,3081,2779,302,4409,3949,460,23.022505,72.5713621
GUJARAT,Urban,Ahmadabad,Water transport,639,535,104,0,0,0,86,68,18,114,98,16,126,112,14,77,67,10,35,30,5,22,18,4,32,28,4,147,114,33,23.022505,72.5713621
GUJARAT,Urban,Ahmadabad,Any other,11600,10351,1249,0,0,0,1399,1211,188,3363,2938,425,2372,2137,235,1183,1061,122,484,434,50,412,381,31,293,279,14,2094,1910,184,23.022505,72.5713621
GUJARAT,Urban,Ahmadabad,No travel,378020,269602,108418,378020,269602,108418,0,0,0,0,0,0,0,0,0,0,0,0,0,0,0,0,0,0,0,0,0,0,0,0,23.022505,72.5713621
RAJASTHAN,Total,Jalor,All Modes,223409,155565,67844,75611,41152,34459,47678,32242,15436,54020,40264,13756,20455,17438,3017,9874,9327,547,4121,3950,171,3410,3288,122,5926,5751,175,2314,2153,161,25.3444799,72.6253763
RAJASTHAN,Total,Jalor,On foot,81097,51355,29742,0,0,0,39933,24999,14934,32842,20343,12499,8322,6013,2309,0,0,0,0,0,0,0,0,0,0,0,0,0,0,0,25.3444799,72.6253763
RAJASTHAN,Total,Jalor,Bicycle,7956,7597,359,0,0,0,1343,1250,93,4712,4534,178,1021,981,40,273,266,7,607,566,41,0,0,0,0,0,0,0,0,0,25.3444799,72.6253763
RAJASTHAN,Total,Jalor,Moped/Scooter/Motor Cycle,21881,21296,585,0,0,0,4103,3976,127,9093,8821,272,3584,3521,63,2421,2371,50,837,817,20,682,671,11,333,330,3,828,789,39,25.3444799,72.6253763
RAJASTHAN,Total,Jalor,Car/Jeep/Van,4614,4350,264,0,0,0,653,609,44,1078,995,83,844,797,47,832,802,30,360,349,11,358,341,17,300,284,16,189,173,16,25.3444799,72.6253763
RAJASTHAN,Total,Jalor,Tempo/Autorickshaw/Taxi,7176,6545,631,0,0,0,584,519,65,2746,2465,281,2057,1891,166,1044,978,66,186,181,5,142,136,6,193,177,16,224,198,26,25.3444799,72.6253763
RAJASTHAN,Total,Jalor,Bus,21170,19659,1511,0,0,0,751,635,116,2901,2598,303,4278,3913,365,5068,4688,380,2022,1929,93,2044,1961,83,3369,3263,106,737,672,65,25.3444799,72.6253763
RAJASTHAN,Total,Jalor,Train,2769,2685,84,0,0,0,165,144,21,234,220,14,170,160,10,100,98,2,70,69,1,116,115,1,1625,1596,29,289,283,6,25.3444799,72.6253763
RAJASTHAN,Total,Jalor,Water transport,75,51,24,0,0,0,25,14,11,17,10,7,4,4,0,7,6,1,2,2,0,1,1,0,13,12,1,6,2,4,25.3444799,72.6253763
RAJASTHAN,Total,Jalor,Any other,1060,875,185,0,0,0,121,96,25,397,278,119,175,158,17,129,118,11,37,37,0,67,63,4,93,89,4,41,36,5,25.3444799,72.6253763
RAJASTHAN,Total,Jalor,No travel,75611,41152,34459,75611,41152,34459,0,0,0,0,0,0,0,0,0,0,0,0,0,0,0,0,0,0,0,0,0,0,0,0,25.3444799,72.6253763
RAJASTHAN,Rural,Jalor,All Modes,182897,121842,61055,67975,35674,32301,34806,21331,13475,39883,28062,11821,17668,15101,2567,8939,8511,428,3575,3454,121,3035,2940,95,5496,5343,153,1520,1426,94,25.3444799,72.6253763
RAJASTHAN,Rural,Jalor,On foot,63638,37562,26076,0,0,0,30755,17623,13132,26117,15135,10982,6766,4804,1962,0,0,0,0,0,0,0,0,0,0,0,0,0,0,0,25.3444799,72.6253763
RAJASTHAN,Rural,Jalor,Bicycle,5170,4905,265,0,0,0,668,597,71,2975,2850,125,898,861,37,245,239,6,384,358,26,0,0,0,0,0,0,0,0,0,25.3444799,72.6253763
RAJASTHAN,Rural,Jalor,Moped/Scooter/Motor Cycle,13462,13195,267,0,0,0,1692,1648,44,4706,4602,104,3066,3022,44,2087,2049,38,736,720,16,562,555,7,283,280,3,330,319,11,25.3444799,72.6253763
RAJASTHAN,Rural,Jalor,Car/Jeep/Van,3734,3515,219,0,0,0,421,388,33,764,701,63,751,709,42,773,745,28,331,320,11,319,305,14,251,235,16,124,112,12,25.3444799,72.6253763
RAJASTHAN,Rural,Jalor,Tempo/Autorickshaw/Taxi,5850,5380,470,0,0,0,343,293,50,2077,1897,180,1846,1699,147,983,918,65,175,170,5,117,114,3,166,158,8,143,131,12,25.3444799,72.6253763
RAJASTHAN,Rural,Jalor,Bus,19463,18277,1186,0,0,0,659,568,91,2689,2449,240,4013,3704,309,4632,4353,279,1844,1782,62,1860,1794,66,3142,3049,93,624,578,46,25.3444799,72.6253763
RAJASTHAN,Rural,Jalor,Train,2574,2500,74,0,0,0,140,120,20,183,175,8,161,151,10,96,94,2,69,68,1,109,108,1,1557,1529,28,259,255,4,25.3444799,72.6253763
RAJASTHAN,Rural,Jalor,Water transport,66,45,21,0,0,0,23,13,10,11,6,5,4,4,0,7,6,1,2,2,0,1,1,0,13,12,1,5,1,4,25.3444799,72.6253763
RAJASTHAN,Rural,Jalor,Any other,965,789,176,0,0,0,105,81,24,361,247,114,163,147,16,116,107,9,34,34,0,67,63,4,84,80,4,35,30,5,25.3444799,72.6253763
RAJASTHAN,Rural,Jalor,No travel,67975,35674,32301,67975,35674,32301,0,0,0,0,0,0,0,0,0,0,0,0,0,0,0,0,0,0,0,0,0,0,0,0,25.3444799,72.6253763
RAJASTHAN,Urban,Jalor,All Modes,40512,33723,6789,7636,5478,2158,12872,10911,1961,14137,12202,1935,2787,2337,450,935,816,119,546,496,50,375,348,27,430,408,22,794,727,67,25.3444799,72.6253763
RAJASTHAN,Urban,Jalor,On foot,17459,13793,3666,0,0,0,9178,7376,1802,6725,5208,1517,1556,1209,347,0,0,0,0,0,0,0,0,0,0,0,0,0,0,0,25.3444799,72.6253763
RAJASTHAN,Urban,Jalor,Bicycle,2786,2692,94,0,0,0,675,653,22,1737,1684,53,123,120,3,28,27,1,223,208,15,0,0,0,0,0,0,0,0,0,25.3444799,72.6253763
RAJASTHAN,Urban,Jalor,Moped/Scooter/Motor Cycle,8419,8101,318,0,0,0,2411,2328,83,4387,4219,168,518,499,19,334,322,12,101,97,4,120,116,4,50,50,0,498,470,28,25.3444799,72.6253763
RAJASTHAN,Urban,Jalor,Car/Jeep/Van,880,835,45,0,0,0,232,221,11,314,294,20,93,88,5,59,57,2,29,29,0,39,36,3,49,49,0,65,61,4,25.3444799,72.6253763
RAJASTHAN,Urban,Jalor,Tempo/Autorickshaw/Taxi,1326,1165,161,0,0,0,241,226,15,669,568,101,211,192,19,61,60,1,11,11,0,25,22,3,27,19,8,81,67,14,25.3444799,72.6253763
RAJASTHAN,Urban,Jalor,Bus,1707,1382,325,0,0,0,92,67,25,212,149,63,265,209,56,436,335,101,178,147,31,184,167,17,227,214,13,113,94,19,25.3444799,72.6253763
RAJASTHAN,Urban,Jalor,Train,195,185,10,0,0,0,25,24,1,51,45,6,9,9,0,4,4,0,1,1,0,7,7,0,68,67,1,30,28,2,25.3444799,72.6253763
RAJASTHAN,Urban,Jalor,Water transport,9,6,3,0,0,0,2,1,1,6,4,2,0,0,0,0,0,0,0,0,0,0,0,0,0,0,0,1,1,0,25.3444799,72.6253763
RAJASTHAN,Urban,Jalor,Any other,95,86,9,0,0,0,16,15,1,36,31,5,12,11,1,13,11,2,3,3,0,0,0,0,9,9,0,6,6,0,25.3444799,72.6253763
RAJASTHAN,Urban,Jalor,No travel,7636,5478,2158,7636,5478,2158,0,0,0,0,0,0,0,0,0,0,0,0,0,0,0,0,0,0,0,0,0,0,0,0,25.3444799,72.6253763
GUJARAT,Total,Gandhinagar,All Modes,292873,224083,68790,109725,65957,43768,36688,28965,7723,59140,51663,7477,36229,31525,4704,19096,17317,1779,15347,13788,1559,8119,7276,843,4219,3678,541,4310,3914,396,23.2156354,72.6369415
GUJARAT,Total,Gandhinagar,On foot,42134,30592,11542,0,0,0,22136,15501,6635,11581,8846,2735,8417,6245,2172,0,0,0,0,0,0,0,0,0,0,0,0,0,0,0,23.2156354,72.6369415
GUJARAT,Total,Gandhinagar,Bicycle,25406,24206,1200,0,0,0,4403,4226,177,13669,12939,730,4569,4441,128,882,860,22,1883,1740,143,0,0,0,0,0,0,0,0,0,23.2156354,72.6369415
GUJARAT,Total,Gandhinagar,Moped/Scooter/Motor Cycle,57334,52674,4660,0,0,0,7367,6870,497,23475,21253,2222,11864,10866,998,6480,6036,444,3752,3527,225,1738,1641,97,651,606,45,2007,1875,132,23.2156354,72.6369415
GUJARAT,Total,Gandhinagar,Car/Jeep/Van,13896,12519,1377,0,0,0,1053,949,104,3379,2990,389,2687,2435,252,2775,2518,257,1945,1756,189,999,904,95,535,488,47,523,479,44,23.2156354,72.6369415
GUJARAT,Total,Gandhinagar,Tempo/Autorickshaw/Taxi,12384,11135,1249,0,0,0,663,597,66,3284,2709,575,3464,3130,334,2546,2381,165,949,914,35,555,536,19,273,259,14,650,609,41,23.2156354,72.6369415
GUJARAT,Total,Gandhinagar,Bus,27872,23345,4527,0,0,0,676,517,159,3004,2294,710,4600,3850,750,5875,5021,854,6243,5311,932,4390,3778,612,2280,1897,383,804,677,127,23.2156354,72.6369415
GUJARAT,Total,Gandhinagar,Train,2239,2044,195,0,0,0,130,108,22,167,144,23,178,162,16,350,329,21,487,463,24,353,338,15,375,334,41,199,166,33,23.2156354,72.6369415
GUJARAT,Total,Gandhinagar,Water transport,77,64,13,0,0,0,15,9,6,6,5,1,13,11,2,7,7,0,15,12,3,9,9,0,7,6,1,5,5,0,23.2156354,72.6369415
GUJARAT,Total,Gandhinagar,Any other,1806,1547,259,0,0,0,245,188,57,575,483,92,437,385,52,181,165,16,73,65,8,75,70,5,98,88,10,122,103,19,23.2156354,72.6369415
GUJARAT,Total,Gandhinagar,No travel,109725,65957,43768,109725,65957,43768,0,0,0,0,0,0,0,0,0,0,0,0,0,0,0,0,0,0,0,0,0,0,0,0,23.2156354,72.6369415
GUJARAT,Rural,Gandhinagar,All Modes,116658,76760,39898,62600,31494,31106,11822,7539,4283,11493,9814,1679,11888,10196,1692,7487,7040,447,4929,4680,249,3809,3601,208,1385,1253,132,1245,1143,102,23.2156354,72.6369415
GUJARAT,Rural,Gandhinagar,On foot,16222,9782,6440,0,0,0,9339,5306,4033,3400,2252,1148,3483,2224,1259,0,0,0,0,0,0,0,0,0,0,0,0,0,0,0,23.2156354,72.6369415
GUJARAT,Rural,Gandhinagar,Bicycle,6553,6369,184,0,0,0,844,801,43,3093,3016,77,1717,1688,29,375,372,3,524,492,32,0,0,0,0,0,0,0,0,0,23.2156354,72.6369415
GUJARAT,Rural,Gandhinagar,Moped/Scooter/Motor Cycle,10019,9477,542,0,0,0,779,720,59,2261,2095,166,2361,2255,106,2149,2049,100,1135,1090,45,777,738,39,202,193,9,355,337,18,23.2156354,72.6369415
GUJARAT,Rural,Gandhinagar,Car/Jeep/Van,3331,3105,226,0,0,0,233,208,25,362,334,28,630,585,45,902,839,63,599,572,27,346,325,21,135,127,8,124,115,9,23.2156354,72.6369415
GUJARAT,Rural,Gandhinagar,Tempo/Autorickshaw/Taxi,5330,5033,297,0,0,0,234,215,19,1219,1103,116,1576,1495,81,1190,1133,57,462,450,12,344,340,4,93,90,3,212,207,5,23.2156354,72.6369415
GUJARAT,Rural,Gandhinagar,Bus,10876,9924,952,0,0,0,231,180,51,830,716,114,1798,1641,157,2537,2327,210,2044,1919,125,2165,2023,142,853,746,107,418,372,46,23.2156354,72.6369415
GUJARAT,Rural,Gandhinagar,Train,908,849,59,0,0,0,56,46,10,71,65,6,122,116,6,238,231,7,122,116,6,141,139,2,61,58,3,97,78,19,23.2156354,72.6369415
GUJARAT,Rural,Gandhinagar,Water transport,33,27,6,0,0,0,9,4,5,1,1,0,6,6,0,2,2,0,7,7,0,5,5,0,1,0,1,2,2,0,23.2156354,72.6369415
GUJARAT,Rural,Gandhinagar,Any other,786,700,86,0,0,0,97,59,38,256,232,24,195,186,9,94,87,7,36,34,2,31,31,0,40,39,1,37,32,5,23.2156354,72.6369415
GUJARAT,Rural,Gandhinagar,No travel,62600,31494,31106,62600,31494,31106,0,0,0,0,0,0,0,0,0,0,0,0,0,0,0,0,0,0,0,0,0,0,0,0,23.2156354,72.6369415
GUJARAT,Urban,Gandhinagar,All Modes,176215,147323,28892,47125,34463,12662,24866,21426,3440,47647,41849,5798,24341,21329,3012,11609,10277,1332,10418,9108,1310,4310,3675,635,2834,2425,409,3065,2771,294,23.2156354,72.6369415
GUJARAT,Urban,Gandhinagar,On foot,25912,20810,5102,0,0,0,12797,10195,2602,8181,6594,1587,4934,4021,913,0,0,0,0,0,0,0,0,0,0,0,0,0,0,0,23.2156354,72.6369415
GUJARAT,Urban,Gandhinagar,Bicycle,18853,17837,1016,0,0,0,3559,3425,134,10576,9923,653,2852,2753,99,507,488,19,1359,1248,111,0,0,0,0,0,0,0,0,0,23.2156354,72.6369415
GUJARAT,Urban,Gandhinagar,Moped/Scooter/Motor Cycle,47315,43197,4118,0,0,0,6588,6150,438,21214,19158,2056,9503,8611,892,4331,3987,344,2617,2437,180,961,903,58,449,413,36,1652,1538,114,23.2156354,72.6369415
GUJARAT,Urban,Gandhinagar,Car/Jeep/Van,10565,9414,1151,0,0,0,820,741,79,3017,2656,361,2057,1850,207,1873,1679,194,1346,1184,162,653,579,74,400,361,39,399,364,35,23.2156354,72.6369415
GUJARAT,Urban,Gandhinagar,Tempo/Autorickshaw/Taxi,7054,6102,952,0,0,0,429,382,47,2065,1606,459,1888,1635,253,1356,1248,108,487,464,23,211,196,15,180,169,11,438,402,36,23.2156354,72.6369415
GUJARAT,Urban,Gandhinagar,Bus,16996,13421,3575,0,0,0,445,337,108,2174,1578,596,2802,2209,593,3338,2694,644,4199,3392,807,2225,1755,470,1427,1151,276,386,305,81,23.2156354,72.6369415
GUJARAT,Urban,Gandhinagar,Train,1331,1195,136,0,0,0,74,62,12,96,79,17,56,46,10,112,98,14,365,347,18,212,199,13,314,276,38,102,88,14,23.2156354,72.6369415
GUJARAT,Urban,Gandhinagar,Water transport,44,37,7,0,0,0,6,5,1,5,4,1,7,5,2,5,5,0,8,5,3,4,4,0,6,6,0,3,3,0,23.2156354,72.6369415
GUJARAT,Urban,Gandhinagar,Any other,1020,847,173,0,0,0,148,129,19,319,251,68,242,199,43,87,78,9,37,31,6,44,39,5,58,49,9,85,71,14,23.2156354,72.6369415
GUJARAT,Urban,Gandhinagar,No travel,47125,34463,12662,47125,34463,12662,0,0,0,0,0,0,0,0,0,0,0,0,0,0,0,0,0,0,0,0,0,0,0,0,23.2156354,72.6369415
GUJARAT,Total,Kheda,All Modes,322445,221026,101419,149968,78629,71339,50108,36371,13737,50090,43318,6772,26530,21287,5243,13068,11704,1364,11152,10193,959,9582,8764,818,5986,5448,538,5961,5312,649,22.750651,72.6846658
GUJARAT,Total,Kheda,On foot,63941,44121,19820,0,0,0,36336,23783,12553,16209,12536,3673,11396,7802,3594,0,0,0,0,0,0,0,0,0,0,0,0,0,0,0,22.750651,72.6846658
GUJARAT,Total,Kheda,Bicycle,20170,19254,916,0,0,0,3276,3094,182,11191,10754,437,2678,2580,98,754,729,25,2271,2097,174,0,0,0,0,0,0,0,0,0,22.750651,72.6846658
GUJARAT,Total,Kheda,Moped/Scooter/Motor Cycle,37188,34159,3029,0,0,0,7362,6899,463,14516,13316,1200,5327,4799,528,3837,3479,358,1822,1715,107,1367,1256,111,566,523,43,2391,2172,219,22.750651,72.6846658
GUJARAT,Total,Kheda,Car/Jeep/Van,4198,3686,512,0,0,0,632,486,146,1011,892,119,447,396,51,430,394,36,437,405,32,631,594,37,251,230,21,359,289,70,22.750651,72.6846658
GUJARAT,Total,Kheda,Tempo/Autorickshaw/Taxi,14012,12399,1613,0,0,0,1181,1036,145,4187,3422,765,2816,2471,345,2418,2237,181,1261,1208,53,989,947,42,246,239,7,914,839,75,22.750651,72.6846658
GUJARAT,Total,Kheda,Bus,21056,18062,2994,0,0,0,772,613,159,2163,1691,472,3318,2754,564,4243,3609,634,2962,2562,400,3923,3542,381,2475,2250,225,1200,1041,159,22.750651,72.6846658
GUJARAT,Total,Kheda,Train,10543,9499,1044,0,0,0,351,288,63,456,401,55,357,314,43,1240,1121,119,2290,2107,183,2589,2349,240,2364,2127,237,896,792,104,22.750651,72.6846658
GUJARAT,Total,Kheda,Water transport,81,60,21,0,0,0,24,14,10,8,7,1,6,6,0,6,4,2,6,4,2,7,6,1,14,12,2,10,7,3,22.750651,72.6846658
GUJARAT,Total,Kheda,Any other,1288,1157,131,0,0,0,174,158,16,349,299,50,185,165,20,140,131,9,103,95,8,76,70,6,70,67,3,191,172,19,22.750651,72.6846658
GUJARAT,Total,Kheda,No travel,149968,78629,71339,149968,78629,71339,0,0,0,0,0,0,0,0,0,0,0,0,0,0,0,0,0,0,0,0,0,0,0,0,22.750651,72.6846658
GUJARAT,Rural,Kheda,All Modes,180316,101178,79138,105461,44399,61062,21260,10977,10283,16858,13839,3019,13730,10556,3174,7429,6940,489,5471,5096,375,5213,4875,338,2472,2309,163,2422,2187,235,22.750651,72.6846658
GUJARAT,Rural,Kheda,On foot,28410,14014,14396,0,0,0,16959,7168,9791,5809,3797,2012,5642,3049,2593,0,0,0,0,0,0,0,0,0,0,0,0,0,0,0,22.750651,72.6846658
GUJARAT,Rural,Kheda,Bicycle,7437,6975,462,0,0,0,917,811,106,3872,3667,205,1465,1418,47,384,374,10,799,705,94,0,0,0,0,0,0,0,0,0,22.750651,72.6846658
GUJARAT,Rural,Kheda,Moped/Scooter/Motor Cycle,12356,11512,844,0,0,0,2113,1999,114,3302,3032,270,2290,2154,136,1832,1724,108,987,927,60,865,788,77,343,316,27,624,572,52,22.750651,72.6846658
GUJARAT,Rural,Kheda,Car/Jeep/Van,1988,1711,277,0,0,0,261,166,95,309,258,51,192,174,18,208,193,15,258,244,14,470,442,28,110,102,8,180,132,48,22.750651,72.6846658
GUJARAT,Rural,Kheda,Tempo/Autorickshaw/Taxi,8169,7556,613,0,0,0,431,383,48,1991,1752,239,1748,1609,139,1666,1578,88,956,923,33,742,711,31,124,118,6,511,482,29,22.750651,72.6846658
GUJARAT,Rural,Kheda,Bus,13314,12046,1268,0,0,0,424,337,87,1350,1132,218,2169,1941,228,2711,2471,240,1834,1680,154,2594,2414,180,1442,1354,88,790,717,73,22.750651,72.6846658
GUJARAT,Rural,Kheda,Train,2577,2414,163,0,0,0,80,54,26,109,94,15,121,111,10,534,511,23,578,564,14,506,486,20,405,375,30,244,219,25,22.750651,72.6846658
GUJARAT,Rural,Kheda,Water transport,51,36,15,0,0,0,19,10,9,4,3,1,4,4,0,5,4,1,3,3,0,3,3,0,7,5,2,6,4,2,22.750651,72.6846658
GUJARAT,Rural,Kheda,Any other,553,515,38,0,0,0,56,49,7,112,104,8,99,96,3,89,85,4,56,50,6,33,31,2,41,39,2,67,61,6,22.750651,72.6846658
GUJARAT,Rural,Kheda,No travel,105461,44399,61062,105461,44399,61062,0,0,0,0,0,0,0,0,0,0,0,0,0,0,0,0,0,0,0,0,0,0,0,0,22.750651,72.6846658
GUJARAT,Urban,Kheda,All Modes,142129,119848,22281,44507,34230,10277,28848,25394,3454,33232,29479,3753,12800,10731,2069,5639,4764,875,5681,5097,584,4369,3889,480,3514,3139,375,3539,3125,414,22.750651,72.6846658
GUJARAT,Urban,Kheda,On foot,35531,30107,5424,0,0,0,19377,16615,2762,10400,8739,1661,5754,4753,1001,0,0,0,0,0,0,0,0,0,0,0,0,0,0,0,22.750651,72.6846658
GUJARAT,Urban,Kheda,Bicycle,12733,12279,454,0,0,0,2359,2283,76,7319,7087,232,1213,1162,51,370,355,15,1472,1392,80,0,0,0,0,0,0,0,0,0,22.750651,72.6846658
GUJARAT,Urban,Kheda,Moped/Scooter/Motor Cycle,24832,22647,2185,0,0,0,5249,4900,349,11214,10284,930,3037,2645,392,2005,1755,250,835,788,47,502,468,34,223,207,16,1767,1600,167,22.750651,72.6846658
GUJARAT,Urban,Kheda,Car/Jeep/Van,2210,1975,235,0,0,0,371,320,51,702,634,68,255,222,33,222,201,21,179,161,18,161,152,9,141,128,13,179,157,22,22.750651,72.6846658
GUJARAT,Urban,Kheda,Tempo/Autorickshaw/Taxi,5843,4843,1000,0,0,0,750,653,97,2196,1670,526,1068,862,206,752,659,93,305,285,20,247,236,11,122,121,1,403,357,46,22.750651,72.6846658
GUJARAT,Urban,Kheda,Bus,7742,6016,1726,0,0,0,348,276,72,813,559,254,1149,813,336,1532,1138,394,1128,882,246,1329,1128,201,1033,896,137,410,324,86,22.750651,72.6846658
GUJARAT,Urban,Kheda,Train,7966,7085,881,0,0,0,271,234,37,347,307,40,236,203,33,706,610,96,1712,1543,169,2083,1863,220,1959,1752,207,652,573,79,22.750651,72.6846658
GUJARAT,Urban,Kheda,Water transport,30,24,6,0,0,0,5,4,1,4,4,0,2,2,0,1,0,1,3,1,2,4,3,1,7,7,0,4,3,1,22.750651,72.6846658
GUJARAT,Urban,Kheda,Any other,735,642,93,0,0,0,118,109,9,237,195,42,86,69,17,51,46,5,47,45,2,43,39,4,29,28,1,124,111,13,22.750651,72.6846658
GUJARAT,Urban,Kheda,No travel,44507,34230,10277,44507,34230,10277,0,0,0,0,0,0,0,0,0,0,0,0,0,0,0,0,0,0,0,0,0,0,0,0,22.750651,72.6846658
LAKSHADWEEP,Total,Lakshadweep,All Modes,18489,15184,3305,3701,2988,713,9306,7468,1838,4959,4250,709,287,247,40,8,7,1,107,106,1,8,8,0,43,42,1,70,68,2,10.3280265,72.7846336
LAKSHADWEEP,Total,Lakshadweep,On foot,5412,3188,2224,0,0,0,4430,2745,1685,851,346,505,131,97,34,0,0,0,0,0,0,0,0,0,0,0,0,0,0,0,10.3280265,72.7846336
LAKSHADWEEP,Total,Lakshadweep,Bicycle,6065,5925,140,0,0,0,3232,3164,68,2669,2601,68,62,60,2,4,3,1,98,97,1,0,0,0,0,0,0,0,0,0,10.3280265,72.7846336
LAKSHADWEEP,Total,Lakshadweep,Moped/Scooter/Motor Cycle,2533,2363,170,0,0,0,1130,1060,70,1317,1219,98,64,63,1,3,3,0,2,2,0,6,6,0,2,2,0,9,8,1,10.3280265,72.7846336
LAKSHADWEEP,Total,Lakshadweep,Car/Jeep/Van,59,45,14,0,0,0,23,20,3,29,19,10,7,6,1,0,0,0,0,0,0,0,0,0,0,0,0,0,0,0,10.3280265,72.7846336
LAKSHADWEEP,Total,Lakshadweep,Tempo/Autorickshaw/Taxi,53,44,9,0,0,0,23,22,1,26,19,7,3,2,1,0,0,0,0,0,0,0,0,0,1,1,0,0,0,0,10.3280265,72.7846336
LAKSHADWEEP,Total,Lakshadweep,Bus,49,22,27,0,0,0,8,2,6,34,14,20,5,4,1,1,1,0,0,0,0,0,0,0,0,0,0,1,1,0,10.3280265,72.7846336
LAKSHADWEEP,Total,Lakshadweep,Train,32,32,0,0,0,0,13,13,0,9,9,0,0,0,0,0,0,0,1,1,0,0,0,0,7,7,0,2,2,0,10.3280265,72.7846336
LAKSHADWEEP,Total,Lakshadweep,Water transport,492,486,6,0,0,0,373,369,4,17,17,0,9,9,0,0,0,0,6,6,0,2,2,0,29,28,1,56,55,1,10.3280265,72.7846336
LAKSHADWEEP,Total,Lakshadweep,Any other,93,91,2,0,0,0,74,73,1,7,6,1,6,6,0,0,0,0,0,0,0,0,0,0,4,4,0,2,2,0,10.3280265,72.7846336
LAKSHADWEEP,Total,Lakshadweep,No travel,3701,2988,713,3701,2988,713,0,0,0,0,0,0,0,0,0,0,0,0,0,0,0,0,0,0,0,0,0,0,0,0,10.3280265,72.7846336
LAKSHADWEEP,Rural,Lakshadweep,All Modes,4560,3761,799,523,368,155,2958,2413,545,964,870,94,102,97,5,1,1,0,7,7,0,0,0,0,3,3,0,2,2,0,10.3280265,72.7846336
LAKSHADWEEP,Rural,Lakshadweep,On foot,2104,1504,600,0,0,0,1845,1327,518,215,137,78,44,40,4,0,0,0,0,0,0,0,0,0,0,0,0,0,0,0,10.3280265,72.7846336
LAKSHADWEEP,Rural,Lakshadweep,Bicycle,1286,1268,18,0,0,0,831,821,10,428,421,7,20,19,1,0,0,0,7,7,0,0,0,0,0,0,0,0,0,0,10.3280265,72.7846336
LAKSHADWEEP,Rural,Lakshadweep,Moped/Scooter/Motor Cycle,591,567,24,0,0,0,259,242,17,299,292,7,32,32,0,0,0,0,0,0,0,0,0,0,0,0,0,1,1,0,10.3280265,72.7846336
LAKSHADWEEP,Rural,Lakshadweep,Car/Jeep/Van,11,9,2,0,0,0,3,3,0,4,2,2,4,4,0,0,0,0,0,0,0,0,0,0,0,0,0,0,0,0,10.3280265,72.7846336
LAKSHADWEEP,Rural,Lakshadweep,Tempo/Autorickshaw/Taxi,16,16,0,0,0,0,9,9,0,7,7,0,0,0,0,0,0,0,0,0,0,0,0,0,0,0,0,0,0,0,10.3280265,72.7846336
LAKSHADWEEP,Rural,Lakshadweep,Bus,7,7,0,0,0,0,0,0,0,5,5,0,1,1,0,1,1,0,0,0,0,0,0,0,0,0,0,0,0,0,10.3280265,72.7846336
LAKSHADWEEP,Rural,Lakshadweep,Train,11,11,0,0,0,0,7,7,0,3,3,0,0,0,0,0,0,0,0,0,0,0,0,0,1,1,0,0,0,0,10.3280265,72.7846336
LAKSHADWEEP,Rural,Lakshadweep,Water transport,8,8,0,0,0,0,3,3,0,2,2,0,1,1,0,0,0,0,0,0,0,0,0,0,1,1,0,1,1,0,10.3280265,72.7846336
LAKSHADWEEP,Rural,Lakshadweep,Any other,3,3,0,0,0,0,1,1,0,1,1,0,0,0,0,0,0,0,0,0,0,0,0,0,1,1,0,0,0,0,10.3280265,72.7846336
LAKSHADWEEP,Rural,Lakshadweep,No travel,523,368,155,523,368,155,0,0,0,0,0,0,0,0,0,0,0,0,0,0,0,0,0,0,0,0,0,0,0,0,10.3280265,72.7846336
LAKSHADWEEP,Urban,Lakshadweep,All Modes,13929,11423,2506,3178,2620,558,6348,5055,1293,3995,3380,615,185,150,35,7,6,1,100,99,1,8,8,0,40,39,1,68,66,2,10.3280265,72.7846336
LAKSHADWEEP,Urban,Lakshadweep,On foot,3308,1684,1624,0,0,0,2585,1418,1167,636,209,427,87,57,30,0,0,0,0,0,0,0,0,0,0,0,0,0,0,0,10.3280265,72.7846336
LAKSHADWEEP,Urban,Lakshadweep,Bicycle,4779,4657,122,0,0,0,2401,2343,58,2241,2180,61,42,41,1,4,3,1,91,90,1,0,0,0,0,0,0,0,0,0,10.3280265,72.7846336
LAKSHADWEEP,Urban,Lakshadweep,Moped/Scooter/Motor Cycle,1942,1796,146,0,0,0,871,818,53,1018,927,91,32,31,1,3,3,0,2,2,0,6,6,0,2,2,0,8,7,1,10.3280265,72.7846336
LAKSHADWEEP,Urban,Lakshadweep,Car/Jeep/Van,48,36,12,0,0,0,20,17,3,25,17,8,3,2,1,0,0,0,0,0,0,0,0,0,0,0,0,0,0,0,10.3280265,72.7846336
LAKSHADWEEP,Urban,Lakshadweep,Tempo/Autorickshaw/Taxi,37,28,9,0,0,0,14,13,1,19,12,7,3,2,1,0,0,0,0,0,0,0,0,0,1,1,0,0,0,0,10.3280265,72.7846336
LAKSHADWEEP,Urban,Lakshadweep,Bus,42,15,27,0,0,0,8,2,6,29,9,20,4,3,1,0,0,0,0,0,0,0,0,0,0,0,0,1,1,0,10.3280265,72.7846336
LAKSHADWEEP,Urban,Lakshadweep,Train,21,21,0,0,0,0,6,6,0,6,6,0,0,0,0,0,0,0,1,1,0,0,0,0,6,6,0,2,2,0,10.3280265,72.7846336
LAKSHADWEEP,Urban,Lakshadweep,Water transport,484,478,6,0,0,0,370,366,4,15,15,0,8,8,0,0,0,0,6,6,0,2,2,0,28,27,1,55,54,1,10.3280265,72.7846336
LAKSHADWEEP,Urban,Lakshadweep,Any other,90,88,2,0,0,0,73,72,1,6,5,1,6,6,0,0,0,0,0,0,0,0,0,0,3,3,0,2,2,0,10.3280265,72.7846336
LAKSHADWEEP,Urban,Lakshadweep,No travel,3178,2620,558,3178,2620,558,0,0,0,0,0,0,0,0,0,0,0,0,0,0,0,0,0,0,0,0,0,0,0,0,10.3280265,72.7846336
GUJARAT,Total,Surat,All Modes,2076214,1855270,220944,272929,194365,78564,354934,311909,43025,856717,797373,59344,363873,339157,24716,102635,95036,7599,47773,45335,2438,18757,17438,1319,9556,8814,742,49040,45843,3197,21.1702401,72.8310607
GUJARAT,Total,Surat,On foot,525167,461074,64093,0,0,0,254989,218164,36825,222221,200625,21596,47957,42285,5672,0,0,0,0,0,0,0,0,0,0,0,0,0,0,0,21.1702401,72.8310607
GUJARAT,Total,Surat,Bicycle,275844,270629,5215,0,0,0,22627,22012,615,178619,175407,3212,50778,49906,872,7274,7121,153,16546,16183,363,0,0,0,0,0,0,0,0,0,21.1702401,72.8310607
GUJARAT,Total,Surat,Moped/Scooter/Motor Cycle,559953,533614,26339,0,0,0,52157,49145,3012,263048,250434,12614,149307,142804,6503,48850,46646,2204,12474,11987,487,6309,6043,266,1581,1506,75,26227,25049,1178,21.1702401,72.8310607
GUJARAT,Total,Surat,Car/Jeep/Van,52249,48890,3359,0,0,0,3386,3073,313,17359,16107,1252,15457,14605,852,7721,7239,482,3332,3158,174,1760,1669,91,806,770,36,2428,2269,159,21.1702401,72.8310607
GUJARAT,Total,Surat,Tempo/Autorickshaw/Taxi,325856,290224,35632,0,0,0,18859,16971,1888,165992,146660,19332,90175,80714,9461,24403,21395,3008,5158,4827,331,3690,3522,168,1653,1601,52,15926,14534,1392,21.1702401,72.8310607
GUJARAT,Total,Surat,Bus,42571,36754,5817,0,0,0,1239,1047,192,6127,5100,1027,7423,6313,1110,11532,10030,1502,8222,7328,894,3993,3468,525,2250,1933,317,1785,1535,250,21.1702401,72.8310607
GUJARAT,Total,Surat,Train,15309,13956,1353,0,0,0,800,725,75,1238,1129,109,1295,1200,95,2275,2070,205,1805,1628,177,2821,2557,264,3058,2804,254,2017,1843,174,21.1702401,72.8310607
GUJARAT,Total,Surat,Water transport,908,859,49,0,0,0,109,89,20,168,160,8,292,283,9,99,96,3,36,34,2,30,30,0,52,50,2,122,117,5,21.1702401,72.8310607
GUJARAT,Total,Surat,Any other,5428,4905,523,0,0,0,768,683,85,1945,1751,194,1189,1047,142,481,439,42,200,190,10,154,149,5,156,150,6,535,496,39,21.1702401,72.8310607
GUJARAT,Total,Surat,No travel,272929,194365,78564,272929,194365,78564,0,0,0,0,0,0,0,0,0,0,0,0,0,0,0,0,0,0,0,0,0,0,0,0,21.1702401,72.8310607
GUJARAT,Rural,Surat,All Modes,188111,155350,32761,58861,40427,18434,28778,24167,4611,40655,36606,4049,21672,19337,2335,16635,15213,1422,10198,9370,828,5730,5240,490,2812,2509,303,2770,2481,289,21.1702401,72.8310607
GUJARAT,Rural,Surat,On foot,42710,35590,7120,0,0,0,22272,18158,4114,15071,13056,2015,5367,4376,991,0,0,0,0,0,0,0,0,0,0,0,0,0,0,0,21.1702401,72.8310607
GUJARAT,Rural,Surat,Bicycle,12410,11944,466,0,0,0,1415,1313,102,6649,6442,207,2321,2256,65,1103,1066,37,922,867,55,0,0,0,0,0,0,0,0,0,21.1702401,72.8310607
GUJARAT,Rural,Surat,Moped/Scooter/Motor Cycle,35923,33796,2127,0,0,0,3213,3020,193,9294,8629,665,7253,6840,413,8023,7606,417,4460,4262,198,1979,1876,103,551,508,43,1150,1055,95,21.1702401,72.8310607
GUJARAT,Rural,Surat,Car/Jeep/Van,4348,3987,361,0,0,0,300,261,39,1347,1252,95,592,547,45,734,673,61,553,494,59,401,372,29,164,152,12,257,236,21,21.1702401,72.8310607
GUJARAT,Rural,Surat,Tempo/Autorickshaw/Taxi,13890,12507,1383,0,0,0,961,886,75,5760,5115,645,3191,2832,359,2127,1939,188,784,732,52,420,403,17,156,153,3,491,447,44,21.1702401,72.8310607
GUJARAT,Rural,Surat,Bus,16563,14016,2547,0,0,0,443,375,68,2127,1754,373,2669,2232,437,3961,3308,653,2926,2508,418,2288,2002,286,1484,1282,202,665,555,110,21.1702401,72.8310607
GUJARAT,Rural,Surat,Train,2578,2310,268,0,0,0,104,91,13,195,168,27,149,132,17,548,485,63,460,419,41,575,521,54,395,355,40,152,139,13,21.1702401,72.8310607
GUJARAT,Rural,Surat,Water transport,61,53,8,0,0,0,7,4,3,10,9,1,7,6,1,3,2,1,6,5,1,9,9,0,12,11,1,7,7,0,21.1702401,72.8310607
GUJARAT,Rural,Surat,Any other,767,720,47,0,0,0,63,59,4,202,181,21,123,116,7,136,134,2,87,83,4,58,57,1,50,48,2,48,42,6,21.1702401,72.8310607
GUJARAT,Rural,Surat,No travel,58861,40427,18434,58861,40427,18434,0,0,0,0,0,0,0,0,0,0,0,0,0,0,0,0,0,0,0,0,0,0,0,0,21.1702401,72.8310607
GUJARAT,Urban,Surat,All Modes,1888103,1699920,188183,214068,153938,60130,326156,287742,38414,816062,760767,55295,342201,319820,22381,86000,79823,6177,37575,35965,1610,13027,12198,829,6744,6305,439,46270,43362,2908,21.1702401,72.8310607
GUJARAT,Urban,Surat,On foot,482457,425484,56973,0,0,0,232717,200006,32711,207150,187569,19581,42590,37909,4681,0,0,0,0,0,0,0,0,0,0,0,0,0,0,0,21.1702401,72.8310607
GUJARAT,Urban,Surat,Bicycle,263434,258685,4749,0,0,0,21212,20699,513,171970,168965,3005,48457,47650,807,6171,6055,116,15624,15316,308,0,0,0,0,0,0,0,0,0,21.1702401,72.8310607
GUJARAT,Urban,Surat,Moped/Scooter/Motor Cycle,524030,499818,24212,0,0,0,48944,46125,2819,253754,241805,11949,142054,135964,6090,40827,39040,1787,8014,7725,289,4330,4167,163,1030,998,32,25077,23994,1083,21.1702401,72.8310607
GUJARAT,Urban,Surat,Car/Jeep/Van,47901,44903,2998,0,0,0,3086,2812,274,16012,14855,1157,14865,14058,807,6987,6566,421,2779,2664,115,1359,1297,62,642,618,24,2171,2033,138,21.1702401,72.8310607
GUJARAT,Urban,Surat,Tempo/Autorickshaw/Taxi,311966,277717,34249,0,0,0,17898,16085,1813,160232,141545,18687,86984,77882,9102,22276,19456,2820,4374,4095,279,3270,3119,151,1497,1448,49,15435,14087,1348,21.1702401,72.8310607
GUJARAT,Urban,Surat,Bus,26008,22738,3270,0,0,0,796,672,124,4000,3346,654,4754,4081,673,7571,6722,849,5296,4820,476,1705,1466,239,766,651,115,1120,980,140,21.1702401,72.8310607
GUJARAT,Urban,Surat,Train,12731,11646,1085,0,0,0,696,634,62,1043,961,82,1146,1068,78,1727,1585,142,1345,1209,136,2246,2036,210,2663,2449,214,1865,1704,161,21.1702401,72.8310607
GUJARAT,Urban,Surat,Water transport,847,806,41,0,0,0,102,85,17,158,151,7,285,277,8,96,94,2,30,29,1,21,21,0,40,39,1,115,110,5,21.1702401,72.8310607
GUJARAT,Urban,Surat,Any other,4661,4185,476,0,0,0,705,624,81,1743,1570,173,1066,931,135,345,305,40,113,107,6,96,92,4,106,102,4,487,454,33,21.1702401,72.8310607
GUJARAT,Urban,Surat,No travel,214068,153938,60130,214068,153938,60130,0,0,0,0,0,0,0,0,0,0,0,0,0,0,0,0,0,0,0,0,0,0,0,0,21.1702401,72.8310607
DAMAN & DIU,Total,Daman,All Modes,102786,92640,10146,7665,6140,1525,48947,44905,4042,33390,30297,3093,9444,8194,1250,1483,1351,132,443,419,24,243,230,13,901,857,44,270,247,23,20.3973736,72.8327991
DAMAN & DIU,Total,Daman,On foot,62180,56505,5675,0,0,0,43857,40158,3699,16348,14602,1746,1975,1745,230,0,0,0,0,0,0,0,0,0,0,0,0,0,0,0,20.3973736,72.8327991
DAMAN & DIU,Total,Daman,Bicycle,10133,9981,152,0,0,0,2012,1970,42,6849,6758,91,965,949,16,109,108,1,198,196,2,0,0,0,0,0,0,0,0,0,20.3973736,72.8327991
DAMAN & DIU,Total,Daman,Moped/Scooter/Motor Cycle,12948,11881,1067,0,0,0,2225,2001,224,6466,5894,572,3242,3040,202,658,624,34,80,70,10,65,63,2,105,91,14,107,98,9,20.3973736,72.8327991
DAMAN & DIU,Total,Daman,Car/Jeep/Van,1783,1573,210,0,0,0,288,271,17,715,623,92,509,433,76,175,156,19,18,17,1,27,26,1,25,23,2,26,24,2,20.3973736,72.8327991
DAMAN & DIU,Total,Daman,Tempo/Autorickshaw/Taxi,3147,2599,548,0,0,0,289,262,27,1477,1154,323,987,816,171,234,217,17,43,41,2,32,29,3,40,39,1,45,41,4,20.3973736,72.8327991
DAMAN & DIU,Total,Daman,Bus,3489,2607,882,0,0,0,133,112,21,1318,1075,243,1627,1091,536,258,201,57,59,51,8,40,35,5,36,28,8,18,14,4,20.3973736,72.8327991
DAMAN & DIU,Total,Daman,Train,635,599,36,0,0,0,104,97,7,43,40,3,26,24,2,12,11,1,20,19,1,25,23,2,384,366,18,21,19,2,20.3973736,72.8327991
DAMAN & DIU,Total,Daman,Water transport,656,647,9,0,0,0,22,22,0,107,105,2,68,65,3,32,29,3,25,25,0,54,54,0,308,307,1,40,40,0,20.3973736,72.8327991
DAMAN & DIU,Total,Daman,Any other,150,108,42,0,0,0,17,12,5,67,46,21,45,31,14,5,5,0,0,0,0,0,0,0,3,3,0,13,11,2,20.3973736,72.8327991
DAMAN & DIU,Total,Daman,No travel,7665,6140,1525,7665,6140,1525,0,0,0,0,0,0,0,0,0,0,0,0,0,0,0,0,0,0,0,0,0,0,0,0,20.3973736,72.8327991
DAMAN & DIU,Rural,Daman,All Modes,13172,10994,2178,1267,989,278,3845,3338,507,4774,4046,728,2340,1745,595,322,281,41,88,80,8,54,52,2,440,425,15,42,38,4,20.3973736,72.8327991
DAMAN & DIU,Rural,Daman,On foot,4853,3936,917,0,0,0,3360,2890,470,1224,834,390,269,212,57,0,0,0,0,0,0,0,0,0,0,0,0,0,0,0,20.3973736,72.8327991
DAMAN & DIU,Rural,Daman,Bicycle,1658,1633,25,0,0,0,171,164,7,1143,1130,13,290,285,5,29,29,0,25,25,0,0,0,0,0,0,0,0,0,0,20.3973736,72.8327991
DAMAN & DIU,Rural,Daman,Moped/Scooter/Motor Cycle,2936,2764,172,0,0,0,207,187,20,1560,1472,88,925,874,51,153,151,2,16,14,2,9,9,0,42,36,6,24,21,3,20.3973736,72.8327991
DAMAN & DIU,Rural,Daman,Car/Jeep/Van,255,178,77,0,0,0,22,21,1,121,87,34,88,50,38,12,9,3,1,1,0,4,4,0,5,4,1,2,2,0,20.3973736,72.8327991
DAMAN & DIU,Rural,Daman,Tempo/Autorickshaw/Taxi,772,554,218,0,0,0,59,55,4,356,246,110,267,175,92,57,48,9,13,11,2,3,3,0,10,9,1,7,7,0,20.3973736,72.8327991
DAMAN & DIU,Rural,Daman,Bus,838,363,475,0,0,0,10,6,4,262,174,88,481,134,347,58,31,27,8,5,3,4,2,2,13,10,3,2,1,1,20.3973736,72.8327991
DAMAN & DIU,Rural,Daman,Train,196,190,6,0,0,0,10,9,1,6,5,1,1,1,0,1,1,0,8,7,1,6,6,0,163,160,3,1,1,0,20.3973736,72.8327991
DAMAN & DIU,Rural,Daman,Water transport,389,384,5,0,0,0,5,5,0,100,98,2,15,13,2,12,12,0,17,17,0,28,28,0,206,205,1,6,6,0,20.3973736,72.8327991
DAMAN & DIU,Rural,Daman,Any other,8,3,5,0,0,0,1,1,0,2,0,2,4,1,3,0,0,0,0,0,0,0,0,0,1,1,0,0,0,0,20.3973736,72.8327991
DAMAN & DIU,Rural,Daman,No travel,1267,989,278,1267,989,278,0,0,0,0,0,0,0,0,0,0,0,0,0,0,0,0,0,0,0,0,0,0,0,0,20.3973736,72.8327991
DAMAN & DIU,Urban,Daman,All Modes,89614,81646,7968,6398,5151,1247,45102,41567,3535,28616,26251,2365,7104,6449,655,1161,1070,91,355,339,16,189,178,11,461,432,29,228,209,19,20.3973736,72.8327991
DAMAN & DIU,Urban,Daman,On foot,57327,52569,4758,0,0,0,40497,37268,3229,15124,13768,1356,1706,1533,173,0,0,0,0,0,0,0,0,0,0,0,0,0,0,0,20.3973736,72.8327991
DAMAN & DIU,Urban,Daman,Bicycle,8475,8348,127,0,0,0,1841,1806,35,5706,5628,78,675,664,11,80,79,1,173,171,2,0,0,0,0,0,0,0,0,0,20.3973736,72.8327991
DAMAN & DIU,Urban,Daman,Moped/Scooter/Motor Cycle,10012,9117,895,0,0,0,2018,1814,204,4906,4422,484,2317,2166,151,505,473,32,64,56,8,56,54,2,63,55,8,83,77,6,20.3973736,72.8327991
DAMAN & DIU,Urban,Daman,Car/Jeep/Van,1528,1395,133,0,0,0,266,250,16,594,536,58,421,383,38,163,147,16,17,16,1,23,22,1,20,19,1,24,22,2,20.3973736,72.8327991
DAMAN & DIU,Urban,Daman,Tempo/Autorickshaw/Taxi,2375,2045,330,0,0,0,230,207,23,1121,908,213,720,641,79,177,169,8,30,30,0,29,26,3,30,30,0,38,34,4,20.3973736,72.8327991
DAMAN & DIU,Urban,Daman,Bus,2651,2244,407,0,0,0,123,106,17,1056,901,155,1146,957,189,200,170,30,51,46,5,36,33,3,23,18,5,16,13,3,20.3973736,72.8327991
DAMAN & DIU,Urban,Daman,Train,439,409,30,0,0,0,94,88,6,37,35,2,25,23,2,11,10,1,12,12,0,19,17,2,221,206,15,20,18,2,20.3973736,72.8327991
DAMAN & DIU,Urban,Daman,Water transport,267,263,4,0,0,0,17,17,0,7,7,0,53,52,1,20,17,3,8,8,0,26,26,0,102,102,0,34,34,0,20.3973736,72.8327991
DAMAN & DIU,Urban,Daman,Any other,142,105,37,0,0,0,16,11,5,65,46,19,41,30,11,5,5,0,0,0,0,0,0,0,2,2,0,13,11,2,20.3973736,72.8327991
DAMAN & DIU,Urban,Daman,No travel,6398,5151,1247,6398,5151,1247,0,0,0,0,0,0,0,0,0,0,0,0,0,0,0,0,0,0,0,0,0,0,0,0,20.3973736,72.8327991
DAMAN & DIU,Total,Diu,All Modes,14713,12608,2105,1600,1128,472,4665,3945,720,3601,3071,530,1562,1365,197,429,352,77,102,82,20,35,32,3,2637,2552,85,82,81,1,20.428283,72.8397317
DAMAN & DIU,Total,Diu,On foot,5465,4556,909,0,0,0,3772,3115,657,1025,822,203,668,619,49,0,0,0,0,0,0,0,0,0,0,0,0,0,0,0,20.428283,72.8397317
DAMAN & DIU,Total,Diu,Bicycle,554,541,13,0,0,0,132,129,3,293,291,2,63,61,2,8,5,3,58,55,3,0,0,0,0,0,0,0,0,0,20.428283,72.8397317
DAMAN & DIU,Total,Diu,Moped/Scooter/Motor Cycle,2428,2246,182,0,0,0,587,544,43,1111,1024,87,378,356,22,200,189,11,6,6,0,3,3,0,136,117,19,7,7,0,20.428283,72.8397317
DAMAN & DIU,Total,Diu,Car/Jeep/Van,104,86,18,0,0,0,21,19,2,27,24,3,18,11,7,19,17,2,2,2,0,3,3,0,13,9,4,1,1,0,20.428283,72.8397317
DAMAN & DIU,Total,Diu,Tempo/Autorickshaw/Taxi,656,422,234,0,0,0,24,22,2,362,244,118,158,91,67,76,47,29,9,2,7,6,3,3,19,12,7,2,1,1,20.428283,72.8397317
DAMAN & DIU,Total,Diu,Bus,3365,3091,274,0,0,0,24,11,13,650,534,116,258,208,50,85,54,31,22,12,10,8,8,0,2277,2223,54,41,41,0,20.428283,72.8397317
DAMAN & DIU,Total,Diu,Train,11,11,0,0,0,0,3,3,0,1,1,0,2,2,0,0,0,0,0,0,0,0,0,0,4,4,0,1,1,0,20.428283,72.8397317
DAMAN & DIU,Total,Diu,Water transport,518,516,2,0,0,0,99,99,0,129,129,0,16,16,0,38,37,1,5,5,0,15,15,0,186,185,1,30,30,0,20.428283,72.8397317
DAMAN & DIU,Total,Diu,Any other,12,11,1,0,0,0,3,3,0,3,2,1,1,1,0,3,3,0,0,0,0,0,0,0,2,2,0,0,0,0,20.428283,72.8397317
DAMAN & DIU,Total,Diu,No travel,1600,1128,472,1600,1128,472,0,0,0,0,0,0,0,0,0,0,0,0,0,0,0,0,0,0,0,0,0,0,0,0,20.428283,72.8397317
DAMAN & DIU,Rural,Diu,All Modes,7594,6625,969,803,640,163,2827,2436,391,2163,1945,218,1021,890,131,221,198,23,23,9,14,11,8,3,514,488,26,11,11,0,20.428283,72.8397317
DAMAN & DIU,Rural,Diu,On foot,3636,3166,470,0,0,0,2553,2177,376,722,652,70,361,337,24,0,0,0,0,0,0,0,0,0,0,0,0,0,0,0,20.428283,72.8397317
DAMAN & DIU,Rural,Diu,Bicycle,186,182,4,0,0,0,36,35,1,89,88,1,54,53,1,1,0,1,6,6,0,0,0,0,0,0,0,0,0,0,20.428283,72.8397317
DAMAN & DIU,Rural,Diu,Moped/Scooter/Motor Cycle,1024,995,29,0,0,0,154,148,6,491,478,13,236,228,8,115,113,2,2,2,0,3,3,0,19,19,0,4,4,0,20.428283,72.8397317
DAMAN & DIU,Rural,Diu,Car/Jeep/Van,47,38,9,0,0,0,3,3,0,11,10,1,17,10,7,9,9,0,1,1,0,1,1,0,4,3,1,1,1,0,20.428283,72.8397317
DAMAN & DIU,Rural,Diu,Tempo/Autorickshaw/Taxi,517,346,171,0,0,0,6,6,0,309,217,92,139,82,57,43,33,10,6,0,6,4,1,3,9,6,3,1,1,0,20.428283,72.8397317
DAMAN & DIU,Rural,Diu,Bus,1157,1037,120,0,0,0,13,5,8,482,442,40,210,176,34,51,42,9,8,0,8,3,3,0,386,365,21,4,4,0,20.428283,72.8397317
DAMAN & DIU,Rural,Diu,Train,1,1,0,0,0,0,0,0,0,1,1,0,0,0,0,0,0,0,0,0,0,0,0,0,0,0,0,0,0,0,20.428283,72.8397317
DAMAN & DIU,Rural,Diu,Water transport,216,214,2,0,0,0,60,60,0,55,55,0,3,3,0,1,0,1,0,0,0,0,0,0,96,95,1,1,1,0,20.428283,72.8397317
DAMAN & DIU,Rural,Diu,Any other,7,6,1,0,0,0,2,2,0,3,2,1,1,1,0,1,1,0,0,0,0,0,0,0,0,0,0,0,0,0,20.428283,72.8397317
DAMAN & DIU,Rural,Diu,No travel,803,640,163,803,640,163,0,0,0,0,0,0,0,0,0,0,0,0,0,0,0,0,0,0,0,0,0,0,0,0,20.428283,72.8397317
DAMAN & DIU,Urban,Diu,All Modes,7119,5983,1136,797,488,309,1838,1509,329,1438,1126,312,541,475,66,208,154,54,79,73,6,24,24,0,2123,2064,59,71,70,1,20.428283,72.8397317
DAMAN & DIU,Urban,Diu,On foot,1829,1390,439,0,0,0,1219,938,281,303,170,133,307,282,25,0,0,0,0,0,0,0,0,0,0,0,0,0,0,0,20.428283,72.8397317
DAMAN & DIU,Urban,Diu,Bicycle,368,359,9,0,0,0,96,94,2,204,203,1,9,8,1,7,5,2,52,49,3,0,0,0,0,0,0,0,0,0,20.428283,72.8397317
DAMAN & DIU,Urban,Diu,Moped/Scooter/Motor Cycle,1404,1251,153,0,0,0,433,396,37,620,546,74,142,128,14,85,76,9,4,4,0,0,0,0,117,98,19,3,3,0,20.428283,72.8397317
DAMAN & DIU,Urban,Diu,Car/Jeep/Van,57,48,9,0,0,0,18,16,2,16,14,2,1,1,0,10,8,2,1,1,0,2,2,0,9,6,3,0,0,0,20.428283,72.8397317
DAMAN & DIU,Urban,Diu,Tempo/Autorickshaw/Taxi,139,76,63,0,0,0,18,16,2,53,27,26,19,9,10,33,14,19,3,2,1,2,2,0,10,6,4,1,0,1,20.428283,72.8397317
DAMAN & DIU,Urban,Diu,Bus,2208,2054,154,0,0,0,11,6,5,168,92,76,48,32,16,34,12,22,14,12,2,5,5,0,1891,1858,33,37,37,0,20.428283,72.8397317
DAMAN & DIU,Urban,Diu,Train,10,10,0,0,0,0,3,3,0,0,0,0,2,2,0,0,0,0,0,0,0,0,0,0,4,4,0,1,1,0,20.428283,72.8397317
DAMAN & DIU,Urban,Diu,Water transport,302,302,0,0,0,0,39,39,0,74,74,0,13,13,0,37,37,0,5,5,0,15,15,0,90,90,0,29,29,0,20.428283,72.8397317
DAMAN & DIU,Urban,Diu,Any other,5,5,0,0,0,0,1,1,0,0,0,0,0,0,0,2,2,0,0,0,0,0,0,0,2,2,0,0,0,0,20.428283,72.8397317
DAMAN & DIU,Urban,Diu,No travel,797,488,309,797,488,309,0,0,0,0,0,0,0,0,0,0,0,0,0,0,0,0,0,0,0,0,0,0,0,0,20.428283,72.8397317
RAJASTHAN,Total,Sirohi,All Modes,188483,145951,42532,48150,33904,14246,41143,29222,11921,54474,41482,12992,20968,18694,2274,11387,10770,617,4317,4057,260,2560,2476,84,4834,4731,103,650,615,35,24.8851548,72.8574558
RAJASTHAN,Total,Sirohi,On foot,63115,39095,24020,0,0,0,31467,20066,11401,26693,15459,11234,4955,3570,1385,0,0,0,0,0,0,0,0,0,0,0,0,0,0,0,24.8851548,72.8574558
RAJASTHAN,Total,Sirohi,Bicycle,14866,14554,312,0,0,0,2450,2378,72,8556,8382,174,2916,2869,47,689,677,12,255,248,7,0,0,0,0,0,0,0,0,0,24.8851548,72.8574558
RAJASTHAN,Total,Sirohi,Moped/Scooter/Motor Cycle,25103,24159,944,0,0,0,5203,4980,223,11051,10549,502,4450,4323,127,2682,2632,50,877,856,21,466,458,8,194,189,5,180,172,8,24.8851548,72.8574558
RAJASTHAN,Total,Sirohi,Car/Jeep/Van,4702,4305,397,0,0,0,506,459,47,1323,1197,126,868,806,62,911,831,80,511,453,58,334,322,12,206,198,8,43,39,4,24.8851548,72.8574558
RAJASTHAN,Total,Sirohi,Tempo/Autorickshaw/Taxi,17889,16070,1819,0,0,0,916,805,111,5315,4537,778,5634,5115,519,4448,4138,310,911,840,71,329,317,12,202,195,7,134,123,11,24.8851548,72.8574558
RAJASTHAN,Total,Sirohi,Bus,11057,10430,627,0,0,0,367,325,42,1059,950,109,1900,1781,119,2472,2315,157,1654,1556,98,1300,1250,50,2164,2120,44,141,133,8,24.8851548,72.8574558
RAJASTHAN,Total,Sirohi,Train,2660,2571,89,0,0,0,109,96,13,159,132,27,77,75,2,70,67,3,58,55,3,94,92,2,1967,1932,35,126,122,4,24.8851548,72.8574558
RAJASTHAN,Total,Sirohi,Water transport,30,24,6,0,0,0,17,13,4,4,4,0,3,2,1,1,0,1,3,3,0,1,1,0,1,1,0,0,0,0,24.8851548,72.8574558
RAJASTHAN,Total,Sirohi,Any other,911,839,72,0,0,0,108,100,8,314,272,42,165,153,12,114,110,4,48,46,2,36,36,0,100,96,4,26,26,0,24.8851548,72.8574558
RAJASTHAN,Total,Sirohi,No travel,48150,33904,14246,48150,33904,14246,0,0,0,0,0,0,0,0,0,0,0,0,0,0,0,0,0,0,0,0,0,0,0,0,24.8851548,72.8574558
RAJASTHAN,Rural,Sirohi,All Modes,128712,94154,34558,33805,22177,11628,23467,13862,9605,35157,24466,10691,17060,15173,1887,10018,9576,442,3195,3029,166,1845,1793,52,3671,3606,65,494,472,22,24.8851548,72.8574558
RAJASTHAN,Rural,Sirohi,On foot,45079,24523,20556,0,0,0,20243,10850,9393,20680,10776,9904,4156,2897,1259,0,0,0,0,0,0,0,0,0,0,0,0,0,0,0,24.8851548,72.8574558
RAJASTHAN,Rural,Sirohi,Bicycle,8540,8318,222,0,0,0,780,741,39,4517,4389,128,2468,2427,41,613,605,8,162,156,6,0,0,0,0,0,0,0,0,0,24.8851548,72.8574558
RAJASTHAN,Rural,Sirohi,Moped/Scooter/Motor Cycle,12132,11900,232,0,0,0,1215,1175,40,4510,4413,97,3130,3079,51,2101,2081,20,643,628,15,313,309,4,124,121,3,96,94,2,24.8851548,72.8574558
RAJASTHAN,Rural,Sirohi,Car/Jeep/Van,3137,2889,248,0,0,0,215,193,22,683,629,54,680,637,43,804,739,65,378,329,49,235,226,9,109,107,2,33,29,4,24.8851548,72.8574558
RAJASTHAN,Rural,Sirohi,Tempo/Autorickshaw/Taxi,14591,13346,1245,0,0,0,623,548,75,3577,3165,412,4784,4373,411,4259,3990,269,825,766,59,259,253,6,153,147,6,111,104,7,24.8851548,72.8574558
RAJASTHAN,Rural,Sirohi,Bus,8754,8448,306,0,0,0,252,235,17,853,807,46,1645,1576,69,2088,2013,75,1111,1078,33,958,925,33,1721,1693,28,126,121,5,24.8851548,72.8574558
RAJASTHAN,Rural,Sirohi,Train,1966,1909,57,0,0,0,65,55,10,97,82,15,56,54,2,53,53,0,36,33,3,49,49,0,1505,1482,23,105,101,4,24.8851548,72.8574558
RAJASTHAN,Rural,Sirohi,Water transport,21,16,5,0,0,0,12,9,3,1,1,0,2,1,1,1,0,1,3,3,0,1,1,0,1,1,0,0,0,0,24.8851548,72.8574558
RAJASTHAN,Rural,Sirohi,Any other,687,628,59,0,0,0,62,56,6,239,204,35,139,129,10,99,95,4,37,36,1,30,30,0,58,55,3,23,23,0,24.8851548,72.8574558
RAJASTHAN,Rural,Sirohi,No travel,33805,22177,11628,33805,22177,11628,0,0,0,0,0,0,0,0,0,0,0,0,0,0,0,0,0,0,0,0,0,0,0,0,24.8851548,72.8574558
RAJASTHAN,Urban,Sirohi,All Modes,59771,51797,7974,14345,11727,2618,17676,15360,2316,19317,17016,2301,3908,3521,387,1369,1194,175,1122,1028,94,715,683,32,1163,1125,38,156,143,13,24.8851548,72.8574558
RAJASTHAN,Urban,Sirohi,On foot,18036,14572,3464,0,0,0,11224,9216,2008,6013,4683,1330,799,673,126,0,0,0,0,0,0,0,0,0,0,0,0,0,0,0,24.8851548,72.8574558
RAJASTHAN,Urban,Sirohi,Bicycle,6326,6236,90,0,0,0,1670,1637,33,4039,3993,46,448,442,6,76,72,4,93,92,1,0,0,0,0,0,0,0,0,0,24.8851548,72.8574558
RAJASTHAN,Urban,Sirohi,Moped/Scooter/Motor Cycle,12971,12259,712,0,0,0,3988,3805,183,6541,6136,405,1320,1244,76,581,551,30,234,228,6,153,149,4,70,68,2,84,78,6,24.8851548,72.8574558
RAJASTHAN,Urban,Sirohi,Car/Jeep/Van,1565,1416,149,0,0,0,291,266,25,640,568,72,188,169,19,107,92,15,133,124,9,99,96,3,97,91,6,10,10,0,24.8851548,72.8574558
RAJASTHAN,Urban,Sirohi,Tempo/Autorickshaw/Taxi,3298,2724,574,0,0,0,293,257,36,1738,1372,366,850,742,108,189,148,41,86,74,12,70,64,6,49,48,1,23,19,4,24.8851548,72.8574558
RAJASTHAN,Urban,Sirohi,Bus,2303,1982,321,0,0,0,115,90,25,206,143,63,255,205,50,384,302,82,543,478,65,342,325,17,443,427,16,15,12,3,24.8851548,72.8574558
RAJASTHAN,Urban,Sirohi,Train,694,662,32,0,0,0,44,41,3,62,50,12,21,21,0,17,14,3,22,22,0,45,43,2,462,450,12,21,21,0,24.8851548,72.8574558
RAJASTHAN,Urban,Sirohi,Water transport,9,8,1,0,0,0,5,4,1,3,3,0,1,1,0,0,0,0,0,0,0,0,0,0,0,0,0,0,0,0,24.8851548,72.8574558
RAJASTHAN,Urban,Sirohi,Any other,224,211,13,0,0,0,46,44,2,75,68,7,26,24,2,15,15,0,11,10,1,6,6,0,42,41,1,3,3,0,24.8851548,72.8574558
RAJASTHAN,Urban,Sirohi,No travel,14345,11727,2618,14345,11727,2618,0,0,0,0,0,0,0,0,0,0,0,0,0,0,0,0,0,0,0,0,0,0,0,0,24.8851548,72.8574558
MAHARASHTRA,Total,Mumbai Suburban,All Modes,3579397,2840979,738418,649502,482788,166714,593000,461444,131556,677247,537954,139293,619029,500095,118934,455770,371330,84440,247302,205559,41743,161102,134928,26174,43272,37837,5435,133173,109044,24129,19.1538231,72.8751786
MAHARASHTRA,Total,Mumbai Suburban,On foot,884429,687058,197371,0,0,0,484312,373175,111137,222938,174015,48923,177179,139868,37311,0,0,0,0,0,0,0,0,0,0,0,0,0,0,0,19.1538231,72.8751786
MAHARASHTRA,Total,Mumbai Suburban,Bicycle,44723,40758,3965,0,0,0,6980,6304,676,21452,19862,1590,6639,6163,476,3011,2677,334,6641,5752,889,0,0,0,0,0,0,0,0,0,19.1538231,72.8751786
MAHARASHTRA,Total,Mumbai Suburban,Moped/Scooter/Motor Cycle,158755,145198,13557,0,0,0,20148,18275,1873,53989,49085,4904,32085,29341,2744,24964,23160,1804,8389,7916,473,5599,5218,381,1483,1361,122,12098,10842,1256,19.1538231,72.8751786
MAHARASHTRA,Total,Mumbai Suburban,Car/Jeep/Van,172646,141500,31146,0,0,0,13440,10878,2562,39924,32034,7890,35023,28065,6958,39570,32544,7026,18302,15557,2745,11412,9909,1503,4116,3677,439,10859,8836,2023,19.1538231,72.8751786
MAHARASHTRA,Total,Mumbai Suburban,Tempo/Autorickshaw/Taxi,130678,101214,29464,0,0,0,14486,10637,3849,41242,28327,12915,23172,17494,5678,16851,13494,3357,8414,7554,860,8266,7524,742,4892,4661,231,13355,11523,1832,19.1538231,72.8751786
MAHARASHTRA,Total,Mumbai Suburban,Bus,617794,493986,123808,0,0,0,30715,23794,6921,217794,171504,46290,173369,140733,32636,102165,81890,20275,34043,28000,6043,19522,15970,3552,5693,4820,873,34493,27275,7218,19.1538231,72.8751786
MAHARASHTRA,Total,Mumbai Suburban,Train,896260,727256,169004,0,0,0,20304,16139,4165,76290,60216,16074,168539,135848,32691,266076,214872,51204,169749,139248,30501,114792,94937,19855,25530,21875,3655,54980,44121,10859,19.1538231,72.8751786
MAHARASHTRA,Total,Mumbai Suburban,Water transport,6053,5242,811,0,0,0,516,419,97,1207,917,290,692,576,116,764,679,85,405,358,47,489,453,36,550,521,29,1430,1319,111,19.1538231,72.8751786
MAHARASHTRA,Total,Mumbai Suburban,Any other,18557,15979,2578,0,0,0,2099,1823,276,2411,1994,417,2331,2007,324,2369,2014,355,1359,1174,185,1022,917,105,1008,922,86,5958,5128,830,19.1538231,72.8751786
MAHARASHTRA,Total,Mumbai Suburban,No travel,649502,482788,166714,649502,482788,166714,0,0,0,0,0,0,0,0,0,0,0,0,0,0,0,0,0,0,0,0,0,0,0,0,19.1538231,72.8751786
MAHARASHTRA,Rural,Mumbai Suburban,All Modes,0,0,0,0,0,0,0,0,0,0,0,0,0,0,0,0,0,0,0,0,0,0,0,0,0,0,0,0,0,0,19.1538231,72.8751786
MAHARASHTRA,Rural,Mumbai Suburban,On foot,0,0,0,0,0,0,0,0,0,0,0,0,0,0,0,0,0,0,0,0,0,0,0,0,0,0,0,0,0,0,19.1538231,72.8751786
MAHARASHTRA,Rural,Mumbai Suburban,Bicycle,0,0,0,0,0,0,0,0,0,0,0,0,0,0,0,0,0,0,0,0,0,0,0,0,0,0,0,0,0,0,19.1538231,72.8751786
MAHARASHTRA,Rural,Mumbai Suburban,Moped/Scooter/Motor Cycle,0,0,0,0,0,0,0,0,0,0,0,0,0,0,0,0,0,0,0,0,0,0,0,0,0,0,0,0,0,0,19.1538231,72.8751786
MAHARASHTRA,Rural,Mumbai Suburban,Car/Jeep/Van,0,0,0,0,0,0,0,0,0,0,0,0,0,0,0,0,0,0,0,0,0,0,0,0,0,0,0,0,0,0,19.1538231,72.8751786
MAHARASHTRA,Rural,Mumbai Suburban,Tempo/Autorickshaw/Taxi,0,0,0,0,0,0,0,0,0,0,0,0,0,0,0,0,0,0,0,0,0,0,0,0,0,0,0,0,0,0,19.1538231,72.8751786
MAHARASHTRA,Rural,Mumbai Suburban,Bus,0,0,0,0,0,0,0,0,0,0,0,0,0,0,0,0,0,0,0,0,0,0,0,0,0,0,0,0,0,0,19.1538231,72.8751786
MAHARASHTRA,Rural,Mumbai Suburban,Train,0,0,0,0,0,0,0,0,0,0,0,0,0,0,0,0,0,0,0,0,0,0,0,0,0,0,0,0,0,0,19.1538231,72.8751786
MAHARASHTRA,Rural,Mumbai Suburban,Water transport,0,0,0,0,0,0,0,0,0,0,0,0,0,0,0,0,0,0,0,0,0,0,0,0,0,0,0,0,0,0,19.1538231,72.8751786
MAHARASHTRA,Rural,Mumbai Suburban,Any other,0,0,0,0,0,0,0,0,0,0,0,0,0,0,0,0,0,0,0,0,0,0,0,0,0,0,0,0,0,0,19.1538231,72.8751786
MAHARASHTRA,Rural,Mumbai Suburban,No travel,0,0,0,0,0,0,0,0,0,0,0,0,0,0,0,0,0,0,0,0,0,0,0,0,0,0,0,0,0,0,19.1538231,72.8751786
MAHARASHTRA,Urban,Mumbai Suburban,All Modes,3579397,2840979,738418,649502,482788,166714,593000,461444,131556,677247,537954,139293,619029,500095,118934,455770,371330,84440,247302,205559,41743,161102,134928,26174,43272,37837,5435,133173,109044,24129,19.1538231,72.8751786
MAHARASHTRA,Urban,Mumbai Suburban,On foot,884429,687058,197371,0,0,0,484312,373175,111137,222938,174015,48923,177179,139868,37311,0,0,0,0,0,0,0,0,0,0,0,0,0,0,0,19.1538231,72.8751786
MAHARASHTRA,Urban,Mumbai Suburban,Bicycle,44723,40758,3965,0,0,0,6980,6304,676,21452,19862,1590,6639,6163,476,3011,2677,334,6641,5752,889,0,0,0,0,0,0,0,0,0,19.1538231,72.8751786
MAHARASHTRA,Urban,Mumbai Suburban,Moped/Scooter/Motor Cycle,158755,145198,13557,0,0,0,20148,18275,1873,53989,49085,4904,32085,29341,2744,24964,23160,1804,8389,7916,473,5599,5218,381,1483,1361,122,12098,10842,1256,19.1538231,72.8751786
MAHARASHTRA,Urban,Mumbai Suburban,Car/Jeep/Van,172646,141500,31146,0,0,0,13440,10878,2562,39924,32034,7890,35023,28065,6958,39570,32544,7026,18302,15557,2745,11412,9909,1503,4116,3677,439,10859,8836,2023,19.1538231,72.8751786
MAHARASHTRA,Urban,Mumbai Suburban,Tempo/Autorickshaw/Taxi,130678,101214,29464,0,0,0,14486,10637,3849,41242,28327,12915,23172,17494,5678,16851,13494,3357,8414,7554,860,8266,7524,742,4892,4661,231,13355,11523,1832,19.1538231,72.8751786
MAHARASHTRA,Urban,Mumbai Suburban,Bus,617794,493986,123808,0,0,0,30715,23794,6921,217794,171504,46290,173369,140733,32636,102165,81890,20275,34043,28000,6043,19522,15970,3552,5693,4820,873,34493,27275,7218,19.1538231,72.8751786
MAHARASHTRA,Urban,Mumbai Suburban,Train,896260,727256,169004,0,0,0,20304,16139,4165,76290,60216,16074,168539,135848,32691,266076,214872,51204,169749,139248,30501,114792,94937,19855,25530,21875,3655,54980,44121,10859,19.1538231,72.8751786
MAHARASHTRA,Urban,Mumbai Suburban,Water transport,6053,5242,811,0,0,0,516,419,97,1207,917,290,692,576,116,764,679,85,405,358,47,489,453,36,550,521,29,1430,1319,111,19.1538231,72.8751786
MAHARASHTRA,Urban,Mumbai Suburban,Any other,18557,15979,2578,0,0,0,2099,1823,276,2411,1994,417,2331,2007,324,2369,2014,355,1359,1174,185,1022,917,105,1008,922,86,5958,5128,830,19.1538231,72.8751786
MAHARASHTRA,Urban,Mumbai Suburban,No travel,649502,482788,166714,649502,482788,166714,0,0,0,0,0,0,0,0,0,0,0,0,0,0,0,0,0,0,0,0,0,0,0,0,19.1538231,72.8751786
MAHARASHTRA,Total,Mumbai,All Modes,1227062,980252,246810,293602,230610,62992,215783,173029,42754,229702,181873,47829,229120,184589,44531,127347,102525,24822,46135,37663,8472,28176,23281,4895,10757,9181,1576,46440,37501,8939,19.0759837,72.8776559
MAHARASHTRA,Total,Mumbai,On foot,315860,253036,62824,0,0,0,177945,142523,35422,67542,53323,14219,70373,57190,13183,0,0,0,0,0,0,0,0,0,0,0,0,0,0,0,19.0759837,72.8776559
MAHARASHTRA,Total,Mumbai,Bicycle,13239,11796,1443,0,0,0,2324,2040,284,5945,5369,576,1884,1702,182,867,753,114,2219,1932,287,0,0,0,0,0,0,0,0,0,19.0759837,72.8776559
MAHARASHTRA,Total,Mumbai,Moped/Scooter/Motor Cycle,55742,51344,4398,0,0,0,8412,7678,734,22280,20582,1698,9955,9230,725,5810,5416,394,1752,1647,105,1607,1485,122,426,391,35,5500,4915,585,19.0759837,72.8776559
MAHARASHTRA,Total,Mumbai,Car/Jeep/Van,57519,45301,12218,0,0,0,5028,3868,1160,17078,13278,3800,13917,10924,2993,10200,8136,2064,3317,2678,639,2233,1844,389,1056,901,155,4690,3672,1018,19.0759837,72.8776559
MAHARASHTRA,Total,Mumbai,Tempo/Autorickshaw/Taxi,20238,16399,3839,0,0,0,1906,1521,385,5544,4054,1490,3693,2936,757,2409,2004,405,1177,1076,101,1422,1308,114,1268,1198,70,2819,2302,517,19.0759837,72.8776559
MAHARASHTRA,Total,Mumbai,Bus,170536,130582,39954,0,0,0,10108,7436,2672,69651,52383,17268,47977,37291,10686,22012,17310,4702,4725,3745,980,3967,3075,892,1257,998,259,10839,8344,2495,19.0759837,72.8776559
MAHARASHTRA,Total,Mumbai,Train,293373,235040,58333,0,0,0,9242,7250,1992,40586,31927,8659,80232,64369,15863,85075,68056,17019,32573,26250,6323,18575,15228,3347,6374,5355,1019,20716,16605,4111,19.0759837,72.8776559
MAHARASHTRA,Total,Mumbai,Water transport,1895,1711,184,0,0,0,190,165,25,263,234,29,291,258,33,259,230,29,124,114,10,171,162,9,142,130,12,455,418,37,19.0759837,72.8776559
MAHARASHTRA,Total,Mumbai,Any other,5058,4433,625,0,0,0,628,548,80,813,723,90,798,689,109,715,620,95,248,221,27,201,179,22,234,208,26,1421,1245,176,19.0759837,72.8776559
MAHARASHTRA,Total,Mumbai,No travel,293602,230610,62992,293602,230610,62992,0,0,0,0,0,0,0,0,0,0,0,0,0,0,0,0,0,0,0,0,0,0,0,0,19.0759837,72.8776559
MAHARASHTRA,Rural,Mumbai,All Modes,0,0,0,0,0,0,0,0,0,0,0,0,0,0,0,0,0,0,0,0,0,0,0,0,0,0,0,0,0,0,19.0759837,72.8776559
MAHARASHTRA,Rural,Mumbai,On foot,0,0,0,0,0,0,0,0,0,0,0,0,0,0,0,0,0,0,0,0,0,0,0,0,0,0,0,0,0,0,19.0759837,72.8776559
MAHARASHTRA,Rural,Mumbai,Bicycle,0,0,0,0,0,0,0,0,0,0,0,0,0,0,0,0,0,0,0,0,0,0,0,0,0,0,0,0,0,0,19.0759837,72.8776559
MAHARASHTRA,Rural,Mumbai,Moped/Scooter/Motor Cycle,0,0,0,0,0,0,0,0,0,0,0,0,0,0,0,0,0,0,0,0,0,0,0,0,0,0,0,0,0,0,19.0759837,72.8776559
MAHARASHTRA,Rural,Mumbai,Car/Jeep/Van,0,0,0,0,0,0,0,0,0,0,0,0,0,0,0,0,0,0,0,0,0,0,0,0,0,0,0,0,0,0,19.0759837,72.8776559
MAHARASHTRA,Rural,Mumbai,Tempo/Autorickshaw/Taxi,0,0,0,0,0,0,0,0,0,0,0,0,0,0,0,0,0,0,0,0,0,0,0,0,0,0,0,0,0,0,19.0759837,72.8776559
MAHARASHTRA,Rural,Mumbai,Bus,0,0,0,0,0,0,0,0,0,0,0,0,0,0,0,0,0,0,0,0,0,0,0,0,0,0,0,0,0,0,19.0759837,72.8776559
MAHARASHTRA,Rural,Mumbai,Train,0,0,0,0,0,0,0,0,0,0,0,0,0,0,0,0,0,0,0,0,0,0,0,0,0,0,0,0,0,0,19.0759837,72.8776559
MAHARASHTRA,Rural,Mumbai,Water transport,0,0,0,0,0,0,0,0,0,0,0,0,0,0,0,0,0,0,0,0,0,0,0,0,0,0,0,0,0,0,19.0759837,72.8776559
MAHARASHTRA,Rural,Mumbai,Any other,0,0,0,0,0,0,0,0,0,0,0,0,0,0,0,0,0,0,0,0,0,0,0,0,0,0,0,0,0,0,19.0759837,72.8776559
MAHARASHTRA,Rural,Mumbai,No travel,0,0,0,0,0,0,0,0,0,0,0,0,0,0,0,0,0,0,0,0,0,0,0,0,0,0,0,0,0,0,19.0759837,72.8776559
MAHARASHTRA,Urban,Mumbai,All Modes,1227062,980252,246810,293602,230610,62992,215783,173029,42754,229702,181873,47829,229120,184589,44531,127347,102525,24822,46135,37663,8472,28176,23281,4895,10757,9181,1576,46440,37501,8939,19.0759837,72.8776559
MAHARASHTRA,Urban,Mumbai,On foot,315860,253036,62824,0,0,0,177945,142523,35422,67542,53323,14219,70373,57190,13183,0,0,0,0,0,0,0,0,0,0,0,0,0,0,0,19.0759837,72.8776559
MAHARASHTRA,Urban,Mumbai,Bicycle,13239,11796,1443,0,0,0,2324,2040,284,5945,5369,576,1884,1702,182,867,753,114,2219,1932,287,0,0,0,0,0,0,0,0,0,19.0759837,72.8776559
MAHARASHTRA,Urban,Mumbai,Moped/Scooter/Motor Cycle,55742,51344,4398,0,0,0,8412,7678,734,22280,20582,1698,9955,9230,725,5810,5416,394,1752,1647,105,1607,1485,122,426,391,35,5500,4915,585,19.0759837,72.8776559
MAHARASHTRA,Urban,Mumbai,Car/Jeep/Van,57519,45301,12218,0,0,0,5028,3868,1160,17078,13278,3800,13917,10924,2993,10200,8136,2064,3317,2678,639,2233,1844,389,1056,901,155,4690,3672,1018,19.0759837,72.8776559
MAHARASHTRA,Urban,Mumbai,Tempo/Autorickshaw/Taxi,20238,16399,3839,0,0,0,1906,1521,385,5544,4054,1490,3693,2936,757,2409,2004,405,1177,1076,101,1422,1308,114,1268,1198,70,2819,2302,517,19.0759837,72.8776559
MAHARASHTRA,Urban,Mumbai,Bus,170536,130582,39954,0,0,0,10108,7436,2672,69651,52383,17268,47977,37291,10686,22012,17310,4702,4725,3745,980,3967,3075,892,1257,998,259,10839,8344,2495,19.0759837,72.8776559
MAHARASHTRA,Urban,Mumbai,Train,293373,235040,58333,0,0,0,9242,7250,1992,40586,31927,8659,80232,64369,15863,85075,68056,17019,32573,26250,6323,18575,15228,3347,6374,5355,1019,20716,16605,4111,19.0759837,72.8776559
MAHARASHTRA,Urban,Mumbai,Water transport,1895,1711,184,0,0,0,190,165,25,263,234,29,291,258,33,259,230,29,124,114,10,171,162,9,142,130,12,455,418,37,19.0759837,72.8776559
MAHARASHTRA,Urban,Mumbai,Any other,5058,4433,625,0,0,0,628,548,80,813,723,90,798,689,109,715,620,95,248,221,27,201,179,22,234,208,26,1421,1245,176,19.0759837,72.8776559
MAHARASHTRA,Urban,Mumbai,No travel,293602,230610,62992,293602,230610,62992,0,0,0,0,0,0,0,0,0,0,0,0,0,0,0,0,0,0,0,0,0,0,0,0,19.0759837,72.8776559
GUJARAT,Total,Anand,All Modes,329593,237699,91894,136491,75912,60579,52752,39007,13745,68604,59111,9493,31232,26885,4347,16247,14709,1538,9430,8614,816,6128,5597,531,5545,5007,538,3164,2857,307,22.5645175,72.928871
GUJARAT,Total,Anand,On foot,62168,43325,18843,0,0,0,35575,23349,12226,17876,13285,4591,8717,6691,2026,0,0,0,0,0,0,0,0,0,0,0,0,0,0,0,22.5645175,72.928871
GUJARAT,Total,Anand,Bicycle,29237,28159,1078,0,0,0,5368,5086,282,16484,15877,607,4627,4535,92,1259,1236,23,1499,1425,74,0,0,0,0,0,0,0,0,0,22.5645175,72.928871
GUJARAT,Total,Anand,Moped/Scooter/Motor Cycle,51027,46736,4291,0,0,0,8620,7981,639,22856,20747,2109,8409,7582,827,5362,4970,392,2307,2195,112,1235,1183,52,688,637,51,1550,1441,109,22.5645175,72.928871
GUJARAT,Total,Anand,Car/Jeep/Van,6387,5688,699,0,0,0,873,735,138,2437,2180,257,980,875,105,659,590,69,398,365,33,396,367,29,377,346,31,267,230,37,22.5645175,72.928871
GUJARAT,Total,Anand,Tempo/Autorickshaw/Taxi,19063,16238,2825,0,0,0,1291,1075,216,6032,4708,1324,4575,3920,655,3647,3276,371,1576,1450,126,876,831,45,539,501,38,527,477,50,22.5645175,72.928871
GUJARAT,Total,Anand,Bus,16719,14057,2662,0,0,0,535,384,151,2111,1633,478,3256,2673,583,4125,3539,586,2523,2152,371,1989,1751,238,1843,1642,201,337,283,54,22.5645175,72.928871
GUJARAT,Total,Anand,Train,7110,6346,764,0,0,0,290,229,61,388,326,62,449,408,41,1090,1003,87,1069,971,98,1546,1387,159,1980,1772,208,298,250,48,22.5645175,72.928871
GUJARAT,Total,Anand,Water transport,112,84,28,0,0,0,40,24,16,11,10,1,11,9,2,9,7,2,4,4,0,11,6,5,17,16,1,9,8,1,22.5645175,72.928871
GUJARAT,Total,Anand,Any other,1279,1154,125,0,0,0,160,144,16,409,345,64,208,192,16,96,88,8,54,52,2,75,72,3,101,93,8,176,168,8,22.5645175,72.928871
GUJARAT,Total,Anand,No travel,136491,75912,60579,136491,75912,60579,0,0,0,0,0,0,0,0,0,0,0,0,0,0,0,0,0,0,0,0,0,0,0,0,22.5645175,72.928871
GUJARAT,Rural,Anand,All Modes,153730,92155,61575,85265,38924,46341,17969,9429,8540,17092,13564,3528,13768,12011,1757,9496,8850,646,4374,4043,331,2825,2646,179,2127,1962,165,814,726,88,22.5645175,72.928871
GUJARAT,Rural,Anand,On foot,22882,11588,11294,0,0,0,14547,6528,8019,5406,3086,2320,2929,1974,955,0,0,0,0,0,0,0,0,0,0,0,0,0,0,0,22.5645175,72.928871
GUJARAT,Rural,Anand,Bicycle,9106,8628,478,0,0,0,1099,945,154,4288,4043,245,2456,2422,34,757,746,11,506,472,34,0,0,0,0,0,0,0,0,0,22.5645175,72.928871
GUJARAT,Rural,Anand,Moped/Scooter/Motor Cycle,13922,12960,962,0,0,0,1270,1164,106,3959,3597,362,3315,3069,246,2872,2733,139,1201,1155,46,715,689,26,293,271,22,297,282,15,22.5645175,72.928871
GUJARAT,Rural,Anand,Car/Jeep/Van,1384,1205,179,0,0,0,200,130,70,295,256,39,270,251,19,213,199,14,136,130,6,111,104,7,101,91,10,58,44,14,22.5645175,72.928871
GUJARAT,Rural,Anand,Tempo/Autorickshaw/Taxi,8541,7661,880,0,0,0,418,355,63,1952,1609,343,2490,2247,243,2274,2122,152,628,588,40,375,363,12,246,235,11,158,142,16,22.5645175,72.928871
GUJARAT,Rural,Anand,Bus,9578,8419,1159,0,0,0,262,187,75,970,786,184,2003,1760,243,2805,2516,289,1359,1196,163,1142,1039,103,879,799,80,158,136,22,22.5645175,72.928871
GUJARAT,Rural,Anand,Train,2559,2324,235,0,0,0,98,62,36,93,71,22,209,196,13,524,487,37,519,479,40,443,414,29,567,528,39,106,87,19,22.5645175,72.928871
GUJARAT,Rural,Anand,Water transport,47,30,17,0,0,0,26,13,13,2,2,0,4,3,1,1,0,1,3,3,0,1,0,1,6,6,0,4,3,1,22.5645175,72.928871
GUJARAT,Rural,Anand,Any other,446,416,30,0,0,0,49,45,4,127,114,13,92,89,3,50,47,3,22,20,2,38,37,1,35,32,3,33,32,1,22.5645175,72.928871
GUJARAT,Rural,Anand,No travel,85265,38924,46341,85265,38924,46341,0,0,0,0,0,0,0,0,0,0,0,0,0,0,0,0,0,0,0,0,0,0,0,0,22.5645175,72.928871
GUJARAT,Urban,Anand,All Modes,175863,145544,30319,51226,36988,14238,34783,29578,5205,51512,45547,5965,17464,14874,2590,6751,5859,892,5056,4571,485,3303,2951,352,3418,3045,373,2350,2131,219,22.5645175,72.928871
GUJARAT,Urban,Anand,On foot,39286,31737,7549,0,0,0,21028,16821,4207,12470,10199,2271,5788,4717,1071,0,0,0,0,0,0,0,0,0,0,0,0,0,0,0,22.5645175,72.928871
GUJARAT,Urban,Anand,Bicycle,20131,19531,600,0,0,0,4269,4141,128,12196,11834,362,2171,2113,58,502,490,12,993,953,40,0,0,0,0,0,0,0,0,0,22.5645175,72.928871
GUJARAT,Urban,Anand,Moped/Scooter/Motor Cycle,37105,33776,3329,0,0,0,7350,6817,533,18897,17150,1747,5094,4513,581,2490,2237,253,1106,1040,66,520,494,26,395,366,29,1253,1159,94,22.5645175,72.928871
GUJARAT,Urban,Anand,Car/Jeep/Van,5003,4483,520,0,0,0,673,605,68,2142,1924,218,710,624,86,446,391,55,262,235,27,285,263,22,276,255,21,209,186,23,22.5645175,72.928871
GUJARAT,Urban,Anand,Tempo/Autorickshaw/Taxi,10522,8577,1945,0,0,0,873,720,153,4080,3099,981,2085,1673,412,1373,1154,219,948,862,86,501,468,33,293,266,27,369,335,34,22.5645175,72.928871
GUJARAT,Urban,Anand,Bus,7141,5638,1503,0,0,0,273,197,76,1141,847,294,1253,913,340,1320,1023,297,1164,956,208,847,712,135,964,843,121,179,147,32,22.5645175,72.928871
GUJARAT,Urban,Anand,Train,4551,4022,529,0,0,0,192,167,25,295,255,40,240,212,28,566,516,50,550,492,58,1103,973,130,1413,1244,169,192,163,29,22.5645175,72.928871
GUJARAT,Urban,Anand,Water transport,65,54,11,0,0,0,14,11,3,9,8,1,7,6,1,8,7,1,1,1,0,10,6,4,11,10,1,5,5,0,22.5645175,72.928871
GUJARAT,Urban,Anand,Any other,833,738,95,0,0,0,111,99,12,282,231,51,116,103,13,46,41,5,32,32,0,37,35,2,66,61,5,143,136,7,22.5645175,72.928871
GUJARAT,Urban,Anand,No travel,51226,36988,14238,51226,36988,14238,0,0,0,0,0,0,0,0,0,0,0,0,0,0,0,0,0,0,0,0,0,0,0,0,22.5645175,72.928871
GUJARAT,Total,Valsad,All Modes,400818,320316,80502,87524,57589,29935,50481,39356,11125,111245,94688,16557,58633,48161,10472,33896,28438,5458,19518,16919,2599,12871,11315,1556,14293,12881,1412,12357,10969,1388,20.5992349,72.9342451
GUJARAT,Total,Valsad,On foot,78596,57531,21065,0,0,0,33513,24312,9201,32358,24188,8170,12725,9031,3694,0,0,0,0,0,0,0,0,0,0,0,0,0,0,0,20.5992349,72.9342451
GUJARAT,Total,Valsad,Bicycle,44112,42219,1893,0,0,0,3648,3426,222,25077,24158,919,9247,8883,364,2856,2686,170,3284,3066,218,0,0,0,0,0,0,0,0,0,20.5992349,72.9342451
GUJARAT,Total,Valsad,Moped/Scooter/Motor Cycle,80403,74185,6218,0,0,0,8160,7369,791,31780,29174,2606,16645,15398,1247,12030,11236,794,4786,4500,286,2560,2414,146,743,683,60,3699,3411,288,20.5992349,72.9342451
GUJARAT,Total,Valsad,Car/Jeep/Van,14963,12853,2110,0,0,0,1070,931,139,4783,4332,451,2481,2139,342,2087,1774,313,1229,1057,172,1375,1113,262,1100,787,313,838,720,118,20.5992349,72.9342451
GUJARAT,Total,Valsad,Tempo/Autorickshaw/Taxi,39980,30965,9015,0,0,0,1808,1403,405,12719,9407,3312,11196,8381,2815,7576,6121,1455,2625,2230,395,1578,1381,197,556,498,58,1922,1544,378,20.5992349,72.9342451
GUJARAT,Total,Valsad,Bus,22806,15416,7390,0,0,0,623,406,217,3199,2275,924,4733,2931,1802,6157,3757,2400,3289,2259,1030,2172,1734,438,1487,1198,289,1146,856,290,20.5992349,72.9342451
GUJARAT,Total,Valsad,Train,16822,14375,2447,0,0,0,539,441,98,593,476,117,639,476,163,1223,952,271,2991,2516,475,3420,2944,476,5429,4814,615,1988,1756,232,20.5992349,72.9342451
GUJARAT,Total,Valsad,Water transport,14248,13953,295,0,0,0,952,915,37,496,463,33,754,732,22,1797,1759,38,1247,1233,14,1661,1629,32,4871,4802,69,2470,2420,50,20.5992349,72.9342451
GUJARAT,Total,Valsad,Any other,1364,1230,134,0,0,0,168,153,15,240,215,25,213,190,23,170,153,17,67,58,9,105,100,5,107,99,8,294,262,32,20.5992349,72.9342451
GUJARAT,Total,Valsad,No travel,87524,57589,29935,87524,57589,29935,0,0,0,0,0,0,0,0,0,0,0,0,0,0,0,0,0,0,0,0,0,0,0,0,20.5992349,72.9342451
GUJARAT,Rural,Valsad,All Modes,170292,128687,41605,42055,26057,15998,13676,9514,4162,27683,21379,6304,29971,23436,6535,23166,18995,4171,10937,9151,1786,8125,7119,1006,8995,8062,933,5684,4974,710,20.5992349,72.9342451
GUJARAT,Rural,Valsad,On foot,23419,14271,9148,0,0,0,9229,5712,3517,8527,5137,3390,5663,3422,2241,0,0,0,0,0,0,0,0,0,0,0,0,0,0,0,20.5992349,72.9342451
GUJARAT,Rural,Valsad,Bicycle,17058,16093,965,0,0,0,970,900,70,6826,6429,397,5597,5360,237,2195,2058,137,1470,1346,124,0,0,0,0,0,0,0,0,0,20.5992349,72.9342451
GUJARAT,Rural,Valsad,Moped/Scooter/Motor Cycle,29066,26789,2277,0,0,0,1275,1141,134,6302,5676,626,7652,7051,601,7806,7307,499,2935,2739,196,1547,1458,89,388,351,37,1161,1066,95,20.5992349,72.9342451
GUJARAT,Rural,Valsad,Car/Jeep/Van,5362,4110,1252,0,0,0,158,123,35,592,488,104,812,590,222,1104,864,240,608,496,112,932,735,197,897,624,273,259,190,69,20.5992349,72.9342451
GUJARAT,Rural,Valsad,Tempo/Autorickshaw/Taxi,19352,14632,4720,0,0,0,625,452,173,3427,2259,1168,6004,4366,1638,5319,4247,1072,1860,1562,298,1094,944,150,302,257,45,721,545,176,20.5992349,72.9342451
GUJARAT,Rural,Valsad,Bus,15102,9370,5732,0,0,0,375,234,141,1386,843,543,3170,1725,1445,4434,2434,2000,2221,1398,823,1581,1253,328,1227,983,244,708,500,208,20.5992349,72.9342451
GUJARAT,Rural,Valsad,Train,7224,6019,1205,0,0,0,197,147,50,178,137,41,357,236,121,675,492,183,990,772,218,1551,1340,211,2399,2122,277,877,773,104,20.5992349,72.9342451
GUJARAT,Rural,Valsad,Water transport,11122,10882,240,0,0,0,785,751,34,374,351,23,625,604,21,1539,1507,32,835,824,11,1369,1341,28,3737,3686,51,1858,1818,40,20.5992349,72.9342451
GUJARAT,Rural,Valsad,Any other,532,464,68,0,0,0,62,54,8,71,59,12,91,82,9,94,86,8,18,14,4,51,48,3,45,39,6,100,82,18,20.5992349,72.9342451
GUJARAT,Rural,Valsad,No travel,42055,26057,15998,42055,26057,15998,0,0,0,0,0,0,0,0,0,0,0,0,0,0,0,0,0,0,0,0,0,0,0,0,20.5992349,72.9342451
GUJARAT,Urban,Valsad,All Modes,230526,191629,38897,45469,31532,13937,36805,29842,6963,83562,73309,10253,28662,24725,3937,10730,9443,1287,8581,7768,813,4746,4196,550,5298,4819,479,6673,5995,678,20.5992349,72.9342451
GUJARAT,Urban,Valsad,On foot,55177,43260,11917,0,0,0,24284,18600,5684,23831,19051,4780,7062,5609,1453,0,0,0,0,0,0,0,0,0,0,0,0,0,0,0,20.5992349,72.9342451
GUJARAT,Urban,Valsad,Bicycle,27054,26126,928,0,0,0,2678,2526,152,18251,17729,522,3650,3523,127,661,628,33,1814,1720,94,0,0,0,0,0,0,0,0,0,20.5992349,72.9342451
GUJARAT,Urban,Valsad,Moped/Scooter/Motor Cycle,51337,47396,3941,0,0,0,6885,6228,657,25478,23498,1980,8993,8347,646,4224,3929,295,1851,1761,90,1013,956,57,355,332,23,2538,2345,193,20.5992349,72.9342451
GUJARAT,Urban,Valsad,Car/Jeep/Van,9601,8743,858,0,0,0,912,808,104,4191,3844,347,1669,1549,120,983,910,73,621,561,60,443,378,65,203,163,40,579,530,49,20.5992349,72.9342451
GUJARAT,Urban,Valsad,Tempo/Autorickshaw/Taxi,20628,16333,4295,0,0,0,1183,951,232,9292,7148,2144,5192,4015,1177,2257,1874,383,765,668,97,484,437,47,254,241,13,1201,999,202,20.5992349,72.9342451
GUJARAT,Urban,Valsad,Bus,7704,6046,1658,0,0,0,248,172,76,1813,1432,381,1563,1206,357,1723,1323,400,1068,861,207,591,481,110,260,215,45,438,356,82,20.5992349,72.9342451
GUJARAT,Urban,Valsad,Train,9598,8356,1242,0,0,0,342,294,48,415,339,76,282,240,42,548,460,88,2001,1744,257,1869,1604,265,3030,2692,338,1111,983,128,20.5992349,72.9342451
GUJARAT,Urban,Valsad,Water transport,3126,3071,55,0,0,0,167,164,3,122,112,10,129,128,1,258,252,6,412,409,3,292,288,4,1134,1116,18,612,602,10,20.5992349,72.9342451
GUJARAT,Urban,Valsad,Any other,832,766,66,0,0,0,106,99,7,169,156,13,122,108,14,76,67,9,49,44,5,54,52,2,62,60,2,194,180,14,20.5992349,72.9342451
GUJARAT,Urban,Valsad,No travel,45469,31532,13937,45469,31532,13937,0,0,0,0,0,0,0,0,0,0,0,0,0,0,0,0,0,0,0,0,0,0,0,0,20.5992349,72.9342451
GUJARAT,Total,Navsari,All Modes,265244,211549,53695,59832,41132,18700,45900,34364,11536,63516,52859,10657,27050,22989,4061,17373,15014,2359,15815,13881,1934,16349,14334,2015,14472,12602,1870,4937,4374,563,20.9467019,72.9520348
GUJARAT,Total,Navsari,On foot,54077,37337,16740,0,0,0,30384,20462,9922,17682,12386,5296,6011,4489,1522,0,0,0,0,0,0,0,0,0,0,0,0,0,0,0,20.9467019,72.9520348
GUJARAT,Total,Navsari,Bicycle,29383,28017,1366,0,0,0,4051,3816,235,17696,16891,805,4709,4540,169,1273,1230,43,1654,1540,114,0,0,0,0,0,0,0,0,0,20.9467019,72.9520348
GUJARAT,Total,Navsari,Moped/Scooter/Motor Cycle,52257,46821,5436,0,0,0,8328,7629,699,20085,17789,2296,9499,8505,994,6651,5921,730,3224,2936,288,2127,1927,200,920,835,85,1423,1279,144,20.9467019,72.9520348
GUJARAT,Total,Navsari,Car/Jeep/Van,5046,4283,763,0,0,0,569,473,96,1234,1091,143,588,506,82,586,516,70,546,496,50,623,516,107,683,503,180,217,182,35,20.9467019,72.9520348
GUJARAT,Total,Navsari,Tempo/Autorickshaw/Taxi,12825,9978,2847,0,0,0,1099,839,260,4331,2855,1476,2760,2184,576,2230,1922,308,882,793,89,758,706,52,370,345,25,395,334,61,20.9467019,72.9520348
GUJARAT,Total,Navsari,Bus,14345,11017,3328,0,0,0,387,258,129,1266,815,451,2228,1663,565,3527,2782,745,2122,1677,445,1994,1572,422,2389,1914,475,432,336,96,20.9467019,72.9520348
GUJARAT,Total,Navsari,Train,33081,28812,4269,0,0,0,697,551,146,864,720,144,815,695,120,2783,2355,428,7213,6272,941,10577,9355,1222,8682,7620,1062,1450,1244,206,20.9467019,72.9520348
GUJARAT,Total,Navsari,Water transport,3160,3100,60,0,0,0,176,167,9,141,136,5,274,264,10,166,160,6,81,79,2,162,162,0,1266,1249,17,894,883,11,20.9467019,72.9520348
GUJARAT,Total,Navsari,Any other,1238,1052,186,0,0,0,209,169,40,217,176,41,166,143,23,157,128,29,93,88,5,108,96,12,162,136,26,126,116,10,20.9467019,72.9520348
GUJARAT,Total,Navsari,No travel,59832,41132,18700,59832,41132,18700,0,0,0,0,0,0,0,0,0,0,0,0,0,0,0,0,0,0,0,0,0,0,0,0,20.9467019,72.9520348
GUJARAT,Rural,Navsari,All Modes,120545,93897,26648,34270,23001,11269,13165,9187,3978,18237,14393,3844,14575,12328,2247,11666,10056,1610,7629,6647,982,8755,7621,1134,9534,8241,1293,2714,2423,291,20.9467019,72.9520348
GUJARAT,Rural,Navsari,On foot,15342,9704,5638,0,0,0,8803,5413,3390,4028,2420,1608,2511,1871,640,0,0,0,0,0,0,0,0,0,0,0,0,0,0,0,20.9467019,72.9520348
GUJARAT,Rural,Navsari,Bicycle,9696,9030,666,0,0,0,1153,1034,119,4642,4285,357,2361,2265,96,783,757,26,757,689,68,0,0,0,0,0,0,0,0,0,20.9467019,72.9520348
GUJARAT,Rural,Navsari,Moped/Scooter/Motor Cycle,23163,20337,2826,0,0,0,2050,1824,226,6234,5317,917,5475,4842,633,4689,4161,528,2089,1860,229,1363,1196,167,674,607,67,589,530,59,20.9467019,72.9520348
GUJARAT,Rural,Navsari,Car/Jeep/Van,2239,1753,486,0,0,0,178,137,41,299,243,56,290,238,52,353,307,46,230,200,30,322,241,81,466,308,158,101,79,22,20.9467019,72.9520348
GUJARAT,Rural,Navsari,Tempo/Autorickshaw/Taxi,6485,5223,1262,0,0,0,305,247,58,1576,1094,482,1571,1234,337,1614,1371,243,583,519,64,447,405,42,204,187,17,185,166,19,20.9467019,72.9520348
GUJARAT,Rural,Navsari,Bus,11454,8896,2558,0,0,0,281,199,82,913,576,337,1659,1242,417,2908,2333,575,1623,1296,327,1594,1272,322,2127,1707,420,349,271,78,20.9467019,72.9520348
GUJARAT,Rural,Navsari,Train,14400,12629,1771,0,0,0,223,181,42,303,245,58,376,326,50,1068,905,163,2209,1952,257,4819,4307,512,4771,4180,591,631,533,98,20.9467019,72.9520348
GUJARAT,Rural,Navsari,Water transport,2758,2707,51,0,0,0,93,85,8,135,131,4,228,220,8,130,126,4,72,70,2,140,140,0,1170,1154,16,790,781,9,20.9467019,72.9520348
GUJARAT,Rural,Navsari,Any other,738,617,121,0,0,0,79,67,12,107,82,25,104,90,14,121,96,25,66,61,5,70,60,10,122,98,24,69,63,6,20.9467019,72.9520348
GUJARAT,Rural,Navsari,No travel,34270,23001,11269,34270,23001,11269,0,0,0,0,0,0,0,0,0,0,0,0,0,0,0,0,0,0,0,0,0,0,0,0,20.9467019,72.9520348
GUJARAT,Urban,Navsari,All Modes,144699,117652,27047,25562,18131,7431,32735,25177,7558,45279,38466,6813,12475,10661,1814,5707,4958,749,8186,7234,952,7594,6713,881,4938,4361,577,2223,1951,272,20.9467019,72.9520348
GUJARAT,Urban,Navsari,On foot,38735,27633,11102,0,0,0,21581,15049,6532,13654,9966,3688,3500,2618,882,0,0,0,0,0,0,0,0,0,0,0,0,0,0,0,20.9467019,72.9520348
GUJARAT,Urban,Navsari,Bicycle,19687,18987,700,0,0,0,2898,2782,116,13054,12606,448,2348,2275,73,490,473,17,897,851,46,0,0,0,0,0,0,0,0,0,20.9467019,72.9520348
GUJARAT,Urban,Navsari,Moped/Scooter/Motor Cycle,29094,26484,2610,0,0,0,6278,5805,473,13851,12472,1379,4024,3663,361,1962,1760,202,1135,1076,59,764,731,33,246,228,18,834,749,85,20.9467019,72.9520348
GUJARAT,Urban,Navsari,Car/Jeep/Van,2807,2530,277,0,0,0,391,336,55,935,848,87,298,268,30,233,209,24,316,296,20,301,275,26,217,195,22,116,103,13,20.9467019,72.9520348
GUJARAT,Urban,Navsari,Tempo/Autorickshaw/Taxi,6340,4755,1585,0,0,0,794,592,202,2755,1761,994,1189,950,239,616,551,65,299,274,25,311,301,10,166,158,8,210,168,42,20.9467019,72.9520348
GUJARAT,Urban,Navsari,Bus,2891,2121,770,0,0,0,106,59,47,353,239,114,569,421,148,619,449,170,499,381,118,400,300,100,262,207,55,83,65,18,20.9467019,72.9520348
GUJARAT,Urban,Navsari,Train,18681,16183,2498,0,0,0,474,370,104,561,475,86,439,369,70,1715,1450,265,5004,4320,684,5758,5048,710,3911,3440,471,819,711,108,20.9467019,72.9520348
GUJARAT,Urban,Navsari,Water transport,402,393,9,0,0,0,83,82,1,6,5,1,46,44,2,36,34,2,9,9,0,22,22,0,96,95,1,104,102,2,20.9467019,72.9520348
GUJARAT,Urban,Navsari,Any other,500,435,65,0,0,0,130,102,28,110,94,16,62,53,9,36,32,4,27,27,0,38,36,2,40,38,2,57,53,4,20.9467019,72.9520348
GUJARAT,Urban,Navsari,No travel,25562,18131,7431,25562,18131,7431,0,0,0,0,0,0,0,0,0,0,0,0,0,0,0,0,0,0,0,0,0,0,0,0,20.9467019,72.9520348
MAHARASHTRA,Total,Thane,All Modes,3600371,2872963,727408,650478,438733,211745,604215,493060,111155,682951,567931,115020,429827,351557,78270,270652,220523,50129,251581,206169,45412,373766,310690,63076,222121,189515,32606,114780,94785,19995,19.2183307,72.9780897
MAHARASHTRA,Total,Thane,On foot,884985,714306,170679,0,0,0,464496,374625,89871,260041,211684,48357,160448,127997,32451,0,0,0,0,0,0,0,0,0,0,0,0,0,0,0,19.2183307,72.9780897
MAHARASHTRA,Total,Thane,Bicycle,112167,105618,6549,0,0,0,15927,14856,1071,60338,57425,2913,17644,16826,818,6030,5586,444,12228,10925,1303,0,0,0,0,0,0,0,0,0,19.2183307,72.9780897
MAHARASHTRA,Total,Thane,Moped/Scooter/Motor Cycle,255913,233782,22131,0,0,0,42434,38619,3815,101937,92693,9244,41319,37869,3450,27971,25908,2063,13469,12546,923,11296,10442,854,3876,3591,285,13611,12114,1497,19.2183307,72.9780897
MAHARASHTRA,Total,Thane,Car/Jeep/Van,87693,74800,12893,0,0,0,7904,6642,1262,20491,17124,3367,12110,10261,1849,14284,12239,2045,11958,10284,1674,11341,9873,1468,4462,3969,493,5143,4408,735,19.2183307,72.9780897
MAHARASHTRA,Total,Thane,Tempo/Autorickshaw/Taxi,211787,170306,41481,0,0,0,23115,18134,4981,93823,73877,19946,44485,36139,8346,19271,15600,3671,6765,5763,1002,8042,6829,1213,4431,3932,499,11855,10032,1823,19.2183307,72.9780897
MAHARASHTRA,Total,Thane,Bus,319814,254188,65626,0,0,0,18582,14328,4254,85469,66445,19024,73390,58290,15100,58797,47043,11754,32210,26208,6002,26902,22212,4690,10680,9004,1676,13784,10658,3126,19.2183307,72.9780897
MAHARASHTRA,Total,Thane,Train,1044027,851253,192774,0,0,0,28629,23194,5435,57127,45572,11555,77214,61307,15907,141312,111475,29837,172419,138194,34225,312627,258135,54492,191540,162275,29265,63159,51101,12058,19.2183307,72.9780897
MAHARASHTRA,Total,Thane,Water transport,16203,14946,1257,0,0,0,1116,915,201,946,793,153,1488,1365,123,1387,1319,68,1483,1342,141,2043,1857,186,5367,5158,209,2373,2197,176,19.2183307,72.9780897
MAHARASHTRA,Total,Thane,Any other,17304,15031,2273,0,0,0,2012,1747,265,2779,2318,461,1729,1503,226,1600,1353,247,1049,907,142,1515,1342,173,1765,1586,179,4855,4275,580,19.2183307,72.9780897
MAHARASHTRA,Total,Thane,No travel,650478,438733,211745,650478,438733,211745,0,0,0,0,0,0,0,0,0,0,0,0,0,0,0,0,0,0,0,0,0,0,0,0,19.2183307,72.9780897
MAHARASHTRA,Rural,Thane,All Modes,441521,339424,102097,125695,80607,45088,57594,43466,14128,76544,62984,13560,61579,49984,11595,38463,32114,6349,22509,19077,3432,27585,23601,3984,24488,21527,2961,7064,6064,1000,19.2183307,72.9780897
MAHARASHTRA,Rural,Thane,On foot,90518,66905,23613,0,0,0,45203,33047,12156,29784,22547,7237,15531,11311,4220,0,0,0,0,0,0,0,0,0,0,0,0,0,0,0,19.2183307,72.9780897
MAHARASHTRA,Rural,Thane,Bicycle,21564,20545,1019,0,0,0,1829,1705,124,9890,9465,425,5711,5436,275,2661,2554,107,1473,1385,88,0,0,0,0,0,0,0,0,0,19.2183307,72.9780897
MAHARASHTRA,Rural,Thane,Moped/Scooter/Motor Cycle,35473,33265,2208,0,0,0,3575,3287,288,10925,10119,806,8715,8213,502,6481,6155,326,2324,2238,86,1688,1612,76,603,579,24,1162,1062,100,19.2183307,72.9780897
MAHARASHTRA,Rural,Thane,Car/Jeep/Van,7745,6754,991,0,0,0,514,456,58,1485,1274,211,1491,1284,207,1763,1556,207,844,751,93,732,625,107,617,550,67,299,258,41,19.2183307,72.9780897
MAHARASHTRA,Rural,Thane,Tempo/Autorickshaw/Taxi,43293,33704,9589,0,0,0,2644,2054,590,14355,11558,2797,13957,10678,3279,7030,5062,1968,1833,1427,406,1411,1145,266,921,780,141,1142,1000,142,19.2183307,72.9780897
MAHARASHTRA,Rural,Thane,Bus,44617,36212,8405,0,0,0,1771,1344,427,6891,5428,1463,11494,9098,2396,11329,9259,2070,4830,4057,773,4155,3565,590,3126,2704,422,1021,757,264,19.2183307,72.9780897
MAHARASHTRA,Rural,Thane,Train,62069,51891,10178,0,0,0,1335,1028,307,2176,1752,424,3233,2632,601,7885,6322,1563,9917,8055,1862,17797,15022,2775,17062,14828,2234,2664,2252,412,19.2183307,72.9780897
MAHARASHTRA,Rural,Thane,Water transport,7965,7297,668,0,0,0,536,390,146,555,464,91,1037,959,78,869,836,33,1078,980,98,1534,1389,145,1853,1801,52,503,478,25,19.2183307,72.9780897
MAHARASHTRA,Rural,Thane,Any other,2582,2244,338,0,0,0,187,155,32,483,377,106,410,373,37,445,370,75,210,184,26,268,243,25,306,285,21,273,257,16,19.2183307,72.9780897
MAHARASHTRA,Rural,Thane,No travel,125695,80607,45088,125695,80607,45088,0,0,0,0,0,0,0,0,0,0,0,0,0,0,0,0,0,0,0,0,0,0,0,0,19.2183307,72.9780897
MAHARASHTRA,Urban,Thane,All Modes,3158850,2533539,625311,524783,358126,166657,546621,449594,97027,606407,504947,101460,368248,301573,66675,232189,188409,43780,229072,187092,41980,346181,287089,59092,197633,167988,29645,107716,88721,18995,19.2183307,72.9780897
MAHARASHTRA,Urban,Thane,On foot,794467,647401,147066,0,0,0,419293,341578,77715,230257,189137,41120,144917,116686,28231,0,0,0,0,0,0,0,0,0,0,0,0,0,0,0,19.2183307,72.9780897
MAHARASHTRA,Urban,Thane,Bicycle,90603,85073,5530,0,0,0,14098,13151,947,50448,47960,2488,11933,11390,543,3369,3032,337,10755,9540,1215,0,0,0,0,0,0,0,0,0,19.2183307,72.9780897
MAHARASHTRA,Urban,Thane,Moped/Scooter/Motor Cycle,220440,200517,19923,0,0,0,38859,35332,3527,91012,82574,8438,32604,29656,2948,21490,19753,1737,11145,10308,837,9608,8830,778,3273,3012,261,12449,11052,1397,19.2183307,72.9780897
MAHARASHTRA,Urban,Thane,Car/Jeep/Van,79948,68046,11902,0,0,0,7390,6186,1204,19006,15850,3156,10619,8977,1642,12521,10683,1838,11114,9533,1581,10609,9248,1361,3845,3419,426,4844,4150,694,19.2183307,72.9780897
MAHARASHTRA,Urban,Thane,Tempo/Autorickshaw/Taxi,168494,136602,31892,0,0,0,20471,16080,4391,79468,62319,17149,30528,25461,5067,12241,10538,1703,4932,4336,596,6631,5684,947,3510,3152,358,10713,9032,1681,19.2183307,72.9780897
MAHARASHTRA,Urban,Thane,Bus,275197,217976,57221,0,0,0,16811,12984,3827,78578,61017,17561,61896,49192,12704,47468,37784,9684,27380,22151,5229,22747,18647,4100,7554,6300,1254,12763,9901,2862,19.2183307,72.9780897
MAHARASHTRA,Urban,Thane,Train,981958,799362,182596,0,0,0,27294,22166,5128,54951,43820,11131,73981,58675,15306,133427,105153,28274,162502,130139,32363,294830,243113,51717,174478,147447,27031,60495,48849,11646,19.2183307,72.9780897
MAHARASHTRA,Urban,Thane,Water transport,8238,7649,589,0,0,0,580,525,55,391,329,62,451,406,45,518,483,35,405,362,43,509,468,41,3514,3357,157,1870,1719,151,19.2183307,72.9780897
MAHARASHTRA,Urban,Thane,Any other,14722,12787,1935,0,0,0,1825,1592,233,2296,1941,355,1319,1130,189,1155,983,172,839,723,116,1247,1099,148,1459,1301,158,4582,4018,564,19.2183307,72.9780897
MAHARASHTRA,Urban,Thane,No travel,524783,358126,166657,524783,358126,166657,0,0,0,0,0,0,0,0,0,0,0,0,0,0,0,0,0,0,0,0,0,0,0,0,19.2183307,72.9780897
GUJARAT,Total,Sabar Kantha,All Modes,373391,210420,162971,195256,76358,118898,56785,33052,23733,47608,39256,8352,27687,21442,6245,16334,14353,1981,9188,8048,1140,7747,6783,964,10396,9038,1358,2390,2090,300,23.8476704,72.9932969
GUJARAT,Total,Sabar Kantha,On foot,72881,41383,31498,0,0,0,44434,22200,22234,18153,13088,5065,10294,6095,4199,0,0,0,0,0,0,0,0,0,0,0,0,0,0,0,23.8476704,72.9932969
GUJARAT,Total,Sabar Kantha,Bicycle,8418,7916,502,0,0,0,1431,1278,153,4691,4459,232,1363,1333,30,377,360,17,556,486,70,0,0,0,0,0,0,0,0,0,23.8476704,72.9932969
GUJARAT,Total,Sabar Kantha,Moped/Scooter/Motor Cycle,48372,43564,4808,0,0,0,8341,7649,692,16854,15097,1757,7925,7073,852,7129,6406,723,3281,2971,310,2216,2016,200,1415,1251,164,1211,1101,110,23.8476704,72.9932969
GUJARAT,Total,Sabar Kantha,Car/Jeep/Van,10676,9067,1609,0,0,0,822,665,157,2050,1771,279,1678,1451,227,2197,1890,307,1231,1060,171,1201,1017,184,1239,1005,234,258,208,50,23.8476704,72.9932969
GUJARAT,Total,Sabar Kantha,Tempo/Autorickshaw/Taxi,10678,9542,1136,0,0,0,628,554,74,3376,2904,472,2884,2584,300,1921,1779,142,583,536,47,414,393,21,580,530,50,292,262,30,23.8476704,72.9932969
GUJARAT,Total,Sabar Kantha,Bus,23894,19975,3919,0,0,0,595,385,210,1825,1440,385,3038,2462,576,4364,3612,752,3308,2786,522,3741,3200,541,6587,5734,853,436,356,80,23.8476704,72.9932969
GUJARAT,Total,Sabar Kantha,Train,1041,803,238,0,0,0,233,122,111,108,76,32,92,73,19,87,77,10,105,97,8,79,68,11,256,227,29,81,63,18,23.8476704,72.9932969
GUJARAT,Total,Sabar Kantha,Water transport,101,56,45,0,0,0,46,14,32,13,10,3,9,7,2,6,5,1,5,3,2,3,3,0,11,9,2,8,5,3,23.8476704,72.9932969
GUJARAT,Total,Sabar Kantha,Any other,2074,1756,318,0,0,0,255,185,70,538,411,127,404,364,40,253,224,29,119,109,10,93,86,7,308,282,26,104,95,9,23.8476704,72.9932969
GUJARAT,Total,Sabar Kantha,No travel,195256,76358,118898,195256,76358,118898,0,0,0,0,0,0,0,0,0,0,0,0,0,0,0,0,0,0,0,0,0,0,0,0,23.8476704,72.9932969
GUJARAT,Rural,Sabar Kantha,All Modes,269961,126221,143740,161801,52396,109405,32487,12146,20341,22774,17351,5423,19719,14930,4789,12706,11453,1253,6450,5687,763,5715,5043,672,7286,6392,894,1023,823,200,23.8476704,72.9932969
GUJARAT,Rural,Sabar Kantha,On foot,43636,17338,26298,0,0,0,28676,9311,19365,8519,5013,3506,6441,3014,3427,0,0,0,0,0,0,0,0,0,0,0,0,0,0,0,23.8476704,72.9932969
GUJARAT,Rural,Sabar Kantha,Bicycle,4851,4467,384,0,0,0,635,509,126,2580,2405,175,1050,1026,24,306,295,11,280,232,48,0,0,0,0,0,0,0,0,0,23.8476704,72.9932969
GUJARAT,Rural,Sabar Kantha,Moped/Scooter/Motor Cycle,25810,22856,2954,0,0,0,1843,1493,350,7226,6212,1014,5806,5232,574,5471,5014,457,2494,2248,246,1782,1616,166,831,758,73,357,283,74,23.8476704,72.9932969
GUJARAT,Rural,Sabar Kantha,Car/Jeep/Van,6968,5835,1133,0,0,0,362,240,122,1020,840,180,1232,1076,156,1644,1435,209,822,704,118,853,721,132,890,713,177,145,106,39,23.8476704,72.9932969
GUJARAT,Rural,Sabar Kantha,Tempo/Autorickshaw/Taxi,7009,6373,636,0,0,0,240,206,34,1786,1574,212,2347,2145,202,1553,1459,94,426,390,36,250,235,15,286,263,23,121,101,20,23.8476704,72.9932969
GUJARAT,Rural,Sabar Kantha,Bus,17635,15198,2437,0,0,0,360,212,148,1192,989,203,2450,2089,361,3452,3001,451,2252,1954,298,2705,2360,345,4924,4339,585,300,254,46,23.8476704,72.9932969
GUJARAT,Rural,Sabar Kantha,Train,713,516,197,0,0,0,178,75,103,74,47,27,74,56,18,57,51,6,75,68,7,46,39,7,164,146,18,45,34,11,23.8476704,72.9932969
GUJARAT,Rural,Sabar Kantha,Water transport,77,40,37,0,0,0,38,10,28,8,7,1,7,6,1,4,3,1,4,2,2,3,3,0,5,4,1,8,5,3,23.8476704,72.9932969
GUJARAT,Rural,Sabar Kantha,Any other,1461,1202,259,0,0,0,155,90,65,369,264,105,312,286,26,219,195,24,97,89,8,76,69,7,186,169,17,47,40,7,23.8476704,72.9932969
GUJARAT,Rural,Sabar Kantha,No travel,161801,52396,109405,161801,52396,109405,0,0,0,0,0,0,0,0,0,0,0,0,0,0,0,0,0,0,0,0,0,0,0,0,23.8476704,72.9932969
GUJARAT,Urban,Sabar Kantha,All Modes,103430,84199,19231,33455,23962,9493,24298,20906,3392,24834,21905,2929,7968,6512,1456,3628,2900,728,2738,2361,377,2032,1740,292,3110,2646,464,1367,1267,100,23.8476704,72.9932969
GUJARAT,Urban,Sabar Kantha,On foot,29245,24045,5200,0,0,0,15758,12889,2869,9634,8075,1559,3853,3081,772,0,0,0,0,0,0,0,0,0,0,0,0,0,0,0,23.8476704,72.9932969
GUJARAT,Urban,Sabar Kantha,Bicycle,3567,3449,118,0,0,0,796,769,27,2111,2054,57,313,307,6,71,65,6,276,254,22,0,0,0,0,0,0,0,0,0,23.8476704,72.9932969
GUJARAT,Urban,Sabar Kantha,Moped/Scooter/Motor Cycle,22562,20708,1854,0,0,0,6498,6156,342,9628,8885,743,2119,1841,278,1658,1392,266,787,723,64,434,400,34,584,493,91,854,818,36,23.8476704,72.9932969
GUJARAT,Urban,Sabar Kantha,Car/Jeep/Van,3708,3232,476,0,0,0,460,425,35,1030,931,99,446,375,71,553,455,98,409,356,53,348,296,52,349,292,57,113,102,11,23.8476704,72.9932969
GUJARAT,Urban,Sabar Kantha,Tempo/Autorickshaw/Taxi,3669,3169,500,0,0,0,388,348,40,1590,1330,260,537,439,98,368,320,48,157,146,11,164,158,6,294,267,27,171,161,10,23.8476704,72.9932969
GUJARAT,Urban,Sabar Kantha,Bus,6259,4777,1482,0,0,0,235,173,62,633,451,182,588,373,215,912,611,301,1056,832,224,1036,840,196,1663,1395,268,136,102,34,23.8476704,72.9932969
GUJARAT,Urban,Sabar Kantha,Train,328,287,41,0,0,0,55,47,8,34,29,5,18,17,1,30,26,4,30,29,1,33,29,4,92,81,11,36,29,7,23.8476704,72.9932969
GUJARAT,Urban,Sabar Kantha,Water transport,24,16,8,0,0,0,8,4,4,5,3,2,2,1,1,2,2,0,1,1,0,0,0,0,6,5,1,0,0,0,23.8476704,72.9932969
GUJARAT,Urban,Sabar Kantha,Any other,613,554,59,0,0,0,100,95,5,169,147,22,92,78,14,34,29,5,22,20,2,17,17,0,122,113,9,57,55,2,23.8476704,72.9932969
GUJARAT,Urban,Sabar Kantha,No travel,33455,23962,9493,33455,23962,9493,0,0,0,0,0,0,0,0,0,0,0,0,0,0,0,0,0,0,0,0,0,0,0,0,23.8476704,72.9932969
GUJARAT,Total,Bharuch,All Modes,286525,240451,46074,83713,61335,22378,40163,32387,7776,66999,58909,8090,40061,36162,3899,21817,20268,1549,10702,9929,773,9631,9056,575,6326,5900,426,7113,6505,608,21.7051358,72.9958748
GUJARAT,Total,Bharuch,On foot,56046,43569,12477,0,0,0,27549,20972,6577,19205,15033,4172,9292,7564,1728,0,0,0,0,0,0,0,0,0,0,0,0,0,0,0,21.7051358,72.9958748
GUJARAT,Total,Bharuch,Bicycle,25372,24551,821,0,0,0,2638,2511,127,12385,11990,395,6426,6299,127,1759,1707,52,2164,2044,120,0,0,0,0,0,0,0,0,0,21.7051358,72.9958748
GUJARAT,Total,Bharuch,Moped/Scooter/Motor Cycle,55215,51634,3581,0,0,0,6383,5851,532,21876,20302,1574,11656,10986,670,7666,7281,385,2463,2349,114,1621,1548,73,552,526,26,2998,2791,207,21.7051358,72.9958748
GUJARAT,Total,Bharuch,Car/Jeep/Van,12869,11906,963,0,0,0,922,824,98,3763,3481,282,2161,2024,137,2236,2081,155,1084,989,95,1365,1280,85,589,551,38,749,676,73,21.7051358,72.9958748
GUJARAT,Total,Bharuch,Tempo/Autorickshaw/Taxi,19595,16762,2833,0,0,0,1463,1231,232,6296,5000,1296,5220,4478,742,2943,2678,265,1082,991,91,720,679,41,453,446,7,1418,1259,159,21.7051358,72.9958748
GUJARAT,Total,Bharuch,Bus,23692,21645,2047,0,0,0,671,581,90,2549,2283,266,3866,3483,383,5508,4985,523,3123,2834,289,4828,4544,284,2084,1959,125,1063,976,87,21.7051358,72.9958748
GUJARAT,Total,Bharuch,Train,7432,6658,774,0,0,0,345,243,102,448,384,64,726,647,79,1249,1139,110,632,575,57,926,847,79,2486,2264,222,620,559,61,21.7051358,72.9958748
GUJARAT,Total,Bharuch,Water transport,684,652,32,0,0,0,36,32,4,96,90,6,324,320,4,112,103,9,14,12,2,21,20,1,29,26,3,52,49,3,21.7051358,72.9958748
GUJARAT,Total,Bharuch,Any other,1907,1739,168,0,0,0,156,142,14,381,346,35,390,361,29,344,294,50,140,135,5,150,138,12,133,128,5,213,195,18,21.7051358,72.9958748
GUJARAT,Total,Bharuch,No travel,83713,61335,22378,83713,61335,22378,0,0,0,0,0,0,0,0,0,0,0,0,0,0,0,0,0,0,0,0,0,0,0,0,21.7051358,72.9958748
GUJARAT,Rural,Bharuch,All Modes,121430,98266,23164,46582,32682,13900,13766,10582,3184,19756,17159,2597,16465,14762,1703,11071,10275,796,5530,5113,417,4010,3755,255,2272,2137,135,1978,1801,177,21.7051358,72.9958748
GUJARAT,Rural,Bharuch,On foot,19074,13979,5095,0,0,0,9897,7107,2790,5827,4288,1539,3350,2584,766,0,0,0,0,0,0,0,0,0,0,0,0,0,0,0,21.7051358,72.9958748
GUJARAT,Rural,Bharuch,Bicycle,9767,9389,378,0,0,0,1009,946,63,4409,4247,162,2688,2631,57,855,826,29,806,739,67,0,0,0,0,0,0,0,0,0,21.7051358,72.9958748
GUJARAT,Rural,Bharuch,Moped/Scooter/Motor Cycle,17488,16478,1010,0,0,0,1513,1396,117,4955,4604,351,4110,3887,223,3677,3520,157,1414,1345,69,836,798,38,283,269,14,700,659,41,21.7051358,72.9958748
GUJARAT,Rural,Bharuch,Car/Jeep/Van,4567,4216,351,0,0,0,298,260,38,1019,945,74,918,847,71,788,740,48,469,428,41,630,595,35,236,217,19,209,184,25,21.7051358,72.9958748
GUJARAT,Rural,Bharuch,Tempo/Autorickshaw/Taxi,8326,7391,935,0,0,0,516,466,50,1749,1471,278,2653,2324,329,1849,1695,154,680,616,64,342,324,18,147,146,1,390,349,41,21.7051358,72.9958748
GUJARAT,Rural,Bharuch,Bus,12139,10993,1146,0,0,0,295,247,48,1437,1290,147,2071,1849,222,3205,2868,337,1876,1719,157,1775,1646,129,1041,975,66,439,399,40,21.7051358,72.9958748
GUJARAT,Rural,Bharuch,Train,1794,1591,203,0,0,0,127,62,65,98,82,16,122,114,8,348,327,21,166,151,15,333,304,29,491,458,33,109,93,16,21.7051358,72.9958748
GUJARAT,Rural,Bharuch,Water transport,493,476,17,0,0,0,31,28,3,52,49,3,301,297,4,57,53,4,9,9,0,11,10,1,10,10,0,22,20,2,21.7051358,72.9958748
GUJARAT,Rural,Bharuch,Any other,1200,1071,129,0,0,0,80,70,10,210,183,27,252,229,23,292,246,46,110,106,4,83,78,5,64,62,2,109,97,12,21.7051358,72.9958748
GUJARAT,Rural,Bharuch,No travel,46582,32682,13900,46582,32682,13900,0,0,0,0,0,0,0,0,0,0,0,0,0,0,0,0,0,0,0,0,0,0,0,0,21.7051358,72.9958748
GUJARAT,Urban,Bharuch,All Modes,165095,142185,22910,37131,28653,8478,26397,21805,4592,47243,41750,5493,23596,21400,2196,10746,9993,753,5172,4816,356,5621,5301,320,4054,3763,291,5135,4704,431,21.7051358,72.9958748
GUJARAT,Urban,Bharuch,On foot,36972,29590,7382,0,0,0,17652,13865,3787,13378,10745,2633,5942,4980,962,0,0,0,0,0,0,0,0,0,0,0,0,0,0,0,21.7051358,72.9958748
GUJARAT,Urban,Bharuch,Bicycle,15605,15162,443,0,0,0,1629,1565,64,7976,7743,233,3738,3668,70,904,881,23,1358,1305,53,0,0,0,0,0,0,0,0,0,21.7051358,72.9958748
GUJARAT,Urban,Bharuch,Moped/Scooter/Motor Cycle,37727,35156,2571,0,0,0,4870,4455,415,16921,15698,1223,7546,7099,447,3989,3761,228,1049,1004,45,785,750,35,269,257,12,2298,2132,166,21.7051358,72.9958748
GUJARAT,Urban,Bharuch,Car/Jeep/Van,8302,7690,612,0,0,0,624,564,60,2744,2536,208,1243,1177,66,1448,1341,107,615,561,54,735,685,50,353,334,19,540,492,48,21.7051358,72.9958748
GUJARAT,Urban,Bharuch,Tempo/Autorickshaw/Taxi,11269,9371,1898,0,0,0,947,765,182,4547,3529,1018,2567,2154,413,1094,983,111,402,375,27,378,355,23,306,300,6,1028,910,118,21.7051358,72.9958748
GUJARAT,Urban,Bharuch,Bus,11553,10652,901,0,0,0,376,334,42,1112,993,119,1795,1634,161,2303,2117,186,1247,1115,132,3053,2898,155,1043,984,59,624,577,47,21.7051358,72.9958748
GUJARAT,Urban,Bharuch,Train,5638,5067,571,0,0,0,218,181,37,350,302,48,604,533,71,901,812,89,466,424,42,593,543,50,1995,1806,189,511,466,45,21.7051358,72.9958748
GUJARAT,Urban,Bharuch,Water transport,191,176,15,0,0,0,5,4,1,44,41,3,23,23,0,55,50,5,5,3,2,10,10,0,19,16,3,30,29,1,21.7051358,72.9958748
GUJARAT,Urban,Bharuch,Any other,707,668,39,0,0,0,76,72,4,171,163,8,138,132,6,52,48,4,30,29,1,67,60,7,69,66,3,104,98,6,21.7051358,72.9958748
GUJARAT,Urban,Bharuch,No travel,37131,28653,8478,37131,28653,8478,0,0,0,0,0,0,0,0,0,0,0,0,0,0,0,0,0,0,0,0,0,0,0,0,21.7051358,72.9958748
RAJASTHAN,Total,Jodhpur,All Modes,612942,509750,103192,168974,123597,45377,67970,51831,16139,158293,133079,25214,100870,91771,9099,38621,36144,2477,19038,17897,1141,18009,16822,1187,28632,27066,1566,12535,11543,992,26.2389469,73.0243094
RAJASTHAN,Total,Jodhpur,On foot,117282,82273,35009,0,0,0,46617,32157,14460,52105,35213,16892,18560,14903,3657,0,0,0,0,0,0,0,0,0,0,0,0,0,0,0,26.2389469,73.0243094
RAJASTHAN,Total,Jodhpur,Bicycle,71630,69437,2193,0,0,0,5852,5595,257,35681,34558,1123,19549,19085,464,5175,5046,129,5373,5153,220,0,0,0,0,0,0,0,0,0,26.2389469,73.0243094
RAJASTHAN,Total,Jodhpur,Moped/Scooter/Motor Cycle,139550,131129,8421,0,0,0,11066,10336,730,53404,49630,3774,42777,40401,2376,17936,17114,822,3957,3829,128,3538,3406,132,1375,1296,79,5497,5117,380,26.2389469,73.0243094
RAJASTHAN,Total,Jodhpur,Car/Jeep/Van,16755,15198,1557,0,0,0,1342,1201,141,4724,4160,564,4511,4125,386,2441,2258,183,706,637,69,911,839,72,1197,1146,51,923,832,91,26.2389469,73.0243094
RAJASTHAN,Total,Jodhpur,Tempo/Autorickshaw/Taxi,14562,12106,2456,0,0,0,1009,850,159,4597,3383,1214,4415,3724,691,1968,1784,184,585,548,37,595,562,33,371,343,28,1022,912,110,26.2389469,73.0243094
RAJASTHAN,Total,Jodhpur,Bus,68400,61268,7132,0,0,0,1254,986,268,5665,4262,1403,9240,7851,1389,9930,8854,1076,7858,7198,660,11694,10806,888,19508,18335,1173,3251,2976,275,26.2389469,73.0243094
RAJASTHAN,Total,Jodhpur,Train,9877,9252,625,0,0,0,402,330,72,1046,929,117,752,690,62,309,284,25,210,194,16,826,771,55,4985,4791,194,1347,1263,84,26.2389469,73.0243094
RAJASTHAN,Total,Jodhpur,Water transport,306,259,47,0,0,0,61,49,12,42,32,10,33,26,7,20,17,3,10,9,1,16,15,1,47,45,2,77,66,11,26.2389469,73.0243094
RAJASTHAN,Total,Jodhpur,Any other,5606,5231,375,0,0,0,367,327,40,1029,912,117,1033,966,67,842,787,55,339,329,10,429,423,6,1149,1110,39,418,377,41,26.2389469,73.0243094
RAJASTHAN,Total,Jodhpur,No travel,168974,123597,45377,168974,123597,45377,0,0,0,0,0,0,0,0,0,0,0,0,0,0,0,0,0,0,0,0,0,0,0,0,26.2389469,73.0243094
RAJASTHAN,Rural,Jodhpur,All Modes,244174,194487,49687,75497,52752,22745,28990,19131,9859,45642,32908,12734,26458,24029,2429,16365,15679,686,11101,10789,312,13756,13445,311,21834,21385,449,4531,4369,162,26.2389469,73.0243094
RAJASTHAN,Rural,Jodhpur,On foot,62299,39016,23283,0,0,0,24809,15223,9586,28968,17117,11851,8522,6676,1846,0,0,0,0,0,0,0,0,0,0,0,0,0,0,0,26.2389469,73.0243094
RAJASTHAN,Rural,Jodhpur,Bicycle,13393,12966,427,0,0,0,959,899,60,5742,5501,241,4162,4106,56,1466,1436,30,1064,1024,40,0,0,0,0,0,0,0,0,0,26.2389469,73.0243094
RAJASTHAN,Rural,Jodhpur,Moped/Scooter/Motor Cycle,26867,26188,679,0,0,0,1804,1732,72,6794,6559,235,6636,6506,130,5697,5576,121,2541,2492,49,2038,2004,34,649,631,18,708,688,20,26.2389469,73.0243094
RAJASTHAN,Rural,Jodhpur,Car/Jeep/Van,3884,3705,179,0,0,0,342,317,25,575,536,39,611,575,36,700,673,27,331,316,15,500,486,14,608,599,9,217,203,14,26.2389469,73.0243094
RAJASTHAN,Rural,Jodhpur,Tempo/Autorickshaw/Taxi,3164,2990,174,0,0,0,110,97,13,819,752,67,1128,1073,55,551,530,21,124,122,2,130,129,1,177,171,6,125,116,9,26.2389469,73.0243094
RAJASTHAN,Rural,Jodhpur,Bus,49380,47546,1834,0,0,0,580,531,49,2082,1848,234,4714,4443,271,7234,6792,442,6611,6414,197,10025,9786,239,15779,15453,326,2355,2279,76,26.2389469,73.0243094
RAJASTHAN,Rural,Jodhpur,Train,5670,5500,170,0,0,0,141,113,28,141,112,29,112,107,5,91,87,4,124,122,2,670,651,19,3552,3494,58,839,814,25,26.2389469,73.0243094
RAJASTHAN,Rural,Jodhpur,Water transport,136,124,12,0,0,0,27,23,4,10,8,2,8,5,3,4,4,0,7,6,1,12,12,0,34,34,0,34,32,2,26.2389469,73.0243094
RAJASTHAN,Rural,Jodhpur,Any other,3884,3700,184,0,0,0,218,196,22,511,475,36,565,538,27,622,581,41,299,293,6,381,377,4,1035,1003,32,253,237,16,26.2389469,73.0243094
RAJASTHAN,Rural,Jodhpur,No travel,75497,52752,22745,75497,52752,22745,0,0,0,0,0,0,0,0,0,0,0,0,0,0,0,0,0,0,0,0,0,0,0,0,26.2389469,73.0243094
RAJASTHAN,Urban,Jodhpur,All Modes,368768,315263,53505,93477,70845,22632,38980,32700,6280,112651,100171,12480,74412,67742,6670,22256,20465,1791,7937,7108,829,4253,3377,876,6798,5681,1117,8004,7174,830,26.2389469,73.0243094
RAJASTHAN,Urban,Jodhpur,On foot,54983,43257,11726,0,0,0,21808,16934,4874,23137,18096,5041,10038,8227,1811,0,0,0,0,0,0,0,0,0,0,0,0,0,0,0,26.2389469,73.0243094
RAJASTHAN,Urban,Jodhpur,Bicycle,58237,56471,1766,0,0,0,4893,4696,197,29939,29057,882,15387,14979,408,3709,3610,99,4309,4129,180,0,0,0,0,0,0,0,0,0,26.2389469,73.0243094
RAJASTHAN,Urban,Jodhpur,Moped/Scooter/Motor Cycle,112683,104941,7742,0,0,0,9262,8604,658,46610,43071,3539,36141,33895,2246,12239,11538,701,1416,1337,79,1500,1402,98,726,665,61,4789,4429,360,26.2389469,73.0243094
RAJASTHAN,Urban,Jodhpur,Car/Jeep/Van,12871,11493,1378,0,0,0,1000,884,116,4149,3624,525,3900,3550,350,1741,1585,156,375,321,54,411,353,58,589,547,42,706,629,77,26.2389469,73.0243094
RAJASTHAN,Urban,Jodhpur,Tempo/Autorickshaw/Taxi,11398,9116,2282,0,0,0,899,753,146,3778,2631,1147,3287,2651,636,1417,1254,163,461,426,35,465,433,32,194,172,22,897,796,101,26.2389469,73.0243094
RAJASTHAN,Urban,Jodhpur,Bus,19020,13722,5298,0,0,0,674,455,219,3583,2414,1169,4526,3408,1118,2696,2062,634,1247,784,463,1669,1020,649,3729,2882,847,896,697,199,26.2389469,73.0243094
RAJASTHAN,Urban,Jodhpur,Train,4207,3752,455,0,0,0,261,217,44,905,817,88,640,583,57,218,197,21,86,72,14,156,120,36,1433,1297,136,508,449,59,26.2389469,73.0243094
RAJASTHAN,Urban,Jodhpur,Water transport,170,135,35,0,0,0,34,26,8,32,24,8,25,21,4,16,13,3,3,3,0,4,3,1,13,11,2,43,34,9,26.2389469,73.0243094
RAJASTHAN,Urban,Jodhpur,Any other,1722,1531,191,0,0,0,149,131,18,518,437,81,468,428,40,220,206,14,40,36,4,48,46,2,114,107,7,165,140,25,26.2389469,73.0243094
RAJASTHAN,Urban,Jodhpur,No travel,93477,70845,22632,93477,70845,22632,0,0,0,0,0,0,0,0,0,0,0,0,0,0,0,0,0,0,0,0,0,0,0,0,26.2389469,73.0243094
GUJARAT,Total,Vadodara,All Modes,793306,664817,128489,191386,141381,50005,92743,74825,17918,216056,185824,30232,140148,123167,16981,64193,58704,5489,31680,29356,2324,17360,15913,1447,11604,10636,968,28136,25011,3125,22.3071588,73.1812187
GUJARAT,Total,Vadodara,On foot,109150,80263,28887,0,0,0,51545,37674,13871,35975,25569,10406,21630,17020,4610,0,0,0,0,0,0,0,0,0,0,0,0,0,0,0,22.3071588,73.1812187
GUJARAT,Total,Vadodara,Bicycle,129441,124140,5301,0,0,0,13363,12707,656,66823,63958,2865,29012,28027,985,8656,8416,240,11587,11032,555,0,0,0,0,0,0,0,0,0,22.3071588,73.1812187
GUJARAT,Total,Vadodara,Moped/Scooter/Motor Cycle,233131,208285,24846,0,0,0,20812,18526,2286,88272,77397,10875,64663,57808,6855,31877,29359,2518,7208,6779,429,4120,3892,228,1441,1335,106,14738,13189,1549,22.3071588,73.1812187
GUJARAT,Total,Vadodara,Car/Jeep/Van,31754,27973,3781,0,0,0,2351,2008,343,8626,7459,1167,6784,5935,849,5567,5034,533,2493,2207,286,2155,1934,221,1204,1118,86,2574,2278,296,22.3071588,73.1812187
GUJARAT,Total,Vadodara,Tempo/Autorickshaw/Taxi,35066,28502,6564,0,0,0,2443,2038,405,9483,6346,3137,8784,7025,1759,6098,5461,637,2200,2065,135,1990,1913,77,925,894,31,3143,2760,383,22.3071588,73.1812187
GUJARAT,Total,Vadodara,Bus,46845,39298,7547,0,0,0,1216,980,236,5214,3671,1543,7989,6221,1768,10751,9299,1452,7103,6265,838,6889,6170,719,3907,3460,447,3776,3232,544,22.3071588,73.1812187
GUJARAT,Total,Vadodara,Train,12486,11412,1074,0,0,0,545,484,61,574,495,79,550,492,58,776,718,58,872,808,64,1986,1805,181,3946,3655,291,3237,2955,282,22.3071588,73.1812187
GUJARAT,Total,Vadodara,Water transport,267,234,33,0,0,0,45,40,5,50,41,9,38,33,5,26,24,2,12,12,0,15,12,3,15,15,0,66,57,9,22.3071588,73.1812187
GUJARAT,Total,Vadodara,Any other,3780,3329,451,0,0,0,423,368,55,1039,888,151,698,606,92,442,393,49,205,188,17,205,187,18,166,159,7,602,540,62,22.3071588,73.1812187
GUJARAT,Total,Vadodara,No travel,191386,141381,50005,191386,141381,50005,0,0,0,0,0,0,0,0,0,0,0,0,0,0,0,0,0,0,0,0,0,0,0,0,22.3071588,73.1812187
GUJARAT,Rural,Vadodara,All Modes,135850,109148,26702,59080,40149,18931,13189,10420,2769,20072,18012,2060,17283,15673,1610,12917,12288,629,5832,5594,238,3375,3190,185,1672,1572,100,2430,2250,180,22.3071588,73.1812187
GUJARAT,Rural,Vadodara,On foot,15939,11530,4409,0,0,0,8965,6472,2493,3914,2814,1100,3060,2244,816,0,0,0,0,0,0,0,0,0,0,0,0,0,0,0,22.3071588,73.1812187
GUJARAT,Rural,Vadodara,Bicycle,19592,19074,518,0,0,0,1774,1705,69,8102,7861,241,5290,5177,113,2779,2728,51,1647,1603,44,0,0,0,0,0,0,0,0,0,22.3071588,73.1812187
GUJARAT,Rural,Vadodara,Moped/Scooter/Motor Cycle,20286,19289,997,0,0,0,1535,1443,92,5165,4853,312,4689,4449,240,4925,4726,199,1619,1563,56,993,961,32,270,260,10,1090,1034,56,22.3071588,73.1812187
GUJARAT,Rural,Vadodara,Car/Jeep/Van,2709,2463,246,0,0,0,194,166,28,462,398,64,565,502,63,664,624,40,324,315,9,245,228,17,84,82,2,171,148,23,22.3071588,73.1812187
GUJARAT,Rural,Vadodara,Tempo/Autorickshaw/Taxi,7251,6601,650,0,0,0,364,326,38,1429,1224,205,1956,1747,209,1995,1852,143,580,562,18,371,357,14,118,116,2,438,417,21,22.3071588,73.1812187
GUJARAT,Rural,Vadodara,Bus,9122,8276,846,0,0,0,266,224,42,808,683,125,1530,1386,144,2273,2086,187,1404,1305,99,1391,1283,108,884,815,69,566,494,72,22.3071588,73.1812187
GUJARAT,Rural,Vadodara,Train,1336,1263,73,0,0,0,32,29,3,76,68,8,84,76,8,200,193,7,222,210,12,328,316,12,283,267,16,111,104,7,22.3071588,73.1812187
GUJARAT,Rural,Vadodara,Water transport,42,39,3,0,0,0,3,2,1,7,7,0,9,9,0,7,7,0,4,4,0,1,0,1,1,1,0,10,9,1,22.3071588,73.1812187
GUJARAT,Rural,Vadodara,Any other,493,464,29,0,0,0,56,53,3,109,104,5,100,83,17,74,72,2,32,32,0,46,45,1,32,31,1,44,44,0,22.3071588,73.1812187
GUJARAT,Rural,Vadodara,No travel,59080,40149,18931,59080,40149,18931,0,0,0,0,0,0,0,0,0,0,0,0,0,0,0,0,0,0,0,0,0,0,0,0,22.3071588,73.1812187
GUJARAT,Urban,Vadodara,All Modes,657456,555669,101787,132306,101232,31074,79554,64405,15149,195984,167812,28172,122865,107494,15371,51276,46416,4860,25848,23762,2086,13985,12723,1262,9932,9064,868,25706,22761,2945,22.3071588,73.1812187
GUJARAT,Urban,Vadodara,On foot,93211,68733,24478,0,0,0,42580,31202,11378,32061,22755,9306,18570,14776,3794,0,0,0,0,0,0,0,0,0,0,0,0,0,0,0,22.3071588,73.1812187
GUJARAT,Urban,Vadodara,Bicycle,109849,105066,4783,0,0,0,11589,11002,587,58721,56097,2624,23722,22850,872,5877,5688,189,9940,9429,511,0,0,0,0,0,0,0,0,0,22.3071588,73.1812187
GUJARAT,Urban,Vadodara,Moped/Scooter/Motor Cycle,212845,188996,23849,0,0,0,19277,17083,2194,83107,72544,10563,59974,53359,6615,26952,24633,2319,5589,5216,373,3127,2931,196,1171,1075,96,13648,12155,1493,22.3071588,73.1812187
GUJARAT,Urban,Vadodara,Car/Jeep/Van,29045,25510,3535,0,0,0,2157,1842,315,8164,7061,1103,6219,5433,786,4903,4410,493,2169,1892,277,1910,1706,204,1120,1036,84,2403,2130,273,22.3071588,73.1812187
GUJARAT,Urban,Vadodara,Tempo/Autorickshaw/Taxi,27815,21901,5914,0,0,0,2079,1712,367,8054,5122,2932,6828,5278,1550,4103,3609,494,1620,1503,117,1619,1556,63,807,778,29,2705,2343,362,22.3071588,73.1812187
GUJARAT,Urban,Vadodara,Bus,37723,31022,6701,0,0,0,950,756,194,4406,2988,1418,6459,4835,1624,8478,7213,1265,5699,4960,739,5498,4887,611,3023,2645,378,3210,2738,472,22.3071588,73.1812187
GUJARAT,Urban,Vadodara,Train,11150,10149,1001,0,0,0,513,455,58,498,427,71,466,416,50,576,525,51,650,598,52,1658,1489,169,3663,3388,275,3126,2851,275,22.3071588,73.1812187
GUJARAT,Urban,Vadodara,Water transport,225,195,30,0,0,0,42,38,4,43,34,9,29,24,5,19,17,2,8,8,0,14,12,2,14,14,0,56,48,8,22.3071588,73.1812187
GUJARAT,Urban,Vadodara,Any other,3287,2865,422,0,0,0,367,315,52,930,784,146,598,523,75,368,321,47,173,156,17,159,142,17,134,128,6,558,496,62,22.3071588,73.1812187
GUJARAT,Urban,Vadodara,No travel,132306,101232,31074,132306,101232,31074,0,0,0,0,0,0,0,0,0,0,0,0,0,0,0,0,0,0,0,0,0,0,0,0,22.3071588,73.1812187
MAHARASHTRA,Total,Raigarh,All Modes,641893,511783,130110,164980,111962,53018,103549,81502,22047,127835,106723,21112,87553,74037,13516,51737,44825,6912,30043,26159,3884,36787,32039,4748,24654,21848,2806,14755,12688,2067,18.5157519,73.1821623
MAHARASHTRA,Total,Raigarh,On foot,140317,105511,34806,0,0,0,73594,55096,18498,43096,32459,10637,23627,17956,5671,0,0,0,0,0,0,0,0,0,0,0,0,0,0,0,18.5157519,73.1821623
MAHARASHTRA,Total,Raigarh,Bicycle,30192,28660,1532,0,0,0,5147,4826,321,15819,15111,708,5129,4947,182,1554,1464,90,2543,2312,231,0,0,0,0,0,0,0,0,0,18.5157519,73.1821623
MAHARASHTRA,Total,Raigarh,Moped/Scooter/Motor Cycle,80038,74013,6025,0,0,0,13393,12057,1336,28054,25760,2294,16206,15260,946,10839,10240,599,3680,3506,174,2792,2644,148,1351,1245,106,3723,3301,422,18.5157519,73.1821623
MAHARASHTRA,Total,Raigarh,Car/Jeep/Van,15825,14208,1617,0,0,0,1708,1497,211,3274,2901,373,2684,2420,264,2665,2398,267,1499,1373,126,1797,1637,160,1040,957,83,1158,1025,133,18.5157519,73.1821623
MAHARASHTRA,Total,Raigarh,Tempo/Autorickshaw/Taxi,41513,34409,7104,0,0,0,3272,2692,580,16001,12828,3173,11111,9171,1940,5911,5150,761,1477,1284,193,1287,1111,176,848,775,73,1606,1398,208,18.5157519,73.1821623
MAHARASHTRA,Total,Raigarh,Bus,93590,78965,14625,0,0,0,3740,3069,671,16931,13827,3104,22209,18716,3493,20289,17106,3183,10775,9222,1553,9559,8304,1255,6967,6117,850,3120,2604,516,18.5157519,73.1821623
MAHARASHTRA,Total,Raigarh,Train,59326,49293,10033,0,0,0,1673,1359,314,2629,2069,560,3822,3032,790,8190,6374,1816,8559,7036,1523,19352,16478,2874,11894,10316,1578,3207,2629,578,18.5157519,73.1821623
MAHARASHTRA,Total,Raigarh,Water transport,11100,10440,660,0,0,0,592,546,46,1084,975,109,1819,1709,110,1778,1651,127,1223,1175,48,1709,1603,106,2105,2031,74,790,750,40,18.5157519,73.1821623
MAHARASHTRA,Total,Raigarh,Any other,5012,4322,690,0,0,0,430,360,70,947,793,154,946,826,120,511,442,69,287,251,36,291,262,29,449,407,42,1151,981,170,18.5157519,73.1821623
MAHARASHTRA,Total,Raigarh,No travel,164980,111962,53018,164980,111962,53018,0,0,0,0,0,0,0,0,0,0,0,0,0,0,0,0,0,0,0,0,0,0,0,0,18.5157519,73.1821623
MAHARASHTRA,Rural,Raigarh,All Modes,305908,243023,62885,90442,61448,28994,43675,33977,9698,64724,53490,11234,45741,38909,6832,24806,22232,2574,11148,10022,1126,10102,9120,982,9984,9071,913,5286,4754,532,18.5157519,73.1821623
MAHARASHTRA,Rural,Raigarh,On foot,67654,49331,18323,0,0,0,32364,23823,8541,23556,16798,6758,11734,8710,3024,0,0,0,0,0,0,0,0,0,0,0,0,0,0,0,18.5157519,73.1821623
MAHARASHTRA,Rural,Raigarh,Bicycle,16803,16014,789,0,0,0,2183,2038,145,8560,8176,384,3702,3575,127,1155,1102,53,1203,1123,80,0,0,0,0,0,0,0,0,0,18.5157519,73.1821623
MAHARASHTRA,Rural,Raigarh,Moped/Scooter/Motor Cycle,37070,34981,2089,0,0,0,4281,3990,291,12903,12127,776,8901,8471,430,5993,5704,289,1719,1647,72,1198,1149,49,651,607,44,1424,1286,138,18.5157519,73.1821623
MAHARASHTRA,Rural,Raigarh,Car/Jeep/Van,3770,3492,278,0,0,0,424,387,37,941,865,76,748,693,55,622,582,40,269,249,20,263,245,18,267,251,16,236,220,16,18.5157519,73.1821623
MAHARASHTRA,Rural,Raigarh,Tempo/Autorickshaw/Taxi,26282,21956,4326,0,0,0,1635,1371,264,9404,7640,1764,7922,6548,1374,4414,3880,534,957,801,156,711,614,97,460,417,43,779,685,94,18.5157519,73.1821623
MAHARASHTRA,Rural,Raigarh,Bus,40026,34128,5898,0,0,0,1654,1373,281,7233,6050,1183,9737,8184,1553,9252,7906,1346,4030,3475,555,3341,2916,425,3605,3225,380,1174,999,175,18.5157519,73.1821623
MAHARASHTRA,Rural,Raigarh,Train,12895,11405,1490,0,0,0,466,398,68,671,552,119,1161,1023,138,1722,1501,221,1964,1774,190,3131,2792,339,3343,2978,365,437,387,50,18.5157519,73.1821623
MAHARASHTRA,Rural,Raigarh,Water transport,8217,7870,347,0,0,0,469,442,27,811,739,72,1340,1283,57,1335,1280,55,845,815,30,1333,1293,40,1505,1466,39,579,552,27,18.5157519,73.1821623
MAHARASHTRA,Rural,Raigarh,Any other,2749,2398,351,0,0,0,199,155,44,645,543,102,496,422,74,313,277,36,161,138,23,125,111,14,153,127,26,657,625,32,18.5157519,73.1821623
MAHARASHTRA,Rural,Raigarh,No travel,90442,61448,28994,90442,61448,28994,0,0,0,0,0,0,0,0,0,0,0,0,0,0,0,0,0,0,0,0,0,0,0,0,18.5157519,73.1821623
MAHARASHTRA,Urban,Raigarh,All Modes,335985,268760,67225,74538,50514,24024,59874,47525,12349,63111,53233,9878,41812,35128,6684,26931,22593,4338,18895,16137,2758,26685,22919,3766,14670,12777,1893,9469,7934,1535,18.5157519,73.1821623
MAHARASHTRA,Urban,Raigarh,On foot,72663,56180,16483,0,0,0,41230,31273,9957,19540,15661,3879,11893,9246,2647,0,0,0,0,0,0,0,0,0,0,0,0,0,0,0,18.5157519,73.1821623
MAHARASHTRA,Urban,Raigarh,Bicycle,13389,12646,743,0,0,0,2964,2788,176,7259,6935,324,1427,1372,55,399,362,37,1340,1189,151,0,0,0,0,0,0,0,0,0,18.5157519,73.1821623
MAHARASHTRA,Urban,Raigarh,Moped/Scooter/Motor Cycle,42968,39032,3936,0,0,0,9112,8067,1045,15151,13633,1518,7305,6789,516,4846,4536,310,1961,1859,102,1594,1495,99,700,638,62,2299,2015,284,18.5157519,73.1821623
MAHARASHTRA,Urban,Raigarh,Car/Jeep/Van,12055,10716,1339,0,0,0,1284,1110,174,2333,2036,297,1936,1727,209,2043,1816,227,1230,1124,106,1534,1392,142,773,706,67,922,805,117,18.5157519,73.1821623
MAHARASHTRA,Urban,Raigarh,Tempo/Autorickshaw/Taxi,15231,12453,2778,0,0,0,1637,1321,316,6597,5188,1409,3189,2623,566,1497,1270,227,520,483,37,576,497,79,388,358,30,827,713,114,18.5157519,73.1821623
MAHARASHTRA,Urban,Raigarh,Bus,53564,44837,8727,0,0,0,2086,1696,390,9698,7777,1921,12472,10532,1940,11037,9200,1837,6745,5747,998,6218,5388,830,3362,2892,470,1946,1605,341,18.5157519,73.1821623
MAHARASHTRA,Urban,Raigarh,Train,46431,37888,8543,0,0,0,1207,961,246,1958,1517,441,2661,2009,652,6468,4873,1595,6595,5262,1333,16221,13686,2535,8551,7338,1213,2770,2242,528,18.5157519,73.1821623
MAHARASHTRA,Urban,Raigarh,Water transport,2883,2570,313,0,0,0,123,104,19,273,236,37,479,426,53,443,371,72,378,360,18,376,310,66,600,565,35,211,198,13,18.5157519,73.1821623
MAHARASHTRA,Urban,Raigarh,Any other,2263,1924,339,0,0,0,231,205,26,302,250,52,450,404,46,198,165,33,126,113,13,166,151,15,296,280,16,494,356,138,18.5157519,73.1821623
MAHARASHTRA,Urban,Raigarh,No travel,74538,50514,24024,74538,50514,24024,0,0,0,0,0,0,0,0,0,0,0,0,0,0,0,0,0,0,0,0,0,0,0,0,18.5157519,73.1821623
RAJASTHAN,Total,Bikaner,All Modes,356908,286871,70037,130794,86257,44537,40894,33372,7522,92699,82316,10383,42801,38956,3845,10866,10175,691,12166,11560,606,6189,5579,610,10659,9752,907,9840,8904,936,28.0229348,73.3119159
RAJASTHAN,Total,Bikaner,On foot,62347,47575,14772,0,0,0,27634,20941,6693,24359,18310,6049,10354,8324,2030,0,0,0,0,0,0,0,0,0,0,0,0,0,0,0,28.0229348,73.3119159
RAJASTHAN,Total,Bikaner,Bicycle,60757,59403,1354,0,0,0,5724,5559,165,33820,33006,814,12750,12546,204,1939,1906,33,6524,6386,138,0,0,0,0,0,0,0,0,0,28.0229348,73.3119159
RAJASTHAN,Total,Bikaner,Moped/Scooter/Motor Cycle,53380,50277,3103,0,0,0,5178,4878,300,26211,24543,1668,12433,11798,635,2952,2843,109,623,594,29,567,542,25,412,390,22,5004,4689,315,28.0229348,73.3119159
RAJASTHAN,Total,Bikaner,Car/Jeep/Van,5932,5142,790,0,0,0,591,498,93,1734,1431,303,990,838,152,581,509,72,372,339,33,464,428,36,618,591,27,582,508,74,28.0229348,73.3119159
RAJASTHAN,Total,Bikaner,Tempo/Autorickshaw/Taxi,12480,10152,2328,0,0,0,782,657,125,3967,2747,1220,3640,3081,559,1752,1622,130,595,563,32,336,312,24,218,196,22,1190,974,216,28.0229348,73.3119159
RAJASTHAN,Total,Bikaner,Bus,24365,21597,2768,0,0,0,507,412,95,1432,1193,239,1812,1607,205,3165,2860,305,3813,3456,357,4464,3950,514,7114,6347,767,2058,1772,286,28.0229348,73.3119159
RAJASTHAN,Total,Bikaner,Train,3088,2951,137,0,0,0,122,114,8,166,154,12,153,145,8,101,95,6,88,82,6,113,105,8,1750,1687,63,595,569,26,28.0229348,73.3119159
RAJASTHAN,Total,Bikaner,Water transport,129,96,33,0,0,0,43,22,21,19,17,2,9,9,0,8,8,0,3,3,0,8,8,0,19,16,3,20,13,7,28.0229348,73.3119159
RAJASTHAN,Total,Bikaner,Any other,3636,3421,215,0,0,0,313,291,22,991,915,76,660,608,52,368,332,36,148,137,11,237,234,3,528,525,3,391,379,12,28.0229348,73.3119159
RAJASTHAN,Total,Bikaner,No travel,130794,86257,44537,130794,86257,44537,0,0,0,0,0,0,0,0,0,0,0,0,0,0,0,0,0,0,0,0,0,0,0,0,28.0229348,73.3119159
RAJASTHAN,Rural,Bikaner,All Modes,130775,90846,39929,66493,35938,30555,13711,10319,3392,18452,14499,3953,10768,9515,1253,5206,4966,240,4181,4065,116,3801,3666,135,5692,5525,167,2471,2353,118,28.0229348,73.3119159
RAJASTHAN,Rural,Bikaner,On foot,28050,20509,7541,0,0,0,11543,8351,3192,11612,8201,3411,4895,3957,938,0,0,0,0,0,0,0,0,0,0,0,0,0,0,0,28.0229348,73.3119159
RAJASTHAN,Rural,Bikaner,Bicycle,5520,5339,181,0,0,0,578,525,53,2534,2454,80,1382,1359,23,542,533,9,484,468,16,0,0,0,0,0,0,0,0,0,28.0229348,73.3119159
RAJASTHAN,Rural,Bikaner,Moped/Scooter/Motor Cycle,4870,4713,157,0,0,0,569,543,26,1501,1436,65,1174,1151,23,825,805,20,237,229,8,170,168,2,113,111,2,281,270,11,28.0229348,73.3119159
RAJASTHAN,Rural,Bikaner,Car/Jeep/Van,2100,1908,192,0,0,0,205,186,19,439,336,103,215,194,21,264,239,25,224,219,5,293,284,9,306,304,2,154,146,8,28.0229348,73.3119159
RAJASTHAN,Rural,Bikaner,Tempo/Autorickshaw/Taxi,4403,4032,371,0,0,0,257,227,30,853,707,146,1403,1287,116,888,855,33,379,368,11,147,145,2,98,97,1,378,346,32,28.0229348,73.3119159
RAJASTHAN,Rural,Bikaner,Bus,15482,14760,722,0,0,0,305,271,34,981,880,101,1272,1181,91,2403,2285,118,2697,2632,65,2930,2811,119,3740,3600,140,1154,1100,54,28.0229348,73.3119159
RAJASTHAN,Rural,Bikaner,Train,1699,1656,43,0,0,0,69,64,5,66,64,2,87,85,2,67,64,3,56,52,4,59,58,1,1004,984,20,291,285,6,28.0229348,73.3119159
RAJASTHAN,Rural,Bikaner,Water transport,61,41,20,0,0,0,25,7,18,4,4,0,3,3,0,6,6,0,3,3,0,6,6,0,9,9,0,5,3,2,28.0229348,73.3119159
RAJASTHAN,Rural,Bikaner,Any other,2097,1950,147,0,0,0,160,145,15,462,417,45,337,298,39,211,179,32,101,94,7,196,194,2,422,420,2,208,203,5,28.0229348,73.3119159
RAJASTHAN,Rural,Bikaner,No travel,66493,35938,30555,66493,35938,30555,0,0,0,0,0,0,0,0,0,0,0,0,0,0,0,0,0,0,0,0,0,0,0,0,28.0229348,73.3119159
RAJASTHAN,Urban,Bikaner,All Modes,226133,196025,30108,64301,50319,13982,27183,23053,4130,74247,67817,6430,32033,29441,2592,5660,5209,451,7985,7495,490,2388,1913,475,4967,4227,740,7369,6551,818,28.0229348,73.3119159
RAJASTHAN,Urban,Bikaner,On foot,34297,27066,7231,0,0,0,16091,12590,3501,12747,10109,2638,5459,4367,1092,0,0,0,0,0,0,0,0,0,0,0,0,0,0,0,28.0229348,73.3119159
RAJASTHAN,Urban,Bikaner,Bicycle,55237,54064,1173,0,0,0,5146,5034,112,31286,30552,734,11368,11187,181,1397,1373,24,6040,5918,122,0,0,0,0,0,0,0,0,0,28.0229348,73.3119159
RAJASTHAN,Urban,Bikaner,Moped/Scooter/Motor Cycle,48510,45564,2946,0,0,0,4609,4335,274,24710,23107,1603,11259,10647,612,2127,2038,89,386,365,21,397,374,23,299,279,20,4723,4419,304,28.0229348,73.3119159
RAJASTHAN,Urban,Bikaner,Car/Jeep/Van,3832,3234,598,0,0,0,386,312,74,1295,1095,200,775,644,131,317,270,47,148,120,28,171,144,27,312,287,25,428,362,66,28.0229348,73.3119159
RAJASTHAN,Urban,Bikaner,Tempo/Autorickshaw/Taxi,8077,6120,1957,0,0,0,525,430,95,3114,2040,1074,2237,1794,443,864,767,97,216,195,21,189,167,22,120,99,21,812,628,184,28.0229348,73.3119159
RAJASTHAN,Urban,Bikaner,Bus,8883,6837,2046,0,0,0,202,141,61,451,313,138,540,426,114,762,575,187,1116,824,292,1534,1139,395,3374,2747,627,904,672,232,28.0229348,73.3119159
RAJASTHAN,Urban,Bikaner,Train,1389,1295,94,0,0,0,53,50,3,100,90,10,66,60,6,34,31,3,32,30,2,54,47,7,746,703,43,304,284,20,28.0229348,73.3119159
RAJASTHAN,Urban,Bikaner,Water transport,68,55,13,0,0,0,18,15,3,15,13,2,6,6,0,2,2,0,0,0,0,2,2,0,10,7,3,15,10,5,28.0229348,73.3119159
RAJASTHAN,Urban,Bikaner,Any other,1539,1471,68,0,0,0,153,146,7,529,498,31,323,310,13,157,153,4,47,43,4,41,40,1,106,105,1,183,176,7,28.0229348,73.3119159
RAJASTHAN,Urban,Bikaner,No travel,64301,50319,13982,64301,50319,13982,0,0,0,0,0,0,0,0,0,0,0,0,0,0,0,0,0,0,0,0,0,0,0,0,28.0229348,73.3119159
MAHARASHTRA,Total,Ratnagiri,All Modes,246816,191529,55287,71042,48216,22826,45886,34742,11144,50938,40231,10707,32914,26916,5998,20171,17678,2493,9374,8506,868,7136,6493,643,5749,5460,289,3606,3287,319,16.990215,73.3120233
MAHARASHTRA,Total,Ratnagiri,On foot,66010,46906,19104,0,0,0,34909,24879,10030,21346,15029,6317,9755,6998,2757,0,0,0,0,0,0,0,0,0,0,0,0,0,0,0,16.990215,73.3120233
MAHARASHTRA,Total,Ratnagiri,Bicycle,7445,7142,303,0,0,0,1294,1235,59,3836,3679,157,1454,1400,54,410,399,11,451,429,22,0,0,0,0,0,0,0,0,0,16.990215,73.3120233
MAHARASHTRA,Total,Ratnagiri,Moped/Scooter/Motor Cycle,35534,31889,3645,0,0,0,6571,5869,702,12963,11346,1617,7058,6350,708,4792,4413,379,1672,1584,88,1098,1041,57,381,374,7,999,912,87,16.990215,73.3120233
MAHARASHTRA,Total,Ratnagiri,Car/Jeep/Van,4002,3671,331,0,0,0,555,502,53,1086,974,112,645,588,57,623,587,36,265,240,25,303,283,20,307,292,15,218,205,13,16.990215,73.3120233
MAHARASHTRA,Total,Ratnagiri,Tempo/Autorickshaw/Taxi,8217,7218,999,0,0,0,966,875,91,2352,1957,395,1853,1715,138,1347,1156,191,520,473,47,454,375,79,232,201,31,493,466,27,16.990215,73.3120233
MAHARASHTRA,Total,Ratnagiri,Bus,40760,33259,7501,0,0,0,761,584,177,8012,6017,1995,10492,8325,2167,10739,8972,1767,4567,3950,617,2986,2537,449,2419,2226,193,784,648,136,16.990215,73.3120233
MAHARASHTRA,Total,Ratnagiri,Train,1371,1261,110,0,0,0,65,60,5,84,69,15,139,127,12,160,143,17,92,79,13,122,113,9,586,558,28,123,112,11,16.990215,73.3120233
MAHARASHTRA,Total,Ratnagiri,Water transport,10611,10397,214,0,0,0,634,614,20,980,923,57,1129,1090,39,1686,1659,27,1582,1571,11,2048,2024,24,1700,1686,14,852,830,22,16.990215,73.3120233
MAHARASHTRA,Total,Ratnagiri,Any other,1824,1570,254,0,0,0,131,124,7,279,237,42,389,323,66,414,349,65,225,180,45,125,120,5,124,123,1,137,114,23,16.990215,73.3120233
MAHARASHTRA,Total,Ratnagiri,No travel,71042,48216,22826,71042,48216,22826,0,0,0,0,0,0,0,0,0,0,0,0,0,0,0,0,0,0,0,0,0,0,0,0,16.990215,73.3120233
MAHARASHTRA,Rural,Ratnagiri,All Modes,168289,129774,38515,54087,35942,18145,25215,18765,6450,31407,24761,6646,24168,19872,4296,14757,13100,1657,7182,6590,592,5095,4723,372,4054,3886,168,2324,2135,189,16.990215,73.3120233
MAHARASHTRA,Rural,Ratnagiri,On foot,42903,30132,12771,0,0,0,20749,14624,6125,15015,10483,4532,7139,5025,2114,0,0,0,0,0,0,0,0,0,0,0,0,0,0,0,16.990215,73.3120233
MAHARASHTRA,Rural,Ratnagiri,Bicycle,3989,3856,133,0,0,0,479,458,21,1884,1829,55,1080,1042,38,299,293,6,247,234,13,0,0,0,0,0,0,0,0,0,16.990215,73.3120233
MAHARASHTRA,Rural,Ratnagiri,Moped/Scooter/Motor Cycle,18016,16667,1349,0,0,0,2089,1951,138,5804,5265,539,4543,4176,367,3252,3046,206,1024,987,37,611,588,23,205,202,3,488,452,36,16.990215,73.3120233
MAHARASHTRA,Rural,Ratnagiri,Car/Jeep/Van,2310,2137,173,0,0,0,255,237,18,636,584,52,428,394,34,381,353,28,174,157,17,172,160,12,127,121,6,137,131,6,16.990215,73.3120233
MAHARASHTRA,Rural,Ratnagiri,Tempo/Autorickshaw/Taxi,5685,5065,620,0,0,0,500,477,23,1593,1389,204,1437,1343,94,1019,879,140,395,352,43,283,215,68,144,114,30,314,296,18,16.990215,73.3120233
MAHARASHTRA,Rural,Ratnagiri,Bus,30156,25237,4919,0,0,0,451,351,100,5379,4208,1171,8251,6691,1560,8037,6816,1221,3692,3266,426,2048,1804,244,1764,1657,107,534,444,90,16.990215,73.3120233
MAHARASHTRA,Rural,Ratnagiri,Train,764,703,61,0,0,0,33,29,4,50,39,11,83,74,9,111,101,10,65,60,5,64,62,2,304,290,14,54,48,6,16.990215,73.3120233
MAHARASHTRA,Rural,Ratnagiri,Water transport,9135,8962,173,0,0,0,585,567,18,842,791,51,930,894,36,1395,1381,14,1405,1394,11,1820,1801,19,1455,1447,8,703,687,16,16.990215,73.3120233
MAHARASHTRA,Rural,Ratnagiri,Any other,1244,1073,171,0,0,0,74,71,3,204,173,31,277,233,44,263,231,32,180,140,40,97,93,4,55,55,0,94,77,17,16.990215,73.3120233
MAHARASHTRA,Rural,Ratnagiri,No travel,54087,35942,18145,54087,35942,18145,0,0,0,0,0,0,0,0,0,0,0,0,0,0,0,0,0,0,0,0,0,0,0,0,16.990215,73.3120233
MAHARASHTRA,Urban,Ratnagiri,All Modes,78527,61755,16772,16955,12274,4681,20671,15977,4694,19531,15470,4061,8746,7044,1702,5414,4578,836,2192,1916,276,2041,1770,271,1695,1574,121,1282,1152,130,16.990215,73.3120233
MAHARASHTRA,Urban,Ratnagiri,On foot,23107,16774,6333,0,0,0,14160,10255,3905,6331,4546,1785,2616,1973,643,0,0,0,0,0,0,0,0,0,0,0,0,0,0,0,16.990215,73.3120233
MAHARASHTRA,Urban,Ratnagiri,Bicycle,3456,3286,170,0,0,0,815,777,38,1952,1850,102,374,358,16,111,106,5,204,195,9,0,0,0,0,0,0,0,0,0,16.990215,73.3120233
MAHARASHTRA,Urban,Ratnagiri,Moped/Scooter/Motor Cycle,17518,15222,2296,0,0,0,4482,3918,564,7159,6081,1078,2515,2174,341,1540,1367,173,648,597,51,487,453,34,176,172,4,511,460,51,16.990215,73.3120233
MAHARASHTRA,Urban,Ratnagiri,Car/Jeep/Van,1692,1534,158,0,0,0,300,265,35,450,390,60,217,194,23,242,234,8,91,83,8,131,123,8,180,171,9,81,74,7,16.990215,73.3120233
MAHARASHTRA,Urban,Ratnagiri,Tempo/Autorickshaw/Taxi,2532,2153,379,0,0,0,466,398,68,759,568,191,416,372,44,328,277,51,125,121,4,171,160,11,88,87,1,179,170,9,16.990215,73.3120233
MAHARASHTRA,Urban,Ratnagiri,Bus,10604,8022,2582,0,0,0,310,233,77,2633,1809,824,2241,1634,607,2702,2156,546,875,684,191,938,733,205,655,569,86,250,204,46,16.990215,73.3120233
MAHARASHTRA,Urban,Ratnagiri,Train,607,558,49,0,0,0,32,31,1,34,30,4,56,53,3,49,42,7,27,19,8,58,51,7,282,268,14,69,64,5,16.990215,73.3120233
MAHARASHTRA,Urban,Ratnagiri,Water transport,1476,1435,41,0,0,0,49,47,2,138,132,6,199,196,3,291,278,13,177,177,0,228,223,5,245,239,6,149,143,6,16.990215,73.3120233
MAHARASHTRA,Urban,Ratnagiri,Any other,580,497,83,0,0,0,57,53,4,75,64,11,112,90,22,151,118,33,45,40,5,28,27,1,69,68,1,43,37,6,16.990215,73.3120233
MAHARASHTRA,Urban,Ratnagiri,No travel,16955,12274,4681,16955,12274,4681,0,0,0,0,0,0,0,0,0,0,0,0,0,0,0,0,0,0,0,0,0,0,0,0,16.990215,73.3120233
RAJASTHAN,Total,Pali,All Modes,335437,261443,73994,87615,58245,29370,62745,45407,17338,94743,76718,18025,43342,36196,7146,16589,15793,796,9736,9300,436,5241,5015,226,6871,6636,235,8555,8133,422,25.7780623,73.331147
RAJASTHAN,Total,Pali,On foot,98502,60867,37635,0,0,0,44861,28336,16525,36555,21200,15355,17086,11331,5755,0,0,0,0,0,0,0,0,0,0,0,0,0,0,0,25.7780623,73.331147
RAJASTHAN,Total,Pali,Bicycle,45590,44233,1357,0,0,0,6341,6151,190,26681,25901,780,6918,6757,161,1510,1463,47,4140,3961,179,0,0,0,0,0,0,0,0,0,25.7780623,73.331147
RAJASTHAN,Total,Pali,Moped/Scooter/Motor Cycle,58889,57003,1886,0,0,0,9057,8738,319,24558,23700,858,10851,10511,340,6472,6321,151,1961,1922,39,1320,1289,31,570,551,19,4100,3971,129,25.7780623,73.331147
RAJASTHAN,Total,Pali,Car/Jeep/Van,5744,5352,392,0,0,0,661,603,58,1211,1093,118,1005,926,79,982,932,50,443,415,28,478,461,17,456,442,14,508,480,28,25.7780623,73.331147
RAJASTHAN,Total,Pali,Tempo/Autorickshaw/Taxi,9981,8830,1151,0,0,0,651,577,74,2662,2192,470,3084,2704,380,2126,1984,142,328,311,17,261,250,11,169,164,5,700,648,52,25.7780623,73.331147
RAJASTHAN,Total,Pali,Bus,21557,19835,1722,0,0,0,663,581,82,2128,1837,291,3793,3408,385,4991,4605,386,2611,2443,168,2710,2558,152,2734,2610,124,1927,1793,134,25.7780623,73.331147
RAJASTHAN,Total,Pali,Train,5165,4980,185,0,0,0,187,151,36,276,252,24,176,171,5,261,253,8,147,146,1,346,333,13,2723,2655,68,1049,1019,30,25.7780623,73.331147
RAJASTHAN,Total,Pali,Water transport,147,123,24,0,0,0,61,49,12,22,18,4,21,18,3,6,5,1,1,1,0,7,7,0,15,14,1,14,11,3,25.7780623,73.331147
RAJASTHAN,Total,Pali,Any other,2247,1975,272,0,0,0,263,221,42,650,525,125,408,370,38,241,230,11,105,101,4,119,117,2,204,200,4,257,211,46,25.7780623,73.331147
RAJASTHAN,Total,Pali,No travel,87615,58245,29370,87615,58245,29370,0,0,0,0,0,0,0,0,0,0,0,0,0,0,0,0,0,0,0,0,0,0,0,0,25.7780623,73.331147
RAJASTHAN,Rural,Pali,All Modes,212817,155152,57665,65040,41626,23414,34403,20846,13557,46366,32796,13570,30615,24853,5762,13828,13295,533,6839,6570,269,3968,3841,127,5270,5125,145,6488,6200,288,25.7780623,73.331147
RAJASTHAN,Rural,Pali,On foot,68636,38041,30595,0,0,0,28534,15378,13156,26417,13973,12444,13685,8690,4995,0,0,0,0,0,0,0,0,0,0,0,0,0,0,0,25.7780623,73.331147
RAJASTHAN,Rural,Pali,Bicycle,17206,16560,646,0,0,0,1777,1688,89,8171,7841,330,3741,3666,75,1203,1172,31,2314,2193,121,0,0,0,0,0,0,0,0,0,25.7780623,73.331147
RAJASTHAN,Rural,Pali,Moped/Scooter/Motor Cycle,27183,26471,712,0,0,0,2588,2487,101,7325,7104,221,6542,6394,148,5130,5021,109,1572,1541,31,935,917,18,393,382,11,2698,2625,73,25.7780623,73.331147
RAJASTHAN,Rural,Pali,Car/Jeep/Van,3727,3449,278,0,0,0,326,285,41,547,471,76,687,628,59,829,789,40,325,304,21,359,350,9,280,272,8,374,350,24,25.7780623,73.331147
RAJASTHAN,Rural,Pali,Tempo/Autorickshaw/Taxi,7145,6520,625,0,0,0,303,262,41,1487,1303,184,2367,2140,227,1894,1776,118,255,246,9,178,170,8,110,106,4,551,517,34,25.7780623,73.331147
RAJASTHAN,Rural,Pali,Bus,17960,16899,1061,0,0,0,543,481,62,1811,1605,206,3168,2941,227,4341,4117,224,2174,2089,85,2134,2052,82,2044,1974,70,1745,1640,105,25.7780623,73.331147
RAJASTHAN,Rural,Pali,Train,4286,4158,128,0,0,0,144,118,26,191,178,13,141,138,3,219,216,3,108,108,0,263,255,8,2276,2226,50,944,919,25,25.7780623,73.331147
RAJASTHAN,Rural,Pali,Water transport,77,62,15,0,0,0,31,23,8,7,5,2,12,10,2,3,3,0,1,1,0,3,3,0,10,10,0,10,7,3,25.7780623,73.331147
RAJASTHAN,Rural,Pali,Any other,1557,1366,191,0,0,0,157,124,33,410,316,94,272,246,26,209,201,8,90,88,2,96,94,2,157,155,2,166,142,24,25.7780623,73.331147
RAJASTHAN,Rural,Pali,No travel,65040,41626,23414,65040,41626,23414,0,0,0,0,0,0,0,0,0,0,0,0,0,0,0,0,0,0,0,0,0,0,0,0,25.7780623,73.331147
RAJASTHAN,Urban,Pali,All Modes,122620,106291,16329,22575,16619,5956,28342,24561,3781,48377,43922,4455,12727,11343,1384,2761,2498,263,2897,2730,167,1273,1174,99,1601,1511,90,2067,1933,134,25.7780623,73.331147
RAJASTHAN,Urban,Pali,On foot,29866,22826,7040,0,0,0,16327,12958,3369,10138,7227,2911,3401,2641,760,0,0,0,0,0,0,0,0,0,0,0,0,0,0,0,25.7780623,73.331147
RAJASTHAN,Urban,Pali,Bicycle,28384,27673,711,0,0,0,4564,4463,101,18510,18060,450,3177,3091,86,307,291,16,1826,1768,58,0,0,0,0,0,0,0,0,0,25.7780623,73.331147
RAJASTHAN,Urban,Pali,Moped/Scooter/Motor Cycle,31706,30532,1174,0,0,0,6469,6251,218,17233,16596,637,4309,4117,192,1342,1300,42,389,381,8,385,372,13,177,169,8,1402,1346,56,25.7780623,73.331147
RAJASTHAN,Urban,Pali,Car/Jeep/Van,2017,1903,114,0,0,0,335,318,17,664,622,42,318,298,20,153,143,10,118,111,7,119,111,8,176,170,6,134,130,4,25.7780623,73.331147
RAJASTHAN,Urban,Pali,Tempo/Autorickshaw/Taxi,2836,2310,526,0,0,0,348,315,33,1175,889,286,717,564,153,232,208,24,73,65,8,83,80,3,59,58,1,149,131,18,25.7780623,73.331147
RAJASTHAN,Urban,Pali,Bus,3597,2936,661,0,0,0,120,100,20,317,232,85,625,467,158,650,488,162,437,354,83,576,506,70,690,636,54,182,153,29,25.7780623,73.331147
RAJASTHAN,Urban,Pali,Train,879,822,57,0,0,0,43,33,10,85,74,11,35,33,2,42,37,5,39,38,1,83,78,5,447,429,18,105,100,5,25.7780623,73.331147
RAJASTHAN,Urban,Pali,Water transport,70,61,9,0,0,0,30,26,4,15,13,2,9,8,1,3,2,1,0,0,0,4,4,0,5,4,1,4,4,0,25.7780623,73.331147
RAJASTHAN,Urban,Pali,Any other,690,609,81,0,0,0,106,97,9,240,209,31,136,124,12,32,29,3,15,13,2,23,23,0,47,45,2,91,69,22,25.7780623,73.331147
RAJASTHAN,Urban,Pali,No travel,22575,16619,5956,22575,16619,5956,0,0,0,0,0,0,0,0,0,0,0,0,0,0,0,0,0,0,0,0,0,0,0,0,25.7780623,73.331147
MAHARASHTRA,Total,Sindhudurg,All Modes,130871,99505,31366,40507,28465,12042,23491,17116,6375,29137,22690,6447,14882,11818,3064,9184,7560,1624,5258,4439,819,4421,3863,558,2293,2060,233,1698,1494,204,16.3492193,73.5594128
MAHARASHTRA,Total,Sindhudurg,On foot,33283,22949,10334,0,0,0,16800,11261,5539,11594,8029,3565,4889,3659,1230,0,0,0,0,0,0,0,0,0,0,0,0,0,0,0,16.3492193,73.5594128
MAHARASHTRA,Total,Sindhudurg,Bicycle,6981,6457,524,0,0,0,1293,1178,115,3868,3588,280,1141,1077,64,260,237,23,419,377,42,0,0,0,0,0,0,0,0,0,16.3492193,73.5594128
MAHARASHTRA,Total,Sindhudurg,Moped/Scooter/Motor Cycle,22101,19545,2556,0,0,0,3729,3284,445,7942,6853,1089,3413,3001,412,3296,2989,307,1550,1422,128,1178,1098,80,400,375,25,593,523,70,16.3492193,73.5594128
MAHARASHTRA,Total,Sindhudurg,Car/Jeep/Van,1751,1529,222,0,0,0,250,218,32,418,364,54,229,185,44,267,230,37,167,146,21,152,135,17,161,157,4,107,94,13,16.3492193,73.5594128
MAHARASHTRA,Total,Sindhudurg,Tempo/Autorickshaw/Taxi,4486,3766,720,0,0,0,465,412,53,1580,1244,336,950,771,179,568,508,60,239,208,31,278,252,26,197,168,29,209,203,6,16.3492193,73.5594128
MAHARASHTRA,Total,Sindhudurg,Bus,17411,12724,4687,0,0,0,582,418,164,3066,2026,1040,3614,2527,1087,4018,2853,1165,2387,1804,583,2259,1851,408,1041,891,150,444,354,90,16.3492193,73.5594128
MAHARASHTRA,Total,Sindhudurg,Train,601,521,80,0,0,0,46,38,8,72,62,10,41,32,9,57,47,10,47,41,6,65,54,11,193,173,20,80,74,6,16.3492193,73.5594128
MAHARASHTRA,Total,Sindhudurg,Water transport,2991,2886,105,0,0,0,238,228,10,377,348,29,462,447,15,624,614,10,400,393,7,433,417,16,247,243,4,210,196,14,16.3492193,73.5594128
MAHARASHTRA,Total,Sindhudurg,Any other,759,663,96,0,0,0,88,79,9,220,176,44,143,119,24,94,82,12,49,48,1,56,56,0,54,53,1,55,50,5,16.3492193,73.5594128
MAHARASHTRA,Total,Sindhudurg,No travel,40507,28465,12042,40507,28465,12042,0,0,0,0,0,0,0,0,0,0,0,0,0,0,0,0,0,0,0,0,0,0,0,0,16.3492193,73.5594128
MAHARASHTRA,Rural,Sindhudurg,All Modes,96622,73121,23501,32133,22198,9935,14615,10460,4155,20241,15705,4536,12281,9866,2415,7089,5932,1157,4028,3437,591,3418,3022,396,1576,1399,177,1241,1102,139,16.3492193,73.5594128
MAHARASHTRA,Rural,Sindhudurg,On foot,23491,16242,7249,0,0,0,11420,7636,3784,8297,5777,2520,3774,2829,945,0,0,0,0,0,0,0,0,0,0,0,0,0,0,0,16.3492193,73.5594128
MAHARASHTRA,Rural,Sindhudurg,Bicycle,4542,4239,303,0,0,0,493,467,26,2526,2357,169,966,914,52,231,211,20,326,290,36,0,0,0,0,0,0,0,0,0,16.3492193,73.5594128
MAHARASHTRA,Rural,Sindhudurg,Moped/Scooter/Motor Cycle,14072,12584,1488,0,0,0,1503,1344,159,4857,4247,610,2776,2468,308,2415,2207,208,1095,1006,89,819,764,55,257,240,17,350,308,42,16.3492193,73.5594128
MAHARASHTRA,Rural,Sindhudurg,Car/Jeep/Van,1089,945,144,0,0,0,133,113,20,243,211,32,169,135,34,188,166,22,109,96,13,91,78,13,86,84,2,70,62,8,16.3492193,73.5594128
MAHARASHTRA,Rural,Sindhudurg,Tempo/Autorickshaw/Taxi,3426,2807,619,0,0,0,296,265,31,1195,899,296,827,660,167,449,402,47,172,149,23,207,185,22,114,85,29,166,162,4,16.3492193,73.5594128
MAHARASHTRA,Rural,Sindhudurg,Bus,14318,10783,3535,0,0,0,449,331,118,2590,1757,833,3160,2294,866,3275,2436,839,1920,1501,419,1791,1506,285,777,667,110,356,291,65,16.3492193,73.5594128
MAHARASHTRA,Rural,Sindhudurg,Train,429,376,53,0,0,0,28,24,4,51,45,6,33,28,5,46,38,8,39,35,4,55,48,7,125,110,15,52,48,4,16.3492193,73.5594128
MAHARASHTRA,Rural,Sindhudurg,Water transport,2508,2411,97,0,0,0,223,214,9,305,277,28,446,431,15,407,400,7,326,320,6,417,403,14,179,175,4,205,191,14,16.3492193,73.5594128
MAHARASHTRA,Rural,Sindhudurg,Any other,614,536,78,0,0,0,70,66,4,177,135,42,130,107,23,78,72,6,41,40,1,38,38,0,38,38,0,42,40,2,16.3492193,73.5594128
MAHARASHTRA,Rural,Sindhudurg,No travel,32133,22198,9935,32133,22198,9935,0,0,0,0,0,0,0,0,0,0,0,0,0,0,0,0,0,0,0,0,0,0,0,0,16.3492193,73.5594128
MAHARASHTRA,Urban,Sindhudurg,All Modes,34249,26384,7865,8374,6267,2107,8876,6656,2220,8896,6985,1911,2601,1952,649,2095,1628,467,1230,1002,228,1003,841,162,717,661,56,457,392,65,16.3492193,73.5594128
MAHARASHTRA,Urban,Sindhudurg,On foot,9792,6707,3085,0,0,0,5380,3625,1755,3297,2252,1045,1115,830,285,0,0,0,0,0,0,0,0,0,0,0,0,0,0,0,16.3492193,73.5594128
MAHARASHTRA,Urban,Sindhudurg,Bicycle,2439,2218,221,0,0,0,800,711,89,1342,1231,111,175,163,12,29,26,3,93,87,6,0,0,0,0,0,0,0,0,0,16.3492193,73.5594128
MAHARASHTRA,Urban,Sindhudurg,Moped/Scooter/Motor Cycle,8029,6961,1068,0,0,0,2226,1940,286,3085,2606,479,637,533,104,881,782,99,455,416,39,359,334,25,143,135,8,243,215,28,16.3492193,73.5594128
MAHARASHTRA,Urban,Sindhudurg,Car/Jeep/Van,662,584,78,0,0,0,117,105,12,175,153,22,60,50,10,79,64,15,58,50,8,61,57,4,75,73,2,37,32,5,16.3492193,73.5594128
MAHARASHTRA,Urban,Sindhudurg,Tempo/Autorickshaw/Taxi,1060,959,101,0,0,0,169,147,22,385,345,40,123,111,12,119,106,13,67,59,8,71,67,4,83,83,0,43,41,2,16.3492193,73.5594128
MAHARASHTRA,Urban,Sindhudurg,Bus,3093,1941,1152,0,0,0,133,87,46,476,269,207,454,233,221,743,417,326,467,303,164,468,345,123,264,224,40,88,63,25,16.3492193,73.5594128
MAHARASHTRA,Urban,Sindhudurg,Train,172,145,27,0,0,0,18,14,4,21,17,4,8,4,4,11,9,2,8,6,2,10,6,4,68,63,5,28,26,2,16.3492193,73.5594128
MAHARASHTRA,Urban,Sindhudurg,Water transport,483,475,8,0,0,0,15,14,1,72,71,1,16,16,0,217,214,3,74,73,1,16,14,2,68,68,0,5,5,0,16.3492193,73.5594128
MAHARASHTRA,Urban,Sindhudurg,Any other,145,127,18,0,0,0,18,13,5,43,41,2,13,12,1,16,10,6,8,8,0,18,18,0,16,15,1,13,10,3,16.3492193,73.5594128
MAHARASHTRA,Urban,Sindhudurg,No travel,8374,6267,2107,8374,6267,2107,0,0,0,0,0,0,0,0,0,0,0,0,0,0,0,0,0,0,0,0,0,0,0,0,16.3492193,73.5594128
GUJARAT,Total,Panch Mahals,All Modes,253930,173775,80155,113050,57980,55070,35266,25433,9833,40249,34837,5412,22531,18356,4175,15589,13523,2066,7771,6699,1072,6843,5896,947,9802,8567,1235,2829,2484,345,22.8011177,73.5594128
GUJARAT,Total,Panch Mahals,On foot,47208,32824,14384,0,0,0,25956,17095,8861,13995,11012,2983,7257,4717,2540,0,0,0,0,0,0,0,0,0,0,0,0,0,0,0,22.8011177,73.5594128
GUJARAT,Total,Panch Mahals,Bicycle,14304,13707,597,0,0,0,1799,1669,130,7631,7360,271,3031,2945,86,955,932,23,888,801,87,0,0,0,0,0,0,0,0,0,22.8011177,73.5594128
GUJARAT,Total,Panch Mahals,Moped/Scooter/Motor Cycle,34549,30696,3853,0,0,0,5179,4745,434,12647,11467,1180,5477,4822,655,5382,4623,759,2286,1935,351,1761,1530,231,755,644,111,1062,930,132,22.8011177,73.5594128
GUJARAT,Total,Panch Mahals,Car/Jeep/Van,5634,4745,889,0,0,0,410,320,90,960,823,137,881,748,133,1632,1366,266,707,600,107,541,467,74,310,265,45,193,156,37,22.8011177,73.5594128
GUJARAT,Total,Panch Mahals,Tempo/Autorickshaw/Taxi,12922,11666,1256,0,0,0,878,789,89,3261,2754,507,3345,3051,294,3375,3141,234,896,841,55,449,428,21,319,293,26,399,369,30,22.8011177,73.5594128
GUJARAT,Total,Panch Mahals,Bus,23523,19700,3823,0,0,0,690,516,174,1477,1171,306,2320,1879,441,4064,3301,763,2822,2373,449,3833,3234,599,7356,6379,977,961,847,114,22.8011177,73.5594128
GUJARAT,Total,Panch Mahals,Train,1640,1493,147,0,0,0,125,95,30,77,64,13,53,44,9,82,73,9,94,77,17,186,177,9,893,856,37,130,107,23,22.8011177,73.5594128
GUJARAT,Total,Panch Mahals,Water transport,76,57,19,0,0,0,31,17,14,11,10,1,8,7,1,6,5,1,2,2,0,6,5,1,10,9,1,2,2,0,22.8011177,73.5594128
GUJARAT,Total,Panch Mahals,Any other,1024,907,117,0,0,0,198,187,11,190,176,14,159,143,16,93,82,11,76,70,6,67,55,12,159,121,38,82,73,9,22.8011177,73.5594128
GUJARAT,Total,Panch Mahals,No travel,113050,57980,55070,113050,57980,55070,0,0,0,0,0,0,0,0,0,0,0,0,0,0,0,0,0,0,0,0,0,0,0,0,22.8011177,73.5594128
GUJARAT,Rural,Panch Mahals,All Modes,161623,93399,68224,84135,33531,50604,16080,8294,7786,15646,12645,3001,14383,11294,3089,11227,10054,1173,5627,4996,631,4817,4149,668,8068,7019,1049,1640,1417,223,22.8011177,73.5594128
GUJARAT,Rural,Panch Mahals,On foot,23310,12081,11229,0,0,0,13174,5919,7255,5803,3932,1871,4333,2230,2103,0,0,0,0,0,0,0,0,0,0,0,0,0,0,0,22.8011177,73.5594128
GUJARAT,Rural,Panch Mahals,Bicycle,8501,8100,401,0,0,0,745,659,86,3830,3667,163,2477,2411,66,850,832,18,599,531,68,0,0,0,0,0,0,0,0,0,22.8011177,73.5594128
GUJARAT,Rural,Panch Mahals,Moped/Scooter/Motor Cycle,14883,12912,1971,0,0,0,1017,853,164,3431,2956,475,3080,2705,375,3435,3027,408,1565,1372,193,1322,1139,183,643,540,103,390,320,70,22.8011177,73.5594128
GUJARAT,Rural,Panch Mahals,Car/Jeep/Van,3783,3189,594,0,0,0,216,156,60,425,329,96,632,542,90,1266,1092,174,515,457,58,371,321,50,217,178,39,141,114,27,22.8011177,73.5594128
GUJARAT,Rural,Panch Mahals,Tempo/Autorickshaw/Taxi,7554,6952,602,0,0,0,275,239,36,1200,1010,190,2118,1958,160,2621,2488,133,692,653,39,283,271,12,189,171,18,176,162,14,22.8011177,73.5594128
GUJARAT,Rural,Panch Mahals,Bus,17848,15245,2603,0,0,0,503,369,134,875,687,188,1613,1338,275,2925,2497,428,2128,1873,255,2661,2258,403,6358,5523,835,785,700,85,22.8011177,73.5594128
GUJARAT,Rural,Panch Mahals,Train,1011,911,100,0,0,0,79,52,27,36,30,6,43,35,8,56,52,4,57,45,12,117,110,7,528,511,17,95,76,19,22.8011177,73.5594128
GUJARAT,Rural,Panch Mahals,Water transport,61,44,17,0,0,0,27,13,14,8,7,1,5,5,0,3,3,0,1,1,0,5,4,1,10,9,1,2,2,0,22.8011177,73.5594128
GUJARAT,Rural,Panch Mahals,Any other,537,434,103,0,0,0,44,34,10,38,27,11,82,70,12,71,63,8,70,64,6,58,46,12,123,87,36,51,43,8,22.8011177,73.5594128
GUJARAT,Rural,Panch Mahals,No travel,84135,33531,50604,84135,33531,50604,0,0,0,0,0,0,0,0,0,0,0,0,0,0,0,0,0,0,0,0,0,0,0,0,22.8011177,73.5594128
GUJARAT,Urban,Panch Mahals,All Modes,92307,80376,11931,28915,24449,4466,19186,17139,2047,24603,22192,2411,8148,7062,1086,4362,3469,893,2144,1703,441,2026,1747,279,1734,1548,186,1189,1067,122,22.8011177,73.5594128
GUJARAT,Urban,Panch Mahals,On foot,23898,20743,3155,0,0,0,12782,11176,1606,8192,7080,1112,2924,2487,437,0,0,0,0,0,0,0,0,0,0,0,0,0,0,0,22.8011177,73.5594128
GUJARAT,Urban,Panch Mahals,Bicycle,5803,5607,196,0,0,0,1054,1010,44,3801,3693,108,554,534,20,105,100,5,289,270,19,0,0,0,0,0,0,0,0,0,22.8011177,73.5594128
GUJARAT,Urban,Panch Mahals,Moped/Scooter/Motor Cycle,19666,17784,1882,0,0,0,4162,3892,270,9216,8511,705,2397,2117,280,1947,1596,351,721,563,158,439,391,48,112,104,8,672,610,62,22.8011177,73.5594128
GUJARAT,Urban,Panch Mahals,Car/Jeep/Van,1851,1556,295,0,0,0,194,164,30,535,494,41,249,206,43,366,274,92,192,143,49,170,146,24,93,87,6,52,42,10,22.8011177,73.5594128
GUJARAT,Urban,Panch Mahals,Tempo/Autorickshaw/Taxi,5368,4714,654,0,0,0,603,550,53,2061,1744,317,1227,1093,134,754,653,101,204,188,16,166,157,9,130,122,8,223,207,16,22.8011177,73.5594128
GUJARAT,Urban,Panch Mahals,Bus,5675,4455,1220,0,0,0,187,147,40,602,484,118,707,541,166,1139,804,335,694,500,194,1172,976,196,998,856,142,176,147,29,22.8011177,73.5594128
GUJARAT,Urban,Panch Mahals,Train,629,582,47,0,0,0,46,43,3,41,34,7,10,9,1,26,21,5,37,32,5,69,67,2,365,345,20,35,31,4,22.8011177,73.5594128
GUJARAT,Urban,Panch Mahals,Water transport,15,13,2,0,0,0,4,4,0,3,3,0,3,2,1,3,2,1,1,1,0,1,1,0,0,0,0,0,0,0,22.8011177,73.5594128
GUJARAT,Urban,Panch Mahals,Any other,487,473,14,0,0,0,154,153,1,152,149,3,77,73,4,22,19,3,6,6,0,9,9,0,36,34,2,31,30,1,22.8011177,73.5594128
GUJARAT,Urban,Panch Mahals,No travel,28915,24449,4466,28915,24449,4466,0,0,0,0,0,0,0,0,0,0,0,0,0,0,0,0,0,0,0,0,0,0,0,0,22.8011177,73.5594128
GUJARAT,Total,Tapi,All Modes,80711,55557,25154,35440,20000,15440,11866,8415,3451,13038,10471,2567,7926,6434,1492,3757,3079,678,2388,2009,379,1861,1517,344,3012,2527,485,1423,1105,318,21.2788724,73.6065223
GUJARAT,Total,Tapi,On foot,14315,9253,5062,0,0,0,7853,4959,2894,3998,2627,1371,2464,1667,797,0,0,0,0,0,0,0,0,0,0,0,0,0,0,0,21.2788724,73.6065223
GUJARAT,Total,Tapi,Bicycle,4497,4177,320,0,0,0,629,549,80,2264,2107,157,842,814,28,323,312,11,439,395,44,0,0,0,0,0,0,0,0,0,21.2788724,73.6065223
GUJARAT,Total,Tapi,Moped/Scooter/Motor Cycle,12778,11047,1731,0,0,0,2471,2170,301,4304,3698,606,2026,1736,290,1699,1434,265,821,723,98,561,491,70,348,307,41,548,488,60,21.2788724,73.6065223
GUJARAT,Total,Tapi,Car/Jeep/Van,1371,1153,218,0,0,0,182,163,19,307,251,56,246,195,51,174,143,31,119,101,18,98,83,15,102,91,11,143,126,17,21.2788724,73.6065223
GUJARAT,Total,Tapi,Tempo/Autorickshaw/Taxi,2245,1846,399,0,0,0,235,192,43,621,464,157,657,552,105,300,254,46,137,121,16,105,95,10,75,72,3,115,96,19,21.2788724,73.6065223
GUJARAT,Total,Tapi,Bus,8082,6454,1628,0,0,0,361,273,88,1422,1221,201,1616,1406,210,1140,826,314,776,583,193,902,674,228,1556,1227,329,309,244,65,21.2788724,73.6065223
GUJARAT,Total,Tapi,Train,1378,1208,170,0,0,0,62,50,12,61,49,12,38,34,4,60,52,8,75,66,9,167,149,18,838,746,92,77,62,15,21.2788724,73.6065223
GUJARAT,Total,Tapi,Water transport,36,31,5,0,0,0,14,12,2,6,5,1,2,1,1,4,4,0,3,3,0,1,1,0,2,2,0,4,3,1,21.2788724,73.6065223
GUJARAT,Total,Tapi,Any other,569,388,181,0,0,0,59,47,12,55,49,6,35,29,6,57,54,3,18,17,1,27,24,3,91,82,9,227,86,141,21.2788724,73.6065223
GUJARAT,Total,Tapi,No travel,35440,20000,15440,35440,20000,15440,0,0,0,0,0,0,0,0,0,0,0,0,0,0,0,0,0,0,0,0,0,0,0,0,21.2788724,73.6065223
GUJARAT,Rural,Tapi,All Modes,54129,34939,19190,26899,14140,12759,5398,3260,2138,7297,5565,1732,5594,4535,1059,2910,2421,489,1689,1426,263,1384,1128,256,2188,1809,379,770,655,115,21.2788724,73.6065223
GUJARAT,Rural,Tapi,On foot,6889,3656,3233,0,0,0,3565,1753,1812,1966,1081,885,1358,822,536,0,0,0,0,0,0,0,0,0,0,0,0,0,0,0,21.2788724,73.6065223
GUJARAT,Rural,Tapi,Bicycle,3350,3082,268,0,0,0,372,306,66,1633,1500,133,731,705,26,294,283,11,320,288,32,0,0,0,0,0,0,0,0,0,21.2788724,73.6065223
GUJARAT,Rural,Tapi,Moped/Scooter/Motor Cycle,8047,6835,1212,0,0,0,905,762,143,2644,2209,435,1496,1273,223,1347,1149,198,634,552,82,434,374,60,254,215,39,333,301,32,21.2788724,73.6065223
GUJARAT,Rural,Tapi,Car/Jeep/Van,783,625,158,0,0,0,75,64,11,156,115,41,163,122,41,114,89,25,66,54,12,59,50,9,56,46,10,94,85,9,21.2788724,73.6065223
GUJARAT,Rural,Tapi,Tempo/Autorickshaw/Taxi,1545,1260,285,0,0,0,125,99,26,353,249,104,508,431,77,256,215,41,103,92,11,76,67,9,41,39,2,83,68,15,21.2788724,73.6065223
GUJARAT,Rural,Tapi,Bus,5328,4214,1114,0,0,0,269,202,67,470,348,122,1280,1134,146,803,599,204,500,379,121,680,521,159,1133,883,250,193,148,45,21.2788724,73.6065223
GUJARAT,Rural,Tapi,Train,1024,893,131,0,0,0,44,36,8,41,32,9,30,26,4,45,38,7,52,47,5,112,96,16,645,574,71,55,44,11,21.2788724,73.6065223
GUJARAT,Rural,Tapi,Water transport,31,26,5,0,0,0,13,11,2,6,5,1,2,1,1,3,3,0,1,1,0,1,1,0,2,2,0,3,2,1,21.2788724,73.6065223
GUJARAT,Rural,Tapi,Any other,233,208,25,0,0,0,30,27,3,28,26,2,26,21,5,48,45,3,13,13,0,22,19,3,57,50,7,9,7,2,21.2788724,73.6065223
GUJARAT,Rural,Tapi,No travel,26899,14140,12759,26899,14140,12759,0,0,0,0,0,0,0,0,0,0,0,0,0,0,0,0,0,0,0,0,0,0,0,0,21.2788724,73.6065223
GUJARAT,Urban,Tapi,All Modes,26582,20618,5964,8541,5860,2681,6468,5155,1313,5741,4906,835,2332,1899,433,847,658,189,699,583,116,477,389,88,824,718,106,653,450,203,21.2788724,73.6065223
GUJARAT,Urban,Tapi,On foot,7426,5597,1829,0,0,0,4288,3206,1082,2032,1546,486,1106,845,261,0,0,0,0,0,0,0,0,0,0,0,0,0,0,0,21.2788724,73.6065223
GUJARAT,Urban,Tapi,Bicycle,1147,1095,52,0,0,0,257,243,14,631,607,24,111,109,2,29,29,0,119,107,12,0,0,0,0,0,0,0,0,0,21.2788724,73.6065223
GUJARAT,Urban,Tapi,Moped/Scooter/Motor Cycle,4731,4212,519,0,0,0,1566,1408,158,1660,1489,171,530,463,67,352,285,67,187,171,16,127,117,10,94,92,2,215,187,28,21.2788724,73.6065223
GUJARAT,Urban,Tapi,Car/Jeep/Van,588,528,60,0,0,0,107,99,8,151,136,15,83,73,10,60,54,6,53,47,6,39,33,6,46,45,1,49,41,8,21.2788724,73.6065223
GUJARAT,Urban,Tapi,Tempo/Autorickshaw/Taxi,700,586,114,0,0,0,110,93,17,268,215,53,149,121,28,44,39,5,34,29,5,29,28,1,34,33,1,32,28,4,21.2788724,73.6065223
GUJARAT,Urban,Tapi,Bus,2754,2240,514,0,0,0,92,71,21,952,873,79,336,272,64,337,227,110,276,204,72,222,153,69,423,344,79,116,96,20,21.2788724,73.6065223
GUJARAT,Urban,Tapi,Train,354,315,39,0,0,0,18,14,4,20,17,3,8,8,0,15,14,1,23,19,4,55,53,2,193,172,21,22,18,4,21.2788724,73.6065223
GUJARAT,Urban,Tapi,Water transport,5,5,0,0,0,0,1,1,0,0,0,0,0,0,0,1,1,0,2,2,0,0,0,0,0,0,0,1,1,0,21.2788724,73.6065223
GUJARAT,Urban,Tapi,Any other,336,180,156,0,0,0,29,20,9,27,23,4,9,8,1,9,9,0,5,4,1,5,5,0,34,32,2,218,79,139,21.2788724,73.6065223
GUJARAT,Urban,Tapi,No travel,8541,5860,2681,8541,5860,2681,0,0,0,0,0,0,0,0,0,0,0,0,0,0,0,0,0,0,0,0,0,0,0,0,21.2788724,73.6065223
GUJARAT,Total,The Dangs,All Modes,12038,8323,3715,5625,3400,2225,2743,1978,765,1255,962,293,905,713,192,553,469,84,286,236,50,379,323,56,226,190,36,66,52,14,20.8253781,73.7007088
GUJARAT,Total,The Dangs,On foot,3056,2043,1013,0,0,0,2008,1317,691,635,419,216,413,307,106,0,0,0,0,0,0,0,0,0,0,0,0,0,0,0,20.8253781,73.7007088
GUJARAT,Total,The Dangs,Bicycle,338,316,22,0,0,0,66,59,7,155,148,7,49,47,2,43,42,1,25,20,5,0,0,0,0,0,0,0,0,0,20.8253781,73.7007088
GUJARAT,Total,The Dangs,Moped/Scooter/Motor Cycle,1814,1625,189,0,0,0,592,539,53,365,320,45,275,232,43,243,224,19,104,91,13,142,132,10,57,55,2,36,32,4,20.8253781,73.7007088
GUJARAT,Total,The Dangs,Car/Jeep/Van,408,352,56,0,0,0,53,45,8,42,34,8,64,52,12,90,77,13,60,55,5,76,70,6,12,11,1,11,8,3,20.8253781,73.7007088
GUJARAT,Total,The Dangs,Tempo/Autorickshaw/Taxi,79,73,6,0,0,0,2,2,0,14,11,3,16,16,0,18,15,3,10,10,0,16,16,0,1,1,0,2,2,0,20.8253781,73.7007088
GUJARAT,Total,The Dangs,Bus,600,431,169,0,0,0,5,4,1,35,21,14,79,50,29,125,91,34,60,45,15,137,99,38,148,116,32,11,5,6,20.8253781,73.7007088
GUJARAT,Total,The Dangs,Train,35,31,4,0,0,0,12,9,3,7,7,0,0,0,0,3,3,0,0,0,0,2,2,0,6,5,1,5,5,0,20.8253781,73.7007088
GUJARAT,Total,The Dangs,Water transport,1,0,1,0,0,0,0,0,0,0,0,0,0,0,0,0,0,0,0,0,0,1,0,1,0,0,0,0,0,0,20.8253781,73.7007088
GUJARAT,Total,The Dangs,Any other,82,52,30,0,0,0,5,3,2,2,2,0,9,9,0,31,17,14,27,15,12,5,4,1,2,2,0,1,0,1,20.8253781,73.7007088
GUJARAT,Total,The Dangs,No travel,5625,3400,2225,5625,3400,2225,0,0,0,0,0,0,0,0,0,0,0,0,0,0,0,0,0,0,0,0,0,0,0,0,20.8253781,73.7007088
GUJARAT,Rural,The Dangs,All Modes,6153,3755,2398,3719,2020,1699,748,377,371,406,296,110,493,392,101,305,263,42,155,128,27,162,140,22,135,115,20,30,24,6,20.8253781,73.7007088
GUJARAT,Rural,The Dangs,On foot,981,515,466,0,0,0,650,302,348,152,83,69,179,130,49,0,0,0,0,0,0,0,0,0,0,0,0,0,0,0,20.8253781,73.7007088
GUJARAT,Rural,The Dangs,Bicycle,112,100,12,0,0,0,16,13,3,47,44,3,20,19,1,14,13,1,15,11,4,0,0,0,0,0,0,0,0,0,20.8253781,73.7007088
GUJARAT,Rural,The Dangs,Moped/Scooter/Motor Cycle,767,679,88,0,0,0,62,49,13,160,138,22,197,168,29,149,139,10,63,59,4,83,77,6,42,40,2,11,9,2,20.8253781,73.7007088
GUJARAT,Rural,The Dangs,Car/Jeep/Van,161,130,31,0,0,0,12,9,3,20,15,5,42,36,6,36,28,8,18,14,4,21,17,4,4,4,0,8,7,1,20.8253781,73.7007088
GUJARAT,Rural,The Dangs,Tempo/Autorickshaw/Taxi,23,19,4,0,0,0,1,1,0,5,2,3,4,4,0,8,7,1,1,1,0,2,2,0,1,1,0,1,1,0,20.8253781,73.7007088
GUJARAT,Rural,The Dangs,Bus,319,251,68,0,0,0,1,0,1,22,14,8,47,31,16,68,60,8,34,31,3,55,43,12,86,68,18,6,4,2,20.8253781,73.7007088
GUJARAT,Rural,The Dangs,Train,12,10,2,0,0,0,4,2,2,0,0,0,0,0,0,2,2,0,0,0,0,1,1,0,2,2,0,3,3,0,20.8253781,73.7007088
GUJARAT,Rural,The Dangs,Water transport,0,0,0,0,0,0,0,0,0,0,0,0,0,0,0,0,0,0,0,0,0,0,0,0,0,0,0,0,0,0,20.8253781,73.7007088
GUJARAT,Rural,The Dangs,Any other,59,31,28,0,0,0,2,1,1,0,0,0,4,4,0,28,14,14,24,12,12,0,0,0,0,0,0,1,0,1,20.8253781,73.7007088
GUJARAT,Rural,The Dangs,No travel,3719,2020,1699,3719,2020,1699,0,0,0,0,0,0,0,0,0,0,0,0,0,0,0,0,0,0,0,0,0,0,0,0,20.8253781,73.7007088
GUJARAT,Urban,The Dangs,All Modes,5885,4568,1317,1906,1380,526,1995,1601,394,849,666,183,412,321,91,248,206,42,131,108,23,217,183,34,91,75,16,36,28,8,20.8253781,73.7007088
GUJARAT,Urban,The Dangs,On foot,2075,1528,547,0,0,0,1358,1015,343,483,336,147,234,177,57,0,0,0,0,0,0,0,0,0,0,0,0,0,0,0,20.8253781,73.7007088
GUJARAT,Urban,The Dangs,Bicycle,226,216,10,0,0,0,50,46,4,108,104,4,29,28,1,29,29,0,10,9,1,0,0,0,0,0,0,0,0,0,20.8253781,73.7007088
GUJARAT,Urban,The Dangs,Moped/Scooter/Motor Cycle,1047,946,101,0,0,0,530,490,40,205,182,23,78,64,14,94,85,9,41,32,9,59,55,4,15,15,0,25,23,2,20.8253781,73.7007088
GUJARAT,Urban,The Dangs,Car/Jeep/Van,247,222,25,0,0,0,41,36,5,22,19,3,22,16,6,54,49,5,42,41,1,55,53,2,8,7,1,3,1,2,20.8253781,73.7007088
GUJARAT,Urban,The Dangs,Tempo/Autorickshaw/Taxi,56,54,2,0,0,0,1,1,0,9,9,0,12,12,0,10,8,2,9,9,0,14,14,0,0,0,0,1,1,0,20.8253781,73.7007088
GUJARAT,Urban,The Dangs,Bus,281,180,101,0,0,0,4,4,0,13,7,6,32,19,13,57,31,26,26,14,12,82,56,26,62,48,14,5,1,4,20.8253781,73.7007088
GUJARAT,Urban,The Dangs,Train,23,21,2,0,0,0,8,7,1,7,7,0,0,0,0,1,1,0,0,0,0,1,1,0,4,3,1,2,2,0,20.8253781,73.7007088
GUJARAT,Urban,The Dangs,Water transport,1,0,1,0,0,0,0,0,0,0,0,0,0,0,0,0,0,0,0,0,0,1,0,1,0,0,0,0,0,0,20.8253781,73.7007088
GUJARAT,Urban,The Dangs,Any other,23,21,2,0,0,0,3,2,1,2,2,0,5,5,0,3,3,0,3,3,0,5,4,1,2,2,0,0,0,0,20.8253781,73.7007088
GUJARAT,Urban,The Dangs,No travel,1906,1380,526,1906,1380,526,0,0,0,0,0,0,0,0,0,0,0,0,0,0,0,0,0,0,0,0,0,0,0,0,20.8253781,73.7007088
RAJASTHAN,Total,Udaipur,All Modes,490174,379216,110958,127370,85642,41728,62661,42363,20298,122161,91639,30522,69012,58784,10228,34897,31918,2979,19532,17857,1675,26309,24358,1951,23639,22456,1183,4593,4199,394,24.585445,73.712479
RAJASTHAN,Total,Udaipur,On foot,101321,57330,43991,0,0,0,43741,25525,18216,43700,22266,21434,13880,9539,4341,0,0,0,0,0,0,0,0,0,0,0,0,0,0,0,24.585445,73.712479
RAJASTHAN,Total,Udaipur,Bicycle,32785,31265,1520,0,0,0,2943,2752,191,16923,16066,857,8496,8210,286,2595,2529,66,1828,1708,120,0,0,0,0,0,0,0,0,0,24.585445,73.712479
RAJASTHAN,Total,Udaipur,Moped/Scooter/Motor Cycle,103745,95464,8281,0,0,0,10870,9884,986,43019,38933,4086,26643,24515,2128,12132,11539,593,3636,3521,115,3734,3557,177,1555,1497,58,2156,2018,138,24.585445,73.712479
RAJASTHAN,Total,Udaipur,Car/Jeep/Van,14971,13242,1729,0,0,0,1073,940,133,4186,3597,589,3668,3238,430,2163,1929,234,873,789,84,1652,1494,158,1039,969,70,317,286,31,24.585445,73.712479
RAJASTHAN,Total,Udaipur,Tempo/Autorickshaw/Taxi,21472,17023,4449,0,0,0,1291,1041,250,6997,4960,2037,5686,4350,1336,3076,2692,384,1846,1661,185,1562,1410,152,516,481,35,498,428,70,24.585445,73.712479
RAJASTHAN,Total,Udaipur,Bus,83386,74634,8752,0,0,0,2248,1811,437,6391,5035,1356,9977,8369,1608,14461,12790,1671,11075,9922,1153,18677,17244,1433,19251,18279,972,1306,1184,122,24.585445,73.712479
RAJASTHAN,Total,Udaipur,Train,2580,2290,290,0,0,0,239,194,45,434,352,82,254,212,42,153,133,20,117,106,11,354,330,24,878,834,44,151,129,22,24.585445,73.712479
RAJASTHAN,Total,Udaipur,Water transport,308,261,47,0,0,0,69,49,20,84,74,10,49,43,6,23,21,2,12,12,0,21,18,3,37,34,3,13,10,3,24.585445,73.712479
RAJASTHAN,Total,Udaipur,Any other,2236,2065,171,0,0,0,187,167,20,427,356,71,359,308,51,294,285,9,145,138,7,309,305,4,363,362,1,152,144,8,24.585445,73.712479
RAJASTHAN,Total,Udaipur,No travel,127370,85642,41728,127370,85642,41728,0,0,0,0,0,0,0,0,0,0,0,0,0,0,0,0,0,0,0,0,0,0,0,0,24.585445,73.712479
RAJASTHAN,Rural,Udaipur,All Modes,302551,224954,77597,88145,55523,32622,32478,17977,14501,61036,40256,20780,37679,32189,5490,25446,23845,1601,15825,14862,963,21201,20281,920,18687,18114,573,2054,1907,147,24.585445,73.712479
RAJASTHAN,Rural,Udaipur,On foot,68634,33767,34867,0,0,0,25927,12247,13680,33528,15460,18068,9179,6060,3119,0,0,0,0,0,0,0,0,0,0,0,0,0,0,0,24.585445,73.712479
RAJASTHAN,Rural,Udaipur,Bicycle,19687,18833,854,0,0,0,1215,1111,104,9220,8740,480,6160,5983,177,2102,2057,45,990,942,48,0,0,0,0,0,0,0,0,0,24.585445,73.712479
RAJASTHAN,Rural,Udaipur,Moped/Scooter/Motor Cycle,34942,33483,1459,0,0,0,2473,2269,204,9404,8845,559,9318,8971,347,7316,7110,206,2715,2668,47,2190,2143,47,984,964,20,542,513,29,24.585445,73.712479
RAJASTHAN,Rural,Udaipur,Car/Jeep/Van,6073,5544,529,0,0,0,334,292,42,1017,855,162,1368,1241,127,1212,1125,87,534,501,33,1063,1007,56,444,430,14,101,93,8,24.585445,73.712479
RAJASTHAN,Rural,Udaipur,Tempo/Autorickshaw/Taxi,10225,8822,1403,0,0,0,422,337,85,2012,1585,427,2504,2017,487,2047,1855,192,1593,1462,131,1160,1113,47,334,320,14,153,133,20,24.585445,73.712479
RAJASTHAN,Rural,Udaipur,Bus,71469,65890,5579,0,0,0,1841,1517,324,5366,4365,1001,8708,7538,1170,12400,11349,1051,9774,9078,696,16290,15531,759,16025,15516,509,1065,996,69,24.585445,73.712479
RAJASTHAN,Rural,Udaipur,Train,1401,1289,112,0,0,0,100,72,28,130,110,20,104,88,16,83,73,10,81,77,4,221,214,7,584,570,14,98,85,13,24.585445,73.712479
RAJASTHAN,Rural,Udaipur,Water transport,226,191,35,0,0,0,52,34,18,49,43,6,42,37,5,22,20,2,10,10,0,14,13,1,29,28,1,8,6,2,24.585445,73.712479
RAJASTHAN,Rural,Udaipur,Any other,1749,1612,137,0,0,0,114,98,16,310,253,57,296,254,42,264,256,8,128,124,4,263,260,3,287,286,1,87,81,6,24.585445,73.712479
RAJASTHAN,Rural,Udaipur,No travel,88145,55523,32622,88145,55523,32622,0,0,0,0,0,0,0,0,0,0,0,0,0,0,0,0,0,0,0,0,0,0,0,0,24.585445,73.712479
RAJASTHAN,Urban,Udaipur,All Modes,187623,154262,33361,39225,30119,9106,30183,24386,5797,61125,51383,9742,31333,26595,4738,9451,8073,1378,3707,2995,712,5108,4077,1031,4952,4342,610,2539,2292,247,24.585445,73.712479
RAJASTHAN,Urban,Udaipur,On foot,32687,23563,9124,0,0,0,17814,13278,4536,10172,6806,3366,4701,3479,1222,0,0,0,0,0,0,0,0,0,0,0,0,0,0,0,24.585445,73.712479
RAJASTHAN,Urban,Udaipur,Bicycle,13098,12432,666,0,0,0,1728,1641,87,7703,7326,377,2336,2227,109,493,472,21,838,766,72,0,0,0,0,0,0,0,0,0,24.585445,73.712479
RAJASTHAN,Urban,Udaipur,Moped/Scooter/Motor Cycle,68803,61981,6822,0,0,0,8397,7615,782,33615,30088,3527,17325,15544,1781,4816,4429,387,921,853,68,1544,1414,130,571,533,38,1614,1505,109,24.585445,73.712479
RAJASTHAN,Urban,Udaipur,Car/Jeep/Van,8898,7698,1200,0,0,0,739,648,91,3169,2742,427,2300,1997,303,951,804,147,339,288,51,589,487,102,595,539,56,216,193,23,24.585445,73.712479
RAJASTHAN,Urban,Udaipur,Tempo/Autorickshaw/Taxi,11247,8201,3046,0,0,0,869,704,165,4985,3375,1610,3182,2333,849,1029,837,192,253,199,54,402,297,105,182,161,21,345,295,50,24.585445,73.712479
RAJASTHAN,Urban,Udaipur,Bus,11917,8744,3173,0,0,0,407,294,113,1025,670,355,1269,831,438,2061,1441,620,1301,844,457,2387,1713,674,3226,2763,463,241,188,53,24.585445,73.712479
RAJASTHAN,Urban,Udaipur,Train,1179,1001,178,0,0,0,139,122,17,304,242,62,150,124,26,70,60,10,36,29,7,133,116,17,294,264,30,53,44,9,24.585445,73.712479
RAJASTHAN,Urban,Udaipur,Water transport,82,70,12,0,0,0,17,15,2,35,31,4,7,6,1,1,1,0,2,2,0,7,5,2,8,6,2,5,4,1,24.585445,73.712479
RAJASTHAN,Urban,Udaipur,Any other,487,453,34,0,0,0,73,69,4,117,103,14,63,54,9,30,29,1,17,14,3,46,45,1,76,76,0,65,63,2,24.585445,73.712479
RAJASTHAN,Urban,Udaipur,No travel,39225,30119,9106,39225,30119,9106,0,0,0,0,0,0,0,0,0,0,0,0,0,0,0,0,0,0,0,0,0,0,0,0,24.585445,73.712479
RAJASTHAN,Total,Dungarpur,All Modes,216822,117124,99698,55291,31534,23757,58549,21415,37134,57954,28415,29539,21582,14898,6684,7973,7068,905,3480,3055,425,2418,2155,263,6765,6179,586,2810,2405,405,23.841668,73.7146623
RAJASTHAN,Total,Dungarpur,On foot,106616,37487,69129,0,0,0,53430,17105,36325,42612,15203,27409,10574,5179,5395,0,0,0,0,0,0,0,0,0,0,0,0,0,0,0,23.841668,73.7146623
RAJASTHAN,Total,Dungarpur,Bicycle,5155,4563,592,0,0,0,589,432,157,2810,2519,291,985,943,42,192,185,7,579,484,95,0,0,0,0,0,0,0,0,0,23.841668,73.7146623
RAJASTHAN,Total,Dungarpur,Moped/Scooter/Motor Cycle,17987,16665,1322,0,0,0,2680,2479,201,6292,5762,530,3289,3042,247,2755,2602,153,898,852,46,727,690,37,323,309,14,1023,929,94,23.841668,73.7146623
RAJASTHAN,Total,Dungarpur,Car/Jeep/Van,2543,2070,473,0,0,0,299,212,87,739,562,177,524,433,91,425,374,51,150,141,9,105,98,7,185,164,21,116,86,30,23.841668,73.7146623
RAJASTHAN,Total,Dungarpur,Tempo/Autorickshaw/Taxi,5518,4491,1027,0,0,0,363,288,75,1923,1448,475,1864,1584,280,762,681,81,99,88,11,80,62,18,78,62,16,349,278,71,23.841668,73.7146623
RAJASTHAN,Total,Dungarpur,Bus,22430,19331,3099,0,0,0,921,747,174,3230,2667,563,4180,3581,599,3732,3137,595,1697,1437,260,1467,1270,197,6019,5492,527,1184,1000,184,23.841668,73.7146623
RAJASTHAN,Total,Dungarpur,Train,682,477,205,0,0,0,143,61,82,206,137,69,68,54,14,51,43,8,27,25,2,27,25,2,93,87,6,67,45,22,23.841668,73.7146623
RAJASTHAN,Total,Dungarpur,Water transport,74,60,14,0,0,0,18,11,7,13,10,3,10,10,0,5,2,3,5,4,1,2,2,0,9,9,0,12,12,0,23.841668,73.7146623
RAJASTHAN,Total,Dungarpur,Any other,526,446,80,0,0,0,106,80,26,129,107,22,88,72,16,51,44,7,25,24,1,10,8,2,58,56,2,59,55,4,23.841668,73.7146623
RAJASTHAN,Total,Dungarpur,No travel,55291,31534,23757,55291,31534,23757,0,0,0,0,0,0,0,0,0,0,0,0,0,0,0,0,0,0,0,0,0,0,0,0,23.841668,73.7146623
RAJASTHAN,Rural,Dungarpur,All Modes,191418,96926,94492,48631,26458,22173,52797,16770,36027,50574,22404,28170,19370,13169,6201,6814,6175,639,2896,2598,298,1924,1749,175,6455,5913,542,1957,1690,267,23.841668,73.7146623
RAJASTHAN,Rural,Dungarpur,On foot,98808,31691,67117,0,0,0,49602,14213,35389,39774,13180,26594,9432,4298,5134,0,0,0,0,0,0,0,0,0,0,0,0,0,0,0,23.841668,73.7146623
RAJASTHAN,Rural,Dungarpur,Bicycle,4276,3726,550,0,0,0,480,328,152,2276,2003,273,926,886,40,164,159,5,430,350,80,0,0,0,0,0,0,0,0,0,23.841668,73.7146623
RAJASTHAN,Rural,Dungarpur,Moped/Scooter/Motor Cycle,11532,10808,724,0,0,0,1170,1074,96,3460,3184,276,2773,2612,161,2161,2075,86,712,676,36,519,495,24,275,264,11,462,428,34,23.841668,73.7146623
RAJASTHAN,Rural,Dungarpur,Car/Jeep/Van,1979,1579,400,0,0,0,207,127,80,503,367,136,448,362,86,373,330,43,125,119,6,76,72,4,164,144,20,83,58,25,23.841668,73.7146623
RAJASTHAN,Rural,Dungarpur,Tempo/Autorickshaw/Taxi,4431,3669,762,0,0,0,254,202,52,1315,989,326,1739,1493,246,660,595,65,89,80,9,52,47,5,69,56,13,253,207,46,23.841668,73.7146623
RAJASTHAN,Rural,Dungarpur,Bus,20612,18124,2488,0,0,0,853,704,149,2933,2457,476,3894,3390,504,3360,2936,424,1487,1323,164,1242,1103,139,5800,5310,490,1043,901,142,23.841668,73.7146623
RAJASTHAN,Rural,Dungarpur,Train,606,415,191,0,0,0,128,50,78,184,119,65,66,52,14,43,36,7,25,23,2,24,22,2,83,77,6,53,36,17,23.841668,73.7146623
RAJASTHAN,Rural,Dungarpur,Water transport,66,55,11,0,0,0,13,7,6,13,10,3,10,10,0,4,2,2,4,4,0,2,2,0,9,9,0,11,11,0,23.841668,73.7146623
RAJASTHAN,Rural,Dungarpur,Any other,477,401,76,0,0,0,90,65,25,116,95,21,82,66,16,49,42,7,24,23,1,9,8,1,55,53,2,52,49,3,23.841668,73.7146623
RAJASTHAN,Rural,Dungarpur,No travel,48631,26458,22173,48631,26458,22173,0,0,0,0,0,0,0,0,0,0,0,0,0,0,0,0,0,0,0,0,0,0,0,0,23.841668,73.7146623
RAJASTHAN,Urban,Dungarpur,All Modes,25404,20198,5206,6660,5076,1584,5752,4645,1107,7380,6011,1369,2212,1729,483,1159,893,266,584,457,127,494,406,88,310,266,44,853,715,138,23.841668,73.7146623
RAJASTHAN,Urban,Dungarpur,On foot,7808,5796,2012,0,0,0,3828,2892,936,2838,2023,815,1142,881,261,0,0,0,0,0,0,0,0,0,0,0,0,0,0,0,23.841668,73.7146623
RAJASTHAN,Urban,Dungarpur,Bicycle,879,837,42,0,0,0,109,104,5,534,516,18,59,57,2,28,26,2,149,134,15,0,0,0,0,0,0,0,0,0,23.841668,73.7146623
RAJASTHAN,Urban,Dungarpur,Moped/Scooter/Motor Cycle,6455,5857,598,0,0,0,1510,1405,105,2832,2578,254,516,430,86,594,527,67,186,176,10,208,195,13,48,45,3,561,501,60,23.841668,73.7146623
RAJASTHAN,Urban,Dungarpur,Car/Jeep/Van,564,491,73,0,0,0,92,85,7,236,195,41,76,71,5,52,44,8,25,22,3,29,26,3,21,20,1,33,28,5,23.841668,73.7146623
RAJASTHAN,Urban,Dungarpur,Tempo/Autorickshaw/Taxi,1087,822,265,0,0,0,109,86,23,608,459,149,125,91,34,102,86,16,10,8,2,28,15,13,9,6,3,96,71,25,23.841668,73.7146623
RAJASTHAN,Urban,Dungarpur,Bus,1818,1207,611,0,0,0,68,43,25,297,210,87,286,191,95,372,201,171,210,114,96,225,167,58,219,182,37,141,99,42,23.841668,73.7146623
RAJASTHAN,Urban,Dungarpur,Train,76,62,14,0,0,0,15,11,4,22,18,4,2,2,0,8,7,1,2,2,0,3,3,0,10,10,0,14,9,5,23.841668,73.7146623
RAJASTHAN,Urban,Dungarpur,Water transport,8,5,3,0,0,0,5,4,1,0,0,0,0,0,0,1,0,1,1,0,1,0,0,0,0,0,0,1,1,0,23.841668,73.7146623
RAJASTHAN,Urban,Dungarpur,Any other,49,45,4,0,0,0,16,15,1,13,12,1,6,6,0,2,2,0,1,1,0,1,0,1,3,3,0,7,6,1,23.841668,73.7146623
RAJASTHAN,Urban,Dungarpur,No travel,6660,5076,1584,6660,5076,1584,0,0,0,0,0,0,0,0,0,0,0,0,0,0,0,0,0,0,0,0,0,0,0,0,23.841668,73.7146623
RAJASTHAN,Total,Nagaur,All Modes,398220,333928,64292,136777,100359,36418,68604,56102,12502,92806,82269,10537,39326,36747,2579,22100,21124,976,10191,9830,361,9383,9067,316,16449,15970,479,2584,2460,124,27.1983368,73.7493272
RAJASTHAN,Total,Nagaur,On foot,116072,94095,21977,0,0,0,56563,44739,11824,50159,41322,8837,9350,8034,1316,0,0,0,0,0,0,0,0,0,0,0,0,0,0,0,27.1983368,73.7493272
RAJASTHAN,Total,Nagaur,Bicycle,18520,18046,474,0,0,0,2913,2804,109,11003,10748,255,2990,2938,52,890,870,20,724,686,38,0,0,0,0,0,0,0,0,0,27.1983368,73.7493272
RAJASTHAN,Total,Nagaur,Moped/Scooter/Motor Cycle,43267,42115,1152,0,0,0,5622,5419,203,19856,19333,523,9003,8769,234,4793,4690,103,1708,1675,33,1106,1083,23,552,544,8,627,602,25,27.1983368,73.7493272
RAJASTHAN,Total,Nagaur,Car/Jeep/Van,7137,6793,344,0,0,0,813,760,53,1818,1719,99,1581,1485,96,991,954,37,462,448,14,720,702,18,596,582,14,156,143,13,27.1983368,73.7493272
RAJASTHAN,Total,Nagaur,Tempo/Autorickshaw/Taxi,7019,6534,485,0,0,0,425,372,53,2920,2637,283,2544,2452,92,635,603,32,112,108,4,133,129,4,146,139,7,104,94,10,27.1983368,73.7493272
RAJASTHAN,Total,Nagaur,Bus,57174,54220,2954,0,0,0,1436,1265,171,5828,5351,477,12924,12168,756,13954,13234,720,6487,6222,265,6400,6165,235,9355,9076,279,790,739,51,27.1983368,73.7493272
RAJASTHAN,Total,Nagaur,Train,8640,8376,264,0,0,0,290,265,25,368,335,33,248,242,6,400,387,13,544,540,4,784,758,26,5323,5183,140,683,666,17,27.1983368,73.7493272
RAJASTHAN,Total,Nagaur,Water transport,267,227,40,0,0,0,93,69,24,28,25,3,34,33,1,26,24,2,17,15,2,15,13,2,30,26,4,24,22,2,27.1983368,73.7493272
RAJASTHAN,Total,Nagaur,Any other,3347,3163,184,0,0,0,449,409,40,826,799,27,652,626,26,411,362,49,137,136,1,225,217,8,447,420,27,200,194,6,27.1983368,73.7493272
RAJASTHAN,Total,Nagaur,No travel,136777,100359,36418,136777,100359,36418,0,0,0,0,0,0,0,0,0,0,0,0,0,0,0,0,0,0,0,0,0,0,0,0,27.1983368,73.7493272
RAJASTHAN,Rural,Nagaur,All Modes,248261,200933,47328,97999,70408,27591,30844,21706,9138,39353,32084,7269,28736,27027,1709,19057,18346,711,8282,8038,244,7903,7684,219,14401,14020,381,1686,1620,66,27.1983368,73.7493272
RAJASTHAN,Rural,Nagaur,On foot,55255,39114,16141,0,0,0,26567,17792,8775,22518,16043,6475,6170,5279,891,0,0,0,0,0,0,0,0,0,0,0,0,0,0,0,27.1983368,73.7493272
RAJASTHAN,Rural,Nagaur,Bicycle,6259,6053,206,0,0,0,581,525,56,2999,2905,94,1786,1761,25,580,567,13,313,295,18,0,0,0,0,0,0,0,0,0,27.1983368,73.7493272
RAJASTHAN,Rural,Nagaur,Moped/Scooter/Motor Cycle,20050,19567,483,0,0,0,1400,1326,74,6039,5876,163,5893,5764,129,3841,3770,71,1358,1337,21,895,881,14,440,436,4,184,177,7,27.1983368,73.7493272
RAJASTHAN,Rural,Nagaur,Car/Jeep/Van,4592,4380,212,0,0,0,422,395,27,856,795,61,1081,1014,67,801,778,23,334,326,8,585,574,11,450,440,10,63,58,5,27.1983368,73.7493272
RAJASTHAN,Rural,Nagaur,Tempo/Autorickshaw/Taxi,4609,4389,220,0,0,0,222,199,23,1465,1366,99,2041,1982,59,501,476,25,90,87,3,101,100,1,131,125,6,58,54,4,27.1983368,73.7493272
RAJASTHAN,Rural,Nagaur,Bus,49920,47811,2109,0,0,0,1111,999,112,4798,4458,340,11083,10570,513,12637,12113,524,5589,5400,189,5582,5405,177,8484,8259,225,636,607,29,27.1983368,73.7493272
RAJASTHAN,Rural,Nagaur,Train,6933,6748,185,0,0,0,189,168,21,218,199,19,194,191,3,302,297,5,458,455,3,525,516,9,4479,4369,110,568,553,15,27.1983368,73.7493272
RAJASTHAN,Rural,Nagaur,Water transport,187,158,29,0,0,0,62,42,20,13,10,3,24,23,1,23,22,1,15,14,1,10,9,1,23,22,1,17,16,1,27.1983368,73.7493272
RAJASTHAN,Rural,Nagaur,Any other,2457,2305,152,0,0,0,290,260,30,447,432,15,464,443,21,372,323,49,125,124,1,205,199,6,394,369,25,160,155,5,27.1983368,73.7493272
RAJASTHAN,Rural,Nagaur,No travel,97999,70408,27591,97999,70408,27591,0,0,0,0,0,0,0,0,0,0,0,0,0,0,0,0,0,0,0,0,0,0,0,0,27.1983368,73.7493272
RAJASTHAN,Urban,Nagaur,All Modes,149959,132995,16964,38778,29951,8827,37760,34396,3364,53453,50185,3268,10590,9720,870,3043,2778,265,1909,1792,117,1480,1383,97,2048,1950,98,898,840,58,27.1983368,73.7493272
RAJASTHAN,Urban,Nagaur,On foot,60817,54981,5836,0,0,0,29996,26947,3049,27641,25279,2362,3180,2755,425,0,0,0,0,0,0,0,0,0,0,0,0,0,0,0,27.1983368,73.7493272
RAJASTHAN,Urban,Nagaur,Bicycle,12261,11993,268,0,0,0,2332,2279,53,8004,7843,161,1204,1177,27,310,303,7,411,391,20,0,0,0,0,0,0,0,0,0,27.1983368,73.7493272
RAJASTHAN,Urban,Nagaur,Moped/Scooter/Motor Cycle,23217,22548,669,0,0,0,4222,4093,129,13817,13457,360,3110,3005,105,952,920,32,350,338,12,211,202,9,112,108,4,443,425,18,27.1983368,73.7493272
RAJASTHAN,Urban,Nagaur,Car/Jeep/Van,2545,2413,132,0,0,0,391,365,26,962,924,38,500,471,29,190,176,14,128,122,6,135,128,7,146,142,4,93,85,8,27.1983368,73.7493272
RAJASTHAN,Urban,Nagaur,Tempo/Autorickshaw/Taxi,2410,2145,265,0,0,0,203,173,30,1455,1271,184,503,470,33,134,127,7,22,21,1,32,29,3,15,14,1,46,40,6,27.1983368,73.7493272
RAJASTHAN,Urban,Nagaur,Bus,7254,6409,845,0,0,0,325,266,59,1030,893,137,1841,1598,243,1317,1121,196,898,822,76,818,760,58,871,817,54,154,132,22,27.1983368,73.7493272
RAJASTHAN,Urban,Nagaur,Train,1707,1628,79,0,0,0,101,97,4,150,136,14,54,51,3,98,90,8,86,85,1,259,242,17,844,814,30,115,113,2,27.1983368,73.7493272
RAJASTHAN,Urban,Nagaur,Water transport,80,69,11,0,0,0,31,27,4,15,15,0,10,10,0,3,2,1,2,1,1,5,4,1,7,4,3,7,6,1,27.1983368,73.7493272
RAJASTHAN,Urban,Nagaur,Any other,890,858,32,0,0,0,159,149,10,379,367,12,188,183,5,39,39,0,12,12,0,20,18,2,53,51,2,40,39,1,27.1983368,73.7493272
RAJASTHAN,Urban,Nagaur,No travel,38778,29951,8827,38778,29951,8827,0,0,0,0,0,0,0,0,0,0,0,0,0,0,0,0,0,0,0,0,0,0,0,0,27.1983368,73.7493272
MAHARASHTRA,Total,Nashik,All Modes,1009583,817711,191872,250101,172677,77424,190998,154978,36020,281505,239010,42495,142220,121927,20293,60369,53532,6837,31653,28423,3230,19712,17462,2250,24287,21888,2399,8738,7814,924,19.9974533,73.7898023
MAHARASHTRA,Total,Nashik,On foot,231531,174260,57271,0,0,0,126780,96318,30462,75754,55739,20015,28997,22203,6794,0,0,0,0,0,0,0,0,0,0,0,0,0,0,0,19.9974533,73.7898023
MAHARASHTRA,Total,Nashik,Bicycle,124304,120565,3739,0,0,0,23898,23230,668,71177,69029,2148,19015,18455,560,4502,4365,137,5712,5486,226,0,0,0,0,0,0,0,0,0,19.9974533,73.7898023
MAHARASHTRA,Total,Nashik,Moped/Scooter/Motor Cycle,224920,204948,19972,0,0,0,28858,26154,2704,91958,82727,9231,54480,49825,4655,27884,25866,2018,9329,8798,531,6214,5817,397,2500,2364,136,3697,3397,300,19.9974533,73.7898023
MAHARASHTRA,Total,Nashik,Car/Jeep/Van,30450,26857,3593,0,0,0,2777,2381,396,8560,7353,1207,6279,5520,759,4587,4066,521,2978,2655,323,2243,2073,170,2203,2067,136,823,742,81,19.9974533,73.7898023
MAHARASHTRA,Total,Nashik,Tempo/Autorickshaw/Taxi,51527,40858,10669,0,0,0,4296,3481,815,18888,13228,5660,13689,10928,2761,6423,5712,711,2487,2294,193,2148,1967,181,1894,1722,172,1702,1526,176,19.9974533,73.7898023
MAHARASHTRA,Total,Nashik,Bus,77138,60137,17001,0,0,0,3028,2248,780,12652,8832,3820,18303,13783,4520,15819,12533,3286,10278,8398,1880,7319,6004,1315,8418,7267,1151,1321,1072,249,19.9974533,73.7898023
MAHARASHTRA,Total,Nashik,Train,13632,12253,1379,0,0,0,660,570,90,794,677,117,435,379,56,479,415,64,536,491,45,1428,1269,159,8522,7755,767,778,697,81,19.9974533,73.7898023
MAHARASHTRA,Total,Nashik,Water transport,253,217,36,0,0,0,56,42,14,42,38,4,36,31,5,28,24,4,7,6,1,7,7,0,45,42,3,32,27,5,19.9974533,73.7898023
MAHARASHTRA,Total,Nashik,Any other,5727,4939,788,0,0,0,645,554,91,1680,1387,293,986,803,183,647,551,96,326,295,31,353,325,28,705,671,34,385,353,32,19.9974533,73.7898023
MAHARASHTRA,Total,Nashik,No travel,250101,172677,77424,250101,172677,77424,0,0,0,0,0,0,0,0,0,0,0,0,0,0,0,0,0,0,0,0,0,0,0,0,19.9974533,73.7898023
MAHARASHTRA,Rural,Nashik,All Modes,198570,150698,47872,86664,56944,29720,27270,20754,6516,27445,22626,4819,22145,18446,3699,13879,12652,1227,8269,7534,735,5523,5037,486,5659,5156,503,1716,1549,167,19.9974533,73.7898023
MAHARASHTRA,Rural,Nashik,On foot,38177,26859,11318,0,0,0,20322,14470,5852,9989,6865,3124,7866,5524,2342,0,0,0,0,0,0,0,0,0,0,0,0,0,0,0,19.9974533,73.7898023
MAHARASHTRA,Rural,Nashik,Bicycle,9631,9215,416,0,0,0,1185,1112,73,4376,4196,180,2217,2153,64,959,928,31,894,826,68,0,0,0,0,0,0,0,0,0,19.9974533,73.7898023
MAHARASHTRA,Rural,Nashik,Moped/Scooter/Motor Cycle,32797,30815,1982,0,0,0,4073,3807,266,8736,8106,630,6747,6311,436,6682,6344,338,3294,3149,145,1855,1768,87,665,641,24,745,689,56,19.9974533,73.7898023
MAHARASHTRA,Rural,Nashik,Car/Jeep/Van,4529,4018,511,0,0,0,371,317,54,618,521,97,717,627,90,951,836,115,788,691,97,539,517,22,410,393,17,135,116,19,19.9974533,73.7898023
MAHARASHTRA,Rural,Nashik,Tempo/Autorickshaw/Taxi,6671,6001,670,0,0,0,428,378,50,1417,1239,178,1536,1405,131,1329,1219,110,612,563,49,423,400,23,684,571,113,242,226,16,19.9974533,73.7898023
MAHARASHTRA,Rural,Nashik,Bus,14944,12336,2608,0,0,0,547,411,136,1610,1181,429,2590,2053,537,3519,2956,563,2335,1988,347,2139,1821,318,1902,1672,230,302,254,48,19.9974533,73.7898023
MAHARASHTRA,Rural,Nashik,Train,3033,2813,220,0,0,0,130,103,27,126,107,19,109,97,12,140,125,15,170,163,7,410,390,20,1777,1671,106,171,157,14,19.9974533,73.7898023
MAHARASHTRA,Rural,Nashik,Water transport,62,48,14,0,0,0,15,9,6,8,8,0,9,7,2,8,7,1,2,2,0,3,3,0,9,8,1,8,4,4,19.9974533,73.7898023
MAHARASHTRA,Rural,Nashik,Any other,2062,1649,413,0,0,0,199,147,52,565,403,162,354,269,85,291,237,54,174,152,22,154,138,16,212,200,12,113,103,10,19.9974533,73.7898023
MAHARASHTRA,Rural,Nashik,No travel,86664,56944,29720,86664,56944,29720,0,0,0,0,0,0,0,0,0,0,0,0,0,0,0,0,0,0,0,0,0,0,0,0,19.9974533,73.7898023
MAHARASHTRA,Urban,Nashik,All Modes,811013,667013,144000,163437,115733,47704,163728,134224,29504,254060,216384,37676,120075,103481,16594,46490,40880,5610,23384,20889,2495,14189,12425,1764,18628,16732,1896,7022,6265,757,19.9974533,73.7898023
MAHARASHTRA,Urban,Nashik,On foot,193354,147401,45953,0,0,0,106458,81848,24610,65765,48874,16891,21131,16679,4452,0,0,0,0,0,0,0,0,0,0,0,0,0,0,0,19.9974533,73.7898023
MAHARASHTRA,Urban,Nashik,Bicycle,114673,111350,3323,0,0,0,22713,22118,595,66801,64833,1968,16798,16302,496,3543,3437,106,4818,4660,158,0,0,0,0,0,0,0,0,0,19.9974533,73.7898023
MAHARASHTRA,Urban,Nashik,Moped/Scooter/Motor Cycle,192123,174133,17990,0,0,0,24785,22347,2438,83222,74621,8601,47733,43514,4219,21202,19522,1680,6035,5649,386,4359,4049,310,1835,1723,112,2952,2708,244,19.9974533,73.7898023
MAHARASHTRA,Urban,Nashik,Car/Jeep/Van,25921,22839,3082,0,0,0,2406,2064,342,7942,6832,1110,5562,4893,669,3636,3230,406,2190,1964,226,1704,1556,148,1793,1674,119,688,626,62,19.9974533,73.7898023
MAHARASHTRA,Urban,Nashik,Tempo/Autorickshaw/Taxi,44856,34857,9999,0,0,0,3868,3103,765,17471,11989,5482,12153,9523,2630,5094,4493,601,1875,1731,144,1725,1567,158,1210,1151,59,1460,1300,160,19.9974533,73.7898023
MAHARASHTRA,Urban,Nashik,Bus,62194,47801,14393,0,0,0,2481,1837,644,11042,7651,3391,15713,11730,3983,12300,9577,2723,7943,6410,1533,5180,4183,997,6516,5595,921,1019,818,201,19.9974533,73.7898023
MAHARASHTRA,Urban,Nashik,Train,10599,9440,1159,0,0,0,530,467,63,668,570,98,326,282,44,339,290,49,366,328,38,1018,879,139,6745,6084,661,607,540,67,19.9974533,73.7898023
MAHARASHTRA,Urban,Nashik,Water transport,191,169,22,0,0,0,41,33,8,34,30,4,27,24,3,20,17,3,5,4,1,4,4,0,36,34,2,24,23,1,19.9974533,73.7898023
MAHARASHTRA,Urban,Nashik,Any other,3665,3290,375,0,0,0,446,407,39,1115,984,131,632,534,98,356,314,42,152,143,9,199,187,12,493,471,22,272,250,22,19.9974533,73.7898023
MAHARASHTRA,Urban,Nashik,No travel,163437,115733,47704,163437,115733,47704,0,0,0,0,0,0,0,0,0,0,0,0,0,0,0,0,0,0,0,0,0,0,0,0,19.9974533,73.7898023
MAHARASHTRA,Total,Pune,All Modes,2642291,2054227,588064,499636,341179,158457,371491,271150,100341,670580,525276,145304,500706,405652,95054,316291,264955,51336,124097,107397,16700,69878,61172,8706,44517,39452,5065,45095,37994,7101,18.5204303,73.8567437
MAHARASHTRA,Total,Pune,On foot,513615,346825,166790,0,0,0,259540,175933,83607,179410,118181,61229,74665,52711,21954,0,0,0,0,0,0,0,0,0,0,0,0,0,0,0,18.5204303,73.8567437
MAHARASHTRA,Total,Pune,Bicycle,192881,182122,10759,0,0,0,17770,16569,1201,99979,94385,5594,46944,44772,2172,15257,14405,852,12931,11991,940,0,0,0,0,0,0,0,0,0,18.5204303,73.8567437
MAHARASHTRA,Total,Pune,Moped/Scooter/Motor Cycle,728913,631515,97398,0,0,0,62739,53999,8740,236304,200193,36111,200476,172680,27796,142962,126476,16486,39662,36504,3158,20906,19084,1822,6430,5841,589,19434,16738,2696,18.5204303,73.8567437
MAHARASHTRA,Total,Pune,Car/Jeep/Van,138961,113477,25484,0,0,0,8504,6825,1679,32377,25792,6585,32360,25824,6536,32960,26741,6219,13834,11667,2167,8678,7694,984,5260,4792,468,4988,4142,846,18.5204303,73.8567437
MAHARASHTRA,Total,Pune,Tempo/Autorickshaw/Taxi,103088,84777,18311,0,0,0,7797,6624,1173,32227,23766,8461,23825,19130,4695,16028,13753,2275,6895,6381,514,6445,5991,454,3817,3639,178,6054,5493,561,18.5204303,73.8567437
MAHARASHTRA,Total,Pune,Bus,404306,304378,99928,0,0,0,12127,8833,3294,83534,57747,25787,114373,84239,30134,98716,75212,23504,43233,34599,8634,26217,22018,4199,16175,14067,2108,9931,7663,2268,18.5204303,73.8567437
MAHARASHTRA,Total,Pune,Train,45686,37538,8148,0,0,0,1689,1332,357,3322,2598,724,5191,4092,1099,8210,6592,1618,6459,5317,1142,6472,5353,1119,11262,9661,1601,3081,2593,488,18.5204303,73.8567437
MAHARASHTRA,Total,Pune,Water transport,1392,1094,298,0,0,0,166,121,45,402,304,98,243,184,59,178,143,35,67,53,14,50,38,12,108,93,15,178,158,20,18.5204303,73.8567437
MAHARASHTRA,Total,Pune,Any other,13813,11322,2491,0,0,0,1159,914,245,3025,2310,715,2629,2020,609,1980,1633,347,1016,885,131,1110,994,116,1465,1359,106,1429,1207,222,18.5204303,73.8567437
MAHARASHTRA,Total,Pune,No travel,499636,341179,158457,499636,341179,158457,0,0,0,0,0,0,0,0,0,0,0,0,0,0,0,0,0,0,0,0,0,0,0,0,18.5204303,73.8567437
MAHARASHTRA,Rural,Pune,All Modes,535508,422879,112629,156983,105498,51485,74092,56102,17990,105947,87346,18601,77582,64850,12732,53111,47449,5662,26521,24061,2460,20155,18468,1687,13637,12455,1182,7480,6650,830,18.5204303,73.8567437
MAHARASHTRA,Rural,Pune,On foot,108186,76265,31921,0,0,0,57140,40995,16145,33157,23061,10096,17889,12209,5680,0,0,0,0,0,0,0,0,0,0,0,0,0,0,0,18.5204303,73.8567437
MAHARASHTRA,Rural,Pune,Bicycle,32328,30564,1764,0,0,0,3344,3125,219,16015,15128,887,7521,7191,330,2863,2711,152,2585,2409,176,0,0,0,0,0,0,0,0,0,18.5204303,73.8567437
MAHARASHTRA,Rural,Pune,Moped/Scooter/Motor Cycle,119367,111005,8362,0,0,0,9106,8317,789,33529,30728,2801,27917,25955,1962,26521,24862,1659,10589,10084,505,6371,6092,279,2078,1973,105,3256,2994,262,18.5204303,73.8567437
MAHARASHTRA,Rural,Pune,Car/Jeep/Van,15482,13500,1982,0,0,0,934,825,109,3438,2903,535,3030,2534,496,2881,2493,388,1650,1468,182,1802,1667,135,1081,1009,72,666,601,65,18.5204303,73.8567437
MAHARASHTRA,Rural,Pune,Tempo/Autorickshaw/Taxi,21431,18526,2905,0,0,0,1030,873,157,6540,5250,1290,4797,4045,752,3576,3161,415,1723,1623,100,1693,1618,75,1075,1040,35,997,916,81,18.5204303,73.8567437
MAHARASHTRA,Rural,Pune,Bus,67001,54933,12068,0,0,0,1809,1400,409,11417,8894,2523,14695,11499,3196,15095,12320,2775,7959,6700,1259,7820,6894,926,6455,5777,678,1751,1449,302,18.5204303,73.8567437
MAHARASHTRA,Rural,Pune,Train,9329,8149,1180,0,0,0,334,276,58,469,390,79,866,727,139,1444,1268,176,1581,1392,189,1860,1640,220,2310,2052,258,465,404,61,18.5204303,73.8567437
MAHARASHTRA,Rural,Pune,Water transport,486,372,114,0,0,0,49,33,16,238,180,58,50,38,12,55,47,8,27,21,6,23,17,6,30,23,7,14,13,1,18.5204303,73.8567437
MAHARASHTRA,Rural,Pune,Any other,4915,4067,848,0,0,0,346,258,88,1144,812,332,817,652,165,676,587,89,407,364,43,586,540,46,608,581,27,331,273,58,18.5204303,73.8567437
MAHARASHTRA,Rural,Pune,No travel,156983,105498,51485,156983,105498,51485,0,0,0,0,0,0,0,0,0,0,0,0,0,0,0,0,0,0,0,0,0,0,0,0,18.5204303,73.8567437
MAHARASHTRA,Urban,Pune,All Modes,2106783,1631348,475435,342653,235681,106972,297399,215048,82351,564633,437930,126703,423124,340802,82322,263180,217506,45674,97576,83336,14240,49723,42704,7019,30880,26997,3883,37615,31344,6271,18.5204303,73.8567437
MAHARASHTRA,Urban,Pune,On foot,405429,270560,134869,0,0,0,202400,134938,67462,146253,95120,51133,56776,40502,16274,0,0,0,0,0,0,0,0,0,0,0,0,0,0,0,18.5204303,73.8567437
MAHARASHTRA,Urban,Pune,Bicycle,160553,151558,8995,0,0,0,14426,13444,982,83964,79257,4707,39423,37581,1842,12394,11694,700,10346,9582,764,0,0,0,0,0,0,0,0,0,18.5204303,73.8567437
MAHARASHTRA,Urban,Pune,Moped/Scooter/Motor Cycle,609546,520510,89036,0,0,0,53633,45682,7951,202775,169465,33310,172559,146725,25834,116441,101614,14827,29073,26420,2653,14535,12992,1543,4352,3868,484,16178,13744,2434,18.5204303,73.8567437
MAHARASHTRA,Urban,Pune,Car/Jeep/Van,123479,99977,23502,0,0,0,7570,6000,1570,28939,22889,6050,29330,23290,6040,30079,24248,5831,12184,10199,1985,6876,6027,849,4179,3783,396,4322,3541,781,18.5204303,73.8567437
MAHARASHTRA,Urban,Pune,Tempo/Autorickshaw/Taxi,81657,66251,15406,0,0,0,6767,5751,1016,25687,18516,7171,19028,15085,3943,12452,10592,1860,5172,4758,414,4752,4373,379,2742,2599,143,5057,4577,480,18.5204303,73.8567437
MAHARASHTRA,Urban,Pune,Bus,337305,249445,87860,0,0,0,10318,7433,2885,72117,48853,23264,99678,72740,26938,83621,62892,20729,35274,27899,7375,18397,15124,3273,9720,8290,1430,8180,6214,1966,18.5204303,73.8567437
MAHARASHTRA,Urban,Pune,Train,36357,29389,6968,0,0,0,1355,1056,299,2853,2208,645,4325,3365,960,6766,5324,1442,4878,3925,953,4612,3713,899,8952,7609,1343,2616,2189,427,18.5204303,73.8567437
MAHARASHTRA,Urban,Pune,Water transport,906,722,184,0,0,0,117,88,29,164,124,40,193,146,47,123,96,27,40,32,8,27,21,6,78,70,8,164,145,19,18.5204303,73.8567437
MAHARASHTRA,Urban,Pune,Any other,8898,7255,1643,0,0,0,813,656,157,1881,1498,383,1812,1368,444,1304,1046,258,609,521,88,524,454,70,857,778,79,1098,934,164,18.5204303,73.8567437
MAHARASHTRA,Urban,Pune,No travel,342653,235681,106972,342653,235681,106972,0,0,0,0,0,0,0,0,0,0,0,0,0,0,0,0,0,0,0,0,0,0,0,0,18.5204303,73.8567437
RAJASTHAN,Total,Ganganagar,All Modes,400147,265924,134223,178086,83687,94399,65434,48116,17318,83799,69413,14386,33814,29308,4506,15293,13900,1393,8564,7910,654,4998,4418,580,4711,4276,435,5448,4896,552,29.9093759,73.8799805
RAJASTHAN,Total,Ganganagar,On foot,93486,64534,28952,0,0,0,49380,33346,16034,33391,23077,10314,10715,8111,2604,0,0,0,0,0,0,0,0,0,0,0,0,0,0,0,29.9093759,73.8799805
RAJASTHAN,Total,Ganganagar,Bicycle,43397,42038,1359,0,0,0,5584,5387,197,24223,23382,841,8215,8029,186,2185,2157,28,3190,3083,107,0,0,0,0,0,0,0,0,0,29.9093759,73.8799805
RAJASTHAN,Total,Ganganagar,Moped/Scooter/Motor Cycle,44216,41098,3118,0,0,0,8087,7598,489,18608,17175,1433,7303,6714,589,4885,4599,286,1356,1280,76,879,843,36,320,297,23,2778,2592,186,29.9093759,73.8799805
RAJASTHAN,Total,Ganganagar,Car/Jeep/Van,5415,4792,623,0,0,0,606,516,90,1521,1292,229,935,830,105,765,676,89,315,294,21,399,376,23,484,455,29,390,353,37,29.9093759,73.8799805
RAJASTHAN,Total,Ganganagar,Tempo/Autorickshaw/Taxi,7745,6046,1699,0,0,0,464,335,129,2549,1710,839,2187,1814,373,1439,1222,217,311,290,21,210,188,22,114,108,6,471,379,92,29.9093759,73.8799805
RAJASTHAN,Total,Ganganagar,Bus,21453,18306,3147,0,0,0,499,357,142,1700,1322,378,3371,2863,508,5466,4741,725,3037,2624,413,2983,2538,445,3066,2714,352,1331,1147,184,29.9093759,73.8799805
RAJASTHAN,Total,Ganganagar,Train,1535,1437,98,0,0,0,105,87,18,158,140,18,83,78,5,118,113,5,230,217,13,303,289,14,406,389,17,132,124,8,29.9093759,73.8799805
RAJASTHAN,Total,Ganganagar,Water transport,138,94,44,0,0,0,88,51,37,6,5,1,15,14,1,3,3,0,6,6,0,1,1,0,5,4,1,14,10,4,29.9093759,73.8799805
RAJASTHAN,Total,Ganganagar,Any other,4676,3892,784,0,0,0,621,439,182,1643,1310,333,990,855,135,432,389,43,119,116,3,223,183,40,316,309,7,332,291,41,29.9093759,73.8799805
RAJASTHAN,Total,Ganganagar,No travel,178086,83687,94399,178086,83687,94399,0,0,0,0,0,0,0,0,0,0,0,0,0,0,0,0,0,0,0,0,0,0,0,0,29.9093759,73.8799805
RAJASTHAN,Rural,Ganganagar,All Modes,233988,125750,108238,141502,55814,85688,24648,13481,11167,26758,18916,7842,19548,17116,2432,10341,9887,454,4498,4305,193,2500,2326,174,2277,2137,140,1916,1768,148,29.9093759,73.8799805
RAJASTHAN,Rural,Ganganagar,On foot,40360,21520,18840,0,0,0,21630,10940,10690,13548,6997,6551,5182,3583,1599,0,0,0,0,0,0,0,0,0,0,0,0,0,0,0,29.9093759,73.8799805
RAJASTHAN,Rural,Ganganagar,Bicycle,15958,15294,664,0,0,0,1121,1008,113,7028,6668,360,5143,5019,124,1558,1535,23,1108,1064,44,0,0,0,0,0,0,0,0,0,29.9093759,73.8799805
RAJASTHAN,Rural,Ganganagar,Moped/Scooter/Motor Cycle,13090,12320,770,0,0,0,879,785,94,3112,2838,274,4045,3833,212,3046,2952,94,818,788,30,440,418,22,165,149,16,585,557,28,29.9093759,73.8799805
RAJASTHAN,Rural,Ganganagar,Car/Jeep/Van,2565,2313,252,0,0,0,146,111,35,452,368,84,617,559,58,510,472,38,190,184,6,222,213,9,272,263,9,156,143,13,29.9093759,73.8799805
RAJASTHAN,Rural,Ganganagar,Tempo/Autorickshaw/Taxi,3616,3332,284,0,0,0,159,136,23,624,522,102,1296,1205,91,940,902,38,233,227,6,113,106,7,47,45,2,204,189,15,29.9093759,73.8799805
RAJASTHAN,Rural,Ganganagar,Bus,13721,12618,1103,0,0,0,331,243,88,1179,1007,172,2658,2429,229,3937,3707,230,1972,1871,101,1525,1399,126,1379,1274,105,740,688,52,29.9093759,73.8799805
RAJASTHAN,Rural,Ganganagar,Train,651,604,47,0,0,0,59,42,17,56,44,12,38,38,0,58,56,2,91,86,5,90,86,4,215,211,4,44,41,3,29.9093759,73.8799805
RAJASTHAN,Rural,Ganganagar,Water transport,114,73,41,0,0,0,82,45,37,3,2,1,11,10,1,3,3,0,5,5,0,1,1,0,1,1,0,8,6,2,29.9093759,73.8799805
RAJASTHAN,Rural,Ganganagar,Any other,2411,1862,549,0,0,0,241,171,70,756,470,286,558,440,118,289,260,29,81,80,1,109,103,6,198,194,4,179,144,35,29.9093759,73.8799805
RAJASTHAN,Rural,Ganganagar,No travel,141502,55814,85688,141502,55814,85688,0,0,0,0,0,0,0,0,0,0,0,0,0,0,0,0,0,0,0,0,0,0,0,0,29.9093759,73.8799805
RAJASTHAN,Urban,Ganganagar,All Modes,166159,140174,25985,36584,27873,8711,40786,34635,6151,57041,50497,6544,14266,12192,2074,4952,4013,939,4066,3605,461,2498,2092,406,2434,2139,295,3532,3128,404,29.9093759,73.8799805
RAJASTHAN,Urban,Ganganagar,On foot,53126,43014,10112,0,0,0,27750,22406,5344,19843,16080,3763,5533,4528,1005,0,0,0,0,0,0,0,0,0,0,0,0,0,0,0,29.9093759,73.8799805
RAJASTHAN,Urban,Ganganagar,Bicycle,27439,26744,695,0,0,0,4463,4379,84,17195,16714,481,3072,3010,62,627,622,5,2082,2019,63,0,0,0,0,0,0,0,0,0,29.9093759,73.8799805
RAJASTHAN,Urban,Ganganagar,Moped/Scooter/Motor Cycle,31126,28778,2348,0,0,0,7208,6813,395,15496,14337,1159,3258,2881,377,1839,1647,192,538,492,46,439,425,14,155,148,7,2193,2035,158,29.9093759,73.8799805
RAJASTHAN,Urban,Ganganagar,Car/Jeep/Van,2850,2479,371,0,0,0,460,405,55,1069,924,145,318,271,47,255,204,51,125,110,15,177,163,14,212,192,20,234,210,24,29.9093759,73.8799805
RAJASTHAN,Urban,Ganganagar,Tempo/Autorickshaw/Taxi,4129,2714,1415,0,0,0,305,199,106,1925,1188,737,891,609,282,499,320,179,78,63,15,97,82,15,67,63,4,267,190,77,29.9093759,73.8799805
RAJASTHAN,Urban,Ganganagar,Bus,7732,5688,2044,0,0,0,168,114,54,521,315,206,713,434,279,1529,1034,495,1065,753,312,1458,1139,319,1687,1440,247,591,459,132,29.9093759,73.8799805
RAJASTHAN,Urban,Ganganagar,Train,884,833,51,0,0,0,46,45,1,102,96,6,45,40,5,60,57,3,139,131,8,213,203,10,191,178,13,88,83,5,29.9093759,73.8799805
RAJASTHAN,Urban,Ganganagar,Water transport,24,21,3,0,0,0,6,6,0,3,3,0,4,4,0,0,0,0,1,1,0,0,0,0,4,3,1,6,4,2,29.9093759,73.8799805
RAJASTHAN,Urban,Ganganagar,Any other,2265,2030,235,0,0,0,380,268,112,887,840,47,432,415,17,143,129,14,38,36,2,114,80,34,118,115,3,153,147,6,29.9093759,73.8799805
RAJASTHAN,Urban,Ganganagar,No travel,36584,27873,8711,36584,27873,8711,0,0,0,0,0,0,0,0,0,0,0,0,0,0,0,0,0,0,0,0,0,0,0,0,29.9093759,73.8799805
RAJASTHAN,Total,Rajsamand,All Modes,223157,167094,56063,55584,35474,20110,44551,29135,15416,60315,44160,16155,28146,25337,2809,16788,15906,882,6470,6196,274,4354,4187,167,6155,5960,195,794,739,55,25.0714851,73.8830701
RAJASTHAN,Total,Rajsamand,On foot,71852,41511,30341,0,0,0,36540,21600,14940,30354,16298,14056,4958,3613,1345,0,0,0,0,0,0,0,0,0,0,0,0,0,0,0,25.0714851,73.8830701
RAJASTHAN,Total,Rajsamand,Bicycle,15953,15438,515,0,0,0,1481,1416,65,8780,8462,318,4074,3983,91,1085,1069,16,533,508,25,0,0,0,0,0,0,0,0,0,25.0714851,73.8830701
RAJASTHAN,Total,Rajsamand,Moped/Scooter/Motor Cycle,38392,37101,1291,0,0,0,4948,4747,201,13725,13200,525,9926,9563,363,6307,6180,127,1775,1746,29,959,938,21,411,402,9,341,325,16,25.0714851,73.8830701
RAJASTHAN,Total,Rajsamand,Car/Jeep/Van,3950,3687,263,0,0,0,387,351,36,906,830,76,937,884,53,881,828,53,305,285,20,299,286,13,175,169,6,60,54,6,25.0714851,73.8830701
RAJASTHAN,Total,Rajsamand,Tempo/Autorickshaw/Taxi,7290,6269,1021,0,0,0,348,284,64,2738,2226,512,2269,1976,293,1346,1227,119,249,235,14,180,170,10,111,109,2,49,42,7,25.0714851,73.8830701
RAJASTHAN,Total,Rajsamand,Bus,27656,25335,2321,0,0,0,635,550,85,3270,2675,595,5495,4877,618,6802,6263,539,3425,3246,179,2732,2612,120,5021,4853,168,276,259,17,25.0714851,73.8830701
RAJASTHAN,Total,Rajsamand,Train,811,749,62,0,0,0,81,61,20,125,112,13,86,79,7,124,118,6,53,50,3,54,52,2,259,251,8,29,26,3,25.0714851,73.8830701
RAJASTHAN,Total,Rajsamand,Water transport,36,31,5,0,0,0,19,17,2,6,5,1,6,4,2,1,1,0,1,1,0,0,0,0,3,3,0,0,0,0,25.0714851,73.8830701
RAJASTHAN,Total,Rajsamand,Any other,1633,1499,134,0,0,0,112,109,3,411,352,59,395,358,37,242,220,22,129,125,4,130,129,1,175,173,2,39,33,6,25.0714851,73.8830701
RAJASTHAN,Total,Rajsamand,No travel,55584,35474,20110,55584,35474,20110,0,0,0,0,0,0,0,0,0,0,0,0,0,0,0,0,0,0,0,0,0,0,0,0,25.0714851,73.8830701
RAJASTHAN,Rural,Rajsamand,All Modes,169703,122851,46852,44866,27796,17070,28090,15336,12754,45014,31261,13753,22443,20300,2143,14016,13400,616,5498,5287,211,3735,3613,122,5586,5434,152,455,424,31,25.0714851,73.8830701
RAJASTHAN,Rural,Rajsamand,On foot,53699,27520,26179,0,0,0,24347,11842,12505,25389,12850,12539,3963,2828,1135,0,0,0,0,0,0,0,0,0,0,0,0,0,0,0,25.0714851,73.8830701
RAJASTHAN,Rural,Rajsamand,Bicycle,13131,12731,400,0,0,0,936,887,49,7008,6766,242,3737,3660,77,1014,1000,14,436,418,18,0,0,0,0,0,0,0,0,0,25.0714851,73.8830701
RAJASTHAN,Rural,Rajsamand,Moped/Scooter/Motor Cycle,24294,23653,641,0,0,0,1767,1696,71,7750,7505,245,7254,7048,206,4867,4792,75,1435,1416,19,748,734,14,332,328,4,141,134,7,25.0714851,73.8830701
RAJASTHAN,Rural,Rajsamand,Car/Jeep/Van,2662,2461,201,0,0,0,230,204,26,568,512,56,635,592,43,622,581,41,219,204,15,222,211,11,134,129,5,32,28,4,25.0714851,73.8830701
RAJASTHAN,Rural,Rajsamand,Tempo/Autorickshaw/Taxi,5228,4646,582,0,0,0,176,154,22,1558,1339,219,1780,1564,216,1223,1121,102,225,212,13,143,139,4,94,92,2,29,25,4,25.0714851,73.8830701
RAJASTHAN,Rural,Rajsamand,Bus,23712,22096,1616,0,0,0,496,435,61,2296,1901,395,4658,4231,427,5961,5602,359,3013,2873,140,2453,2363,90,4627,4493,134,208,198,10,25.0714851,73.8830701
RAJASTHAN,Rural,Rajsamand,Train,687,641,46,0,0,0,47,31,16,101,91,10,69,65,4,108,104,4,51,49,2,47,45,2,244,239,5,20,17,3,25.0714851,73.8830701
RAJASTHAN,Rural,Rajsamand,Water transport,25,21,4,0,0,0,14,13,1,4,3,1,4,2,2,0,0,0,0,0,0,0,0,0,3,3,0,0,0,0,25.0714851,73.8830701
RAJASTHAN,Rural,Rajsamand,Any other,1399,1286,113,0,0,0,77,74,3,340,294,46,343,310,33,221,200,21,119,115,4,122,121,1,152,150,2,25,22,3,25.0714851,73.8830701
RAJASTHAN,Rural,Rajsamand,No travel,44866,27796,17070,44866,27796,17070,0,0,0,0,0,0,0,0,0,0,0,0,0,0,0,0,0,0,0,0,0,0,0,0,25.0714851,73.8830701
RAJASTHAN,Urban,Rajsamand,All Modes,53454,44243,9211,10718,7678,3040,16461,13799,2662,15301,12899,2402,5703,5037,666,2772,2506,266,972,909,63,619,574,45,569,526,43,339,315,24,25.0714851,73.8830701
RAJASTHAN,Urban,Rajsamand,On foot,18153,13991,4162,0,0,0,12193,9758,2435,4965,3448,1517,995,785,210,0,0,0,0,0,0,0,0,0,0,0,0,0,0,0,25.0714851,73.8830701
RAJASTHAN,Urban,Rajsamand,Bicycle,2822,2707,115,0,0,0,545,529,16,1772,1696,76,337,323,14,71,69,2,97,90,7,0,0,0,0,0,0,0,0,0,25.0714851,73.8830701
RAJASTHAN,Urban,Rajsamand,Moped/Scooter/Motor Cycle,14098,13448,650,0,0,0,3181,3051,130,5975,5695,280,2672,2515,157,1440,1388,52,340,330,10,211,204,7,79,74,5,200,191,9,25.0714851,73.8830701
RAJASTHAN,Urban,Rajsamand,Car/Jeep/Van,1288,1226,62,0,0,0,157,147,10,338,318,20,302,292,10,259,247,12,86,81,5,77,75,2,41,40,1,28,26,2,25.0714851,73.8830701
RAJASTHAN,Urban,Rajsamand,Tempo/Autorickshaw/Taxi,2062,1623,439,0,0,0,172,130,42,1180,887,293,489,412,77,123,106,17,24,23,1,37,31,6,17,17,0,20,17,3,25.0714851,73.8830701
RAJASTHAN,Urban,Rajsamand,Bus,3944,3239,705,0,0,0,139,115,24,974,774,200,837,646,191,841,661,180,412,373,39,279,249,30,394,360,34,68,61,7,25.0714851,73.8830701
RAJASTHAN,Urban,Rajsamand,Train,124,108,16,0,0,0,34,30,4,24,21,3,17,14,3,16,14,2,2,1,1,7,7,0,15,12,3,9,9,0,25.0714851,73.8830701
RAJASTHAN,Urban,Rajsamand,Water transport,11,10,1,0,0,0,5,4,1,2,2,0,2,2,0,1,1,0,1,1,0,0,0,0,0,0,0,0,0,0,25.0714851,73.8830701
RAJASTHAN,Urban,Rajsamand,Any other,234,213,21,0,0,0,35,35,0,71,58,13,52,48,4,21,20,1,10,10,0,8,8,0,23,23,0,14,11,3,25.0714851,73.8830701
RAJASTHAN,Urban,Rajsamand,No travel,10718,7678,3040,10718,7678,3040,0,0,0,0,0,0,0,0,0,0,0,0,0,0,0,0,0,0,0,0,0,0,0,0,25.0714851,73.8830701
GOA,Total,North Goa,All Modes,289274,215251,74023,63877,43667,20210,36681,27484,9197,63580,47409,16171,47774,35808,11966,35241,26696,8545,18430,14631,3799,14420,11793,2627,4263,3655,608,5008,4108,900,15.5163112,73.9830029
GOA,Total,North Goa,On foot,43003,30337,12666,0,0,0,23367,16707,6660,13591,9227,4364,6045,4403,1642,0,0,0,0,0,0,0,0,0,0,0,0,0,0,0,15.5163112,73.9830029
GOA,Total,North Goa,Bicycle,4899,4529,370,0,0,0,668,596,72,2500,2344,156,833,774,59,321,287,34,577,528,49,0,0,0,0,0,0,0,0,0,15.5163112,73.9830029
GOA,Total,North Goa,Moped/Scooter/Motor Cycle,70229,61354,8875,0,0,0,6935,5961,974,22336,18820,3516,15288,13241,2047,12640,11300,1340,5606,5224,382,4292,3992,300,1181,1094,87,1951,1722,229,15.5163112,73.9830029
GOA,Total,North Goa,Car/Jeep/Van,17329,14006,3323,0,0,0,1633,1315,318,5428,4229,1199,3688,2903,785,2801,2297,504,1447,1248,199,1331,1154,177,405,359,46,596,501,95,15.5163112,73.9830029
GOA,Total,North Goa,Tempo/Autorickshaw/Taxi,4599,4187,412,0,0,0,476,437,39,1340,1190,150,1015,911,104,689,642,47,315,297,18,346,319,27,139,135,4,279,256,23,15.5163112,73.9830029
GOA,Total,North Goa,Bus,82056,54189,27867,0,0,0,3055,1964,1091,17386,10705,6681,20494,13210,7284,18500,11910,6590,10319,7177,3142,8285,6175,2110,2307,1856,451,1710,1192,518,15.5163112,73.9830029
GOA,Total,North Goa,Train,732,628,104,0,0,0,82,72,10,161,139,22,81,70,11,79,64,15,64,58,6,61,51,10,118,103,15,86,71,15,15.5163112,73.9830029
GOA,Total,North Goa,Water transport,808,742,66,0,0,0,270,258,12,201,172,29,79,63,16,37,35,2,19,18,1,21,20,1,29,29,0,152,147,5,15.5163112,73.9830029
GOA,Total,North Goa,Any other,1742,1612,130,0,0,0,195,174,21,637,583,54,251,233,18,174,161,13,83,81,2,84,82,2,84,79,5,234,219,15,15.5163112,73.9830029
GOA,Total,North Goa,No travel,63877,43667,20210,63877,43667,20210,0,0,0,0,0,0,0,0,0,0,0,0,0,0,0,0,0,0,0,0,0,0,0,0,15.5163112,73.9830029
GOA,Rural,North Goa,All Modes,99505,75506,23999,20402,14368,6034,9539,6929,2610,19034,14462,4572,16390,12509,3881,15665,11958,3707,8303,6713,1590,6582,5551,1031,2078,1785,293,1512,1231,281,15.5163112,73.9830029
GOA,Rural,North Goa,On foot,12984,8922,4062,0,0,0,6122,4120,2002,4841,3304,1537,2021,1498,523,0,0,0,0,0,0,0,0,0,0,0,0,0,0,0,15.5163112,73.9830029
GOA,Rural,North Goa,Bicycle,1435,1321,114,0,0,0,194,174,20,632,589,43,238,224,14,131,113,18,240,221,19,0,0,0,0,0,0,0,0,0,15.5163112,73.9830029
GOA,Rural,North Goa,Moped/Scooter/Motor Cycle,23399,21285,2114,0,0,0,1485,1347,138,5646,5061,585,4899,4408,491,5527,5007,520,2700,2528,172,2054,1928,126,562,526,36,526,480,46,15.5163112,73.9830029
GOA,Rural,North Goa,Car/Jeep/Van,3293,2809,484,0,0,0,221,194,27,929,816,113,696,591,105,696,568,128,276,236,40,245,214,31,84,67,17,146,123,23,15.5163112,73.9830029
GOA,Rural,North Goa,Tempo/Autorickshaw/Taxi,1712,1583,129,0,0,0,138,130,8,391,352,39,397,365,32,317,299,18,168,156,12,142,128,14,55,53,2,104,100,4,15.5163112,73.9830029
GOA,Rural,North Goa,Bus,35175,24206,10969,0,0,0,1265,856,409,6187,3974,2213,7933,5234,2699,8889,5876,3013,4859,3515,1344,4089,3233,856,1297,1064,233,656,454,202,15.5163112,73.9830029
GOA,Rural,North Goa,Train,233,205,28,0,0,0,26,24,2,41,35,6,33,30,3,23,20,3,22,21,1,18,14,4,45,41,4,25,20,5,15.5163112,73.9830029
GOA,Rural,North Goa,Water transport,134,126,8,0,0,0,22,22,0,63,60,3,15,13,2,7,5,2,7,6,1,7,7,0,6,6,0,7,7,0,15.5163112,73.9830029
GOA,Rural,North Goa,Any other,738,681,57,0,0,0,66,62,4,304,271,33,158,146,12,75,70,5,31,30,1,27,27,0,29,28,1,48,47,1,15.5163112,73.9830029
GOA,Rural,North Goa,No travel,20402,14368,6034,20402,14368,6034,0,0,0,0,0,0,0,0,0,0,0,0,0,0,0,0,0,0,0,0,0,0,0,0,15.5163112,73.9830029
GOA,Urban,North Goa,All Modes,189769,139745,50024,43475,29299,14176,27142,20555,6587,44546,32947,11599,31384,23299,8085,19576,14738,4838,10127,7918,2209,7838,6242,1596,2185,1870,315,3496,2877,619,15.5163112,73.9830029
GOA,Urban,North Goa,On foot,30019,21415,8604,0,0,0,17245,12587,4658,8750,5923,2827,4024,2905,1119,0,0,0,0,0,0,0,0,0,0,0,0,0,0,0,15.5163112,73.9830029
GOA,Urban,North Goa,Bicycle,3464,3208,256,0,0,0,474,422,52,1868,1755,113,595,550,45,190,174,16,337,307,30,0,0,0,0,0,0,0,0,0,15.5163112,73.9830029
GOA,Urban,North Goa,Moped/Scooter/Motor Cycle,46830,40069,6761,0,0,0,5450,4614,836,16690,13759,2931,10389,8833,1556,7113,6293,820,2906,2696,210,2238,2064,174,619,568,51,1425,1242,183,15.5163112,73.9830029
GOA,Urban,North Goa,Car/Jeep/Van,14036,11197,2839,0,0,0,1412,1121,291,4499,3413,1086,2992,2312,680,2105,1729,376,1171,1012,159,1086,940,146,321,292,29,450,378,72,15.5163112,73.9830029
GOA,Urban,North Goa,Tempo/Autorickshaw/Taxi,2887,2604,283,0,0,0,338,307,31,949,838,111,618,546,72,372,343,29,147,141,6,204,191,13,84,82,2,175,156,19,15.5163112,73.9830029
GOA,Urban,North Goa,Bus,46881,29983,16898,0,0,0,1790,1108,682,11199,6731,4468,12561,7976,4585,9611,6034,3577,5460,3662,1798,4196,2942,1254,1010,792,218,1054,738,316,15.5163112,73.9830029
GOA,Urban,North Goa,Train,499,423,76,0,0,0,56,48,8,120,104,16,48,40,8,56,44,12,42,37,5,43,37,6,73,62,11,61,51,10,15.5163112,73.9830029
GOA,Urban,North Goa,Water transport,674,616,58,0,0,0,248,236,12,138,112,26,64,50,14,30,30,0,12,12,0,14,13,1,23,23,0,145,140,5,15.5163112,73.9830029
GOA,Urban,North Goa,Any other,1004,931,73,0,0,0,129,112,17,333,312,21,93,87,6,99,91,8,52,51,1,57,55,2,55,51,4,186,172,14,15.5163112,73.9830029
GOA,Urban,North Goa,No travel,43475,29299,14176,43475,29299,14176,0,0,0,0,0,0,0,0,0,0,0,0,0,0,0,0,0,0,0,0,0,0,0,0,15.5163112,73.9830029
MAHARASHTRA,Total,Satara,All Modes,432058,333499,98559,144045,97265,46780,58901,43644,15257,81577,65591,15986,52772,42937,9835,34137,29968,4169,19521,17342,2179,14805,13238,1567,17225,15506,1719,9075,8008,1067,17.6804639,74.018261
MAHARASHTRA,Total,Satara,On foot,83094,56658,26436,0,0,0,40124,27279,12845,25510,17257,8253,17460,12122,5338,0,0,0,0,0,0,0,0,0,0,0,0,0,0,0,17.6804639,74.018261
MAHARASHTRA,Total,Satara,Bicycle,24817,23405,1412,0,0,0,3416,3180,236,12246,11599,647,4776,4554,222,1983,1882,101,2396,2190,206,0,0,0,0,0,0,0,0,0,17.6804639,74.018261
MAHARASHTRA,Total,Satara,Moped/Scooter/Motor Cycle,81146,73197,7949,0,0,0,10845,9550,1295,28152,24863,3289,14287,13045,1242,12887,11864,1023,5968,5546,422,4119,3856,263,1827,1705,122,3061,2768,293,17.6804639,74.018261
MAHARASHTRA,Total,Satara,Car/Jeep/Van,12841,11229,1612,0,0,0,1075,913,162,2810,2340,470,1993,1715,278,2304,2061,243,1387,1255,132,1297,1175,122,1208,1108,100,767,662,105,17.6804639,74.018261
MAHARASHTRA,Total,Satara,Tempo/Autorickshaw/Taxi,15966,13624,2342,0,0,0,1143,954,189,4408,3386,1022,3300,2800,500,2719,2431,288,1321,1226,95,1053,981,72,1064,986,78,958,860,98,17.6804639,74.018261
MAHARASHTRA,Total,Satara,Bus,63352,52059,11293,0,0,0,1784,1337,447,7646,5472,2174,10119,7986,2133,13361,10932,2429,7882,6626,1256,7531,6464,1067,11621,10314,1307,3408,2928,480,17.6804639,74.018261
MAHARASHTRA,Total,Satara,Train,2491,2241,250,0,0,0,183,147,36,179,149,30,227,196,31,278,252,26,190,173,17,268,250,18,781,727,54,385,347,38,17.6804639,74.018261
MAHARASHTRA,Total,Satara,Water transport,255,215,40,0,0,0,68,49,19,50,42,8,27,23,4,26,25,1,21,15,6,12,12,0,28,26,2,23,23,0,17.6804639,74.018261
MAHARASHTRA,Total,Satara,Any other,4051,3606,445,0,0,0,263,235,28,576,483,93,583,496,87,579,521,58,356,311,45,525,500,25,696,640,56,473,420,53,17.6804639,74.018261
MAHARASHTRA,Total,Satara,No travel,144045,97265,46780,144045,97265,46780,0,0,0,0,0,0,0,0,0,0,0,0,0,0,0,0,0,0,0,0,0,0,0,0,17.6804639,74.018261
MAHARASHTRA,Rural,Satara,All Modes,267614,205856,61758,103021,68031,34990,27115,19699,7416,36373,29582,6791,33557,27532,6025,25674,23083,2591,14170,12805,1365,10360,9403,957,11716,10700,1016,5628,5021,607,17.6804639,74.018261
MAHARASHTRA,Rural,Satara,On foot,40966,27336,13630,0,0,0,19456,12978,6478,11175,7375,3800,10335,6983,3352,0,0,0,0,0,0,0,0,0,0,0,0,0,0,0,17.6804639,74.018261
MAHARASHTRA,Rural,Satara,Bicycle,13729,12950,779,0,0,0,1561,1436,125,6150,5848,302,2994,2850,144,1487,1414,73,1537,1402,135,0,0,0,0,0,0,0,0,0,17.6804639,74.018261
MAHARASHTRA,Rural,Satara,Moped/Scooter/Motor Cycle,42018,38777,3241,0,0,0,3479,3137,342,10660,9692,968,8684,8046,638,9356,8733,623,4298,4017,281,2818,2654,164,1174,1094,80,1549,1404,145,17.6804639,74.018261
MAHARASHTRA,Rural,Satara,Car/Jeep/Van,7762,6858,904,0,0,0,460,388,72,1297,1079,218,1335,1148,187,1690,1527,163,989,919,70,849,768,81,707,645,62,435,384,51,17.6804639,74.018261
MAHARASHTRA,Rural,Satara,Tempo/Autorickshaw/Taxi,9226,8163,1063,0,0,0,529,468,61,1945,1624,321,2093,1790,303,1876,1706,170,835,783,52,675,634,41,781,719,62,492,439,53,17.6804639,74.018261
MAHARASHTRA,Rural,Satara,Bus,45978,39321,6657,0,0,0,1287,998,289,4664,3554,1110,7554,6235,1319,10585,9092,1493,6060,5277,783,5360,4724,636,7931,7207,724,2537,2234,303,17.6804639,74.018261
MAHARASHTRA,Rural,Satara,Train,1831,1654,177,0,0,0,116,98,18,123,102,21,168,145,23,229,206,23,156,145,11,193,181,12,559,520,39,287,257,30,17.6804639,74.018261
MAHARASHTRA,Rural,Satara,Water transport,195,163,32,0,0,0,52,35,17,38,33,5,19,18,1,23,22,1,20,14,6,10,10,0,17,15,2,16,16,0,17.6804639,74.018261
MAHARASHTRA,Rural,Satara,Any other,2888,2603,285,0,0,0,175,161,14,321,275,46,375,317,58,428,383,45,275,248,27,455,432,23,547,500,47,312,287,25,17.6804639,74.018261
MAHARASHTRA,Rural,Satara,No travel,103021,68031,34990,103021,68031,34990,0,0,0,0,0,0,0,0,0,0,0,0,0,0,0,0,0,0,0,0,0,0,0,0,17.6804639,74.018261
MAHARASHTRA,Urban,Satara,All Modes,164444,127643,36801,41024,29234,11790,31786,23945,7841,45204,36009,9195,19215,15405,3810,8463,6885,1578,5351,4537,814,4445,3835,610,5509,4806,703,3447,2987,460,17.6804639,74.018261
MAHARASHTRA,Urban,Satara,On foot,42128,29322,12806,0,0,0,20668,14301,6367,14335,9882,4453,7125,5139,1986,0,0,0,0,0,0,0,0,0,0,0,0,0,0,0,17.6804639,74.018261
MAHARASHTRA,Urban,Satara,Bicycle,11088,10455,633,0,0,0,1855,1744,111,6096,5751,345,1782,1704,78,496,468,28,859,788,71,0,0,0,0,0,0,0,0,0,17.6804639,74.018261
MAHARASHTRA,Urban,Satara,Moped/Scooter/Motor Cycle,39128,34420,4708,0,0,0,7366,6413,953,17492,15171,2321,5603,4999,604,3531,3131,400,1670,1529,141,1301,1202,99,653,611,42,1512,1364,148,17.6804639,74.018261
MAHARASHTRA,Urban,Satara,Car/Jeep/Van,5079,4371,708,0,0,0,615,525,90,1513,1261,252,658,567,91,614,534,80,398,336,62,448,407,41,501,463,38,332,278,54,17.6804639,74.018261
MAHARASHTRA,Urban,Satara,Tempo/Autorickshaw/Taxi,6740,5461,1279,0,0,0,614,486,128,2463,1762,701,1207,1010,197,843,725,118,486,443,43,378,347,31,283,267,16,466,421,45,17.6804639,74.018261
MAHARASHTRA,Urban,Satara,Bus,17374,12738,4636,0,0,0,497,339,158,2982,1918,1064,2565,1751,814,2776,1840,936,1822,1349,473,2171,1740,431,3690,3107,583,871,694,177,17.6804639,74.018261
MAHARASHTRA,Urban,Satara,Train,660,587,73,0,0,0,67,49,18,56,47,9,59,51,8,49,46,3,34,28,6,75,69,6,222,207,15,98,90,8,17.6804639,74.018261
MAHARASHTRA,Urban,Satara,Water transport,60,52,8,0,0,0,16,14,2,12,9,3,8,5,3,3,3,0,1,1,0,2,2,0,11,11,0,7,7,0,17.6804639,74.018261
MAHARASHTRA,Urban,Satara,Any other,1163,1003,160,0,0,0,88,74,14,255,208,47,208,179,29,151,138,13,81,63,18,70,68,2,149,140,9,161,133,28,17.6804639,74.018261
MAHARASHTRA,Urban,Satara,No travel,41024,29234,11790,41024,29234,11790,0,0,0,0,0,0,0,0,0,0,0,0,0,0,0,0,0,0,0,0,0,0,0,0,17.6804639,74.018261
JAMMU & KASHMIR,Total,Punch,All Modes,71616,53617,17999,41284,28945,12339,7547,5138,2409,8940,7479,1461,6579,5481,1098,1909,1663,246,1491,1351,140,971,873,98,2268,2121,147,627,566,61,33.7669876,74.0924685
JAMMU & KASHMIR,Total,Punch,On foot,17147,13088,4059,0,0,0,6965,4641,2324,6630,5547,1083,3552,2900,652,0,0,0,0,0,0,0,0,0,0,0,0,0,0,0,33.7669876,74.0924685
JAMMU & KASHMIR,Total,Punch,Bicycle,188,154,34,0,0,0,23,17,6,81,67,14,31,27,4,14,13,1,39,30,9,0,0,0,0,0,0,0,0,0,33.7669876,74.0924685
JAMMU & KASHMIR,Total,Punch,Moped/Scooter/Motor Cycle,706,658,48,0,0,0,85,80,5,276,258,18,152,142,10,75,74,1,39,36,3,29,27,2,15,14,1,35,27,8,33.7669876,74.0924685
JAMMU & KASHMIR,Total,Punch,Car/Jeep/Van,910,761,149,0,0,0,81,66,15,211,163,48,211,187,24,92,80,12,67,57,10,76,66,10,128,105,23,44,37,7,33.7669876,74.0924685
JAMMU & KASHMIR,Total,Punch,Tempo/Autorickshaw/Taxi,776,619,157,0,0,0,39,30,9,215,158,57,335,272,63,73,58,15,29,27,2,15,13,2,41,38,3,29,23,6,33.7669876,74.0924685
JAMMU & KASHMIR,Total,Punch,Bus,10114,8927,1187,0,0,0,313,267,46,1488,1251,237,2223,1880,343,1631,1415,216,1299,1183,116,838,754,84,1931,1814,117,391,363,28,33.7669876,74.0924685
JAMMU & KASHMIR,Total,Punch,Train,231,218,13,0,0,0,17,15,2,26,23,3,27,26,1,8,8,0,7,7,0,3,3,0,95,93,2,48,43,5,33.7669876,74.0924685
JAMMU & KASHMIR,Total,Punch,Water transport,38,33,5,0,0,0,4,3,1,1,0,1,4,4,0,4,4,0,3,3,0,0,0,0,6,6,0,16,13,3,33.7669876,74.0924685
JAMMU & KASHMIR,Total,Punch,Any other,222,214,8,0,0,0,20,19,1,12,12,0,44,43,1,12,11,1,8,8,0,10,10,0,52,51,1,64,60,4,33.7669876,74.0924685
JAMMU & KASHMIR,Total,Punch,No travel,41284,28945,12339,41284,28945,12339,0,0,0,0,0,0,0,0,0,0,0,0,0,0,0,0,0,0,0,0,0,0,0,0,33.7669876,74.0924685
JAMMU & KASHMIR,Rural,Punch,All Modes,59625,43415,16210,34377,22750,11627,5687,3603,2084,7571,6348,1223,5785,4924,861,1574,1445,129,1246,1171,75,842,776,66,1977,1886,91,566,512,54,33.7669876,74.0924685
JAMMU & KASHMIR,Rural,Punch,On foot,14167,10603,3564,0,0,0,5233,3222,2011,5706,4744,962,3228,2637,591,0,0,0,0,0,0,0,0,0,0,0,0,0,0,0,33.7669876,74.0924685
JAMMU & KASHMIR,Rural,Punch,Bicycle,155,123,32,0,0,0,15,9,6,65,51,14,27,24,3,13,12,1,35,27,8,0,0,0,0,0,0,0,0,0,33.7669876,74.0924685
JAMMU & KASHMIR,Rural,Punch,Moped/Scooter/Motor Cycle,481,449,32,0,0,0,42,39,3,166,155,11,112,105,7,58,58,0,34,31,3,22,22,0,13,13,0,34,26,8,33.7669876,74.0924685
JAMMU & KASHMIR,Rural,Punch,Car/Jeep/Van,744,626,118,0,0,0,61,47,14,168,131,37,179,159,20,79,69,10,50,42,8,70,61,9,100,85,15,37,32,5,33.7669876,74.0924685
JAMMU & KASHMIR,Rural,Punch,Tempo/Autorickshaw/Taxi,618,530,88,0,0,0,33,25,8,157,129,28,274,244,30,57,47,10,24,22,2,13,12,1,32,29,3,28,22,6,33.7669876,74.0924685
JAMMU & KASHMIR,Rural,Punch,Bus,8617,7893,724,0,0,0,264,226,38,1273,1106,167,1891,1683,208,1344,1236,108,1085,1031,54,724,668,56,1691,1621,70,345,322,23,33.7669876,74.0924685
JAMMU & KASHMIR,Rural,Punch,Train,217,204,13,0,0,0,16,14,2,25,22,3,27,26,1,8,8,0,7,7,0,3,3,0,87,85,2,44,39,5,33.7669876,74.0924685
JAMMU & KASHMIR,Rural,Punch,Water transport,36,31,5,0,0,0,4,3,1,1,0,1,4,4,0,4,4,0,3,3,0,0,0,0,5,5,0,15,12,3,33.7669876,74.0924685
JAMMU & KASHMIR,Rural,Punch,Any other,213,206,7,0,0,0,19,18,1,10,10,0,43,42,1,11,11,0,8,8,0,10,10,0,49,48,1,63,59,4,33.7669876,74.0924685
JAMMU & KASHMIR,Rural,Punch,No travel,34377,22750,11627,34377,22750,11627,0,0,0,0,0,0,0,0,0,0,0,0,0,0,0,0,0,0,0,0,0,0,0,0,33.7669876,74.0924685
JAMMU & KASHMIR,Urban,Punch,All Modes,11991,10202,1789,6907,6195,712,1860,1535,325,1369,1131,238,794,557,237,335,218,117,245,180,65,129,97,32,291,235,56,61,54,7,33.7669876,74.0924685
JAMMU & KASHMIR,Urban,Punch,On foot,2980,2485,495,0,0,0,1732,1419,313,924,803,121,324,263,61,0,0,0,0,0,0,0,0,0,0,0,0,0,0,0,33.7669876,74.0924685
JAMMU & KASHMIR,Urban,Punch,Bicycle,33,31,2,0,0,0,8,8,0,16,16,0,4,3,1,1,1,0,4,3,1,0,0,0,0,0,0,0,0,0,33.7669876,74.0924685
JAMMU & KASHMIR,Urban,Punch,Moped/Scooter/Motor Cycle,225,209,16,0,0,0,43,41,2,110,103,7,40,37,3,17,16,1,5,5,0,7,5,2,2,1,1,1,1,0,33.7669876,74.0924685
JAMMU & KASHMIR,Urban,Punch,Car/Jeep/Van,166,135,31,0,0,0,20,19,1,43,32,11,32,28,4,13,11,2,17,15,2,6,5,1,28,20,8,7,5,2,33.7669876,74.0924685
JAMMU & KASHMIR,Urban,Punch,Tempo/Autorickshaw/Taxi,158,89,69,0,0,0,6,5,1,58,29,29,61,28,33,16,11,5,5,5,0,2,1,1,9,9,0,1,1,0,33.7669876,74.0924685
JAMMU & KASHMIR,Urban,Punch,Bus,1497,1034,463,0,0,0,49,41,8,215,145,70,332,197,135,287,179,108,214,152,62,114,86,28,240,193,47,46,41,5,33.7669876,74.0924685
JAMMU & KASHMIR,Urban,Punch,Train,14,14,0,0,0,0,1,1,0,1,1,0,0,0,0,0,0,0,0,0,0,0,0,0,8,8,0,4,4,0,33.7669876,74.0924685
JAMMU & KASHMIR,Urban,Punch,Water transport,2,2,0,0,0,0,0,0,0,0,0,0,0,0,0,0,0,0,0,0,0,0,0,0,1,1,0,1,1,0,33.7669876,74.0924685
JAMMU & KASHMIR,Urban,Punch,Any other,9,8,1,0,0,0,1,1,0,2,2,0,1,1,0,1,0,1,0,0,0,0,0,0,3,3,0,1,1,0,33.7669876,74.0924685
JAMMU & KASHMIR,Urban,Punch,No travel,6907,6195,712,6907,6195,712,0,0,0,0,0,0,0,0,0,0,0,0,0,0,0,0,0,0,0,0,0,0,0,0,33.7669876,74.0924685
GOA,Total,South Goa,All Modes,215152,160804,54348,53077,36444,16633,29154,22030,7124,57545,44563,12982,31949,24310,7639,18598,13948,4650,8740,6618,2122,9224,7124,2100,3456,2858,598,3409,2909,500,15.11766,74.123996
GOA,Total,South Goa,On foot,33807,23658,10149,0,0,0,17274,12171,5103,10752,7361,3391,5781,4126,1655,0,0,0,0,0,0,0,0,0,0,0,0,0,0,0,15.11766,74.123996
GOA,Total,South Goa,Bicycle,7190,6709,481,0,0,0,1117,1040,77,3693,3467,226,1339,1255,84,465,417,48,576,530,46,0,0,0,0,0,0,0,0,0,15.11766,74.123996
GOA,Total,South Goa,Moped/Scooter/Motor Cycle,50611,44388,6223,0,0,0,6367,5553,814,21799,18937,2862,9713,8439,1274,6180,5468,712,2065,1896,169,2522,2327,195,820,746,74,1145,1022,123,15.11766,74.123996
GOA,Total,South Goa,Car/Jeep/Van,10903,9140,1763,0,0,0,1158,973,185,3937,3306,631,1936,1617,319,1516,1266,250,756,638,118,955,784,171,293,248,45,352,308,44,15.11766,74.123996
GOA,Total,South Goa,Tempo/Autorickshaw/Taxi,3524,3140,384,0,0,0,397,365,32,1226,1101,125,745,662,83,465,384,81,204,182,22,192,177,15,124,115,9,171,154,17,15.11766,74.123996
GOA,Total,South Goa,Bus,51960,33736,18224,0,0,0,2405,1532,873,15535,9852,5683,11921,7756,4165,9423,5910,3513,4776,3080,1696,5092,3469,1623,1832,1424,408,976,713,263,15.11766,74.123996
GOA,Total,South Goa,Train,1420,1119,301,0,0,0,96,80,16,136,112,24,145,113,32,165,143,22,224,161,63,354,263,91,249,201,48,51,46,5,15.11766,74.123996
GOA,Total,South Goa,Water transport,850,803,47,0,0,0,133,128,5,125,112,13,119,111,8,106,101,5,46,42,4,35,33,2,32,30,2,254,246,8,15.11766,74.123996
GOA,Total,South Goa,Any other,1810,1667,143,0,0,0,207,188,19,342,315,27,250,231,19,278,259,19,93,89,4,74,71,3,106,94,12,460,420,40,15.11766,74.123996
GOA,Total,South Goa,No travel,53077,36444,16633,53077,36444,16633,0,0,0,0,0,0,0,0,0,0,0,0,0,0,0,0,0,0,0,0,0,0,0,0,15.11766,74.123996
GOA,Rural,South Goa,All Modes,62849,46646,16203,17744,12906,4838,6731,4905,1826,12825,9592,3233,9727,7178,2549,7030,5074,1956,3428,2621,807,2871,2264,607,1508,1262,246,985,844,141,15.11766,74.123996
GOA,Rural,South Goa,On foot,9346,6253,3093,0,0,0,4408,3033,1375,3317,2143,1174,1621,1077,544,0,0,0,0,0,0,0,0,0,0,0,0,0,0,0,15.11766,74.123996
GOA,Rural,South Goa,Bicycle,2036,1906,130,0,0,0,274,256,18,1004,948,56,446,420,26,147,131,16,165,151,14,0,0,0,0,0,0,0,0,0,15.11766,74.123996
GOA,Rural,South Goa,Moped/Scooter/Motor Cycle,12494,10868,1626,0,0,0,1054,898,156,4207,3603,604,2984,2549,435,2303,2024,279,762,704,58,651,606,45,251,235,16,282,249,33,15.11766,74.123996
GOA,Rural,South Goa,Car/Jeep/Van,2424,2034,390,0,0,0,203,182,21,673,585,88,582,475,107,454,369,85,186,152,34,166,132,34,82,66,16,78,73,5,15.11766,74.123996
GOA,Rural,South Goa,Tempo/Autorickshaw/Taxi,865,727,138,0,0,0,76,73,3,228,202,26,206,164,42,149,104,45,82,74,8,46,40,6,46,41,5,32,29,3,15.11766,74.123996
GOA,Rural,South Goa,Bus,15902,10141,5761,0,0,0,605,364,241,3056,1789,1267,3552,2190,1362,3657,2153,1504,2041,1377,664,1755,1298,457,953,769,184,283,201,82,15.11766,74.123996
GOA,Rural,South Goa,Train,652,492,160,0,0,0,19,11,8,28,24,4,81,61,20,74,59,15,112,86,26,193,129,64,125,105,20,20,17,3,15.11766,74.123996
GOA,Rural,South Goa,Water transport,456,443,13,0,0,0,16,16,0,82,77,5,99,95,4,89,88,1,30,30,0,20,19,1,5,5,0,115,113,2,15.11766,74.123996
GOA,Rural,South Goa,Any other,930,876,54,0,0,0,76,72,4,230,221,9,156,147,9,157,146,11,50,47,3,40,40,0,46,41,5,175,162,13,15.11766,74.123996
GOA,Rural,South Goa,No travel,17744,12906,4838,17744,12906,4838,0,0,0,0,0,0,0,0,0,0,0,0,0,0,0,0,0,0,0,0,0,0,0,0,15.11766,74.123996
GOA,Urban,South Goa,All Modes,152303,114158,38145,35333,23538,11795,22423,17125,5298,44720,34971,9749,22222,17132,5090,11568,8874,2694,5312,3997,1315,6353,4860,1493,1948,1596,352,2424,2065,359,15.11766,74.123996
GOA,Urban,South Goa,On foot,24461,17405,7056,0,0,0,12866,9138,3728,7435,5218,2217,4160,3049,1111,0,0,0,0,0,0,0,0,0,0,0,0,0,0,0,15.11766,74.123996
GOA,Urban,South Goa,Bicycle,5154,4803,351,0,0,0,843,784,59,2689,2519,170,893,835,58,318,286,32,411,379,32,0,0,0,0,0,0,0,0,0,15.11766,74.123996
GOA,Urban,South Goa,Moped/Scooter/Motor Cycle,38117,33520,4597,0,0,0,5313,4655,658,17592,15334,2258,6729,5890,839,3877,3444,433,1303,1192,111,1871,1721,150,569,511,58,863,773,90,15.11766,74.123996
GOA,Urban,South Goa,Car/Jeep/Van,8479,7106,1373,0,0,0,955,791,164,3264,2721,543,1354,1142,212,1062,897,165,570,486,84,789,652,137,211,182,29,274,235,39,15.11766,74.123996
GOA,Urban,South Goa,Tempo/Autorickshaw/Taxi,2659,2413,246,0,0,0,321,292,29,998,899,99,539,498,41,316,280,36,122,108,14,146,137,9,78,74,4,139,125,14,15.11766,74.123996
GOA,Urban,South Goa,Bus,36058,23595,12463,0,0,0,1800,1168,632,12479,8063,4416,8369,5566,2803,5766,3757,2009,2735,1703,1032,3337,2171,1166,879,655,224,693,512,181,15.11766,74.123996
GOA,Urban,South Goa,Train,768,627,141,0,0,0,77,69,8,108,88,20,64,52,12,91,84,7,112,75,37,161,134,27,124,96,28,31,29,2,15.11766,74.123996
GOA,Urban,South Goa,Water transport,394,360,34,0,0,0,117,112,5,43,35,8,20,16,4,17,13,4,16,12,4,15,14,1,27,25,2,139,133,6,15.11766,74.123996
GOA,Urban,South Goa,Any other,880,791,89,0,0,0,131,116,15,112,94,18,94,84,10,121,113,8,43,42,1,34,31,3,60,53,7,285,258,27,15.11766,74.123996
GOA,Urban,South Goa,No travel,35333,23538,11795,35333,23538,11795,0,0,0,0,0,0,0,0,0,0,0,0,0,0,0,0,0,0,0,0,0,0,0,0,15.11766,74.123996
MAHARASHTRA,Total,Nandurbar,All Modes,127618,95727,31891,56446,35944,20502,23038,19095,3943,23681,20174,3507,11021,8808,2213,5015,4303,712,2563,2228,335,2348,2084,264,2507,2201,306,999,890,109,21.3700906,74.240336
MAHARASHTRA,Total,Nandurbar,On foot,31060,24250,6810,0,0,0,16747,13308,3439,9225,7201,2024,5088,3741,1347,0,0,0,0,0,0,0,0,0,0,0,0,0,0,0,21.3700906,74.240336
MAHARASHTRA,Total,Nandurbar,Bicycle,6229,5920,309,0,0,0,1356,1307,49,3560,3391,169,632,610,22,228,215,13,453,397,56,0,0,0,0,0,0,0,0,0,21.3700906,74.240336
MAHARASHTRA,Total,Nandurbar,Moped/Scooter/Motor Cycle,19486,17861,1625,0,0,0,3895,3615,280,7949,7303,646,2648,2352,296,2276,2072,204,920,852,68,855,800,55,431,395,36,512,472,40,21.3700906,74.240336
MAHARASHTRA,Total,Nandurbar,Car/Jeep/Van,1507,1286,221,0,0,0,150,128,22,361,303,58,181,148,33,250,201,49,125,106,19,227,204,23,155,141,14,58,55,3,21.3700906,74.240336
MAHARASHTRA,Total,Nandurbar,Tempo/Autorickshaw/Taxi,4246,3597,649,0,0,0,434,380,54,1407,1147,260,1173,998,175,569,475,94,185,163,22,185,172,13,155,138,17,138,124,14,21.3700906,74.240336
MAHARASHTRA,Total,Nandurbar,Bus,6802,5365,1437,0,0,0,277,198,79,755,512,243,1040,771,269,1577,1238,339,808,650,158,959,811,148,1222,1057,165,164,128,36,21.3700906,74.240336
MAHARASHTRA,Total,Nandurbar,Train,883,751,132,0,0,0,69,59,10,78,61,17,42,40,2,43,39,4,29,19,10,84,63,21,470,407,63,68,63,5,21.3700906,74.240336
MAHARASHTRA,Total,Nandurbar,Water transport,30,27,3,0,0,0,4,4,0,8,7,1,4,4,0,1,1,0,0,0,0,5,4,1,7,6,1,1,1,0,21.3700906,74.240336
MAHARASHTRA,Total,Nandurbar,Any other,929,726,203,0,0,0,106,96,10,338,249,89,213,144,69,71,62,9,43,41,2,33,30,3,67,57,10,58,47,11,21.3700906,74.240336
MAHARASHTRA,Total,Nandurbar,No travel,56446,35944,20502,56446,35944,20502,0,0,0,0,0,0,0,0,0,0,0,0,0,0,0,0,0,0,0,0,0,0,0,0,21.3700906,74.240336
MAHARASHTRA,Rural,Nandurbar,All Modes,56650,38136,18514,31747,18433,13314,5173,3732,1441,7234,5798,1436,5500,4189,1311,2911,2494,417,1278,1094,184,993,858,135,1243,1046,197,571,492,79,21.3700906,74.240336
MAHARASHTRA,Rural,Nandurbar,On foot,8583,5683,2900,0,0,0,3893,2623,1270,2638,1814,824,2052,1246,806,0,0,0,0,0,0,0,0,0,0,0,0,0,0,0,21.3700906,74.240336
MAHARASHTRA,Rural,Nandurbar,Bicycle,2239,2096,143,0,0,0,305,286,19,1198,1133,65,364,350,14,140,128,12,232,199,33,0,0,0,0,0,0,0,0,0,21.3700906,74.240336
MAHARASHTRA,Rural,Nandurbar,Moped/Scooter/Motor Cycle,6091,5477,614,0,0,0,545,489,56,1902,1704,198,1278,1127,151,1160,1056,104,440,403,37,348,323,25,159,141,18,259,234,25,21.3700906,74.240336
MAHARASHTRA,Rural,Nandurbar,Car/Jeep/Van,679,534,145,0,0,0,48,35,13,138,109,29,119,92,27,150,111,39,51,40,11,93,78,15,51,42,9,29,27,2,21.3700906,74.240336
MAHARASHTRA,Rural,Nandurbar,Tempo/Autorickshaw/Taxi,2483,2089,394,0,0,0,169,139,30,690,568,122,900,777,123,391,321,70,111,93,18,80,71,9,64,52,12,78,68,10,21.3700906,74.240336
MAHARASHTRA,Rural,Nandurbar,Bus,3587,2875,712,0,0,0,136,98,38,381,276,105,578,457,121,977,797,180,381,306,75,406,334,72,602,511,91,126,96,30,21.3700906,74.240336
MAHARASHTRA,Rural,Nandurbar,Train,570,466,104,0,0,0,25,19,6,37,25,12,24,23,1,29,26,3,26,18,8,46,34,12,334,275,59,49,46,3,21.3700906,74.240336
MAHARASHTRA,Rural,Nandurbar,Water transport,15,13,2,0,0,0,1,1,0,4,3,1,2,2,0,0,0,0,0,0,0,4,3,1,3,3,0,1,1,0,21.3700906,74.240336
MAHARASHTRA,Rural,Nandurbar,Any other,656,470,186,0,0,0,51,42,9,246,166,80,183,115,68,64,55,9,37,35,2,16,15,1,30,22,8,29,20,9,21.3700906,74.240336
MAHARASHTRA,Rural,Nandurbar,No travel,31747,18433,13314,31747,18433,13314,0,0,0,0,0,0,0,0,0,0,0,0,0,0,0,0,0,0,0,0,0,0,0,0,21.3700906,74.240336
MAHARASHTRA,Urban,Nandurbar,All Modes,70968,57591,13377,24699,17511,7188,17865,15363,2502,16447,14376,2071,5521,4619,902,2104,1809,295,1285,1134,151,1355,1226,129,1264,1155,109,428,398,30,21.3700906,74.240336
MAHARASHTRA,Urban,Nandurbar,On foot,22477,18567,3910,0,0,0,12854,10685,2169,6587,5387,1200,3036,2495,541,0,0,0,0,0,0,0,0,0,0,0,0,0,0,0,21.3700906,74.240336
MAHARASHTRA,Urban,Nandurbar,Bicycle,3990,3824,166,0,0,0,1051,1021,30,2362,2258,104,268,260,8,88,87,1,221,198,23,0,0,0,0,0,0,0,0,0,21.3700906,74.240336
MAHARASHTRA,Urban,Nandurbar,Moped/Scooter/Motor Cycle,13395,12384,1011,0,0,0,3350,3126,224,6047,5599,448,1370,1225,145,1116,1016,100,480,449,31,507,477,30,272,254,18,253,238,15,21.3700906,74.240336
MAHARASHTRA,Urban,Nandurbar,Car/Jeep/Van,828,752,76,0,0,0,102,93,9,223,194,29,62,56,6,100,90,10,74,66,8,134,126,8,104,99,5,29,28,1,21.3700906,74.240336
MAHARASHTRA,Urban,Nandurbar,Tempo/Autorickshaw/Taxi,1763,1508,255,0,0,0,265,241,24,717,579,138,273,221,52,178,154,24,74,70,4,105,101,4,91,86,5,60,56,4,21.3700906,74.240336
MAHARASHTRA,Urban,Nandurbar,Bus,3215,2490,725,0,0,0,141,100,41,374,236,138,462,314,148,600,441,159,427,344,83,553,477,76,620,546,74,38,32,6,21.3700906,74.240336
MAHARASHTRA,Urban,Nandurbar,Train,313,285,28,0,0,0,44,40,4,41,36,5,18,17,1,14,13,1,3,1,2,38,29,9,136,132,4,19,17,2,21.3700906,74.240336
MAHARASHTRA,Urban,Nandurbar,Water transport,15,14,1,0,0,0,3,3,0,4,4,0,2,2,0,1,1,0,0,0,0,1,1,0,4,3,1,0,0,0,21.3700906,74.240336
MAHARASHTRA,Urban,Nandurbar,Any other,273,256,17,0,0,0,55,54,1,92,83,9,30,29,1,7,7,0,6,6,0,17,15,2,37,35,2,29,27,2,21.3700906,74.240336
MAHARASHTRA,Urban,Nandurbar,No travel,24699,17511,7188,24699,17511,7188,0,0,0,0,0,0,0,0,0,0,0,0,0,0,0,0,0,0,0,0,0,0,0,0,21.3700906,74.240336
MAHARASHTRA,Total,Kolhapur,All Modes,717222,571106,146116,194749,129430,65319,114609,88400,26209,177145,149172,27973,103188,88416,14772,55848,50632,5216,30020,27418,2602,19380,17652,1728,12404,11180,1224,9879,8806,1073,16.7049873,74.2432527
MAHARASHTRA,Total,Kolhapur,On foot,136730,94527,42203,0,0,0,74950,52552,22398,40764,27057,13707,21016,14918,6098,0,0,0,0,0,0,0,0,0,0,0,0,0,0,0,16.7049873,74.2432527
MAHARASHTRA,Total,Kolhapur,Bicycle,94744,90731,4013,0,0,0,14291,13623,668,52019,49911,2108,17579,16933,646,5285,5064,221,5570,5200,370,0,0,0,0,0,0,0,0,0,16.7049873,74.2432527
MAHARASHTRA,Total,Kolhapur,Moped/Scooter/Motor Cycle,168596,154809,13787,0,0,0,19020,17108,1912,60092,54216,5876,38025,35067,2958,26567,25026,1541,11125,10536,589,7187,6807,380,2163,2007,156,4417,4042,375,16.7049873,74.2432527
MAHARASHTRA,Total,Kolhapur,Car/Jeep/Van,13451,11757,1694,0,0,0,1272,1081,191,3936,3310,626,2481,2161,320,2199,1982,217,1096,987,109,1123,1031,92,799,723,76,545,482,63,16.7049873,74.2432527
MAHARASHTRA,Total,Kolhapur,Tempo/Autorickshaw/Taxi,18498,16064,2434,0,0,0,1595,1410,185,4756,3713,1043,4462,3854,608,3300,2995,305,1453,1345,108,1233,1169,64,673,629,44,1026,949,77,16.7049873,74.2432527
MAHARASHTRA,Total,Kolhapur,Bus,81446,66002,15444,0,0,0,2738,2014,724,13942,9699,4243,18273,14320,3953,17272,14479,2793,10037,8687,1350,8681,7589,1092,7429,6611,818,3074,2603,471,16.7049873,74.2432527
MAHARASHTRA,Total,Kolhapur,Train,4338,3755,583,0,0,0,317,257,60,520,403,117,514,436,78,540,481,59,442,384,58,716,634,82,879,791,88,410,369,41,16.7049873,74.2432527
MAHARASHTRA,Total,Kolhapur,Water transport,195,172,23,0,0,0,42,31,11,33,32,1,32,28,4,24,20,4,7,7,0,10,10,0,25,25,0,22,19,3,16.7049873,74.2432527
MAHARASHTRA,Total,Kolhapur,Any other,4475,3859,616,0,0,0,384,324,60,1083,831,252,806,699,107,661,585,76,290,272,18,430,412,18,436,394,42,385,342,43,16.7049873,74.2432527
MAHARASHTRA,Total,Kolhapur,No travel,194749,129430,65319,194749,129430,65319,0,0,0,0,0,0,0,0,0,0,0,0,0,0,0,0,0,0,0,0,0,0,0,0,16.7049873,74.2432527
MAHARASHTRA,Rural,Kolhapur,All Modes,330724,257915,72809,117186,73726,43460,37576,28248,9328,52503,44901,7602,46112,39910,6202,34312,31453,2859,19241,17836,1405,12047,11175,872,6855,6271,584,4892,4395,497,16.7049873,74.2432527
MAHARASHTRA,Rural,Kolhapur,On foot,50603,35144,15459,0,0,0,27567,19170,8397,13074,8913,4161,9962,7061,2901,0,0,0,0,0,0,0,0,0,0,0,0,0,0,0,16.7049873,74.2432527
MAHARASHTRA,Rural,Kolhapur,Bicycle,34363,32948,1415,0,0,0,3468,3287,181,16271,15634,637,8816,8520,296,3295,3161,134,2513,2346,167,0,0,0,0,0,0,0,0,0,16.7049873,74.2432527
MAHARASHTRA,Rural,Kolhapur,Moped/Scooter/Motor Cycle,68360,64215,4145,0,0,0,4563,4187,376,15941,14799,1142,15830,14835,995,16495,15638,857,7858,7501,357,4457,4268,189,1178,1093,85,2038,1894,144,16.7049873,74.2432527
MAHARASHTRA,Rural,Kolhapur,Car/Jeep/Van,3952,3443,509,0,0,0,292,253,39,639,506,133,661,566,95,843,749,94,506,448,58,486,456,30,280,254,26,245,211,34,16.7049873,74.2432527
MAHARASHTRA,Rural,Kolhapur,Tempo/Autorickshaw/Taxi,6794,5967,827,0,0,0,358,316,42,1297,1049,248,1632,1407,225,1598,1431,167,691,637,54,529,502,27,312,286,26,377,339,38,16.7049873,74.2432527
MAHARASHTRA,Rural,Kolhapur,Bus,44779,38377,6402,0,0,0,1030,792,238,4660,3533,1127,8470,6878,1592,11157,9650,1507,7217,6490,727,6053,5458,595,4417,4025,392,1775,1551,224,16.7049873,74.2432527
MAHARASHTRA,Rural,Kolhapur,Train,2181,1937,244,0,0,0,110,85,25,174,140,34,332,282,50,425,385,40,263,233,30,244,226,18,411,384,27,222,202,20,16.7049873,74.2432527
MAHARASHTRA,Rural,Kolhapur,Water transport,102,90,12,0,0,0,20,14,6,14,14,0,19,16,3,15,14,1,6,6,0,7,7,0,11,11,0,10,8,2,16.7049873,74.2432527
MAHARASHTRA,Rural,Kolhapur,Any other,2404,2068,336,0,0,0,168,144,24,433,313,120,390,345,45,484,425,59,187,175,12,271,258,13,246,218,28,225,190,35,16.7049873,74.2432527
MAHARASHTRA,Rural,Kolhapur,No travel,117186,73726,43460,117186,73726,43460,0,0,0,0,0,0,0,0,0,0,0,0,0,0,0,0,0,0,0,0,0,0,0,0,16.7049873,74.2432527
MAHARASHTRA,Urban,Kolhapur,All Modes,386498,313191,73307,77563,55704,21859,77033,60152,16881,124642,104271,20371,57076,48506,8570,21536,19179,2357,10779,9582,1197,7333,6477,856,5549,4909,640,4987,4411,576,16.7049873,74.2432527
MAHARASHTRA,Urban,Kolhapur,On foot,86127,59383,26744,0,0,0,47383,33382,14001,27690,18144,9546,11054,7857,3197,0,0,0,0,0,0,0,0,0,0,0,0,0,0,0,16.7049873,74.2432527
MAHARASHTRA,Urban,Kolhapur,Bicycle,60381,57783,2598,0,0,0,10823,10336,487,35748,34277,1471,8763,8413,350,1990,1903,87,3057,2854,203,0,0,0,0,0,0,0,0,0,16.7049873,74.2432527
MAHARASHTRA,Urban,Kolhapur,Moped/Scooter/Motor Cycle,100236,90594,9642,0,0,0,14457,12921,1536,44151,39417,4734,22195,20232,1963,10072,9388,684,3267,3035,232,2730,2539,191,985,914,71,2379,2148,231,16.7049873,74.2432527
MAHARASHTRA,Urban,Kolhapur,Car/Jeep/Van,9499,8314,1185,0,0,0,980,828,152,3297,2804,493,1820,1595,225,1356,1233,123,590,539,51,637,575,62,519,469,50,300,271,29,16.7049873,74.2432527
MAHARASHTRA,Urban,Kolhapur,Tempo/Autorickshaw/Taxi,11704,10097,1607,0,0,0,1237,1094,143,3459,2664,795,2830,2447,383,1702,1564,138,762,708,54,704,667,37,361,343,18,649,610,39,16.7049873,74.2432527
MAHARASHTRA,Urban,Kolhapur,Bus,36667,27625,9042,0,0,0,1708,1222,486,9282,6166,3116,9803,7442,2361,6115,4829,1286,2820,2197,623,2628,2131,497,3012,2586,426,1299,1052,247,16.7049873,74.2432527
MAHARASHTRA,Urban,Kolhapur,Train,2157,1818,339,0,0,0,207,172,35,346,263,83,182,154,28,115,96,19,179,151,28,472,408,64,468,407,61,188,167,21,16.7049873,74.2432527
MAHARASHTRA,Urban,Kolhapur,Water transport,93,82,11,0,0,0,22,17,5,19,18,1,13,12,1,9,6,3,1,1,0,3,3,0,14,14,0,12,11,1,16.7049873,74.2432527
MAHARASHTRA,Urban,Kolhapur,Any other,2071,1791,280,0,0,0,216,180,36,650,518,132,416,354,62,177,160,17,103,97,6,159,154,5,190,176,14,160,152,8,16.7049873,74.2432527
MAHARASHTRA,Urban,Kolhapur,No travel,77563,55704,21859,77563,55704,21859,0,0,0,0,0,0,0,0,0,0,0,0,0,0,0,0,0,0,0,0,0,0,0,0,16.7049873,74.2432527
JAMMU & KASHMIR,Total,Kupwara,All Modes,129679,109983,19696,84551,71107,13444,11059,8504,2555,11962,10460,1502,11219,9787,1432,3280,2994,286,1418,1315,103,1144,1075,69,3112,2946,166,1934,1795,139,34.5261786,74.2546136
JAMMU & KASHMIR,Total,Kupwara,On foot,22141,17851,4290,0,0,0,9406,7034,2372,7175,6205,970,5560,4612,948,0,0,0,0,0,0,0,0,0,0,0,0,0,0,0,34.5261786,74.2546136
JAMMU & KASHMIR,Total,Kupwara,Bicycle,586,553,33,0,0,0,71,63,8,250,240,10,94,90,4,38,38,0,133,122,11,0,0,0,0,0,0,0,0,0,34.5261786,74.2546136
JAMMU & KASHMIR,Total,Kupwara,Moped/Scooter/Motor Cycle,545,507,38,0,0,0,53,46,7,169,158,11,133,127,6,54,52,2,21,20,1,15,14,1,30,30,0,70,60,10,34.5261786,74.2546136
JAMMU & KASHMIR,Total,Kupwara,Car/Jeep/Van,2750,2473,277,0,0,0,245,213,32,632,565,67,564,510,54,368,335,33,172,157,15,159,145,14,441,396,45,169,152,17,34.5261786,74.2546136
JAMMU & KASHMIR,Total,Kupwara,Tempo/Autorickshaw/Taxi,961,835,126,0,0,0,67,57,10,280,231,49,245,216,29,105,97,8,28,25,3,31,28,3,118,106,12,87,75,12,34.5261786,74.2546136
JAMMU & KASHMIR,Total,Kupwara,Bus,16394,14966,1428,0,0,0,1132,1014,118,3228,2841,387,4367,3987,380,2613,2375,238,1009,936,73,898,849,49,2225,2123,102,922,841,81,34.5261786,74.2546136
JAMMU & KASHMIR,Total,Kupwara,Train,1198,1171,27,0,0,0,48,44,4,127,123,4,134,130,4,16,15,1,17,17,0,12,12,0,233,228,5,611,602,9,34.5261786,74.2546136
JAMMU & KASHMIR,Total,Kupwara,Water transport,76,68,8,0,0,0,10,8,2,19,18,1,9,9,0,10,9,1,0,0,0,2,1,1,9,9,0,17,14,3,34.5261786,74.2546136
JAMMU & KASHMIR,Total,Kupwara,Any other,477,452,25,0,0,0,27,25,2,82,79,3,113,106,7,76,73,3,38,38,0,27,26,1,56,54,2,58,51,7,34.5261786,74.2546136
JAMMU & KASHMIR,Total,Kupwara,No travel,84551,71107,13444,84551,71107,13444,0,0,0,0,0,0,0,0,0,0,0,0,0,0,0,0,0,0,0,0,0,0,0,0,34.5261786,74.2546136
JAMMU & KASHMIR,Rural,Kupwara,All Modes,102348,85955,16393,63971,52810,11161,8829,6667,2162,10214,8990,1224,9702,8506,1196,2886,2642,244,1290,1191,99,1006,948,58,2762,2625,137,1688,1576,112,34.5261786,74.2546136
JAMMU & KASHMIR,Rural,Kupwara,On foot,18447,14810,3637,0,0,0,7496,5481,2015,6211,5405,806,4740,3924,816,0,0,0,0,0,0,0,0,0,0,0,0,0,0,0,34.5261786,74.2546136
JAMMU & KASHMIR,Rural,Kupwara,Bicycle,503,472,31,0,0,0,58,50,8,207,199,8,88,84,4,32,32,0,118,107,11,0,0,0,0,0,0,0,0,0,34.5261786,74.2546136
JAMMU & KASHMIR,Rural,Kupwara,Moped/Scooter/Motor Cycle,415,387,28,0,0,0,33,28,5,124,116,8,112,107,5,48,46,2,15,14,1,13,12,1,26,26,0,44,38,6,34.5261786,74.2546136
JAMMU & KASHMIR,Rural,Kupwara,Car/Jeep/Van,2238,2024,214,0,0,0,183,156,27,495,447,48,465,422,43,305,281,24,156,142,14,141,129,12,365,330,35,128,117,11,34.5261786,74.2546136
JAMMU & KASHMIR,Rural,Kupwara,Tempo/Autorickshaw/Taxi,798,703,95,0,0,0,55,47,8,237,201,36,206,184,22,87,82,5,26,23,3,20,19,1,96,87,9,71,60,11,34.5261786,74.2546136
JAMMU & KASHMIR,Rural,Kupwara,Bus,14313,13139,1174,0,0,0,933,841,92,2734,2424,310,3847,3551,296,2317,2107,210,921,851,70,792,750,42,1993,1906,87,776,709,67,34.5261786,74.2546136
JAMMU & KASHMIR,Rural,Kupwara,Train,1147,1123,24,0,0,0,38,35,3,117,113,4,127,123,4,15,14,1,17,17,0,12,12,0,221,216,5,600,593,7,34.5261786,74.2546136
JAMMU & KASHMIR,Rural,Kupwara,Water transport,65,57,8,0,0,0,8,6,2,16,15,1,9,9,0,9,8,1,0,0,0,2,1,1,7,7,0,14,11,3,34.5261786,74.2546136
JAMMU & KASHMIR,Rural,Kupwara,Any other,451,430,21,0,0,0,25,23,2,73,70,3,108,102,6,73,72,1,37,37,0,26,25,1,54,53,1,55,48,7,34.5261786,74.2546136
JAMMU & KASHMIR,Rural,Kupwara,No travel,63971,52810,11161,63971,52810,11161,0,0,0,0,0,0,0,0,0,0,0,0,0,0,0,0,0,0,0,0,0,0,0,0,34.5261786,74.2546136
JAMMU & KASHMIR,Urban,Kupwara,All Modes,27331,24028,3303,20580,18297,2283,2230,1837,393,1748,1470,278,1517,1281,236,394,352,42,128,124,4,138,127,11,350,321,29,246,219,27,34.5261786,74.2546136
JAMMU & KASHMIR,Urban,Kupwara,On foot,3694,3041,653,0,0,0,1910,1553,357,964,800,164,820,688,132,0,0,0,0,0,0,0,0,0,0,0,0,0,0,0,34.5261786,74.2546136
JAMMU & KASHMIR,Urban,Kupwara,Bicycle,83,81,2,0,0,0,13,13,0,43,41,2,6,6,0,6,6,0,15,15,0,0,0,0,0,0,0,0,0,0,34.5261786,74.2546136
JAMMU & KASHMIR,Urban,Kupwara,Moped/Scooter/Motor Cycle,130,120,10,0,0,0,20,18,2,45,42,3,21,20,1,6,6,0,6,6,0,2,2,0,4,4,0,26,22,4,34.5261786,74.2546136
JAMMU & KASHMIR,Urban,Kupwara,Car/Jeep/Van,512,449,63,0,0,0,62,57,5,137,118,19,99,88,11,63,54,9,16,15,1,18,16,2,76,66,10,41,35,6,34.5261786,74.2546136
JAMMU & KASHMIR,Urban,Kupwara,Tempo/Autorickshaw/Taxi,163,132,31,0,0,0,12,10,2,43,30,13,39,32,7,18,15,3,2,2,0,11,9,2,22,19,3,16,15,1,34.5261786,74.2546136
JAMMU & KASHMIR,Urban,Kupwara,Bus,2081,1827,254,0,0,0,199,173,26,494,417,77,520,436,84,296,268,28,88,85,3,106,99,7,232,217,15,146,132,14,34.5261786,74.2546136
JAMMU & KASHMIR,Urban,Kupwara,Train,51,48,3,0,0,0,10,9,1,10,10,0,7,7,0,1,1,0,0,0,0,0,0,0,12,12,0,11,9,2,34.5261786,74.2546136
JAMMU & KASHMIR,Urban,Kupwara,Water transport,11,11,0,0,0,0,2,2,0,3,3,0,0,0,0,1,1,0,0,0,0,0,0,0,2,2,0,3,3,0,34.5261786,74.2546136
JAMMU & KASHMIR,Urban,Kupwara,Any other,26,22,4,0,0,0,2,2,0,9,9,0,5,4,1,3,1,2,1,1,0,1,1,0,2,1,1,3,3,0,34.5261786,74.2546136
JAMMU & KASHMIR,Urban,Kupwara,No travel,20580,18297,2283,20580,18297,2283,0,0,0,0,0,0,0,0,0,0,0,0,0,0,0,0,0,0,0,0,0,0,0,0,34.5261786,74.2546136
GUJARAT,Total,Dohad,All Modes,163100,113226,49874,58946,33041,25905,21267,16036,5231,32645,25346,7299,17167,12671,4496,11097,8477,2620,4358,3569,789,3197,2672,525,10569,8539,2030,3854,2875,979,22.8239711,74.2699786
GUJARAT,Total,Dohad,On foot,29392,20699,8693,0,0,0,13931,9623,4308,11778,8537,3241,3683,2539,1144,0,0,0,0,0,0,0,0,0,0,0,0,0,0,0,22.8239711,74.2699786
GUJARAT,Total,Dohad,Bicycle,8597,7758,839,0,0,0,1228,1133,95,4961,4461,500,1537,1392,145,383,354,29,488,418,70,0,0,0,0,0,0,0,0,0,22.8239711,74.2699786
GUJARAT,Total,Dohad,Moped/Scooter/Motor Cycle,21597,18785,2812,0,0,0,4047,3738,309,9158,7947,1211,3390,2825,565,2606,2206,400,981,841,140,662,571,91,290,261,29,463,396,67,22.8239711,74.2699786
GUJARAT,Total,Dohad,Car/Jeep/Van,6289,4419,1870,0,0,0,393,287,106,1156,715,441,1985,1310,675,1779,1323,456,370,313,57,213,170,43,149,134,15,244,167,77,22.8239711,74.2699786
GUJARAT,Total,Dohad,Tempo/Autorickshaw/Taxi,13643,9429,4214,0,0,0,592,421,171,4348,2798,1550,4380,3085,1295,3069,2163,906,431,318,113,238,197,41,225,193,32,360,254,106,22.8239711,74.2699786
GUJARAT,Total,Dohad,Bus,20399,15507,4892,0,0,0,772,571,201,991,673,318,1977,1342,635,2998,2216,782,1834,1455,379,1684,1366,318,7869,6253,1616,2274,1631,643,22.8239711,74.2699786
GUJARAT,Total,Dohad,Train,3525,2944,581,0,0,0,170,143,27,129,102,27,106,85,21,173,142,31,177,151,26,356,327,29,1957,1622,335,457,372,85,22.8239711,74.2699786
GUJARAT,Total,Dohad,Water transport,38,27,11,0,0,0,12,7,5,3,3,0,7,4,3,1,1,0,4,4,0,3,2,1,5,4,1,3,2,1,22.8239711,74.2699786
GUJARAT,Total,Dohad,Any other,674,617,57,0,0,0,122,113,9,121,110,11,102,89,13,88,72,16,73,69,4,41,39,2,74,72,2,53,53,0,22.8239711,74.2699786
GUJARAT,Total,Dohad,No travel,58946,33041,25905,58946,33041,25905,0,0,0,0,0,0,0,0,0,0,0,0,0,0,0,0,0,0,0,0,0,0,0,0,22.8239711,74.2699786
GUJARAT,Rural,Dohad,All Modes,112162,71323,40839,44396,22501,21895,9875,6001,3874,16095,11052,5043,13671,9784,3887,9482,7205,2277,3472,2809,663,2395,1950,445,9534,7667,1867,3242,2354,888,22.8239711,74.2699786
GUJARAT,Rural,Dohad,On foot,15439,8993,6446,0,0,0,7222,3986,3236,5753,3513,2240,2464,1494,970,0,0,0,0,0,0,0,0,0,0,0,0,0,0,0,22.8239711,74.2699786
GUJARAT,Rural,Dohad,Bicycle,4850,4253,597,0,0,0,294,226,68,2638,2315,323,1256,1129,127,327,301,26,335,282,53,0,0,0,0,0,0,0,0,0,22.8239711,74.2699786
GUJARAT,Rural,Dohad,Moped/Scooter/Motor Cycle,8852,7363,1489,0,0,0,771,653,118,2514,1996,518,2184,1833,351,1765,1521,244,720,603,117,481,399,82,206,184,22,211,174,37,22.8239711,74.2699786
GUJARAT,Rural,Dohad,Car/Jeep/Van,5563,3810,1753,0,0,0,301,204,97,968,565,403,1874,1222,652,1641,1214,427,308,258,50,149,110,39,114,101,13,208,136,72,22.8239711,74.2699786
GUJARAT,Rural,Dohad,Tempo/Autorickshaw/Taxi,11562,7795,3767,0,0,0,406,268,138,3254,1989,1265,3964,2759,1205,2945,2061,884,366,257,109,169,132,37,175,144,31,283,185,98,22.8239711,74.2699786
GUJARAT,Rural,Dohad,Bus,18077,13753,4324,0,0,0,701,516,185,806,544,262,1746,1196,550,2571,1915,656,1527,1215,312,1286,1029,257,7319,5826,1493,2121,1512,609,22.8239711,74.2699786
GUJARAT,Rural,Dohad,Train,2937,2428,509,0,0,0,126,102,24,82,60,22,92,74,18,147,123,24,142,124,18,283,256,27,1682,1377,305,383,312,71,22.8239711,74.2699786
GUJARAT,Rural,Dohad,Water transport,34,23,11,0,0,0,10,5,5,2,2,0,7,4,3,1,1,0,3,3,0,3,2,1,5,4,1,3,2,1,22.8239711,74.2699786
GUJARAT,Rural,Dohad,Any other,452,404,48,0,0,0,44,41,3,78,68,10,84,73,11,85,69,16,71,67,4,24,22,2,33,31,2,33,33,0,22.8239711,74.2699786
GUJARAT,Rural,Dohad,No travel,44396,22501,21895,44396,22501,21895,0,0,0,0,0,0,0,0,0,0,0,0,0,0,0,0,0,0,0,0,0,0,0,0,22.8239711,74.2699786
GUJARAT,Urban,Dohad,All Modes,50938,41903,9035,14550,10540,4010,11392,10035,1357,16550,14294,2256,3496,2887,609,1615,1272,343,886,760,126,802,722,80,1035,872,163,612,521,91,22.8239711,74.2699786
GUJARAT,Urban,Dohad,On foot,13953,11706,2247,0,0,0,6709,5637,1072,6025,5024,1001,1219,1045,174,0,0,0,0,0,0,0,0,0,0,0,0,0,0,0,22.8239711,74.2699786
GUJARAT,Urban,Dohad,Bicycle,3747,3505,242,0,0,0,934,907,27,2323,2146,177,281,263,18,56,53,3,153,136,17,0,0,0,0,0,0,0,0,0,22.8239711,74.2699786
GUJARAT,Urban,Dohad,Moped/Scooter/Motor Cycle,12745,11422,1323,0,0,0,3276,3085,191,6644,5951,693,1206,992,214,841,685,156,261,238,23,181,172,9,84,77,7,252,222,30,22.8239711,74.2699786
GUJARAT,Urban,Dohad,Car/Jeep/Van,726,609,117,0,0,0,92,83,9,188,150,38,111,88,23,138,109,29,62,55,7,64,60,4,35,33,2,36,31,5,22.8239711,74.2699786
GUJARAT,Urban,Dohad,Tempo/Autorickshaw/Taxi,2081,1634,447,0,0,0,186,153,33,1094,809,285,416,326,90,124,102,22,65,61,4,69,65,4,50,49,1,77,69,8,22.8239711,74.2699786
GUJARAT,Urban,Dohad,Bus,2322,1754,568,0,0,0,71,55,16,185,129,56,231,146,85,427,301,126,307,240,67,398,337,61,550,427,123,153,119,34,22.8239711,74.2699786
GUJARAT,Urban,Dohad,Train,588,516,72,0,0,0,44,41,3,47,42,5,14,11,3,26,19,7,35,27,8,73,71,2,275,245,30,74,60,14,22.8239711,74.2699786
GUJARAT,Urban,Dohad,Water transport,4,4,0,0,0,0,2,2,0,1,1,0,0,0,0,0,0,0,1,1,0,0,0,0,0,0,0,0,0,0,22.8239711,74.2699786
GUJARAT,Urban,Dohad,Any other,222,213,9,0,0,0,78,72,6,43,42,1,18,16,2,3,3,0,2,2,0,17,17,0,41,41,0,20,20,0,22.8239711,74.2699786
GUJARAT,Urban,Dohad,No travel,14550,10540,4010,14550,10540,4010,0,0,0,0,0,0,0,0,0,0,0,0,0,0,0,0,0,0,0,0,0,0,0,0,22.8239711,74.2699786
JAMMU & KASHMIR,Total,Rajouri,All Modes,125713,84736,40977,60074,43120,16954,22571,8479,14092,16167,11726,4441,13402,9530,3872,4116,3512,604,2398,2055,343,1711,1519,192,3878,3631,247,1396,1164,232,33.3716143,74.315191
JAMMU & KASHMIR,Total,Rajouri,On foot,42025,21560,20465,0,0,0,21536,7778,13758,12410,8762,3648,8079,5020,3059,0,0,0,0,0,0,0,0,0,0,0,0,0,0,0,33.3716143,74.315191
JAMMU & KASHMIR,Total,Rajouri,Bicycle,560,365,195,0,0,0,162,66,96,167,125,42,65,57,8,31,29,2,135,88,47,0,0,0,0,0,0,0,0,0,33.3716143,74.315191
JAMMU & KASHMIR,Total,Rajouri,Moped/Scooter/Motor Cycle,1846,1694,152,0,0,0,153,128,25,568,518,50,443,412,31,337,319,18,136,131,5,63,58,5,62,56,6,84,72,12,33.3716143,74.315191
JAMMU & KASHMIR,Total,Rajouri,Car/Jeep/Van,1346,1073,273,0,0,0,144,93,51,351,274,77,208,177,31,180,146,34,118,104,14,93,86,7,158,131,27,94,62,32,33.3716143,74.315191
JAMMU & KASHMIR,Total,Rajouri,Tempo/Autorickshaw/Taxi,2051,1683,368,0,0,0,67,49,18,438,322,116,474,388,86,249,204,45,232,193,39,119,110,9,307,286,21,165,131,34,33.3716143,74.315191
JAMMU & KASHMIR,Total,Rajouri,Bus,16690,14301,2389,0,0,0,402,320,82,2102,1633,469,4046,3399,647,3266,2768,498,1758,1522,236,1407,1238,169,2916,2734,182,793,687,106,33.3716143,74.315191
JAMMU & KASHMIR,Total,Rajouri,Train,863,734,129,0,0,0,82,31,51,89,57,32,53,50,3,25,23,2,11,10,1,10,9,1,390,381,9,203,173,30,33.3716143,74.315191
JAMMU & KASHMIR,Total,Rajouri,Water transport,89,52,37,0,0,0,13,5,8,12,8,4,17,12,5,8,6,2,2,2,0,3,2,1,8,6,2,26,11,15,33.3716143,74.315191
JAMMU & KASHMIR,Total,Rajouri,Any other,169,154,15,0,0,0,12,9,3,30,27,3,17,15,2,20,17,3,6,5,1,16,16,0,37,37,0,31,28,3,33.3716143,74.315191
JAMMU & KASHMIR,Total,Rajouri,No travel,60074,43120,16954,60074,43120,16954,0,0,0,0,0,0,0,0,0,0,0,0,0,0,0,0,0,0,0,0,0,0,0,0,33.3716143,74.315191
JAMMU & KASHMIR,Rural,Rajouri,All Modes,99440,61462,37978,41184,25645,15539,20027,6348,13679,14304,10271,4033,11960,8470,3490,3623,3212,411,2157,1875,282,1487,1342,145,3469,3272,197,1229,1027,202,33.3716143,74.315191
JAMMU & KASHMIR,Rural,Rajouri,On foot,37777,18025,19752,0,0,0,19204,5825,13379,11212,7785,3427,7361,4415,2946,0,0,0,0,0,0,0,0,0,0,0,0,0,0,0,33.3716143,74.315191
JAMMU & KASHMIR,Rural,Rajouri,Bicycle,486,303,183,0,0,0,132,42,90,146,106,40,61,53,8,30,28,2,117,74,43,0,0,0,0,0,0,0,0,0,33.3716143,74.315191
JAMMU & KASHMIR,Rural,Rajouri,Moped/Scooter/Motor Cycle,1494,1377,117,0,0,0,93,74,19,442,402,40,375,353,22,300,286,14,111,108,3,52,49,3,54,49,5,67,56,11,33.3716143,74.315191
JAMMU & KASHMIR,Rural,Rajouri,Car/Jeep/Van,1020,798,222,0,0,0,103,56,47,253,189,64,157,133,24,141,119,22,92,80,12,76,71,5,120,103,17,78,47,31,33.3716143,74.315191
JAMMU & KASHMIR,Rural,Rajouri,Tempo/Autorickshaw/Taxi,1810,1556,254,0,0,0,55,42,13,351,279,72,415,359,56,216,192,24,222,189,33,110,104,6,290,271,19,151,120,31,33.3716143,74.315191
JAMMU & KASHMIR,Rural,Rajouri,Bus,14657,12916,1741,0,0,0,343,272,71,1782,1428,354,3512,3085,427,2887,2544,343,1597,1408,189,1221,1092,129,2601,2456,145,714,631,83,33.3716143,74.315191
JAMMU & KASHMIR,Rural,Rajouri,Train,778,654,124,0,0,0,75,26,49,82,52,30,48,45,3,25,23,2,10,9,1,10,9,1,362,353,9,166,137,29,33.3716143,74.315191
JAMMU & KASHMIR,Rural,Rajouri,Water transport,77,44,33,0,0,0,12,4,8,9,6,3,15,12,3,6,5,1,2,2,0,2,1,1,7,5,2,24,9,15,33.3716143,74.315191
JAMMU & KASHMIR,Rural,Rajouri,Any other,157,144,13,0,0,0,10,7,3,27,24,3,16,15,1,18,15,3,6,5,1,16,16,0,35,35,0,29,27,2,33.3716143,74.315191
JAMMU & KASHMIR,Rural,Rajouri,No travel,41184,25645,15539,41184,25645,15539,0,0,0,0,0,0,0,0,0,0,0,0,0,0,0,0,0,0,0,0,0,0,0,0,33.3716143,74.315191
JAMMU & KASHMIR,Urban,Rajouri,All Modes,26273,23274,2999,18890,17475,1415,2544,2131,413,1863,1455,408,1442,1060,382,493,300,193,241,180,61,224,177,47,409,359,50,167,137,30,33.3716143,74.315191
JAMMU & KASHMIR,Urban,Rajouri,On foot,4248,3535,713,0,0,0,2332,1953,379,1198,977,221,718,605,113,0,0,0,0,0,0,0,0,0,0,0,0,0,0,0,33.3716143,74.315191
JAMMU & KASHMIR,Urban,Rajouri,Bicycle,74,62,12,0,0,0,30,24,6,21,19,2,4,4,0,1,1,0,18,14,4,0,0,0,0,0,0,0,0,0,33.3716143,74.315191
JAMMU & KASHMIR,Urban,Rajouri,Moped/Scooter/Motor Cycle,352,317,35,0,0,0,60,54,6,126,116,10,68,59,9,37,33,4,25,23,2,11,9,2,8,7,1,17,16,1,33.3716143,74.315191
JAMMU & KASHMIR,Urban,Rajouri,Car/Jeep/Van,326,275,51,0,0,0,41,37,4,98,85,13,51,44,7,39,27,12,26,24,2,17,15,2,38,28,10,16,15,1,33.3716143,74.315191
JAMMU & KASHMIR,Urban,Rajouri,Tempo/Autorickshaw/Taxi,241,127,114,0,0,0,12,7,5,87,43,44,59,29,30,33,12,21,10,4,6,9,6,3,17,15,2,14,11,3,33.3716143,74.315191
JAMMU & KASHMIR,Urban,Rajouri,Bus,2033,1385,648,0,0,0,59,48,11,320,205,115,534,314,220,379,224,155,161,114,47,186,146,40,315,278,37,79,56,23,33.3716143,74.315191
JAMMU & KASHMIR,Urban,Rajouri,Train,85,80,5,0,0,0,7,5,2,7,5,2,5,5,0,0,0,0,1,1,0,0,0,0,28,28,0,37,36,1,33.3716143,74.315191
JAMMU & KASHMIR,Urban,Rajouri,Water transport,12,8,4,0,0,0,1,1,0,3,2,1,2,0,2,2,1,1,0,0,0,1,1,0,1,1,0,2,2,0,33.3716143,74.315191
JAMMU & KASHMIR,Urban,Rajouri,Any other,12,10,2,0,0,0,2,2,0,3,3,0,1,0,1,2,2,0,0,0,0,0,0,0,2,2,0,2,1,1,33.3716143,74.315191
JAMMU & KASHMIR,Urban,Rajouri,No travel,18890,17475,1415,18890,17475,1415,0,0,0,0,0,0,0,0,0,0,0,0,0,0,0,0,0,0,0,0,0,0,0,0,33.3716143,74.315191
RAJASTHAN,Total,Hanumangarh,All Modes,284136,180205,103931,142119,63822,78297,46985,36257,10728,48002,38766,9236,21459,17913,3546,9271,8554,717,5806,5409,397,3312,3056,256,3868,3522,346,3314,2906,408,29.5815012,74.3294199
RAJASTHAN,Total,Hanumangarh,On foot,69083,49105,19978,0,0,0,35668,25910,9758,23732,16202,7530,9683,6993,2690,0,0,0,0,0,0,0,0,0,0,0,0,0,0,0,29.5815012,74.3294199
RAJASTHAN,Total,Hanumangarh,Bicycle,19669,18946,723,0,0,0,3867,3698,169,10562,10190,372,2939,2866,73,670,647,23,1631,1545,86,0,0,0,0,0,0,0,0,0,29.5815012,74.3294199
RAJASTHAN,Total,Hanumangarh,Moped/Scooter/Motor Cycle,24622,23302,1320,0,0,0,5154,4838,316,8656,8216,440,4094,3909,185,2970,2837,133,1138,1080,58,859,808,51,323,295,28,1428,1319,109,29.5815012,74.3294199
RAJASTHAN,Total,Hanumangarh,Car/Jeep/Van,3455,3141,314,0,0,0,492,431,61,757,679,78,531,472,59,578,518,60,279,261,18,294,282,12,303,291,12,221,207,14,29.5815012,74.3294199
RAJASTHAN,Total,Hanumangarh,Tempo/Autorickshaw/Taxi,3707,3217,490,0,0,0,326,264,62,1296,1057,239,1140,1034,106,468,441,27,156,149,7,79,68,11,63,54,9,179,150,29,29.5815012,74.3294199
RAJASTHAN,Total,Hanumangarh,Bus,16287,14214,2073,0,0,0,758,563,195,1544,1221,323,2441,2114,327,4154,3707,447,2340,2128,212,1713,1558,155,2253,2008,245,1084,915,169,29.5815012,74.3294199
RAJASTHAN,Total,Hanumangarh,Train,2189,1937,252,0,0,0,256,205,51,332,300,32,185,127,58,212,199,13,158,145,13,201,184,17,648,607,41,197,170,27,29.5815012,74.3294199
RAJASTHAN,Total,Hanumangarh,Water transport,131,85,46,0,0,0,69,36,33,13,13,0,6,4,2,7,7,0,1,1,0,2,2,0,13,9,4,20,13,7,29.5815012,74.3294199
RAJASTHAN,Total,Hanumangarh,Any other,2874,2436,438,0,0,0,395,312,83,1110,888,222,440,394,46,212,198,14,103,100,3,164,154,10,265,258,7,185,132,53,29.5815012,74.3294199
RAJASTHAN,Total,Hanumangarh,No travel,142119,63822,78297,142119,63822,78297,0,0,0,0,0,0,0,0,0,0,0,0,0,0,0,0,0,0,0,0,0,0,0,0,29.5815012,74.3294199
RAJASTHAN,Rural,Hanumangarh,All Modes,187046,97256,89790,117704,45772,71932,18594,11078,7516,20250,13656,6594,12978,10457,2521,7193,6814,379,3543,3348,195,2237,2090,147,2572,2352,220,1975,1689,286,29.5815012,74.3294199
RAJASTHAN,Rural,Hanumangarh,On foot,33326,18436,14890,0,0,0,15832,8900,6932,12230,6350,5880,5264,3186,2078,0,0,0,0,0,0,0,0,0,0,0,0,0,0,0,29.5815012,74.3294199
RAJASTHAN,Rural,Hanumangarh,Bicycle,6864,6502,362,0,0,0,692,608,84,3220,3062,158,1898,1856,42,455,438,17,599,538,61,0,0,0,0,0,0,0,0,0,29.5815012,74.3294199
RAJASTHAN,Rural,Hanumangarh,Moped/Scooter/Motor Cycle,9606,9032,574,0,0,0,788,631,157,2214,2092,122,2401,2332,69,2110,2040,70,795,765,30,510,477,33,188,167,21,600,528,72,29.5815012,74.3294199
RAJASTHAN,Rural,Hanumangarh,Car/Jeep/Van,2082,1894,188,0,0,0,189,159,30,300,262,38,369,329,40,490,441,49,215,205,10,192,184,8,196,190,6,131,124,7,29.5815012,74.3294199
RAJASTHAN,Rural,Hanumangarh,Tempo/Autorickshaw/Taxi,1915,1789,126,0,0,0,125,103,22,499,448,51,704,674,30,333,326,7,92,91,1,37,36,1,38,32,6,87,79,8,29.5815012,74.3294199
RAJASTHAN,Rural,Hanumangarh,Bus,12464,11317,1147,0,0,0,576,432,144,1140,970,170,1923,1755,168,3463,3251,212,1656,1572,84,1264,1173,91,1559,1403,156,883,761,122,29.5815012,74.3294199
RAJASTHAN,Rural,Hanumangarh,Train,1220,1048,172,0,0,0,101,59,42,118,103,15,119,68,51,172,161,11,107,101,6,101,95,6,374,353,21,128,108,20,29.5815012,74.3294199
RAJASTHAN,Rural,Hanumangarh,Water transport,90,48,42,0,0,0,51,21,30,5,5,0,4,3,1,5,5,0,1,1,0,2,2,0,10,6,4,12,5,7,29.5815012,74.3294199
RAJASTHAN,Rural,Hanumangarh,Any other,1775,1418,357,0,0,0,240,165,75,524,364,160,296,254,42,165,152,13,78,75,3,131,123,8,207,201,6,134,84,50,29.5815012,74.3294199
RAJASTHAN,Rural,Hanumangarh,No travel,117704,45772,71932,117704,45772,71932,0,0,0,0,0,0,0,0,0,0,0,0,0,0,0,0,0,0,0,0,0,0,0,0,29.5815012,74.3294199
RAJASTHAN,Urban,Hanumangarh,All Modes,97090,82949,14141,24415,18050,6365,28391,25179,3212,27752,25110,2642,8481,7456,1025,2078,1740,338,2263,2061,202,1075,966,109,1296,1170,126,1339,1217,122,29.5815012,74.3294199
RAJASTHAN,Urban,Hanumangarh,On foot,35757,30669,5088,0,0,0,19836,17010,2826,11502,9852,1650,4419,3807,612,0,0,0,0,0,0,0,0,0,0,0,0,0,0,0,29.5815012,74.3294199
RAJASTHAN,Urban,Hanumangarh,Bicycle,12805,12444,361,0,0,0,3175,3090,85,7342,7128,214,1041,1010,31,215,209,6,1032,1007,25,0,0,0,0,0,0,0,0,0,29.5815012,74.3294199
RAJASTHAN,Urban,Hanumangarh,Moped/Scooter/Motor Cycle,15016,14270,746,0,0,0,4366,4207,159,6442,6124,318,1693,1577,116,860,797,63,343,315,28,349,331,18,135,128,7,828,791,37,29.5815012,74.3294199
RAJASTHAN,Urban,Hanumangarh,Car/Jeep/Van,1373,1247,126,0,0,0,303,272,31,457,417,40,162,143,19,88,77,11,64,56,8,102,98,4,107,101,6,90,83,7,29.5815012,74.3294199
RAJASTHAN,Urban,Hanumangarh,Tempo/Autorickshaw/Taxi,1792,1428,364,0,0,0,201,161,40,797,609,188,436,360,76,135,115,20,64,58,6,42,32,10,25,22,3,92,71,21,29.5815012,74.3294199
RAJASTHAN,Urban,Hanumangarh,Bus,3823,2897,926,0,0,0,182,131,51,404,251,153,518,359,159,691,456,235,684,556,128,449,385,64,694,605,89,201,154,47,29.5815012,74.3294199
RAJASTHAN,Urban,Hanumangarh,Train,969,889,80,0,0,0,155,146,9,214,197,17,66,59,7,40,38,2,51,44,7,100,89,11,274,254,20,69,62,7,29.5815012,74.3294199
RAJASTHAN,Urban,Hanumangarh,Water transport,41,37,4,0,0,0,18,15,3,8,8,0,2,1,1,2,2,0,0,0,0,0,0,0,3,3,0,8,8,0,29.5815012,74.3294199
RAJASTHAN,Urban,Hanumangarh,Any other,1099,1018,81,0,0,0,155,147,8,586,524,62,144,140,4,47,46,1,25,25,0,33,31,2,58,57,1,51,48,3,29.5815012,74.3294199
RAJASTHAN,Urban,Hanumangarh,No travel,24415,18050,6365,24415,18050,6365,0,0,0,0,0,0,0,0,0,0,0,0,0,0,0,0,0,0,0,0,0,0,0,0,29.5815012,74.3294199
MADHYA PRADESH,Total,Alirajpur,All Modes,32645,22909,9736,14607,9691,4916,7639,5421,2218,4071,2897,1174,2556,1834,722,1697,1341,356,636,525,111,689,580,109,536,449,87,214,171,43,22.3059709,74.3558148
MADHYA PRADESH,Total,Alirajpur,On foot,9154,5965,3189,0,0,0,6159,4100,2059,2165,1349,816,830,516,314,0,0,0,0,0,0,0,0,0,0,0,0,0,0,0,22.3059709,74.3558148
MADHYA PRADESH,Total,Alirajpur,Bicycle,1005,929,76,0,0,0,228,218,10,462,429,33,178,161,17,66,60,6,71,61,10,0,0,0,0,0,0,0,0,0,22.3059709,74.3558148
MADHYA PRADESH,Total,Alirajpur,Moped/Scooter/Motor Cycle,3967,3535,432,0,0,0,1068,963,105,1046,890,156,744,654,90,617,568,49,176,166,10,129,122,7,73,72,1,114,100,14,22.3059709,74.3558148
MADHYA PRADESH,Total,Alirajpur,Car/Jeep/Van,401,354,47,0,0,0,72,61,11,48,39,9,50,41,9,71,64,7,38,36,2,53,52,1,55,50,5,14,11,3,22.3059709,74.3558148
MADHYA PRADESH,Total,Alirajpur,Tempo/Autorickshaw/Taxi,154,118,36,0,0,0,9,6,3,22,15,7,51,30,21,17,16,1,13,12,1,25,23,2,13,13,0,4,3,1,22.3059709,74.3558148
MADHYA PRADESH,Total,Alirajpur,Bus,3180,2155,1025,0,0,0,63,41,22,297,145,152,686,418,268,900,607,293,330,242,88,467,368,99,363,283,80,74,51,23,22.3059709,74.3558148
MADHYA PRADESH,Total,Alirajpur,Train,48,40,8,0,0,0,15,10,5,14,13,1,2,2,0,2,2,0,1,1,0,1,1,0,10,9,1,3,2,1,22.3059709,74.3558148
MADHYA PRADESH,Total,Alirajpur,Water transport,11,10,1,0,0,0,3,3,0,2,2,0,1,1,0,1,1,0,0,0,0,1,1,0,1,1,0,2,1,1,22.3059709,74.3558148
MADHYA PRADESH,Total,Alirajpur,Any other,118,112,6,0,0,0,22,19,3,15,15,0,14,11,3,23,23,0,7,7,0,13,13,0,21,21,0,3,3,0,22.3059709,74.3558148
MADHYA PRADESH,Total,Alirajpur,No travel,14607,9691,4916,14607,9691,4916,0,0,0,0,0,0,0,0,0,0,0,0,0,0,0,0,0,0,0,0,0,0,0,0,22.3059709,74.3558148
MADHYA PRADESH,Rural,Alirajpur,All Modes,17386,10889,6497,8465,4847,3618,3118,1771,1347,2534,1766,768,1579,1149,430,836,685,151,270,213,57,266,210,56,252,195,57,66,53,13,22.3059709,74.3558148
MADHYA PRADESH,Rural,Alirajpur,On foot,4636,2528,2108,0,0,0,2727,1435,1292,1412,815,597,497,278,219,0,0,0,0,0,0,0,0,0,0,0,0,0,0,0,22.3059709,74.3558148
MADHYA PRADESH,Rural,Alirajpur,Bicycle,684,620,64,0,0,0,98,90,8,333,304,29,157,141,16,54,51,3,42,34,8,0,0,0,0,0,0,0,0,0,22.3059709,74.3558148
MADHYA PRADESH,Rural,Alirajpur,Moped/Scooter/Motor Cycle,1765,1584,181,0,0,0,236,213,23,569,506,63,470,417,53,293,267,26,80,73,7,53,50,3,38,37,1,26,21,5,22.3059709,74.3558148
MADHYA PRADESH,Rural,Alirajpur,Car/Jeep/Van,148,121,27,0,0,0,18,12,6,24,17,7,37,30,7,34,31,3,6,6,0,10,9,1,12,10,2,7,6,1,22.3059709,74.3558148
MADHYA PRADESH,Rural,Alirajpur,Tempo/Autorickshaw/Taxi,94,65,29,0,0,0,4,2,2,16,11,5,45,25,20,11,11,0,2,2,0,9,8,1,5,5,0,2,1,1,22.3059709,74.3558148
MADHYA PRADESH,Rural,Alirajpur,Bus,1513,1052,461,0,0,0,24,13,11,159,93,66,364,251,113,426,307,119,136,94,42,189,138,51,188,135,53,27,21,6,22.3059709,74.3558148
MADHYA PRADESH,Rural,Alirajpur,Train,26,20,6,0,0,0,7,3,4,9,8,1,0,0,0,0,0,0,1,1,0,0,0,0,7,6,1,2,2,0,22.3059709,74.3558148
MADHYA PRADESH,Rural,Alirajpur,Water transport,5,5,0,0,0,0,2,2,0,1,1,0,1,1,0,0,0,0,0,0,0,1,1,0,0,0,0,0,0,0,22.3059709,74.3558148
MADHYA PRADESH,Rural,Alirajpur,Any other,50,47,3,0,0,0,2,1,1,11,11,0,8,6,2,18,18,0,3,3,0,4,4,0,2,2,0,2,2,0,22.3059709,74.3558148
MADHYA PRADESH,Rural,Alirajpur,No travel,8465,4847,3618,8465,4847,3618,0,0,0,0,0,0,0,0,0,0,0,0,0,0,0,0,0,0,0,0,0,0,0,0,22.3059709,74.3558148
MADHYA PRADESH,Urban,Alirajpur,All Modes,15259,12020,3239,6142,4844,1298,4521,3650,871,1537,1131,406,977,685,292,861,656,205,366,312,54,423,370,53,284,254,30,148,118,30,22.3059709,74.3558148
MADHYA PRADESH,Urban,Alirajpur,On foot,4518,3437,1081,0,0,0,3432,2665,767,753,534,219,333,238,95,0,0,0,0,0,0,0,0,0,0,0,0,0,0,0,22.3059709,74.3558148
MADHYA PRADESH,Urban,Alirajpur,Bicycle,321,309,12,0,0,0,130,128,2,129,125,4,21,20,1,12,9,3,29,27,2,0,0,0,0,0,0,0,0,0,22.3059709,74.3558148
MADHYA PRADESH,Urban,Alirajpur,Moped/Scooter/Motor Cycle,2202,1951,251,0,0,0,832,750,82,477,384,93,274,237,37,324,301,23,96,93,3,76,72,4,35,35,0,88,79,9,22.3059709,74.3558148
MADHYA PRADESH,Urban,Alirajpur,Car/Jeep/Van,253,233,20,0,0,0,54,49,5,24,22,2,13,11,2,37,33,4,32,30,2,43,43,0,43,40,3,7,5,2,22.3059709,74.3558148
MADHYA PRADESH,Urban,Alirajpur,Tempo/Autorickshaw/Taxi,60,53,7,0,0,0,5,4,1,6,4,2,6,5,1,6,5,1,11,10,1,16,15,1,8,8,0,2,2,0,22.3059709,74.3558148
MADHYA PRADESH,Urban,Alirajpur,Bus,1667,1103,564,0,0,0,39,28,11,138,52,86,322,167,155,474,300,174,194,148,46,278,230,48,175,148,27,47,30,17,22.3059709,74.3558148
MADHYA PRADESH,Urban,Alirajpur,Train,22,20,2,0,0,0,8,7,1,5,5,0,2,2,0,2,2,0,0,0,0,1,1,0,3,3,0,1,0,1,22.3059709,74.3558148
MADHYA PRADESH,Urban,Alirajpur,Water transport,6,5,1,0,0,0,1,1,0,1,1,0,0,0,0,1,1,0,0,0,0,0,0,0,1,1,0,2,1,1,22.3059709,74.3558148
MADHYA PRADESH,Urban,Alirajpur,Any other,68,65,3,0,0,0,20,18,2,4,4,0,6,5,1,5,5,0,4,4,0,9,9,0,19,19,0,1,1,0,22.3059709,74.3558148
MADHYA PRADESH,Urban,Alirajpur,No travel,6142,4844,1298,6142,4844,1298,0,0,0,0,0,0,0,0,0,0,0,0,0,0,0,0,0,0,0,0,0,0,0,0,22.3059709,74.3558148
JAMMU & KASHMIR,Total,Baramula,All Modes,169375,144028,25347,87658,71312,16346,17303,14675,2628,21522,19218,2304,17625,15740,1885,8566,7738,828,4253,3853,400,5419,5019,400,4912,4648,264,2117,1825,292,34.1595145,74.3587473
JAMMU & KASHMIR,Total,Baramula,On foot,35187,30886,4301,0,0,0,15756,13350,2406,12255,11119,1136,7176,6417,759,0,0,0,0,0,0,0,0,0,0,0,0,0,0,0,34.1595145,74.3587473
JAMMU & KASHMIR,Total,Baramula,Bicycle,2018,1930,88,0,0,0,174,149,25,1087,1046,41,425,419,6,112,110,2,220,206,14,0,0,0,0,0,0,0,0,0,34.1595145,74.3587473
JAMMU & KASHMIR,Total,Baramula,Moped/Scooter/Motor Cycle,1179,1129,50,0,0,0,71,67,4,402,384,18,244,238,6,189,184,5,70,69,1,77,73,4,44,40,4,82,74,8,34.1595145,74.3587473
JAMMU & KASHMIR,Total,Baramula,Car/Jeep/Van,3299,2948,351,0,0,0,157,132,25,557,503,54,585,520,65,585,543,42,323,291,32,500,439,61,433,381,52,159,139,20,34.1595145,74.3587473
JAMMU & KASHMIR,Total,Baramula,Tempo/Autorickshaw/Taxi,1761,1543,218,0,0,0,105,85,20,649,545,104,296,264,32,204,190,14,103,96,7,137,122,15,142,138,4,125,103,22,34.1595145,74.3587473
JAMMU & KASHMIR,Total,Baramula,Bus,36507,32621,3886,0,0,0,932,790,142,6316,5381,935,8674,7672,1002,7340,6587,753,3453,3111,342,4592,4281,311,3726,3542,184,1474,1257,217,34.1595145,74.3587473
JAMMU & KASHMIR,Total,Baramula,Train,825,775,50,0,0,0,39,36,3,67,63,4,67,58,9,40,34,6,20,18,2,35,31,4,435,422,13,122,113,9,34.1595145,74.3587473
JAMMU & KASHMIR,Total,Baramula,Water transport,215,194,21,0,0,0,13,13,0,68,63,5,39,35,4,21,18,3,13,13,0,14,12,2,15,15,0,32,25,7,34.1595145,74.3587473
JAMMU & KASHMIR,Total,Baramula,Any other,726,690,36,0,0,0,56,53,3,121,114,7,119,117,2,75,72,3,51,49,2,64,61,3,117,110,7,123,114,9,34.1595145,74.3587473
JAMMU & KASHMIR,Total,Baramula,No travel,87658,71312,16346,87658,71312,16346,0,0,0,0,0,0,0,0,0,0,0,0,0,0,0,0,0,0,0,0,0,0,0,0,34.1595145,74.3587473
JAMMU & KASHMIR,Rural,Baramula,All Modes,109752,91972,17780,53492,41061,12431,10564,8689,1875,13665,12385,1280,13042,11984,1058,6388,5984,404,3202,2993,209,4246,3996,250,3821,3667,154,1332,1213,119,34.1595145,74.3587473
JAMMU & KASHMIR,Rural,Baramula,On foot,23093,20077,3016,0,0,0,9555,7811,1744,8209,7429,780,5329,4837,492,0,0,0,0,0,0,0,0,0,0,0,0,0,0,0,34.1595145,74.3587473
JAMMU & KASHMIR,Rural,Baramula,Bicycle,1319,1260,59,0,0,0,104,85,19,693,667,26,302,300,2,70,68,2,150,140,10,0,0,0,0,0,0,0,0,0,34.1595145,74.3587473
JAMMU & KASHMIR,Rural,Baramula,Moped/Scooter/Motor Cycle,649,633,16,0,0,0,27,26,1,186,183,3,159,156,3,117,115,2,45,45,0,40,38,2,31,29,2,44,41,3,34.1595145,74.3587473
JAMMU & KASHMIR,Rural,Baramula,Car/Jeep/Van,2124,1919,205,0,0,0,95,78,17,306,278,28,423,386,37,398,375,23,199,182,17,318,275,43,289,260,29,96,85,11,34.1595145,74.3587473
JAMMU & KASHMIR,Rural,Baramula,Tempo/Autorickshaw/Taxi,1046,967,79,0,0,0,49,40,9,270,244,26,202,192,10,148,139,9,79,77,2,102,93,9,122,118,4,74,64,10,34.1595145,74.3587473
JAMMU & KASHMIR,Rural,Baramula,Bus,26752,24837,1915,0,0,0,662,581,81,3839,3432,407,6452,5945,507,5555,5193,362,2661,2483,178,3700,3509,191,2948,2839,109,935,855,80,34.1595145,74.3587473
JAMMU & KASHMIR,Rural,Baramula,Train,635,606,29,0,0,0,30,28,2,46,43,3,54,50,4,30,26,4,18,16,2,28,26,2,336,329,7,93,88,5,34.1595145,74.3587473
JAMMU & KASHMIR,Rural,Baramula,Water transport,104,93,11,0,0,0,5,5,0,26,24,2,18,15,3,9,9,0,10,10,0,7,7,0,10,10,0,19,13,6,34.1595145,74.3587473
JAMMU & KASHMIR,Rural,Baramula,Any other,538,519,19,0,0,0,37,35,2,90,85,5,103,103,0,61,59,2,40,40,0,51,48,3,85,82,3,71,67,4,34.1595145,74.3587473
JAMMU & KASHMIR,Rural,Baramula,No travel,53492,41061,12431,53492,41061,12431,0,0,0,0,0,0,0,0,0,0,0,0,0,0,0,0,0,0,0,0,0,0,0,0,34.1595145,74.3587473
JAMMU & KASHMIR,Urban,Baramula,All Modes,59623,52056,7567,34166,30251,3915,6739,5986,753,7857,6833,1024,4583,3756,827,2178,1754,424,1051,860,191,1173,1023,150,1091,981,110,785,612,173,34.1595145,74.3587473
JAMMU & KASHMIR,Urban,Baramula,On foot,12094,10809,1285,0,0,0,6201,5539,662,4046,3690,356,1847,1580,267,0,0,0,0,0,0,0,0,0,0,0,0,0,0,0,34.1595145,74.3587473
JAMMU & KASHMIR,Urban,Baramula,Bicycle,699,670,29,0,0,0,70,64,6,394,379,15,123,119,4,42,42,0,70,66,4,0,0,0,0,0,0,0,0,0,34.1595145,74.3587473
JAMMU & KASHMIR,Urban,Baramula,Moped/Scooter/Motor Cycle,530,496,34,0,0,0,44,41,3,216,201,15,85,82,3,72,69,3,25,24,1,37,35,2,13,11,2,38,33,5,34.1595145,74.3587473
JAMMU & KASHMIR,Urban,Baramula,Car/Jeep/Van,1175,1029,146,0,0,0,62,54,8,251,225,26,162,134,28,187,168,19,124,109,15,182,164,18,144,121,23,63,54,9,34.1595145,74.3587473
JAMMU & KASHMIR,Urban,Baramula,Tempo/Autorickshaw/Taxi,715,576,139,0,0,0,56,45,11,379,301,78,94,72,22,56,51,5,24,19,5,35,29,6,20,20,0,51,39,12,34.1595145,74.3587473
JAMMU & KASHMIR,Urban,Baramula,Bus,9755,7784,1971,0,0,0,270,209,61,2477,1949,528,2222,1727,495,1785,1394,391,792,628,164,892,772,120,778,703,75,539,402,137,34.1595145,74.3587473
JAMMU & KASHMIR,Urban,Baramula,Train,190,169,21,0,0,0,9,8,1,21,20,1,13,8,5,10,8,2,2,2,0,7,5,2,99,93,6,29,25,4,34.1595145,74.3587473
JAMMU & KASHMIR,Urban,Baramula,Water transport,111,101,10,0,0,0,8,8,0,42,39,3,21,20,1,12,9,3,3,3,0,7,5,2,5,5,0,13,12,1,34.1595145,74.3587473
JAMMU & KASHMIR,Urban,Baramula,Any other,188,171,17,0,0,0,19,18,1,31,29,2,16,14,2,14,13,1,11,9,2,13,13,0,32,28,4,52,47,5,34.1595145,74.3587473
JAMMU & KASHMIR,Urban,Baramula,No travel,34166,30251,3915,34166,30251,3915,0,0,0,0,0,0,0,0,0,0,0,0,0,0,0,0,0,0,0,0,0,0,0,0,34.1595145,74.3587473
RAJASTHAN,Total,Banswara,All Modes,150817,103140,47677,53506,31514,21992,25099,14832,10267,27994,20636,7358,19074,14222,4852,9213,8102,1111,3891,3409,482,2736,2426,310,3810,3211,599,5494,4788,706,23.5461394,74.4349761
RAJASTHAN,Total,Banswara,On foot,41603,23038,18565,0,0,0,20104,10458,9646,13066,7572,5494,8433,5008,3425,0,0,0,0,0,0,0,0,0,0,0,0,0,0,0,23.5461394,74.4349761
RAJASTHAN,Total,Banswara,Bicycle,5244,4909,335,0,0,0,593,533,60,2455,2300,155,1021,987,34,336,326,10,839,763,76,0,0,0,0,0,0,0,0,0,23.5461394,74.4349761
RAJASTHAN,Total,Banswara,Moped/Scooter/Motor Cycle,22418,20736,1682,0,0,0,3170,2922,248,8118,7442,676,3537,3292,245,2792,2630,162,1035,971,64,983,925,58,507,480,27,2276,2074,202,23.5461394,74.4349761
RAJASTHAN,Total,Banswara,Car/Jeep/Van,1788,1539,249,0,0,0,220,187,33,406,335,71,364,314,50,304,270,34,80,74,6,110,107,3,93,82,11,211,170,41,23.5461394,74.4349761
RAJASTHAN,Total,Banswara,Tempo/Autorickshaw/Taxi,7401,6071,1330,0,0,0,304,226,78,1886,1485,401,2560,2129,431,1559,1299,260,155,141,14,82,73,9,64,60,4,791,658,133,23.5461394,74.4349761
RAJASTHAN,Total,Banswara,Bus,17869,14496,3373,0,0,0,539,374,165,1837,1310,527,3054,2408,646,4139,3503,636,1747,1428,319,1521,1284,237,3019,2468,551,2013,1721,292,23.5461394,74.4349761
RAJASTHAN,Total,Banswara,Train,596,511,85,0,0,0,100,78,22,160,136,24,45,39,6,46,40,6,28,26,2,27,26,1,92,90,2,98,76,22,23.5461394,74.4349761
RAJASTHAN,Total,Banswara,Water transport,57,33,24,0,0,0,27,16,11,5,4,1,5,4,1,3,1,2,2,1,1,1,0,1,1,0,1,13,7,6,23.5461394,74.4349761
RAJASTHAN,Total,Banswara,Any other,335,293,42,0,0,0,42,38,4,61,52,9,55,41,14,34,33,1,5,5,0,12,11,1,34,31,3,92,82,10,23.5461394,74.4349761
RAJASTHAN,Total,Banswara,No travel,53506,31514,21992,53506,31514,21992,0,0,0,0,0,0,0,0,0,0,0,0,0,0,0,0,0,0,0,0,0,0,0,0,23.5461394,74.4349761
RAJASTHAN,Rural,Banswara,All Modes,112347,73056,39291,42802,24058,18744,17026,8334,8692,16898,11276,5622,15485,11457,4028,7653,6938,715,2988,2712,276,1974,1798,176,3323,2804,519,4198,3679,519,23.5461394,74.4349761
RAJASTHAN,Rural,Banswara,On foot,30487,14594,15893,0,0,0,14890,6548,8342,9122,4529,4593,6475,3517,2958,0,0,0,0,0,0,0,0,0,0,0,0,0,0,0,23.5461394,74.4349761
RAJASTHAN,Rural,Banswara,Bicycle,3714,3488,226,0,0,0,311,267,44,1588,1477,111,895,873,22,296,291,5,624,580,44,0,0,0,0,0,0,0,0,0,23.5461394,74.4349761
RAJASTHAN,Rural,Banswara,Moped/Scooter/Motor Cycle,12411,11614,797,0,0,0,1028,932,96,3307,3056,251,2712,2570,142,2145,2050,95,773,738,35,664,630,34,367,350,17,1415,1288,127,23.5461394,74.4349761
RAJASTHAN,Rural,Banswara,Car/Jeep/Van,1229,1045,184,0,0,0,131,107,24,205,167,38,317,271,46,244,218,26,53,51,2,55,55,0,51,41,10,173,135,38,23.5461394,74.4349761
RAJASTHAN,Rural,Banswara,Tempo/Autorickshaw/Taxi,5995,5034,961,0,0,0,160,114,46,1184,957,227,2328,1975,353,1432,1220,212,119,108,11,54,48,6,45,42,3,673,570,103,23.5461394,74.4349761
RAJASTHAN,Rural,Banswara,Bus,15088,12705,2383,0,0,0,411,303,108,1426,1036,390,2681,2189,492,3473,3101,372,1396,1214,182,1173,1039,134,2745,2262,483,1783,1561,222,23.5461394,74.4349761
RAJASTHAN,Rural,Banswara,Train,317,264,53,0,0,0,47,29,18,36,27,9,22,22,0,30,27,3,17,15,2,19,18,1,83,81,2,63,45,18,23.5461394,74.4349761
RAJASTHAN,Rural,Banswara,Water transport,46,27,19,0,0,0,23,13,10,2,2,0,5,4,1,1,0,1,1,1,0,0,0,0,1,0,1,13,7,6,23.5461394,74.4349761
RAJASTHAN,Rural,Banswara,Any other,258,227,31,0,0,0,25,21,4,28,25,3,50,36,14,32,31,1,5,5,0,9,8,1,31,28,3,78,73,5,23.5461394,74.4349761
RAJASTHAN,Rural,Banswara,No travel,42802,24058,18744,42802,24058,18744,0,0,0,0,0,0,0,0,0,0,0,0,0,0,0,0,0,0,0,0,0,0,0,0,23.5461394,74.4349761
RAJASTHAN,Urban,Banswara,All Modes,38470,30084,8386,10704,7456,3248,8073,6498,1575,11096,9360,1736,3589,2765,824,1560,1164,396,903,697,206,762,628,134,487,407,80,1296,1109,187,23.5461394,74.4349761
RAJASTHAN,Urban,Banswara,On foot,11116,8444,2672,0,0,0,5214,3910,1304,3944,3043,901,1958,1491,467,0,0,0,0,0,0,0,0,0,0,0,0,0,0,0,23.5461394,74.4349761
RAJASTHAN,Urban,Banswara,Bicycle,1530,1421,109,0,0,0,282,266,16,867,823,44,126,114,12,40,35,5,215,183,32,0,0,0,0,0,0,0,0,0,23.5461394,74.4349761
RAJASTHAN,Urban,Banswara,Moped/Scooter/Motor Cycle,10007,9122,885,0,0,0,2142,1990,152,4811,4386,425,825,722,103,647,580,67,262,233,29,319,295,24,140,130,10,861,786,75,23.5461394,74.4349761
RAJASTHAN,Urban,Banswara,Car/Jeep/Van,559,494,65,0,0,0,89,80,9,201,168,33,47,43,4,60,52,8,27,23,4,55,52,3,42,41,1,38,35,3,23.5461394,74.4349761
RAJASTHAN,Urban,Banswara,Tempo/Autorickshaw/Taxi,1406,1037,369,0,0,0,144,112,32,702,528,174,232,154,78,127,79,48,36,33,3,28,25,3,19,18,1,118,88,30,23.5461394,74.4349761
RAJASTHAN,Urban,Banswara,Bus,2781,1791,990,0,0,0,128,71,57,411,274,137,373,219,154,666,402,264,351,214,137,348,245,103,274,206,68,230,160,70,23.5461394,74.4349761
RAJASTHAN,Urban,Banswara,Train,279,247,32,0,0,0,53,49,4,124,109,15,23,17,6,16,13,3,11,11,0,8,8,0,9,9,0,35,31,4,23.5461394,74.4349761
RAJASTHAN,Urban,Banswara,Water transport,11,6,5,0,0,0,4,3,1,3,2,1,0,0,0,2,1,1,1,0,1,1,0,1,0,0,0,0,0,0,23.5461394,74.4349761
RAJASTHAN,Urban,Banswara,Any other,77,66,11,0,0,0,17,17,0,33,27,6,5,5,0,2,2,0,0,0,0,3,3,0,3,3,0,14,9,5,23.5461394,74.4349761
RAJASTHAN,Urban,Banswara,No travel,10704,7456,3248,10704,7456,3248,0,0,0,0,0,0,0,0,0,0,0,0,0,0,0,0,0,0,0,0,0,0,0,0,23.5461394,74.4349761
KARNATAKA,Total,Belgaum,All Modes,683829,538935,144894,248906,174957,73949,95078,72743,22335,131183,107621,23562,91149,77091,14058,50811,46007,4804,24611,22391,2220,20697,18771,1926,16888,15356,1532,4506,3998,508,15.8496953,74.4976741
KARNATAKA,Total,Belgaum,On foot,125489,85698,39791,0,0,0,65273,45574,19699,37712,24374,13338,22504,15750,6754,0,0,0,0,0,0,0,0,0,0,0,0,0,0,0,15.8496953,74.4976741
KARNATAKA,Total,Belgaum,Bicycle,81868,79412,2456,0,0,0,10559,10163,396,36869,35708,1161,20551,20074,477,9224,9037,187,4665,4430,235,0,0,0,0,0,0,0,0,0,15.8496953,74.4976741
KARNATAKA,Total,Belgaum,Moped/Scooter/Motor Cycle,93069,87039,6030,0,0,0,12829,11933,896,34633,31661,2972,20767,19570,1197,14022,13496,526,4636,4511,125,3362,3222,140,1095,1058,37,1725,1588,137,15.8496953,74.4976741
KARNATAKA,Total,Belgaum,Car/Jeep/Van,11680,10449,1231,0,0,0,1099,949,150,3046,2595,451,2347,2092,255,1768,1600,168,831,779,52,1131,1067,64,1067,1015,52,391,352,39,15.8496953,74.4976741
KARNATAKA,Total,Belgaum,Tempo/Autorickshaw/Taxi,19974,17305,2669,0,0,0,1250,1062,188,4493,3333,1160,4374,3743,631,3976,3630,346,2352,2202,150,1974,1874,100,976,937,39,579,524,55,15.8496953,74.4976741
KARNATAKA,Total,Belgaum,Bus,92302,74754,17548,0,0,0,3198,2340,858,12789,8566,4223,19161,14663,4498,20680,17219,3461,11393,9797,1596,12845,11353,1492,11111,9890,1221,1125,926,199,15.8496953,74.4976741
KARNATAKA,Total,Belgaum,Train,5845,5224,621,0,0,0,482,398,84,796,709,87,540,495,45,470,428,42,391,355,36,869,753,116,1898,1738,160,399,348,51,15.8496953,74.4976741
KARNATAKA,Total,Belgaum,Water transport,255,211,44,0,0,0,65,51,14,38,29,9,39,31,8,23,20,3,11,9,2,17,15,2,36,36,0,26,20,6,15.8496953,74.4976741
KARNATAKA,Total,Belgaum,Any other,4441,3886,555,0,0,0,323,273,50,807,646,161,866,673,193,648,577,71,332,308,24,499,487,12,705,682,23,261,240,21,15.8496953,74.4976741
KARNATAKA,Total,Belgaum,No travel,248906,174957,73949,248906,174957,73949,0,0,0,0,0,0,0,0,0,0,0,0,0,0,0,0,0,0,0,0,0,0,0,0,15.8496953,74.4976741
KARNATAKA,Rural,Belgaum,All Modes,330765,253211,77554,144430,95827,48603,31256,22339,8917,39199,31269,7930,42854,36320,6534,33144,30716,2428,15521,14335,1186,13439,12406,1033,9499,8723,776,1423,1276,147,15.8496953,74.4976741
KARNATAKA,Rural,Belgaum,On foot,48902,31285,17617,0,0,0,23496,15300,8196,13536,8142,5394,11870,7843,4027,0,0,0,0,0,0,0,0,0,0,0,0,0,0,0,15.8496953,74.4976741
KARNATAKA,Rural,Belgaum,Bicycle,31855,31038,817,0,0,0,2908,2789,119,10743,10425,318,9775,9596,179,6301,6197,104,2128,2031,97,0,0,0,0,0,0,0,0,0,15.8496953,74.4976741
KARNATAKA,Rural,Belgaum,Moped/Scooter/Motor Cycle,30759,29703,1056,0,0,0,2344,2242,102,6669,6289,380,7578,7348,230,8375,8170,205,2983,2922,61,1934,1874,60,541,536,5,335,322,13,15.8496953,74.4976741
KARNATAKA,Rural,Belgaum,Car/Jeep/Van,4742,4284,458,0,0,0,296,254,42,713,582,131,1025,926,99,1019,926,93,488,459,29,624,597,27,470,442,28,107,98,9,15.8496953,74.4976741
KARNATAKA,Rural,Belgaum,Tempo/Autorickshaw/Taxi,10872,9712,1160,0,0,0,396,327,69,1932,1564,368,1993,1735,258,2736,2504,232,1743,1631,112,1369,1295,74,527,500,27,176,156,20,15.8496953,74.4976741
KARNATAKA,Rural,Belgaum,Bus,53160,46050,7110,0,0,0,1472,1149,323,4886,3682,1204,9710,8156,1554,13894,12171,1723,7653,6810,843,8601,7824,777,6453,5839,614,491,419,72,15.8496953,74.4976741
KARNATAKA,Rural,Belgaum,Train,3073,2756,317,0,0,0,160,125,35,237,211,26,273,253,20,329,305,24,262,240,22,555,473,82,1058,971,87,199,178,21,15.8496953,74.4976741
KARNATAKA,Rural,Belgaum,Water transport,115,100,15,0,0,0,43,34,9,9,8,1,12,12,0,14,13,1,6,5,1,12,10,2,10,10,0,9,8,1,15.8496953,74.4976741
KARNATAKA,Rural,Belgaum,Any other,2857,2456,401,0,0,0,141,119,22,474,366,108,618,451,167,476,430,46,258,237,21,344,333,11,440,425,15,106,95,11,15.8496953,74.4976741
KARNATAKA,Rural,Belgaum,No travel,144430,95827,48603,144430,95827,48603,0,0,0,0,0,0,0,0,0,0,0,0,0,0,0,0,0,0,0,0,0,0,0,0,15.8496953,74.4976741
KARNATAKA,Urban,Belgaum,All Modes,353064,285724,67340,104476,79130,25346,63822,50404,13418,91984,76352,15632,48295,40771,7524,17667,15291,2376,9090,8056,1034,7258,6365,893,7389,6633,756,3083,2722,361,15.8496953,74.4976741
KARNATAKA,Urban,Belgaum,On foot,76587,54413,22174,0,0,0,41777,30274,11503,24176,16232,7944,10634,7907,2727,0,0,0,0,0,0,0,0,0,0,0,0,0,0,0,15.8496953,74.4976741
KARNATAKA,Urban,Belgaum,Bicycle,50013,48374,1639,0,0,0,7651,7374,277,26126,25283,843,10776,10478,298,2923,2840,83,2537,2399,138,0,0,0,0,0,0,0,0,0,15.8496953,74.4976741
KARNATAKA,Urban,Belgaum,Moped/Scooter/Motor Cycle,62310,57336,4974,0,0,0,10485,9691,794,27964,25372,2592,13189,12222,967,5647,5326,321,1653,1589,64,1428,1348,80,554,522,32,1390,1266,124,15.8496953,74.4976741
KARNATAKA,Urban,Belgaum,Car/Jeep/Van,6938,6165,773,0,0,0,803,695,108,2333,2013,320,1322,1166,156,749,674,75,343,320,23,507,470,37,597,573,24,284,254,30,15.8496953,74.4976741
KARNATAKA,Urban,Belgaum,Tempo/Autorickshaw/Taxi,9102,7593,1509,0,0,0,854,735,119,2561,1769,792,2381,2008,373,1240,1126,114,609,571,38,605,579,26,449,437,12,403,368,35,15.8496953,74.4976741
KARNATAKA,Urban,Belgaum,Bus,39142,28704,10438,0,0,0,1726,1191,535,7903,4884,3019,9451,6507,2944,6786,5048,1738,3740,2987,753,4244,3529,715,4658,4051,607,634,507,127,15.8496953,74.4976741
KARNATAKA,Urban,Belgaum,Train,2772,2468,304,0,0,0,322,273,49,559,498,61,267,242,25,141,123,18,129,115,14,314,280,34,840,767,73,200,170,30,15.8496953,74.4976741
KARNATAKA,Urban,Belgaum,Water transport,140,111,29,0,0,0,22,17,5,29,21,8,27,19,8,9,7,2,5,4,1,5,5,0,26,26,0,17,12,5,15.8496953,74.4976741
KARNATAKA,Urban,Belgaum,Any other,1584,1430,154,0,0,0,182,154,28,333,280,53,248,222,26,172,147,25,74,71,3,155,154,1,265,257,8,155,145,10,15.8496953,74.4976741
KARNATAKA,Urban,Belgaum,No travel,104476,79130,25346,104476,79130,25346,0,0,0,0,0,0,0,0,0,0,0,0,0,0,0,0,0,0,0,0,0,0,0,0,15.8496953,74.4976741
PUNJAB,Total,Muktsar,All Modes,132560,105955,26605,41666,27947,13719,27290,22227,5063,33623,29663,3960,13766,11761,2005,6413,5612,801,4136,3795,341,2011,1781,230,2234,1931,303,1421,1238,183,30.4766391,74.511172
PUNJAB,Total,Muktsar,On foot,32528,24872,7656,0,0,0,17483,13102,4381,10193,8056,2137,4852,3714,1138,0,0,0,0,0,0,0,0,0,0,0,0,0,0,0,30.4766391,74.511172
PUNJAB,Total,Muktsar,Bicycle,22479,21728,751,0,0,0,4332,4206,126,12120,11685,435,3251,3156,95,1043,1013,30,1733,1668,65,0,0,0,0,0,0,0,0,0,30.4766391,74.511172
PUNJAB,Total,Muktsar,Moped/Scooter/Motor Cycle,18864,17384,1480,0,0,0,4358,4019,339,7979,7309,670,2693,2499,194,1936,1807,129,594,556,38,361,342,19,230,212,18,713,640,73,30.4766391,74.511172
PUNJAB,Total,Muktsar,Car/Jeep/Van,2945,2473,472,0,0,0,326,273,53,929,785,144,475,388,87,499,406,93,230,194,36,181,165,16,182,156,26,123,106,17,30.4766391,74.511172
PUNJAB,Total,Muktsar,Tempo/Autorickshaw/Taxi,1866,1403,463,0,0,0,194,133,61,773,493,280,402,342,60,212,188,24,63,60,3,51,43,8,61,54,7,110,90,20,30.4766391,74.511172
PUNJAB,Total,Muktsar,Bus,9442,7573,1869,0,0,0,272,203,69,773,541,232,1727,1319,408,2439,1929,510,1371,1177,194,1233,1060,173,1346,1120,226,281,224,57,30.4766391,74.511172
PUNJAB,Total,Muktsar,Train,1305,1189,116,0,0,0,145,123,22,289,265,24,96,82,14,133,122,11,111,108,3,135,127,8,301,281,20,95,81,14,30.4766391,74.511172
PUNJAB,Total,Muktsar,Water transport,61,55,6,0,0,0,13,11,2,12,11,1,6,5,1,9,9,0,3,3,0,5,3,2,6,6,0,7,7,0,30.4766391,74.511172
PUNJAB,Total,Muktsar,Any other,1404,1331,73,0,0,0,167,157,10,555,518,37,264,256,8,142,138,4,31,29,2,45,41,4,108,102,6,92,90,2,30.4766391,74.511172
PUNJAB,Total,Muktsar,No travel,41666,27947,13719,41666,27947,13719,0,0,0,0,0,0,0,0,0,0,0,0,0,0,0,0,0,0,0,0,0,0,0,0,30.4766391,74.511172
PUNJAB,Rural,Muktsar,All Modes,56429,41329,15100,24802,15210,9592,8196,5700,2496,7742,6416,1326,7129,6177,952,3974,3680,294,1988,1847,141,935,843,92,1099,969,130,564,487,77,30.4766391,74.511172
PUNJAB,Rural,Muktsar,On foot,10284,6561,3723,0,0,0,6147,3835,2312,2300,1472,828,1837,1254,583,0,0,0,0,0,0,0,0,0,0,0,0,0,0,0,30.4766391,74.511172
PUNJAB,Rural,Muktsar,Bicycle,7410,7114,296,0,0,0,1073,1028,45,3046,2894,152,1936,1879,57,753,731,22,602,582,20,0,0,0,0,0,0,0,0,0,30.4766391,74.511172
PUNJAB,Rural,Muktsar,Moped/Scooter/Motor Cycle,5258,4913,345,0,0,0,580,514,66,1304,1190,114,1486,1417,69,1109,1070,39,335,316,19,145,139,6,77,72,5,222,195,27,30.4766391,74.511172
PUNJAB,Rural,Muktsar,Car/Jeep/Van,1025,820,205,0,0,0,74,54,20,192,136,56,244,199,45,239,197,42,98,86,12,61,54,7,71,56,15,46,38,8,30.4766391,74.511172
PUNJAB,Rural,Muktsar,Tempo/Autorickshaw/Taxi,768,694,74,0,0,0,54,47,7,184,158,26,252,233,19,144,135,9,40,40,0,21,19,2,25,22,3,48,40,8,30.4766391,74.511172
PUNJAB,Rural,Muktsar,Bus,5817,5037,780,0,0,0,151,124,27,467,344,123,1213,1044,169,1589,1412,177,857,769,88,645,572,73,734,635,99,161,137,24,30.4766391,74.511172
PUNJAB,Rural,Muktsar,Train,502,450,52,0,0,0,55,41,14,73,64,9,51,45,6,57,53,4,36,35,1,39,37,2,145,138,7,46,37,9,30.4766391,74.511172
PUNJAB,Rural,Muktsar,Water transport,24,23,1,0,0,0,6,5,1,3,3,0,1,1,0,6,6,0,3,3,0,1,1,0,2,2,0,2,2,0,30.4766391,74.511172
PUNJAB,Rural,Muktsar,Any other,539,507,32,0,0,0,56,52,4,173,155,18,109,105,4,77,76,1,17,16,1,23,21,2,45,44,1,39,38,1,30.4766391,74.511172
PUNJAB,Rural,Muktsar,No travel,24802,15210,9592,24802,15210,9592,0,0,0,0,0,0,0,0,0,0,0,0,0,0,0,0,0,0,0,0,0,0,0,0,30.4766391,74.511172
PUNJAB,Urban,Muktsar,All Modes,76131,64626,11505,16864,12737,4127,19094,16527,2567,25881,23247,2634,6637,5584,1053,2439,1932,507,2148,1948,200,1076,938,138,1135,962,173,857,751,106,30.4766391,74.511172
PUNJAB,Urban,Muktsar,On foot,22244,18311,3933,0,0,0,11336,9267,2069,7893,6584,1309,3015,2460,555,0,0,0,0,0,0,0,0,0,0,0,0,0,0,0,30.4766391,74.511172
PUNJAB,Urban,Muktsar,Bicycle,15069,14614,455,0,0,0,3259,3178,81,9074,8791,283,1315,1277,38,290,282,8,1131,1086,45,0,0,0,0,0,0,0,0,0,30.4766391,74.511172
PUNJAB,Urban,Muktsar,Moped/Scooter/Motor Cycle,13606,12471,1135,0,0,0,3778,3505,273,6675,6119,556,1207,1082,125,827,737,90,259,240,19,216,203,13,153,140,13,491,445,46,30.4766391,74.511172
PUNJAB,Urban,Muktsar,Car/Jeep/Van,1920,1653,267,0,0,0,252,219,33,737,649,88,231,189,42,260,209,51,132,108,24,120,111,9,111,100,11,77,68,9,30.4766391,74.511172
PUNJAB,Urban,Muktsar,Tempo/Autorickshaw/Taxi,1098,709,389,0,0,0,140,86,54,589,335,254,150,109,41,68,53,15,23,20,3,30,24,6,36,32,4,62,50,12,30.4766391,74.511172
PUNJAB,Urban,Muktsar,Bus,3625,2536,1089,0,0,0,121,79,42,306,197,109,514,275,239,850,517,333,514,408,106,588,488,100,612,485,127,120,87,33,30.4766391,74.511172
PUNJAB,Urban,Muktsar,Train,803,739,64,0,0,0,90,82,8,216,201,15,45,37,8,76,69,7,75,73,2,96,90,6,156,143,13,49,44,5,30.4766391,74.511172
PUNJAB,Urban,Muktsar,Water transport,37,32,5,0,0,0,7,6,1,9,8,1,5,4,1,3,3,0,0,0,0,4,2,2,4,4,0,5,5,0,30.4766391,74.511172
PUNJAB,Urban,Muktsar,Any other,865,824,41,0,0,0,111,105,6,382,363,19,155,151,4,65,62,3,14,13,1,22,20,2,63,58,5,53,52,1,30.4766391,74.511172
PUNJAB,Urban,Muktsar,No travel,16864,12737,4127,16864,12737,4127,0,0,0,0,0,0,0,0,0,0,0,0,0,0,0,0,0,0,0,0,0,0,0,0,30.4766391,74.511172
MAHARASHTRA,Total,Sangli,All Modes,403033,307820,95213,139052,90538,48514,52880,39589,13291,80906,65828,15078,52195,42652,9543,28509,25266,3243,19548,17609,1939,11602,10284,1318,8663,7766,897,9678,8288,1390,16.8523973,74.5814773
MAHARASHTRA,Total,Sangli,On foot,66017,42136,23881,0,0,0,30717,19928,10789,19295,11515,7780,16005,10693,5312,0,0,0,0,0,0,0,0,0,0,0,0,0,0,0,16.8523973,74.5814773
MAHARASHTRA,Total,Sangli,Bicycle,60858,56900,3958,0,0,0,8521,7901,620,27660,25794,1866,11601,11012,589,4808,4573,235,8268,7620,648,0,0,0,0,0,0,0,0,0,16.8523973,74.5814773
MAHARASHTRA,Total,Sangli,Moped/Scooter/Motor Cycle,80708,73000,7708,0,0,0,10585,9429,1156,25324,22405,2919,15134,13755,1379,13043,12130,913,5281,4971,310,4612,4278,334,1723,1599,124,5006,4433,573,16.8523973,74.5814773
MAHARASHTRA,Total,Sangli,Car/Jeep/Van,6028,5221,807,0,0,0,608,520,88,1298,1079,219,905,772,133,882,762,120,527,462,65,672,606,66,603,560,43,533,460,73,16.8523973,74.5814773
MAHARASHTRA,Total,Sangli,Tempo/Autorickshaw/Taxi,7945,6882,1063,0,0,0,656,539,117,1752,1387,365,1496,1293,203,1348,1215,133,621,567,54,660,602,58,522,492,30,890,787,103,16.8523973,74.5814773
MAHARASHTRA,Total,Sangli,Bus,35341,27148,8193,0,0,0,1313,879,434,4654,2899,1755,6331,4563,1768,7764,6027,1737,4406,3587,819,4490,3767,723,4172,3676,496,2211,1750,461,16.8523973,74.5814773
MAHARASHTRA,Total,Sangli,Train,4476,3863,613,0,0,0,305,235,70,457,372,85,242,201,41,293,253,40,295,273,22,949,834,115,1268,1138,130,667,557,110,16.8523973,74.5814773
MAHARASHTRA,Total,Sangli,Water transport,120,99,21,0,0,0,16,13,3,16,15,1,13,10,3,15,12,3,7,6,1,12,10,2,15,12,3,26,21,5,16.8523973,74.5814773
MAHARASHTRA,Total,Sangli,Any other,2488,2033,455,0,0,0,159,145,14,450,362,88,468,353,115,356,294,62,143,123,20,207,187,20,360,289,71,345,280,65,16.8523973,74.5814773
MAHARASHTRA,Total,Sangli,No travel,139052,90538,48514,139052,90538,48514,0,0,0,0,0,0,0,0,0,0,0,0,0,0,0,0,0,0,0,0,0,0,0,0,16.8523973,74.5814773
MAHARASHTRA,Rural,Sangli,All Modes,203077,150398,52679,86306,53645,32661,22814,16438,6376,27482,22224,5258,23780,19640,4140,17713,15940,1773,9675,8783,892,6371,5744,627,5023,4560,463,3913,3424,489,16.8523973,74.5814773
MAHARASHTRA,Rural,Sangli,On foot,30964,19666,11298,0,0,0,15788,10094,5694,7781,4632,3149,7395,4940,2455,0,0,0,0,0,0,0,0,0,0,0,0,0,0,0,16.8523973,74.5814773
MAHARASHTRA,Rural,Sangli,Bicycle,17617,16764,853,0,0,0,2260,2128,132,7272,6896,376,3851,3721,130,2221,2143,78,2013,1876,137,0,0,0,0,0,0,0,0,0,16.8523973,74.5814773
MAHARASHTRA,Rural,Sangli,Moped/Scooter/Motor Cycle,36910,34461,2449,0,0,0,3481,3205,276,8729,7988,741,7394,6914,480,8495,8027,468,3779,3592,187,2459,2354,105,900,850,50,1673,1531,142,16.8523973,74.5814773
MAHARASHTRA,Rural,Sangli,Car/Jeep/Van,2622,2298,324,0,0,0,200,171,29,401,332,69,387,327,60,451,388,63,317,282,35,354,321,33,289,273,16,223,204,19,16.8523973,74.5814773
MAHARASHTRA,Rural,Sangli,Tempo/Autorickshaw/Taxi,3199,2858,341,0,0,0,213,187,26,589,488,101,546,487,59,589,542,47,349,315,34,298,282,16,283,271,12,332,286,46,16.8523973,74.5814773
MAHARASHTRA,Rural,Sangli,Bus,21868,17681,4187,0,0,0,654,474,180,2316,1580,736,3796,2933,863,5508,4465,1043,2941,2471,470,2757,2342,415,2671,2396,275,1225,1020,205,16.8523973,74.5814773
MAHARASHTRA,Rural,Sangli,Train,1891,1689,202,0,0,0,120,93,27,142,122,20,98,86,12,154,134,20,163,152,11,354,315,39,594,554,40,266,233,33,16.8523973,74.5814773
MAHARASHTRA,Rural,Sangli,Water transport,63,53,10,0,0,0,9,7,2,9,9,0,5,4,1,9,7,2,4,3,1,6,5,1,9,8,1,12,10,2,16.8523973,74.5814773
MAHARASHTRA,Rural,Sangli,Any other,1637,1283,354,0,0,0,89,79,10,243,177,66,308,228,80,286,234,52,109,92,17,143,125,18,277,208,69,182,140,42,16.8523973,74.5814773
MAHARASHTRA,Rural,Sangli,No travel,86306,53645,32661,86306,53645,32661,0,0,0,0,0,0,0,0,0,0,0,0,0,0,0,0,0,0,0,0,0,0,0,0,16.8523973,74.5814773
MAHARASHTRA,Urban,Sangli,All Modes,199956,157422,42534,52746,36893,15853,30066,23151,6915,53424,43604,9820,28415,23012,5403,10796,9326,1470,9873,8826,1047,5231,4540,691,3640,3206,434,5765,4864,901,16.8523973,74.5814773
MAHARASHTRA,Urban,Sangli,On foot,35053,22470,12583,0,0,0,14929,9834,5095,11514,6883,4631,8610,5753,2857,0,0,0,0,0,0,0,0,0,0,0,0,0,0,0,16.8523973,74.5814773
MAHARASHTRA,Urban,Sangli,Bicycle,43241,40136,3105,0,0,0,6261,5773,488,20388,18898,1490,7750,7291,459,2587,2430,157,6255,5744,511,0,0,0,0,0,0,0,0,0,16.8523973,74.5814773
MAHARASHTRA,Urban,Sangli,Moped/Scooter/Motor Cycle,43798,38539,5259,0,0,0,7104,6224,880,16595,14417,2178,7740,6841,899,4548,4103,445,1502,1379,123,2153,1924,229,823,749,74,3333,2902,431,16.8523973,74.5814773
MAHARASHTRA,Urban,Sangli,Car/Jeep/Van,3406,2923,483,0,0,0,408,349,59,897,747,150,518,445,73,431,374,57,210,180,30,318,285,33,314,287,27,310,256,54,16.8523973,74.5814773
MAHARASHTRA,Urban,Sangli,Tempo/Autorickshaw/Taxi,4746,4024,722,0,0,0,443,352,91,1163,899,264,950,806,144,759,673,86,272,252,20,362,320,42,239,221,18,558,501,57,16.8523973,74.5814773
MAHARASHTRA,Urban,Sangli,Bus,13473,9467,4006,0,0,0,659,405,254,2338,1319,1019,2535,1630,905,2256,1562,694,1465,1116,349,1733,1425,308,1501,1280,221,986,730,256,16.8523973,74.5814773
MAHARASHTRA,Urban,Sangli,Train,2585,2174,411,0,0,0,185,142,43,315,250,65,144,115,29,139,119,20,132,121,11,595,519,76,674,584,90,401,324,77,16.8523973,74.5814773
MAHARASHTRA,Urban,Sangli,Water transport,57,46,11,0,0,0,7,6,1,7,6,1,8,6,2,6,5,1,3,3,0,6,5,1,6,4,2,14,11,3,16.8523973,74.5814773
MAHARASHTRA,Urban,Sangli,Any other,851,750,101,0,0,0,70,66,4,207,185,22,160,125,35,70,60,10,34,31,3,64,62,2,83,81,2,163,140,23,16.8523973,74.5814773
MAHARASHTRA,Urban,Sangli,No travel,52746,36893,15853,52746,36893,15853,0,0,0,0,0,0,0,0,0,0,0,0,0,0,0,0,0,0,0,0,0,0,0,0,16.8523973,74.5814773
MADHYA PRADESH,Total,Jhabua,All Modes,65165,45671,19494,23785,15488,8297,14713,10421,4292,11632,8298,3334,6129,4465,1664,3716,2960,756,1382,1135,247,1217,988,229,2006,1453,553,585,463,122,22.769666,74.5920921
MADHYA PRADESH,Total,Jhabua,On foot,20476,13577,6899,0,0,0,12075,8135,3940,6337,4032,2305,2064,1410,654,0,0,0,0,0,0,0,0,0,0,0,0,0,0,0,22.769666,74.5920921
MADHYA PRADESH,Total,Jhabua,Bicycle,2427,2150,277,0,0,0,288,252,36,1232,1117,115,572,491,81,182,149,33,153,141,12,0,0,0,0,0,0,0,0,0,22.769666,74.5920921
MADHYA PRADESH,Total,Jhabua,Moped/Scooter/Motor Cycle,7500,6835,665,0,0,0,1844,1657,187,2263,2002,261,1205,1110,95,1158,1101,57,377,346,31,275,262,13,141,136,5,237,221,16,22.769666,74.5920921
MADHYA PRADESH,Total,Jhabua,Car/Jeep/Van,862,719,143,0,0,0,117,98,19,157,124,33,164,127,37,167,137,30,49,45,4,97,87,10,74,70,4,37,31,6,22.769666,74.5920921
MADHYA PRADESH,Total,Jhabua,Tempo/Autorickshaw/Taxi,980,661,319,0,0,0,65,48,17,384,253,131,347,232,115,108,74,34,33,27,6,13,11,2,10,9,1,20,7,13,22.769666,74.5920921
MADHYA PRADESH,Total,Jhabua,Bus,7685,5188,2497,0,0,0,231,156,75,1132,681,451,1609,996,613,2008,1419,589,728,539,189,643,479,164,1151,802,349,183,116,67,22.769666,74.5920921
MADHYA PRADESH,Total,Jhabua,Train,1015,758,257,0,0,0,53,43,10,51,37,14,43,34,9,45,40,5,37,33,4,141,120,21,558,378,180,87,73,14,22.769666,74.5920921
MADHYA PRADESH,Total,Jhabua,Water transport,26,18,8,0,0,0,12,9,3,2,1,1,3,2,1,0,0,0,0,0,0,0,0,0,3,3,0,6,3,3,22.769666,74.5920921
MADHYA PRADESH,Total,Jhabua,Any other,409,277,132,0,0,0,28,23,5,74,51,23,122,63,59,48,40,8,5,4,1,48,29,19,69,55,14,15,12,3,22.769666,74.5920921
MADHYA PRADESH,Total,Jhabua,No travel,23785,15488,8297,23785,15488,8297,0,0,0,0,0,0,0,0,0,0,0,0,0,0,0,0,0,0,0,0,0,0,0,0,22.769666,74.5920921
MADHYA PRADESH,Rural,Jhabua,All Modes,39015,25567,13448,15260,9232,6028,6671,4051,2620,7661,5208,2453,4137,2955,1182,2099,1745,354,754,637,117,668,532,136,1494,1005,489,271,202,69,22.769666,74.5920921
MADHYA PRADESH,Rural,Jhabua,On foot,11405,6630,4775,0,0,0,5972,3463,2509,4317,2500,1817,1116,667,449,0,0,0,0,0,0,0,0,0,0,0,0,0,0,0,22.769666,74.5920921
MADHYA PRADESH,Rural,Jhabua,Bicycle,1846,1599,247,0,0,0,137,110,27,938,837,101,519,440,79,159,129,30,93,83,10,0,0,0,0,0,0,0,0,0,22.769666,74.5920921
MADHYA PRADESH,Rural,Jhabua,Moped/Scooter/Motor Cycle,3357,3134,223,0,0,0,336,315,21,1085,991,94,813,750,63,665,642,23,200,188,12,129,125,4,76,73,3,53,50,3,22.769666,74.5920921
MADHYA PRADESH,Rural,Jhabua,Car/Jeep/Van,438,359,79,0,0,0,29,22,7,89,66,23,118,94,24,109,95,14,23,19,4,30,28,2,27,24,3,13,11,2,22.769666,74.5920921
MADHYA PRADESH,Rural,Jhabua,Tempo/Autorickshaw/Taxi,766,514,252,0,0,0,34,21,13,297,203,94,310,209,101,83,52,31,19,15,4,7,5,2,5,4,1,11,5,6,22.769666,74.5920921
MADHYA PRADESH,Rural,Jhabua,Bus,4735,3249,1486,0,0,0,103,72,31,821,533,288,1106,707,399,1002,757,245,384,301,83,350,257,93,865,558,307,104,64,40,22.769666,74.5920921
MADHYA PRADESH,Rural,Jhabua,Train,842,621,221,0,0,0,35,29,6,44,32,12,34,27,7,40,36,4,31,28,3,108,92,16,477,316,161,73,61,12,22.769666,74.5920921
MADHYA PRADESH,Rural,Jhabua,Water transport,20,12,8,0,0,0,10,7,3,1,0,1,2,1,1,0,0,0,0,0,0,0,0,0,2,2,0,5,2,3,22.769666,74.5920921
MADHYA PRADESH,Rural,Jhabua,Any other,346,217,129,0,0,0,15,12,3,69,46,23,119,60,59,41,34,7,4,3,1,44,25,19,42,28,14,12,9,3,22.769666,74.5920921
MADHYA PRADESH,Rural,Jhabua,No travel,15260,9232,6028,15260,9232,6028,0,0,0,0,0,0,0,0,0,0,0,0,0,0,0,0,0,0,0,0,0,0,0,0,22.769666,74.5920921
MADHYA PRADESH,Urban,Jhabua,All Modes,26150,20104,6046,8525,6256,2269,8042,6370,1672,3971,3090,881,1992,1510,482,1617,1215,402,628,498,130,549,456,93,512,448,64,314,261,53,22.769666,74.5920921
MADHYA PRADESH,Urban,Jhabua,On foot,9071,6947,2124,0,0,0,6103,4672,1431,2020,1532,488,948,743,205,0,0,0,0,0,0,0,0,0,0,0,0,0,0,0,22.769666,74.5920921
MADHYA PRADESH,Urban,Jhabua,Bicycle,581,551,30,0,0,0,151,142,9,294,280,14,53,51,2,23,20,3,60,58,2,0,0,0,0,0,0,0,0,0,22.769666,74.5920921
MADHYA PRADESH,Urban,Jhabua,Moped/Scooter/Motor Cycle,4143,3701,442,0,0,0,1508,1342,166,1178,1011,167,392,360,32,493,459,34,177,158,19,146,137,9,65,63,2,184,171,13,22.769666,74.5920921
MADHYA PRADESH,Urban,Jhabua,Car/Jeep/Van,424,360,64,0,0,0,88,76,12,68,58,10,46,33,13,58,42,16,26,26,0,67,59,8,47,46,1,24,20,4,22.769666,74.5920921
MADHYA PRADESH,Urban,Jhabua,Tempo/Autorickshaw/Taxi,214,147,67,0,0,0,31,27,4,87,50,37,37,23,14,25,22,3,14,12,2,6,6,0,5,5,0,9,2,7,22.769666,74.5920921
MADHYA PRADESH,Urban,Jhabua,Bus,2950,1939,1011,0,0,0,128,84,44,311,148,163,503,289,214,1006,662,344,344,238,106,293,222,71,286,244,42,79,52,27,22.769666,74.5920921
MADHYA PRADESH,Urban,Jhabua,Train,173,137,36,0,0,0,18,14,4,7,5,2,9,7,2,5,4,1,6,5,1,33,28,5,81,62,19,14,12,2,22.769666,74.5920921
MADHYA PRADESH,Urban,Jhabua,Water transport,6,6,0,0,0,0,2,2,0,1,1,0,1,1,0,0,0,0,0,0,0,0,0,0,1,1,0,1,1,0,22.769666,74.5920921
MADHYA PRADESH,Urban,Jhabua,Any other,63,60,3,0,0,0,13,11,2,5,5,0,3,3,0,7,6,1,1,1,0,4,4,0,27,27,0,3,3,0,22.769666,74.5920921
MADHYA PRADESH,Urban,Jhabua,No travel,8525,6256,2269,8525,6256,2269,0,0,0,0,0,0,0,0,0,0,0,0,0,0,0,0,0,0,0,0,0,0,0,0,22.769666,74.5920921
PUNJAB,Total,Firozpur,All Modes,322360,264707,57653,107738,79422,28316,58772,48259,10513,78984,69634,9350,37468,32430,5038,16380,14556,1824,8646,7784,862,4518,3900,618,5903,5193,710,3951,3529,422,30.9331348,74.6224755
PUNJAB,Total,Firozpur,On foot,70013,54366,15647,0,0,0,37477,28536,8941,20569,16467,4102,11967,9363,2604,0,0,0,0,0,0,0,0,0,0,0,0,0,0,0,30.9331348,74.6224755
PUNJAB,Total,Firozpur,Bicycle,59065,56704,2361,0,0,0,8469,8137,332,31142,29833,1309,11951,11534,417,3948,3827,121,3555,3373,182,0,0,0,0,0,0,0,0,0,30.9331348,74.6224755
PUNJAB,Total,Firozpur,Moped/Scooter/Motor Cycle,49994,45297,4697,0,0,0,10855,10009,846,20192,17913,2279,8179,7362,817,5981,5552,429,1572,1485,87,919,853,66,322,296,26,1974,1827,147,30.9331348,74.6224755
PUNJAB,Total,Firozpur,Car/Jeep/Van,5658,4420,1238,0,0,0,551,455,96,1742,1300,442,909,668,241,944,712,232,425,337,88,388,338,50,413,369,44,286,241,45,30.9331348,74.6224755
PUNJAB,Total,Firozpur,Tempo/Autorickshaw/Taxi,5501,4165,1336,0,0,0,370,254,116,2067,1411,656,1363,1074,289,1040,860,180,198,169,29,123,106,17,121,109,12,219,182,37,30.9331348,74.6224755
PUNJAB,Total,Firozpur,Bus,16546,13125,3421,0,0,0,301,209,92,1173,748,425,2180,1606,574,3916,3093,823,2523,2079,444,2426,2006,420,3334,2825,509,693,559,134,30.9331348,74.6224755
PUNJAB,Total,Firozpur,Train,3672,3317,355,0,0,0,274,239,35,535,491,44,230,199,31,278,255,23,257,232,25,500,443,57,1250,1144,106,348,314,34,30.9331348,74.6224755
PUNJAB,Total,Firozpur,Water transport,121,100,21,0,0,0,23,19,4,22,18,4,16,11,5,9,8,1,11,10,1,10,10,0,18,16,2,12,8,4,30.9331348,74.6224755
PUNJAB,Total,Firozpur,Any other,4052,3791,261,0,0,0,452,401,51,1542,1453,89,673,613,60,264,249,15,105,99,6,152,144,8,445,434,11,419,398,21,30.9331348,74.6224755
PUNJAB,Total,Firozpur,No travel,107738,79422,28316,107738,79422,28316,0,0,0,0,0,0,0,0,0,0,0,0,0,0,0,0,0,0,0,0,0,0,0,0,30.9331348,74.6224755
PUNJAB,Rural,Firozpur,All Modes,150855,118546,32309,64262,44083,20179,17856,12978,4878,26689,23543,3146,20967,18461,2506,10776,10101,675,4340,4034,306,1859,1669,190,2594,2356,238,1512,1321,191,30.9331348,74.6224755
PUNJAB,Rural,Firozpur,On foot,24637,17003,7634,0,0,0,14077,9514,4563,5861,4244,1617,4699,3245,1454,0,0,0,0,0,0,0,0,0,0,0,0,0,0,0,30.9331348,74.6224755
PUNJAB,Rural,Firozpur,Bicycle,29202,27974,1228,0,0,0,2104,1980,124,13726,13095,631,8651,8358,293,3089,3005,84,1632,1536,96,0,0,0,0,0,0,0,0,0,30.9331348,74.6224755
PUNJAB,Rural,Firozpur,Moped/Scooter/Motor Cycle,16173,15142,1031,0,0,0,1087,1004,83,4688,4301,387,4608,4331,277,3742,3565,177,918,880,38,394,375,19,136,128,8,600,558,42,30.9331348,74.6224755
PUNJAB,Rural,Firozpur,Car/Jeep/Van,1926,1533,393,0,0,0,91,71,20,415,283,132,442,339,103,431,366,65,156,135,21,133,121,12,139,123,16,119,95,24,30.9331348,74.6224755
PUNJAB,Rural,Firozpur,Tempo/Autorickshaw/Taxi,2544,2201,343,0,0,0,76,66,10,630,519,111,767,652,115,757,672,85,118,112,6,45,44,1,62,57,5,89,79,10,30.9331348,74.6224755
PUNJAB,Rural,Firozpur,Bus,8878,7665,1213,0,0,0,132,104,28,709,502,207,1330,1129,201,2412,2167,245,1342,1210,132,1021,888,133,1532,1343,189,400,322,78,30.9331348,74.6224755
PUNJAB,Rural,Firozpur,Train,1433,1321,112,0,0,0,85,68,17,146,131,15,117,109,8,165,154,11,97,89,8,173,154,19,468,452,16,182,164,18,30.9331348,74.6224755
PUNJAB,Rural,Firozpur,Water transport,62,49,13,0,0,0,14,10,4,9,8,1,9,7,2,7,6,1,5,5,0,5,5,0,7,6,1,6,2,4,30.9331348,74.6224755
PUNJAB,Rural,Firozpur,Any other,1738,1575,163,0,0,0,190,161,29,505,460,45,344,291,53,173,166,7,72,67,5,88,82,6,250,247,3,116,101,15,30.9331348,74.6224755
PUNJAB,Rural,Firozpur,No travel,64262,44083,20179,64262,44083,20179,0,0,0,0,0,0,0,0,0,0,0,0,0,0,0,0,0,0,0,0,0,0,0,0,30.9331348,74.6224755
PUNJAB,Urban,Firozpur,All Modes,171505,146161,25344,43476,35339,8137,40916,35281,5635,52295,46091,6204,16501,13969,2532,5604,4455,1149,4306,3750,556,2659,2231,428,3309,2837,472,2439,2208,231,30.9331348,74.6224755
PUNJAB,Urban,Firozpur,On foot,45376,37363,8013,0,0,0,23400,19022,4378,14708,12223,2485,7268,6118,1150,0,0,0,0,0,0,0,0,0,0,0,0,0,0,0,30.9331348,74.6224755
PUNJAB,Urban,Firozpur,Bicycle,29863,28730,1133,0,0,0,6365,6157,208,17416,16738,678,3300,3176,124,859,822,37,1923,1837,86,0,0,0,0,0,0,0,0,0,30.9331348,74.6224755
PUNJAB,Urban,Firozpur,Moped/Scooter/Motor Cycle,33821,30155,3666,0,0,0,9768,9005,763,15504,13612,1892,3571,3031,540,2239,1987,252,654,605,49,525,478,47,186,168,18,1374,1269,105,30.9331348,74.6224755
PUNJAB,Urban,Firozpur,Car/Jeep/Van,3732,2887,845,0,0,0,460,384,76,1327,1017,310,467,329,138,513,346,167,269,202,67,255,217,38,274,246,28,167,146,21,30.9331348,74.6224755
PUNJAB,Urban,Firozpur,Tempo/Autorickshaw/Taxi,2957,1964,993,0,0,0,294,188,106,1437,892,545,596,422,174,283,188,95,80,57,23,78,62,16,59,52,7,130,103,27,30.9331348,74.6224755
PUNJAB,Urban,Firozpur,Bus,7668,5460,2208,0,0,0,169,105,64,464,246,218,850,477,373,1504,926,578,1181,869,312,1405,1118,287,1802,1482,320,293,237,56,30.9331348,74.6224755
PUNJAB,Urban,Firozpur,Train,2239,1996,243,0,0,0,189,171,18,389,360,29,113,90,23,113,101,12,160,143,17,327,289,38,782,692,90,166,150,16,30.9331348,74.6224755
PUNJAB,Urban,Firozpur,Water transport,59,51,8,0,0,0,9,9,0,13,10,3,7,4,3,2,2,0,6,5,1,5,5,0,11,10,1,6,6,0,30.9331348,74.6224755
PUNJAB,Urban,Firozpur,Any other,2314,2216,98,0,0,0,262,240,22,1037,993,44,329,322,7,91,83,8,33,32,1,64,62,2,195,187,8,303,297,6,30.9331348,74.6224755
PUNJAB,Urban,Firozpur,No travel,43476,35339,8137,43476,35339,8137,0,0,0,0,0,0,0,0,0,0,0,0,0,0,0,0,0,0,0,0,0,0,0,0,30.9331348,74.6224755
RAJASTHAN,Total,Chittaurgarh,All Modes,210650,167193,43457,64642,43764,20878,37631,29101,8530,50148,41145,9003,25250,22403,2847,14851,13833,1018,5989,5592,397,4060,3834,226,5719,5381,338,2360,2140,220,24.8834875,74.6229741
RAJASTHAN,Total,Chittaurgarh,On foot,45915,30721,15194,0,0,0,25690,17943,7747,15486,9342,6144,4739,3436,1303,0,0,0,0,0,0,0,0,0,0,0,0,0,0,0,24.8834875,74.6229741
RAJASTHAN,Total,Chittaurgarh,Bicycle,23161,22218,943,0,0,0,3568,3398,170,12946,12389,557,4226,4107,119,1197,1162,35,1224,1162,62,0,0,0,0,0,0,0,0,0,24.8834875,74.6229741
RAJASTHAN,Total,Chittaurgarh,Moped/Scooter/Motor Cycle,38500,36416,2084,0,0,0,6402,6073,329,15539,14539,1000,7630,7227,403,4875,4672,203,1555,1516,39,935,914,21,544,526,18,1020,949,71,24.8834875,74.6229741
RAJASTHAN,Total,Chittaurgarh,Car/Jeep/Van,3832,3550,282,0,0,0,486,441,45,1008,898,110,699,646,53,758,721,37,241,227,14,253,247,6,262,251,11,125,119,6,24.8834875,74.6229741
RAJASTHAN,Total,Chittaurgarh,Tempo/Autorickshaw/Taxi,6912,5724,1188,0,0,0,331,268,63,1954,1397,557,1988,1660,328,1746,1578,168,406,381,25,165,158,7,136,130,6,186,152,34,24.8834875,74.6229741
RAJASTHAN,Total,Chittaurgarh,Bus,23903,21387,2516,0,0,0,831,701,130,2323,1828,495,5418,4837,581,5895,5340,555,2355,2114,241,2478,2301,177,3840,3587,253,763,679,84,24.8834875,74.6229741
RAJASTHAN,Total,Chittaurgarh,Train,1898,1736,162,0,0,0,178,158,20,434,387,47,214,199,15,134,126,8,58,54,4,81,73,8,640,598,42,159,141,18,24.8834875,74.6229741
RAJASTHAN,Total,Chittaurgarh,Water transport,70,50,20,0,0,0,19,7,12,7,6,1,12,11,1,6,5,1,6,5,1,4,3,1,8,8,0,8,5,3,24.8834875,74.6229741
RAJASTHAN,Total,Chittaurgarh,Any other,1817,1627,190,0,0,0,126,112,14,451,359,92,324,280,44,240,229,11,144,133,11,144,138,6,289,281,8,99,95,4,24.8834875,74.6229741
RAJASTHAN,Total,Chittaurgarh,No travel,64642,43764,20878,64642,43764,20878,0,0,0,0,0,0,0,0,0,0,0,0,0,0,0,0,0,0,0,0,0,0,0,0,24.8834875,74.6229741
RAJASTHAN,Rural,Chittaurgarh,All Modes,125306,97069,28237,45713,30760,14953,17740,12378,5362,24165,18839,5326,15034,13496,1538,9758,9312,446,4398,4206,192,3026,2916,110,4182,3969,213,1290,1193,97,24.8834875,74.6229741
RAJASTHAN,Rural,Chittaurgarh,On foot,25859,15794,10065,0,0,0,14326,9246,5080,8807,4631,4176,2726,1917,809,0,0,0,0,0,0,0,0,0,0,0,0,0,0,0,24.8834875,74.6229741
RAJASTHAN,Rural,Chittaurgarh,Bicycle,13436,12887,549,0,0,0,1194,1091,103,7230,6919,311,3262,3189,73,994,969,25,756,719,37,0,0,0,0,0,0,0,0,0,24.8834875,74.6229741
RAJASTHAN,Rural,Chittaurgarh,Moped/Scooter/Motor Cycle,18107,17399,708,0,0,0,1495,1427,68,5500,5209,291,4765,4593,172,3604,3498,106,1205,1184,21,718,710,8,350,339,11,470,439,31,24.8834875,74.6229741
RAJASTHAN,Rural,Chittaurgarh,Car/Jeep/Van,1536,1444,92,0,0,0,123,111,12,194,171,23,284,263,21,419,400,19,173,165,8,165,163,2,126,121,5,52,50,2,24.8834875,74.6229741
RAJASTHAN,Rural,Chittaurgarh,Tempo/Autorickshaw/Taxi,3906,3459,447,0,0,0,112,94,18,681,516,165,1025,880,145,1434,1345,89,353,340,13,126,122,4,85,82,3,90,80,10,24.8834875,74.6229741
RAJASTHAN,Rural,Chittaurgarh,Bus,14117,12968,1149,0,0,0,325,277,48,1173,924,249,2573,2302,271,3008,2814,194,1741,1639,102,1857,1771,86,2927,2768,159,513,473,40,24.8834875,74.6229741
RAJASTHAN,Rural,Chittaurgarh,Train,1123,1036,87,0,0,0,76,63,13,213,187,26,131,124,7,87,85,2,34,34,0,41,37,4,453,426,27,88,80,8,24.8834875,74.6229741
RAJASTHAN,Rural,Chittaurgarh,Water transport,51,36,15,0,0,0,16,6,10,4,4,0,9,8,1,5,4,1,3,3,0,2,2,0,7,7,0,5,2,3,24.8834875,74.6229741
RAJASTHAN,Rural,Chittaurgarh,Any other,1458,1286,172,0,0,0,73,63,10,363,278,85,259,220,39,207,197,10,133,122,11,117,111,6,234,226,8,72,69,3,24.8834875,74.6229741
RAJASTHAN,Rural,Chittaurgarh,No travel,45713,30760,14953,45713,30760,14953,0,0,0,0,0,0,0,0,0,0,0,0,0,0,0,0,0,0,0,0,0,0,0,0,24.8834875,74.6229741
RAJASTHAN,Urban,Chittaurgarh,All Modes,85344,70124,15220,18929,13004,5925,19891,16723,3168,25983,22306,3677,10216,8907,1309,5093,4521,572,1591,1386,205,1034,918,116,1537,1412,125,1070,947,123,24.8834875,74.6229741
RAJASTHAN,Urban,Chittaurgarh,On foot,20056,14927,5129,0,0,0,11364,8697,2667,6679,4711,1968,2013,1519,494,0,0,0,0,0,0,0,0,0,0,0,0,0,0,0,24.8834875,74.6229741
RAJASTHAN,Urban,Chittaurgarh,Bicycle,9725,9331,394,0,0,0,2374,2307,67,5716,5470,246,964,918,46,203,193,10,468,443,25,0,0,0,0,0,0,0,0,0,24.8834875,74.6229741
RAJASTHAN,Urban,Chittaurgarh,Moped/Scooter/Motor Cycle,20393,19017,1376,0,0,0,4907,4646,261,10039,9330,709,2865,2634,231,1271,1174,97,350,332,18,217,204,13,194,187,7,550,510,40,24.8834875,74.6229741
RAJASTHAN,Urban,Chittaurgarh,Car/Jeep/Van,2296,2106,190,0,0,0,363,330,33,814,727,87,415,383,32,339,321,18,68,62,6,88,84,4,136,130,6,73,69,4,24.8834875,74.6229741
RAJASTHAN,Urban,Chittaurgarh,Tempo/Autorickshaw/Taxi,3006,2265,741,0,0,0,219,174,45,1273,881,392,963,780,183,312,233,79,53,41,12,39,36,3,51,48,3,96,72,24,24.8834875,74.6229741
RAJASTHAN,Urban,Chittaurgarh,Bus,9786,8419,1367,0,0,0,506,424,82,1150,904,246,2845,2535,310,2887,2526,361,614,475,139,621,530,91,913,819,94,250,206,44,24.8834875,74.6229741
RAJASTHAN,Urban,Chittaurgarh,Train,775,700,75,0,0,0,102,95,7,221,200,21,83,75,8,47,41,6,24,20,4,40,36,4,187,172,15,71,61,10,24.8834875,74.6229741
RAJASTHAN,Urban,Chittaurgarh,Water transport,19,14,5,0,0,0,3,1,2,3,2,1,3,3,0,1,1,0,3,2,1,2,1,1,1,1,0,3,3,0,24.8834875,74.6229741
RAJASTHAN,Urban,Chittaurgarh,Any other,359,341,18,0,0,0,53,49,4,88,81,7,65,60,5,33,32,1,11,11,0,27,27,0,55,55,0,27,26,1,24.8834875,74.6229741
RAJASTHAN,Urban,Chittaurgarh,No travel,18929,13004,5925,18929,13004,5925,0,0,0,0,0,0,0,0,0,0,0,0,0,0,0,0,0,0,0,0,0,0,0,0,24.8834875,74.6229741
RAJASTHAN,Total,Bhilwara,All Modes,399796,305026,94770,119983,79631,40352,62812,42582,20230,100228,78076,22152,46261,39187,7074,22766,21077,1689,13266,12410,856,10088,9366,722,11981,11323,658,12411,11374,1037,25.3407388,74.6313183
RAJASTHAN,Total,Bhilwara,On foot,90064,50297,39767,0,0,0,45275,26502,18773,33030,16462,16568,11759,7333,4426,0,0,0,0,0,0,0,0,0,0,0,0,0,0,0,25.3407388,74.6313183
RAJASTHAN,Total,Bhilwara,Bicycle,34477,33109,1368,0,0,0,4156,3934,222,19790,19006,784,5895,5712,183,1336,1307,29,3300,3150,150,0,0,0,0,0,0,0,0,0,25.3407388,74.6313183
RAJASTHAN,Total,Bhilwara,Moped/Scooter/Motor Cycle,77911,73207,4704,0,0,0,9184,8582,602,32831,30461,2370,15286,14490,796,8920,8577,343,2970,2854,116,2001,1927,74,928,898,30,5791,5418,373,25.3407388,74.6313183
RAJASTHAN,Total,Bhilwara,Car/Jeep/Van,7697,7075,622,0,0,0,844,763,81,2293,2092,201,1329,1187,142,1124,1058,66,465,432,33,583,558,25,481,458,23,578,527,51,25.3407388,74.6313183
RAJASTHAN,Total,Bhilwara,Tempo/Autorickshaw/Taxi,17867,15463,2404,0,0,0,1010,850,160,6257,5135,1122,4948,4328,620,2808,2547,261,657,629,28,520,483,37,254,244,10,1413,1247,166,25.3407388,74.6313183
RAJASTHAN,Total,Bhilwara,Bus,45235,40287,4948,0,0,0,1777,1471,306,5071,4105,966,6427,5591,836,8005,7059,946,5596,5078,518,6657,6080,577,8106,7624,482,3596,3279,317,25.3407388,74.6313183
RAJASTHAN,Total,Bhilwara,Train,3154,2851,303,0,0,0,208,164,44,215,171,44,116,107,9,84,75,9,58,53,5,73,69,4,1681,1575,106,719,637,82,25.3407388,74.6313183
RAJASTHAN,Total,Bhilwara,Water transport,100,86,14,0,0,0,23,17,6,18,16,2,11,11,0,12,11,1,2,2,0,4,4,0,11,11,0,19,14,5,25.3407388,74.6313183
RAJASTHAN,Total,Bhilwara,Any other,3308,3020,288,0,0,0,335,299,36,723,628,95,490,428,62,477,443,34,218,212,6,250,245,5,520,513,7,295,252,43,25.3407388,74.6313183
RAJASTHAN,Total,Bhilwara,No travel,119983,79631,40352,119983,79631,40352,0,0,0,0,0,0,0,0,0,0,0,0,0,0,0,0,0,0,0,0,0,0,0,0,25.3407388,74.6313183
RAJASTHAN,Rural,Bhilwara,All Modes,243443,176728,66715,86424,56583,29841,37677,22241,15436,45632,30781,14851,24993,20692,4301,16052,15309,743,9290,8898,392,7860,7495,365,9636,9218,418,5879,5511,368,25.3407388,74.6313183
RAJASTHAN,Rural,Bhilwara,On foot,61450,30319,31131,0,0,0,30588,15764,14824,23179,10094,13085,7683,4461,3222,0,0,0,0,0,0,0,0,0,0,0,0,0,0,0,25.3407388,74.6313183
RAJASTHAN,Rural,Bhilwara,Bicycle,14987,14381,606,0,0,0,1709,1603,106,7397,7074,323,3507,3416,91,1025,1004,21,1349,1284,65,0,0,0,0,0,0,0,0,0,25.3407388,74.6313183
RAJASTHAN,Rural,Bhilwara,Moped/Scooter/Motor Cycle,32229,30845,1384,0,0,0,3080,2899,181,9032,8495,537,7621,7330,291,6369,6199,170,2232,2168,64,1510,1469,41,603,591,12,1782,1694,88,25.3407388,74.6313183
RAJASTHAN,Rural,Bhilwara,Car/Jeep/Van,3094,2838,256,0,0,0,386,343,43,462,411,51,508,414,94,638,615,23,303,296,7,356,342,14,243,234,9,198,183,15,25.3407388,74.6313183
RAJASTHAN,Rural,Bhilwara,Tempo/Autorickshaw/Taxi,7212,6569,643,0,0,0,363,307,56,1717,1491,226,1545,1388,157,2052,1928,124,525,507,18,403,379,24,185,181,4,422,388,34,25.3407388,74.6313183
RAJASTHAN,Rural,Bhilwara,Bus,32792,30340,2452,0,0,0,1168,996,172,3247,2708,539,3701,3295,406,5506,5128,378,4647,4413,234,5317,5036,281,6581,6281,300,2625,2483,142,25.3407388,74.6313183
RAJASTHAN,Rural,Bhilwara,Train,2680,2444,236,0,0,0,156,118,38,127,97,30,70,66,4,63,61,2,43,42,1,44,43,1,1535,1447,88,642,570,72,25.3407388,74.6313183
RAJASTHAN,Rural,Bhilwara,Water transport,40,34,6,0,0,0,12,8,4,2,2,0,2,2,0,7,6,1,1,1,0,2,2,0,9,9,0,5,4,1,25.3407388,74.6313183
RAJASTHAN,Rural,Bhilwara,Any other,2535,2375,160,0,0,0,215,203,12,469,409,60,356,320,36,392,368,24,190,187,3,228,224,4,480,475,5,205,189,16,25.3407388,74.6313183
RAJASTHAN,Rural,Bhilwara,No travel,86424,56583,29841,86424,56583,29841,0,0,0,0,0,0,0,0,0,0,0,0,0,0,0,0,0,0,0,0,0,0,0,0,25.3407388,74.6313183
RAJASTHAN,Urban,Bhilwara,All Modes,156353,128298,28055,33559,23048,10511,25135,20341,4794,54596,47295,7301,21268,18495,2773,6714,5768,946,3976,3512,464,2228,1871,357,2345,2105,240,6532,5863,669,25.3407388,74.6313183
RAJASTHAN,Urban,Bhilwara,On foot,28614,19978,8636,0,0,0,14687,10738,3949,9851,6368,3483,4076,2872,1204,0,0,0,0,0,0,0,0,0,0,0,0,0,0,0,25.3407388,74.6313183
RAJASTHAN,Urban,Bhilwara,Bicycle,19490,18728,762,0,0,0,2447,2331,116,12393,11932,461,2388,2296,92,311,303,8,1951,1866,85,0,0,0,0,0,0,0,0,0,25.3407388,74.6313183
RAJASTHAN,Urban,Bhilwara,Moped/Scooter/Motor Cycle,45682,42362,3320,0,0,0,6104,5683,421,23799,21966,1833,7665,7160,505,2551,2378,173,738,686,52,491,458,33,325,307,18,4009,3724,285,25.3407388,74.6313183
RAJASTHAN,Urban,Bhilwara,Car/Jeep/Van,4603,4237,366,0,0,0,458,420,38,1831,1681,150,821,773,48,486,443,43,162,136,26,227,216,11,238,224,14,380,344,36,25.3407388,74.6313183
RAJASTHAN,Urban,Bhilwara,Tempo/Autorickshaw/Taxi,10655,8894,1761,0,0,0,647,543,104,4540,3644,896,3403,2940,463,756,619,137,132,122,10,117,104,13,69,63,6,991,859,132,25.3407388,74.6313183
RAJASTHAN,Urban,Bhilwara,Bus,12443,9947,2496,0,0,0,609,475,134,1824,1397,427,2726,2296,430,2499,1931,568,949,665,284,1340,1044,296,1525,1343,182,971,796,175,25.3407388,74.6313183
RAJASTHAN,Urban,Bhilwara,Train,474,407,67,0,0,0,52,46,6,88,74,14,46,41,5,21,14,7,15,11,4,29,26,3,146,128,18,77,67,10,25.3407388,74.6313183
RAJASTHAN,Urban,Bhilwara,Water transport,60,52,8,0,0,0,11,9,2,16,14,2,9,9,0,5,5,0,1,1,0,2,2,0,2,2,0,14,10,4,25.3407388,74.6313183
RAJASTHAN,Urban,Bhilwara,Any other,773,645,128,0,0,0,120,96,24,254,219,35,134,108,26,85,75,10,28,25,3,22,21,1,40,38,2,90,63,27,25.3407388,74.6313183
RAJASTHAN,Urban,Bhilwara,No travel,33559,23048,10511,33559,23048,10511,0,0,0,0,0,0,0,0,0,0,0,0,0,0,0,0,0,0,0,0,0,0,0,0,25.3407388,74.6313183
RAJASTHAN,Total,Ajmer,All Modes,573741,447712,126029,143723,98522,45201,91518,64610,26908,175476,138115,37361,74589,65863,8726,38255,35166,3089,19012,17412,1600,12595,11267,1328,14390,13010,1380,4183,3747,436,26.4498954,74.6399163
RAJASTHAN,Total,Ajmer,On foot,136376,82142,54234,0,0,0,64321,39940,24381,60915,34064,26851,11140,8138,3002,0,0,0,0,0,0,0,0,0,0,0,0,0,0,0,26.4498954,74.6399163
RAJASTHAN,Total,Ajmer,Bicycle,60010,57909,2101,0,0,0,6071,5781,290,37025,35677,1348,12893,12565,328,2157,2112,45,1864,1774,90,0,0,0,0,0,0,0,0,0,26.4498954,74.6399163
RAJASTHAN,Total,Ajmer,Moped/Scooter/Motor Cycle,115680,107822,7858,0,0,0,14525,13483,1042,55192,51102,4090,27443,25582,1861,10835,10340,495,3213,3103,110,1873,1795,78,878,830,48,1721,1587,134,26.4498954,74.6399163
RAJASTHAN,Total,Ajmer,Car/Jeep/Van,14910,13041,1869,0,0,0,1345,1158,187,3603,3015,588,3320,2948,372,2986,2660,326,1418,1281,137,1092,938,154,831,757,74,315,284,31,26.4498954,74.6399163
RAJASTHAN,Total,Ajmer,Tempo/Autorickshaw/Taxi,26459,21353,5106,0,0,0,1867,1467,400,9982,7365,2617,8532,7036,1496,3989,3610,379,830,776,54,518,463,55,285,253,32,456,383,73,26.4498954,74.6399163
RAJASTHAN,Total,Ajmer,Bus,66333,57422,8911,0,0,0,2429,1942,487,7069,5382,1687,10060,8491,1569,17376,15578,1798,11017,9844,1173,8418,7406,1012,8899,7860,1039,1065,919,146,26.4498954,74.6399163
RAJASTHAN,Total,Ajmer,Train,4409,3979,430,0,0,0,282,230,52,499,429,70,278,243,35,199,184,15,298,273,25,312,288,24,2227,2054,173,314,278,36,26.4498954,74.6399163
RAJASTHAN,Total,Ajmer,Water transport,189,161,28,0,0,0,68,50,18,27,24,3,28,24,4,11,11,0,11,11,0,7,7,0,19,19,0,18,15,3,26.4498954,74.6399163
RAJASTHAN,Total,Ajmer,Any other,5652,5361,291,0,0,0,610,559,51,1164,1057,107,895,836,59,702,671,31,361,350,11,375,370,5,1251,1237,14,294,281,13,26.4498954,74.6399163
RAJASTHAN,Total,Ajmer,No travel,143723,98522,45201,143723,98522,45201,0,0,0,0,0,0,0,0,0,0,0,0,0,0,0,0,0,0,0,0,0,0,0,0,26.4498954,74.6399163
RAJASTHAN,Rural,Ajmer,All Modes,265292,188575,76717,75424,46519,28905,39281,21427,17854,57841,35150,22691,32972,29053,3919,28608,27027,1581,12429,11844,585,9048,8462,586,8052,7582,470,1637,1511,126,26.4498954,74.6399163
RAJASTHAN,Rural,Ajmer,On foot,69389,30208,39181,0,0,0,31924,14799,17125,32382,12186,20196,5083,3223,1860,0,0,0,0,0,0,0,0,0,0,0,0,0,0,0,26.4498954,74.6399163
RAJASTHAN,Rural,Ajmer,Bicycle,17937,17078,859,0,0,0,1396,1267,129,8923,8409,514,5716,5568,148,1329,1302,27,573,532,41,0,0,0,0,0,0,0,0,0,26.4498954,74.6399163
RAJASTHAN,Rural,Ajmer,Moped/Scooter/Motor Cycle,29550,28470,1080,0,0,0,2452,2336,116,8028,7649,379,8454,8162,292,6705,6522,183,2033,1991,42,1164,1130,34,363,355,8,351,325,26,26.4498954,74.6399163
RAJASTHAN,Rural,Ajmer,Car/Jeep/Van,7235,6740,495,0,0,0,569,515,54,832,719,113,1636,1526,110,2198,2053,145,879,851,28,656,630,26,337,327,10,128,119,9,26.4498954,74.6399163
RAJASTHAN,Rural,Ajmer,Tempo/Autorickshaw/Taxi,12305,10711,1594,0,0,0,834,699,135,2671,2106,565,4504,3880,624,2996,2789,207,646,626,20,339,318,21,165,158,7,150,135,15,26.4498954,74.6399163
RAJASTHAN,Rural,Ajmer,Bus,47631,43350,4281,0,0,0,1584,1338,246,4143,3327,816,6841,6014,827,14636,13650,986,7867,7427,440,6444,5946,498,5424,5020,404,692,628,64,26.4498954,74.6399163
RAJASTHAN,Rural,Ajmer,Train,1369,1252,117,0,0,0,101,78,23,162,127,35,89,81,8,105,99,6,83,80,3,106,101,5,625,593,32,98,93,5,26.4498954,74.6399163
RAJASTHAN,Rural,Ajmer,Water transport,109,90,19,0,0,0,48,34,14,13,11,2,14,11,3,6,6,0,9,9,0,5,5,0,9,9,0,5,5,0,26.4498954,74.6399163
RAJASTHAN,Rural,Ajmer,Any other,4343,4157,186,0,0,0,373,361,12,687,616,71,635,588,47,633,606,27,339,328,11,334,332,2,1129,1120,9,213,206,7,26.4498954,74.6399163
RAJASTHAN,Rural,Ajmer,No travel,75424,46519,28905,75424,46519,28905,0,0,0,0,0,0,0,0,0,0,0,0,0,0,0,0,0,0,0,0,0,0,0,0,26.4498954,74.6399163
RAJASTHAN,Urban,Ajmer,All Modes,308449,259137,49312,68299,52003,16296,52237,43183,9054,117635,102965,14670,41617,36810,4807,9647,8139,1508,6583,5568,1015,3547,2805,742,6338,5428,910,2546,2236,310,26.4498954,74.6399163
RAJASTHAN,Urban,Ajmer,On foot,66987,51934,15053,0,0,0,32397,25141,7256,28533,21878,6655,6057,4915,1142,0,0,0,0,0,0,0,0,0,0,0,0,0,0,0,26.4498954,74.6399163
RAJASTHAN,Urban,Ajmer,Bicycle,42073,40831,1242,0,0,0,4675,4514,161,28102,27268,834,7177,6997,180,828,810,18,1291,1242,49,0,0,0,0,0,0,0,0,0,26.4498954,74.6399163
RAJASTHAN,Urban,Ajmer,Moped/Scooter/Motor Cycle,86130,79352,6778,0,0,0,12073,11147,926,47164,43453,3711,18989,17420,1569,4130,3818,312,1180,1112,68,709,665,44,515,475,40,1370,1262,108,26.4498954,74.6399163
RAJASTHAN,Urban,Ajmer,Car/Jeep/Van,7675,6301,1374,0,0,0,776,643,133,2771,2296,475,1684,1422,262,788,607,181,539,430,109,436,308,128,494,430,64,187,165,22,26.4498954,74.6399163
RAJASTHAN,Urban,Ajmer,Tempo/Autorickshaw/Taxi,14154,10642,3512,0,0,0,1033,768,265,7311,5259,2052,4028,3156,872,993,821,172,184,150,34,179,145,34,120,95,25,306,248,58,26.4498954,74.6399163
RAJASTHAN,Urban,Ajmer,Bus,18702,14072,4630,0,0,0,845,604,241,2926,2055,871,3219,2477,742,2740,1928,812,3150,2417,733,1974,1460,514,3475,2840,635,373,291,82,26.4498954,74.6399163
RAJASTHAN,Urban,Ajmer,Train,3040,2727,313,0,0,0,181,152,29,337,302,35,189,162,27,94,85,9,215,193,22,206,187,19,1602,1461,141,216,185,31,26.4498954,74.6399163
RAJASTHAN,Urban,Ajmer,Water transport,80,71,9,0,0,0,20,16,4,14,13,1,14,13,1,5,5,0,2,2,0,2,2,0,10,10,0,13,10,3,26.4498954,74.6399163
RAJASTHAN,Urban,Ajmer,Any other,1309,1204,105,0,0,0,237,198,39,477,441,36,260,248,12,69,65,4,22,22,0,41,38,3,122,117,5,81,75,6,26.4498954,74.6399163
RAJASTHAN,Urban,Ajmer,No travel,68299,52003,16296,68299,52003,16296,0,0,0,0,0,0,0,0,0,0,0,0,0,0,0,0,0,0,0,0,0,0,0,0,26.4498954,74.6399163
JAMMU & KASHMIR,Total,Badgam,All Modes,93835,76793,17042,50127,37953,12174,6943,5844,1099,9825,8508,1317,11446,10254,1192,7604,7014,590,3209,2952,257,2054,1908,146,1289,1177,112,1338,1183,155,33.9348549,74.6400432
JAMMU & KASHMIR,Total,Badgam,On foot,14346,12107,2239,0,0,0,5877,4885,992,5028,4227,801,3441,2995,446,0,0,0,0,0,0,0,0,0,0,0,0,0,0,0,33.9348549,74.6400432
JAMMU & KASHMIR,Total,Badgam,Bicycle,2146,2093,53,0,0,0,119,111,8,773,752,21,821,816,5,222,218,4,211,196,15,0,0,0,0,0,0,0,0,0,33.9348549,74.6400432
JAMMU & KASHMIR,Total,Badgam,Moped/Scooter/Motor Cycle,1221,1191,30,0,0,0,70,70,0,262,255,7,314,309,5,323,312,11,86,84,2,60,60,0,45,44,1,61,57,4,33.9348549,74.6400432
JAMMU & KASHMIR,Total,Badgam,Car/Jeep/Van,2402,2150,252,0,0,0,139,126,13,327,294,33,472,421,51,681,614,67,324,280,44,234,212,22,118,107,11,107,96,11,33.9348549,74.6400432
JAMMU & KASHMIR,Total,Badgam,Tempo/Autorickshaw/Taxi,674,611,63,0,0,0,24,22,2,97,88,9,153,146,7,179,165,14,113,96,17,42,37,5,32,28,4,34,29,5,33.9348549,74.6400432
JAMMU & KASHMIR,Total,Badgam,Bus,22006,19870,2136,0,0,0,636,561,75,3204,2767,437,6098,5428,670,6054,5573,481,2430,2253,177,1649,1532,117,929,861,68,1006,895,111,33.9348549,74.6400432
JAMMU & KASHMIR,Total,Badgam,Train,438,385,53,0,0,0,24,21,3,56,52,4,56,53,3,31,28,3,17,17,0,38,38,0,140,114,26,76,62,14,33.9348549,74.6400432
JAMMU & KASHMIR,Total,Badgam,Water transport,111,89,22,0,0,0,19,16,3,11,8,3,19,16,3,19,17,2,8,6,2,12,12,0,5,4,1,18,10,8,33.9348549,74.6400432
JAMMU & KASHMIR,Total,Badgam,Any other,364,344,20,0,0,0,35,32,3,67,65,2,72,70,2,95,87,8,20,20,0,19,17,2,20,19,1,36,34,2,33.9348549,74.6400432
JAMMU & KASHMIR,Total,Badgam,No travel,50127,37953,12174,50127,37953,12174,0,0,0,0,0,0,0,0,0,0,0,0,0,0,0,0,0,0,0,0,0,0,0,0,33.9348549,74.6400432
JAMMU & KASHMIR,Rural,Badgam,All Modes,66687,53132,13555,32757,22757,10000,5631,4679,952,7826,6911,915,8640,7783,857,5604,5217,387,2555,2368,187,1711,1609,102,970,913,57,993,895,98,33.9348549,74.6400432
JAMMU & KASHMIR,Rural,Badgam,On foot,11706,9916,1790,0,0,0,4810,3945,865,4056,3497,559,2840,2474,366,0,0,0,0,0,0,0,0,0,0,0,0,0,0,0,33.9348549,74.6400432
JAMMU & KASHMIR,Rural,Badgam,Bicycle,1577,1537,40,0,0,0,87,80,7,611,595,16,542,540,2,169,165,4,168,157,11,0,0,0,0,0,0,0,0,0,33.9348549,74.6400432
JAMMU & KASHMIR,Rural,Badgam,Moped/Scooter/Motor Cycle,949,927,22,0,0,0,57,57,0,220,214,6,240,236,4,230,224,6,78,76,2,45,45,0,38,37,1,41,38,3,33.9348549,74.6400432
JAMMU & KASHMIR,Rural,Badgam,Car/Jeep/Van,1709,1541,168,0,0,0,104,94,10,259,238,21,311,277,34,452,406,46,244,217,27,174,159,15,88,80,8,77,70,7,33.9348549,74.6400432
JAMMU & KASHMIR,Rural,Badgam,Tempo/Autorickshaw/Taxi,407,375,32,0,0,0,16,16,0,83,75,8,106,104,2,107,98,9,36,29,7,14,13,1,19,17,2,26,23,3,33.9348549,74.6400432
JAMMU & KASHMIR,Rural,Badgam,Bus,16952,15485,1467,0,0,0,497,435,62,2478,2179,299,4484,4039,445,4577,4259,318,1991,1853,138,1432,1346,86,730,685,45,763,689,74,33.9348549,74.6400432
JAMMU & KASHMIR,Rural,Badgam,Train,278,269,9,0,0,0,18,16,2,49,46,3,45,43,2,16,15,1,12,12,0,23,23,0,76,76,0,39,38,1,33.9348549,74.6400432
JAMMU & KASHMIR,Rural,Badgam,Water transport,88,67,21,0,0,0,17,14,3,11,8,3,10,8,2,12,10,2,7,5,2,8,8,0,5,4,1,18,10,8,33.9348549,74.6400432
JAMMU & KASHMIR,Rural,Badgam,Any other,264,258,6,0,0,0,25,22,3,59,59,0,62,62,0,41,40,1,19,19,0,15,15,0,14,14,0,29,27,2,33.9348549,74.6400432
JAMMU & KASHMIR,Rural,Badgam,No travel,32757,22757,10000,32757,22757,10000,0,0,0,0,0,0,0,0,0,0,0,0,0,0,0,0,0,0,0,0,0,0,0,0,33.9348549,74.6400432
JAMMU & KASHMIR,Urban,Badgam,All Modes,27148,23661,3487,17370,15196,2174,1312,1165,147,1999,1597,402,2806,2471,335,2000,1797,203,654,584,70,343,299,44,319,264,55,345,288,57,33.9348549,74.6400432
JAMMU & KASHMIR,Urban,Badgam,On foot,2640,2191,449,0,0,0,1067,940,127,972,730,242,601,521,80,0,0,0,0,0,0,0,0,0,0,0,0,0,0,0,33.9348549,74.6400432
JAMMU & KASHMIR,Urban,Badgam,Bicycle,569,556,13,0,0,0,32,31,1,162,157,5,279,276,3,53,53,0,43,39,4,0,0,0,0,0,0,0,0,0,33.9348549,74.6400432
JAMMU & KASHMIR,Urban,Badgam,Moped/Scooter/Motor Cycle,272,264,8,0,0,0,13,13,0,42,41,1,74,73,1,93,88,5,8,8,0,15,15,0,7,7,0,20,19,1,33.9348549,74.6400432
JAMMU & KASHMIR,Urban,Badgam,Car/Jeep/Van,693,609,84,0,0,0,35,32,3,68,56,12,161,144,17,229,208,21,80,63,17,60,53,7,30,27,3,30,26,4,33.9348549,74.6400432
JAMMU & KASHMIR,Urban,Badgam,Tempo/Autorickshaw/Taxi,267,236,31,0,0,0,8,6,2,14,13,1,47,42,5,72,67,5,77,67,10,28,24,4,13,11,2,8,6,2,33.9348549,74.6400432
JAMMU & KASHMIR,Urban,Badgam,Bus,5054,4385,669,0,0,0,139,126,13,726,588,138,1614,1389,225,1477,1314,163,439,400,39,217,186,31,199,176,23,243,206,37,33.9348549,74.6400432
JAMMU & KASHMIR,Urban,Badgam,Train,160,116,44,0,0,0,6,5,1,7,6,1,11,10,1,15,13,2,5,5,0,15,15,0,64,38,26,37,24,13,33.9348549,74.6400432
JAMMU & KASHMIR,Urban,Badgam,Water transport,23,22,1,0,0,0,2,2,0,0,0,0,9,8,1,7,7,0,1,1,0,4,4,0,0,0,0,0,0,0,33.9348549,74.6400432
JAMMU & KASHMIR,Urban,Badgam,Any other,100,86,14,0,0,0,10,10,0,8,6,2,10,8,2,54,47,7,1,1,0,4,2,2,6,5,1,7,7,0,33.9348549,74.6400432
JAMMU & KASHMIR,Urban,Badgam,No travel,17370,15196,2174,17370,15196,2174,0,0,0,0,0,0,0,0,0,0,0,0,0,0,0,0,0,0,0,0,0,0,0,0,33.9348549,74.6400432
KARNATAKA,Total,Uttara Kannada,All Modes,371117,281239,89878,86646,59926,26720,78556,54475,24081,101987,77836,24151,44107,36352,7755,23486,20300,3186,12268,10880,1388,10164,9046,1118,12892,11521,1371,1011,903,108,14.7937065,74.6868815
KARNATAKA,Total,Uttara Kannada,On foot,113190,71050,42140,0,0,0,61403,38914,22489,43082,26173,16909,8705,5963,2742,0,0,0,0,0,0,0,0,0,0,0,0,0,0,0,14.7937065,74.6868815
KARNATAKA,Total,Uttara Kannada,Bicycle,40119,38891,1228,0,0,0,5022,4875,147,23320,22624,696,8836,8596,240,1774,1705,69,1167,1091,76,0,0,0,0,0,0,0,0,0,14.7937065,74.6868815
KARNATAKA,Total,Uttara Kannada,Moped/Scooter/Motor Cycle,43168,40086,3082,0,0,0,8064,7493,571,19554,17832,1722,7937,7457,480,4352,4153,199,1670,1619,51,877,852,25,400,379,21,314,301,13,14.7937065,74.6868815
KARNATAKA,Total,Uttara Kannada,Car/Jeep/Van,6209,5404,805,0,0,0,735,632,103,1698,1417,281,1271,1066,205,833,719,114,485,446,39,524,495,29,572,548,24,91,81,10,14.7937065,74.6868815
KARNATAKA,Total,Uttara Kannada,Tempo/Autorickshaw/Taxi,18297,13896,4401,0,0,0,1019,789,230,5706,3610,2096,5680,4283,1397,3303,2800,503,1321,1207,114,772,731,41,407,394,13,89,82,7,14.7937065,74.6868815
KARNATAKA,Total,Uttara Kannada,Bus,45985,35132,10853,0,0,0,1399,924,475,6163,3855,2308,9366,6764,2602,10790,8540,2250,5303,4240,1063,5373,4393,980,7364,6239,1125,227,177,50,14.7937065,74.6868815
KARNATAKA,Total,Uttara Kannada,Train,2893,2588,305,0,0,0,193,155,38,449,405,44,217,202,15,111,102,9,93,81,12,258,241,17,1490,1336,154,82,66,16,14.7937065,74.6868815
KARNATAKA,Total,Uttara Kannada,Water transport,12471,12269,202,0,0,0,541,530,11,1643,1590,53,1778,1745,33,2098,2069,29,2007,1979,28,2056,2037,19,2208,2185,23,140,134,6,14.7937065,74.6868815
KARNATAKA,Total,Uttara Kannada,Any other,2139,1997,142,0,0,0,180,163,17,372,330,42,317,276,41,225,212,13,222,217,5,304,297,7,451,440,11,68,62,6,14.7937065,74.6868815
KARNATAKA,Total,Uttara Kannada,No travel,86646,59926,26720,86646,59926,26720,0,0,0,0,0,0,0,0,0,0,0,0,0,0,0,0,0,0,0,0,0,0,0,0,14.7937065,74.6868815
KARNATAKA,Rural,Uttara Kannada,All Modes,239810,176357,63453,60409,40796,19613,48010,30747,17263,56718,40464,16254,31360,25734,5626,18219,15940,2279,8739,7887,852,7028,6371,657,8834,7993,841,493,425,68,14.7937065,74.6868815
KARNATAKA,Rural,Uttara Kannada,On foot,78232,47250,30982,0,0,0,42283,25719,16564,29562,17260,12302,6387,4271,2116,0,0,0,0,0,0,0,0,0,0,0,0,0,0,0,14.7937065,74.6868815
KARNATAKA,Rural,Uttara Kannada,Bicycle,21114,20436,678,0,0,0,1726,1656,70,11007,10668,339,6343,6177,166,1326,1274,52,712,661,51,0,0,0,0,0,0,0,0,0,14.7937065,74.6868815
KARNATAKA,Rural,Uttara Kannada,Moped/Scooter/Motor Cycle,17312,16275,1037,0,0,0,1721,1607,114,5989,5459,530,4715,4490,225,2986,2867,119,1070,1043,27,523,512,11,224,217,7,84,80,4,14.7937065,74.6868815
KARNATAKA,Rural,Uttara Kannada,Car/Jeep/Van,3131,2645,486,0,0,0,242,193,49,672,518,154,634,511,123,593,501,92,334,303,31,325,302,23,301,291,10,30,26,4,14.7937065,74.6868815
KARNATAKA,Rural,Uttara Kannada,Tempo/Autorickshaw/Taxi,14116,10627,3489,0,0,0,548,397,151,3656,2200,1456,4952,3670,1282,2933,2479,454,1105,1010,95,599,565,34,286,274,12,37,32,5,14.7937065,74.6868815
KARNATAKA,Rural,Uttara Kannada,Bus,31250,24578,6672,0,0,0,876,598,278,3908,2537,1371,6393,4756,1637,8365,6844,1521,3652,3039,613,3329,2775,554,4600,3932,668,127,97,30,14.7937065,74.6868815
KARNATAKA,Rural,Uttara Kannada,Train,1884,1684,200,0,0,0,100,83,17,270,248,22,161,151,10,86,80,6,56,50,6,153,141,12,995,882,113,63,49,14,14.7937065,74.6868815
KARNATAKA,Rural,Uttara Kannada,Water transport,10749,10571,178,0,0,0,410,402,8,1382,1333,49,1511,1483,28,1739,1714,25,1613,1589,24,1857,1840,17,2133,2111,22,104,99,5,14.7937065,74.6868815
KARNATAKA,Rural,Uttara Kannada,Any other,1613,1495,118,0,0,0,104,92,12,272,241,31,264,225,39,191,181,10,197,192,5,242,236,6,295,286,9,48,42,6,14.7937065,74.6868815
KARNATAKA,Rural,Uttara Kannada,No travel,60409,40796,19613,60409,40796,19613,0,0,0,0,0,0,0,0,0,0,0,0,0,0,0,0,0,0,0,0,0,0,0,0,14.7937065,74.6868815
KARNATAKA,Urban,Uttara Kannada,All Modes,131307,104882,26425,26237,19130,7107,30546,23728,6818,45269,37372,7897,12747,10618,2129,5267,4360,907,3529,2993,536,3136,2675,461,4058,3528,530,518,478,40,14.7937065,74.6868815
KARNATAKA,Urban,Uttara Kannada,On foot,34958,23800,11158,0,0,0,19120,13195,5925,13520,8913,4607,2318,1692,626,0,0,0,0,0,0,0,0,0,0,0,0,0,0,0,14.7937065,74.6868815
KARNATAKA,Urban,Uttara Kannada,Bicycle,19005,18455,550,0,0,0,3296,3219,77,12313,11956,357,2493,2419,74,448,431,17,455,430,25,0,0,0,0,0,0,0,0,0,14.7937065,74.6868815
KARNATAKA,Urban,Uttara Kannada,Moped/Scooter/Motor Cycle,25856,23811,2045,0,0,0,6343,5886,457,13565,12373,1192,3222,2967,255,1366,1286,80,600,576,24,354,340,14,176,162,14,230,221,9,14.7937065,74.6868815
KARNATAKA,Urban,Uttara Kannada,Car/Jeep/Van,3078,2759,319,0,0,0,493,439,54,1026,899,127,637,555,82,240,218,22,151,143,8,199,193,6,271,257,14,61,55,6,14.7937065,74.6868815
KARNATAKA,Urban,Uttara Kannada,Tempo/Autorickshaw/Taxi,4181,3269,912,0,0,0,471,392,79,2050,1410,640,728,613,115,370,321,49,216,197,19,173,166,7,121,120,1,52,50,2,14.7937065,74.6868815
KARNATAKA,Urban,Uttara Kannada,Bus,14735,10554,4181,0,0,0,523,326,197,2255,1318,937,2973,2008,965,2425,1696,729,1651,1201,450,2044,1618,426,2764,2307,457,100,80,20,14.7937065,74.6868815
KARNATAKA,Urban,Uttara Kannada,Train,1009,904,105,0,0,0,93,72,21,179,157,22,56,51,5,25,22,3,37,31,6,105,100,5,495,454,41,19,17,2,14.7937065,74.6868815
KARNATAKA,Urban,Uttara Kannada,Water transport,1722,1698,24,0,0,0,131,128,3,261,257,4,267,262,5,359,355,4,394,390,4,199,197,2,75,74,1,36,35,1,14.7937065,74.6868815
KARNATAKA,Urban,Uttara Kannada,Any other,526,502,24,0,0,0,76,71,5,100,89,11,53,51,2,34,31,3,25,25,0,62,61,1,156,154,2,20,20,0,14.7937065,74.6868815
KARNATAKA,Urban,Uttara Kannada,No travel,26237,19130,7107,26237,19130,7107,0,0,0,0,0,0,0,0,0,0,0,0,0,0,0,0,0,0,0,0,0,0,0,0,14.7937065,74.6868815
JAMMU & KASHMIR,Total,Bandipore,All Modes,67719,51680,16039,35927,24805,11122,7439,5796,1643,10104,8415,1689,6712,5693,1019,1500,1403,97,1243,1135,108,1390,1292,98,2715,2535,180,689,606,83,34.5052269,74.6868815
JAMMU & KASHMIR,Total,Bandipore,On foot,15240,12004,3236,0,0,0,6615,5083,1532,5510,4401,1109,3115,2520,595,0,0,0,0,0,0,0,0,0,0,0,0,0,0,0,34.5052269,74.6868815
JAMMU & KASHMIR,Total,Bandipore,Bicycle,844,784,60,0,0,0,76,71,5,414,386,28,188,174,14,51,50,1,115,103,12,0,0,0,0,0,0,0,0,0,34.5052269,74.6868815
JAMMU & KASHMIR,Total,Bandipore,Moped/Scooter/Motor Cycle,473,444,29,0,0,0,35,35,0,177,168,9,112,107,5,53,47,6,20,20,0,30,28,2,17,17,0,29,22,7,34.5052269,74.6868815
JAMMU & KASHMIR,Total,Bandipore,Car/Jeep/Van,928,818,110,0,0,0,72,56,16,208,184,24,156,138,18,75,71,4,74,69,5,98,88,10,200,171,29,45,41,4,34.5052269,74.6868815
JAMMU & KASHMIR,Total,Bandipore,Tempo/Autorickshaw/Taxi,1146,941,205,0,0,0,63,56,7,640,503,137,217,191,26,48,44,4,21,18,3,43,41,2,72,63,9,42,25,17,34.5052269,74.6868815
JAMMU & KASHMIR,Total,Bandipore,Bus,10203,9119,1084,0,0,0,397,344,53,1760,1435,325,2304,2002,302,1137,1058,79,872,798,74,1156,1077,79,2206,2074,132,371,331,40,34.5052269,74.6868815
JAMMU & KASHMIR,Total,Bandipore,Train,457,437,20,0,0,0,29,27,2,95,90,5,107,101,6,11,11,0,5,5,0,14,12,2,131,129,2,65,62,3,34.5052269,74.6868815
JAMMU & KASHMIR,Total,Bandipore,Water transport,2079,1932,147,0,0,0,106,80,26,1207,1161,46,416,372,44,86,83,3,124,110,14,22,22,0,22,19,3,96,85,11,34.5052269,74.6868815
JAMMU & KASHMIR,Total,Bandipore,Any other,422,396,26,0,0,0,46,44,2,93,87,6,97,88,9,39,39,0,12,12,0,27,24,3,67,62,5,41,40,1,34.5052269,74.6868815
JAMMU & KASHMIR,Total,Bandipore,No travel,35927,24805,11122,35927,24805,11122,0,0,0,0,0,0,0,0,0,0,0,0,0,0,0,0,0,0,0,0,0,0,0,0,34.5052269,74.6868815
JAMMU & KASHMIR,Rural,Bandipore,All Modes,52975,39387,13588,28320,18682,9638,4696,3481,1215,8207,6807,1400,5629,4731,898,1203,1136,67,927,855,72,1144,1064,80,2244,2099,145,605,532,73,34.5052269,74.6868815
JAMMU & KASHMIR,Rural,Bandipore,On foot,11106,8540,2566,0,0,0,4092,2976,1116,4440,3520,920,2574,2044,530,0,0,0,0,0,0,0,0,0,0,0,0,0,0,0,34.5052269,74.6868815
JAMMU & KASHMIR,Rural,Bandipore,Bicycle,609,552,57,0,0,0,48,43,5,264,236,28,163,150,13,41,40,1,93,83,10,0,0,0,0,0,0,0,0,0,34.5052269,74.6868815
JAMMU & KASHMIR,Rural,Bandipore,Moped/Scooter/Motor Cycle,341,324,17,0,0,0,22,22,0,121,115,6,87,84,3,39,37,2,14,14,0,24,23,1,11,11,0,23,18,5,34.5052269,74.6868815
JAMMU & KASHMIR,Rural,Bandipore,Car/Jeep/Van,688,606,82,0,0,0,45,34,11,150,134,16,128,111,17,62,61,1,58,54,4,73,63,10,140,120,20,32,29,3,34.5052269,74.6868815
JAMMU & KASHMIR,Rural,Bandipore,Tempo/Autorickshaw/Taxi,802,638,164,0,0,0,26,20,6,421,313,108,161,141,20,41,37,4,18,17,1,38,37,1,62,54,8,35,19,16,34.5052269,74.6868815
JAMMU & KASHMIR,Rural,Bandipore,Bus,8419,7539,880,0,0,0,328,279,49,1473,1207,266,1941,1684,257,920,864,56,631,588,43,951,887,64,1842,1734,108,333,296,37,34.5052269,74.6868815
JAMMU & KASHMIR,Rural,Bandipore,Train,371,355,16,0,0,0,19,17,2,78,73,5,88,83,5,10,10,0,3,3,0,12,11,1,108,106,2,53,52,1,34.5052269,74.6868815
JAMMU & KASHMIR,Rural,Bandipore,Water transport,1961,1817,144,0,0,0,81,56,25,1195,1150,45,397,353,44,53,50,3,100,86,14,21,21,0,21,18,3,93,83,10,34.5052269,74.6868815
JAMMU & KASHMIR,Rural,Bandipore,Any other,358,334,24,0,0,0,35,34,1,65,59,6,90,81,9,37,37,0,10,10,0,25,22,3,60,56,4,36,35,1,34.5052269,74.6868815
JAMMU & KASHMIR,Rural,Bandipore,No travel,28320,18682,9638,28320,18682,9638,0,0,0,0,0,0,0,0,0,0,0,0,0,0,0,0,0,0,0,0,0,0,0,0,34.5052269,74.6868815
JAMMU & KASHMIR,Urban,Bandipore,All Modes,14744,12293,2451,7607,6123,1484,2743,2315,428,1897,1608,289,1083,962,121,297,267,30,316,280,36,246,228,18,471,436,35,84,74,10,34.5052269,74.6868815
JAMMU & KASHMIR,Urban,Bandipore,On foot,4134,3464,670,0,0,0,2523,2107,416,1070,881,189,541,476,65,0,0,0,0,0,0,0,0,0,0,0,0,0,0,0,34.5052269,74.6868815
JAMMU & KASHMIR,Urban,Bandipore,Bicycle,235,232,3,0,0,0,28,28,0,150,150,0,25,24,1,10,10,0,22,20,2,0,0,0,0,0,0,0,0,0,34.5052269,74.6868815
JAMMU & KASHMIR,Urban,Bandipore,Moped/Scooter/Motor Cycle,132,120,12,0,0,0,13,13,0,56,53,3,25,23,2,14,10,4,6,6,0,6,5,1,6,6,0,6,4,2,34.5052269,74.6868815
JAMMU & KASHMIR,Urban,Bandipore,Car/Jeep/Van,240,212,28,0,0,0,27,22,5,58,50,8,28,27,1,13,10,3,16,15,1,25,25,0,60,51,9,13,12,1,34.5052269,74.6868815
JAMMU & KASHMIR,Urban,Bandipore,Tempo/Autorickshaw/Taxi,344,303,41,0,0,0,37,36,1,219,190,29,56,50,6,7,7,0,3,1,2,5,4,1,10,9,1,7,6,1,34.5052269,74.6868815
JAMMU & KASHMIR,Urban,Bandipore,Bus,1784,1580,204,0,0,0,69,65,4,287,228,59,363,318,45,217,194,23,241,210,31,205,190,15,364,340,24,38,35,3,34.5052269,74.6868815
JAMMU & KASHMIR,Urban,Bandipore,Train,86,82,4,0,0,0,10,10,0,17,17,0,19,18,1,1,1,0,2,2,0,2,1,1,23,23,0,12,10,2,34.5052269,74.6868815
JAMMU & KASHMIR,Urban,Bandipore,Water transport,118,115,3,0,0,0,25,24,1,12,11,1,19,19,0,33,33,0,24,24,0,1,1,0,1,1,0,3,2,1,34.5052269,74.6868815
JAMMU & KASHMIR,Urban,Bandipore,Any other,64,62,2,0,0,0,11,10,1,28,28,0,7,7,0,2,2,0,2,2,0,2,2,0,7,6,1,5,5,0,34.5052269,74.6868815
JAMMU & KASHMIR,Urban,Bandipore,No travel,7607,6123,1484,7607,6123,1484,0,0,0,0,0,0,0,0,0,0,0,0,0,0,0,0,0,0,0,0,0,0,0,0,34.5052269,74.6868815
KARNATAKA,Total,Udupi,All Modes,376128,260380,115748,66895,37911,28984,62597,34328,28269,102619,69591,33028,69670,54302,15368,35561,30023,5538,17352,15326,2026,11626,10286,1340,8510,7521,989,1298,1092,206,13.3408807,74.7421427
KARNATAKA,Total,Udupi,On foot,86142,40727,45415,0,0,0,44660,19694,24966,31684,14761,16923,9798,6272,3526,0,0,0,0,0,0,0,0,0,0,0,0,0,0,0,13.3408807,74.7421427
KARNATAKA,Total,Udupi,Bicycle,24206,23234,972,0,0,0,3012,2844,168,12384,11905,479,6032,5838,194,1578,1510,68,1200,1137,63,0,0,0,0,0,0,0,0,0,13.3408807,74.7421427
KARNATAKA,Total,Udupi,Moped/Scooter/Motor Cycle,45069,42198,2871,0,0,0,5639,5153,486,17620,16180,1440,11939,11326,613,5872,5683,189,2004,1959,45,1022,996,26,658,616,42,315,285,30,13.3408807,74.7421427
KARNATAKA,Total,Udupi,Car/Jeep/Van,13870,10207,3663,0,0,0,1606,1208,398,5154,3309,1845,3036,2083,953,1624,1337,287,899,852,47,755,703,52,622,567,55,174,148,26,13.3408807,74.7421427
KARNATAKA,Total,Udupi,Tempo/Autorickshaw/Taxi,11611,9560,2051,0,0,0,1429,1267,162,4419,3481,938,2832,2153,679,1358,1181,177,663,620,43,442,417,25,320,305,15,148,136,12,13.3408807,74.7421427
KARNATAKA,Total,Udupi,Bus,121193,89795,31398,0,0,0,5459,3442,2017,29882,18583,11299,34732,25436,9296,24126,19351,4775,11960,10139,1821,8637,7414,1223,5858,5017,841,539,413,126,13.3408807,74.7421427
KARNATAKA,Total,Udupi,Train,1691,1502,189,0,0,0,206,155,51,578,532,46,341,308,33,153,141,12,61,59,2,80,68,12,237,211,26,35,28,7,13.3408807,74.7421427
KARNATAKA,Total,Udupi,Water transport,4714,4569,145,0,0,0,519,505,14,704,684,20,849,780,69,773,747,26,513,508,5,615,614,1,688,682,6,53,49,4,13.3408807,74.7421427
KARNATAKA,Total,Udupi,Any other,737,677,60,0,0,0,67,60,7,194,156,38,111,106,5,77,73,4,52,52,0,75,74,1,127,123,4,34,33,1,13.3408807,74.7421427
KARNATAKA,Total,Udupi,No travel,66895,37911,28984,66895,37911,28984,0,0,0,0,0,0,0,0,0,0,0,0,0,0,0,0,0,0,0,0,0,0,0,0,13.3408807,74.7421427
KARNATAKA,Rural,Udupi,All Modes,250684,170311,80373,45013,24842,20171,42506,21463,21043,61958,39645,22313,44558,34819,9739,27931,23828,4103,14037,12489,1548,8873,7997,876,5284,4801,483,524,427,97,13.3408807,74.7421427
KARNATAKA,Rural,Udupi,On foot,64011,28927,35084,0,0,0,32800,13616,19184,24127,10700,13427,7084,4611,2473,0,0,0,0,0,0,0,0,0,0,0,0,0,0,0,13.3408807,74.7421427
KARNATAKA,Rural,Udupi,Bicycle,16798,16170,628,0,0,0,1794,1695,99,8347,8044,303,4492,4362,130,1264,1211,53,901,858,43,0,0,0,0,0,0,0,0,0,13.3408807,74.7421427
KARNATAKA,Rural,Udupi,Moped/Scooter/Motor Cycle,23390,22340,1050,0,0,0,2503,2329,174,7445,7004,441,6337,6099,238,4320,4192,128,1573,1544,29,768,753,15,324,313,11,120,106,14,13.3408807,74.7421427
KARNATAKA,Rural,Udupi,Car/Jeep/Van,7499,4832,2667,0,0,0,714,481,233,2527,1166,1361,1672,933,739,1118,880,238,596,565,31,492,464,28,319,294,25,61,49,12,13.3408807,74.7421427
KARNATAKA,Rural,Udupi,Tempo/Autorickshaw/Taxi,7742,6018,1724,0,0,0,876,747,129,2839,2056,783,1941,1345,596,1036,889,147,530,493,37,296,278,18,167,158,9,57,52,5,13.3408807,74.7421427
KARNATAKA,Rural,Udupi,Bus,81205,62386,18819,0,0,0,3323,2152,1171,15761,9833,5928,22299,16783,5516,19418,15904,3514,9881,8478,1403,6632,5824,808,3653,3232,421,238,180,58,13.3408807,74.7421427
KARNATAKA,Rural,Udupi,Train,1146,1017,129,0,0,0,152,114,38,402,363,39,247,230,17,119,108,11,42,41,1,51,44,7,120,109,11,13,8,5,13.3408807,74.7421427
KARNATAKA,Rural,Udupi,Water transport,3381,3313,68,0,0,0,303,293,10,384,374,10,408,379,29,597,588,9,482,478,4,581,581,0,604,600,4,22,20,2,13.3408807,74.7421427
KARNATAKA,Rural,Udupi,Any other,499,466,33,0,0,0,41,36,5,126,105,21,78,77,1,59,56,3,32,32,0,53,53,0,97,95,2,13,12,1,13.3408807,74.7421427
KARNATAKA,Rural,Udupi,No travel,45013,24842,20171,45013,24842,20171,0,0,0,0,0,0,0,0,0,0,0,0,0,0,0,0,0,0,0,0,0,0,0,0,13.3408807,74.7421427
KARNATAKA,Urban,Udupi,All Modes,125444,90069,35375,21882,13069,8813,20091,12865,7226,40661,29946,10715,25112,19483,5629,7630,6195,1435,3315,2837,478,2753,2289,464,3226,2720,506,774,665,109,13.3408807,74.7421427
KARNATAKA,Urban,Udupi,On foot,22131,11800,10331,0,0,0,11860,6078,5782,7557,4061,3496,2714,1661,1053,0,0,0,0,0,0,0,0,0,0,0,0,0,0,0,13.3408807,74.7421427
KARNATAKA,Urban,Udupi,Bicycle,7408,7064,344,0,0,0,1218,1149,69,4037,3861,176,1540,1476,64,314,299,15,299,279,20,0,0,0,0,0,0,0,0,0,13.3408807,74.7421427
KARNATAKA,Urban,Udupi,Moped/Scooter/Motor Cycle,21679,19858,1821,0,0,0,3136,2824,312,10175,9176,999,5602,5227,375,1552,1491,61,431,415,16,254,243,11,334,303,31,195,179,16,13.3408807,74.7421427
KARNATAKA,Urban,Udupi,Car/Jeep/Van,6371,5375,996,0,0,0,892,727,165,2627,2143,484,1364,1150,214,506,457,49,303,287,16,263,239,24,303,273,30,113,99,14,13.3408807,74.7421427
KARNATAKA,Urban,Udupi,Tempo/Autorickshaw/Taxi,3869,3542,327,0,0,0,553,520,33,1580,1425,155,891,808,83,322,292,30,133,127,6,146,139,7,153,147,6,91,84,7,13.3408807,74.7421427
KARNATAKA,Urban,Udupi,Bus,39988,27409,12579,0,0,0,2136,1290,846,14121,8750,5371,12433,8653,3780,4708,3447,1261,2079,1661,418,2005,1590,415,2205,1785,420,301,233,68,13.3408807,74.7421427
KARNATAKA,Urban,Udupi,Train,545,485,60,0,0,0,54,41,13,176,169,7,94,78,16,34,33,1,19,18,1,29,24,5,117,102,15,22,20,2,13.3408807,74.7421427
KARNATAKA,Urban,Udupi,Water transport,1333,1256,77,0,0,0,216,212,4,320,310,10,441,401,40,176,159,17,31,30,1,34,33,1,84,82,2,31,29,2,13.3408807,74.7421427
KARNATAKA,Urban,Udupi,Any other,238,211,27,0,0,0,26,24,2,68,51,17,33,29,4,18,17,1,20,20,0,22,21,1,30,28,2,21,21,0,13.3408807,74.7421427
KARNATAKA,Urban,Udupi,No travel,21882,13069,8813,21882,13069,8813,0,0,0,0,0,0,0,0,0,0,0,0,0,0,0,0,0,0,0,0,0,0,0,0,13.3408807,74.7421427
MAHARASHTRA,Total,Ahmadnagar,All Modes,575375,441899,133476,192810,128534,64276,92425,71106,21319,125835,102170,23665,68609,56275,12334,35888,31571,4317,20234,17914,2320,14700,12833,1867,15356,13367,1989,9518,8129,1389,19.0948287,74.7479789
MAHARASHTRA,Total,Ahmadnagar,On foot,109263,73792,35471,0,0,0,57075,39715,17360,32790,20778,12012,19398,13299,6099,0,0,0,0,0,0,0,0,0,0,0,0,0,0,0,19.0948287,74.7479789
MAHARASHTRA,Total,Ahmadnagar,Bicycle,63135,58816,4319,0,0,0,10437,9712,725,31961,29708,2253,11250,10631,619,4079,3854,225,5408,4911,497,0,0,0,0,0,0,0,0,0,19.0948287,74.7479789
MAHARASHTRA,Total,Ahmadnagar,Moped/Scooter/Motor Cycle,131791,118994,12797,0,0,0,19415,17463,1952,46586,41398,5188,24992,22546,2446,19411,17936,1475,7661,7144,517,6364,5864,500,2633,2430,203,4729,4213,516,19.0948287,74.7479789
MAHARASHTRA,Total,Ahmadnagar,Car/Jeep/Van,10926,9627,1299,0,0,0,1100,959,141,2306,1972,334,1725,1496,229,1583,1405,178,1018,923,95,1164,1040,124,1273,1147,126,757,685,72,19.0948287,74.7479789
MAHARASHTRA,Total,Ahmadnagar,Tempo/Autorickshaw/Taxi,21689,17353,4336,0,0,0,1890,1520,370,6130,4385,1745,5487,4310,1177,3493,3008,485,1439,1292,147,1252,1095,157,965,861,104,1033,882,151,19.0948287,74.7479789
MAHARASHTRA,Total,Ahmadnagar,Bus,32684,25568,7116,0,0,0,1176,818,358,2473,1689,784,3623,2536,1087,5714,4264,1450,4144,3204,940,5322,4346,976,8545,7310,1235,1687,1401,286,19.0948287,74.7479789
MAHARASHTRA,Total,Ahmadnagar,Train,3232,2731,501,0,0,0,350,281,69,410,325,85,215,189,26,242,210,32,128,109,19,267,216,51,1188,1029,159,432,372,60,19.0948287,74.7479789
MAHARASHTRA,Total,Ahmadnagar,Water transport,220,164,56,0,0,0,35,26,9,56,34,22,27,21,6,21,16,5,17,15,2,10,9,1,21,19,2,33,24,9,19.0948287,74.7479789
MAHARASHTRA,Total,Ahmadnagar,Any other,9625,6320,3305,0,0,0,947,612,335,3123,1881,1242,1892,1247,645,1345,878,467,419,316,103,321,263,58,731,571,160,847,552,295,19.0948287,74.7479789
MAHARASHTRA,Total,Ahmadnagar,No travel,192810,128534,64276,192810,128534,64276,0,0,0,0,0,0,0,0,0,0,0,0,0,0,0,0,0,0,0,0,0,0,0,0,19.0948287,74.7479789
MAHARASHTRA,Rural,Ahmadnagar,All Modes,310707,231208,79499,121858,77922,43936,40524,30073,10451,52879,41573,11306,34761,28068,6693,24533,21809,2724,13294,11849,1445,9080,8037,1043,9042,7962,1080,4736,3915,821,19.0948287,74.7479789
MAHARASHTRA,Rural,Ahmadnagar,On foot,53436,34806,18630,0,0,0,27273,18506,8767,15698,9475,6223,10465,6825,3640,0,0,0,0,0,0,0,0,0,0,0,0,0,0,0,19.0948287,74.7479789
MAHARASHTRA,Rural,Ahmadnagar,Bicycle,27036,25039,1997,0,0,0,3767,3478,289,12425,11453,972,5487,5193,294,2672,2509,163,2685,2406,279,0,0,0,0,0,0,0,0,0,19.0948287,74.7479789
MAHARASHTRA,Rural,Ahmadnagar,Moped/Scooter/Motor Cycle,62328,56869,5459,0,0,0,6626,5977,649,17110,15257,1853,11666,10626,1040,13431,12542,889,5729,5364,365,4082,3795,287,1661,1531,130,2023,1777,246,19.0948287,74.7479789
MAHARASHTRA,Rural,Ahmadnagar,Car/Jeep/Van,5520,4849,671,0,0,0,480,419,61,867,716,151,805,693,112,1039,917,122,665,606,59,630,570,60,629,567,62,405,361,44,19.0948287,74.7479789
MAHARASHTRA,Rural,Ahmadnagar,Tempo/Autorickshaw/Taxi,9413,7967,1446,0,0,0,673,553,120,2253,1791,462,2199,1801,398,1857,1641,216,838,770,68,608,554,54,537,480,57,448,377,71,19.0948287,74.7479789
MAHARASHTRA,Rural,Ahmadnagar,Bus,21076,16946,4130,0,0,0,726,511,215,1568,1112,456,2506,1837,669,4094,3233,861,2950,2359,591,3359,2792,567,5027,4393,634,846,709,137,19.0948287,74.7479789
MAHARASHTRA,Rural,Ahmadnagar,Train,1881,1639,242,0,0,0,199,161,38,247,195,52,136,120,16,166,146,20,80,68,12,139,119,20,635,588,47,279,242,37,19.0948287,74.7479789
MAHARASHTRA,Rural,Ahmadnagar,Water transport,148,104,44,0,0,0,27,20,7,39,21,18,16,13,3,17,12,5,13,12,1,7,6,1,12,10,2,17,10,7,19.0948287,74.7479789
MAHARASHTRA,Rural,Ahmadnagar,Any other,8011,5067,2944,0,0,0,753,448,305,2672,1553,1119,1481,960,521,1257,809,448,334,264,70,255,201,54,541,393,148,718,439,279,19.0948287,74.7479789
MAHARASHTRA,Rural,Ahmadnagar,No travel,121858,77922,43936,121858,77922,43936,0,0,0,0,0,0,0,0,0,0,0,0,0,0,0,0,0,0,0,0,0,0,0,0,19.0948287,74.7479789
MAHARASHTRA,Urban,Ahmadnagar,All Modes,264668,210691,53977,70952,50612,20340,51901,41033,10868,72956,60597,12359,33848,28207,5641,11355,9762,1593,6940,6065,875,5620,4796,824,6314,5405,909,4782,4214,568,19.0948287,74.7479789
MAHARASHTRA,Urban,Ahmadnagar,On foot,55827,38986,16841,0,0,0,29802,21209,8593,17092,11303,5789,8933,6474,2459,0,0,0,0,0,0,0,0,0,0,0,0,0,0,0,19.0948287,74.7479789
MAHARASHTRA,Urban,Ahmadnagar,Bicycle,36099,33777,2322,0,0,0,6670,6234,436,19536,18255,1281,5763,5438,325,1407,1345,62,2723,2505,218,0,0,0,0,0,0,0,0,0,19.0948287,74.7479789
MAHARASHTRA,Urban,Ahmadnagar,Moped/Scooter/Motor Cycle,69463,62125,7338,0,0,0,12789,11486,1303,29476,26141,3335,13326,11920,1406,5980,5394,586,1932,1780,152,2282,2069,213,972,899,73,2706,2436,270,19.0948287,74.7479789
MAHARASHTRA,Urban,Ahmadnagar,Car/Jeep/Van,5406,4778,628,0,0,0,620,540,80,1439,1256,183,920,803,117,544,488,56,353,317,36,534,470,64,644,580,64,352,324,28,19.0948287,74.7479789
MAHARASHTRA,Urban,Ahmadnagar,Tempo/Autorickshaw/Taxi,12276,9386,2890,0,0,0,1217,967,250,3877,2594,1283,3288,2509,779,1636,1367,269,601,522,79,644,541,103,428,381,47,585,505,80,19.0948287,74.7479789
MAHARASHTRA,Urban,Ahmadnagar,Bus,11608,8622,2986,0,0,0,450,307,143,905,577,328,1117,699,418,1620,1031,589,1194,845,349,1963,1554,409,3518,2917,601,841,692,149,19.0948287,74.7479789
MAHARASHTRA,Urban,Ahmadnagar,Train,1351,1092,259,0,0,0,151,120,31,163,130,33,79,69,10,76,64,12,48,41,7,128,97,31,553,441,112,153,130,23,19.0948287,74.7479789
MAHARASHTRA,Urban,Ahmadnagar,Water transport,72,60,12,0,0,0,8,6,2,17,13,4,11,8,3,4,4,0,4,3,1,3,3,0,9,9,0,16,14,2,19.0948287,74.7479789
MAHARASHTRA,Urban,Ahmadnagar,Any other,1614,1253,361,0,0,0,194,164,30,451,328,123,411,287,124,88,69,19,85,52,33,66,62,4,190,178,12,129,113,16,19.0948287,74.7479789
MAHARASHTRA,Urban,Ahmadnagar,No travel,70952,50612,20340,70952,50612,20340,0,0,0,0,0,0,0,0,0,0,0,0,0,0,0,0,0,0,0,0,0,0,0,0,19.0948287,74.7479789
PUNJAB,Total,Faridkot,All Modes,106042,85833,20209,37507,27359,10148,18578,15185,3393,24227,21155,3072,11497,9886,1611,5986,5061,925,3213,2843,370,1691,1470,221,1647,1428,219,1696,1446,250,30.6769462,74.7583351
PUNJAB,Total,Faridkot,On foot,20726,16150,4576,0,0,0,11773,8946,2827,5318,4262,1056,3635,2942,693,0,0,0,0,0,0,0,0,0,0,0,0,0,0,0,30.6769462,74.7583351
PUNJAB,Total,Faridkot,Bicycle,18220,17440,780,0,0,0,3063,2939,124,9438,8998,440,3192,3090,102,1026,988,38,1501,1425,76,0,0,0,0,0,0,0,0,0,30.6769462,74.7583351
PUNJAB,Total,Faridkot,Moped/Scooter/Motor Cycle,15896,14214,1682,0,0,0,2900,2650,250,7105,6205,900,2445,2179,266,1806,1683,123,396,372,24,227,219,8,156,145,11,861,761,100,30.6769462,74.7583351
PUNJAB,Total,Faridkot,Car/Jeep/Van,2118,1682,436,0,0,0,264,214,50,698,533,165,256,191,65,377,299,78,117,98,19,159,139,20,98,86,12,149,122,27,30.6769462,74.7583351
PUNJAB,Total,Faridkot,Tempo/Autorickshaw/Taxi,1665,1204,461,0,0,0,221,147,74,510,287,223,419,340,79,291,243,48,33,25,8,26,22,4,34,30,4,131,110,21,30.6769462,74.7583351
PUNJAB,Total,Faridkot,Bus,7537,5599,1938,0,0,0,156,106,50,590,365,225,1183,814,369,2248,1631,617,1008,771,237,1009,836,173,990,816,174,353,260,93,30.6769462,74.7583351
PUNJAB,Total,Faridkot,Train,1175,1088,87,0,0,0,66,60,6,144,126,18,119,107,12,131,118,13,127,122,5,202,188,14,284,267,17,102,100,2,30.6769462,74.7583351
PUNJAB,Total,Faridkot,Water transport,69,56,13,0,0,0,7,4,3,9,7,2,8,5,3,21,18,3,5,4,1,6,6,0,8,8,0,5,4,1,30.6769462,74.7583351
PUNJAB,Total,Faridkot,Any other,1129,1041,88,0,0,0,128,119,9,415,372,43,240,218,22,86,81,5,26,26,0,62,60,2,77,76,1,95,89,6,30.6769462,74.7583351
PUNJAB,Total,Faridkot,No travel,37507,27359,10148,37507,27359,10148,0,0,0,0,0,0,0,0,0,0,0,0,0,0,0,0,0,0,0,0,0,0,0,0,30.6769462,74.7583351
PUNJAB,Rural,Faridkot,All Modes,38472,28989,9483,15967,9926,6041,4929,3503,1426,5686,4969,717,6016,5357,659,3032,2732,300,1144,1018,126,612,546,66,659,575,84,427,363,64,30.6769462,74.7583351
PUNJAB,Rural,Faridkot,On foot,5861,3993,1868,0,0,0,3702,2381,1321,1093,826,267,1066,786,280,0,0,0,0,0,0,0,0,0,0,0,0,0,0,0,30.6769462,74.7583351
PUNJAB,Rural,Faridkot,Bicycle,6565,6295,270,0,0,0,703,667,36,2551,2437,114,2236,2169,67,676,654,22,399,368,31,0,0,0,0,0,0,0,0,0,30.6769462,74.7583351
PUNJAB,Rural,Faridkot,Moped/Scooter/Motor Cycle,4588,4230,358,0,0,0,357,324,33,1345,1195,150,1390,1289,101,983,936,47,197,194,3,100,99,1,45,44,1,171,149,22,30.6769462,74.7583351
PUNJAB,Rural,Faridkot,Car/Jeep/Van,554,420,134,0,0,0,27,25,2,128,76,52,116,91,25,141,107,34,37,32,5,37,31,6,23,19,4,45,39,6,30.6769462,74.7583351
PUNJAB,Rural,Faridkot,Tempo/Autorickshaw/Taxi,806,685,121,0,0,0,28,24,4,139,102,37,336,289,47,229,207,22,15,15,0,10,9,1,10,10,0,39,29,10,30.6769462,74.7583351
PUNJAB,Rural,Faridkot,Bus,3306,2687,619,0,0,0,53,32,21,297,218,79,665,550,115,908,742,166,447,362,85,389,334,55,425,352,73,122,97,25,30.6769462,74.7583351
PUNJAB,Rural,Faridkot,Train,378,352,26,0,0,0,23,19,4,42,39,3,67,61,6,39,35,4,37,35,2,31,30,1,113,107,6,26,26,0,30.6769462,74.7583351
PUNJAB,Rural,Faridkot,Water transport,28,23,5,0,0,0,2,0,2,1,1,0,4,3,1,10,9,1,0,0,0,5,5,0,3,3,0,3,2,1,30.6769462,74.7583351
PUNJAB,Rural,Faridkot,Any other,419,378,41,0,0,0,34,31,3,90,75,15,136,119,17,46,42,4,12,12,0,40,38,2,40,40,0,21,21,0,30.6769462,74.7583351
PUNJAB,Rural,Faridkot,No travel,15967,9926,6041,15967,9926,6041,0,0,0,0,0,0,0,0,0,0,0,0,0,0,0,0,0,0,0,0,0,0,0,0,30.6769462,74.7583351
PUNJAB,Urban,Faridkot,All Modes,67570,56844,10726,21540,17433,4107,13649,11682,1967,18541,16186,2355,5481,4529,952,2954,2329,625,2069,1825,244,1079,924,155,988,853,135,1269,1083,186,30.6769462,74.7583351
PUNJAB,Urban,Faridkot,On foot,14865,12157,2708,0,0,0,8071,6565,1506,4225,3436,789,2569,2156,413,0,0,0,0,0,0,0,0,0,0,0,0,0,0,0,30.6769462,74.7583351
PUNJAB,Urban,Faridkot,Bicycle,11655,11145,510,0,0,0,2360,2272,88,6887,6561,326,956,921,35,350,334,16,1102,1057,45,0,0,0,0,0,0,0,0,0,30.6769462,74.7583351
PUNJAB,Urban,Faridkot,Moped/Scooter/Motor Cycle,11308,9984,1324,0,0,0,2543,2326,217,5760,5010,750,1055,890,165,823,747,76,199,178,21,127,120,7,111,101,10,690,612,78,30.6769462,74.7583351
PUNJAB,Urban,Faridkot,Car/Jeep/Van,1564,1262,302,0,0,0,237,189,48,570,457,113,140,100,40,236,192,44,80,66,14,122,108,14,75,67,8,104,83,21,30.6769462,74.7583351
PUNJAB,Urban,Faridkot,Tempo/Autorickshaw/Taxi,859,519,340,0,0,0,193,123,70,371,185,186,83,51,32,62,36,26,18,10,8,16,13,3,24,20,4,92,81,11,30.6769462,74.7583351
PUNJAB,Urban,Faridkot,Bus,4231,2912,1319,0,0,0,103,74,29,293,147,146,518,264,254,1340,889,451,561,409,152,620,502,118,565,464,101,231,163,68,30.6769462,74.7583351
PUNJAB,Urban,Faridkot,Train,797,736,61,0,0,0,43,41,2,102,87,15,52,46,6,92,83,9,90,87,3,171,158,13,171,160,11,76,74,2,30.6769462,74.7583351
PUNJAB,Urban,Faridkot,Water transport,41,33,8,0,0,0,5,4,1,8,6,2,4,2,2,11,9,2,5,4,1,1,1,0,5,5,0,2,2,0,30.6769462,74.7583351
PUNJAB,Urban,Faridkot,Any other,710,663,47,0,0,0,94,88,6,325,297,28,104,99,5,40,39,1,14,14,0,22,22,0,37,36,1,74,68,6,30.6769462,74.7583351
PUNJAB,Urban,Faridkot,No travel,21540,17433,4107,21540,17433,4107,0,0,0,0,0,0,0,0,0,0,0,0,0,0,0,0,0,0,0,0,0,0,0,0,30.6769462,74.7583351
JAMMU & KASHMIR,Total,Ganderbal,All Modes,58611,48832,9779,28251,21391,6860,6426,5572,854,8841,8115,726,7820,7025,795,2837,2612,225,1668,1540,128,1393,1301,92,757,720,37,618,556,62,34.2164955,74.7719431
JAMMU & KASHMIR,Total,Ganderbal,On foot,15340,13724,1616,0,0,0,5554,4831,723,5682,5280,402,4104,3613,491,0,0,0,0,0,0,0,0,0,0,0,0,0,0,0,34.2164955,74.7719431
JAMMU & KASHMIR,Total,Ganderbal,Bicycle,1083,1022,61,0,0,0,115,105,10,531,507,24,238,226,12,61,60,1,138,124,14,0,0,0,0,0,0,0,0,0,34.2164955,74.7719431
JAMMU & KASHMIR,Total,Ganderbal,Moped/Scooter/Motor Cycle,445,423,22,0,0,0,36,30,6,126,122,4,120,116,4,59,56,3,33,33,0,16,16,0,11,11,0,44,39,5,34.2164955,74.7719431
JAMMU & KASHMIR,Total,Ganderbal,Car/Jeep/Van,795,732,63,0,0,0,53,47,6,136,122,14,156,145,11,142,135,7,118,107,11,108,98,10,56,54,2,26,24,2,34.2164955,74.7719431
JAMMU & KASHMIR,Total,Ganderbal,Tempo/Autorickshaw/Taxi,290,268,22,0,0,0,22,18,4,55,50,5,49,44,5,55,53,2,30,29,1,27,27,0,20,19,1,32,28,4,34.2164955,74.7719431
JAMMU & KASHMIR,Total,Ganderbal,Bus,11827,10730,1097,0,0,0,580,483,97,2135,1861,274,3081,2816,265,2484,2273,211,1303,1202,101,1198,1118,80,619,589,30,427,388,39,34.2164955,74.7719431
JAMMU & KASHMIR,Total,Ganderbal,Train,167,155,12,0,0,0,26,22,4,36,35,1,16,15,1,11,11,0,4,4,0,8,8,0,32,31,1,34,29,5,34.2164955,74.7719431
JAMMU & KASHMIR,Total,Ganderbal,Water transport,161,145,16,0,0,0,20,17,3,78,77,1,27,22,5,8,7,1,2,2,0,4,4,0,5,3,2,17,13,4,34.2164955,74.7719431
JAMMU & KASHMIR,Total,Ganderbal,Any other,252,242,10,0,0,0,20,19,1,62,61,1,29,28,1,17,17,0,40,39,1,32,30,2,14,13,1,38,35,3,34.2164955,74.7719431
JAMMU & KASHMIR,Total,Ganderbal,No travel,28251,21391,6860,28251,21391,6860,0,0,0,0,0,0,0,0,0,0,0,0,0,0,0,0,0,0,0,0,0,0,0,0,34.2164955,74.7719431
JAMMU & KASHMIR,Rural,Ganderbal,All Modes,47500,40143,7357,22952,17881,5071,5205,4508,697,7042,6494,548,6567,5915,652,2160,2008,152,1282,1192,90,1167,1094,73,613,589,24,512,462,50,34.2164955,74.7719431
JAMMU & KASHMIR,Rural,Ganderbal,On foot,13253,11910,1343,0,0,0,4565,3984,581,4925,4606,319,3763,3320,443,0,0,0,0,0,0,0,0,0,0,0,0,0,0,0,34.2164955,74.7719431
JAMMU & KASHMIR,Rural,Ganderbal,Bicycle,859,806,53,0,0,0,91,82,9,386,365,21,207,197,10,54,53,1,121,109,12,0,0,0,0,0,0,0,0,0,34.2164955,74.7719431
JAMMU & KASHMIR,Rural,Ganderbal,Moped/Scooter/Motor Cycle,332,314,18,0,0,0,25,20,5,92,88,4,95,92,3,43,41,2,26,26,0,10,10,0,6,6,0,35,31,4,34.2164955,74.7719431
JAMMU & KASHMIR,Rural,Ganderbal,Car/Jeep/Van,570,529,41,0,0,0,41,35,6,86,79,7,111,107,4,92,89,3,85,77,8,90,81,9,41,39,2,24,22,2,34.2164955,74.7719431
JAMMU & KASHMIR,Rural,Ganderbal,Tempo/Autorickshaw/Taxi,210,194,16,0,0,0,18,14,4,31,29,2,36,32,4,43,41,2,20,19,1,19,19,0,16,16,0,27,24,3,34.2164955,74.7719431
JAMMU & KASHMIR,Rural,Ganderbal,Bus,8949,8164,785,0,0,0,423,336,87,1449,1254,195,2302,2121,181,1905,1761,144,994,926,68,1019,957,62,507,488,19,350,321,29,34.2164955,74.7719431
JAMMU & KASHMIR,Rural,Ganderbal,Train,125,118,7,0,0,0,20,19,1,23,23,0,8,7,1,5,5,0,4,4,0,8,8,0,25,25,0,32,27,5,34.2164955,74.7719431
JAMMU & KASHMIR,Rural,Ganderbal,Water transport,96,82,14,0,0,0,14,11,3,26,26,0,25,20,5,7,7,0,1,1,0,4,4,0,5,3,2,14,10,4,34.2164955,74.7719431
JAMMU & KASHMIR,Rural,Ganderbal,Any other,154,145,9,0,0,0,8,7,1,24,24,0,20,19,1,11,11,0,31,30,1,17,15,2,13,12,1,30,27,3,34.2164955,74.7719431
JAMMU & KASHMIR,Rural,Ganderbal,No travel,22952,17881,5071,22952,17881,5071,0,0,0,0,0,0,0,0,0,0,0,0,0,0,0,0,0,0,0,0,0,0,0,0,34.2164955,74.7719431
JAMMU & KASHMIR,Urban,Ganderbal,All Modes,11111,8689,2422,5299,3510,1789,1221,1064,157,1799,1621,178,1253,1110,143,677,604,73,386,348,38,226,207,19,144,131,13,106,94,12,34.2164955,74.7719431
JAMMU & KASHMIR,Urban,Ganderbal,On foot,2087,1814,273,0,0,0,989,847,142,757,674,83,341,293,48,0,0,0,0,0,0,0,0,0,0,0,0,0,0,0,34.2164955,74.7719431
JAMMU & KASHMIR,Urban,Ganderbal,Bicycle,224,216,8,0,0,0,24,23,1,145,142,3,31,29,2,7,7,0,17,15,2,0,0,0,0,0,0,0,0,0,34.2164955,74.7719431
JAMMU & KASHMIR,Urban,Ganderbal,Moped/Scooter/Motor Cycle,113,109,4,0,0,0,11,10,1,34,34,0,25,24,1,16,15,1,7,7,0,6,6,0,5,5,0,9,8,1,34.2164955,74.7719431
JAMMU & KASHMIR,Urban,Ganderbal,Car/Jeep/Van,225,203,22,0,0,0,12,12,0,50,43,7,45,38,7,50,46,4,33,30,3,18,17,1,15,15,0,2,2,0,34.2164955,74.7719431
JAMMU & KASHMIR,Urban,Ganderbal,Tempo/Autorickshaw/Taxi,80,74,6,0,0,0,4,4,0,24,21,3,13,12,1,12,12,0,10,10,0,8,8,0,4,3,1,5,4,1,34.2164955,74.7719431
JAMMU & KASHMIR,Urban,Ganderbal,Bus,2878,2566,312,0,0,0,157,147,10,686,607,79,779,695,84,579,512,67,309,276,33,179,161,18,112,101,11,77,67,10,34.2164955,74.7719431
JAMMU & KASHMIR,Urban,Ganderbal,Train,42,37,5,0,0,0,6,3,3,13,12,1,8,8,0,6,6,0,0,0,0,0,0,0,7,6,1,2,2,0,34.2164955,74.7719431
JAMMU & KASHMIR,Urban,Ganderbal,Water transport,65,63,2,0,0,0,6,6,0,52,51,1,2,2,0,1,0,1,1,1,0,0,0,0,0,0,0,3,3,0,34.2164955,74.7719431
JAMMU & KASHMIR,Urban,Ganderbal,Any other,98,97,1,0,0,0,12,12,0,38,37,1,9,9,0,6,6,0,9,9,0,15,15,0,1,1,0,8,8,0,34.2164955,74.7719431
JAMMU & KASHMIR,Urban,Ganderbal,No travel,5299,3510,1789,5299,3510,1789,0,0,0,0,0,0,0,0,0,0,0,0,0,0,0,0,0,0,0,0,0,0,0,0,34.2164955,74.7719431
MAHARASHTRA,Total,Dhule,All Modes,247049,197283,49766,89910,62116,27794,39597,32926,6671,62490,54463,8027,25603,21636,3967,9054,8027,1027,7476,6717,759,4501,3936,565,4818,4291,527,3600,3171,429,20.9042201,74.7748979
MAHARASHTRA,Total,Dhule,On foot,51117,39449,11668,0,0,0,25270,19858,5412,16639,12721,3918,9208,6870,2338,0,0,0,0,0,0,0,0,0,0,0,0,0,0,0,20.9042201,74.7748979
MAHARASHTRA,Total,Dhule,Bicycle,37279,35545,1734,0,0,0,5957,5687,270,21607,20621,986,5353,5110,243,1304,1254,50,3058,2873,185,0,0,0,0,0,0,0,0,0,20.9042201,74.7748979
MAHARASHTRA,Total,Dhule,Moped/Scooter/Motor Cycle,40776,36745,4031,0,0,0,6284,5637,647,18748,16747,2001,6167,5596,571,3738,3440,298,1889,1740,149,1520,1382,138,779,724,55,1651,1479,172,20.9042201,74.7748979
MAHARASHTRA,Total,Dhule,Car/Jeep/Van,3500,3079,421,0,0,0,316,273,43,797,675,122,532,463,69,465,405,60,310,281,29,404,372,32,380,347,33,296,263,33,20.9042201,74.7748979
MAHARASHTRA,Total,Dhule,Tempo/Autorickshaw/Taxi,7907,6685,1222,0,0,0,788,673,115,2588,1995,593,1890,1616,274,1010,927,83,456,424,32,390,358,32,309,279,30,476,413,63,20.9042201,74.7748979
MAHARASHTRA,Total,Dhule,Bus,13605,10997,2608,0,0,0,658,512,146,1363,1032,331,2025,1605,420,2289,1786,503,1562,1215,347,2000,1654,346,2874,2488,386,834,705,129,20.9042201,74.7748979
MAHARASHTRA,Total,Dhule,Train,1154,1023,131,0,0,0,130,110,20,239,216,23,98,90,8,126,104,22,116,104,12,95,83,12,201,186,15,149,130,19,20.9042201,74.7748979
MAHARASHTRA,Total,Dhule,Water transport,68,60,8,0,0,0,13,10,3,9,9,0,8,6,2,5,5,0,3,3,0,2,2,0,11,10,1,17,15,2,20.9042201,74.7748979
MAHARASHTRA,Total,Dhule,Any other,1733,1584,149,0,0,0,181,166,15,500,447,53,322,280,42,117,106,11,82,77,5,90,85,5,264,257,7,177,166,11,20.9042201,74.7748979
MAHARASHTRA,Total,Dhule,No travel,89910,62116,27794,89910,62116,27794,0,0,0,0,0,0,0,0,0,0,0,0,0,0,0,0,0,0,0,0,0,0,0,0,20.9042201,74.7748979
MAHARASHTRA,Rural,Dhule,All Modes,92302,67198,25104,52700,34380,18320,8852,6875,1977,9680,7971,1709,9544,7651,1893,4515,4102,413,2843,2544,299,1679,1486,193,1369,1204,165,1120,985,135,20.9042201,74.7748979
MAHARASHTRA,Rural,Dhule,On foot,14482,10299,4183,0,0,0,6436,4751,1685,3769,2648,1121,4277,2900,1377,0,0,0,0,0,0,0,0,0,0,0,0,0,0,0,20.9042201,74.7748979
MAHARASHTRA,Rural,Dhule,Bicycle,5862,5529,333,0,0,0,717,662,55,2248,2129,119,1523,1462,61,649,627,22,725,649,76,0,0,0,0,0,0,0,0,0,20.9042201,74.7748979
MAHARASHTRA,Rural,Dhule,Moped/Scooter/Motor Cycle,8018,7336,682,0,0,0,1044,936,108,1835,1672,163,1627,1497,130,1640,1520,120,794,738,56,506,456,50,206,188,18,366,329,37,20.9042201,74.7748979
MAHARASHTRA,Rural,Dhule,Car/Jeep/Van,1308,1158,150,0,0,0,80,68,12,184,151,33,204,180,24,267,238,29,175,164,11,174,159,15,114,97,17,110,101,9,20.9042201,74.7748979
MAHARASHTRA,Rural,Dhule,Tempo/Autorickshaw/Taxi,3212,2889,323,0,0,0,215,184,31,801,709,92,767,679,88,638,591,47,268,249,19,178,168,10,149,131,18,196,178,18,20.9042201,74.7748979
MAHARASHTRA,Rural,Dhule,Bus,5579,4616,963,0,0,0,254,186,68,640,493,147,958,777,181,1159,984,175,754,627,127,757,648,109,752,647,105,305,254,51,20.9042201,74.7748979
MAHARASHTRA,Rural,Dhule,Train,477,413,64,0,0,0,48,40,8,60,51,9,36,31,5,81,68,13,68,61,7,32,27,5,79,74,5,73,61,12,20.9042201,74.7748979
MAHARASHTRA,Rural,Dhule,Water transport,25,21,4,0,0,0,5,4,1,3,3,0,4,3,1,1,1,0,1,1,0,1,1,0,1,1,0,9,7,2,20.9042201,74.7748979
MAHARASHTRA,Rural,Dhule,Any other,639,557,82,0,0,0,53,44,9,140,115,25,148,122,26,80,73,7,58,55,3,31,27,4,68,66,2,61,55,6,20.9042201,74.7748979
MAHARASHTRA,Rural,Dhule,No travel,52700,34380,18320,52700,34380,18320,0,0,0,0,0,0,0,0,0,0,0,0,0,0,0,0,0,0,0,0,0,0,0,0,20.9042201,74.7748979
MAHARASHTRA,Urban,Dhule,All Modes,154747,130085,24662,37210,27736,9474,30745,26051,4694,52810,46492,6318,16059,13985,2074,4539,3925,614,4633,4173,460,2822,2450,372,3449,3087,362,2480,2186,294,20.9042201,74.7748979
MAHARASHTRA,Urban,Dhule,On foot,36635,29150,7485,0,0,0,18834,15107,3727,12870,10073,2797,4931,3970,961,0,0,0,0,0,0,0,0,0,0,0,0,0,0,0,20.9042201,74.7748979
MAHARASHTRA,Urban,Dhule,Bicycle,31417,30016,1401,0,0,0,5240,5025,215,19359,18492,867,3830,3648,182,655,627,28,2333,2224,109,0,0,0,0,0,0,0,0,0,20.9042201,74.7748979
MAHARASHTRA,Urban,Dhule,Moped/Scooter/Motor Cycle,32758,29409,3349,0,0,0,5240,4701,539,16913,15075,1838,4540,4099,441,2098,1920,178,1095,1002,93,1014,926,88,573,536,37,1285,1150,135,20.9042201,74.7748979
MAHARASHTRA,Urban,Dhule,Car/Jeep/Van,2192,1921,271,0,0,0,236,205,31,613,524,89,328,283,45,198,167,31,135,117,18,230,213,17,266,250,16,186,162,24,20.9042201,74.7748979
MAHARASHTRA,Urban,Dhule,Tempo/Autorickshaw/Taxi,4695,3796,899,0,0,0,573,489,84,1787,1286,501,1123,937,186,372,336,36,188,175,13,212,190,22,160,148,12,280,235,45,20.9042201,74.7748979
MAHARASHTRA,Urban,Dhule,Bus,8026,6381,1645,0,0,0,404,326,78,723,539,184,1067,828,239,1130,802,328,808,588,220,1243,1006,237,2122,1841,281,529,451,78,20.9042201,74.7748979
MAHARASHTRA,Urban,Dhule,Train,677,610,67,0,0,0,82,70,12,179,165,14,62,59,3,45,36,9,48,43,5,63,56,7,122,112,10,76,69,7,20.9042201,74.7748979
MAHARASHTRA,Urban,Dhule,Water transport,43,39,4,0,0,0,8,6,2,6,6,0,4,3,1,4,4,0,2,2,0,1,1,0,10,9,1,8,8,0,20.9042201,74.7748979
MAHARASHTRA,Urban,Dhule,Any other,1094,1027,67,0,0,0,128,122,6,360,332,28,174,158,16,37,33,4,24,22,2,59,58,1,196,191,5,116,111,5,20.9042201,74.7748979
MAHARASHTRA,Urban,Dhule,No travel,37210,27736,9474,37210,27736,9474,0,0,0,0,0,0,0,0,0,0,0,0,0,0,0,0,0,0,0,0,0,0,0,0,20.9042201,74.7748979
RAJASTHAN,Total,Pratapgarh,All Modes,72544,47355,25189,23891,14068,9823,17049,10443,6606,17743,10888,6855,6937,5669,1268,3893,3487,406,1141,1052,89,773,717,56,984,913,71,133,118,15,24.0316509,74.7787387
RAJASTHAN,Total,Pratapgarh,On foot,25896,12722,13174,0,0,0,13774,7408,6366,10521,4372,6149,1601,942,659,0,0,0,0,0,0,0,0,0,0,0,0,0,0,0,24.0316509,74.7787387
RAJASTHAN,Total,Pratapgarh,Bicycle,5790,5599,191,0,0,0,828,792,36,3061,2945,116,1397,1376,21,380,370,10,124,116,8,0,0,0,0,0,0,0,0,0,24.0316509,74.7787387
RAJASTHAN,Total,Pratapgarh,Moped/Scooter/Motor Cycle,8645,8149,496,0,0,0,2047,1951,96,2904,2682,222,1664,1575,89,1302,1243,59,353,341,12,212,206,6,100,93,7,63,58,5,24.0316509,74.7787387
RAJASTHAN,Total,Pratapgarh,Car/Jeep/Van,477,406,71,0,0,0,91,74,17,122,100,22,78,67,11,77,63,14,33,29,4,49,48,1,22,22,0,5,3,2,24.0316509,74.7787387
RAJASTHAN,Total,Pratapgarh,Tempo/Autorickshaw/Taxi,1003,785,218,0,0,0,61,48,13,321,243,78,405,317,88,173,142,31,17,16,1,16,13,3,4,2,2,6,4,2,24.0316509,74.7787387
RAJASTHAN,Total,Pratapgarh,Bus,6318,5199,1119,0,0,0,162,113,49,695,449,246,1712,1326,386,1892,1617,275,595,534,61,480,435,45,743,690,53,39,35,4,24.0316509,74.7787387
RAJASTHAN,Total,Pratapgarh,Train,225,183,42,0,0,0,39,25,14,42,28,14,27,23,4,20,15,5,4,4,0,6,5,1,78,75,3,9,8,1,24.0316509,74.7787387
RAJASTHAN,Total,Pratapgarh,Water transport,29,12,17,0,0,0,20,7,13,2,1,1,1,1,0,2,1,1,0,0,0,0,0,0,2,1,1,2,1,1,24.0316509,74.7787387
RAJASTHAN,Total,Pratapgarh,Any other,270,232,38,0,0,0,27,25,2,75,68,7,52,42,10,47,36,11,15,12,3,10,10,0,35,30,5,9,9,0,24.0316509,74.7787387
RAJASTHAN,Total,Pratapgarh,No travel,23891,14068,9823,23891,14068,9823,0,0,0,0,0,0,0,0,0,0,0,0,0,0,0,0,0,0,0,0,0,0,0,0,24.0316509,74.7787387
RAJASTHAN,Rural,Pratapgarh,All Modes,52468,30751,21717,18383,9895,8488,9684,4068,5616,13239,7059,6180,5903,4874,1029,3076,2815,261,870,821,49,521,490,31,712,656,56,80,73,7,24.0316509,74.7787387
RAJASTHAN,Rural,Pratapgarh,On foot,18925,7086,11839,0,0,0,8787,3290,5497,8828,3068,5760,1310,728,582,0,0,0,0,0,0,0,0,0,0,0,0,0,0,0,24.0316509,74.7787387
RAJASTHAN,Rural,Pratapgarh,Bicycle,4234,4080,154,0,0,0,287,261,26,2173,2081,92,1325,1307,18,354,344,10,95,87,8,0,0,0,0,0,0,0,0,0,24.0316509,74.7787387
RAJASTHAN,Rural,Pratapgarh,Moped/Scooter/Motor Cycle,4375,4147,228,0,0,0,399,374,25,1308,1211,97,1252,1199,53,919,886,33,249,241,8,150,145,5,66,59,7,32,32,0,24.0316509,74.7787387
RAJASTHAN,Rural,Pratapgarh,Car/Jeep/Van,296,238,58,0,0,0,28,18,10,71,52,19,65,55,10,57,44,13,27,24,3,27,26,1,17,17,0,4,2,2,24.0316509,74.7787387
RAJASTHAN,Rural,Pratapgarh,Tempo/Autorickshaw/Taxi,863,680,183,0,0,0,25,17,8,258,200,58,386,305,81,163,133,30,14,13,1,11,10,1,2,0,2,4,2,2,24.0316509,74.7787387
RAJASTHAN,Rural,Pratapgarh,Bus,4978,4294,684,0,0,0,107,79,28,507,371,136,1492,1219,273,1518,1360,158,467,441,26,318,295,23,538,500,38,31,29,2,24.0316509,74.7787387
RAJASTHAN,Rural,Pratapgarh,Train,176,143,33,0,0,0,22,11,11,33,22,11,24,22,2,18,13,5,4,4,0,6,5,1,64,61,3,5,5,0,24.0316509,74.7787387
RAJASTHAN,Rural,Pratapgarh,Water transport,20,6,14,0,0,0,14,4,10,1,0,1,0,0,0,2,1,1,0,0,0,0,0,0,2,1,1,1,0,1,24.0316509,74.7787387
RAJASTHAN,Rural,Pratapgarh,Any other,218,182,36,0,0,0,15,14,1,60,54,6,49,39,10,45,34,11,14,11,3,9,9,0,23,18,5,3,3,0,24.0316509,74.7787387
RAJASTHAN,Rural,Pratapgarh,No travel,18383,9895,8488,18383,9895,8488,0,0,0,0,0,0,0,0,0,0,0,0,0,0,0,0,0,0,0,0,0,0,0,0,24.0316509,74.7787387
RAJASTHAN,Urban,Pratapgarh,All Modes,20076,16604,3472,5508,4173,1335,7365,6375,990,4504,3829,675,1034,795,239,817,672,145,271,231,40,252,227,25,272,257,15,53,45,8,24.0316509,74.7787387
RAJASTHAN,Urban,Pratapgarh,On foot,6971,5636,1335,0,0,0,4987,4118,869,1693,1304,389,291,214,77,0,0,0,0,0,0,0,0,0,0,0,0,0,0,0,24.0316509,74.7787387
RAJASTHAN,Urban,Pratapgarh,Bicycle,1556,1519,37,0,0,0,541,531,10,888,864,24,72,69,3,26,26,0,29,29,0,0,0,0,0,0,0,0,0,0,24.0316509,74.7787387
RAJASTHAN,Urban,Pratapgarh,Moped/Scooter/Motor Cycle,4270,4002,268,0,0,0,1648,1577,71,1596,1471,125,412,376,36,383,357,26,104,100,4,62,61,1,34,34,0,31,26,5,24.0316509,74.7787387
RAJASTHAN,Urban,Pratapgarh,Car/Jeep/Van,181,168,13,0,0,0,63,56,7,51,48,3,13,12,1,20,19,1,6,5,1,22,22,0,5,5,0,1,1,0,24.0316509,74.7787387
RAJASTHAN,Urban,Pratapgarh,Tempo/Autorickshaw/Taxi,140,105,35,0,0,0,36,31,5,63,43,20,19,12,7,10,9,1,3,3,0,5,3,2,2,2,0,2,2,0,24.0316509,74.7787387
RAJASTHAN,Urban,Pratapgarh,Bus,1340,905,435,0,0,0,55,34,21,188,78,110,220,107,113,374,257,117,128,93,35,162,140,22,205,190,15,8,6,2,24.0316509,74.7787387
RAJASTHAN,Urban,Pratapgarh,Train,49,40,9,0,0,0,17,14,3,9,6,3,3,1,2,2,2,0,0,0,0,0,0,0,14,14,0,4,3,1,24.0316509,74.7787387
RAJASTHAN,Urban,Pratapgarh,Water transport,9,6,3,0,0,0,6,3,3,1,1,0,1,1,0,0,0,0,0,0,0,0,0,0,0,0,0,1,1,0,24.0316509,74.7787387
RAJASTHAN,Urban,Pratapgarh,Any other,52,50,2,0,0,0,12,11,1,15,14,1,3,3,0,2,2,0,1,1,0,1,1,0,12,12,0,6,6,0,24.0316509,74.7787387
RAJASTHAN,Urban,Pratapgarh,No travel,5508,4173,1335,5508,4173,1335,0,0,0,0,0,0,0,0,0,0,0,0,0,0,0,0,0,0,0,0,0,0,0,0,24.0316509,74.7787387
JAMMU & KASHMIR,Total,Srinagar,All Modes,364457,303779,60678,160088,128720,31368,30211,26339,3872,65650,56933,8717,61835,52652,9183,23208,19376,3832,5415,4593,822,3629,3060,569,2920,2573,347,11501,9533,1968,34.0836708,74.7972825
JAMMU & KASHMIR,Total,Srinagar,On foot,52143,46156,5987,0,0,0,23340,20459,2881,16229,14707,1522,12574,10990,1584,0,0,0,0,0,0,0,0,0,0,0,0,0,0,0,34.0836708,74.7972825
JAMMU & KASHMIR,Total,Srinagar,Bicycle,8917,8545,372,0,0,0,686,643,43,4613,4422,191,2013,1976,37,571,547,24,1034,957,77,0,0,0,0,0,0,0,0,0,34.0836708,74.7972825
JAMMU & KASHMIR,Total,Srinagar,Moped/Scooter/Motor Cycle,11396,10902,494,0,0,0,665,636,29,4311,4175,136,3537,3371,166,1327,1256,71,241,229,12,240,228,12,89,85,4,986,922,64,34.0836708,74.7972825
JAMMU & KASHMIR,Total,Srinagar,Car/Jeep/Van,23498,19823,3675,0,0,0,946,808,138,5204,4405,799,7830,6605,1225,5181,4335,846,1074,900,174,748,632,116,562,507,55,1953,1631,322,34.0836708,74.7972825
JAMMU & KASHMIR,Total,Srinagar,Tempo/Autorickshaw/Taxi,4131,3792,339,0,0,0,322,305,17,1093,976,117,996,916,80,586,541,45,205,191,14,182,170,12,152,132,20,595,561,34,34.0836708,74.7972825
JAMMU & KASHMIR,Total,Srinagar,Bus,98481,80551,17930,0,0,0,3488,2766,722,32672,26818,5854,33914,27908,6006,15175,12358,2817,2784,2248,536,2331,1910,421,1521,1291,230,6596,5252,1344,34.0836708,74.7972825
JAMMU & KASHMIR,Total,Srinagar,Train,1417,1306,111,0,0,0,88,83,5,148,131,17,150,130,20,55,47,8,19,16,3,37,31,6,384,362,22,536,506,30,34.0836708,74.7972825
JAMMU & KASHMIR,Total,Srinagar,Water transport,2605,2431,174,0,0,0,548,524,24,1111,1051,60,501,463,38,195,185,10,18,15,3,32,31,1,9,9,0,191,153,38,34.0836708,74.7972825
JAMMU & KASHMIR,Total,Srinagar,Any other,1781,1553,228,0,0,0,128,115,13,269,248,21,320,293,27,118,107,11,40,37,3,59,58,1,203,187,16,644,508,136,34.0836708,74.7972825
JAMMU & KASHMIR,Total,Srinagar,No travel,160088,128720,31368,160088,128720,31368,0,0,0,0,0,0,0,0,0,0,0,0,0,0,0,0,0,0,0,0,0,0,0,0,34.0836708,74.7972825
JAMMU & KASHMIR,Rural,Srinagar,All Modes,3228,2767,461,1370,1029,341,200,176,24,642,605,37,496,465,31,262,247,15,113,108,5,59,57,2,69,66,3,17,14,3,34.0836708,74.7972825
JAMMU & KASHMIR,Rural,Srinagar,On foot,725,669,56,0,0,0,179,157,22,381,354,27,165,158,7,0,0,0,0,0,0,0,0,0,0,0,0,0,0,0,34.0836708,74.7972825
JAMMU & KASHMIR,Rural,Srinagar,Bicycle,134,130,4,0,0,0,6,5,1,70,67,3,35,35,0,14,14,0,9,9,0,0,0,0,0,0,0,0,0,0,34.0836708,74.7972825
JAMMU & KASHMIR,Rural,Srinagar,Moped/Scooter/Motor Cycle,66,65,1,0,0,0,2,2,0,20,20,0,20,20,0,17,17,0,2,2,0,2,2,0,1,1,0,2,1,1,34.0836708,74.7972825
JAMMU & KASHMIR,Rural,Srinagar,Car/Jeep/Van,62,59,3,0,0,0,0,0,0,14,14,0,20,19,1,14,13,1,9,8,1,1,1,0,3,3,0,1,1,0,34.0836708,74.7972825
JAMMU & KASHMIR,Rural,Srinagar,Tempo/Autorickshaw/Taxi,55,53,2,0,0,0,0,0,0,5,5,0,23,22,1,15,15,0,4,4,0,1,1,0,6,5,1,1,1,0,34.0836708,74.7972825
JAMMU & KASHMIR,Rural,Srinagar,Bus,746,695,51,0,0,0,9,9,0,127,120,7,226,204,22,193,179,14,87,83,4,52,50,2,45,44,1,7,6,1,34.0836708,74.7972825
JAMMU & KASHMIR,Rural,Srinagar,Train,8,8,0,0,0,0,1,1,0,0,0,0,0,0,0,1,1,0,0,0,0,0,0,0,5,5,0,1,1,0,34.0836708,74.7972825
JAMMU & KASHMIR,Rural,Srinagar,Water transport,26,25,1,0,0,0,2,1,1,21,21,0,0,0,0,0,0,0,1,1,0,0,0,0,0,0,0,2,2,0,34.0836708,74.7972825
JAMMU & KASHMIR,Rural,Srinagar,Any other,36,34,2,0,0,0,1,1,0,4,4,0,7,7,0,8,8,0,1,1,0,3,3,0,9,8,1,3,2,1,34.0836708,74.7972825
JAMMU & KASHMIR,Rural,Srinagar,No travel,1370,1029,341,1370,1029,341,0,0,0,0,0,0,0,0,0,0,0,0,0,0,0,0,0,0,0,0,0,0,0,0,34.0836708,74.7972825
JAMMU & KASHMIR,Urban,Srinagar,All Modes,361229,301012,60217,158718,127691,31027,30011,26163,3848,65008,56328,8680,61339,52187,9152,22946,19129,3817,5302,4485,817,3570,3003,567,2851,2507,344,11484,9519,1965,34.0836708,74.7972825
JAMMU & KASHMIR,Urban,Srinagar,On foot,51418,45487,5931,0,0,0,23161,20302,2859,15848,14353,1495,12409,10832,1577,0,0,0,0,0,0,0,0,0,0,0,0,0,0,0,34.0836708,74.7972825
JAMMU & KASHMIR,Urban,Srinagar,Bicycle,8783,8415,368,0,0,0,680,638,42,4543,4355,188,1978,1941,37,557,533,24,1025,948,77,0,0,0,0,0,0,0,0,0,34.0836708,74.7972825
JAMMU & KASHMIR,Urban,Srinagar,Moped/Scooter/Motor Cycle,11330,10837,493,0,0,0,663,634,29,4291,4155,136,3517,3351,166,1310,1239,71,239,227,12,238,226,12,88,84,4,984,921,63,34.0836708,74.7972825
JAMMU & KASHMIR,Urban,Srinagar,Car/Jeep/Van,23436,19764,3672,0,0,0,946,808,138,5190,4391,799,7810,6586,1224,5167,4322,845,1065,892,173,747,631,116,559,504,55,1952,1630,322,34.0836708,74.7972825
JAMMU & KASHMIR,Urban,Srinagar,Tempo/Autorickshaw/Taxi,4076,3739,337,0,0,0,322,305,17,1088,971,117,973,894,79,571,526,45,201,187,14,181,169,12,146,127,19,594,560,34,34.0836708,74.7972825
JAMMU & KASHMIR,Urban,Srinagar,Bus,97735,79856,17879,0,0,0,3479,2757,722,32545,26698,5847,33688,27704,5984,14982,12179,2803,2697,2165,532,2279,1860,419,1476,1247,229,6589,5246,1343,34.0836708,74.7972825
JAMMU & KASHMIR,Urban,Srinagar,Train,1409,1298,111,0,0,0,87,82,5,148,131,17,150,130,20,54,46,8,19,16,3,37,31,6,379,357,22,535,505,30,34.0836708,74.7972825
JAMMU & KASHMIR,Urban,Srinagar,Water transport,2579,2406,173,0,0,0,546,523,23,1090,1030,60,501,463,38,195,185,10,17,14,3,32,31,1,9,9,0,189,151,38,34.0836708,74.7972825
JAMMU & KASHMIR,Urban,Srinagar,Any other,1745,1519,226,0,0,0,127,114,13,265,244,21,313,286,27,110,99,11,39,36,3,56,55,1,194,179,15,641,506,135,34.0836708,74.7972825
JAMMU & KASHMIR,Urban,Srinagar,No travel,158718,127691,31027,158718,127691,31027,0,0,0,0,0,0,0,0,0,0,0,0,0,0,0,0,0,0,0,0,0,0,0,0,34.0836708,74.7972825
JAMMU & KASHMIR,Total,Shupiyan,All Modes,26067,20729,5338,14792,10884,3908,2439,2094,345,2858,2391,467,3212,2834,378,908,824,84,388,355,33,514,476,38,587,544,43,369,327,42,33.7593643,74.8039205
JAMMU & KASHMIR,Total,Shupiyan,On foot,5786,4912,874,0,0,0,2194,1880,314,1764,1431,333,1828,1601,227,0,0,0,0,0,0,0,0,0,0,0,0,0,0,0,33.7593643,74.8039205
JAMMU & KASHMIR,Total,Shupiyan,Bicycle,122,110,12,0,0,0,14,11,3,48,44,4,20,19,1,9,9,0,31,27,4,0,0,0,0,0,0,0,0,0,33.7593643,74.8039205
JAMMU & KASHMIR,Total,Shupiyan,Moped/Scooter/Motor Cycle,323,314,9,0,0,0,16,15,1,110,108,2,81,77,4,42,41,1,9,9,0,24,24,0,11,11,0,30,29,1,33.7593643,74.8039205
JAMMU & KASHMIR,Total,Shupiyan,Car/Jeep/Van,1106,1000,106,0,0,0,41,36,5,205,183,22,246,219,27,174,161,13,91,83,8,124,112,12,142,130,12,83,76,7,33.7593643,74.8039205
JAMMU & KASHMIR,Total,Shupiyan,Tempo/Autorickshaw/Taxi,286,256,30,0,0,0,19,16,3,65,57,8,61,56,5,47,43,4,12,12,0,27,24,3,34,29,5,21,19,2,33.7593643,74.8039205
JAMMU & KASHMIR,Total,Shupiyan,Bus,3471,3090,381,0,0,0,137,119,18,630,537,93,935,823,112,623,558,65,238,218,20,331,308,23,363,339,24,214,188,26,33.7593643,74.8039205
JAMMU & KASHMIR,Total,Shupiyan,Train,61,57,4,0,0,0,7,7,0,8,7,1,15,14,1,2,2,0,0,0,0,2,2,0,20,20,0,7,5,2,33.7593643,74.8039205
JAMMU & KASHMIR,Total,Shupiyan,Water transport,21,16,5,0,0,0,2,2,0,7,7,0,3,3,0,1,1,0,0,0,0,0,0,0,2,1,1,6,2,4,33.7593643,74.8039205
JAMMU & KASHMIR,Total,Shupiyan,Any other,99,90,9,0,0,0,9,8,1,21,17,4,23,22,1,10,9,1,7,6,1,6,6,0,15,14,1,8,8,0,33.7593643,74.8039205
JAMMU & KASHMIR,Total,Shupiyan,No travel,14792,10884,3908,14792,10884,3908,0,0,0,0,0,0,0,0,0,0,0,0,0,0,0,0,0,0,0,0,0,0,0,0,33.7593643,74.8039205
JAMMU & KASHMIR,Rural,Shupiyan,All Modes,20036,15480,4556,10947,7516,3431,1736,1467,269,2483,2082,401,2354,2100,254,860,788,72,368,340,28,479,444,35,545,508,37,264,235,29,33.7593643,74.8039205
JAMMU & KASHMIR,Rural,Shupiyan,On foot,4134,3463,671,0,0,0,1541,1294,247,1513,1212,301,1080,957,123,0,0,0,0,0,0,0,0,0,0,0,0,0,0,0,33.7593643,74.8039205
JAMMU & KASHMIR,Rural,Shupiyan,Bicycle,102,95,7,0,0,0,11,9,2,40,38,2,20,19,1,9,9,0,22,20,2,0,0,0,0,0,0,0,0,0,33.7593643,74.8039205
JAMMU & KASHMIR,Rural,Shupiyan,Moped/Scooter/Motor Cycle,295,287,8,0,0,0,14,13,1,100,98,2,77,73,4,41,40,1,9,9,0,24,24,0,9,9,0,21,21,0,33.7593643,74.8039205
JAMMU & KASHMIR,Rural,Shupiyan,Car/Jeep/Van,944,853,91,0,0,0,28,23,5,173,155,18,212,191,21,154,144,10,85,78,7,107,96,11,130,118,12,55,48,7,33.7593643,74.8039205
JAMMU & KASHMIR,Rural,Shupiyan,Tempo/Autorickshaw/Taxi,251,226,25,0,0,0,15,13,2,58,53,5,57,52,5,45,41,4,10,10,0,23,20,3,30,26,4,13,11,2,33.7593643,74.8039205
JAMMU & KASHMIR,Rural,Shupiyan,Bus,3219,2906,313,0,0,0,116,104,12,571,500,71,873,774,99,600,543,57,236,217,19,318,297,21,346,326,20,159,145,14,33.7593643,74.8039205
JAMMU & KASHMIR,Rural,Shupiyan,Train,51,47,4,0,0,0,2,2,0,7,6,1,15,14,1,2,2,0,0,0,0,2,2,0,18,18,0,5,3,2,33.7593643,74.8039205
JAMMU & KASHMIR,Rural,Shupiyan,Water transport,20,16,4,0,0,0,2,2,0,7,7,0,3,3,0,1,1,0,0,0,0,0,0,0,1,1,0,6,2,4,33.7593643,74.8039205
JAMMU & KASHMIR,Rural,Shupiyan,Any other,73,71,2,0,0,0,7,7,0,14,13,1,17,17,0,8,8,0,6,6,0,5,5,0,11,10,1,5,5,0,33.7593643,74.8039205
JAMMU & KASHMIR,Rural,Shupiyan,No travel,10947,7516,3431,10947,7516,3431,0,0,0,0,0,0,0,0,0,0,0,0,0,0,0,0,0,0,0,0,0,0,0,0,33.7593643,74.8039205
JAMMU & KASHMIR,Urban,Shupiyan,All Modes,6031,5249,782,3845,3368,477,703,627,76,375,309,66,858,734,124,48,36,12,20,15,5,35,32,3,42,36,6,105,92,13,33.7593643,74.8039205
JAMMU & KASHMIR,Urban,Shupiyan,On foot,1652,1449,203,0,0,0,653,586,67,251,219,32,748,644,104,0,0,0,0,0,0,0,0,0,0,0,0,0,0,0,33.7593643,74.8039205
JAMMU & KASHMIR,Urban,Shupiyan,Bicycle,20,15,5,0,0,0,3,2,1,8,6,2,0,0,0,0,0,0,9,7,2,0,0,0,0,0,0,0,0,0,33.7593643,74.8039205
JAMMU & KASHMIR,Urban,Shupiyan,Moped/Scooter/Motor Cycle,28,27,1,0,0,0,2,2,0,10,10,0,4,4,0,1,1,0,0,0,0,0,0,0,2,2,0,9,8,1,33.7593643,74.8039205
JAMMU & KASHMIR,Urban,Shupiyan,Car/Jeep/Van,162,147,15,0,0,0,13,13,0,32,28,4,34,28,6,20,17,3,6,5,1,17,16,1,12,12,0,28,28,0,33.7593643,74.8039205
JAMMU & KASHMIR,Urban,Shupiyan,Tempo/Autorickshaw/Taxi,35,30,5,0,0,0,4,3,1,7,4,3,4,4,0,2,2,0,2,2,0,4,4,0,4,3,1,8,8,0,33.7593643,74.8039205
JAMMU & KASHMIR,Urban,Shupiyan,Bus,252,184,68,0,0,0,21,15,6,59,37,22,62,49,13,23,15,8,2,1,1,13,11,2,17,13,4,55,43,12,33.7593643,74.8039205
JAMMU & KASHMIR,Urban,Shupiyan,Train,10,10,0,0,0,0,5,5,0,1,1,0,0,0,0,0,0,0,0,0,0,0,0,0,2,2,0,2,2,0,33.7593643,74.8039205
JAMMU & KASHMIR,Urban,Shupiyan,Water transport,1,0,1,0,0,0,0,0,0,0,0,0,0,0,0,0,0,0,0,0,0,0,0,0,1,0,1,0,0,0,33.7593643,74.8039205
JAMMU & KASHMIR,Urban,Shupiyan,Any other,26,19,7,0,0,0,2,1,1,7,4,3,6,5,1,2,1,1,1,0,1,1,1,0,4,4,0,3,3,0,33.7593643,74.8039205
JAMMU & KASHMIR,Urban,Shupiyan,No travel,3845,3368,477,3845,3368,477,0,0,0,0,0,0,0,0,0,0,0,0,0,0,0,0,0,0,0,0,0,0,0,0,33.7593643,74.8039205
JAMMU & KASHMIR,Total,Reasi,All Modes,44077,33330,10747,13848,9972,3876,8224,5117,3107,8632,6591,2041,6495,5254,1241,1969,1839,130,1093,983,110,1307,1233,74,2001,1890,111,508,451,57,33.0804393,74.8364724
JAMMU & KASHMIR,Total,Reasi,On foot,17925,12124,5801,0,0,0,7561,4550,3011,6558,4774,1784,3806,2800,1006,0,0,0,0,0,0,0,0,0,0,0,0,0,0,0,33.0804393,74.8364724
JAMMU & KASHMIR,Total,Reasi,Bicycle,161,114,47,0,0,0,37,20,17,75,52,23,12,12,0,8,7,1,29,23,6,0,0,0,0,0,0,0,0,0,33.0804393,74.8364724
JAMMU & KASHMIR,Total,Reasi,Moped/Scooter/Motor Cycle,981,930,51,0,0,0,229,216,13,391,371,20,143,139,4,83,80,3,41,38,3,33,33,0,14,13,1,47,40,7,33.0804393,74.8364724
JAMMU & KASHMIR,Total,Reasi,Car/Jeep/Van,532,475,57,0,0,0,128,107,21,97,90,7,86,83,3,48,45,3,51,48,3,42,40,2,54,43,11,26,19,7,33.0804393,74.8364724
JAMMU & KASHMIR,Total,Reasi,Tempo/Autorickshaw/Taxi,769,703,66,0,0,0,41,36,5,172,148,24,159,148,11,119,109,10,51,49,2,52,50,2,131,123,8,44,40,4,33.0804393,74.8364724
JAMMU & KASHMIR,Total,Reasi,Bus,9434,8620,814,0,0,0,200,168,32,1291,1113,178,2228,2021,207,1632,1521,111,869,774,95,1138,1069,69,1718,1630,88,358,324,34,33.0804393,74.8364724
JAMMU & KASHMIR,Total,Reasi,Train,108,92,16,0,0,0,12,5,7,11,10,1,7,6,1,6,6,0,4,3,1,2,2,0,52,49,3,14,11,3,33.0804393,74.8364724
JAMMU & KASHMIR,Total,Reasi,Water transport,30,28,2,0,0,0,4,4,0,5,5,0,6,5,1,3,2,1,1,1,0,2,2,0,3,3,0,6,6,0,33.0804393,74.8364724
JAMMU & KASHMIR,Total,Reasi,Any other,289,272,17,0,0,0,12,11,1,32,28,4,48,40,8,70,69,1,47,47,0,38,37,1,29,29,0,13,11,2,33.0804393,74.8364724
JAMMU & KASHMIR,Total,Reasi,No travel,13848,9972,3876,13848,9972,3876,0,0,0,0,0,0,0,0,0,0,0,0,0,0,0,0,0,0,0,0,0,0,0,0,33.0804393,74.8364724
JAMMU & KASHMIR,Rural,Reasi,All Modes,35277,25533,9744,10756,7153,3603,5628,2908,2720,7564,5632,1932,5482,4352,1130,1755,1643,112,875,795,80,1138,1082,56,1681,1612,69,398,356,42,33.0804393,74.8364724
JAMMU & KASHMIR,Rural,Reasi,On foot,14272,8965,5307,0,0,0,5186,2540,2646,5842,4129,1713,3244,2296,948,0,0,0,0,0,0,0,0,0,0,0,0,0,0,0,33.0804393,74.8364724
JAMMU & KASHMIR,Rural,Reasi,Bicycle,143,96,47,0,0,0,31,14,17,65,42,23,12,12,0,8,7,1,27,21,6,0,0,0,0,0,0,0,0,0,33.0804393,74.8364724
JAMMU & KASHMIR,Rural,Reasi,Moped/Scooter/Motor Cycle,728,691,37,0,0,0,108,102,6,311,297,14,120,116,4,76,73,3,35,33,2,28,28,0,13,12,1,37,30,7,33.0804393,74.8364724
JAMMU & KASHMIR,Rural,Reasi,Car/Jeep/Van,362,326,36,0,0,0,70,58,12,75,70,5,74,71,3,29,27,2,34,32,2,29,27,2,33,27,6,18,14,4,33.0804393,74.8364724
JAMMU & KASHMIR,Rural,Reasi,Tempo/Autorickshaw/Taxi,660,613,47,0,0,0,30,27,3,126,112,14,144,135,9,111,101,10,50,48,2,48,46,2,122,117,5,29,27,2,33.0804393,74.8364724
JAMMU & KASHMIR,Rural,Reasi,Bus,7958,7323,635,0,0,0,179,151,28,1101,942,159,1829,1673,156,1454,1360,94,678,611,67,991,940,51,1440,1385,55,286,261,25,33.0804393,74.8364724
JAMMU & KASHMIR,Rural,Reasi,Train,91,77,14,0,0,0,11,4,7,9,8,1,6,5,1,6,6,0,3,2,1,2,2,0,42,40,2,12,10,2,33.0804393,74.8364724
JAMMU & KASHMIR,Rural,Reasi,Water transport,26,24,2,0,0,0,2,2,0,5,5,0,6,5,1,3,2,1,1,1,0,2,2,0,2,2,0,5,5,0,33.0804393,74.8364724
JAMMU & KASHMIR,Rural,Reasi,Any other,281,265,16,0,0,0,11,10,1,30,27,3,47,39,8,68,67,1,47,47,0,38,37,1,29,29,0,11,9,2,33.0804393,74.8364724
JAMMU & KASHMIR,Rural,Reasi,No travel,10756,7153,3603,10756,7153,3603,0,0,0,0,0,0,0,0,0,0,0,0,0,0,0,0,0,0,0,0,0,0,0,0,33.0804393,74.8364724
JAMMU & KASHMIR,Urban,Reasi,All Modes,8800,7797,1003,3092,2819,273,2596,2209,387,1068,959,109,1013,902,111,214,196,18,218,188,30,169,151,18,320,278,42,110,95,15,33.0804393,74.8364724
JAMMU & KASHMIR,Urban,Reasi,On foot,3653,3159,494,0,0,0,2375,2010,365,716,645,71,562,504,58,0,0,0,0,0,0,0,0,0,0,0,0,0,0,0,33.0804393,74.8364724
JAMMU & KASHMIR,Urban,Reasi,Bicycle,18,18,0,0,0,0,6,6,0,10,10,0,0,0,0,0,0,0,2,2,0,0,0,0,0,0,0,0,0,0,33.0804393,74.8364724
JAMMU & KASHMIR,Urban,Reasi,Moped/Scooter/Motor Cycle,253,239,14,0,0,0,121,114,7,80,74,6,23,23,0,7,7,0,6,5,1,5,5,0,1,1,0,10,10,0,33.0804393,74.8364724
JAMMU & KASHMIR,Urban,Reasi,Car/Jeep/Van,170,149,21,0,0,0,58,49,9,22,20,2,12,12,0,19,18,1,17,16,1,13,13,0,21,16,5,8,5,3,33.0804393,74.8364724
JAMMU & KASHMIR,Urban,Reasi,Tempo/Autorickshaw/Taxi,109,90,19,0,0,0,11,9,2,46,36,10,15,13,2,8,8,0,1,1,0,4,4,0,9,6,3,15,13,2,33.0804393,74.8364724
JAMMU & KASHMIR,Urban,Reasi,Bus,1476,1297,179,0,0,0,21,17,4,190,171,19,399,348,51,178,161,17,191,163,28,147,129,18,278,245,33,72,63,9,33.0804393,74.8364724
JAMMU & KASHMIR,Urban,Reasi,Train,17,15,2,0,0,0,1,1,0,2,2,0,1,1,0,0,0,0,1,1,0,0,0,0,10,9,1,2,1,1,33.0804393,74.8364724
JAMMU & KASHMIR,Urban,Reasi,Water transport,4,4,0,0,0,0,2,2,0,0,0,0,0,0,0,0,0,0,0,0,0,0,0,0,1,1,0,1,1,0,33.0804393,74.8364724
JAMMU & KASHMIR,Urban,Reasi,Any other,8,7,1,0,0,0,1,1,0,2,1,1,1,1,0,2,2,0,0,0,0,0,0,0,0,0,0,2,2,0,33.0804393,74.8364724
JAMMU & KASHMIR,Urban,Reasi,No travel,3092,2819,273,3092,2819,273,0,0,0,0,0,0,0,0,0,0,0,0,0,0,0,0,0,0,0,0,0,0,0,0,33.0804393,74.8364724
MADHYA PRADESH,Total,Neemuch,All Modes,102730,84477,18253,29153,21576,7577,26764,22042,4722,27867,24017,3850,9460,8267,1193,4336,3875,461,2104,1938,166,1109,996,113,1530,1397,133,407,369,38,24.4763852,74.8624092
MADHYA PRADESH,Total,Neemuch,On foot,31182,23716,7466,0,0,0,18606,14334,4272,9540,6976,2564,3036,2406,630,0,0,0,0,0,0,0,0,0,0,0,0,0,0,0,24.4763852,74.8624092
MADHYA PRADESH,Total,Neemuch,Bicycle,15334,14784,550,0,0,0,3173,3069,104,8593,8246,347,2399,2339,60,644,625,19,525,505,20,0,0,0,0,0,0,0,0,0,24.4763852,74.8624092
MADHYA PRADESH,Total,Neemuch,Moped/Scooter/Motor Cycle,17403,16217,1186,0,0,0,4402,4133,269,7974,7343,631,2258,2104,154,1501,1413,88,505,492,13,289,278,11,223,216,7,251,238,13,24.4763852,74.8624092
MADHYA PRADESH,Total,Neemuch,Car/Jeep/Van,1099,1003,96,0,0,0,230,209,21,378,345,33,109,97,12,129,115,14,74,68,6,66,62,4,83,81,2,30,26,4,24.4763852,74.8624092
MADHYA PRADESH,Total,Neemuch,Tempo/Autorickshaw/Taxi,666,550,116,0,0,0,76,64,12,288,226,62,192,161,31,54,49,5,16,15,1,17,16,1,9,8,1,14,11,3,24.4763852,74.8624092
MADHYA PRADESH,Total,Neemuch,Bus,6406,5273,1133,0,0,0,111,88,23,788,610,178,1281,992,289,1911,1585,326,811,690,121,631,534,97,815,726,89,58,48,10,24.4763852,74.8624092
MADHYA PRADESH,Total,Neemuch,Train,822,739,83,0,0,0,98,87,11,162,146,16,46,35,11,36,32,4,44,40,4,79,79,0,320,287,33,37,33,4,24.4763852,74.8624092
MADHYA PRADESH,Total,Neemuch,Water transport,221,210,11,0,0,0,20,16,4,7,3,4,15,14,1,16,16,0,115,114,1,10,10,0,33,33,0,5,4,1,24.4763852,74.8624092
MADHYA PRADESH,Total,Neemuch,Any other,444,409,35,0,0,0,48,42,6,137,122,15,124,119,5,45,40,5,14,14,0,17,17,0,47,46,1,12,9,3,24.4763852,74.8624092
MADHYA PRADESH,Total,Neemuch,No travel,29153,21576,7577,29153,21576,7577,0,0,0,0,0,0,0,0,0,0,0,0,0,0,0,0,0,0,0,0,0,0,0,0,24.4763852,74.8624092
MADHYA PRADESH,Rural,Neemuch,All Modes,33879,26856,7023,12058,8295,3763,5299,3882,1417,7164,6116,1048,4803,4315,488,2395,2238,157,811,760,51,466,432,34,780,722,58,103,96,7,24.4763852,74.8624092
MADHYA PRADESH,Rural,Neemuch,On foot,8244,5810,2434,0,0,0,4267,2914,1353,2734,1953,781,1243,943,300,0,0,0,0,0,0,0,0,0,0,0,0,0,0,0,24.4763852,74.8624092
MADHYA PRADESH,Rural,Neemuch,Bicycle,4848,4689,159,0,0,0,379,361,18,2373,2289,84,1458,1422,36,464,452,12,174,165,9,0,0,0,0,0,0,0,0,0,24.4763852,74.8624092
MADHYA PRADESH,Rural,Neemuch,Moped/Scooter/Motor Cycle,4412,4192,220,0,0,0,498,469,29,1409,1323,86,1191,1134,57,785,752,33,248,242,6,132,128,4,95,93,2,54,51,3,24.4763852,74.8624092
MADHYA PRADESH,Rural,Neemuch,Car/Jeep/Van,270,246,24,0,0,0,68,64,4,45,39,6,27,27,0,61,51,10,30,28,2,14,13,1,19,18,1,6,6,0,24.4763852,74.8624092
MADHYA PRADESH,Rural,Neemuch,Tempo/Autorickshaw/Taxi,165,145,20,0,0,0,4,4,0,46,37,9,86,78,8,18,17,1,4,3,1,4,4,0,0,0,0,3,2,1,24.4763852,74.8624092
MADHYA PRADESH,Rural,Neemuch,Bus,3296,2951,345,0,0,0,50,44,6,486,418,68,705,624,81,1016,921,95,328,297,31,281,252,29,405,372,33,25,23,2,24.4763852,74.8624092
MADHYA PRADESH,Rural,Neemuch,Train,335,300,35,0,0,0,11,9,2,23,20,3,19,16,3,18,16,2,19,17,2,22,22,0,212,190,22,11,10,1,24.4763852,74.8624092
MADHYA PRADESH,Rural,Neemuch,Water transport,35,31,4,0,0,0,6,4,2,1,0,1,2,1,1,0,0,0,0,0,0,0,0,0,26,26,0,0,0,0,24.4763852,74.8624092
MADHYA PRADESH,Rural,Neemuch,Any other,216,197,19,0,0,0,16,13,3,47,37,10,72,70,2,33,29,4,8,8,0,13,13,0,23,23,0,4,4,0,24.4763852,74.8624092
MADHYA PRADESH,Rural,Neemuch,No travel,12058,8295,3763,12058,8295,3763,0,0,0,0,0,0,0,0,0,0,0,0,0,0,0,0,0,0,0,0,0,0,0,0,24.4763852,74.8624092
MADHYA PRADESH,Urban,Neemuch,All Modes,68851,57621,11230,17095,13281,3814,21465,18160,3305,20703,17901,2802,4657,3952,705,1941,1637,304,1293,1178,115,643,564,79,750,675,75,304,273,31,24.4763852,74.8624092
MADHYA PRADESH,Urban,Neemuch,On foot,22938,17906,5032,0,0,0,14339,11420,2919,6806,5023,1783,1793,1463,330,0,0,0,0,0,0,0,0,0,0,0,0,0,0,0,24.4763852,74.8624092
MADHYA PRADESH,Urban,Neemuch,Bicycle,10486,10095,391,0,0,0,2794,2708,86,6220,5957,263,941,917,24,180,173,7,351,340,11,0,0,0,0,0,0,0,0,0,24.4763852,74.8624092
MADHYA PRADESH,Urban,Neemuch,Moped/Scooter/Motor Cycle,12991,12025,966,0,0,0,3904,3664,240,6565,6020,545,1067,970,97,716,661,55,257,250,7,157,150,7,128,123,5,197,187,10,24.4763852,74.8624092
MADHYA PRADESH,Urban,Neemuch,Car/Jeep/Van,829,757,72,0,0,0,162,145,17,333,306,27,82,70,12,68,64,4,44,40,4,52,49,3,64,63,1,24,20,4,24.4763852,74.8624092
MADHYA PRADESH,Urban,Neemuch,Tempo/Autorickshaw/Taxi,501,405,96,0,0,0,72,60,12,242,189,53,106,83,23,36,32,4,12,12,0,13,12,1,9,8,1,11,9,2,24.4763852,74.8624092
MADHYA PRADESH,Urban,Neemuch,Bus,3110,2322,788,0,0,0,61,44,17,302,192,110,576,368,208,895,664,231,483,393,90,350,282,68,410,354,56,33,25,8,24.4763852,74.8624092
MADHYA PRADESH,Urban,Neemuch,Train,487,439,48,0,0,0,87,78,9,139,126,13,27,19,8,18,16,2,25,23,2,57,57,0,108,97,11,26,23,3,24.4763852,74.8624092
MADHYA PRADESH,Urban,Neemuch,Water transport,186,179,7,0,0,0,14,12,2,6,3,3,13,13,0,16,16,0,115,114,1,10,10,0,7,7,0,5,4,1,24.4763852,74.8624092
MADHYA PRADESH,Urban,Neemuch,Any other,228,212,16,0,0,0,32,29,3,90,85,5,52,49,3,12,11,1,6,6,0,4,4,0,24,23,1,8,5,3,24.4763852,74.8624092
MADHYA PRADESH,Urban,Neemuch,No travel,17095,13281,3814,17095,13281,3814,0,0,0,0,0,0,0,0,0,0,0,0,0,0,0,0,0,0,0,0,0,0,0,0,24.4763852,74.8624092
PUNJAB,Total,Amritsar,All Modes,629998,507383,122615,182246,123029,59217,86227,69771,16456,169916,146561,23355,103032,89337,13695,34936,31047,3889,23563,21196,2367,8454,7224,1230,8960,8085,875,12664,11133,1531,31.6339793,74.8722642
PUNJAB,Total,Amritsar,On foot,122759,95543,27216,0,0,0,57684,44362,13322,36770,28605,8165,28305,22576,5729,0,0,0,0,0,0,0,0,0,0,0,0,0,0,0,31.6339793,74.8722642
PUNJAB,Total,Amritsar,Bicycle,123739,117495,6244,0,0,0,11851,11080,771,59214,56058,3156,29464,28335,1129,10524,10150,374,12686,11872,814,0,0,0,0,0,0,0,0,0,31.6339793,74.8722642
PUNJAB,Total,Amritsar,Moped/Scooter/Motor Cycle,112752,100728,12024,0,0,0,11928,10761,1167,51175,45429,5746,27090,24166,2924,10525,9474,1051,3045,2796,249,2367,2143,224,739,664,75,5883,5295,588,31.6339793,74.8722642
PUNJAB,Total,Amritsar,Car/Jeep/Van,17508,14817,2691,0,0,0,1333,1084,249,6125,5067,1058,4548,3945,603,2175,1847,328,931,775,156,775,675,100,591,535,56,1030,889,141,31.6339793,74.8722642
PUNJAB,Total,Amritsar,Tempo/Autorickshaw/Taxi,25371,18183,7188,0,0,0,1612,1041,571,10749,6891,3858,7100,5319,1781,2779,2328,451,654,574,80,518,418,100,277,239,38,1682,1373,309,31.6339793,74.8722642
PUNJAB,Total,Amritsar,Bus,31310,24498,6812,0,0,0,842,584,258,3051,1963,1088,4712,3351,1361,7889,6282,1607,5627,4611,1016,3848,3116,732,3569,3129,440,1772,1462,310,31.6339793,74.8722642
PUNJAB,Total,Amritsar,Train,8688,7868,820,0,0,0,458,394,64,1310,1157,153,729,636,93,457,409,48,408,367,41,730,671,59,3193,2948,245,1403,1286,117,31.6339793,74.8722642
PUNJAB,Total,Amritsar,Water transport,449,366,83,0,0,0,52,37,15,103,85,18,66,52,14,36,28,8,25,23,2,27,21,6,47,40,7,93,80,13,31.6339793,74.8722642
PUNJAB,Total,Amritsar,Any other,5176,4856,320,0,0,0,467,428,39,1419,1306,113,1018,957,61,551,529,22,187,178,9,189,180,9,544,530,14,801,748,53,31.6339793,74.8722642
PUNJAB,Total,Amritsar,No travel,182246,123029,59217,182246,123029,59217,0,0,0,0,0,0,0,0,0,0,0,0,0,0,0,0,0,0,0,0,0,0,0,0,31.6339793,74.8722642
PUNJAB,Rural,Amritsar,All Modes,180033,138193,41840,73828,47985,25843,17514,12592,4922,28821,24547,4274,25599,21726,3873,15409,14195,1214,9648,8808,840,2955,2646,309,3294,3097,197,2965,2597,368,31.6339793,74.8722642
PUNJAB,Rural,Amritsar,On foot,27884,19433,8451,0,0,0,13265,8870,4395,7049,5125,1924,7570,5438,2132,0,0,0,0,0,0,0,0,0,0,0,0,0,0,0,31.6339793,74.8722642
PUNJAB,Rural,Amritsar,Bicycle,36641,34659,1982,0,0,0,2458,2249,209,14085,13174,911,10068,9650,418,5942,5755,187,4088,3831,257,0,0,0,0,0,0,0,0,0,31.6339793,74.8722642
PUNJAB,Rural,Amritsar,Moped/Scooter/Motor Cycle,15231,13534,1697,0,0,0,924,789,135,4129,3514,615,3627,3241,386,3530,3248,282,1402,1307,95,567,522,45,156,150,6,896,763,133,31.6339793,74.8722642
PUNJAB,Rural,Amritsar,Car/Jeep/Van,1659,1387,272,0,0,0,112,80,32,381,295,86,284,229,55,309,273,36,178,151,27,123,114,9,144,136,8,128,109,19,31.6339793,74.8722642
PUNJAB,Rural,Amritsar,Tempo/Autorickshaw/Taxi,3506,2893,613,0,0,0,134,102,32,956,722,234,1007,796,211,752,677,75,259,236,23,117,111,6,80,75,5,201,174,27,31.6339793,74.8722642
PUNJAB,Rural,Amritsar,Bus,16216,13505,2711,0,0,0,357,263,94,1443,989,454,2536,1904,632,4405,3791,614,3353,2935,418,1786,1554,232,1489,1356,133,847,713,134,31.6339793,74.8722642
PUNJAB,Rural,Amritsar,Train,2613,2472,141,0,0,0,97,87,10,180,161,19,132,121,11,176,167,9,226,213,13,231,217,14,1000,965,35,571,541,30,31.6339793,74.8722642
PUNJAB,Rural,Amritsar,Water transport,134,111,23,0,0,0,13,7,6,21,19,2,19,13,6,12,10,2,12,11,1,8,7,1,20,19,1,29,25,4,31.6339793,74.8722642
PUNJAB,Rural,Amritsar,Any other,2321,2214,107,0,0,0,154,145,9,577,548,29,356,334,22,283,274,9,130,124,6,123,121,2,405,396,9,293,272,21,31.6339793,74.8722642
PUNJAB,Rural,Amritsar,No travel,73828,47985,25843,73828,47985,25843,0,0,0,0,0,0,0,0,0,0,0,0,0,0,0,0,0,0,0,0,0,0,0,0,31.6339793,74.8722642
PUNJAB,Urban,Amritsar,All Modes,449965,369190,80775,108418,75044,33374,68713,57179,11534,141095,122014,19081,77433,67611,9822,19527,16852,2675,13915,12388,1527,5499,4578,921,5666,4988,678,9699,8536,1163,31.6339793,74.8722642
PUNJAB,Urban,Amritsar,On foot,94875,76110,18765,0,0,0,44419,35492,8927,29721,23480,6241,20735,17138,3597,0,0,0,0,0,0,0,0,0,0,0,0,0,0,0,31.6339793,74.8722642
PUNJAB,Urban,Amritsar,Bicycle,87098,82836,4262,0,0,0,9393,8831,562,45129,42884,2245,19396,18685,711,4582,4395,187,8598,8041,557,0,0,0,0,0,0,0,0,0,31.6339793,74.8722642
PUNJAB,Urban,Amritsar,Moped/Scooter/Motor Cycle,97521,87194,10327,0,0,0,11004,9972,1032,47046,41915,5131,23463,20925,2538,6995,6226,769,1643,1489,154,1800,1621,179,583,514,69,4987,4532,455,31.6339793,74.8722642
PUNJAB,Urban,Amritsar,Car/Jeep/Van,15849,13430,2419,0,0,0,1221,1004,217,5744,4772,972,4264,3716,548,1866,1574,292,753,624,129,652,561,91,447,399,48,902,780,122,31.6339793,74.8722642
PUNJAB,Urban,Amritsar,Tempo/Autorickshaw/Taxi,21865,15290,6575,0,0,0,1478,939,539,9793,6169,3624,6093,4523,1570,2027,1651,376,395,338,57,401,307,94,197,164,33,1481,1199,282,31.6339793,74.8722642
PUNJAB,Urban,Amritsar,Bus,15094,10993,4101,0,0,0,485,321,164,1608,974,634,2176,1447,729,3484,2491,993,2274,1676,598,2062,1562,500,2080,1773,307,925,749,176,31.6339793,74.8722642
PUNJAB,Urban,Amritsar,Train,6075,5396,679,0,0,0,361,307,54,1130,996,134,597,515,82,281,242,39,182,154,28,499,454,45,2193,1983,210,832,745,87,31.6339793,74.8722642
PUNJAB,Urban,Amritsar,Water transport,315,255,60,0,0,0,39,30,9,82,66,16,47,39,8,24,18,6,13,12,1,19,14,5,27,21,6,64,55,9,31.6339793,74.8722642
PUNJAB,Urban,Amritsar,Any other,2855,2642,213,0,0,0,313,283,30,842,758,84,662,623,39,268,255,13,57,54,3,66,59,7,139,134,5,508,476,32,31.6339793,74.8722642
PUNJAB,Urban,Amritsar,No travel,108418,75044,33374,108418,75044,33374,0,0,0,0,0,0,0,0,0,0,0,0,0,0,0,0,0,0,0,0,0,0,0,0,31.6339793,74.8722642
JAMMU & KASHMIR,Total,Pulwama,All Modes,93979,77222,16757,49382,38100,11282,8863,7213,1650,10700,9458,1242,9442,8281,1161,4909,4428,481,2992,2674,318,4497,4121,376,2075,1942,133,1119,1005,114,33.8716117,74.8945692
JAMMU & KASHMIR,Total,Pulwama,On foot,15502,12930,2572,0,0,0,7962,6407,1555,4656,4098,558,2884,2425,459,0,0,0,0,0,0,0,0,0,0,0,0,0,0,0,33.8716117,74.8945692
JAMMU & KASHMIR,Total,Pulwama,Bicycle,883,836,47,0,0,0,52,49,3,418,394,24,241,235,6,59,53,6,113,105,8,0,0,0,0,0,0,0,0,0,33.8716117,74.8945692
JAMMU & KASHMIR,Total,Pulwama,Moped/Scooter/Motor Cycle,748,713,35,0,0,0,44,41,3,236,221,15,198,194,4,116,110,6,46,45,1,46,46,0,18,16,2,44,40,4,33.8716117,74.8945692
JAMMU & KASHMIR,Total,Pulwama,Car/Jeep/Van,2777,2526,251,0,0,0,136,125,11,442,406,36,449,407,42,509,467,42,317,283,34,577,512,65,238,226,12,109,100,9,33.8716117,74.8945692
JAMMU & KASHMIR,Total,Pulwama,Tempo/Autorickshaw/Taxi,656,601,55,0,0,0,27,25,2,199,185,14,84,76,8,64,60,4,76,69,7,93,83,10,87,81,6,26,22,4,33.8716117,74.8945692
JAMMU & KASHMIR,Total,Pulwama,Bus,22841,20380,2461,0,0,0,572,502,70,4394,3808,586,5425,4789,636,4035,3617,418,2396,2131,265,3689,3392,297,1536,1431,105,794,710,84,33.8716117,74.8945692
JAMMU & KASHMIR,Total,Pulwama,Train,305,291,14,0,0,0,20,19,1,40,37,3,33,33,0,17,16,1,11,10,1,23,22,1,117,114,3,44,40,4,33.8716117,74.8945692
JAMMU & KASHMIR,Total,Pulwama,Water transport,291,274,17,0,0,0,16,12,4,182,178,4,23,20,3,45,43,2,6,6,0,10,9,1,3,3,0,6,3,3,33.8716117,74.8945692
JAMMU & KASHMIR,Total,Pulwama,Any other,594,571,23,0,0,0,34,33,1,133,131,2,105,102,3,64,62,2,27,25,2,59,57,2,76,71,5,96,90,6,33.8716117,74.8945692
JAMMU & KASHMIR,Total,Pulwama,No travel,49382,38100,11282,49382,38100,11282,0,0,0,0,0,0,0,0,0,0,0,0,0,0,0,0,0,0,0,0,0,0,0,0,33.8716117,74.8945692
JAMMU & KASHMIR,Rural,Pulwama,All Modes,68726,55639,13087,33843,24893,8950,5663,4478,1185,8609,7636,973,7610,6730,880,3832,3478,354,2534,2285,249,3922,3622,300,1850,1735,115,863,782,81,33.8716117,74.8945692
JAMMU & KASHMIR,Rural,Pulwama,On foot,10590,8720,1870,0,0,0,4962,3848,1114,3664,3238,426,1964,1634,330,0,0,0,0,0,0,0,0,0,0,0,0,0,0,0,33.8716117,74.8945692
JAMMU & KASHMIR,Rural,Pulwama,Bicycle,740,702,38,0,0,0,33,33,0,348,326,22,230,224,6,47,43,4,82,76,6,0,0,0,0,0,0,0,0,0,33.8716117,74.8945692
JAMMU & KASHMIR,Rural,Pulwama,Moped/Scooter/Motor Cycle,636,605,31,0,0,0,32,29,3,194,181,13,188,184,4,90,85,5,42,41,1,40,40,0,18,16,2,32,29,3,33.8716117,74.8945692
JAMMU & KASHMIR,Rural,Pulwama,Car/Jeep/Van,2244,2058,186,0,0,0,85,79,6,392,362,30,391,358,33,379,350,29,249,223,26,469,421,48,210,201,9,69,64,5,33.8716117,74.8945692
JAMMU & KASHMIR,Rural,Pulwama,Tempo/Autorickshaw/Taxi,567,518,49,0,0,0,23,21,2,180,167,13,70,63,7,58,55,3,67,61,6,71,63,8,79,73,6,19,15,4,33.8716117,74.8945692
JAMMU & KASHMIR,Rural,Pulwama,Bus,19065,17142,1923,0,0,0,466,409,57,3500,3039,461,4623,4128,495,3143,2835,308,2057,1849,208,3274,3034,240,1365,1274,91,637,574,63,33.8716117,74.8945692
JAMMU & KASHMIR,Rural,Pulwama,Train,270,260,10,0,0,0,17,17,0,31,29,2,31,31,0,12,11,1,9,8,1,19,18,1,110,107,3,41,39,2,33.8716117,74.8945692
JAMMU & KASHMIR,Rural,Pulwama,Water transport,276,265,11,0,0,0,14,12,2,181,177,4,22,20,2,43,41,2,6,6,0,7,6,1,1,1,0,2,2,0,33.8716117,74.8945692
JAMMU & KASHMIR,Rural,Pulwama,Any other,495,476,19,0,0,0,31,30,1,119,117,2,91,88,3,60,58,2,22,21,1,42,40,2,67,63,4,63,59,4,33.8716117,74.8945692
JAMMU & KASHMIR,Rural,Pulwama,No travel,33843,24893,8950,33843,24893,8950,0,0,0,0,0,0,0,0,0,0,0,0,0,0,0,0,0,0,0,0,0,0,0,0,33.8716117,74.8945692
JAMMU & KASHMIR,Urban,Pulwama,All Modes,25253,21583,3670,15539,13207,2332,3200,2735,465,2091,1822,269,1832,1551,281,1077,950,127,458,389,69,575,499,76,225,207,18,256,223,33,33.8716117,74.8945692
JAMMU & KASHMIR,Urban,Pulwama,On foot,4912,4210,702,0,0,0,3000,2559,441,992,860,132,920,791,129,0,0,0,0,0,0,0,0,0,0,0,0,0,0,0,33.8716117,74.8945692
JAMMU & KASHMIR,Urban,Pulwama,Bicycle,143,134,9,0,0,0,19,16,3,70,68,2,11,11,0,12,10,2,31,29,2,0,0,0,0,0,0,0,0,0,33.8716117,74.8945692
JAMMU & KASHMIR,Urban,Pulwama,Moped/Scooter/Motor Cycle,112,108,4,0,0,0,12,12,0,42,40,2,10,10,0,26,25,1,4,4,0,6,6,0,0,0,0,12,11,1,33.8716117,74.8945692
JAMMU & KASHMIR,Urban,Pulwama,Car/Jeep/Van,533,468,65,0,0,0,51,46,5,50,44,6,58,49,9,130,117,13,68,60,8,108,91,17,28,25,3,40,36,4,33.8716117,74.8945692
JAMMU & KASHMIR,Urban,Pulwama,Tempo/Autorickshaw/Taxi,89,83,6,0,0,0,4,4,0,19,18,1,14,13,1,6,5,1,9,8,1,22,20,2,8,8,0,7,7,0,33.8716117,74.8945692
JAMMU & KASHMIR,Urban,Pulwama,Bus,3776,3238,538,0,0,0,106,93,13,894,769,125,802,661,141,892,782,110,339,282,57,415,358,57,171,157,14,157,136,21,33.8716117,74.8945692
JAMMU & KASHMIR,Urban,Pulwama,Train,35,31,4,0,0,0,3,2,1,9,8,1,2,2,0,5,5,0,2,2,0,4,4,0,7,7,0,3,1,2,33.8716117,74.8945692
JAMMU & KASHMIR,Urban,Pulwama,Water transport,15,9,6,0,0,0,2,0,2,1,1,0,1,0,1,2,2,0,0,0,0,3,3,0,2,2,0,4,1,3,33.8716117,74.8945692
JAMMU & KASHMIR,Urban,Pulwama,Any other,99,95,4,0,0,0,3,3,0,14,14,0,14,14,0,4,4,0,5,4,1,17,17,0,9,8,1,33,31,2,33.8716117,74.8945692
JAMMU & KASHMIR,Urban,Pulwama,No travel,15539,13207,2332,15539,13207,2332,0,0,0,0,0,0,0,0,0,0,0,0,0,0,0,0,0,0,0,0,0,0,0,0,33.8716117,74.8945692
MADHYA PRADESH,Total,Barwani,All Modes,91546,72625,18921,31238,22916,8322,21802,17675,4127,17937,14761,3176,9815,7918,1897,3882,3340,542,2297,2015,282,1720,1477,243,1429,1297,132,1426,1226,200,22.0363157,74.903339
MADHYA PRADESH,Total,Barwani,On foot,31910,24520,7390,0,0,0,16886,13176,3710,9388,7057,2331,5636,4287,1349,0,0,0,0,0,0,0,0,0,0,0,0,0,0,0,22.0363157,74.903339
MADHYA PRADESH,Total,Barwani,Bicycle,5922,5644,278,0,0,0,1294,1223,71,2873,2754,119,832,798,34,331,315,16,592,554,38,0,0,0,0,0,0,0,0,0,22.0363157,74.903339
MADHYA PRADESH,Total,Barwani,Moped/Scooter/Motor Cycle,12018,11039,979,0,0,0,3007,2788,219,3917,3558,359,1543,1413,130,1418,1311,107,564,534,30,546,508,38,229,218,11,794,709,85,22.0363157,74.903339
MADHYA PRADESH,Total,Barwani,Car/Jeep/Van,1032,916,116,0,0,0,152,132,20,191,163,28,205,175,30,135,119,16,46,44,2,68,64,4,154,145,9,81,74,7,22.0363157,74.903339
MADHYA PRADESH,Total,Barwani,Tempo/Autorickshaw/Taxi,974,813,161,0,0,0,96,71,25,287,234,53,203,171,32,152,127,25,81,71,10,50,43,7,33,32,1,72,64,8,22.0363157,74.903339
MADHYA PRADESH,Total,Barwani,Bus,7746,6151,1595,0,0,0,274,207,67,1122,855,267,1332,1011,321,1749,1392,357,981,781,200,1015,825,190,885,776,109,388,304,84,22.0363157,74.903339
MADHYA PRADESH,Total,Barwani,Train,259,218,41,0,0,0,52,44,8,54,45,9,27,27,0,24,19,5,7,5,2,14,12,2,37,35,2,44,31,13,22.0363157,74.903339
MADHYA PRADESH,Total,Barwani,Water transport,43,33,10,0,0,0,14,10,4,7,4,3,4,4,0,3,2,1,3,3,0,1,1,0,2,2,0,9,7,2,22.0363157,74.903339
MADHYA PRADESH,Total,Barwani,Any other,404,375,29,0,0,0,27,24,3,98,91,7,33,32,1,70,55,15,23,23,0,26,24,2,89,89,0,38,37,1,22.0363157,74.903339
MADHYA PRADESH,Total,Barwani,No travel,31238,22916,8322,31238,22916,8322,0,0,0,0,0,0,0,0,0,0,0,0,0,0,0,0,0,0,0,0,0,0,0,0,22.0363157,74.903339
MADHYA PRADESH,Rural,Barwani,All Modes,40781,30758,10023,18185,12875,5310,5759,4190,1569,7156,5589,1567,4853,3909,944,2076,1799,277,1042,927,115,687,588,99,571,505,66,452,376,76,22.0363157,74.903339
MADHYA PRADESH,Rural,Barwani,On foot,10336,7130,3206,0,0,0,4840,3397,1443,3533,2383,1150,1963,1350,613,0,0,0,0,0,0,0,0,0,0,0,0,0,0,0,22.0363157,74.903339
MADHYA PRADESH,Rural,Barwani,Bicycle,2439,2285,154,0,0,0,227,198,29,1120,1054,66,635,604,31,232,221,11,225,208,17,0,0,0,0,0,0,0,0,0,22.0363157,74.903339
MADHYA PRADESH,Rural,Barwani,Moped/Scooter/Motor Cycle,4210,3825,385,0,0,0,400,362,38,1421,1268,153,952,874,78,700,648,52,277,265,12,209,192,17,93,85,8,158,131,27,22.0363157,74.903339
MADHYA PRADESH,Rural,Barwani,Car/Jeep/Van,539,473,66,0,0,0,67,61,6,80,65,15,188,161,27,83,74,9,16,15,1,29,28,1,48,42,6,28,27,1,22.0363157,74.903339
MADHYA PRADESH,Rural,Barwani,Tempo/Autorickshaw/Taxi,589,494,95,0,0,0,39,27,12,150,127,23,160,137,23,111,90,21,53,46,7,28,24,4,10,9,1,38,34,4,22.0363157,74.903339
MADHYA PRADESH,Rural,Barwani,Bus,4134,3363,771,0,0,0,141,110,31,772,621,151,917,745,172,900,724,176,454,377,77,406,330,76,362,311,51,182,145,37,22.0363157,74.903339
MADHYA PRADESH,Rural,Barwani,Train,147,125,22,0,0,0,26,20,6,33,28,5,18,18,0,17,13,4,5,4,1,7,6,1,16,16,0,25,20,5,22.0363157,74.903339
MADHYA PRADESH,Rural,Barwani,Water transport,31,24,7,0,0,0,12,9,3,5,3,2,4,4,0,3,2,1,2,2,0,0,0,0,1,1,0,4,3,1,22.0363157,74.903339
MADHYA PRADESH,Rural,Barwani,Any other,171,164,7,0,0,0,7,6,1,42,40,2,16,16,0,30,27,3,10,10,0,8,8,0,41,41,0,17,16,1,22.0363157,74.903339
MADHYA PRADESH,Rural,Barwani,No travel,18185,12875,5310,18185,12875,5310,0,0,0,0,0,0,0,0,0,0,0,0,0,0,0,0,0,0,0,0,0,0,0,0,22.0363157,74.903339
MADHYA PRADESH,Urban,Barwani,All Modes,50765,41867,8898,13053,10041,3012,16043,13485,2558,10781,9172,1609,4962,4009,953,1806,1541,265,1255,1088,167,1033,889,144,858,792,66,974,850,124,22.0363157,74.903339
MADHYA PRADESH,Urban,Barwani,On foot,21574,17390,4184,0,0,0,12046,9779,2267,5855,4674,1181,3673,2937,736,0,0,0,0,0,0,0,0,0,0,0,0,0,0,0,22.0363157,74.903339
MADHYA PRADESH,Urban,Barwani,Bicycle,3483,3359,124,0,0,0,1067,1025,42,1753,1700,53,197,194,3,99,94,5,367,346,21,0,0,0,0,0,0,0,0,0,22.0363157,74.903339
MADHYA PRADESH,Urban,Barwani,Moped/Scooter/Motor Cycle,7808,7214,594,0,0,0,2607,2426,181,2496,2290,206,591,539,52,718,663,55,287,269,18,337,316,21,136,133,3,636,578,58,22.0363157,74.903339
MADHYA PRADESH,Urban,Barwani,Car/Jeep/Van,493,443,50,0,0,0,85,71,14,111,98,13,17,14,3,52,45,7,30,29,1,39,36,3,106,103,3,53,47,6,22.0363157,74.903339
MADHYA PRADESH,Urban,Barwani,Tempo/Autorickshaw/Taxi,385,319,66,0,0,0,57,44,13,137,107,30,43,34,9,41,37,4,28,25,3,22,19,3,23,23,0,34,30,4,22.0363157,74.903339
MADHYA PRADESH,Urban,Barwani,Bus,3612,2788,824,0,0,0,133,97,36,350,234,116,415,266,149,849,668,181,527,404,123,609,495,114,523,465,58,206,159,47,22.0363157,74.903339
MADHYA PRADESH,Urban,Barwani,Train,112,93,19,0,0,0,26,24,2,21,17,4,9,9,0,7,6,1,2,1,1,7,6,1,21,19,2,19,11,8,22.0363157,74.903339
MADHYA PRADESH,Urban,Barwani,Water transport,12,9,3,0,0,0,2,1,1,2,1,1,0,0,0,0,0,0,1,1,0,1,1,0,1,1,0,5,4,1,22.0363157,74.903339
MADHYA PRADESH,Urban,Barwani,Any other,233,211,22,0,0,0,20,18,2,56,51,5,17,16,1,40,28,12,13,13,0,18,16,2,48,48,0,21,21,0,22.0363157,74.903339
MADHYA PRADESH,Urban,Barwani,No travel,13053,10041,3012,13053,10041,3012,0,0,0,0,0,0,0,0,0,0,0,0,0,0,0,0,0,0,0,0,0,0,0,0,22.0363157,74.903339
PUNJAB,Total,Tarn Taran,All Modes,162305,126093,36212,70591,48602,21989,25172,19863,5309,25364,21622,3742,19039,16203,2836,7400,6499,901,6087,5437,650,2464,2209,255,3499,3268,231,2689,2390,299,31.4538668,74.9267599
PUNJAB,Total,Tarn Taran,On foot,33153,25234,7919,0,0,0,19647,14872,4775,6605,5029,1576,6901,5333,1568,0,0,0,0,0,0,0,0,0,0,0,0,0,0,0,31.4538668,74.9267599
PUNJAB,Total,Tarn Taran,Bicycle,24708,23254,1454,0,0,0,2756,2570,186,10824,10097,727,6068,5799,269,2263,2182,81,2797,2606,191,0,0,0,0,0,0,0,0,0,31.4538668,74.9267599
PUNJAB,Total,Tarn Taran,Moped/Scooter/Motor Cycle,14626,13160,1466,0,0,0,1824,1671,153,4929,4310,619,3032,2710,322,2243,2056,187,956,894,62,497,469,28,220,204,16,925,846,79,31.4538668,74.9267599
PUNJAB,Total,Tarn Taran,Car/Jeep/Van,1869,1523,346,0,0,0,174,132,42,438,331,107,339,271,68,268,213,55,194,161,33,151,137,14,129,119,10,176,159,17,31.4538668,74.9267599
PUNJAB,Total,Tarn Taran,Tempo/Autorickshaw/Taxi,1815,1433,382,0,0,0,168,117,51,674,465,209,396,338,58,211,189,22,82,77,5,56,51,5,64,62,2,164,134,30,31.4538668,74.9267599
PUNJAB,Total,Tarn Taran,Bus,11151,8798,2353,0,0,0,250,178,72,1155,714,441,1855,1333,522,2134,1614,520,1836,1491,345,1509,1321,188,1790,1635,155,622,512,110,31.4538668,74.9267599
PUNJAB,Total,Tarn Taran,Train,2111,1966,145,0,0,0,158,145,13,138,121,17,104,93,11,104,94,10,94,85,9,153,140,13,902,862,40,458,426,32,31.4538668,74.9267599
PUNJAB,Total,Tarn Taran,Water transport,146,136,10,0,0,0,20,18,2,26,26,0,15,13,2,9,7,2,9,9,0,9,9,0,20,20,0,38,34,4,31.4538668,74.9267599
PUNJAB,Total,Tarn Taran,Any other,2135,1987,148,0,0,0,175,160,15,575,529,46,329,313,16,168,144,24,119,114,5,89,82,7,374,366,8,306,279,27,31.4538668,74.9267599
PUNJAB,Total,Tarn Taran,No travel,70591,48602,21989,70591,48602,21989,0,0,0,0,0,0,0,0,0,0,0,0,0,0,0,0,0,0,0,0,0,0,0,0,31.4538668,74.9267599
PUNJAB,Rural,Tarn Taran,All Modes,122813,92987,29826,58837,39420,19417,13947,10186,3761,17093,14392,2701,15497,13190,2307,6043,5435,608,4463,4008,455,1964,1770,194,2942,2772,170,2027,1814,213,31.4538668,74.9267599
PUNJAB,Rural,Tarn Taran,On foot,20284,14326,5958,0,0,0,11108,7645,3463,4104,2933,1171,5072,3748,1324,0,0,0,0,0,0,0,0,0,0,0,0,0,0,0,31.4538668,74.9267599
PUNJAB,Rural,Tarn Taran,Bicycle,19570,18365,1205,0,0,0,1665,1532,133,8045,7449,596,5512,5265,247,2084,2013,71,2264,2106,158,0,0,0,0,0,0,0,0,0,31.4538668,74.9267599
PUNJAB,Rural,Tarn Taran,Moped/Scooter/Motor Cycle,9458,8553,905,0,0,0,600,554,46,2784,2422,362,2399,2167,232,1784,1652,132,720,671,49,418,396,22,173,162,11,580,529,51,31.4538668,74.9267599
PUNJAB,Rural,Tarn Taran,Car/Jeep/Van,1244,998,246,0,0,0,83,54,29,278,202,76,263,211,52,190,152,38,114,91,23,109,97,12,95,88,7,112,103,9,31.4538668,74.9267599
PUNJAB,Rural,Tarn Taran,Tempo/Autorickshaw/Taxi,1330,1140,190,0,0,0,88,71,17,439,356,83,353,307,46,181,165,16,49,47,2,46,42,4,55,54,1,119,98,21,31.4538668,74.9267599
PUNJAB,Rural,Tarn Taran,Bus,8564,6870,1694,0,0,0,189,134,55,952,585,367,1514,1133,381,1591,1252,339,1156,941,215,1217,1068,149,1460,1348,112,485,409,76,31.4538668,74.9267599
PUNJAB,Rural,Tarn Taran,Train,1719,1612,107,0,0,0,101,93,8,76,63,13,85,75,10,87,80,7,49,43,6,91,88,3,813,780,33,417,390,27,31.4538668,74.9267599
PUNJAB,Rural,Tarn Taran,Water transport,134,124,10,0,0,0,18,16,2,24,24,0,15,13,2,8,6,2,6,6,0,9,9,0,17,17,0,37,33,4,31.4538668,74.9267599
PUNJAB,Rural,Tarn Taran,Any other,1673,1579,94,0,0,0,95,87,8,391,358,33,284,271,13,118,115,3,105,103,2,74,70,4,329,323,6,277,252,25,31.4538668,74.9267599
PUNJAB,Rural,Tarn Taran,No travel,58837,39420,19417,58837,39420,19417,0,0,0,0,0,0,0,0,0,0,0,0,0,0,0,0,0,0,0,0,0,0,0,0,31.4538668,74.9267599
PUNJAB,Urban,Tarn Taran,All Modes,39492,33106,6386,11754,9182,2572,11225,9677,1548,8271,7230,1041,3542,3013,529,1357,1064,293,1624,1429,195,500,439,61,557,496,61,662,576,86,31.4538668,74.9267599
PUNJAB,Urban,Tarn Taran,On foot,12869,10908,1961,0,0,0,8539,7227,1312,2501,2096,405,1829,1585,244,0,0,0,0,0,0,0,0,0,0,0,0,0,0,0,31.4538668,74.9267599
PUNJAB,Urban,Tarn Taran,Bicycle,5138,4889,249,0,0,0,1091,1038,53,2779,2648,131,556,534,22,179,169,10,533,500,33,0,0,0,0,0,0,0,0,0,31.4538668,74.9267599
PUNJAB,Urban,Tarn Taran,Moped/Scooter/Motor Cycle,5168,4607,561,0,0,0,1224,1117,107,2145,1888,257,633,543,90,459,404,55,236,223,13,79,73,6,47,42,5,345,317,28,31.4538668,74.9267599
PUNJAB,Urban,Tarn Taran,Car/Jeep/Van,625,525,100,0,0,0,91,78,13,160,129,31,76,60,16,78,61,17,80,70,10,42,40,2,34,31,3,64,56,8,31.4538668,74.9267599
PUNJAB,Urban,Tarn Taran,Tempo/Autorickshaw/Taxi,485,293,192,0,0,0,80,46,34,235,109,126,43,31,12,30,24,6,33,30,3,10,9,1,9,8,1,45,36,9,31.4538668,74.9267599
PUNJAB,Urban,Tarn Taran,Bus,2587,1928,659,0,0,0,61,44,17,203,129,74,341,200,141,543,362,181,680,550,130,292,253,39,330,287,43,137,103,34,31.4538668,74.9267599
PUNJAB,Urban,Tarn Taran,Train,392,354,38,0,0,0,57,52,5,62,58,4,19,18,1,17,14,3,45,42,3,62,52,10,89,82,7,41,36,5,31.4538668,74.9267599
PUNJAB,Urban,Tarn Taran,Water transport,12,12,0,0,0,0,2,2,0,2,2,0,0,0,0,1,1,0,3,3,0,0,0,0,3,3,0,1,1,0,31.4538668,74.9267599
PUNJAB,Urban,Tarn Taran,Any other,462,408,54,0,0,0,80,73,7,184,171,13,45,42,3,50,29,21,14,11,3,15,12,3,45,43,2,29,27,2,31.4538668,74.9267599
PUNJAB,Urban,Tarn Taran,No travel,11754,9182,2572,11754,9182,2572,0,0,0,0,0,0,0,0,0,0,0,0,0,0,0,0,0,0,0,0,0,0,0,0,31.4538668,74.9267599
PUNJAB,Total,Bathinda,All Modes,265131,202642,62489,94875,58203,36672,47837,39580,8257,59761,51856,7905,29813,25198,4615,11971,10097,1874,8376,7124,1252,4069,3390,679,4216,3633,583,4213,3561,652,30.210994,74.9454745
PUNJAB,Total,Bathinda,On foot,57879,45234,12645,0,0,0,33382,26381,7001,12264,9200,3064,12233,9653,2580,0,0,0,0,0,0,0,0,0,0,0,0,0,0,0,30.210994,74.9454745
PUNJAB,Total,Bathinda,Bicycle,38879,36971,1908,0,0,0,6141,5816,325,21422,20343,1079,6239,5989,250,1834,1793,41,3243,3030,213,0,0,0,0,0,0,0,0,0,30.210994,74.9454745
PUNJAB,Total,Bathinda,Moped/Scooter/Motor Cycle,38044,34463,3581,0,0,0,6202,5718,484,19138,17038,2100,5824,5336,488,2986,2803,183,930,885,45,547,527,20,361,331,30,2056,1825,231,30.210994,74.9454745
PUNJAB,Total,Bathinda,Car/Jeep/Van,7795,6226,1569,0,0,0,706,570,136,2859,2370,489,1138,854,284,979,717,262,639,461,178,589,499,90,419,380,39,466,375,91,30.210994,74.9454745
PUNJAB,Total,Bathinda,Tempo/Autorickshaw/Taxi,2743,2088,655,0,0,0,230,160,70,1152,775,377,502,417,85,289,253,36,94,74,20,99,86,13,134,124,10,243,199,44,30.210994,74.9454745
PUNJAB,Total,Bathinda,Bus,19939,15103,4836,0,0,0,640,473,167,1917,1282,635,3322,2430,892,5295,4038,1257,3205,2449,756,2529,2004,525,2080,1703,377,951,724,227,30.210994,74.9454745
PUNJAB,Total,Bathinda,Train,2440,2152,288,0,0,0,131,112,19,215,187,28,102,86,16,242,221,21,174,151,23,239,212,27,1037,917,120,300,266,34,30.210994,74.9454745
PUNJAB,Total,Bathinda,Water transport,161,140,21,0,0,0,42,36,6,27,23,4,20,17,3,17,15,2,9,7,2,8,6,2,17,17,0,21,19,2,30.210994,74.9454745
PUNJAB,Total,Bathinda,Any other,2376,2062,314,0,0,0,363,314,49,767,638,129,433,416,17,329,257,72,82,67,15,58,56,2,168,161,7,176,153,23,30.210994,74.9454745
PUNJAB,Total,Bathinda,No travel,94875,58203,36672,94875,58203,36672,0,0,0,0,0,0,0,0,0,0,0,0,0,0,0,0,0,0,0,0,0,0,0,0,30.210994,74.9454745
PUNJAB,Rural,Bathinda,All Modes,105596,70123,35473,51757,25346,26411,17641,13634,4007,11016,9438,1578,11596,9612,1984,6487,5909,578,3381,3024,357,1364,1204,160,1162,1004,158,1192,952,240,30.210994,74.9454745
PUNJAB,Rural,Bathinda,On foot,22196,16399,5797,0,0,0,14703,11035,3668,3113,2306,807,4380,3058,1322,0,0,0,0,0,0,0,0,0,0,0,0,0,0,0,30.210994,74.9454745
PUNJAB,Rural,Bathinda,Bicycle,10779,10251,528,0,0,0,1493,1394,99,4283,4087,196,2664,2546,118,1277,1246,31,1062,978,84,0,0,0,0,0,0,0,0,0,30.210994,74.9454745
PUNJAB,Rural,Bathinda,Moped/Scooter/Motor Cycle,7285,6810,475,0,0,0,650,595,55,1895,1741,154,1897,1801,96,1649,1583,66,473,454,19,220,211,9,123,111,12,378,314,64,30.210994,74.9454745
PUNJAB,Rural,Bathinda,Car/Jeep/Van,1369,1049,320,0,0,0,114,91,23,335,253,82,268,201,67,304,224,80,119,93,26,81,67,14,53,44,9,95,76,19,30.210994,74.9454745
PUNJAB,Rural,Bathinda,Tempo/Autorickshaw/Taxi,606,517,89,0,0,0,54,47,7,119,100,19,147,127,20,120,113,7,43,34,9,33,26,7,31,25,6,59,45,14,30.210994,74.9454745
PUNJAB,Rural,Bathinda,Bus,10107,8471,1636,0,0,0,455,350,105,948,710,238,2032,1684,348,2950,2568,382,1609,1392,217,968,841,127,660,548,112,485,378,107,30.210994,74.9454745
PUNJAB,Rural,Bathinda,Train,534,477,57,0,0,0,43,34,9,42,37,5,34,28,6,60,56,4,36,36,0,29,26,3,205,191,14,85,69,16,30.210994,74.9454745
PUNJAB,Rural,Bathinda,Water transport,51,44,7,0,0,0,11,7,4,1,1,0,9,9,0,6,6,0,5,4,1,2,2,0,4,4,0,13,11,2,30.210994,74.9454745
PUNJAB,Rural,Bathinda,Any other,912,759,153,0,0,0,118,81,37,280,203,77,165,158,7,121,113,8,34,33,1,31,31,0,86,81,5,77,59,18,30.210994,74.9454745
PUNJAB,Rural,Bathinda,No travel,51757,25346,26411,51757,25346,26411,0,0,0,0,0,0,0,0,0,0,0,0,0,0,0,0,0,0,0,0,0,0,0,0,30.210994,74.9454745
PUNJAB,Urban,Bathinda,All Modes,159535,132519,27016,43118,32857,10261,30196,25946,4250,48745,42418,6327,18217,15586,2631,5484,4188,1296,4995,4100,895,2705,2186,519,3054,2629,425,3021,2609,412,30.210994,74.9454745
PUNJAB,Urban,Bathinda,On foot,35683,28835,6848,0,0,0,18679,15346,3333,9151,6894,2257,7853,6595,1258,0,0,0,0,0,0,0,0,0,0,0,0,0,0,0,30.210994,74.9454745
PUNJAB,Urban,Bathinda,Bicycle,28100,26720,1380,0,0,0,4648,4422,226,17139,16256,883,3575,3443,132,557,547,10,2181,2052,129,0,0,0,0,0,0,0,0,0,30.210994,74.9454745
PUNJAB,Urban,Bathinda,Moped/Scooter/Motor Cycle,30759,27653,3106,0,0,0,5552,5123,429,17243,15297,1946,3927,3535,392,1337,1220,117,457,431,26,327,316,11,238,220,18,1678,1511,167,30.210994,74.9454745
PUNJAB,Urban,Bathinda,Car/Jeep/Van,6426,5177,1249,0,0,0,592,479,113,2524,2117,407,870,653,217,675,493,182,520,368,152,508,432,76,366,336,30,371,299,72,30.210994,74.9454745
PUNJAB,Urban,Bathinda,Tempo/Autorickshaw/Taxi,2137,1571,566,0,0,0,176,113,63,1033,675,358,355,290,65,169,140,29,51,40,11,66,60,6,103,99,4,184,154,30,30.210994,74.9454745
PUNJAB,Urban,Bathinda,Bus,9832,6632,3200,0,0,0,185,123,62,969,572,397,1290,746,544,2345,1470,875,1596,1057,539,1561,1163,398,1420,1155,265,466,346,120,30.210994,74.9454745
PUNJAB,Urban,Bathinda,Train,1906,1675,231,0,0,0,88,78,10,173,150,23,68,58,10,182,165,17,138,115,23,210,186,24,832,726,106,215,197,18,30.210994,74.9454745
PUNJAB,Urban,Bathinda,Water transport,110,96,14,0,0,0,31,29,2,26,22,4,11,8,3,11,9,2,4,3,1,6,4,2,13,13,0,8,8,0,30.210994,74.9454745
PUNJAB,Urban,Bathinda,Any other,1464,1303,161,0,0,0,245,233,12,487,435,52,268,258,10,208,144,64,48,34,14,27,25,2,82,80,2,99,94,5,30.210994,74.9454745
PUNJAB,Urban,Bathinda,No travel,43118,32857,10261,43118,32857,10261,0,0,0,0,0,0,0,0,0,0,0,0,0,0,0,0,0,0,0,0,0,0,0,0,30.210994,74.9454745
RAJASTHAN,Total,Churu,All Modes,225608,192711,32897,79103,58414,20689,45255,40202,5053,55666,51832,3834,19419,17872,1547,8447,7785,662,4874,4549,325,3357,3131,226,6541,6170,371,2946,2756,190,28.2925364,74.9707262
RAJASTHAN,Total,Churu,On foot,72520,64471,8049,0,0,0,35549,31018,4531,28485,25875,2610,8486,7578,908,0,0,0,0,0,0,0,0,0,0,0,0,0,0,0,28.2925364,74.9707262
RAJASTHAN,Total,Churu,Bicycle,17973,17637,336,0,0,0,3452,3366,86,11788,11599,189,1444,1416,28,212,208,4,1077,1048,29,0,0,0,0,0,0,0,0,0,28.2925364,74.9707262
RAJASTHAN,Total,Churu,Moped/Scooter/Motor Cycle,16507,15946,561,0,0,0,3463,3351,112,8199,7920,279,2072,1995,77,1185,1143,42,418,407,11,233,226,7,253,248,5,684,656,28,28.2925364,74.9707262
RAJASTHAN,Total,Churu,Car/Jeep/Van,3515,3304,211,0,0,0,486,451,35,945,880,65,511,477,34,510,485,25,290,274,16,250,239,11,304,291,13,219,207,12,28.2925364,74.9707262
RAJASTHAN,Total,Churu,Tempo/Autorickshaw/Taxi,6579,5944,635,0,0,0,632,549,83,2713,2324,389,1810,1724,86,706,678,28,118,113,5,110,106,4,128,122,6,362,328,34,28.2925364,74.9707262
RAJASTHAN,Total,Churu,Bus,23366,21210,2156,0,0,0,915,795,120,2393,2113,280,4517,4118,399,5412,4859,553,2714,2460,254,2395,2209,186,3844,3576,268,1176,1080,96,28.2925364,74.9707262
RAJASTHAN,Total,Churu,Train,3390,3245,145,0,0,0,188,176,12,214,208,6,190,182,8,257,247,10,189,180,9,259,246,13,1772,1697,75,321,309,12,28.2925364,74.9707262
RAJASTHAN,Total,Churu,Water transport,98,73,25,0,0,0,46,25,21,8,8,0,6,5,1,6,6,0,1,1,0,3,3,0,14,13,1,14,12,2,28.2925364,74.9707262
RAJASTHAN,Total,Churu,Any other,2557,2467,90,0,0,0,524,471,53,921,905,16,383,377,6,159,159,0,67,66,1,107,102,5,226,223,3,170,164,6,28.2925364,74.9707262
RAJASTHAN,Total,Churu,No travel,79103,58414,20689,79103,58414,20689,0,0,0,0,0,0,0,0,0,0,0,0,0,0,0,0,0,0,0,0,0,0,0,0,28.2925364,74.9707262
RAJASTHAN,Rural,Churu,All Modes,91134,71682,19452,43211,30133,13078,11652,8863,2789,10024,8303,1721,9244,8374,870,5592,5291,301,3116,2920,196,2156,2022,134,4467,4206,261,1672,1570,102,28.2925364,74.9707262
RAJASTHAN,Rural,Churu,On foot,18742,14115,4627,0,0,0,9845,7238,2607,5681,4238,1443,3216,2639,577,0,0,0,0,0,0,0,0,0,0,0,0,0,0,0,28.2925364,74.9707262
RAJASTHAN,Rural,Churu,Bicycle,1623,1548,75,0,0,0,210,185,25,689,662,27,378,371,7,96,93,3,250,237,13,0,0,0,0,0,0,0,0,0,28.2925364,74.9707262
RAJASTHAN,Rural,Churu,Moped/Scooter/Motor Cycle,3656,3511,145,0,0,0,335,316,19,920,884,36,989,952,37,667,643,24,286,277,9,137,134,3,112,110,2,210,195,15,28.2925364,74.9707262
RAJASTHAN,Rural,Churu,Car/Jeep/Van,1671,1590,81,0,0,0,175,163,12,257,239,18,279,265,14,322,315,7,231,220,11,155,149,6,156,150,6,96,89,7,28.2925364,74.9707262
RAJASTHAN,Rural,Churu,Tempo/Autorickshaw/Taxi,2983,2874,109,0,0,0,205,191,14,651,622,29,1133,1098,35,533,526,7,91,88,3,65,63,2,90,87,3,215,199,16,28.2925364,74.9707262
RAJASTHAN,Rural,Churu,Bus,16205,14986,1219,0,0,0,642,557,85,1567,1405,162,2952,2757,195,3657,3401,256,2048,1896,152,1601,1490,111,2856,2652,204,882,828,54,28.2925364,74.9707262
RAJASTHAN,Rural,Churu,Train,2012,1926,86,0,0,0,74,65,9,68,64,4,135,132,3,201,197,4,158,151,7,106,99,7,1079,1034,45,191,184,7,28.2925364,74.9707262
RAJASTHAN,Rural,Churu,Water transport,51,33,18,0,0,0,32,17,15,1,1,0,0,0,0,4,4,0,1,1,0,1,1,0,8,7,1,4,2,2,28.2925364,74.9707262
RAJASTHAN,Rural,Churu,Any other,980,966,14,0,0,0,134,131,3,190,188,2,162,160,2,112,112,0,51,50,1,91,86,5,166,166,0,74,73,1,28.2925364,74.9707262
RAJASTHAN,Rural,Churu,No travel,43211,30133,13078,43211,30133,13078,0,0,0,0,0,0,0,0,0,0,0,0,0,0,0,0,0,0,0,0,0,0,0,0,28.2925364,74.9707262
RAJASTHAN,Urban,Churu,All Modes,134474,121029,13445,35892,28281,7611,33603,31339,2264,45642,43529,2113,10175,9498,677,2855,2494,361,1758,1629,129,1201,1109,92,2074,1964,110,1274,1186,88,28.2925364,74.9707262
RAJASTHAN,Urban,Churu,On foot,53778,50356,3422,0,0,0,25704,23780,1924,22804,21637,1167,5270,4939,331,0,0,0,0,0,0,0,0,0,0,0,0,0,0,0,28.2925364,74.9707262
RAJASTHAN,Urban,Churu,Bicycle,16350,16089,261,0,0,0,3242,3181,61,11099,10937,162,1066,1045,21,116,115,1,827,811,16,0,0,0,0,0,0,0,0,0,28.2925364,74.9707262
RAJASTHAN,Urban,Churu,Moped/Scooter/Motor Cycle,12851,12435,416,0,0,0,3128,3035,93,7279,7036,243,1083,1043,40,518,500,18,132,130,2,96,92,4,141,138,3,474,461,13,28.2925364,74.9707262
RAJASTHAN,Urban,Churu,Car/Jeep/Van,1844,1714,130,0,0,0,311,288,23,688,641,47,232,212,20,188,170,18,59,54,5,95,90,5,148,141,7,123,118,5,28.2925364,74.9707262
RAJASTHAN,Urban,Churu,Tempo/Autorickshaw/Taxi,3596,3070,526,0,0,0,427,358,69,2062,1702,360,677,626,51,173,152,21,27,25,2,45,43,2,38,35,3,147,129,18,28.2925364,74.9707262
RAJASTHAN,Urban,Churu,Bus,7161,6224,937,0,0,0,273,238,35,826,708,118,1565,1361,204,1755,1458,297,666,564,102,794,719,75,988,924,64,294,252,42,28.2925364,74.9707262
RAJASTHAN,Urban,Churu,Train,1378,1319,59,0,0,0,114,111,3,146,144,2,55,50,5,56,50,6,31,29,2,153,147,6,693,663,30,130,125,5,28.2925364,74.9707262
RAJASTHAN,Urban,Churu,Water transport,47,40,7,0,0,0,14,8,6,7,7,0,6,5,1,2,2,0,0,0,0,2,2,0,6,6,0,10,10,0,28.2925364,74.9707262
RAJASTHAN,Urban,Churu,Any other,1577,1501,76,0,0,0,390,340,50,731,717,14,221,217,4,47,47,0,16,16,0,16,16,0,60,57,3,96,91,5,28.2925364,74.9707262
RAJASTHAN,Urban,Churu,No travel,35892,28281,7611,35892,28281,7611,0,0,0,0,0,0,0,0,0,0,0,0,0,0,0,0,0,0,0,0,0,0,0,0,28.2925364,74.9707262
KERALA,Total,Kasaragod,All Modes,375996,275145,100851,106785,66927,39858,70711,49777,20934,97619,74596,23023,54691,45091,9600,19654,16252,3402,9212,7681,1531,7897,6554,1343,6554,5683,871,2873,2584,289,12.5102239,74.9851678
KERALA,Total,Kasaragod,On foot,120818,83686,37132,0,0,0,63494,43518,19976,45860,31599,14261,11464,8569,2895,0,0,0,0,0,0,0,0,0,0,0,0,0,0,0,12.5102239,74.9851678
KERALA,Total,Kasaragod,Bicycle,5525,5337,188,0,0,0,611,572,39,3220,3125,95,1094,1067,27,283,273,10,317,300,17,0,0,0,0,0,0,0,0,0,12.5102239,74.9851678
KERALA,Total,Kasaragod,Moped/Scooter/Motor Cycle,15508,14860,648,0,0,0,1596,1515,81,7097,6769,328,3950,3794,156,1676,1630,46,547,532,15,301,296,5,87,83,4,254,241,13,12.5102239,74.9851678
KERALA,Total,Kasaragod,Car/Jeep/Van,8807,7989,818,0,0,0,981,880,101,3267,2894,373,2149,1990,159,1003,927,76,463,420,43,430,401,29,297,272,25,217,205,12,12.5102239,74.9851678
KERALA,Total,Kasaragod,Tempo/Autorickshaw/Taxi,11619,10382,1237,0,0,0,1441,1332,109,6271,5427,844,2390,2181,209,606,574,32,243,230,13,203,187,16,132,128,4,333,323,10,12.5102239,74.9851678
KERALA,Total,Kasaragod,Bus,94847,75372,19475,0,0,0,2120,1550,570,30190,23162,7028,32652,26574,6078,15108,11984,3124,6558,5285,1273,4802,3942,860,2287,1938,349,1130,937,193,12.5102239,74.9851678
KERALA,Total,Kasaragod,Train,7753,6401,1352,0,0,0,170,127,43,258,211,47,291,241,50,487,385,102,736,567,169,2033,1603,430,3504,3024,480,274,243,31,12.5102239,74.9851678
KERALA,Total,Kasaragod,Water transport,3031,2958,73,0,0,0,165,155,10,1231,1202,29,520,503,17,421,414,7,312,311,1,82,81,1,89,87,2,211,205,6,12.5102239,74.9851678
KERALA,Total,Kasaragod,Any other,1303,1233,70,0,0,0,133,128,5,225,207,18,181,172,9,70,65,5,36,36,0,46,44,2,158,151,7,454,430,24,12.5102239,74.9851678
KERALA,Total,Kasaragod,No travel,106785,66927,39858,106785,66927,39858,0,0,0,0,0,0,0,0,0,0,0,0,0,0,0,0,0,0,0,0,0,0,0,0,12.5102239,74.9851678
KERALA,Rural,Kasaragod,All Modes,232544,168469,64075,70427,44556,25871,44028,30375,13653,56318,42256,14062,32886,26997,5889,12984,10788,2196,6017,5043,974,4563,3815,748,3760,3244,516,1561,1395,166,12.5102239,74.9851678
KERALA,Rural,Kasaragod,On foot,80092,55079,25013,0,0,0,40807,27628,13179,31607,21765,9842,7678,5686,1992,0,0,0,0,0,0,0,0,0,0,0,0,0,0,0,12.5102239,74.9851678
KERALA,Rural,Kasaragod,Bicycle,2668,2564,104,0,0,0,231,203,28,1420,1373,47,600,589,11,203,195,8,214,204,10,0,0,0,0,0,0,0,0,0,12.5102239,74.9851678
KERALA,Rural,Kasaragod,Moped/Scooter/Motor Cycle,6992,6734,258,0,0,0,579,551,28,2708,2593,115,1920,1850,70,1071,1043,28,353,345,8,187,184,3,54,53,1,120,115,5,12.5102239,74.9851678
KERALA,Rural,Kasaragod,Car/Jeep/Van,4519,4121,398,0,0,0,421,385,36,1548,1370,178,1190,1099,91,594,558,36,255,236,19,256,238,18,148,133,15,107,102,5,12.5102239,74.9851678
KERALA,Rural,Kasaragod,Tempo/Autorickshaw/Taxi,6034,5429,605,0,0,0,729,669,60,3045,2686,359,1403,1262,141,373,349,24,139,131,8,123,112,11,62,61,1,160,159,1,12.5102239,74.9851678
KERALA,Rural,Kasaragod,Bus,56680,45439,11241,0,0,0,1029,733,296,15345,11871,3474,19647,16095,3552,10351,8289,2062,4577,3707,870,3350,2753,597,1713,1442,271,668,549,119,12.5102239,74.9851678
KERALA,Rural,Kasaragod,Train,3088,2590,498,0,0,0,67,50,17,111,93,18,119,97,22,164,133,31,229,171,58,602,485,117,1670,1449,221,126,112,14,12.5102239,74.9851678
KERALA,Rural,Kasaragod,Water transport,1320,1284,36,0,0,0,99,90,9,407,392,15,215,213,2,179,176,3,224,223,1,16,15,1,33,32,1,147,143,4,12.5102239,74.9851678
KERALA,Rural,Kasaragod,Any other,724,673,51,0,0,0,66,66,0,127,113,14,114,106,8,49,45,4,26,26,0,29,28,1,80,74,6,233,215,18,12.5102239,74.9851678
KERALA,Rural,Kasaragod,No travel,70427,44556,25871,70427,44556,25871,0,0,0,0,0,0,0,0,0,0,0,0,0,0,0,0,0,0,0,0,0,0,0,0,12.5102239,74.9851678
KERALA,Urban,Kasaragod,All Modes,143452,106676,36776,36358,22371,13987,26683,19402,7281,41301,32340,8961,21805,18094,3711,6670,5464,1206,3195,2638,557,3334,2739,595,2794,2439,355,1312,1189,123,12.5102239,74.9851678
KERALA,Urban,Kasaragod,On foot,40726,28607,12119,0,0,0,22687,15890,6797,14253,9834,4419,3786,2883,903,0,0,0,0,0,0,0,0,0,0,0,0,0,0,0,12.5102239,74.9851678
KERALA,Urban,Kasaragod,Bicycle,2857,2773,84,0,0,0,380,369,11,1800,1752,48,494,478,16,80,78,2,103,96,7,0,0,0,0,0,0,0,0,0,12.5102239,74.9851678
KERALA,Urban,Kasaragod,Moped/Scooter/Motor Cycle,8516,8126,390,0,0,0,1017,964,53,4389,4176,213,2030,1944,86,605,587,18,194,187,7,114,112,2,33,30,3,134,126,8,12.5102239,74.9851678
KERALA,Urban,Kasaragod,Car/Jeep/Van,4288,3868,420,0,0,0,560,495,65,1719,1524,195,959,891,68,409,369,40,208,184,24,174,163,11,149,139,10,110,103,7,12.5102239,74.9851678
KERALA,Urban,Kasaragod,Tempo/Autorickshaw/Taxi,5585,4953,632,0,0,0,712,663,49,3226,2741,485,987,919,68,233,225,8,104,99,5,80,75,5,70,67,3,173,164,9,12.5102239,74.9851678
KERALA,Urban,Kasaragod,Bus,38167,29933,8234,0,0,0,1091,817,274,14845,11291,3554,13005,10479,2526,4757,3695,1062,1981,1578,403,1452,1189,263,574,496,78,462,388,74,12.5102239,74.9851678
KERALA,Urban,Kasaragod,Train,4665,3811,854,0,0,0,103,77,26,147,118,29,172,144,28,323,252,71,507,396,111,1431,1118,313,1834,1575,259,148,131,17,12.5102239,74.9851678
KERALA,Urban,Kasaragod,Water transport,1711,1674,37,0,0,0,66,65,1,824,810,14,305,290,15,242,238,4,88,88,0,66,66,0,56,55,1,64,62,2,12.5102239,74.9851678
KERALA,Urban,Kasaragod,Any other,579,560,19,0,0,0,67,62,5,98,94,4,67,66,1,21,20,1,10,10,0,17,16,1,78,77,1,221,215,6,12.5102239,74.9851678
KERALA,Urban,Kasaragod,No travel,36358,22371,13987,36358,22371,13987,0,0,0,0,0,0,0,0,0,0,0,0,0,0,0,0,0,0,0,0,0,0,0,0,12.5102239,74.9851678
KARNATAKA,Total,Dharwad,All Modes,396449,317740,78709,101334,71082,30252,50131,38384,11747,106221,87555,18666,67301,57367,9934,32553,28830,3723,15770,14014,1756,10388,9161,1227,9842,8740,1102,2909,2607,302,15.4589236,75.007808
KARNATAKA,Total,Dharwad,On foot,85221,62394,22827,0,0,0,35477,25474,10003,34522,25260,9262,15222,11660,3562,0,0,0,0,0,0,0,0,0,0,0,0,0,0,0,15.4589236,75.007808
KARNATAKA,Total,Dharwad,Bicycle,25090,23896,1194,0,0,0,2531,2361,170,13889,13314,575,5644,5394,250,1398,1335,63,1628,1492,136,0,0,0,0,0,0,0,0,0,15.4589236,75.007808
KARNATAKA,Total,Dharwad,Moped/Scooter/Motor Cycle,54774,51311,3463,0,0,0,6522,6057,465,27457,25442,2015,12369,11752,617,4498,4328,170,1389,1337,52,1123,1064,59,476,456,20,940,875,65,15.4589236,75.007808
KARNATAKA,Total,Dharwad,Car/Jeep/Van,9466,8451,1015,0,0,0,816,706,110,3227,2781,446,1979,1767,212,1393,1265,128,623,586,37,560,524,36,627,600,27,241,222,19,15.4589236,75.007808
KARNATAKA,Total,Dharwad,Tempo/Autorickshaw/Taxi,11976,10688,1288,0,0,0,740,617,123,2801,2201,600,3070,2774,296,2501,2350,151,1108,1063,45,845,808,37,529,517,12,382,358,24,15.4589236,75.007808
KARNATAKA,Total,Dharwad,Bus,99602,81681,17921,0,0,0,3515,2725,790,22915,17306,5609,28108,23209,4899,21546,18386,3160,9815,8392,1423,6651,5603,1048,6094,5261,833,958,799,159,15.4589236,75.007808
KARNATAKA,Total,Dharwad,Train,6563,5994,569,0,0,0,329,264,65,897,801,96,462,406,56,908,870,38,1055,996,59,1064,1018,46,1685,1491,194,163,148,15,15.4589236,75.007808
KARNATAKA,Total,Dharwad,Water transport,227,195,32,0,0,0,20,15,5,50,44,6,53,44,9,27,26,1,14,13,1,13,12,1,26,22,4,24,19,5,15.4589236,75.007808
KARNATAKA,Total,Dharwad,Any other,2196,2048,148,0,0,0,181,165,16,463,406,57,394,361,33,282,270,12,138,135,3,132,132,0,405,393,12,201,186,15,15.4589236,75.007808
KARNATAKA,Total,Dharwad,No travel,101334,71082,30252,101334,71082,30252,0,0,0,0,0,0,0,0,0,0,0,0,0,0,0,0,0,0,0,0,0,0,0,0,15.4589236,75.007808
KARNATAKA,Rural,Dharwad,All Modes,75087,60182,14905,28487,19932,8555,5712,4168,1544,7552,5972,1580,9267,7919,1348,11733,10770,963,6179,5741,438,3914,3612,302,2003,1851,152,240,217,23,15.4589236,75.007808
KARNATAKA,Rural,Dharwad,On foot,9275,6467,2808,0,0,0,4606,3180,1426,2925,2041,884,1744,1246,498,0,0,0,0,0,0,0,0,0,0,0,0,0,0,0,15.4589236,75.007808
KARNATAKA,Rural,Dharwad,Bicycle,1797,1740,57,0,0,0,130,119,11,716,702,14,497,484,13,242,240,2,212,195,17,0,0,0,0,0,0,0,0,0,15.4589236,75.007808
KARNATAKA,Rural,Dharwad,Moped/Scooter/Motor Cycle,3281,3203,78,0,0,0,180,173,7,792,764,28,910,892,18,835,822,13,311,307,4,191,187,4,41,39,2,21,19,2,15.4589236,75.007808
KARNATAKA,Rural,Dharwad,Car/Jeep/Van,879,802,77,0,0,0,46,35,11,107,88,19,155,139,16,246,229,17,99,95,4,122,112,10,92,92,0,12,12,0,15.4589236,75.007808
KARNATAKA,Rural,Dharwad,Tempo/Autorickshaw/Taxi,3541,3109,432,0,0,0,105,91,14,618,456,162,844,727,117,1010,920,90,547,519,28,248,234,14,137,134,3,32,28,4,15.4589236,75.007808
KARNATAKA,Rural,Dharwad,Bus,25177,22412,2765,0,0,0,550,484,66,2223,1765,458,4934,4269,665,9067,8240,827,4267,3912,355,2681,2419,262,1345,1219,126,110,104,6,15.4589236,75.007808
KARNATAKA,Rural,Dharwad,Train,1907,1823,84,0,0,0,41,35,6,89,80,9,52,46,6,180,171,9,649,622,27,613,601,12,260,248,12,23,20,3,15.4589236,75.007808
KARNATAKA,Rural,Dharwad,Water transport,39,37,2,0,0,0,5,5,0,2,2,0,8,7,1,9,9,0,7,7,0,4,4,0,2,2,0,2,1,1,15.4589236,75.007808
KARNATAKA,Rural,Dharwad,Any other,704,657,47,0,0,0,49,46,3,80,74,6,123,109,14,144,139,5,87,84,3,55,55,0,126,117,9,40,33,7,15.4589236,75.007808
KARNATAKA,Rural,Dharwad,No travel,28487,19932,8555,28487,19932,8555,0,0,0,0,0,0,0,0,0,0,0,0,0,0,0,0,0,0,0,0,0,0,0,0,15.4589236,75.007808
KARNATAKA,Urban,Dharwad,All Modes,321362,257558,63804,72847,51150,21697,44419,34216,10203,98669,81583,17086,58034,49448,8586,20820,18060,2760,9591,8273,1318,6474,5549,925,7839,6889,950,2669,2390,279,15.4589236,75.007808
KARNATAKA,Urban,Dharwad,On foot,75946,55927,20019,0,0,0,30871,22294,8577,31597,23219,8378,13478,10414,3064,0,0,0,0,0,0,0,0,0,0,0,0,0,0,0,15.4589236,75.007808
KARNATAKA,Urban,Dharwad,Bicycle,23293,22156,1137,0,0,0,2401,2242,159,13173,12612,561,5147,4910,237,1156,1095,61,1416,1297,119,0,0,0,0,0,0,0,0,0,15.4589236,75.007808
KARNATAKA,Urban,Dharwad,Moped/Scooter/Motor Cycle,51493,48108,3385,0,0,0,6342,5884,458,26665,24678,1987,11459,10860,599,3663,3506,157,1078,1030,48,932,877,55,435,417,18,919,856,63,15.4589236,75.007808
KARNATAKA,Urban,Dharwad,Car/Jeep/Van,8587,7649,938,0,0,0,770,671,99,3120,2693,427,1824,1628,196,1147,1036,111,524,491,33,438,412,26,535,508,27,229,210,19,15.4589236,75.007808
KARNATAKA,Urban,Dharwad,Tempo/Autorickshaw/Taxi,8435,7579,856,0,0,0,635,526,109,2183,1745,438,2226,2047,179,1491,1430,61,561,544,17,597,574,23,392,383,9,350,330,20,15.4589236,75.007808
KARNATAKA,Urban,Dharwad,Bus,74425,59269,15156,0,0,0,2965,2241,724,20692,15541,5151,23174,18940,4234,12479,10146,2333,5548,4480,1068,3970,3184,786,4749,4042,707,848,695,153,15.4589236,75.007808
KARNATAKA,Urban,Dharwad,Train,4656,4171,485,0,0,0,288,229,59,808,721,87,410,360,50,728,699,29,406,374,32,451,417,34,1425,1243,182,140,128,12,15.4589236,75.007808
KARNATAKA,Urban,Dharwad,Water transport,188,158,30,0,0,0,15,10,5,48,42,6,45,37,8,18,17,1,7,6,1,9,8,1,24,20,4,22,18,4,15.4589236,75.007808
KARNATAKA,Urban,Dharwad,Any other,1492,1391,101,0,0,0,132,119,13,383,332,51,271,252,19,138,131,7,51,51,0,77,77,0,279,276,3,161,153,8,15.4589236,75.007808
KARNATAKA,Urban,Dharwad,No travel,72847,51150,21697,72847,51150,21697,0,0,0,0,0,0,0,0,0,0,0,0,0,0,0,0,0,0,0,0,0,0,0,0,15.4589236,75.007808
JAMMU & KASHMIR,Total,Kulgam,All Modes,54696,42573,12123,27400,18573,8827,5566,4672,894,6299,5409,890,6898,6010,888,3085,2838,247,1104,1019,85,1114,1046,68,2408,2273,135,822,733,89,33.6449908,75.018031
JAMMU & KASHMIR,Total,Kulgam,On foot,10686,8833,1853,0,0,0,4642,3835,807,3237,2710,527,2807,2288,519,0,0,0,0,0,0,0,0,0,0,0,0,0,0,0,33.6449908,75.018031
JAMMU & KASHMIR,Total,Kulgam,Bicycle,377,360,17,0,0,0,43,42,1,141,137,4,76,75,1,40,39,1,77,67,10,0,0,0,0,0,0,0,0,0,33.6449908,75.018031
JAMMU & KASHMIR,Total,Kulgam,Moped/Scooter/Motor Cycle,564,538,26,0,0,0,57,53,4,173,169,4,139,137,2,87,82,5,24,24,0,26,22,4,22,21,1,36,30,6,33.6449908,75.018031
JAMMU & KASHMIR,Total,Kulgam,Car/Jeep/Van,1224,1089,135,0,0,0,82,68,14,186,164,22,212,190,22,243,213,30,75,68,7,112,102,10,258,232,26,56,52,4,33.6449908,75.018031
JAMMU & KASHMIR,Total,Kulgam,Tempo/Autorickshaw/Taxi,772,696,76,0,0,0,43,41,2,205,175,30,193,176,17,122,109,13,43,41,2,37,34,3,77,75,2,52,45,7,33.6449908,75.018031
JAMMU & KASHMIR,Total,Kulgam,Bus,12699,11572,1127,0,0,0,576,517,59,2250,1961,289,3352,3033,319,2530,2338,192,846,781,65,862,817,45,1723,1626,97,560,499,61,33.6449908,75.018031
JAMMU & KASHMIR,Total,Kulgam,Train,627,595,32,0,0,0,89,86,3,58,49,9,44,40,4,29,27,2,22,22,0,50,46,4,256,252,4,79,73,6,33.6449908,75.018031
JAMMU & KASHMIR,Total,Kulgam,Water transport,98,87,11,0,0,0,9,8,1,22,19,3,38,36,2,6,6,0,3,2,1,4,4,0,7,5,2,9,7,2,33.6449908,75.018031
JAMMU & KASHMIR,Total,Kulgam,Any other,249,230,19,0,0,0,25,22,3,27,25,2,37,35,2,28,24,4,14,14,0,23,21,2,65,62,3,30,27,3,33.6449908,75.018031
JAMMU & KASHMIR,Total,Kulgam,No travel,27400,18573,8827,27400,18573,8827,0,0,0,0,0,0,0,0,0,0,0,0,0,0,0,0,0,0,0,0,0,0,0,0,33.6449908,75.018031
JAMMU & KASHMIR,Rural,Kulgam,All Modes,39722,30217,9505,19890,12905,6985,3447,2799,648,4678,3962,716,5224,4531,693,2316,2135,181,809,741,68,833,784,49,1887,1790,97,638,570,68,33.6449908,75.018031
JAMMU & KASHMIR,Rural,Kulgam,On foot,7509,6054,1455,0,0,0,2804,2224,580,2465,2007,458,2240,1823,417,0,0,0,0,0,0,0,0,0,0,0,0,0,0,0,33.6449908,75.018031
JAMMU & KASHMIR,Rural,Kulgam,Bicycle,295,284,11,0,0,0,31,30,1,106,104,2,60,60,0,37,37,0,61,53,8,0,0,0,0,0,0,0,0,0,33.6449908,75.018031
JAMMU & KASHMIR,Rural,Kulgam,Moped/Scooter/Motor Cycle,403,389,14,0,0,0,33,31,2,126,124,2,99,98,1,67,63,4,20,20,0,17,17,0,17,16,1,24,20,4,33.6449908,75.018031
JAMMU & KASHMIR,Rural,Kulgam,Car/Jeep/Van,891,789,102,0,0,0,51,39,12,129,113,16,158,140,18,186,163,23,50,44,6,87,78,9,190,175,15,40,37,3,33.6449908,75.018031
JAMMU & KASHMIR,Rural,Kulgam,Tempo/Autorickshaw/Taxi,495,450,45,0,0,0,22,22,0,117,102,15,136,122,14,68,60,8,31,30,1,27,26,1,54,52,2,40,36,4,33.6449908,75.018031
JAMMU & KASHMIR,Rural,Kulgam,Bus,9469,8625,844,0,0,0,399,352,47,1653,1440,213,2454,2218,236,1910,1769,141,613,561,52,640,605,35,1368,1296,72,432,384,48,33.6449908,75.018031
JAMMU & KASHMIR,Rural,Kulgam,Train,525,501,24,0,0,0,84,81,3,49,43,6,37,34,3,22,20,2,19,19,0,40,38,2,204,201,3,70,65,5,33.6449908,75.018031
JAMMU & KASHMIR,Rural,Kulgam,Water transport,44,36,8,0,0,0,5,5,0,8,6,2,8,6,2,4,4,0,3,2,1,3,3,0,4,3,1,9,7,2,33.6449908,75.018031
JAMMU & KASHMIR,Rural,Kulgam,Any other,201,184,17,0,0,0,18,15,3,25,23,2,32,30,2,22,19,3,12,12,0,19,17,2,50,47,3,23,21,2,33.6449908,75.018031
JAMMU & KASHMIR,Rural,Kulgam,No travel,19890,12905,6985,19890,12905,6985,0,0,0,0,0,0,0,0,0,0,0,0,0,0,0,0,0,0,0,0,0,0,0,0,33.6449908,75.018031
JAMMU & KASHMIR,Urban,Kulgam,All Modes,14974,12356,2618,7510,5668,1842,2119,1873,246,1621,1447,174,1674,1479,195,769,703,66,295,278,17,281,262,19,521,483,38,184,163,21,33.6449908,75.018031
JAMMU & KASHMIR,Urban,Kulgam,On foot,3177,2779,398,0,0,0,1838,1611,227,772,703,69,567,465,102,0,0,0,0,0,0,0,0,0,0,0,0,0,0,0,33.6449908,75.018031
JAMMU & KASHMIR,Urban,Kulgam,Bicycle,82,76,6,0,0,0,12,12,0,35,33,2,16,15,1,3,2,1,16,14,2,0,0,0,0,0,0,0,0,0,33.6449908,75.018031
JAMMU & KASHMIR,Urban,Kulgam,Moped/Scooter/Motor Cycle,161,149,12,0,0,0,24,22,2,47,45,2,40,39,1,20,19,1,4,4,0,9,5,4,5,5,0,12,10,2,33.6449908,75.018031
JAMMU & KASHMIR,Urban,Kulgam,Car/Jeep/Van,333,300,33,0,0,0,31,29,2,57,51,6,54,50,4,57,50,7,25,24,1,25,24,1,68,57,11,16,15,1,33.6449908,75.018031
JAMMU & KASHMIR,Urban,Kulgam,Tempo/Autorickshaw/Taxi,277,246,31,0,0,0,21,19,2,88,73,15,57,54,3,54,49,5,12,11,1,10,8,2,23,23,0,12,9,3,33.6449908,75.018031
JAMMU & KASHMIR,Urban,Kulgam,Bus,3230,2947,283,0,0,0,177,165,12,597,521,76,898,815,83,620,569,51,233,220,13,222,212,10,355,330,25,128,115,13,33.6449908,75.018031
JAMMU & KASHMIR,Urban,Kulgam,Train,102,94,8,0,0,0,5,5,0,9,6,3,7,6,1,7,7,0,3,3,0,10,8,2,52,51,1,9,8,1,33.6449908,75.018031
JAMMU & KASHMIR,Urban,Kulgam,Water transport,54,51,3,0,0,0,4,3,1,14,13,1,30,30,0,2,2,0,0,0,0,1,1,0,3,2,1,0,0,0,33.6449908,75.018031
JAMMU & KASHMIR,Urban,Kulgam,Any other,48,46,2,0,0,0,7,7,0,2,2,0,5,5,0,6,5,1,2,2,0,4,4,0,15,15,0,7,6,1,33.6449908,75.018031
JAMMU & KASHMIR,Urban,Kulgam,No travel,7510,5668,1842,7510,5668,1842,0,0,0,0,0,0,0,0,0,0,0,0,0,0,0,0,0,0,0,0,0,0,0,0,33.6449908,75.018031
HARYANA,Total,Sirsa,All Modes,178712,140254,38458,67413,43776,23637,33030,27110,5920,38172,33685,4487,17405,15289,2116,8536,7621,915,4697,4158,539,2847,2553,294,4821,4465,356,1791,1597,194,29.5518373,75.0258888
HARYANA,Total,Sirsa,On foot,38768,30367,8401,0,0,0,22956,17759,5197,10782,8571,2211,5030,4037,993,0,0,0,0,0,0,0,0,0,0,0,0,0,0,0,29.5518373,75.0258888
HARYANA,Total,Sirsa,Bicycle,21737,20843,894,0,0,0,3563,3405,158,11984,11496,488,3866,3736,130,1004,970,34,1320,1236,84,0,0,0,0,0,0,0,0,0,29.5518373,75.0258888
HARYANA,Total,Sirsa,Moped/Scooter/Motor Cycle,26617,24908,1709,0,0,0,5182,4870,312,11192,10358,834,4484,4196,288,3106,2977,129,921,877,44,467,449,18,314,298,16,951,883,68,29.5518373,75.0258888
HARYANA,Total,Sirsa,Car/Jeep/Van,4100,3471,629,0,0,0,511,418,93,1306,1075,231,653,535,118,544,461,83,314,277,37,265,240,25,338,319,19,169,146,23,29.5518373,75.0258888
HARYANA,Total,Sirsa,Tempo/Autorickshaw/Taxi,2306,1777,529,0,0,0,138,97,41,732,441,291,684,565,119,448,407,41,77,73,4,67,60,7,62,56,6,98,78,20,29.5518373,75.0258888
HARYANA,Total,Sirsa,Bus,13607,11311,2296,0,0,0,239,169,70,1080,758,322,2090,1672,418,3112,2511,601,1905,1554,351,1719,1494,225,3110,2861,249,352,292,60,29.5518373,75.0258888
HARYANA,Total,Sirsa,Train,2119,1961,158,0,0,0,169,150,19,378,352,26,159,145,14,166,155,11,105,91,14,233,220,13,798,748,50,111,100,11,29.5518373,75.0258888
HARYANA,Total,Sirsa,Water transport,108,86,22,0,0,0,34,25,9,13,11,2,12,10,2,4,2,2,6,3,3,6,6,0,14,12,2,19,17,2,29.5518373,75.0258888
HARYANA,Total,Sirsa,Any other,1937,1754,183,0,0,0,238,217,21,705,623,82,427,393,34,152,138,14,49,47,2,90,84,6,185,171,14,91,81,10,29.5518373,75.0258888
HARYANA,Total,Sirsa,No travel,67413,43776,23637,67413,43776,23637,0,0,0,0,0,0,0,0,0,0,0,0,0,0,0,0,0,0,0,0,0,0,0,0,29.5518373,75.0258888
HARYANA,Rural,Sirsa,All Modes,87619,62648,24971,45733,26767,18966,10367,7356,3011,8695,7611,1084,9558,8542,1016,5850,5484,366,2507,2319,188,1553,1434,119,2817,2635,182,539,500,39,29.5518373,75.0258888
HARYANA,Rural,Sirsa,On foot,13282,9324,3958,0,0,0,8904,6030,2874,2401,1832,569,1977,1462,515,0,0,0,0,0,0,0,0,0,0,0,0,0,0,0,29.5518373,75.0258888
HARYANA,Rural,Sirsa,Bicycle,7079,6791,288,0,0,0,668,633,35,2966,2831,135,2299,2233,66,711,692,19,435,402,33,0,0,0,0,0,0,0,0,0,29.5518373,75.0258888
HARYANA,Rural,Sirsa,Moped/Scooter/Motor Cycle,8411,7998,413,0,0,0,409,384,25,1912,1775,137,2679,2554,125,2140,2064,76,646,616,30,288,283,5,143,138,5,194,184,10,29.5518373,75.0258888
HARYANA,Rural,Sirsa,Car/Jeep/Van,1378,1191,187,0,0,0,95,75,20,263,209,54,320,261,59,274,249,25,130,119,11,106,98,8,142,135,7,48,45,3,29.5518373,75.0258888
HARYANA,Rural,Sirsa,Tempo/Autorickshaw/Taxi,1185,1081,104,0,0,0,40,35,5,185,161,24,440,401,39,377,350,27,50,50,0,34,31,3,30,26,4,29,27,2,29.5518373,75.0258888
HARYANA,Rural,Sirsa,Bus,8647,7756,891,0,0,0,111,79,32,619,495,124,1536,1343,193,2142,1941,201,1162,1051,111,1016,924,92,1882,1760,122,179,163,16,29.5518373,75.0258888
HARYANA,Rural,Sirsa,Train,974,909,65,0,0,0,37,30,7,67,66,1,91,87,4,107,99,8,48,46,2,74,66,8,504,472,32,46,43,3,29.5518373,75.0258888
HARYANA,Rural,Sirsa,Water transport,51,45,6,0,0,0,13,9,4,5,5,0,8,8,0,2,2,0,2,2,0,3,3,0,9,8,1,9,8,1,29.5518373,75.0258888
HARYANA,Rural,Sirsa,Any other,879,786,93,0,0,0,90,81,9,277,237,40,208,193,15,97,87,10,34,33,1,32,29,3,107,96,11,34,30,4,29.5518373,75.0258888
HARYANA,Rural,Sirsa,No travel,45733,26767,18966,45733,26767,18966,0,0,0,0,0,0,0,0,0,0,0,0,0,0,0,0,0,0,0,0,0,0,0,0,29.5518373,75.0258888
HARYANA,Urban,Sirsa,All Modes,91093,77606,13487,21680,17009,4671,22663,19754,2909,29477,26074,3403,7847,6747,1100,2686,2137,549,2190,1839,351,1294,1119,175,2004,1830,174,1252,1097,155,29.5518373,75.0258888
HARYANA,Urban,Sirsa,On foot,25486,21043,4443,0,0,0,14052,11729,2323,8381,6739,1642,3053,2575,478,0,0,0,0,0,0,0,0,0,0,0,0,0,0,0,29.5518373,75.0258888
HARYANA,Urban,Sirsa,Bicycle,14658,14052,606,0,0,0,2895,2772,123,9018,8665,353,1567,1503,64,293,278,15,885,834,51,0,0,0,0,0,0,0,0,0,29.5518373,75.0258888
HARYANA,Urban,Sirsa,Moped/Scooter/Motor Cycle,18206,16910,1296,0,0,0,4773,4486,287,9280,8583,697,1805,1642,163,966,913,53,275,261,14,179,166,13,171,160,11,757,699,58,29.5518373,75.0258888
HARYANA,Urban,Sirsa,Car/Jeep/Van,2722,2280,442,0,0,0,416,343,73,1043,866,177,333,274,59,270,212,58,184,158,26,159,142,17,196,184,12,121,101,20,29.5518373,75.0258888
HARYANA,Urban,Sirsa,Tempo/Autorickshaw/Taxi,1121,696,425,0,0,0,98,62,36,547,280,267,244,164,80,71,57,14,27,23,4,33,29,4,32,30,2,69,51,18,29.5518373,75.0258888
HARYANA,Urban,Sirsa,Bus,4960,3555,1405,0,0,0,128,90,38,461,263,198,554,329,225,970,570,400,743,503,240,703,570,133,1228,1101,127,173,129,44,29.5518373,75.0258888
HARYANA,Urban,Sirsa,Train,1145,1052,93,0,0,0,132,120,12,311,286,25,68,58,10,59,56,3,57,45,12,159,154,5,294,276,18,65,57,8,29.5518373,75.0258888
HARYANA,Urban,Sirsa,Water transport,57,41,16,0,0,0,21,16,5,8,6,2,4,2,2,2,0,2,4,1,3,3,3,0,5,4,1,10,9,1,29.5518373,75.0258888
HARYANA,Urban,Sirsa,Any other,1058,968,90,0,0,0,148,136,12,428,386,42,219,200,19,55,51,4,15,14,1,58,55,3,78,75,3,57,51,6,29.5518373,75.0258888
HARYANA,Urban,Sirsa,No travel,21680,17009,4671,21680,17009,4671,0,0,0,0,0,0,0,0,0,0,0,0,0,0,0,0,0,0,0,0,0,0,0,0,29.5518373,75.0258888
MADHYA PRADESH,Total,Ratlam,All Modes,154414,124638,29776,47689,34692,12997,30380,24517,5863,48095,41155,6940,12714,10788,1926,5461,4670,791,3151,2790,361,3120,2697,423,2498,2177,321,1306,1152,154,23.3315103,75.0366677
MADHYA PRADESH,Total,Ratlam,On foot,41973,31732,10241,0,0,0,20537,15414,5123,16978,12855,4123,4458,3463,995,0,0,0,0,0,0,0,0,0,0,0,0,0,0,0,23.3315103,75.0366677
MADHYA PRADESH,Total,Ratlam,Bicycle,20880,20086,794,0,0,0,3535,3417,118,13161,12658,503,2333,2253,80,611,588,23,1240,1170,70,0,0,0,0,0,0,0,0,0,23.3315103,75.0366677
MADHYA PRADESH,Total,Ratlam,Moped/Scooter/Motor Cycle,28775,26285,2490,0,0,0,5336,4919,417,15190,13663,1527,3531,3278,253,2123,2004,119,676,644,32,940,884,56,280,255,25,699,638,61,23.3315103,75.0366677
MADHYA PRADESH,Total,Ratlam,Car/Jeep/Van,1085,968,117,0,0,0,179,156,23,319,277,42,121,102,19,123,109,14,60,57,3,119,115,4,113,106,7,51,46,5,23.3315103,75.0366677
MADHYA PRADESH,Total,Ratlam,Tempo/Autorickshaw/Taxi,2422,1730,692,0,0,0,245,171,74,1193,745,448,531,444,87,222,184,38,44,37,7,65,48,17,31,28,3,91,73,18,23.3315103,75.0366677
MADHYA PRADESH,Total,Ratlam,Bus,7696,5712,1984,0,0,0,185,123,62,601,381,220,1484,1028,456,2146,1583,563,944,725,219,1490,1183,307,675,554,121,171,135,36,23.3315103,75.0366677
MADHYA PRADESH,Total,Ratlam,Train,3122,2746,376,0,0,0,201,170,31,367,328,39,153,135,18,182,152,30,166,138,28,466,428,38,1339,1178,161,248,217,31,23.3315103,75.0366677
MADHYA PRADESH,Total,Ratlam,Water transport,66,58,8,0,0,0,14,13,1,20,18,2,4,4,0,6,4,2,3,2,1,2,2,0,7,5,2,10,10,0,23.3315103,75.0366677
MADHYA PRADESH,Total,Ratlam,Any other,706,629,77,0,0,0,148,134,14,266,230,36,99,81,18,48,46,2,18,17,1,38,37,1,53,51,2,36,33,3,23.3315103,75.0366677
MADHYA PRADESH,Total,Ratlam,No travel,47689,34692,12997,47689,34692,12997,0,0,0,0,0,0,0,0,0,0,0,0,0,0,0,0,0,0,0,0,0,0,0,0,23.3315103,75.0366677
MADHYA PRADESH,Rural,Ratlam,All Modes,33633,25036,8597,17527,11944,5583,4370,3030,1340,4133,3445,688,3286,2772,514,1958,1790,168,762,702,60,786,686,100,617,496,121,194,171,23,23.3315103,75.0366677
MADHYA PRADESH,Rural,Ratlam,On foot,6239,4234,2005,0,0,0,3797,2517,1280,1635,1140,495,807,577,230,0,0,0,0,0,0,0,0,0,0,0,0,0,0,0,23.3315103,75.0366677
MADHYA PRADESH,Rural,Ratlam,Bicycle,2695,2601,94,0,0,0,220,207,13,1253,1211,42,751,731,20,283,274,9,188,178,10,0,0,0,0,0,0,0,0,0,23.3315103,75.0366677
MADHYA PRADESH,Rural,Ratlam,Moped/Scooter/Motor Cycle,3306,3133,173,0,0,0,241,232,9,920,845,75,910,865,45,725,702,23,193,188,5,158,155,3,79,72,7,80,74,6,23.3315103,75.0366677
MADHYA PRADESH,Rural,Ratlam,Car/Jeep/Van,147,136,11,0,0,0,12,10,2,14,13,1,21,16,5,36,35,1,18,18,0,22,21,1,16,16,0,8,7,1,23.3315103,75.0366677
MADHYA PRADESH,Rural,Ratlam,Tempo/Autorickshaw/Taxi,208,173,35,0,0,0,9,8,1,43,33,10,69,54,15,69,61,8,2,2,0,6,6,0,1,1,0,9,8,1,23.3315103,75.0366677
MADHYA PRADESH,Rural,Ratlam,Bus,2978,2358,620,0,0,0,56,31,25,228,165,63,683,487,196,794,671,123,329,290,39,542,449,93,295,224,71,51,41,10,23.3315103,75.0366677
MADHYA PRADESH,Rural,Ratlam,Train,422,352,70,0,0,0,25,17,8,17,17,0,27,24,3,26,23,3,24,19,5,50,47,3,213,170,43,40,35,5,23.3315103,75.0366677
MADHYA PRADESH,Rural,Ratlam,Water transport,18,15,3,0,0,0,6,5,1,1,1,0,1,1,0,4,3,1,1,0,1,1,1,0,1,1,0,3,3,0,23.3315103,75.0366677
MADHYA PRADESH,Rural,Ratlam,Any other,93,90,3,0,0,0,4,3,1,22,20,2,17,17,0,21,21,0,7,7,0,7,7,0,12,12,0,3,3,0,23.3315103,75.0366677
MADHYA PRADESH,Rural,Ratlam,No travel,17527,11944,5583,17527,11944,5583,0,0,0,0,0,0,0,0,0,0,0,0,0,0,0,0,0,0,0,0,0,0,0,0,23.3315103,75.0366677
MADHYA PRADESH,Urban,Ratlam,All Modes,120781,99602,21179,30162,22748,7414,26010,21487,4523,43962,37710,6252,9428,8016,1412,3503,2880,623,2389,2088,301,2334,2011,323,1881,1681,200,1112,981,131,23.3315103,75.0366677
MADHYA PRADESH,Urban,Ratlam,On foot,35734,27498,8236,0,0,0,16740,12897,3843,15343,11715,3628,3651,2886,765,0,0,0,0,0,0,0,0,0,0,0,0,0,0,0,23.3315103,75.0366677
MADHYA PRADESH,Urban,Ratlam,Bicycle,18185,17485,700,0,0,0,3315,3210,105,11908,11447,461,1582,1522,60,328,314,14,1052,992,60,0,0,0,0,0,0,0,0,0,23.3315103,75.0366677
MADHYA PRADESH,Urban,Ratlam,Moped/Scooter/Motor Cycle,25469,23152,2317,0,0,0,5095,4687,408,14270,12818,1452,2621,2413,208,1398,1302,96,483,456,27,782,729,53,201,183,18,619,564,55,23.3315103,75.0366677
MADHYA PRADESH,Urban,Ratlam,Car/Jeep/Van,938,832,106,0,0,0,167,146,21,305,264,41,100,86,14,87,74,13,42,39,3,97,94,3,97,90,7,43,39,4,23.3315103,75.0366677
MADHYA PRADESH,Urban,Ratlam,Tempo/Autorickshaw/Taxi,2214,1557,657,0,0,0,236,163,73,1150,712,438,462,390,72,153,123,30,42,35,7,59,42,17,30,27,3,82,65,17,23.3315103,75.0366677
MADHYA PRADESH,Urban,Ratlam,Bus,4718,3354,1364,0,0,0,129,92,37,373,216,157,801,541,260,1352,912,440,615,435,180,948,734,214,380,330,50,120,94,26,23.3315103,75.0366677
MADHYA PRADESH,Urban,Ratlam,Train,2700,2394,306,0,0,0,176,153,23,350,311,39,126,111,15,156,129,27,142,119,23,416,381,35,1126,1008,118,208,182,26,23.3315103,75.0366677
MADHYA PRADESH,Urban,Ratlam,Water transport,48,43,5,0,0,0,8,8,0,19,17,2,3,3,0,2,1,1,2,2,0,1,1,0,6,4,2,7,7,0,23.3315103,75.0366677
MADHYA PRADESH,Urban,Ratlam,Any other,613,539,74,0,0,0,144,131,13,244,210,34,82,64,18,27,25,2,11,10,1,31,30,1,41,39,2,33,30,3,23.3315103,75.0366677
MADHYA PRADESH,Urban,Ratlam,No travel,30162,22748,7414,30162,22748,7414,0,0,0,0,0,0,0,0,0,0,0,0,0,0,0,0,0,0,0,0,0,0,0,0,23.3315103,75.0366677
MADHYA PRADESH,Total,Mandsaur,All Modes,123352,101392,21960,39404,29775,9629,30004,24425,5579,30121,26093,4028,10286,8883,1403,5322,4750,572,3011,2728,283,2136,1908,228,2109,1959,150,959,871,88,24.076836,75.0692952
MADHYA PRADESH,Total,Mandsaur,On foot,34797,26679,8118,0,0,0,22498,17387,5111,9126,6815,2311,3173,2477,696,0,0,0,0,0,0,0,0,0,0,0,0,0,0,0,24.076836,75.0692952
MADHYA PRADESH,Total,Mandsaur,Bicycle,15363,14853,510,0,0,0,2678,2579,99,9098,8778,320,2250,2201,49,609,596,13,728,699,29,0,0,0,0,0,0,0,0,0,24.076836,75.0692952
MADHYA PRADESH,Total,Mandsaur,Moped/Scooter/Motor Cycle,20055,18777,1278,0,0,0,4137,3893,244,9348,8648,700,2661,2512,149,1863,1789,74,668,640,28,596,565,31,225,215,10,557,515,42,24.076836,75.0692952
MADHYA PRADESH,Total,Mandsaur,Car/Jeep/Van,1142,987,155,0,0,0,167,139,28,312,276,36,146,111,35,109,101,8,70,57,13,213,186,27,84,80,4,41,37,4,24.076836,75.0692952
MADHYA PRADESH,Total,Mandsaur,Tempo/Autorickshaw/Taxi,2098,1557,541,0,0,0,155,126,29,1179,782,397,367,288,79,211,203,8,44,36,8,51,45,6,18,17,1,73,60,13,24.076836,75.0692952
MADHYA PRADESH,Total,Mandsaur,Bus,7946,6392,1554,0,0,0,184,144,40,792,559,233,1492,1118,374,2147,1714,433,1218,1021,197,1066,912,154,897,795,102,150,129,21,24.076836,75.0692952
MADHYA PRADESH,Total,Mandsaur,Train,1319,1233,86,0,0,0,92,77,15,121,108,13,51,46,5,62,55,7,38,35,3,121,113,8,755,723,32,79,76,3,24.076836,75.0692952
MADHYA PRADESH,Total,Mandsaur,Water transport,509,499,10,0,0,0,19,17,2,11,9,2,15,14,1,197,194,3,219,217,2,37,37,0,7,7,0,4,4,0,24.076836,75.0692952
MADHYA PRADESH,Total,Mandsaur,Any other,719,640,79,0,0,0,74,63,11,134,118,16,131,116,15,124,98,26,26,23,3,52,50,2,123,122,1,55,50,5,24.076836,75.0692952
MADHYA PRADESH,Total,Mandsaur,No travel,39404,29775,9629,39404,29775,9629,0,0,0,0,0,0,0,0,0,0,0,0,0,0,0,0,0,0,0,0,0,0,0,0,24.076836,75.0692952
MADHYA PRADESH,Rural,Mandsaur,All Modes,48700,39452,9248,21351,15953,5398,8095,6010,2085,7709,6857,852,5056,4491,565,2976,2829,147,1177,1107,70,930,867,63,1122,1074,48,284,264,20,24.076836,75.0692952
MADHYA PRADESH,Rural,Mandsaur,On foot,10478,7623,2855,0,0,0,6721,4734,1987,2470,1892,578,1287,997,290,0,0,0,0,0,0,0,0,0,0,0,0,0,0,0,24.076836,75.0692952
MADHYA PRADESH,Rural,Mandsaur,Bicycle,5782,5626,156,0,0,0,611,580,31,3045,2966,79,1401,1372,29,451,443,8,274,265,9,0,0,0,0,0,0,0,0,0,24.076836,75.0692952
MADHYA PRADESH,Rural,Mandsaur,Moped/Scooter/Motor Cycle,5206,4983,223,0,0,0,568,538,30,1553,1467,86,1190,1143,47,1088,1056,32,312,302,10,275,265,10,104,101,3,116,111,5,24.076836,75.0692952
MADHYA PRADESH,Rural,Mandsaur,Car/Jeep/Van,445,366,79,0,0,0,49,37,12,38,34,4,88,59,29,52,47,5,32,27,5,152,129,23,21,21,0,13,12,1,24.076836,75.0692952
MADHYA PRADESH,Rural,Mandsaur,Tempo/Autorickshaw/Taxi,450,414,36,0,0,0,17,16,1,97,81,16,137,122,15,145,144,1,17,16,1,16,15,1,6,6,0,15,14,1,24.076836,75.0692952
MADHYA PRADESH,Rural,Mandsaur,Bus,3952,3493,459,0,0,0,81,63,18,412,330,82,861,712,149,1146,1048,98,504,460,44,426,399,27,442,409,33,80,72,8,24.076836,75.0692952
MADHYA PRADESH,Rural,Mandsaur,Train,695,670,25,0,0,0,26,23,3,53,49,4,26,26,0,33,31,2,20,19,1,39,37,2,459,448,11,39,37,2,24.076836,75.0692952
MADHYA PRADESH,Rural,Mandsaur,Water transport,16,14,2,0,0,0,6,5,1,1,0,1,1,1,0,3,3,0,1,1,0,0,0,0,3,3,0,1,1,0,24.076836,75.0692952
MADHYA PRADESH,Rural,Mandsaur,Any other,325,310,15,0,0,0,16,14,2,40,38,2,65,59,6,58,57,1,17,17,0,22,22,0,87,86,1,20,17,3,24.076836,75.0692952
MADHYA PRADESH,Rural,Mandsaur,No travel,21351,15953,5398,21351,15953,5398,0,0,0,0,0,0,0,0,0,0,0,0,0,0,0,0,0,0,0,0,0,0,0,0,24.076836,75.0692952
MADHYA PRADESH,Urban,Mandsaur,All Modes,74652,61940,12712,18053,13822,4231,21909,18415,3494,22412,19236,3176,5230,4392,838,2346,1921,425,1834,1621,213,1206,1041,165,987,885,102,675,607,68,24.076836,75.0692952
MADHYA PRADESH,Urban,Mandsaur,On foot,24319,19056,5263,0,0,0,15777,12653,3124,6656,4923,1733,1886,1480,406,0,0,0,0,0,0,0,0,0,0,0,0,0,0,0,24.076836,75.0692952
MADHYA PRADESH,Urban,Mandsaur,Bicycle,9581,9227,354,0,0,0,2067,1999,68,6053,5812,241,849,829,20,158,153,5,454,434,20,0,0,0,0,0,0,0,0,0,24.076836,75.0692952
MADHYA PRADESH,Urban,Mandsaur,Moped/Scooter/Motor Cycle,14849,13794,1055,0,0,0,3569,3355,214,7795,7181,614,1471,1369,102,775,733,42,356,338,18,321,300,21,121,114,7,441,404,37,24.076836,75.0692952
MADHYA PRADESH,Urban,Mandsaur,Car/Jeep/Van,697,621,76,0,0,0,118,102,16,274,242,32,58,52,6,57,54,3,38,30,8,61,57,4,63,59,4,28,25,3,24.076836,75.0692952
MADHYA PRADESH,Urban,Mandsaur,Tempo/Autorickshaw/Taxi,1648,1143,505,0,0,0,138,110,28,1082,701,381,230,166,64,66,59,7,27,20,7,35,30,5,12,11,1,58,46,12,24.076836,75.0692952
MADHYA PRADESH,Urban,Mandsaur,Bus,3994,2899,1095,0,0,0,103,81,22,380,229,151,631,406,225,1001,666,335,714,561,153,640,513,127,455,386,69,70,57,13,24.076836,75.0692952
MADHYA PRADESH,Urban,Mandsaur,Train,624,563,61,0,0,0,66,54,12,68,59,9,25,20,5,29,24,5,18,16,2,82,76,6,296,275,21,40,39,1,24.076836,75.0692952
MADHYA PRADESH,Urban,Mandsaur,Water transport,493,485,8,0,0,0,13,12,1,10,9,1,14,13,1,194,191,3,218,216,2,37,37,0,4,4,0,3,3,0,24.076836,75.0692952
MADHYA PRADESH,Urban,Mandsaur,Any other,394,330,64,0,0,0,58,49,9,94,80,14,66,57,9,66,41,25,9,6,3,30,28,2,36,36,0,35,33,2,24.076836,75.0692952
MADHYA PRADESH,Urban,Mandsaur,No travel,18053,13822,4231,18053,13822,4231,0,0,0,0,0,0,0,0,0,0,0,0,0,0,0,0,0,0,0,0,0,0,0,0,24.076836,75.0692952
JAMMU & KASHMIR,Total,Samba,All Modes,68007,60854,7153,23174,20600,2574,8377,7087,1290,10520,9458,1062,9279,8202,1077,5242,4797,445,3046,2845,201,4033,3761,272,3358,3209,149,978,895,83,32.5530092,75.1107527
JAMMU & KASHMIR,Total,Samba,On foot,15004,12715,2289,0,0,0,7018,5830,1188,4853,4332,521,3133,2553,580,0,0,0,0,0,0,0,0,0,0,0,0,0,0,0,32.5530092,75.1107527
JAMMU & KASHMIR,Total,Samba,Bicycle,1786,1734,52,0,0,0,154,148,6,824,804,20,508,493,15,127,121,6,173,168,5,0,0,0,0,0,0,0,0,0,32.5530092,75.1107527
JAMMU & KASHMIR,Total,Samba,Moped/Scooter/Motor Cycle,3811,3682,129,0,0,0,532,514,18,1295,1246,49,855,838,17,574,549,25,227,221,6,167,161,6,38,38,0,123,115,8,32.5530092,75.1107527
JAMMU & KASHMIR,Total,Samba,Car/Jeep/Van,907,793,114,0,0,0,86,73,13,186,155,31,148,131,17,164,145,19,133,114,19,117,108,9,45,41,4,28,26,2,32.5530092,75.1107527
JAMMU & KASHMIR,Total,Samba,Tempo/Autorickshaw/Taxi,2538,2284,254,0,0,0,108,94,14,847,739,108,843,759,84,412,383,29,128,121,7,78,74,4,53,51,2,69,63,6,32.5530092,75.1107527
JAMMU & KASHMIR,Total,Samba,Bus,19327,17626,1701,0,0,0,435,386,49,2410,2084,326,3720,3358,362,3904,3540,364,2334,2173,161,3564,3315,249,2423,2293,130,537,477,60,32.5530092,75.1107527
JAMMU & KASHMIR,Total,Samba,Train,1064,1034,30,0,0,0,26,24,2,30,27,3,22,21,1,18,17,1,19,18,1,73,69,4,693,680,13,183,178,5,32.5530092,75.1107527
JAMMU & KASHMIR,Total,Samba,Water transport,58,56,2,0,0,0,2,2,0,7,7,0,10,10,0,11,11,0,8,7,1,7,7,0,10,10,0,3,2,1,32.5530092,75.1107527
JAMMU & KASHMIR,Total,Samba,Any other,338,330,8,0,0,0,16,16,0,68,64,4,40,39,1,32,31,1,24,23,1,27,27,0,96,96,0,35,34,1,32.5530092,75.1107527
JAMMU & KASHMIR,Total,Samba,No travel,23174,20600,2574,23174,20600,2574,0,0,0,0,0,0,0,0,0,0,0,0,0,0,0,0,0,0,0,0,0,0,0,0,32.5530092,75.1107527
JAMMU & KASHMIR,Rural,Samba,All Modes,51336,45857,5479,16944,14851,2093,5524,4564,960,7631,6865,766,7318,6476,842,4285,3981,304,2561,2409,152,3330,3132,198,3022,2905,117,721,674,47,32.5530092,75.1107527
JAMMU & KASHMIR,Rural,Samba,On foot,10557,8765,1792,0,0,0,4654,3765,889,3641,3227,414,2262,1773,489,0,0,0,0,0,0,0,0,0,0,0,0,0,0,0,32.5530092,75.1107527
JAMMU & KASHMIR,Rural,Samba,Bicycle,1422,1383,39,0,0,0,112,106,6,623,610,13,450,437,13,112,109,3,125,121,4,0,0,0,0,0,0,0,0,0,32.5530092,75.1107527
JAMMU & KASHMIR,Rural,Samba,Moped/Scooter/Motor Cycle,2697,2603,94,0,0,0,265,253,12,881,843,38,654,640,14,452,434,18,200,195,5,146,142,4,35,35,0,64,61,3,32.5530092,75.1107527
JAMMU & KASHMIR,Rural,Samba,Car/Jeep/Van,598,527,71,0,0,0,33,28,5,92,74,18,103,90,13,110,99,11,113,96,17,93,88,5,37,36,1,17,16,1,32.5530092,75.1107527
JAMMU & KASHMIR,Rural,Samba,Tempo/Autorickshaw/Taxi,2111,1916,195,0,0,0,84,71,13,699,613,86,697,642,55,354,327,27,115,109,6,67,63,4,49,47,2,46,44,2,32.5530092,75.1107527
JAMMU & KASHMIR,Rural,Samba,Bus,15746,14579,1167,0,0,0,342,308,34,1631,1438,193,3085,2829,256,3207,2963,244,1964,1847,117,2931,2749,182,2174,2070,104,412,375,37,32.5530092,75.1107527
JAMMU & KASHMIR,Rural,Samba,Train,934,913,21,0,0,0,19,18,1,24,21,3,22,21,1,13,13,0,14,13,1,62,59,3,629,619,10,151,149,2,32.5530092,75.1107527
JAMMU & KASHMIR,Rural,Samba,Water transport,45,43,2,0,0,0,2,2,0,4,4,0,7,7,0,8,8,0,7,6,1,6,6,0,9,9,0,2,1,1,32.5530092,75.1107527
JAMMU & KASHMIR,Rural,Samba,Any other,282,277,5,0,0,0,13,13,0,36,35,1,38,37,1,29,28,1,23,22,1,25,25,0,89,89,0,29,28,1,32.5530092,75.1107527
JAMMU & KASHMIR,Rural,Samba,No travel,16944,14851,2093,16944,14851,2093,0,0,0,0,0,0,0,0,0,0,0,0,0,0,0,0,0,0,0,0,0,0,0,0,32.5530092,75.1107527
JAMMU & KASHMIR,Urban,Samba,All Modes,16671,14997,1674,6230,5749,481,2853,2523,330,2889,2593,296,1961,1726,235,957,816,141,485,436,49,703,629,74,336,304,32,257,221,36,32.5530092,75.1107527
JAMMU & KASHMIR,Urban,Samba,On foot,4447,3950,497,0,0,0,2364,2065,299,1212,1105,107,871,780,91,0,0,0,0,0,0,0,0,0,0,0,0,0,0,0,32.5530092,75.1107527
JAMMU & KASHMIR,Urban,Samba,Bicycle,364,351,13,0,0,0,42,42,0,201,194,7,58,56,2,15,12,3,48,47,1,0,0,0,0,0,0,0,0,0,32.5530092,75.1107527
JAMMU & KASHMIR,Urban,Samba,Moped/Scooter/Motor Cycle,1114,1079,35,0,0,0,267,261,6,414,403,11,201,198,3,122,115,7,27,26,1,21,19,2,3,3,0,59,54,5,32.5530092,75.1107527
JAMMU & KASHMIR,Urban,Samba,Car/Jeep/Van,309,266,43,0,0,0,53,45,8,94,81,13,45,41,4,54,46,8,20,18,2,24,20,4,8,5,3,11,10,1,32.5530092,75.1107527
JAMMU & KASHMIR,Urban,Samba,Tempo/Autorickshaw/Taxi,427,368,59,0,0,0,24,23,1,148,126,22,146,117,29,58,56,2,13,12,1,11,11,0,4,4,0,23,19,4,32.5530092,75.1107527
JAMMU & KASHMIR,Urban,Samba,Bus,3581,3047,534,0,0,0,93,78,15,779,646,133,635,529,106,697,577,120,370,326,44,633,566,67,249,223,26,125,102,23,32.5530092,75.1107527
JAMMU & KASHMIR,Urban,Samba,Train,130,121,9,0,0,0,7,6,1,6,6,0,0,0,0,5,4,1,5,5,0,11,10,1,64,61,3,32,29,3,32.5530092,75.1107527
JAMMU & KASHMIR,Urban,Samba,Water transport,13,13,0,0,0,0,0,0,0,3,3,0,3,3,0,3,3,0,1,1,0,1,1,0,1,1,0,1,1,0,32.5530092,75.1107527
JAMMU & KASHMIR,Urban,Samba,Any other,56,53,3,0,0,0,3,3,0,32,29,3,2,2,0,3,3,0,1,1,0,2,2,0,7,7,0,6,6,0,32.5530092,75.1107527
JAMMU & KASHMIR,Urban,Samba,No travel,6230,5749,481,6230,5749,481,0,0,0,0,0,0,0,0,0,0,0,0,0,0,0,0,0,0,0,0,0,0,0,0,32.5530092,75.1107527
RAJASTHAN,Total,Sikar,All Modes,394528,334393,60135,122542,89881,32661,61755,51960,9795,93847,83690,10157,47145,43543,3602,25085,23539,1546,12791,12091,700,8986,8464,522,14087,13406,681,8290,7819,471,27.6093912,75.1397935
RAJASTHAN,Total,Sikar,On foot,117793,98811,18982,0,0,0,50950,41742,9208,51422,43481,7941,15421,13588,1833,0,0,0,0,0,0,0,0,0,0,0,0,0,0,0,27.6093912,75.1397935
RAJASTHAN,Total,Sikar,Bicycle,21987,21503,484,0,0,0,2408,2324,84,12932,12688,244,3785,3712,73,897,870,27,1965,1909,56,0,0,0,0,0,0,0,0,0,27.6093912,75.1397935
RAJASTHAN,Total,Sikar,Moped/Scooter/Motor Cycle,35870,34433,1437,0,0,0,4242,4071,171,15081,14451,630,7442,7147,295,4398,4233,165,1453,1412,41,891,855,36,416,401,15,1947,1863,84,27.6093912,75.1397935
RAJASTHAN,Total,Sikar,Car/Jeep/Van,10518,10017,501,0,0,0,1003,955,48,2346,2183,163,2172,2052,120,2176,2107,69,771,749,22,829,801,28,623,604,19,598,566,32,27.6093912,75.1397935
RAJASTHAN,Total,Sikar,Tempo/Autorickshaw/Taxi,9288,8403,885,0,0,0,582,503,79,3545,3106,439,3134,2895,239,1005,939,66,186,181,5,147,136,11,130,127,3,559,516,43,27.6093912,75.1397935
RAJASTHAN,Total,Sikar,Bus,65983,61142,4841,0,0,0,1849,1673,176,7148,6470,678,14379,13354,1025,15730,14533,1197,7698,7139,559,6364,5942,422,8987,8475,512,3828,3556,272,27.6093912,75.1397935
RAJASTHAN,Total,Sikar,Train,7652,7379,273,0,0,0,278,263,15,551,522,29,401,390,11,580,563,17,575,563,12,611,586,25,3621,3493,128,1035,999,36,27.6093912,75.1397935
RAJASTHAN,Total,Sikar,Water transport,111,103,8,0,0,0,32,28,4,10,9,1,6,5,1,12,11,1,3,3,0,7,7,0,21,20,1,20,20,0,27.6093912,75.1397935
RAJASTHAN,Total,Sikar,Any other,2784,2721,63,0,0,0,411,401,10,812,780,32,405,400,5,287,283,4,140,135,5,137,137,0,289,286,3,303,299,4,27.6093912,75.1397935
RAJASTHAN,Total,Sikar,No travel,122542,89881,32661,122542,89881,32661,0,0,0,0,0,0,0,0,0,0,0,0,0,0,0,0,0,0,0,0,0,0,0,0,27.6093912,75.1397935
RAJASTHAN,Rural,Sikar,All Modes,237098,193680,43418,82024,58111,23913,27887,20624,7263,42638,35539,7099,31647,29264,2383,20136,19038,1098,9354,8880,474,7054,6664,390,10972,10453,519,5386,5107,279,27.6093912,75.1397935
RAJASTHAN,Rural,Sikar,On foot,58537,44140,14397,0,0,0,23902,16933,6969,26610,20446,6164,8025,6761,1264,0,0,0,0,0,0,0,0,0,0,0,0,0,0,0,27.6093912,75.1397935
RAJASTHAN,Rural,Sikar,Bicycle,6661,6463,198,0,0,0,474,439,35,2908,2829,79,2175,2136,39,497,480,17,607,579,28,0,0,0,0,0,0,0,0,0,27.6093912,75.1397935
RAJASTHAN,Rural,Sikar,Moped/Scooter/Motor Cycle,16476,15817,659,0,0,0,899,829,70,4494,4291,203,4968,4791,177,3351,3237,114,1099,1073,26,653,627,26,274,266,8,738,703,35,27.6093912,75.1397935
RAJASTHAN,Rural,Sikar,Car/Jeep/Van,7228,6916,312,0,0,0,549,526,23,1311,1226,85,1730,1642,88,1831,1777,54,520,506,14,538,516,22,410,401,9,339,322,17,27.6093912,75.1397935
RAJASTHAN,Rural,Sikar,Tempo/Autorickshaw/Taxi,5181,4929,252,0,0,0,267,249,18,1498,1411,87,2183,2087,96,667,636,31,119,117,2,82,80,2,86,85,1,279,264,15,27.6093912,75.1397935
RAJASTHAN,Rural,Sikar,Bus,53281,49837,3444,0,0,0,1394,1265,129,5195,4751,444,11965,11254,711,13076,12214,862,6380,5991,389,5173,4851,322,7059,6656,403,3039,2855,184,27.6093912,75.1397935
RAJASTHAN,Rural,Sikar,Train,5864,5666,198,0,0,0,145,136,9,213,195,18,318,313,5,487,471,16,518,508,10,482,464,18,2901,2804,97,800,775,25,27.6093912,75.1397935
RAJASTHAN,Rural,Sikar,Water transport,75,69,6,0,0,0,25,22,3,6,5,1,4,3,1,5,4,1,1,1,0,6,6,0,15,15,0,13,13,0,27.6093912,75.1397935
RAJASTHAN,Rural,Sikar,Any other,1771,1732,39,0,0,0,232,225,7,403,385,18,279,277,2,222,219,3,110,105,5,120,120,0,227,226,1,178,175,3,27.6093912,75.1397935
RAJASTHAN,Rural,Sikar,No travel,82024,58111,23913,82024,58111,23913,0,0,0,0,0,0,0,0,0,0,0,0,0,0,0,0,0,0,0,0,0,0,0,0,27.6093912,75.1397935
RAJASTHAN,Urban,Sikar,All Modes,157430,140713,16717,40518,31770,8748,33868,31336,2532,51209,48151,3058,15498,14279,1219,4949,4501,448,3437,3211,226,1932,1800,132,3115,2953,162,2904,2712,192,27.6093912,75.1397935
RAJASTHAN,Urban,Sikar,On foot,59256,54671,4585,0,0,0,27048,24809,2239,24812,23035,1777,7396,6827,569,0,0,0,0,0,0,0,0,0,0,0,0,0,0,0,27.6093912,75.1397935
RAJASTHAN,Urban,Sikar,Bicycle,15326,15040,286,0,0,0,1934,1885,49,10024,9859,165,1610,1576,34,400,390,10,1358,1330,28,0,0,0,0,0,0,0,0,0,27.6093912,75.1397935
RAJASTHAN,Urban,Sikar,Moped/Scooter/Motor Cycle,19394,18616,778,0,0,0,3343,3242,101,10587,10160,427,2474,2356,118,1047,996,51,354,339,15,238,228,10,142,135,7,1209,1160,49,27.6093912,75.1397935
RAJASTHAN,Urban,Sikar,Car/Jeep/Van,3290,3101,189,0,0,0,454,429,25,1035,957,78,442,410,32,345,330,15,251,243,8,291,285,6,213,203,10,259,244,15,27.6093912,75.1397935
RAJASTHAN,Urban,Sikar,Tempo/Autorickshaw/Taxi,4107,3474,633,0,0,0,315,254,61,2047,1695,352,951,808,143,338,303,35,67,64,3,65,56,9,44,42,2,280,252,28,27.6093912,75.1397935
RAJASTHAN,Urban,Sikar,Bus,12702,11305,1397,0,0,0,455,408,47,1953,1719,234,2414,2100,314,2654,2319,335,1318,1148,170,1191,1091,100,1928,1819,109,789,701,88,27.6093912,75.1397935
RAJASTHAN,Urban,Sikar,Train,1788,1713,75,0,0,0,133,127,6,338,327,11,83,77,6,93,92,1,57,55,2,129,122,7,720,689,31,235,224,11,27.6093912,75.1397935
RAJASTHAN,Urban,Sikar,Water transport,36,34,2,0,0,0,7,6,1,4,4,0,2,2,0,7,7,0,2,2,0,1,1,0,6,5,1,7,7,0,27.6093912,75.1397935
RAJASTHAN,Urban,Sikar,Any other,1013,989,24,0,0,0,179,176,3,409,395,14,126,123,3,65,64,1,30,30,0,17,17,0,62,60,2,125,124,1,27.6093912,75.1397935
RAJASTHAN,Urban,Sikar,No travel,40518,31770,8748,40518,31770,8748,0,0,0,0,0,0,0,0,0,0,0,0,0,0,0,0,0,0,0,0,0,0,0,0,27.6093912,75.1397935
JAMMU & KASHMIR,Total,Udhampur,All Modes,116615,91345,25270,44157,32306,11851,14785,9584,5201,20797,16322,4475,14459,12535,1924,7194,6547,647,2942,2657,285,3609,3289,320,7509,7071,438,1163,1034,129,32.9159847,75.1416173
JAMMU & KASHMIR,Total,Udhampur,On foot,32574,23122,9452,0,0,0,12782,7871,4911,13691,10202,3489,6101,5049,1052,0,0,0,0,0,0,0,0,0,0,0,0,0,0,0,32.9159847,75.1416173
JAMMU & KASHMIR,Total,Udhampur,Bicycle,1254,1140,114,0,0,0,185,161,24,698,642,56,167,163,4,66,60,6,138,114,24,0,0,0,0,0,0,0,0,0,32.9159847,75.1416173
JAMMU & KASHMIR,Total,Udhampur,Moped/Scooter/Motor Cycle,3580,3366,214,0,0,0,669,630,39,1530,1415,115,677,653,24,344,331,13,81,78,3,98,93,5,58,56,2,123,110,13,32.9159847,75.1416173
JAMMU & KASHMIR,Total,Udhampur,Car/Jeep/Van,1447,1237,210,0,0,0,232,191,41,464,381,83,202,173,29,143,130,13,65,57,8,89,82,7,193,170,23,59,53,6,32.9159847,75.1416173
JAMMU & KASHMIR,Total,Udhampur,Tempo/Autorickshaw/Taxi,1657,1380,277,0,0,0,86,63,23,531,416,115,517,436,81,234,207,27,69,61,8,52,47,5,105,97,8,63,53,10,32.9159847,75.1416173
JAMMU & KASHMIR,Total,Udhampur,Bus,29973,26943,3030,0,0,0,764,611,153,3743,3144,599,6602,5881,721,6226,5646,580,2540,2298,242,3231,2931,300,6098,5750,348,769,682,87,32.9159847,75.1416173
JAMMU & KASHMIR,Total,Udhampur,Train,1336,1254,82,0,0,0,31,27,4,61,50,11,34,32,2,29,28,1,18,18,0,106,105,1,951,897,54,106,97,9,32.9159847,75.1416173
JAMMU & KASHMIR,Total,Udhampur,Water transport,91,71,20,0,0,0,10,7,3,10,8,2,21,13,8,11,9,2,8,8,0,9,9,0,15,13,2,7,4,3,32.9159847,75.1416173
JAMMU & KASHMIR,Total,Udhampur,Any other,546,526,20,0,0,0,26,23,3,69,64,5,138,135,3,141,136,5,23,23,0,24,22,2,89,88,1,36,35,1,32.9159847,75.1416173
JAMMU & KASHMIR,Total,Udhampur,No travel,44157,32306,11851,44157,32306,11851,0,0,0,0,0,0,0,0,0,0,0,0,0,0,0,0,0,0,0,0,0,0,0,0,32.9159847,75.1416173
JAMMU & KASHMIR,Rural,Udhampur,All Modes,72280,52588,19692,21826,12130,9696,8910,4601,4309,13661,10119,3542,10486,9209,1277,5965,5665,300,2304,2162,142,2753,2596,157,5672,5466,206,703,640,63,32.9159847,75.1416173
JAMMU & KASHMIR,Rural,Udhampur,On foot,23246,15011,8235,0,0,0,8177,3976,4201,10443,7283,3160,4626,3752,874,0,0,0,0,0,0,0,0,0,0,0,0,0,0,0,32.9159847,75.1416173
JAMMU & KASHMIR,Rural,Udhampur,Bicycle,475,395,80,0,0,0,57,40,17,219,175,44,77,75,2,44,43,1,78,62,16,0,0,0,0,0,0,0,0,0,32.9159847,75.1416173
JAMMU & KASHMIR,Rural,Udhampur,Moped/Scooter/Motor Cycle,1129,1066,63,0,0,0,93,82,11,336,314,22,336,324,12,213,206,7,53,52,1,39,36,3,26,25,1,33,27,6,32.9159847,75.1416173
JAMMU & KASHMIR,Rural,Udhampur,Car/Jeep/Van,500,436,64,0,0,0,36,28,8,94,77,17,89,79,10,78,71,7,42,35,7,42,38,4,99,90,9,20,18,2,32.9159847,75.1416173
JAMMU & KASHMIR,Rural,Udhampur,Tempo/Autorickshaw/Taxi,864,747,117,0,0,0,29,23,6,237,193,44,283,242,41,146,140,6,37,35,2,31,27,4,58,54,4,43,33,10,32.9159847,75.1416173
JAMMU & KASHMIR,Rural,Udhampur,Bus,22767,21390,1377,0,0,0,476,418,58,2243,1997,246,4917,4584,333,5333,5057,276,2052,1936,116,2511,2367,144,4703,4534,169,532,497,35,32.9159847,75.1416173
JAMMU & KASHMIR,Rural,Udhampur,Train,989,952,37,0,0,0,20,17,3,34,28,6,23,23,0,27,27,0,14,14,0,101,100,1,716,695,21,54,48,6,32.9159847,75.1416173
JAMMU & KASHMIR,Rural,Udhampur,Water transport,63,51,12,0,0,0,7,4,3,3,3,0,14,10,4,6,5,1,8,8,0,6,6,0,13,12,1,6,3,3,32.9159847,75.1416173
JAMMU & KASHMIR,Rural,Udhampur,Any other,421,410,11,0,0,0,15,13,2,52,49,3,121,120,1,118,116,2,20,20,0,23,22,1,57,56,1,15,14,1,32.9159847,75.1416173
JAMMU & KASHMIR,Rural,Udhampur,No travel,21826,12130,9696,21826,12130,9696,0,0,0,0,0,0,0,0,0,0,0,0,0,0,0,0,0,0,0,0,0,0,0,0,32.9159847,75.1416173
JAMMU & KASHMIR,Urban,Udhampur,All Modes,44335,38757,5578,22331,20176,2155,5875,4983,892,7136,6203,933,3973,3326,647,1229,882,347,638,495,143,856,693,163,1837,1605,232,460,394,66,32.9159847,75.1416173
JAMMU & KASHMIR,Urban,Udhampur,On foot,9328,8111,1217,0,0,0,4605,3895,710,3248,2919,329,1475,1297,178,0,0,0,0,0,0,0,0,0,0,0,0,0,0,0,32.9159847,75.1416173
JAMMU & KASHMIR,Urban,Udhampur,Bicycle,779,745,34,0,0,0,128,121,7,479,467,12,90,88,2,22,17,5,60,52,8,0,0,0,0,0,0,0,0,0,32.9159847,75.1416173
JAMMU & KASHMIR,Urban,Udhampur,Moped/Scooter/Motor Cycle,2451,2300,151,0,0,0,576,548,28,1194,1101,93,341,329,12,131,125,6,28,26,2,59,57,2,32,31,1,90,83,7,32.9159847,75.1416173
JAMMU & KASHMIR,Urban,Udhampur,Car/Jeep/Van,947,801,146,0,0,0,196,163,33,370,304,66,113,94,19,65,59,6,23,22,1,47,44,3,94,80,14,39,35,4,32.9159847,75.1416173
JAMMU & KASHMIR,Urban,Udhampur,Tempo/Autorickshaw/Taxi,793,633,160,0,0,0,57,40,17,294,223,71,234,194,40,88,67,21,32,26,6,21,20,1,47,43,4,20,20,0,32.9159847,75.1416173
JAMMU & KASHMIR,Urban,Udhampur,Bus,7206,5553,1653,0,0,0,288,193,95,1500,1147,353,1685,1297,388,893,589,304,488,362,126,720,564,156,1395,1216,179,237,185,52,32.9159847,75.1416173
JAMMU & KASHMIR,Urban,Udhampur,Train,347,302,45,0,0,0,11,10,1,27,22,5,11,9,2,2,1,1,4,4,0,5,5,0,235,202,33,52,49,3,32.9159847,75.1416173
JAMMU & KASHMIR,Urban,Udhampur,Water transport,28,20,8,0,0,0,3,3,0,7,5,2,7,3,4,5,4,1,0,0,0,3,3,0,2,1,1,1,1,0,32.9159847,75.1416173
JAMMU & KASHMIR,Urban,Udhampur,Any other,125,116,9,0,0,0,11,10,1,17,15,2,17,15,2,23,20,3,3,3,0,1,0,1,32,32,0,21,21,0,32.9159847,75.1416173
JAMMU & KASHMIR,Urban,Udhampur,No travel,22331,20176,2155,22331,20176,2155,0,0,0,0,0,0,0,0,0,0,0,0,0,0,0,0,0,0,0,0,0,0,0,0,32.9159847,75.1416173
JAMMU & KASHMIR,Total,Anantnag,All Modes,156041,124007,32034,76315,54024,22291,18535,15720,2815,20709,18341,2368,19021,16430,2591,7109,6317,792,3200,2898,302,3211,2958,253,5234,4884,350,2707,2435,272,33.7311255,75.1487007
JAMMU & KASHMIR,Total,Anantnag,On foot,33633,28942,4691,0,0,0,16182,13630,2552,9801,8838,963,7650,6474,1176,0,0,0,0,0,0,0,0,0,0,0,0,0,0,0,33.7311255,75.1487007
JAMMU & KASHMIR,Total,Anantnag,Bicycle,1427,1375,52,0,0,0,147,136,11,706,694,12,269,262,7,75,71,4,230,212,18,0,0,0,0,0,0,0,0,0,33.7311255,75.1487007
JAMMU & KASHMIR,Total,Anantnag,Moped/Scooter/Motor Cycle,1627,1571,56,0,0,0,159,149,10,631,614,17,340,329,11,205,198,7,79,78,1,60,57,3,54,51,3,99,95,4,33.7311255,75.1487007
JAMMU & KASHMIR,Total,Anantnag,Car/Jeep/Van,5428,4912,516,0,0,0,340,305,35,1120,1018,102,929,844,85,796,727,69,452,412,40,586,531,55,884,790,94,321,285,36,33.7311255,75.1487007
JAMMU & KASHMIR,Total,Anantnag,Tempo/Autorickshaw/Taxi,1514,1345,169,0,0,0,101,90,11,419,375,44,310,262,48,189,166,23,95,90,5,158,144,14,162,144,18,80,74,6,33.7311255,75.1487007
JAMMU & KASHMIR,Total,Anantnag,Bus,33757,29618,4139,0,0,0,1437,1249,188,7548,6341,1207,9095,7849,1246,5722,5044,678,2256,2025,231,2254,2083,171,3531,3315,216,1914,1712,202,33.7311255,75.1487007
JAMMU & KASHMIR,Total,Anantnag,Train,1222,1176,46,0,0,0,49,47,2,210,200,10,253,247,6,25,24,1,29,27,2,76,70,6,462,449,13,118,112,6,33.7311255,75.1487007
JAMMU & KASHMIR,Total,Anantnag,Water transport,271,254,17,0,0,0,15,13,2,116,113,3,27,26,1,4,3,1,1,1,0,5,5,0,12,12,0,91,81,10,33.7311255,75.1487007
JAMMU & KASHMIR,Total,Anantnag,Any other,847,790,57,0,0,0,105,101,4,158,148,10,148,137,11,93,84,9,58,53,5,72,68,4,129,123,6,84,76,8,33.7311255,75.1487007
JAMMU & KASHMIR,Total,Anantnag,No travel,76315,54024,22291,76315,54024,22291,0,0,0,0,0,0,0,0,0,0,0,0,0,0,0,0,0,0,0,0,0,0,0,0,33.7311255,75.1487007
JAMMU & KASHMIR,Rural,Anantnag,All Modes,91055,70640,20415,44451,29541,14910,9152,7424,1728,10813,9648,1165,11808,10280,1528,4876,4451,425,2124,1960,164,2199,2064,135,3868,3656,212,1764,1616,148,33.7311255,75.1487007
JAMMU & KASHMIR,Rural,Anantnag,On foot,18788,15607,3181,0,0,0,7937,6331,1606,5732,5088,644,5119,4188,931,0,0,0,0,0,0,0,0,0,0,0,0,0,0,0,33.7311255,75.1487007
JAMMU & KASHMIR,Rural,Anantnag,Bicycle,764,738,26,0,0,0,71,65,6,353,349,4,157,154,3,57,55,2,126,115,11,0,0,0,0,0,0,0,0,0,33.7311255,75.1487007
JAMMU & KASHMIR,Rural,Anantnag,Moped/Scooter/Motor Cycle,711,690,21,0,0,0,49,44,5,188,185,3,157,154,3,137,133,4,53,52,1,34,33,1,39,38,1,54,51,3,33.7311255,75.1487007
JAMMU & KASHMIR,Rural,Anantnag,Car/Jeep/Van,2822,2582,240,0,0,0,134,123,11,424,388,36,450,403,47,490,453,37,266,245,21,340,314,26,540,495,45,178,161,17,33.7311255,75.1487007
JAMMU & KASHMIR,Rural,Anantnag,Tempo/Autorickshaw/Taxi,738,675,63,0,0,0,35,30,5,146,135,11,157,141,16,95,87,8,52,49,3,110,105,5,107,96,11,36,32,4,33.7311255,75.1487007
JAMMU & KASHMIR,Rural,Anantnag,Bus,21136,19221,1915,0,0,0,826,735,91,3649,3194,455,5440,4920,520,4020,3650,370,1572,1448,124,1627,1529,98,2725,2582,143,1277,1163,114,33.7311255,75.1487007
JAMMU & KASHMIR,Rural,Anantnag,Train,956,923,33,0,0,0,42,40,2,162,156,6,205,200,5,21,20,1,22,21,1,41,38,3,367,356,11,96,92,4,33.7311255,75.1487007
JAMMU & KASHMIR,Rural,Anantnag,Water transport,184,177,7,0,0,0,8,7,1,72,71,1,15,14,1,4,3,1,1,1,0,4,4,0,8,8,0,72,69,3,33.7311255,75.1487007
JAMMU & KASHMIR,Rural,Anantnag,Any other,505,486,19,0,0,0,50,49,1,87,82,5,108,106,2,52,50,2,32,29,3,43,41,2,82,81,1,51,48,3,33.7311255,75.1487007
JAMMU & KASHMIR,Rural,Anantnag,No travel,44451,29541,14910,44451,29541,14910,0,0,0,0,0,0,0,0,0,0,0,0,0,0,0,0,0,0,0,0,0,0,0,0,33.7311255,75.1487007
JAMMU & KASHMIR,Urban,Anantnag,All Modes,64986,53367,11619,31864,24483,7381,9383,8296,1087,9896,8693,1203,7213,6150,1063,2233,1866,367,1076,938,138,1012,894,118,1366,1228,138,943,819,124,33.7311255,75.1487007
JAMMU & KASHMIR,Urban,Anantnag,On foot,14845,13335,1510,0,0,0,8245,7299,946,4069,3750,319,2531,2286,245,0,0,0,0,0,0,0,0,0,0,0,0,0,0,0,33.7311255,75.1487007
JAMMU & KASHMIR,Urban,Anantnag,Bicycle,663,637,26,0,0,0,76,71,5,353,345,8,112,108,4,18,16,2,104,97,7,0,0,0,0,0,0,0,0,0,33.7311255,75.1487007
JAMMU & KASHMIR,Urban,Anantnag,Moped/Scooter/Motor Cycle,916,881,35,0,0,0,110,105,5,443,429,14,183,175,8,68,65,3,26,26,0,26,24,2,15,13,2,45,44,1,33.7311255,75.1487007
JAMMU & KASHMIR,Urban,Anantnag,Car/Jeep/Van,2606,2330,276,0,0,0,206,182,24,696,630,66,479,441,38,306,274,32,186,167,19,246,217,29,344,295,49,143,124,19,33.7311255,75.1487007
JAMMU & KASHMIR,Urban,Anantnag,Tempo/Autorickshaw/Taxi,776,670,106,0,0,0,66,60,6,273,240,33,153,121,32,94,79,15,43,41,2,48,39,9,55,48,7,44,42,2,33.7311255,75.1487007
JAMMU & KASHMIR,Urban,Anantnag,Bus,12621,10397,2224,0,0,0,611,514,97,3899,3147,752,3655,2929,726,1702,1394,308,684,577,107,627,554,73,806,733,73,637,549,88,33.7311255,75.1487007
JAMMU & KASHMIR,Urban,Anantnag,Train,266,253,13,0,0,0,7,7,0,48,44,4,48,47,1,4,4,0,7,6,1,35,32,3,95,93,2,22,20,2,33.7311255,75.1487007
JAMMU & KASHMIR,Urban,Anantnag,Water transport,87,77,10,0,0,0,7,6,1,44,42,2,12,12,0,0,0,0,0,0,0,1,1,0,4,4,0,19,12,7,33.7311255,75.1487007
JAMMU & KASHMIR,Urban,Anantnag,Any other,342,304,38,0,0,0,55,52,3,71,66,5,40,31,9,41,34,7,26,24,2,29,27,2,47,42,5,33,28,5,33.7311255,75.1487007
JAMMU & KASHMIR,Urban,Anantnag,No travel,31864,24483,7381,31864,24483,7381,0,0,0,0,0,0,0,0,0,0,0,0,0,0,0,0,0,0,0,0,0,0,0,0,33.7311255,75.1487007
PUNJAB,Total,Moga,All Modes,167055,126038,41017,73101,46134,26967,21993,17560,4433,31625,27713,3912,18809,15651,3158,8120,7194,926,5701,5211,490,1517,1280,237,2630,2247,383,3559,3048,511,30.8230114,75.1734471
PUNJAB,Total,Moga,On foot,25483,18439,7044,0,0,0,12299,8756,3543,5854,4297,1557,7330,5386,1944,0,0,0,0,0,0,0,0,0,0,0,0,0,0,0,30.8230114,75.1734471
PUNJAB,Total,Moga,Bicycle,28000,26808,1192,0,0,0,4349,4143,206,12960,12409,551,4991,4835,156,1821,1763,58,3879,3658,221,0,0,0,0,0,0,0,0,0,30.8230114,75.1734471
PUNJAB,Total,Moga,Moped/Scooter/Motor Cycle,21992,20174,1818,0,0,0,4056,3746,310,9064,8238,826,3316,3024,292,2346,2218,128,535,499,36,356,336,20,382,358,24,1937,1755,182,30.8230114,75.1734471
PUNJAB,Total,Moga,Car/Jeep/Van,3288,2790,498,0,0,0,338,265,73,977,818,159,521,429,92,532,458,74,181,159,22,148,131,17,255,231,24,336,299,37,30.8230114,75.1734471
PUNJAB,Total,Moga,Tempo/Autorickshaw/Taxi,3084,2289,795,0,0,0,241,154,87,982,633,349,844,664,180,514,439,75,78,61,17,79,65,14,115,95,20,231,178,53,30.8230114,75.1734471
PUNJAB,Total,Moga,Bus,9469,6977,2492,0,0,0,407,240,167,1112,684,428,1454,982,472,2697,2117,580,927,741,186,846,665,181,1331,1038,293,695,510,185,30.8230114,75.1734471
PUNJAB,Total,Moga,Train,1101,987,114,0,0,0,122,98,24,226,211,15,112,102,10,83,76,7,51,46,5,28,25,3,301,285,16,178,144,34,30.8230114,75.1734471
PUNJAB,Total,Moga,Water transport,88,67,21,0,0,0,21,17,4,10,8,2,8,7,1,10,9,1,5,3,2,5,3,2,8,6,2,21,14,7,30.8230114,75.1734471
PUNJAB,Total,Moga,Any other,1449,1373,76,0,0,0,160,141,19,440,415,25,233,222,11,117,114,3,45,44,1,55,55,0,238,234,4,161,148,13,30.8230114,75.1734471
PUNJAB,Total,Moga,No travel,73101,46134,26967,73101,46134,26967,0,0,0,0,0,0,0,0,0,0,0,0,0,0,0,0,0,0,0,0,0,0,0,0,30.8230114,75.1734471
PUNJAB,Rural,Moga,All Modes,92748,66763,25985,49495,30059,19436,8500,6361,2139,10401,9043,1358,11457,9696,1761,5580,5165,415,3353,3072,281,937,795,142,1352,1154,198,1673,1418,255,30.8230114,75.1734471
PUNJAB,Rural,Moga,On foot,11221,7798,3423,0,0,0,5338,3560,1778,1766,1286,480,4117,2952,1165,0,0,0,0,0,0,0,0,0,0,0,0,0,0,0,30.8230114,75.1734471
PUNJAB,Rural,Moga,Bicycle,13777,13122,655,0,0,0,1782,1674,108,4950,4702,248,3344,3239,105,1424,1389,35,2277,2118,159,0,0,0,0,0,0,0,0,0,30.8230114,75.1734471
PUNJAB,Rural,Moga,Moped/Scooter/Motor Cycle,7882,7295,587,0,0,0,759,678,81,2050,1861,189,1990,1853,137,1633,1576,57,350,332,18,200,189,11,183,171,12,717,635,82,30.8230114,75.1734471
PUNJAB,Rural,Moga,Car/Jeep/Van,1290,1088,202,0,0,0,100,72,28,298,231,67,246,204,42,259,231,28,77,70,7,66,60,6,102,92,10,142,128,14,30.8230114,75.1734471
PUNJAB,Rural,Moga,Tempo/Autorickshaw/Taxi,1772,1457,315,0,0,0,108,88,20,387,279,108,584,507,77,395,346,49,53,43,10,58,47,11,56,40,16,131,107,24,30.8230114,75.1734471
PUNJAB,Rural,Moga,Bus,5877,4636,1241,0,0,0,246,153,93,714,468,246,982,757,225,1734,1493,241,545,462,83,547,436,111,657,510,147,452,357,95,30.8230114,75.1734471
PUNJAB,Rural,Moga,Train,652,583,69,0,0,0,69,55,14,122,114,8,80,75,5,53,51,2,15,13,2,17,16,1,169,161,8,127,98,29,30.8230114,75.1734471
PUNJAB,Rural,Moga,Water transport,47,33,14,0,0,0,9,5,4,4,2,2,6,6,0,2,2,0,4,3,1,5,3,2,4,2,2,13,10,3,30.8230114,75.1734471
PUNJAB,Rural,Moga,Any other,735,692,43,0,0,0,89,76,13,110,100,10,108,103,5,80,77,3,32,31,1,44,44,0,181,178,3,91,83,8,30.8230114,75.1734471
PUNJAB,Rural,Moga,No travel,49495,30059,19436,49495,30059,19436,0,0,0,0,0,0,0,0,0,0,0,0,0,0,0,0,0,0,0,0,0,0,0,0,30.8230114,75.1734471
PUNJAB,Urban,Moga,All Modes,74307,59275,15032,23606,16075,7531,13493,11199,2294,21224,18670,2554,7352,5955,1397,2540,2029,511,2348,2139,209,580,485,95,1278,1093,185,1886,1630,256,30.8230114,75.1734471
PUNJAB,Urban,Moga,On foot,14262,10641,3621,0,0,0,6961,5196,1765,4088,3011,1077,3213,2434,779,0,0,0,0,0,0,0,0,0,0,0,0,0,0,0,30.8230114,75.1734471
PUNJAB,Urban,Moga,Bicycle,14223,13686,537,0,0,0,2567,2469,98,8010,7707,303,1647,1596,51,397,374,23,1602,1540,62,0,0,0,0,0,0,0,0,0,30.8230114,75.1734471
PUNJAB,Urban,Moga,Moped/Scooter/Motor Cycle,14110,12879,1231,0,0,0,3297,3068,229,7014,6377,637,1326,1171,155,713,642,71,185,167,18,156,147,9,199,187,12,1220,1120,100,30.8230114,75.1734471
PUNJAB,Urban,Moga,Car/Jeep/Van,1998,1702,296,0,0,0,238,193,45,679,587,92,275,225,50,273,227,46,104,89,15,82,71,11,153,139,14,194,171,23,30.8230114,75.1734471
PUNJAB,Urban,Moga,Tempo/Autorickshaw/Taxi,1312,832,480,0,0,0,133,66,67,595,354,241,260,157,103,119,93,26,25,18,7,21,18,3,59,55,4,100,71,29,30.8230114,75.1734471
PUNJAB,Urban,Moga,Bus,3592,2341,1251,0,0,0,161,87,74,398,216,182,472,225,247,963,624,339,382,279,103,299,229,70,674,528,146,243,153,90,30.8230114,75.1734471
PUNJAB,Urban,Moga,Train,449,404,45,0,0,0,53,43,10,104,97,7,32,27,5,30,25,5,36,33,3,11,9,2,132,124,8,51,46,5,30.8230114,75.1734471
PUNJAB,Urban,Moga,Water transport,41,34,7,0,0,0,12,12,0,6,6,0,2,1,1,8,7,1,1,0,1,0,0,0,4,4,0,8,4,4,30.8230114,75.1734471
PUNJAB,Urban,Moga,Any other,714,681,33,0,0,0,71,65,6,330,315,15,125,119,6,37,37,0,13,13,0,11,11,0,57,56,1,70,65,5,30.8230114,75.1734471
PUNJAB,Urban,Moga,No travel,23606,16075,7531,23606,16075,7531,0,0,0,0,0,0,0,0,0,0,0,0,0,0,0,0,0,0,0,0,0,0,0,0,30.8230114,75.1734471
JAMMU & KASHMIR,Total,Ramban,All Modes,34470,28528,5942,14565,10774,3791,3890,3061,829,6244,5661,583,4810,4345,465,953,894,59,532,499,33,792,749,43,2409,2291,118,275,254,21,33.2427243,75.2391588
JAMMU & KASHMIR,Total,Ramban,On foot,11861,10248,1613,0,0,0,3651,2845,806,4832,4386,446,3378,3017,361,0,0,0,0,0,0,0,0,0,0,0,0,0,0,0,33.2427243,75.2391588
JAMMU & KASHMIR,Total,Ramban,Bicycle,132,113,19,0,0,0,27,20,7,42,35,7,24,22,2,9,9,0,30,27,3,0,0,0,0,0,0,0,0,0,33.2427243,75.2391588
JAMMU & KASHMIR,Total,Ramban,Moped/Scooter/Motor Cycle,185,176,9,0,0,0,29,29,0,66,65,1,41,39,2,18,18,0,4,3,1,5,5,0,12,11,1,10,6,4,33.2427243,75.2391588
JAMMU & KASHMIR,Total,Ramban,Car/Jeep/Van,383,349,34,0,0,0,23,23,0,106,92,14,85,82,3,30,29,1,24,23,1,33,32,1,66,54,12,16,14,2,33.2427243,75.2391588
JAMMU & KASHMIR,Total,Ramban,Tempo/Autorickshaw/Taxi,520,478,42,0,0,0,16,11,5,178,161,17,164,151,13,46,42,4,22,21,1,30,29,1,44,44,0,20,19,1,33.2427243,75.2391588
JAMMU & KASHMIR,Total,Ramban,Bus,6444,6021,423,0,0,0,125,115,10,999,901,98,1069,988,81,825,771,54,439,412,27,713,673,40,2071,1970,101,203,191,12,33.2427243,75.2391588
JAMMU & KASHMIR,Total,Ramban,Train,217,210,7,0,0,0,8,7,1,13,13,0,32,30,2,7,7,0,4,4,0,4,4,0,129,127,2,20,18,2,33.2427243,75.2391588
JAMMU & KASHMIR,Total,Ramban,Water transport,14,14,0,0,0,0,2,2,0,1,1,0,1,1,0,2,2,0,2,2,0,0,0,0,6,6,0,0,0,0,33.2427243,75.2391588
JAMMU & KASHMIR,Total,Ramban,Any other,149,145,4,0,0,0,9,9,0,7,7,0,16,15,1,16,16,0,7,7,0,7,6,1,81,79,2,6,6,0,33.2427243,75.2391588
JAMMU & KASHMIR,Total,Ramban,No travel,14565,10774,3791,14565,10774,3791,0,0,0,0,0,0,0,0,0,0,0,0,0,0,0,0,0,0,0,0,0,0,0,0,33.2427243,75.2391588
JAMMU & KASHMIR,Rural,Ramban,All Modes,30324,24744,5580,12308,8617,3691,3025,2290,735,5866,5345,521,4601,4182,419,857,807,50,472,449,23,727,691,36,2234,2144,90,234,219,15,33.2427243,75.2391588
JAMMU & KASHMIR,Rural,Ramban,On foot,10664,9194,1470,0,0,0,2838,2122,716,4579,4166,413,3247,2906,341,0,0,0,0,0,0,0,0,0,0,0,0,0,0,0,33.2427243,75.2391588
JAMMU & KASHMIR,Rural,Ramban,Bicycle,120,104,16,0,0,0,24,17,7,37,32,5,24,22,2,9,9,0,26,24,2,0,0,0,0,0,0,0,0,0,33.2427243,75.2391588
JAMMU & KASHMIR,Rural,Ramban,Moped/Scooter/Motor Cycle,141,135,6,0,0,0,13,13,0,48,47,1,37,37,0,16,16,0,2,1,1,5,5,0,12,11,1,8,5,3,33.2427243,75.2391588
JAMMU & KASHMIR,Rural,Ramban,Car/Jeep/Van,299,273,26,0,0,0,12,12,0,82,73,9,80,77,3,26,25,1,16,15,1,25,24,1,48,38,10,10,9,1,33.2427243,75.2391588
JAMMU & KASHMIR,Rural,Ramban,Tempo/Autorickshaw/Taxi,477,448,29,0,0,0,12,7,5,155,147,8,157,148,9,45,41,4,20,19,1,28,27,1,42,42,0,18,17,1,33.2427243,75.2391588
JAMMU & KASHMIR,Rural,Ramban,Bus,5962,5631,331,0,0,0,110,104,6,945,860,85,1008,947,61,737,692,45,395,377,18,659,626,33,1934,1859,75,174,166,8,33.2427243,75.2391588
JAMMU & KASHMIR,Rural,Ramban,Train,206,199,7,0,0,0,7,6,1,12,12,0,32,30,2,6,6,0,4,4,0,4,4,0,122,120,2,19,17,2,33.2427243,75.2391588
JAMMU & KASHMIR,Rural,Ramban,Water transport,14,14,0,0,0,0,2,2,0,1,1,0,1,1,0,2,2,0,2,2,0,0,0,0,6,6,0,0,0,0,33.2427243,75.2391588
JAMMU & KASHMIR,Rural,Ramban,Any other,133,129,4,0,0,0,7,7,0,7,7,0,15,14,1,16,16,0,7,7,0,6,5,1,70,68,2,5,5,0,33.2427243,75.2391588
JAMMU & KASHMIR,Rural,Ramban,No travel,12308,8617,3691,12308,8617,3691,0,0,0,0,0,0,0,0,0,0,0,0,0,0,0,0,0,0,0,0,0,0,0,0,33.2427243,75.2391588
JAMMU & KASHMIR,Urban,Ramban,All Modes,4146,3784,362,2257,2157,100,865,771,94,378,316,62,209,163,46,96,87,9,60,50,10,65,58,7,175,147,28,41,35,6,33.2427243,75.2391588
JAMMU & KASHMIR,Urban,Ramban,On foot,1197,1054,143,0,0,0,813,723,90,253,220,33,131,111,20,0,0,0,0,0,0,0,0,0,0,0,0,0,0,0,33.2427243,75.2391588
JAMMU & KASHMIR,Urban,Ramban,Bicycle,12,9,3,0,0,0,3,3,0,5,3,2,0,0,0,0,0,0,4,3,1,0,0,0,0,0,0,0,0,0,33.2427243,75.2391588
JAMMU & KASHMIR,Urban,Ramban,Moped/Scooter/Motor Cycle,44,41,3,0,0,0,16,16,0,18,18,0,4,2,2,2,2,0,2,2,0,0,0,0,0,0,0,2,1,1,33.2427243,75.2391588
JAMMU & KASHMIR,Urban,Ramban,Car/Jeep/Van,84,76,8,0,0,0,11,11,0,24,19,5,5,5,0,4,4,0,8,8,0,8,8,0,18,16,2,6,5,1,33.2427243,75.2391588
JAMMU & KASHMIR,Urban,Ramban,Tempo/Autorickshaw/Taxi,43,30,13,0,0,0,4,4,0,23,14,9,7,3,4,1,1,0,2,2,0,2,2,0,2,2,0,2,2,0,33.2427243,75.2391588
JAMMU & KASHMIR,Urban,Ramban,Bus,482,390,92,0,0,0,15,11,4,54,41,13,61,41,20,88,79,9,44,35,9,54,47,7,137,111,26,29,25,4,33.2427243,75.2391588
JAMMU & KASHMIR,Urban,Ramban,Train,11,11,0,0,0,0,1,1,0,1,1,0,0,0,0,1,1,0,0,0,0,0,0,0,7,7,0,1,1,0,33.2427243,75.2391588
JAMMU & KASHMIR,Urban,Ramban,Water transport,0,0,0,0,0,0,0,0,0,0,0,0,0,0,0,0,0,0,0,0,0,0,0,0,0,0,0,0,0,0,33.2427243,75.2391588
JAMMU & KASHMIR,Urban,Ramban,Any other,16,16,0,0,0,0,2,2,0,0,0,0,1,1,0,0,0,0,0,0,0,1,1,0,11,11,0,1,1,0,33.2427243,75.2391588
JAMMU & KASHMIR,Urban,Ramban,No travel,2257,2157,100,2257,2157,100,0,0,0,0,0,0,0,0,0,0,0,0,0,0,0,0,0,0,0,0,0,0,0,0,33.2427243,75.2391588
KARNATAKA,Total,Dakshina Kannada,All Modes,746430,558068,188362,167180,99418,67762,119867,84103,35764,177438,138048,39390,135295,110932,24363,77879,65825,12054,32977,28524,4453,19673,17289,2384,13760,11857,1903,2361,2072,289,12.8437814,75.2479061
KARNATAKA,Total,Dakshina Kannada,On foot,174098,122641,51457,0,0,0,94377,62884,31493,62647,46482,16165,17074,13275,3799,0,0,0,0,0,0,0,0,0,0,0,0,0,0,0,12.8437814,75.2479061
KARNATAKA,Total,Dakshina Kannada,Bicycle,15119,14151,968,0,0,0,1871,1720,151,6559,6162,397,3853,3622,231,1684,1578,106,1152,1069,83,0,0,0,0,0,0,0,0,0,12.8437814,75.2479061
KARNATAKA,Total,Dakshina Kannada,Moped/Scooter/Motor Cycle,63763,58964,4799,0,0,0,7651,6970,681,25407,22959,2448,17269,16139,1130,8601,8228,373,2696,2614,82,1213,1177,36,527,507,20,399,370,29,12.8437814,75.2479061
KARNATAKA,Total,Dakshina Kannada,Car/Jeep/Van,33583,29424,4159,0,0,0,3197,2701,496,11313,9564,1749,8560,7528,1032,5492,4947,545,2296,2149,147,1546,1435,111,897,839,58,282,261,21,12.8437814,75.2479061
KARNATAKA,Total,Dakshina Kannada,Tempo/Autorickshaw/Taxi,27220,24004,3216,0,0,0,2427,2129,298,11880,10047,1833,7209,6592,617,2820,2655,165,1380,1215,165,846,743,103,337,318,19,321,305,16,12.8437814,75.2479061
KARNATAKA,Total,Dakshina Kannada,Bus,256536,201417,55119,0,0,0,8897,6429,2468,57129,40656,16473,80298,62830,17468,58438,47623,10815,25049,21093,3956,15461,13371,2090,10538,8854,1684,726,561,165,12.8437814,75.2479061
KARNATAKA,Total,Dakshina Kannada,Train,2151,1865,286,0,0,0,155,108,47,296,248,48,221,194,27,174,154,20,115,104,11,235,206,29,885,791,94,70,60,10,12.8437814,75.2479061
KARNATAKA,Total,Dakshina Kannada,Water transport,3367,2999,368,0,0,0,928,829,99,1613,1390,223,315,297,18,289,274,15,35,33,2,35,34,1,61,59,2,91,83,8,12.8437814,75.2479061
KARNATAKA,Total,Dakshina Kannada,Any other,3413,3185,228,0,0,0,364,333,31,594,540,54,496,455,41,381,366,15,254,247,7,337,323,14,515,489,26,472,432,40,12.8437814,75.2479061
KARNATAKA,Total,Dakshina Kannada,No travel,167180,99418,67762,167180,99418,67762,0,0,0,0,0,0,0,0,0,0,0,0,0,0,0,0,0,0,0,0,0,0,0,0,12.8437814,75.2479061
KARNATAKA,Rural,Dakshina Kannada,All Modes,383472,285493,97979,108311,65960,42351,67540,46298,21242,79945,63067,16878,55082,46653,8429,31723,27476,4247,18037,15807,2230,13142,11788,1354,9055,7893,1162,637,551,86,12.8437814,75.2479061
KARNATAKA,Rural,Dakshina Kannada,On foot,114095,81074,33021,0,0,0,59064,39243,19821,44180,33192,10988,10851,8639,2212,0,0,0,0,0,0,0,0,0,0,0,0,0,0,0,12.8437814,75.2479061
KARNATAKA,Rural,Dakshina Kannada,Bicycle,7602,7172,430,0,0,0,745,674,71,3344,3194,150,2002,1901,101,808,758,50,703,645,58,0,0,0,0,0,0,0,0,0,12.8437814,75.2479061
KARNATAKA,Rural,Dakshina Kannada,Moped/Scooter/Motor Cycle,20050,18949,1101,0,0,0,2006,1854,152,6509,6050,459,5549,5273,276,3375,3248,127,1456,1401,55,806,782,24,279,275,4,70,66,4,12.8437814,75.2479061
KARNATAKA,Rural,Dakshina Kannada,Car/Jeep/Van,12240,10720,1520,0,0,0,867,739,128,3008,2460,548,3440,3017,423,2324,2079,245,1184,1111,73,870,804,66,479,445,34,68,65,3,12.8437814,75.2479061
KARNATAKA,Rural,Dakshina Kannada,Tempo/Autorickshaw/Taxi,11920,10786,1134,0,0,0,869,784,85,4474,3909,565,3959,3590,369,1334,1264,70,561,547,14,412,401,11,187,180,7,124,111,13,12.8437814,75.2479061
KARNATAKA,Rural,Dakshina Kannada,Bus,106449,88254,18195,0,0,0,3749,2798,951,17986,13869,4117,28902,23883,5019,23609,19871,3738,13925,11902,2023,10720,9478,1242,7314,6265,1049,244,188,56,12.8437814,75.2479061
KARNATAKA,Rural,Dakshina Kannada,Train,967,852,115,0,0,0,83,60,23,178,152,26,91,83,8,70,64,6,43,41,2,76,73,3,409,365,44,17,14,3,12.8437814,75.2479061
KARNATAKA,Rural,Dakshina Kannada,Water transport,126,110,16,0,0,0,46,41,5,23,21,2,16,15,1,13,8,5,4,4,0,4,4,0,14,13,1,6,4,2,12.8437814,75.2479061
KARNATAKA,Rural,Dakshina Kannada,Any other,1712,1616,96,0,0,0,111,105,6,243,220,23,272,252,20,190,184,6,161,156,5,254,246,8,373,350,23,108,103,5,12.8437814,75.2479061
KARNATAKA,Rural,Dakshina Kannada,No travel,108311,65960,42351,108311,65960,42351,0,0,0,0,0,0,0,0,0,0,0,0,0,0,0,0,0,0,0,0,0,0,0,0,12.8437814,75.2479061
KARNATAKA,Urban,Dakshina Kannada,All Modes,362958,272575,90383,58869,33458,25411,52327,37805,14522,97493,74981,22512,80213,64279,15934,46156,38349,7807,14940,12717,2223,6531,5501,1030,4705,3964,741,1724,1521,203,12.8437814,75.2479061
KARNATAKA,Urban,Dakshina Kannada,On foot,60003,41567,18436,0,0,0,35313,23641,11672,18467,13290,5177,6223,4636,1587,0,0,0,0,0,0,0,0,0,0,0,0,0,0,0,12.8437814,75.2479061
KARNATAKA,Urban,Dakshina Kannada,Bicycle,7517,6979,538,0,0,0,1126,1046,80,3215,2968,247,1851,1721,130,876,820,56,449,424,25,0,0,0,0,0,0,0,0,0,12.8437814,75.2479061
KARNATAKA,Urban,Dakshina Kannada,Moped/Scooter/Motor Cycle,43713,40015,3698,0,0,0,5645,5116,529,18898,16909,1989,11720,10866,854,5226,4980,246,1240,1213,27,407,395,12,248,232,16,329,304,25,12.8437814,75.2479061
KARNATAKA,Urban,Dakshina Kannada,Car/Jeep/Van,21343,18704,2639,0,0,0,2330,1962,368,8305,7104,1201,5120,4511,609,3168,2868,300,1112,1038,74,676,631,45,418,394,24,214,196,18,12.8437814,75.2479061
KARNATAKA,Urban,Dakshina Kannada,Tempo/Autorickshaw/Taxi,15300,13218,2082,0,0,0,1558,1345,213,7406,6138,1268,3250,3002,248,1486,1391,95,819,668,151,434,342,92,150,138,12,197,194,3,12.8437814,75.2479061
KARNATAKA,Urban,Dakshina Kannada,Bus,150087,113163,36924,0,0,0,5148,3631,1517,39143,26787,12356,51396,38947,12449,34829,27752,7077,11124,9191,1933,4741,3893,848,3224,2589,635,482,373,109,12.8437814,75.2479061
KARNATAKA,Urban,Dakshina Kannada,Train,1184,1013,171,0,0,0,72,48,24,118,96,22,130,111,19,104,90,14,72,63,9,159,133,26,476,426,50,53,46,7,12.8437814,75.2479061
KARNATAKA,Urban,Dakshina Kannada,Water transport,3241,2889,352,0,0,0,882,788,94,1590,1369,221,299,282,17,276,266,10,31,29,2,31,30,1,47,46,1,85,79,6,12.8437814,75.2479061
KARNATAKA,Urban,Dakshina Kannada,Any other,1701,1569,132,0,0,0,253,228,25,351,320,31,224,203,21,191,182,9,93,91,2,83,77,6,142,139,3,364,329,35,12.8437814,75.2479061
KARNATAKA,Urban,Dakshina Kannada,No travel,58869,33458,25411,58869,33458,25411,0,0,0,0,0,0,0,0,0,0,0,0,0,0,0,0,0,0,0,0,0,0,0,0,12.8437814,75.2479061
MADHYA PRADESH,Total,Dhar,All Modes,189185,150136,39049,66597,47825,18772,41305,33198,8107,43308,36636,6672,19075,15885,3190,7169,6316,853,4133,3597,536,2868,2484,384,2748,2465,283,1982,1730,252,22.6012922,75.3024655
MADHYA PRADESH,Total,Dhar,On foot,58906,45240,13666,0,0,0,33086,25660,7426,17608,13407,4201,8212,6173,2039,0,0,0,0,0,0,0,0,0,0,0,0,0,0,0,22.6012922,75.3024655
MADHYA PRADESH,Total,Dhar,Bicycle,16695,15780,915,0,0,0,2388,2255,133,10443,9914,529,1860,1770,90,636,609,27,1368,1232,136,0,0,0,0,0,0,0,0,0,22.6012922,75.3024655
MADHYA PRADESH,Total,Dhar,Moped/Scooter/Motor Cycle,23232,21556,1676,0,0,0,4544,4199,345,9270,8492,778,3816,3585,231,2606,2475,131,896,850,46,739,708,31,349,325,24,1012,922,90,22.6012922,75.3024655
MADHYA PRADESH,Total,Dhar,Car/Jeep/Van,1568,1384,184,0,0,0,201,180,21,390,317,73,247,220,27,183,162,21,96,89,7,114,101,13,213,205,8,124,110,14,22.6012922,75.3024655
MADHYA PRADESH,Total,Dhar,Tempo/Autorickshaw/Taxi,2350,1954,396,0,0,0,160,129,31,1246,991,255,479,414,65,207,184,23,66,62,4,86,77,9,41,38,3,65,59,6,22.6012922,75.3024655
MADHYA PRADESH,Total,Dhar,Bus,18468,15159,3309,0,0,0,689,564,125,3998,3201,797,4307,3589,718,3424,2784,640,1658,1316,342,1857,1533,324,1882,1644,238,653,528,125,22.6012922,75.3024655
MADHYA PRADESH,Total,Dhar,Train,499,438,61,0,0,0,117,104,13,141,124,17,54,43,11,34,29,5,17,17,0,19,18,1,57,52,5,60,51,9,22.6012922,75.3024655
MADHYA PRADESH,Total,Dhar,Water transport,81,71,10,0,0,0,19,13,6,21,20,1,26,25,1,3,3,0,2,2,0,2,2,0,2,2,0,6,4,2,22.6012922,75.3024655
MADHYA PRADESH,Total,Dhar,Any other,789,729,60,0,0,0,101,94,7,191,170,21,74,66,8,76,70,6,30,29,1,51,45,6,204,199,5,62,56,6,22.6012922,75.3024655
MADHYA PRADESH,Total,Dhar,No travel,66597,47825,18772,66597,47825,18772,0,0,0,0,0,0,0,0,0,0,0,0,0,0,0,0,0,0,0,0,0,0,0,0,22.6012922,75.3024655
MADHYA PRADESH,Rural,Dhar,All Modes,71105,52514,18591,35975,24224,11751,10067,7398,2669,9234,7473,1761,7446,6035,1411,3605,3261,344,1713,1464,249,1125,971,154,1184,1049,135,756,639,117,22.6012922,75.3024655
MADHYA PRADESH,Rural,Dhar,On foot,14820,10208,4612,0,0,0,8626,6105,2521,3423,2278,1145,2771,1825,946,0,0,0,0,0,0,0,0,0,0,0,0,0,0,0,22.6012922,75.3024655
MADHYA PRADESH,Rural,Dhar,Bicycle,4210,3895,315,0,0,0,417,384,33,1970,1835,135,943,891,52,429,416,13,451,369,82,0,0,0,0,0,0,0,0,0,22.6012922,75.3024655
MADHYA PRADESH,Rural,Dhar,Moped/Scooter/Motor Cycle,7739,7248,491,0,0,0,708,659,49,2327,2141,186,1966,1865,101,1424,1354,70,429,409,20,323,313,10,184,172,12,378,335,43,22.6012922,75.3024655
MADHYA PRADESH,Rural,Dhar,Car/Jeep/Van,485,440,45,0,0,0,38,36,2,71,62,9,57,53,4,86,80,6,49,43,6,41,38,3,100,94,6,43,34,9,22.6012922,75.3024655
MADHYA PRADESH,Rural,Dhar,Tempo/Autorickshaw/Taxi,520,447,73,0,0,0,25,22,3,260,222,38,111,91,20,55,51,4,13,11,2,20,18,2,18,16,2,18,16,2,22.6012922,75.3024655
MADHYA PRADESH,Rural,Dhar,Bus,6773,5543,1230,0,0,0,194,146,48,1062,826,236,1513,1237,276,1544,1304,240,753,615,138,704,571,133,743,634,109,260,210,50,22.6012922,75.3024655
MADHYA PRADESH,Rural,Dhar,Train,202,171,31,0,0,0,27,22,5,40,37,3,35,27,8,21,16,5,6,6,0,12,11,1,32,31,1,29,21,8,22.6012922,75.3024655
MADHYA PRADESH,Rural,Dhar,Water transport,44,38,6,0,0,0,5,2,3,11,10,1,19,19,0,3,3,0,1,1,0,1,1,0,1,1,0,3,1,2,22.6012922,75.3024655
MADHYA PRADESH,Rural,Dhar,Any other,337,300,37,0,0,0,27,22,5,70,62,8,31,27,4,43,37,6,11,10,1,24,19,5,106,101,5,25,22,3,22.6012922,75.3024655
MADHYA PRADESH,Rural,Dhar,No travel,35975,24224,11751,35975,24224,11751,0,0,0,0,0,0,0,0,0,0,0,0,0,0,0,0,0,0,0,0,0,0,0,0,22.6012922,75.3024655
MADHYA PRADESH,Urban,Dhar,All Modes,118080,97622,20458,30622,23601,7021,31238,25800,5438,34074,29163,4911,11629,9850,1779,3564,3055,509,2420,2133,287,1743,1513,230,1564,1416,148,1226,1091,135,22.6012922,75.3024655
MADHYA PRADESH,Urban,Dhar,On foot,44086,35032,9054,0,0,0,24460,19555,4905,14185,11129,3056,5441,4348,1093,0,0,0,0,0,0,0,0,0,0,0,0,0,0,0,22.6012922,75.3024655
MADHYA PRADESH,Urban,Dhar,Bicycle,12485,11885,600,0,0,0,1971,1871,100,8473,8079,394,917,879,38,207,193,14,917,863,54,0,0,0,0,0,0,0,0,0,22.6012922,75.3024655
MADHYA PRADESH,Urban,Dhar,Moped/Scooter/Motor Cycle,15493,14308,1185,0,0,0,3836,3540,296,6943,6351,592,1850,1720,130,1182,1121,61,467,441,26,416,395,21,165,153,12,634,587,47,22.6012922,75.3024655
MADHYA PRADESH,Urban,Dhar,Car/Jeep/Van,1083,944,139,0,0,0,163,144,19,319,255,64,190,167,23,97,82,15,47,46,1,73,63,10,113,111,2,81,76,5,22.6012922,75.3024655
MADHYA PRADESH,Urban,Dhar,Tempo/Autorickshaw/Taxi,1830,1507,323,0,0,0,135,107,28,986,769,217,368,323,45,152,133,19,53,51,2,66,59,7,23,22,1,47,43,4,22.6012922,75.3024655
MADHYA PRADESH,Urban,Dhar,Bus,11695,9616,2079,0,0,0,495,418,77,2936,2375,561,2794,2352,442,1880,1480,400,905,701,204,1153,962,191,1139,1010,129,393,318,75,22.6012922,75.3024655
MADHYA PRADESH,Urban,Dhar,Train,297,267,30,0,0,0,90,82,8,101,87,14,19,16,3,13,13,0,11,11,0,7,7,0,25,21,4,31,30,1,22.6012922,75.3024655
MADHYA PRADESH,Urban,Dhar,Water transport,37,33,4,0,0,0,14,11,3,10,10,0,7,6,1,0,0,0,1,1,0,1,1,0,1,1,0,3,3,0,22.6012922,75.3024655
MADHYA PRADESH,Urban,Dhar,Any other,452,429,23,0,0,0,74,72,2,121,108,13,43,39,4,33,33,0,19,19,0,27,26,1,98,98,0,37,34,3,22.6012922,75.3024655
MADHYA PRADESH,Urban,Dhar,No travel,30622,23601,7021,30622,23601,7021,0,0,0,0,0,0,0,0,0,0,0,0,0,0,0,0,0,0,0,0,0,0,0,0,22.6012922,75.3024655
MAHARASHTRA,Total,Aurangabad,All Modes,595898,485169,110729,130576,92260,38316,93514,73865,19649,173425,145326,28099,97284,83302,13982,44388,39808,4580,21343,19347,1996,11179,9824,1355,9859,8797,1062,14330,12640,1690,19.8761653,75.3433139
MAHARASHTRA,Total,Aurangabad,On foot,168872,129871,39001,0,0,0,69801,52897,16904,68498,53011,15487,30573,23963,6610,0,0,0,0,0,0,0,0,0,0,0,0,0,0,0,19.8761653,75.3433139
MAHARASHTRA,Total,Aurangabad,Bicycle,47547,45561,1986,0,0,0,4361,4107,254,25860,24826,1034,10269,9898,371,2888,2777,111,4169,3953,216,0,0,0,0,0,0,0,0,0,19.8761653,75.3433139
MAHARASHTRA,Total,Aurangabad,Moped/Scooter/Motor Cycle,134286,121738,12548,0,0,0,13969,12487,1482,52562,46852,5710,32078,29179,2899,17765,16543,1222,6173,5839,334,3905,3678,227,1389,1308,81,6445,5852,593,19.8761653,75.3433139
MAHARASHTRA,Total,Aurangabad,Car/Jeep/Van,17488,15340,2148,0,0,0,1440,1222,218,4483,3826,657,3122,2692,430,3543,3165,378,1562,1408,154,1164,1036,128,997,924,73,1177,1067,110,19.8761653,75.3433139
MAHARASHTRA,Total,Aurangabad,Tempo/Autorickshaw/Taxi,46609,38136,8473,0,0,0,2477,1991,486,15830,11940,3890,13271,11002,2269,7404,6411,993,2508,2251,257,1538,1401,137,869,825,44,2712,2315,397,19.8761653,75.3433139
MAHARASHTRA,Total,Aurangabad,Bus,41961,34848,7113,0,0,0,892,690,202,4663,3613,1050,6829,5568,1261,11874,10102,1772,6498,5501,997,3838,3069,769,4610,3964,646,2757,2341,416,19.8761653,75.3433139
MAHARASHTRA,Total,Aurangabad,Train,4110,3587,523,0,0,0,265,211,54,389,332,57,203,171,32,178,159,19,167,146,21,446,383,63,1682,1497,185,780,688,92,19.8761653,75.3433139
MAHARASHTRA,Total,Aurangabad,Water transport,239,192,47,0,0,0,45,32,13,41,30,11,42,38,4,29,27,2,9,8,1,12,10,2,13,10,3,48,37,11,19.8761653,75.3433139
MAHARASHTRA,Total,Aurangabad,Any other,4210,3636,574,0,0,0,264,228,36,1099,896,203,897,791,106,707,624,83,257,241,16,276,247,29,299,269,30,411,340,71,19.8761653,75.3433139
MAHARASHTRA,Total,Aurangabad,No travel,130576,92260,38316,130576,92260,38316,0,0,0,0,0,0,0,0,0,0,0,0,0,0,0,0,0,0,0,0,0,0,0,0,19.8761653,75.3433139
MAHARASHTRA,Rural,Aurangabad,All Modes,122269,97400,24869,44939,31887,13052,18407,14501,3906,23305,19307,3998,15636,13214,2422,8087,7552,535,4445,4144,301,3181,2953,228,1907,1754,153,2362,2088,274,19.8761653,75.3433139
MAHARASHTRA,Rural,Aurangabad,On foot,32245,23993,8252,0,0,0,15640,11953,3687,10680,7822,2858,5925,4218,1707,0,0,0,0,0,0,0,0,0,0,0,0,0,0,0,19.8761653,75.3433139
MAHARASHTRA,Rural,Aurangabad,Bicycle,7505,7162,343,0,0,0,702,657,45,3968,3796,172,1527,1467,60,558,540,18,750,702,48,0,0,0,0,0,0,0,0,0,19.8761653,75.3433139
MAHARASHTRA,Rural,Aurangabad,Moped/Scooter/Motor Cycle,18690,17812,878,0,0,0,1414,1341,73,5019,4720,299,4391,4177,214,3855,3732,123,1658,1596,62,1081,1044,37,328,316,12,944,886,58,19.8761653,75.3433139
MAHARASHTRA,Rural,Aurangabad,Car/Jeep/Van,2466,2244,222,0,0,0,116,107,9,345,299,46,437,394,43,542,494,48,322,296,26,323,305,18,182,167,15,199,182,17,19.8761653,75.3433139
MAHARASHTRA,Rural,Aurangabad,Tempo/Autorickshaw/Taxi,8080,7146,934,0,0,0,284,253,31,2393,1967,426,2139,1911,228,1453,1331,122,637,607,30,470,445,25,232,229,3,472,403,69,19.8761653,75.3433139
MAHARASHTRA,Rural,Aurangabad,Bus,5801,5017,784,0,0,0,108,78,30,456,378,78,863,745,118,1259,1085,174,893,770,123,1009,892,117,801,717,84,412,352,60,19.8761653,75.3433139
MAHARASHTRA,Rural,Aurangabad,Train,638,558,80,0,0,0,52,40,12,64,53,11,38,30,8,34,30,4,36,34,2,108,98,10,179,164,15,127,109,18,19.8761653,75.3433139
MAHARASHTRA,Rural,Aurangabad,Water transport,59,46,13,0,0,0,12,10,2,15,9,6,4,4,0,4,4,0,2,2,0,5,4,1,2,2,0,15,11,4,19.8761653,75.3433139
MAHARASHTRA,Rural,Aurangabad,Any other,1846,1535,311,0,0,0,79,62,17,365,263,102,312,268,44,382,336,46,147,137,10,185,165,20,183,159,24,193,145,48,19.8761653,75.3433139
MAHARASHTRA,Rural,Aurangabad,No travel,44939,31887,13052,44939,31887,13052,0,0,0,0,0,0,0,0,0,0,0,0,0,0,0,0,0,0,0,0,0,0,0,0,19.8761653,75.3433139
MAHARASHTRA,Urban,Aurangabad,All Modes,473629,387769,85860,85637,60373,25264,75107,59364,15743,150120,126019,24101,81648,70088,11560,36301,32256,4045,16898,15203,1695,7998,6871,1127,7952,7043,909,11968,10552,1416,19.8761653,75.3433139
MAHARASHTRA,Urban,Aurangabad,On foot,136627,105878,30749,0,0,0,54161,40944,13217,57818,45189,12629,24648,19745,4903,0,0,0,0,0,0,0,0,0,0,0,0,0,0,0,19.8761653,75.3433139
MAHARASHTRA,Urban,Aurangabad,Bicycle,40042,38399,1643,0,0,0,3659,3450,209,21892,21030,862,8742,8431,311,2330,2237,93,3419,3251,168,0,0,0,0,0,0,0,0,0,19.8761653,75.3433139
MAHARASHTRA,Urban,Aurangabad,Moped/Scooter/Motor Cycle,115596,103926,11670,0,0,0,12555,11146,1409,47543,42132,5411,27687,25002,2685,13910,12811,1099,4515,4243,272,2824,2634,190,1061,992,69,5501,4966,535,19.8761653,75.3433139
MAHARASHTRA,Urban,Aurangabad,Car/Jeep/Van,15022,13096,1926,0,0,0,1324,1115,209,4138,3527,611,2685,2298,387,3001,2671,330,1240,1112,128,841,731,110,815,757,58,978,885,93,19.8761653,75.3433139
MAHARASHTRA,Urban,Aurangabad,Tempo/Autorickshaw/Taxi,38529,30990,7539,0,0,0,2193,1738,455,13437,9973,3464,11132,9091,2041,5951,5080,871,1871,1644,227,1068,956,112,637,596,41,2240,1912,328,19.8761653,75.3433139
MAHARASHTRA,Urban,Aurangabad,Bus,36160,29831,6329,0,0,0,784,612,172,4207,3235,972,5966,4823,1143,10615,9017,1598,5605,4731,874,2829,2177,652,3809,3247,562,2345,1989,356,19.8761653,75.3433139
MAHARASHTRA,Urban,Aurangabad,Train,3472,3029,443,0,0,0,213,171,42,325,279,46,165,141,24,144,129,15,131,112,19,338,285,53,1503,1333,170,653,579,74,19.8761653,75.3433139
MAHARASHTRA,Urban,Aurangabad,Water transport,180,146,34,0,0,0,33,22,11,26,21,5,38,34,4,25,23,2,7,6,1,7,6,1,11,8,3,33,26,7,19.8761653,75.3433139
MAHARASHTRA,Urban,Aurangabad,Any other,2364,2101,263,0,0,0,185,166,19,734,633,101,585,523,62,325,288,37,110,104,6,91,82,9,116,110,6,218,195,23,19.8761653,75.3433139
MAHARASHTRA,Urban,Aurangabad,No travel,85637,60373,25264,85637,60373,25264,0,0,0,0,0,0,0,0,0,0,0,0,0,0,0,0,0,0,0,0,0,0,0,0,19.8761653,75.3433139
KERALA,Total,Kannur,All Modes,691704,524342,167362,157974,108865,49109,124876,89968,34908,174540,134684,39856,128051,103312,24739,54267,43513,10754,17604,14438,3166,11642,9602,2040,14455,12679,1776,8295,7281,1014,11.8744775,75.3703662
KERALA,Total,Kannur,On foot,192626,135611,57015,0,0,0,108268,75506,32762,62153,43564,18589,22205,16541,5664,0,0,0,0,0,0,0,0,0,0,0,0,0,0,0,11.8744775,75.3703662
KERALA,Total,Kannur,Bicycle,8470,8108,362,0,0,0,1211,1155,56,4654,4504,150,1625,1550,75,430,398,32,550,501,49,0,0,0,0,0,0,0,0,0,11.8744775,75.3703662
KERALA,Total,Kannur,Moped/Scooter/Motor Cycle,35776,34180,1596,0,0,0,3672,3497,175,15478,14692,786,9779,9378,401,4332,4175,157,979,952,27,432,419,13,176,170,6,928,897,31,11.8744775,75.3703662
KERALA,Total,Kannur,Car/Jeep/Van,19578,17327,2251,0,0,0,2260,1980,280,7304,6348,956,4784,4244,540,2647,2382,265,965,876,89,605,572,33,403,372,31,610,553,57,11.8744775,75.3703662
KERALA,Total,Kannur,Tempo/Autorickshaw/Taxi,18275,17094,1181,0,0,0,2727,2608,119,8355,7618,737,4246,4050,196,1381,1306,75,448,417,31,236,228,8,166,162,4,716,705,11,11.8744775,75.3703662
KERALA,Total,Kannur,Bus,242349,188607,53742,0,0,0,6024,4572,1452,75467,56945,18522,84420,66650,17770,44428,34378,10050,13464,10696,2768,8390,6767,1623,6101,5292,809,4055,3307,748,11.8744775,75.3703662
KERALA,Total,Kannur,Train,12853,10912,1941,0,0,0,255,213,42,372,300,72,431,363,68,734,569,165,1033,833,200,1811,1453,358,7288,6377,911,929,804,125,11.8744775,75.3703662
KERALA,Total,Kannur,Water transport,867,823,44,0,0,0,96,92,4,271,257,14,167,155,12,72,66,6,62,62,0,37,35,2,78,75,3,84,81,3,11.8744775,75.3703662
KERALA,Total,Kannur,Any other,2936,2815,121,0,0,0,363,345,18,486,456,30,394,381,13,243,239,4,103,101,2,131,128,3,243,231,12,973,934,39,11.8744775,75.3703662
KERALA,Total,Kannur,No travel,157974,108865,49109,157974,108865,49109,0,0,0,0,0,0,0,0,0,0,0,0,0,0,0,0,0,0,0,0,0,0,0,0,11.8744775,75.3703662
KERALA,Rural,Kannur,All Modes,233455,174492,58963,64764,44207,20557,47183,33747,13436,53689,41129,12560,34080,27692,6388,15127,12247,2880,6324,5135,1189,5832,4834,998,4958,4201,757,1498,1300,198,11.8744775,75.3703662
KERALA,Rural,Kannur,On foot,74814,52768,22046,0,0,0,43174,30282,12892,24846,17482,7364,6794,5004,1790,0,0,0,0,0,0,0,0,0,0,0,0,0,0,0,11.8744775,75.3703662
KERALA,Rural,Kannur,Bicycle,1640,1536,104,0,0,0,180,160,20,865,825,40,347,334,13,125,112,13,123,105,18,0,0,0,0,0,0,0,0,0,11.8744775,75.3703662
KERALA,Rural,Kannur,Moped/Scooter/Motor Cycle,7896,7546,350,0,0,0,652,625,27,3183,3014,169,2137,2047,90,1162,1122,40,356,345,11,196,190,6,71,70,1,139,133,6,11.8744775,75.3703662
KERALA,Rural,Kannur,Car/Jeep/Van,5259,4739,520,0,0,0,594,540,54,2100,1868,232,1203,1097,106,628,561,67,267,248,19,249,230,19,121,108,13,97,87,10,11.8744775,75.3703662
KERALA,Rural,Kannur,Tempo/Autorickshaw/Taxi,5563,5264,299,0,0,0,779,750,29,2770,2601,169,1168,1110,58,421,398,23,150,138,12,98,94,4,59,57,2,118,116,2,11.8744775,75.3703662
KERALA,Rural,Kannur,Bus,69876,55263,14613,0,0,0,1648,1252,396,19597,15047,4550,22179,17866,4313,12613,9898,2715,5291,4177,1114,4956,4040,916,2881,2401,480,711,582,129,11.8744775,75.3703662
KERALA,Rural,Kannur,Train,2596,2171,425,0,0,0,56,41,15,102,79,23,86,74,12,80,60,20,88,74,14,263,211,52,1730,1476,254,191,156,35,11.8744775,75.3703662
KERALA,Rural,Kannur,Water transport,183,171,12,0,0,0,32,31,1,75,69,6,31,29,2,9,9,0,4,4,0,4,4,0,13,11,2,15,14,1,11.8744775,75.3703662
KERALA,Rural,Kannur,Any other,864,827,37,0,0,0,68,66,2,151,144,7,135,131,4,89,87,2,45,44,1,66,65,1,83,78,5,227,212,15,11.8744775,75.3703662
KERALA,Rural,Kannur,No travel,64764,44207,20557,64764,44207,20557,0,0,0,0,0,0,0,0,0,0,0,0,0,0,0,0,0,0,0,0,0,0,0,0,11.8744775,75.3703662
KERALA,Urban,Kannur,All Modes,458249,349850,108399,93210,64658,28552,77693,56221,21472,120851,93555,27296,93971,75620,18351,39140,31266,7874,11280,9303,1977,5810,4768,1042,9497,8478,1019,6797,5981,816,11.8744775,75.3703662
KERALA,Urban,Kannur,On foot,117812,82843,34969,0,0,0,65094,45224,19870,37307,26082,11225,15411,11537,3874,0,0,0,0,0,0,0,0,0,0,0,0,0,0,0,11.8744775,75.3703662
KERALA,Urban,Kannur,Bicycle,6830,6572,258,0,0,0,1031,995,36,3789,3679,110,1278,1216,62,305,286,19,427,396,31,0,0,0,0,0,0,0,0,0,11.8744775,75.3703662
KERALA,Urban,Kannur,Moped/Scooter/Motor Cycle,27880,26634,1246,0,0,0,3020,2872,148,12295,11678,617,7642,7331,311,3170,3053,117,623,607,16,236,229,7,105,100,5,789,764,25,11.8744775,75.3703662
KERALA,Urban,Kannur,Car/Jeep/Van,14319,12588,1731,0,0,0,1666,1440,226,5204,4480,724,3581,3147,434,2019,1821,198,698,628,70,356,342,14,282,264,18,513,466,47,11.8744775,75.3703662
KERALA,Urban,Kannur,Tempo/Autorickshaw/Taxi,12712,11830,882,0,0,0,1948,1858,90,5585,5017,568,3078,2940,138,960,908,52,298,279,19,138,134,4,107,105,2,598,589,9,11.8744775,75.3703662
KERALA,Urban,Kannur,Bus,172473,133344,39129,0,0,0,4376,3320,1056,55870,41898,13972,62241,48784,13457,31815,24480,7335,8173,6519,1654,3434,2727,707,3220,2891,329,3344,2725,619,11.8744775,75.3703662
KERALA,Urban,Kannur,Train,10257,8741,1516,0,0,0,199,172,27,270,221,49,345,289,56,654,509,145,945,759,186,1548,1242,306,5558,4901,657,738,648,90,11.8744775,75.3703662
KERALA,Urban,Kannur,Water transport,684,652,32,0,0,0,64,61,3,196,188,8,136,126,10,63,57,6,58,58,0,33,31,2,65,64,1,69,67,2,11.8744775,75.3703662
KERALA,Urban,Kannur,Any other,2072,1988,84,0,0,0,295,279,16,335,312,23,259,250,9,154,152,2,58,57,1,65,63,2,160,153,7,746,722,24,11.8744775,75.3703662
KERALA,Urban,Kannur,No travel,93210,64658,28552,93210,64658,28552,0,0,0,0,0,0,0,0,0,0,0,0,0,0,0,0,0,0,0,0,0,0,0,0,11.8744775,75.3703662
PUNJAB,Total,Mansa,All Modes,118740,80839,37901,53794,27073,26721,21751,17170,4581,19235,16261,2974,11455,9481,1974,4485,3817,668,2976,2636,340,1304,1132,172,1794,1583,211,1946,1686,260,29.9995069,75.3936808
PUNJAB,Total,Mansa,On foot,25535,18572,6963,0,0,0,14589,10561,4028,6109,4444,1665,4837,3567,1270,0,0,0,0,0,0,0,0,0,0,0,0,0,0,0,29.9995069,75.3936808
PUNJAB,Total,Mansa,Bicycle,14790,14029,761,0,0,0,3138,2955,183,7035,6697,338,2322,2241,81,773,748,25,1522,1388,134,0,0,0,0,0,0,0,0,0,29.9995069,75.3936808
PUNJAB,Total,Mansa,Moped/Scooter/Motor Cycle,12458,11604,854,0,0,0,3294,3112,182,4039,3697,342,1910,1767,143,1414,1330,84,361,345,16,235,227,8,176,164,12,1029,962,67,29.9995069,75.3936808
PUNJAB,Total,Mansa,Car/Jeep/Van,1724,1339,385,0,0,0,229,182,47,410,284,126,308,233,75,256,201,55,106,96,10,131,110,21,139,121,18,145,112,33,29.9995069,75.3936808
PUNJAB,Total,Mansa,Tempo/Autorickshaw/Taxi,506,418,88,0,0,0,71,55,16,180,144,36,77,65,12,41,39,2,18,16,2,22,22,0,23,23,0,74,54,20,29.9995069,75.3936808
PUNJAB,Total,Mansa,Bus,7793,6003,1790,0,0,0,183,117,66,844,564,280,1717,1341,376,1816,1324,492,900,726,174,834,695,139,1033,878,155,466,358,108,29.9995069,75.3936808
PUNJAB,Total,Mansa,Train,734,644,90,0,0,0,61,42,19,59,45,14,36,30,6,71,64,7,33,29,4,58,54,4,299,280,19,117,100,17,29.9995069,75.3936808
PUNJAB,Total,Mansa,Water transport,66,45,21,0,0,0,16,5,11,9,8,1,6,3,3,3,2,1,6,6,0,3,3,0,10,8,2,13,10,3,29.9995069,75.3936808
PUNJAB,Total,Mansa,Any other,1340,1112,228,0,0,0,170,141,29,550,378,172,242,234,8,111,109,2,30,30,0,21,21,0,114,109,5,102,90,12,29.9995069,75.3936808
PUNJAB,Total,Mansa,No travel,53794,27073,26721,53794,27073,26721,0,0,0,0,0,0,0,0,0,0,0,0,0,0,0,0,0,0,0,0,0,0,0,0,29.9995069,75.3936808
PUNJAB,Rural,Mansa,All Modes,70470,41708,28762,39401,17003,22398,9118,6190,2928,8643,6946,1697,6623,5564,1059,2727,2475,252,1611,1453,158,666,595,71,967,876,91,714,606,108,29.9995069,75.3936808
PUNJAB,Rural,Mansa,On foot,12096,7700,4396,0,0,0,7378,4698,2680,2738,1722,1016,1980,1280,700,0,0,0,0,0,0,0,0,0,0,0,0,0,0,0,29.9995069,75.3936808
PUNJAB,Rural,Mansa,Bicycle,7735,7302,433,0,0,0,1000,903,97,3601,3417,184,1804,1742,62,558,542,16,772,698,74,0,0,0,0,0,0,0,0,0,29.9995069,75.3936808
PUNJAB,Rural,Mansa,Moped/Scooter/Motor Cycle,4418,4131,287,0,0,0,419,377,42,1170,1071,99,1215,1141,74,913,870,43,230,224,6,140,135,5,84,80,4,247,233,14,29.9995069,75.3936808
PUNJAB,Rural,Mansa,Car/Jeep/Van,791,627,164,0,0,0,74,58,16,160,113,47,197,148,49,144,120,24,35,35,0,63,53,10,60,54,6,58,46,12,29.9995069,75.3936808
PUNJAB,Rural,Mansa,Tempo/Autorickshaw/Taxi,213,187,26,0,0,0,20,16,4,53,47,6,43,40,3,27,26,1,8,6,2,9,9,0,12,12,0,41,31,10,29.9995069,75.3936808
PUNJAB,Rural,Mansa,Bus,4676,3894,782,0,0,0,92,59,33,572,401,171,1247,1086,161,972,809,163,532,458,74,424,369,55,567,496,71,270,216,54,29.9995069,75.3936808
PUNJAB,Rural,Mansa,Train,377,326,51,0,0,0,34,17,17,26,18,8,23,19,4,33,31,2,15,13,2,18,17,1,178,171,7,50,40,10,29.9995069,75.3936808
PUNJAB,Rural,Mansa,Water transport,46,30,16,0,0,0,14,3,11,7,7,0,5,3,2,3,2,1,2,2,0,1,1,0,7,6,1,7,6,1,29.9995069,75.3936808
PUNJAB,Rural,Mansa,Any other,717,508,209,0,0,0,87,59,28,316,150,166,109,105,4,77,75,2,17,17,0,11,11,0,59,57,2,41,34,7,29.9995069,75.3936808
PUNJAB,Rural,Mansa,No travel,39401,17003,22398,39401,17003,22398,0,0,0,0,0,0,0,0,0,0,0,0,0,0,0,0,0,0,0,0,0,0,0,0,29.9995069,75.3936808
PUNJAB,Urban,Mansa,All Modes,48270,39131,9139,14393,10070,4323,12633,10980,1653,10592,9315,1277,4832,3917,915,1758,1342,416,1365,1183,182,638,537,101,827,707,120,1232,1080,152,29.9995069,75.3936808
PUNJAB,Urban,Mansa,On foot,13439,10872,2567,0,0,0,7211,5863,1348,3371,2722,649,2857,2287,570,0,0,0,0,0,0,0,0,0,0,0,0,0,0,0,29.9995069,75.3936808
PUNJAB,Urban,Mansa,Bicycle,7055,6727,328,0,0,0,2138,2052,86,3434,3280,154,518,499,19,215,206,9,750,690,60,0,0,0,0,0,0,0,0,0,29.9995069,75.3936808
PUNJAB,Urban,Mansa,Moped/Scooter/Motor Cycle,8040,7473,567,0,0,0,2875,2735,140,2869,2626,243,695,626,69,501,460,41,131,121,10,95,92,3,92,84,8,782,729,53,29.9995069,75.3936808
PUNJAB,Urban,Mansa,Car/Jeep/Van,933,712,221,0,0,0,155,124,31,250,171,79,111,85,26,112,81,31,71,61,10,68,57,11,79,67,12,87,66,21,29.9995069,75.3936808
PUNJAB,Urban,Mansa,Tempo/Autorickshaw/Taxi,293,231,62,0,0,0,51,39,12,127,97,30,34,25,9,14,13,1,10,10,0,13,13,0,11,11,0,33,23,10,29.9995069,75.3936808
PUNJAB,Urban,Mansa,Bus,3117,2109,1008,0,0,0,91,58,33,272,163,109,470,255,215,844,515,329,368,268,100,410,326,84,466,382,84,196,142,54,29.9995069,75.3936808
PUNJAB,Urban,Mansa,Train,357,318,39,0,0,0,27,25,2,33,27,6,13,11,2,38,33,5,18,16,2,40,37,3,121,109,12,67,60,7,29.9995069,75.3936808
PUNJAB,Urban,Mansa,Water transport,20,15,5,0,0,0,2,2,0,2,1,1,1,0,1,0,0,0,4,4,0,2,2,0,3,2,1,6,4,2,29.9995069,75.3936808
PUNJAB,Urban,Mansa,Any other,623,604,19,0,0,0,83,82,1,234,228,6,133,129,4,34,34,0,13,13,0,10,10,0,55,52,3,61,56,5,29.9995069,75.3936808
PUNJAB,Urban,Mansa,No travel,14393,10070,4323,14393,10070,4323,0,0,0,0,0,0,0,0,0,0,0,0,0,0,0,0,0,0,0,0,0,0,0,0,29.9995069,75.3936808
PUNJAB,Total,Kapurthala,All Modes,176665,144046,32619,51564,35790,15774,34868,28868,6000,45194,39618,5576,23799,21000,2799,8471,7463,1008,5903,5255,648,2444,2134,310,2132,1925,207,2290,1993,297,31.3714801,75.3936808
PUNJAB,Total,Kapurthala,On foot,37722,30020,7702,0,0,0,22889,18004,4885,7835,6109,1726,6998,5907,1091,0,0,0,0,0,0,0,0,0,0,0,0,0,0,0,31.3714801,75.3936808
PUNJAB,Total,Kapurthala,Bicycle,36191,34518,1673,0,0,0,5299,4990,309,18488,17591,897,7915,7648,267,1991,1928,63,2498,2361,137,0,0,0,0,0,0,0,0,0,31.3714801,75.3936808
PUNJAB,Total,Kapurthala,Moped/Scooter/Motor Cycle,33027,29228,3799,0,0,0,5644,5070,574,15325,13383,1942,5881,5156,725,3284,2974,310,927,879,48,425,400,25,290,261,29,1251,1105,146,31.3714801,75.3936808
PUNJAB,Total,Kapurthala,Car/Jeep/Van,3413,2967,446,0,0,0,434,368,66,1246,1055,191,477,416,61,435,382,53,271,245,26,179,164,15,181,171,10,190,166,24,31.3714801,75.3936808
PUNJAB,Total,Kapurthala,Tempo/Autorickshaw/Taxi,2238,1721,517,0,0,0,187,126,61,818,535,283,618,493,125,222,199,23,81,75,6,92,90,2,72,69,3,148,134,14,31.3714801,75.3936808
PUNJAB,Total,Kapurthala,Bus,9462,7074,2388,0,0,0,215,139,76,975,506,469,1554,1059,495,2256,1725,531,1862,1451,411,1280,1047,233,983,879,104,337,268,69,31.3714801,75.3936808
PUNJAB,Total,Kapurthala,Train,1687,1507,180,0,0,0,70,61,9,102,89,13,131,120,11,132,108,24,223,206,17,391,360,31,470,417,53,168,146,22,31.3714801,75.3936808
PUNJAB,Total,Kapurthala,Water transport,125,105,20,0,0,0,17,13,4,22,19,3,24,20,4,17,14,3,7,6,1,10,8,2,12,11,1,16,14,2,31.3714801,75.3936808
PUNJAB,Total,Kapurthala,Any other,1236,1116,120,0,0,0,113,97,16,383,331,52,201,181,20,134,133,1,34,32,2,67,65,2,124,117,7,180,160,20,31.3714801,75.3936808
PUNJAB,Total,Kapurthala,No travel,51564,35790,15774,51564,35790,15774,0,0,0,0,0,0,0,0,0,0,0,0,0,0,0,0,0,0,0,0,0,0,0,0,31.3714801,75.3936808
PUNJAB,Rural,Kapurthala,All Modes,84144,68097,16047,28256,19128,9128,11368,8808,2560,18344,16396,1948,14416,13023,1393,5727,5253,474,2794,2550,244,1213,1075,138,1074,1008,66,952,856,96,31.3714801,75.3936808
PUNJAB,Rural,Kapurthala,On foot,13503,10069,3434,0,0,0,8343,6030,2313,2862,2243,619,2298,1796,502,0,0,0,0,0,0,0,0,0,0,0,0,0,0,0,31.3714801,75.3936808
PUNJAB,Rural,Kapurthala,Bicycle,20983,20090,893,0,0,0,1877,1764,113,9463,9015,448,6621,6405,216,1686,1640,46,1336,1266,70,0,0,0,0,0,0,0,0,0,31.3714801,75.3936808
PUNJAB,Rural,Kapurthala,Moped/Scooter/Motor Cycle,13035,11876,1159,0,0,0,884,792,92,4712,4214,498,3721,3387,334,2282,2128,154,534,512,22,279,266,13,132,125,7,491,452,39,31.3714801,75.3936808
PUNJAB,Rural,Kapurthala,Car/Jeep/Van,974,864,110,0,0,0,72,64,8,239,200,39,210,184,26,170,152,18,62,59,3,68,60,8,73,72,1,80,73,7,31.3714801,75.3936808
PUNJAB,Rural,Kapurthala,Tempo/Autorickshaw/Taxi,1150,973,177,0,0,0,48,42,6,342,261,81,384,320,64,153,138,15,44,41,3,63,62,1,50,49,1,66,60,6,31.3714801,75.3936808
PUNJAB,Rural,Kapurthala,Bus,5050,4006,1044,0,0,0,77,57,20,556,312,244,995,753,242,1329,1096,233,745,606,139,656,551,105,531,494,37,161,137,24,31.3714801,75.3936808
PUNJAB,Rural,Kapurthala,Train,614,556,58,0,0,0,27,24,3,31,26,5,67,62,5,43,37,6,55,49,6,113,105,8,210,194,16,68,59,9,31.3714801,75.3936808
PUNJAB,Rural,Kapurthala,Water transport,60,53,7,0,0,0,5,3,2,8,7,1,19,18,1,12,11,1,2,2,0,3,2,1,4,4,0,7,6,1,31.3714801,75.3936808
PUNJAB,Rural,Kapurthala,Any other,519,482,37,0,0,0,35,32,3,131,118,13,101,98,3,52,51,1,16,15,1,31,29,2,74,70,4,79,69,10,31.3714801,75.3936808
PUNJAB,Rural,Kapurthala,No travel,28256,19128,9128,28256,19128,9128,0,0,0,0,0,0,0,0,0,0,0,0,0,0,0,0,0,0,0,0,0,0,0,0,31.3714801,75.3936808
PUNJAB,Urban,Kapurthala,All Modes,92521,75949,16572,23308,16662,6646,23500,20060,3440,26850,23222,3628,9383,7977,1406,2744,2210,534,3109,2705,404,1231,1059,172,1058,917,141,1338,1137,201,31.3714801,75.3936808
PUNJAB,Urban,Kapurthala,On foot,24219,19951,4268,0,0,0,14546,11974,2572,4973,3866,1107,4700,4111,589,0,0,0,0,0,0,0,0,0,0,0,0,0,0,0,31.3714801,75.3936808
PUNJAB,Urban,Kapurthala,Bicycle,15208,14428,780,0,0,0,3422,3226,196,9025,8576,449,1294,1243,51,305,288,17,1162,1095,67,0,0,0,0,0,0,0,0,0,31.3714801,75.3936808
PUNJAB,Urban,Kapurthala,Moped/Scooter/Motor Cycle,19992,17352,2640,0,0,0,4760,4278,482,10613,9169,1444,2160,1769,391,1002,846,156,393,367,26,146,134,12,158,136,22,760,653,107,31.3714801,75.3936808
PUNJAB,Urban,Kapurthala,Car/Jeep/Van,2439,2103,336,0,0,0,362,304,58,1007,855,152,267,232,35,265,230,35,209,186,23,111,104,7,108,99,9,110,93,17,31.3714801,75.3936808
PUNJAB,Urban,Kapurthala,Tempo/Autorickshaw/Taxi,1088,748,340,0,0,0,139,84,55,476,274,202,234,173,61,69,61,8,37,34,3,29,28,1,22,20,2,82,74,8,31.3714801,75.3936808
PUNJAB,Urban,Kapurthala,Bus,4412,3068,1344,0,0,0,138,82,56,419,194,225,559,306,253,927,629,298,1117,845,272,624,496,128,452,385,67,176,131,45,31.3714801,75.3936808
PUNJAB,Urban,Kapurthala,Train,1073,951,122,0,0,0,43,37,6,71,63,8,64,58,6,89,71,18,168,157,11,278,255,23,260,223,37,100,87,13,31.3714801,75.3936808
PUNJAB,Urban,Kapurthala,Water transport,65,52,13,0,0,0,12,10,2,14,12,2,5,2,3,5,3,2,5,4,1,7,6,1,8,7,1,9,8,1,31.3714801,75.3936808
PUNJAB,Urban,Kapurthala,Any other,717,634,83,0,0,0,78,65,13,252,213,39,100,83,17,82,82,0,18,17,1,36,36,0,50,47,3,101,91,10,31.3714801,75.3936808
PUNJAB,Urban,Kapurthala,No travel,23308,16662,6646,23308,16662,6646,0,0,0,0,0,0,0,0,0,0,0,0,0,0,0,0,0,0,0,0,0,0,0,0,31.3714801,75.3936808
KARNATAKA,Total,Haveri,All Modes,195531,155058,40473,81141,58017,23124,30408,24014,6394,31822,27352,4470,21794,18390,3404,11955,10572,1383,6493,5908,585,5596,5027,569,5298,4847,451,1024,931,93,14.7959027,75.3971254
KARNATAKA,Total,Haveri,On foot,45330,34726,10604,0,0,0,23448,17517,5931,14377,11446,2931,7505,5763,1742,0,0,0,0,0,0,0,0,0,0,0,0,0,0,0,14.7959027,75.3971254
KARNATAKA,Total,Haveri,Bicycle,11714,11433,281,0,0,0,2015,1958,57,5983,5869,114,2103,2060,43,765,745,20,848,801,47,0,0,0,0,0,0,0,0,0,14.7959027,75.3971254
KARNATAKA,Total,Haveri,Moped/Scooter/Motor Cycle,17078,16419,659,0,0,0,3530,3383,147,6108,5814,294,2954,2859,95,2298,2225,73,953,927,26,599,588,11,253,250,3,383,373,10,14.7959027,75.3971254
KARNATAKA,Total,Haveri,Car/Jeep/Van,2230,2053,177,0,0,0,341,304,37,403,360,43,380,332,48,297,281,16,182,174,8,278,268,10,278,270,8,71,64,7,14.7959027,75.3971254
KARNATAKA,Total,Haveri,Tempo/Autorickshaw/Taxi,8573,7400,1173,0,0,0,357,281,76,2163,1694,469,2518,2121,397,1565,1435,130,758,715,43,645,614,31,435,418,17,132,122,10,14.7959027,75.3971254
KARNATAKA,Total,Haveri,Bus,26194,21980,4214,0,0,0,535,410,125,2403,1821,582,5994,4935,1059,6743,5618,1125,3551,3103,448,3533,3053,480,3137,2790,347,298,250,48,14.7959027,75.3971254
KARNATAKA,Total,Haveri,Train,2113,1928,185,0,0,0,102,86,16,138,125,13,162,148,14,153,138,15,123,111,12,423,391,32,947,877,70,65,52,13,14.7959027,75.3971254
KARNATAKA,Total,Haveri,Water transport,71,62,9,0,0,0,14,12,2,10,8,2,10,9,1,5,5,0,1,1,0,9,8,1,14,13,1,8,6,2,14.7959027,75.3971254
KARNATAKA,Total,Haveri,Any other,1087,1040,47,0,0,0,66,63,3,237,215,22,168,163,5,129,125,4,77,76,1,109,105,4,234,229,5,67,64,3,14.7959027,75.3971254
KARNATAKA,Total,Haveri,No travel,81141,58017,23124,81141,58017,23124,0,0,0,0,0,0,0,0,0,0,0,0,0,0,0,0,0,0,0,0,0,0,0,0,14.7959027,75.3971254
KARNATAKA,Rural,Haveri,All Modes,97846,76572,21274,46449,32812,13637,9391,6979,2412,10143,8504,1639,12358,10512,1846,7976,7276,700,4278,3935,343,3663,3294,369,3223,2945,278,365,315,50,14.7959027,75.3971254
KARNATAKA,Rural,Haveri,On foot,15981,11767,4214,0,0,0,8066,5786,2280,4447,3414,1033,3468,2567,901,0,0,0,0,0,0,0,0,0,0,0,0,0,0,0,14.7959027,75.3971254
KARNATAKA,Rural,Haveri,Bicycle,4114,3993,121,0,0,0,369,351,18,1697,1656,41,1145,1123,22,493,477,16,410,386,24,0,0,0,0,0,0,0,0,0,14.7959027,75.3971254
KARNATAKA,Rural,Haveri,Moped/Scooter/Motor Cycle,5622,5430,192,0,0,0,363,346,17,1127,1066,61,1499,1451,48,1416,1375,41,631,618,13,390,382,8,127,125,2,69,67,2,14.7959027,75.3971254
KARNATAKA,Rural,Haveri,Car/Jeep/Van,1103,1009,94,0,0,0,66,54,12,156,131,25,257,218,39,185,176,9,121,117,4,162,159,3,133,132,1,23,22,1,14.7959027,75.3971254
KARNATAKA,Rural,Haveri,Tempo/Autorickshaw/Taxi,5484,4832,652,0,0,0,148,133,15,1008,842,166,1797,1491,306,1185,1104,81,585,549,36,483,455,28,229,216,13,49,42,7,14.7959027,75.3971254
KARNATAKA,Rural,Haveri,Bus,17039,14810,2229,0,0,0,305,248,57,1536,1232,304,3963,3445,518,4496,3952,544,2384,2129,255,2222,1915,307,1978,1760,218,155,129,26,14.7959027,75.3971254
KARNATAKA,Rural,Haveri,Train,1402,1294,108,0,0,0,42,32,10,71,66,5,125,115,10,114,107,7,81,71,10,332,313,19,607,569,38,30,21,9,14.7959027,75.3971254
KARNATAKA,Rural,Haveri,Water transport,37,31,6,0,0,0,4,3,1,5,4,1,6,6,0,5,5,0,1,1,0,6,5,1,6,5,1,4,2,2,14.7959027,75.3971254
KARNATAKA,Rural,Haveri,Any other,615,594,21,0,0,0,28,26,2,96,93,3,98,96,2,82,80,2,65,64,1,68,65,3,143,138,5,35,32,3,14.7959027,75.3971254
KARNATAKA,Rural,Haveri,No travel,46449,32812,13637,46449,32812,13637,0,0,0,0,0,0,0,0,0,0,0,0,0,0,0,0,0,0,0,0,0,0,0,0,14.7959027,75.3971254
KARNATAKA,Urban,Haveri,All Modes,97685,78486,19199,34692,25205,9487,21017,17035,3982,21679,18848,2831,9436,7878,1558,3979,3296,683,2215,1973,242,1933,1733,200,2075,1902,173,659,616,43,14.7959027,75.3971254
KARNATAKA,Urban,Haveri,On foot,29349,22959,6390,0,0,0,15382,11731,3651,9930,8032,1898,4037,3196,841,0,0,0,0,0,0,0,0,0,0,0,0,0,0,0,14.7959027,75.3971254
KARNATAKA,Urban,Haveri,Bicycle,7600,7440,160,0,0,0,1646,1607,39,4286,4213,73,958,937,21,272,268,4,438,415,23,0,0,0,0,0,0,0,0,0,14.7959027,75.3971254
KARNATAKA,Urban,Haveri,Moped/Scooter/Motor Cycle,11456,10989,467,0,0,0,3167,3037,130,4981,4748,233,1455,1408,47,882,850,32,322,309,13,209,206,3,126,125,1,314,306,8,14.7959027,75.3971254
KARNATAKA,Urban,Haveri,Car/Jeep/Van,1127,1044,83,0,0,0,275,250,25,247,229,18,123,114,9,112,105,7,61,57,4,116,109,7,145,138,7,48,42,6,14.7959027,75.3971254
KARNATAKA,Urban,Haveri,Tempo/Autorickshaw/Taxi,3089,2568,521,0,0,0,209,148,61,1155,852,303,721,630,91,380,331,49,173,166,7,162,159,3,206,202,4,83,80,3,14.7959027,75.3971254
KARNATAKA,Urban,Haveri,Bus,9155,7170,1985,0,0,0,230,162,68,867,589,278,2031,1490,541,2247,1666,581,1167,974,193,1311,1138,173,1159,1030,129,143,121,22,14.7959027,75.3971254
KARNATAKA,Urban,Haveri,Train,711,634,77,0,0,0,60,54,6,67,59,8,37,33,4,39,31,8,42,40,2,91,78,13,340,308,32,35,31,4,14.7959027,75.3971254
KARNATAKA,Urban,Haveri,Water transport,34,31,3,0,0,0,10,9,1,5,4,1,4,3,1,0,0,0,0,0,0,3,3,0,8,8,0,4,4,0,14.7959027,75.3971254
KARNATAKA,Urban,Haveri,Any other,472,446,26,0,0,0,38,37,1,141,122,19,70,67,3,47,45,2,12,12,0,41,40,1,91,91,0,32,32,0,14.7959027,75.3971254
KARNATAKA,Urban,Haveri,No travel,34692,25205,9487,34692,25205,9487,0,0,0,0,0,0,0,0,0,0,0,0,0,0,0,0,0,0,0,0,0,0,0,0,14.7959027,75.3971254
RAJASTHAN,Total,Jhunjhunun,All Modes,290607,238082,52525,91519,61103,30416,57511,48864,8647,67451,61218,6233,32519,29240,3279,16740,15025,1715,8636,7907,729,5379,4846,533,5357,4896,461,5495,4983,512,28.1288747,75.3995089
RAJASTHAN,Total,Jhunjhunun,On foot,91674,78533,13141,0,0,0,47286,39497,7789,33008,29105,3903,11380,9931,1449,0,0,0,0,0,0,0,0,0,0,0,0,0,0,0,28.1288747,75.3995089
RAJASTHAN,Total,Jhunjhunun,Bicycle,19364,18888,476,0,0,0,2803,2682,121,11928,11673,255,2616,2573,43,558,543,15,1459,1417,42,0,0,0,0,0,0,0,0,0,28.1288747,75.3995089
RAJASTHAN,Total,Jhunjhunun,Moped/Scooter/Motor Cycle,24025,22572,1453,0,0,0,3533,3317,216,9893,9328,565,4195,3911,284,3059,2895,164,1077,1012,65,556,524,32,283,260,23,1429,1325,104,28.1288747,75.3995089
RAJASTHAN,Total,Jhunjhunun,Car/Jeep/Van,5624,5207,417,0,0,0,890,807,83,1687,1539,148,1014,958,56,720,666,54,345,319,26,323,304,19,339,330,9,306,284,22,28.1288747,75.3995089
RAJASTHAN,Total,Jhunjhunun,Tempo/Autorickshaw/Taxi,6038,5389,649,0,0,0,551,463,88,2968,2598,370,1460,1343,117,524,496,28,113,112,1,65,62,3,57,49,8,300,266,34,28.1288747,75.3995089
RAJASTHAN,Total,Jhunjhunun,Bus,48719,42951,5768,0,0,0,1890,1599,291,7181,6226,955,11382,10072,1310,11554,10113,1441,5449,4860,589,4222,3751,471,3895,3512,383,3146,2818,328,28.1288747,75.3995089
RAJASTHAN,Total,Jhunjhunun,Train,1638,1521,117,0,0,0,160,132,28,142,132,10,113,105,8,155,145,10,102,98,4,138,131,7,636,601,35,192,177,15,28.1288747,75.3995089
RAJASTHAN,Total,Jhunjhunun,Water transport,100,73,27,0,0,0,59,39,20,9,9,0,7,5,2,3,2,1,4,4,0,1,1,0,9,7,2,8,6,2,28.1288747,75.3995089
RAJASTHAN,Total,Jhunjhunun,Any other,1906,1845,61,0,0,0,339,328,11,635,608,27,352,342,10,167,165,2,87,85,2,74,73,1,138,137,1,114,107,7,28.1288747,75.3995089
RAJASTHAN,Total,Jhunjhunun,No travel,91519,61103,30416,91519,61103,30416,0,0,0,0,0,0,0,0,0,0,0,0,0,0,0,0,0,0,0,0,0,0,0,0,28.1288747,75.3995089
RAJASTHAN,Rural,Jhunjhunun,All Modes,172559,136308,36251,63994,41894,22100,24706,19000,5706,32271,28384,3887,21788,19690,2098,12528,11510,1018,5971,5534,437,3807,3449,358,3703,3380,323,3791,3467,324,28.1288747,75.3995089
RAJASTHAN,Rural,Jhunjhunun,On foot,44417,35323,9094,0,0,0,20996,15672,5324,16842,14073,2769,6579,5578,1001,0,0,0,0,0,0,0,0,0,0,0,0,0,0,0,28.1288747,75.3995089
RAJASTHAN,Rural,Jhunjhunun,Bicycle,6958,6762,196,0,0,0,503,461,42,4022,3926,96,1521,1495,26,328,317,11,584,563,21,0,0,0,0,0,0,0,0,0,28.1288747,75.3995089
RAJASTHAN,Rural,Jhunjhunun,Moped/Scooter/Motor Cycle,12259,11503,756,0,0,0,901,830,71,3898,3658,240,2906,2728,178,2291,2181,110,839,785,54,416,390,26,173,159,14,835,772,63,28.1288747,75.3995089
RAJASTHAN,Rural,Jhunjhunun,Car/Jeep/Van,3213,3013,200,0,0,0,427,404,23,842,773,69,708,678,30,479,449,30,229,212,17,185,175,10,144,138,6,199,184,15,28.1288747,75.3995089
RAJASTHAN,Rural,Jhunjhunun,Tempo/Autorickshaw/Taxi,2784,2618,166,0,0,0,208,190,18,933,866,67,887,845,42,414,394,20,84,83,1,39,38,1,36,32,4,183,170,13,28.1288747,75.3995089
RAJASTHAN,Rural,Jhunjhunun,Bus,36724,33134,3590,0,0,0,1369,1184,185,5389,4767,622,8870,8066,804,8769,7931,838,4108,3769,339,3025,2708,317,2837,2566,271,2357,2143,214,28.1288747,75.3995089
RAJASTHAN,Rural,Jhunjhunun,Train,1056,967,89,0,0,0,104,82,22,85,77,8,83,76,7,112,105,7,56,53,3,79,75,4,410,383,27,127,116,11,28.1288747,75.3995089
RAJASTHAN,Rural,Jhunjhunun,Water transport,68,47,21,0,0,0,44,28,16,4,4,0,5,3,2,1,1,0,3,3,0,1,1,0,5,4,1,5,3,2,28.1288747,75.3995089
RAJASTHAN,Rural,Jhunjhunun,Any other,1086,1047,39,0,0,0,154,149,5,256,240,16,229,221,8,134,132,2,68,66,2,62,62,0,98,98,0,85,79,6,28.1288747,75.3995089
RAJASTHAN,Rural,Jhunjhunun,No travel,63994,41894,22100,63994,41894,22100,0,0,0,0,0,0,0,0,0,0,0,0,0,0,0,0,0,0,0,0,0,0,0,0,28.1288747,75.3995089
RAJASTHAN,Urban,Jhunjhunun,All Modes,118048,101774,16274,27525,19209,8316,32805,29864,2941,35180,32834,2346,10731,9550,1181,4212,3515,697,2665,2373,292,1572,1397,175,1654,1516,138,1704,1516,188,28.1288747,75.3995089
RAJASTHAN,Urban,Jhunjhunun,On foot,47257,43210,4047,0,0,0,26290,23825,2465,16166,15032,1134,4801,4353,448,0,0,0,0,0,0,0,0,0,0,0,0,0,0,0,28.1288747,75.3995089
RAJASTHAN,Urban,Jhunjhunun,Bicycle,12406,12126,280,0,0,0,2300,2221,79,7906,7747,159,1095,1078,17,230,226,4,875,854,21,0,0,0,0,0,0,0,0,0,28.1288747,75.3995089
RAJASTHAN,Urban,Jhunjhunun,Moped/Scooter/Motor Cycle,11766,11069,697,0,0,0,2632,2487,145,5995,5670,325,1289,1183,106,768,714,54,238,227,11,140,134,6,110,101,9,594,553,41,28.1288747,75.3995089
RAJASTHAN,Urban,Jhunjhunun,Car/Jeep/Van,2411,2194,217,0,0,0,463,403,60,845,766,79,306,280,26,241,217,24,116,107,9,138,129,9,195,192,3,107,100,7,28.1288747,75.3995089
RAJASTHAN,Urban,Jhunjhunun,Tempo/Autorickshaw/Taxi,3254,2771,483,0,0,0,343,273,70,2035,1732,303,573,498,75,110,102,8,29,29,0,26,24,2,21,17,4,117,96,21,28.1288747,75.3995089
RAJASTHAN,Urban,Jhunjhunun,Bus,11995,9817,2178,0,0,0,521,415,106,1792,1459,333,2512,2006,506,2785,2182,603,1341,1091,250,1197,1043,154,1058,946,112,789,675,114,28.1288747,75.3995089
RAJASTHAN,Urban,Jhunjhunun,Train,582,554,28,0,0,0,56,50,6,57,55,2,30,29,1,43,40,3,46,45,1,59,56,3,226,218,8,65,61,4,28.1288747,75.3995089
RAJASTHAN,Urban,Jhunjhunun,Water transport,32,26,6,0,0,0,15,11,4,5,5,0,2,2,0,2,1,1,1,1,0,0,0,0,4,3,1,3,3,0,28.1288747,75.3995089
RAJASTHAN,Urban,Jhunjhunun,Any other,820,798,22,0,0,0,185,179,6,379,368,11,123,121,2,33,33,0,19,19,0,12,11,1,40,39,1,29,28,1,28.1288747,75.3995089
RAJASTHAN,Urban,Jhunjhunun,No travel,27525,19209,8316,27525,19209,8316,0,0,0,0,0,0,0,0,0,0,0,0,0,0,0,0,0,0,0,0,0,0,0,0,28.1288747,75.3995089
PUNJAB,Total,Gurdaspur,All Modes,477639,396774,80865,187995,143011,44984,56381,46296,10085,88256,78501,9755,65453,57460,7993,28123,25036,3087,16711,15298,1413,8931,7890,1041,16103,14837,1266,9686,8445,1241,32.0419424,75.4053367
PUNJAB,Total,Gurdaspur,On foot,78933,63908,15025,0,0,0,36895,28811,8084,20095,17130,2965,21943,17967,3976,0,0,0,0,0,0,0,0,0,0,0,0,0,0,0,32.0419424,75.4053367
PUNJAB,Total,Gurdaspur,Bicycle,82775,79230,3545,0,0,0,7860,7425,435,36079,34411,1668,21784,21063,721,8413,8132,281,8639,8199,440,0,0,0,0,0,0,0,0,0,32.0419424,75.4053367
PUNJAB,Total,Gurdaspur,Moped/Scooter/Motor Cycle,63436,55966,7470,0,0,0,8731,7764,967,23019,19985,3034,12652,11122,1530,9276,8306,970,2854,2662,192,2041,1865,176,850,774,76,4013,3488,525,32.0419424,75.4053367
PUNJAB,Total,Gurdaspur,Car/Jeep/Van,5918,5158,760,0,0,0,589,503,86,1686,1456,230,990,838,152,857,751,106,378,350,28,448,415,33,459,410,49,511,435,76,32.0419424,75.4053367
PUNJAB,Total,Gurdaspur,Tempo/Autorickshaw/Taxi,7499,6019,1480,0,0,0,553,401,152,2615,1943,672,1927,1588,339,978,853,125,260,231,29,272,241,31,335,302,33,559,460,99,32.0419424,75.4053367
PUNJAB,Total,Gurdaspur,Bus,38656,31898,6758,0,0,0,1116,826,290,3255,2200,1055,5103,3914,1189,7839,6290,1549,4029,3343,686,5047,4331,716,9615,8747,868,2652,2247,405,32.0419424,75.4053367
PUNJAB,Total,Gurdaspur,Train,8903,8249,654,0,0,0,358,311,47,714,627,87,480,421,59,456,417,39,432,400,32,935,858,77,4183,3972,211,1345,1243,102,32.0419424,75.4053367
PUNJAB,Total,Gurdaspur,Water transport,322,281,41,0,0,0,27,18,9,38,33,5,44,41,3,39,37,2,14,12,2,22,19,3,60,55,5,78,66,12,32.0419424,75.4053367
PUNJAB,Total,Gurdaspur,Any other,3202,3054,148,0,0,0,252,237,15,755,716,39,530,506,24,265,250,15,105,101,4,166,161,5,601,577,24,528,506,22,32.0419424,75.4053367
PUNJAB,Total,Gurdaspur,No travel,187995,143011,44984,187995,143011,44984,0,0,0,0,0,0,0,0,0,0,0,0,0,0,0,0,0,0,0,0,0,0,0,0,32.0419424,75.4053367
PUNJAB,Rural,Gurdaspur,All Modes,265775,217297,48478,106734,76821,29913,23641,18080,5561,40847,36490,4357,41771,37102,4669,19229,17744,1485,11123,10390,733,5488,4970,518,11732,11008,724,5210,4692,518,32.0419424,75.4053367
PUNJAB,Rural,Gurdaspur,On foot,36904,28271,8633,0,0,0,16904,12097,4807,8274,6910,1364,11726,9264,2462,0,0,0,0,0,0,0,0,0,0,0,0,0,0,0,32.0419424,75.4053367
PUNJAB,Rural,Gurdaspur,Bicycle,55098,52759,2339,0,0,0,3732,3494,238,21058,20019,1039,17254,16691,563,7113,6896,217,5941,5659,282,0,0,0,0,0,0,0,0,0,32.0419424,75.4053367
PUNJAB,Rural,Gurdaspur,Moped/Scooter/Motor Cycle,26953,24163,2790,0,0,0,1709,1452,257,6943,5976,967,7028,6344,684,5874,5395,479,1965,1862,103,1263,1186,77,546,509,37,1625,1439,186,32.0419424,75.4053367
PUNJAB,Rural,Gurdaspur,Car/Jeep/Van,1988,1691,297,0,0,0,153,110,43,436,359,77,409,330,79,298,272,26,120,111,9,169,156,13,223,204,19,180,149,31,32.0419424,75.4053367
PUNJAB,Rural,Gurdaspur,Tempo/Autorickshaw/Taxi,3449,2963,486,0,0,0,163,129,34,963,778,185,1004,857,147,537,490,47,155,137,18,146,137,9,219,205,14,262,230,32,32.0419424,75.4053367
PUNJAB,Rural,Gurdaspur,Bus,26276,22738,3538,0,0,0,656,512,144,2236,1595,641,3579,2907,672,4888,4209,679,2621,2319,302,3284,2903,381,7214,6689,525,1798,1604,194,32.0419424,75.4053367
PUNJAB,Rural,Gurdaspur,Train,5835,5479,356,0,0,0,187,163,24,413,358,55,338,299,39,277,251,26,234,218,16,476,444,32,2985,2876,109,925,870,55,32.0419424,75.4053367
PUNJAB,Rural,Gurdaspur,Water transport,195,171,24,0,0,0,15,9,6,21,17,4,31,29,2,25,24,1,8,7,1,15,13,2,39,37,2,41,35,6,32.0419424,75.4053367
PUNJAB,Rural,Gurdaspur,Any other,2343,2241,102,0,0,0,122,114,8,503,478,25,402,381,21,217,207,10,79,77,2,135,131,4,506,488,18,379,365,14,32.0419424,75.4053367
PUNJAB,Rural,Gurdaspur,No travel,106734,76821,29913,106734,76821,29913,0,0,0,0,0,0,0,0,0,0,0,0,0,0,0,0,0,0,0,0,0,0,0,0,32.0419424,75.4053367
PUNJAB,Urban,Gurdaspur,All Modes,211864,179477,32387,81261,66190,15071,32740,28216,4524,47409,42011,5398,23682,20358,3324,8894,7292,1602,5588,4908,680,3443,2920,523,4371,3829,542,4476,3753,723,32.0419424,75.4053367
PUNJAB,Urban,Gurdaspur,On foot,42029,35637,6392,0,0,0,19991,16714,3277,11821,10220,1601,10217,8703,1514,0,0,0,0,0,0,0,0,0,0,0,0,0,0,0,32.0419424,75.4053367
PUNJAB,Urban,Gurdaspur,Bicycle,27677,26471,1206,0,0,0,4128,3931,197,15021,14392,629,4530,4372,158,1300,1236,64,2698,2540,158,0,0,0,0,0,0,0,0,0,32.0419424,75.4053367
PUNJAB,Urban,Gurdaspur,Moped/Scooter/Motor Cycle,36483,31803,4680,0,0,0,7022,6312,710,16076,14009,2067,5624,4778,846,3402,2911,491,889,800,89,778,679,99,304,265,39,2388,2049,339,32.0419424,75.4053367
PUNJAB,Urban,Gurdaspur,Car/Jeep/Van,3930,3467,463,0,0,0,436,393,43,1250,1097,153,581,508,73,559,479,80,258,239,19,279,259,20,236,206,30,331,286,45,32.0419424,75.4053367
PUNJAB,Urban,Gurdaspur,Tempo/Autorickshaw/Taxi,4050,3056,994,0,0,0,390,272,118,1652,1165,487,923,731,192,441,363,78,105,94,11,126,104,22,116,97,19,297,230,67,32.0419424,75.4053367
PUNJAB,Urban,Gurdaspur,Bus,12380,9160,3220,0,0,0,460,314,146,1019,605,414,1524,1007,517,2951,2081,870,1408,1024,384,1763,1428,335,2401,2058,343,854,643,211,32.0419424,75.4053367
PUNJAB,Urban,Gurdaspur,Train,3068,2770,298,0,0,0,171,148,23,301,269,32,142,122,20,179,166,13,198,182,16,459,414,45,1198,1096,102,420,373,47,32.0419424,75.4053367
PUNJAB,Urban,Gurdaspur,Water transport,127,110,17,0,0,0,12,9,3,17,16,1,13,12,1,14,13,1,6,5,1,7,6,1,21,18,3,37,31,6,32.0419424,75.4053367
PUNJAB,Urban,Gurdaspur,Any other,859,813,46,0,0,0,130,123,7,252,238,14,128,125,3,48,43,5,26,24,2,31,30,1,95,89,6,149,141,8,32.0419424,75.4053367
PUNJAB,Urban,Gurdaspur,No travel,81261,66190,15071,81261,66190,15071,0,0,0,0,0,0,0,0,0,0,0,0,0,0,0,0,0,0,0,0,0,0,0,0,32.0419424,75.4053367
HARYANA,Total,Fatehabad,All Modes,132278,104113,28165,47815,31299,16516,28449,22936,5513,25525,22459,3066,14733,13107,1626,6784,6164,620,2768,2558,210,1891,1707,184,3211,2907,304,1102,976,126,29.5077159,75.4519516
HARYANA,Total,Fatehabad,On foot,33844,26192,7652,0,0,0,20380,15360,5020,8971,7142,1829,4493,3690,803,0,0,0,0,0,0,0,0,0,0,0,0,0,0,0,29.5077159,75.4519516
HARYANA,Total,Fatehabad,Bicycle,14721,14204,517,0,0,0,2662,2544,118,7565,7330,235,2590,2512,78,851,830,21,1053,988,65,0,0,0,0,0,0,0,0,0,29.5077159,75.4519516
HARYANA,Total,Fatehabad,Moped/Scooter/Motor Cycle,16771,15867,904,0,0,0,4309,4109,200,5959,5574,385,3063,2892,171,2033,1953,80,460,449,11,234,226,8,239,225,14,474,439,35,29.5077159,75.4519516
HARYANA,Total,Fatehabad,Car/Jeep/Van,2717,2311,406,0,0,0,405,348,57,765,578,187,521,464,57,477,432,45,141,127,14,137,126,11,173,151,22,98,85,13,29.5077159,75.4519516
HARYANA,Total,Fatehabad,Tempo/Autorickshaw/Taxi,1114,940,174,0,0,0,98,70,28,410,319,91,282,249,33,119,112,7,22,22,0,46,44,2,90,86,4,47,38,9,29.5077159,75.4519516
HARYANA,Total,Fatehabad,Bus,12379,10663,1716,0,0,0,232,184,48,1143,867,276,3378,2926,452,3003,2562,441,988,875,113,1271,1149,122,2057,1842,215,307,258,49,29.5077159,75.4519516
HARYANA,Total,Fatehabad,Train,1528,1395,133,0,0,0,157,145,12,250,230,20,150,138,12,157,143,14,67,62,5,110,101,9,535,491,44,102,85,17,29.5077159,75.4519516
HARYANA,Total,Fatehabad,Water transport,61,50,11,0,0,0,17,11,6,6,6,0,11,9,2,10,8,2,2,2,0,1,1,0,9,8,1,5,5,0,29.5077159,75.4519516
HARYANA,Total,Fatehabad,Any other,1328,1192,136,0,0,0,189,165,24,456,413,43,245,227,18,134,124,10,35,33,2,92,60,32,108,104,4,69,66,3,29.5077159,75.4519516
HARYANA,Total,Fatehabad,No travel,47815,31299,16516,47815,31299,16516,0,0,0,0,0,0,0,0,0,0,0,0,0,0,0,0,0,0,0,0,0,0,0,0,29.5077159,75.4519516
HARYANA,Rural,Fatehabad,All Modes,83049,61763,21286,36378,22048,14330,13294,9468,3826,11274,9885,1389,10703,9757,946,5445,5116,329,1678,1569,109,1398,1267,131,2360,2185,175,519,468,51,29.5077159,75.4519516
HARYANA,Rural,Fatehabad,On foot,17592,12553,5039,0,0,0,11370,7741,3629,3897,2987,910,2325,1825,500,0,0,0,0,0,0,0,0,0,0,0,0,0,0,0,29.5077159,75.4519516
HARYANA,Rural,Fatehabad,Bicycle,7946,7651,295,0,0,0,775,712,63,3760,3627,133,2168,2113,55,730,715,15,513,484,29,0,0,0,0,0,0,0,0,0,29.5077159,75.4519516
HARYANA,Rural,Fatehabad,Moped/Scooter/Motor Cycle,7261,6930,331,0,0,0,640,602,38,1914,1809,105,2352,2252,100,1583,1530,53,322,314,8,151,146,5,153,144,9,146,133,13,29.5077159,75.4519516
HARYANA,Rural,Fatehabad,Car/Jeep/Van,1476,1297,179,0,0,0,153,127,26,252,190,62,402,362,40,349,324,25,84,80,4,86,79,7,106,95,11,44,40,4,29.5077159,75.4519516
HARYANA,Rural,Fatehabad,Tempo/Autorickshaw/Taxi,751,686,65,0,0,0,39,35,4,219,188,31,231,213,18,102,97,5,20,20,0,41,40,1,78,75,3,21,18,3,29.5077159,75.4519516
HARYANA,Rural,Fatehabad,Bus,9662,8803,859,0,0,0,156,124,32,813,701,112,2905,2693,212,2431,2221,210,668,603,65,944,867,77,1550,1422,128,195,172,23,29.5077159,75.4519516
HARYANA,Rural,Fatehabad,Train,1011,935,76,0,0,0,54,46,8,137,127,10,125,116,9,125,114,11,40,39,1,88,79,9,375,354,21,67,60,7,29.5077159,75.4519516
HARYANA,Rural,Fatehabad,Water transport,43,33,10,0,0,0,11,5,6,3,3,0,8,7,1,6,4,2,1,1,0,1,1,0,8,7,1,5,5,0,29.5077159,75.4519516
HARYANA,Rural,Fatehabad,Any other,929,827,102,0,0,0,96,76,20,279,253,26,187,176,11,119,111,8,30,28,2,87,55,32,90,88,2,41,40,1,29.5077159,75.4519516
HARYANA,Rural,Fatehabad,No travel,36378,22048,14330,36378,22048,14330,0,0,0,0,0,0,0,0,0,0,0,0,0,0,0,0,0,0,0,0,0,0,0,0,29.5077159,75.4519516
HARYANA,Urban,Fatehabad,All Modes,49229,42350,6879,11437,9251,2186,15155,13468,1687,14251,12574,1677,4030,3350,680,1339,1048,291,1090,989,101,493,440,53,851,722,129,583,508,75,29.5077159,75.4519516
HARYANA,Urban,Fatehabad,On foot,16252,13639,2613,0,0,0,9010,7619,1391,5074,4155,919,2168,1865,303,0,0,0,0,0,0,0,0,0,0,0,0,0,0,0,29.5077159,75.4519516
HARYANA,Urban,Fatehabad,Bicycle,6775,6553,222,0,0,0,1887,1832,55,3805,3703,102,422,399,23,121,115,6,540,504,36,0,0,0,0,0,0,0,0,0,29.5077159,75.4519516
HARYANA,Urban,Fatehabad,Moped/Scooter/Motor Cycle,9510,8937,573,0,0,0,3669,3507,162,4045,3765,280,711,640,71,450,423,27,138,135,3,83,80,3,86,81,5,328,306,22,29.5077159,75.4519516
HARYANA,Urban,Fatehabad,Car/Jeep/Van,1241,1014,227,0,0,0,252,221,31,513,388,125,119,102,17,128,108,20,57,47,10,51,47,4,67,56,11,54,45,9,29.5077159,75.4519516
HARYANA,Urban,Fatehabad,Tempo/Autorickshaw/Taxi,363,254,109,0,0,0,59,35,24,191,131,60,51,36,15,17,15,2,2,2,0,5,4,1,12,11,1,26,20,6,29.5077159,75.4519516
HARYANA,Urban,Fatehabad,Bus,2717,1860,857,0,0,0,76,60,16,330,166,164,473,233,240,572,341,231,320,272,48,327,282,45,507,420,87,112,86,26,29.5077159,75.4519516
HARYANA,Urban,Fatehabad,Train,517,460,57,0,0,0,103,99,4,113,103,10,25,22,3,32,29,3,27,23,4,22,22,0,160,137,23,35,25,10,29.5077159,75.4519516
HARYANA,Urban,Fatehabad,Water transport,18,17,1,0,0,0,6,6,0,3,3,0,3,2,1,4,4,0,1,1,0,0,0,0,1,1,0,0,0,0,29.5077159,75.4519516
HARYANA,Urban,Fatehabad,Any other,399,365,34,0,0,0,93,89,4,177,160,17,58,51,7,15,13,2,5,5,0,5,5,0,18,16,2,28,26,2,29.5077159,75.4519516
HARYANA,Urban,Fatehabad,No travel,11437,9251,2186,11437,9251,2186,0,0,0,0,0,0,0,0,0,0,0,0,0,0,0,0,0,0,0,0,0,0,0,0,29.5077159,75.4519516
JAMMU & KASHMIR,Total,Kathua,All Modes,105380,89836,15544,33376,26161,7215,13892,11111,2781,15610,13627,1983,13112,11482,1630,5398,4801,597,2565,2338,227,2881,2634,247,14897,14245,652,3649,3437,212,32.3864799,75.5172688
JAMMU & KASHMIR,Total,Kathua,On foot,26129,21547,4582,0,0,0,11845,9263,2582,8078,6999,1079,6206,5285,921,0,0,0,0,0,0,0,0,0,0,0,0,0,0,0,32.3864799,75.5172688
JAMMU & KASHMIR,Total,Kathua,Bicycle,3462,3358,104,0,0,0,329,315,14,1594,1553,41,860,835,25,304,298,6,375,357,18,0,0,0,0,0,0,0,0,0,32.3864799,75.5172688
JAMMU & KASHMIR,Total,Kathua,Moped/Scooter/Motor Cycle,6724,6350,374,0,0,0,1029,968,61,2450,2274,176,1440,1380,60,936,900,36,241,233,8,168,160,8,121,116,5,339,319,20,32.3864799,75.5172688
JAMMU & KASHMIR,Total,Kathua,Car/Jeep/Van,1105,975,130,0,0,0,117,100,17,305,271,34,164,146,18,145,128,17,52,50,2,55,51,4,184,159,25,83,70,13,32.3864799,75.5172688
JAMMU & KASHMIR,Total,Kathua,Tempo/Autorickshaw/Taxi,2480,2001,479,0,0,0,107,75,32,1012,769,243,829,716,113,251,204,47,43,36,7,49,44,5,70,61,9,119,96,23,32.3864799,75.5172688
JAMMU & KASHMIR,Total,Kathua,Bus,27252,24754,2498,0,0,0,358,290,68,1990,1597,393,3399,2926,473,3640,3159,481,1795,1607,188,2482,2257,225,11385,10843,542,2203,2075,128,32.3864799,75.5172688
JAMMU & KASHMIR,Total,Kathua,Train,4134,4022,112,0,0,0,74,69,5,55,49,6,76,70,6,49,45,4,34,32,2,101,97,4,2955,2890,65,790,770,20,32.3864799,75.5172688
JAMMU & KASHMIR,Total,Kathua,Water transport,89,78,11,0,0,0,8,8,0,6,4,2,10,8,2,6,6,0,8,7,1,6,6,0,35,30,5,10,9,1,32.3864799,75.5172688
JAMMU & KASHMIR,Total,Kathua,Any other,629,590,39,0,0,0,25,23,2,120,111,9,128,116,12,67,61,6,17,16,1,20,19,1,147,146,1,105,98,7,32.3864799,75.5172688
JAMMU & KASHMIR,Total,Kathua,No travel,33376,26161,7215,33376,26161,7215,0,0,0,0,0,0,0,0,0,0,0,0,0,0,0,0,0,0,0,0,0,0,0,0,32.3864799,75.5172688
JAMMU & KASHMIR,Rural,Kathua,All Modes,80195,68264,11931,25954,19836,6118,8079,6064,2015,10686,9357,1329,10311,9136,1175,4492,4106,386,2070,1917,153,2461,2296,165,13165,12709,456,2977,2843,134,32.3864799,75.5172688
JAMMU & KASHMIR,Rural,Kathua,On foot,18512,14933,3579,0,0,0,7227,5292,1935,6489,5576,913,4796,4065,731,0,0,0,0,0,0,0,0,0,0,0,0,0,0,0,32.3864799,75.5172688
JAMMU & KASHMIR,Rural,Kathua,Bicycle,2372,2307,65,0,0,0,148,138,10,975,955,20,704,684,20,260,257,3,285,273,12,0,0,0,0,0,0,0,0,0,32.3864799,75.5172688
JAMMU & KASHMIR,Rural,Kathua,Moped/Scooter/Motor Cycle,3584,3443,141,0,0,0,264,253,11,1005,953,52,1007,977,30,724,702,22,183,177,6,124,120,4,97,92,5,180,169,11,32.3864799,75.5172688
JAMMU & KASHMIR,Rural,Kathua,Car/Jeep/Van,645,574,71,0,0,0,48,43,5,137,118,19,96,85,11,108,99,9,38,38,0,39,38,1,130,110,20,49,43,6,32.3864799,75.5172688
JAMMU & KASHMIR,Rural,Kathua,Tempo/Autorickshaw/Taxi,1482,1307,175,0,0,0,42,35,7,444,365,79,602,552,50,186,165,21,31,29,2,34,33,1,57,53,4,86,75,11,32.3864799,75.5172688
JAMMU & KASHMIR,Rural,Kathua,Bus,23335,21671,1664,0,0,0,272,230,42,1487,1255,232,2910,2596,314,3102,2779,323,1482,1351,131,2151,1996,155,10042,9665,377,1889,1799,90,32.3864799,75.5172688
JAMMU & KASHMIR,Rural,Kathua,Train,3668,3591,77,0,0,0,57,54,3,40,34,6,65,60,5,42,40,2,29,27,2,88,85,3,2675,2628,47,672,663,9,32.3864799,75.5172688
JAMMU & KASHMIR,Rural,Kathua,Water transport,72,65,7,0,0,0,7,7,0,4,3,1,9,7,2,6,6,0,6,6,0,6,6,0,26,23,3,8,7,1,32.3864799,75.5172688
JAMMU & KASHMIR,Rural,Kathua,Any other,571,537,34,0,0,0,14,12,2,105,98,7,122,110,12,64,58,6,16,16,0,19,18,1,138,138,0,93,87,6,32.3864799,75.5172688
JAMMU & KASHMIR,Rural,Kathua,No travel,25954,19836,6118,25954,19836,6118,0,0,0,0,0,0,0,0,0,0,0,0,0,0,0,0,0,0,0,0,0,0,0,0,32.3864799,75.5172688
JAMMU & KASHMIR,Urban,Kathua,All Modes,25185,21572,3613,7422,6325,1097,5813,5047,766,4924,4270,654,2801,2346,455,906,695,211,495,421,74,420,338,82,1732,1536,196,672,594,78,32.3864799,75.5172688
JAMMU & KASHMIR,Urban,Kathua,On foot,7617,6614,1003,0,0,0,4618,3971,647,1589,1423,166,1410,1220,190,0,0,0,0,0,0,0,0,0,0,0,0,0,0,0,32.3864799,75.5172688
JAMMU & KASHMIR,Urban,Kathua,Bicycle,1090,1051,39,0,0,0,181,177,4,619,598,21,156,151,5,44,41,3,90,84,6,0,0,0,0,0,0,0,0,0,32.3864799,75.5172688
JAMMU & KASHMIR,Urban,Kathua,Moped/Scooter/Motor Cycle,3140,2907,233,0,0,0,765,715,50,1445,1321,124,433,403,30,212,198,14,58,56,2,44,40,4,24,24,0,159,150,9,32.3864799,75.5172688
JAMMU & KASHMIR,Urban,Kathua,Car/Jeep/Van,460,401,59,0,0,0,69,57,12,168,153,15,68,61,7,37,29,8,14,12,2,16,13,3,54,49,5,34,27,7,32.3864799,75.5172688
JAMMU & KASHMIR,Urban,Kathua,Tempo/Autorickshaw/Taxi,998,694,304,0,0,0,65,40,25,568,404,164,227,164,63,65,39,26,12,7,5,15,11,4,13,8,5,33,21,12,32.3864799,75.5172688
JAMMU & KASHMIR,Urban,Kathua,Bus,3917,3083,834,0,0,0,86,60,26,503,342,161,489,330,159,538,380,158,313,256,57,331,261,70,1343,1178,165,314,276,38,32.3864799,75.5172688
JAMMU & KASHMIR,Urban,Kathua,Train,466,431,35,0,0,0,17,15,2,15,15,0,11,10,1,7,5,2,5,5,0,13,12,1,280,262,18,118,107,11,32.3864799,75.5172688
JAMMU & KASHMIR,Urban,Kathua,Water transport,17,13,4,0,0,0,1,1,0,2,1,1,1,1,0,0,0,0,2,1,1,0,0,0,9,7,2,2,2,0,32.3864799,75.5172688
JAMMU & KASHMIR,Urban,Kathua,Any other,58,53,5,0,0,0,11,11,0,15,13,2,6,6,0,3,3,0,1,0,1,1,1,0,9,8,1,12,11,1,32.3864799,75.5172688
JAMMU & KASHMIR,Urban,Kathua,No travel,7422,6325,1097,7422,6325,1097,0,0,0,0,0,0,0,0,0,0,0,0,0,0,0,0,0,0,0,0,0,0,0,0,32.3864799,75.5172688
PUDUCHERRY,Total,Mahe,All Modes,11608,8952,2656,1972,1355,617,2858,2237,621,3119,2341,778,2323,1898,425,514,413,101,199,164,35,117,96,21,309,277,32,197,171,26,11.7027158,75.5364042
PUDUCHERRY,Total,Mahe,On foot,3528,2675,853,0,0,0,2251,1716,535,931,685,246,346,274,72,0,0,0,0,0,0,0,0,0,0,0,0,0,0,0,11.7027158,75.5364042
PUDUCHERRY,Total,Mahe,Bicycle,113,101,12,0,0,0,25,23,2,53,46,7,24,23,1,8,7,1,3,2,1,0,0,0,0,0,0,0,0,0,11.7027158,75.5364042
PUDUCHERRY,Total,Mahe,Moped/Scooter/Motor Cycle,1314,1217,97,0,0,0,229,207,22,576,531,45,386,365,21,64,61,3,12,10,2,7,6,1,10,9,1,30,28,2,11.7027158,75.5364042
PUDUCHERRY,Total,Mahe,Car/Jeep/Van,485,424,61,0,0,0,73,63,10,142,116,26,146,134,12,49,43,6,26,22,4,14,14,0,18,17,1,17,15,2,11.7027158,75.5364042
PUDUCHERRY,Total,Mahe,Tempo/Autorickshaw/Taxi,351,305,46,0,0,0,69,64,5,134,101,33,85,80,5,22,21,1,11,11,0,4,4,0,12,11,1,14,13,1,11.7027158,75.5364042
PUDUCHERRY,Total,Mahe,Bus,3391,2474,917,0,0,0,164,121,43,1253,835,418,1295,985,310,357,269,88,125,101,24,56,45,11,84,76,8,57,42,15,11.7027158,75.5364042
PUDUCHERRY,Total,Mahe,Train,368,317,51,0,0,0,19,15,4,18,15,3,34,30,4,13,11,2,18,14,4,34,25,9,181,160,21,51,47,4,11.7027158,75.5364042
PUDUCHERRY,Total,Mahe,Water transport,16,16,0,0,0,0,2,2,0,5,5,0,0,0,0,0,0,0,0,0,0,1,1,0,3,3,0,5,5,0,11.7027158,75.5364042
PUDUCHERRY,Total,Mahe,Any other,70,68,2,0,0,0,26,26,0,7,7,0,7,7,0,1,1,0,4,4,0,1,1,0,1,1,0,23,21,2,11.7027158,75.5364042
PUDUCHERRY,Total,Mahe,No travel,1972,1355,617,1972,1355,617,0,0,0,0,0,0,0,0,0,0,0,0,0,0,0,0,0,0,0,0,0,0,0,0,11.7027158,75.5364042
PUDUCHERRY,Rural,Mahe,All Modes,0,0,0,0,0,0,0,0,0,0,0,0,0,0,0,0,0,0,0,0,0,0,0,0,0,0,0,0,0,0,11.7027158,75.5364042
PUDUCHERRY,Rural,Mahe,On foot,0,0,0,0,0,0,0,0,0,0,0,0,0,0,0,0,0,0,0,0,0,0,0,0,0,0,0,0,0,0,11.7027158,75.5364042
PUDUCHERRY,Rural,Mahe,Bicycle,0,0,0,0,0,0,0,0,0,0,0,0,0,0,0,0,0,0,0,0,0,0,0,0,0,0,0,0,0,0,11.7027158,75.5364042
PUDUCHERRY,Rural,Mahe,Moped/Scooter/Motor Cycle,0,0,0,0,0,0,0,0,0,0,0,0,0,0,0,0,0,0,0,0,0,0,0,0,0,0,0,0,0,0,11.7027158,75.5364042
PUDUCHERRY,Rural,Mahe,Car/Jeep/Van,0,0,0,0,0,0,0,0,0,0,0,0,0,0,0,0,0,0,0,0,0,0,0,0,0,0,0,0,0,0,11.7027158,75.5364042
PUDUCHERRY,Rural,Mahe,Tempo/Autorickshaw/Taxi,0,0,0,0,0,0,0,0,0,0,0,0,0,0,0,0,0,0,0,0,0,0,0,0,0,0,0,0,0,0,11.7027158,75.5364042
PUDUCHERRY,Rural,Mahe,Bus,0,0,0,0,0,0,0,0,0,0,0,0,0,0,0,0,0,0,0,0,0,0,0,0,0,0,0,0,0,0,11.7027158,75.5364042
PUDUCHERRY,Rural,Mahe,Train,0,0,0,0,0,0,0,0,0,0,0,0,0,0,0,0,0,0,0,0,0,0,0,0,0,0,0,0,0,0,11.7027158,75.5364042
PUDUCHERRY,Rural,Mahe,Water transport,0,0,0,0,0,0,0,0,0,0,0,0,0,0,0,0,0,0,0,0,0,0,0,0,0,0,0,0,0,0,11.7027158,75.5364042
PUDUCHERRY,Rural,Mahe,Any other,0,0,0,0,0,0,0,0,0,0,0,0,0,0,0,0,0,0,0,0,0,0,0,0,0,0,0,0,0,0,11.7027158,75.5364042
PUDUCHERRY,Rural,Mahe,No travel,0,0,0,0,0,0,0,0,0,0,0,0,0,0,0,0,0,0,0,0,0,0,0,0,0,0,0,0,0,0,11.7027158,75.5364042
PUDUCHERRY,Urban,Mahe,All Modes,11608,8952,2656,1972,1355,617,2858,2237,621,3119,2341,778,2323,1898,425,514,413,101,199,164,35,117,96,21,309,277,32,197,171,26,11.7027158,75.5364042
PUDUCHERRY,Urban,Mahe,On foot,3528,2675,853,0,0,0,2251,1716,535,931,685,246,346,274,72,0,0,0,0,0,0,0,0,0,0,0,0,0,0,0,11.7027158,75.5364042
PUDUCHERRY,Urban,Mahe,Bicycle,113,101,12,0,0,0,25,23,2,53,46,7,24,23,1,8,7,1,3,2,1,0,0,0,0,0,0,0,0,0,11.7027158,75.5364042
PUDUCHERRY,Urban,Mahe,Moped/Scooter/Motor Cycle,1314,1217,97,0,0,0,229,207,22,576,531,45,386,365,21,64,61,3,12,10,2,7,6,1,10,9,1,30,28,2,11.7027158,75.5364042
PUDUCHERRY,Urban,Mahe,Car/Jeep/Van,485,424,61,0,0,0,73,63,10,142,116,26,146,134,12,49,43,6,26,22,4,14,14,0,18,17,1,17,15,2,11.7027158,75.5364042
PUDUCHERRY,Urban,Mahe,Tempo/Autorickshaw/Taxi,351,305,46,0,0,0,69,64,5,134,101,33,85,80,5,22,21,1,11,11,0,4,4,0,12,11,1,14,13,1,11.7027158,75.5364042
PUDUCHERRY,Urban,Mahe,Bus,3391,2474,917,0,0,0,164,121,43,1253,835,418,1295,985,310,357,269,88,125,101,24,56,45,11,84,76,8,57,42,15,11.7027158,75.5364042
PUDUCHERRY,Urban,Mahe,Train,368,317,51,0,0,0,19,15,4,18,15,3,34,30,4,13,11,2,18,14,4,34,25,9,181,160,21,51,47,4,11.7027158,75.5364042
PUDUCHERRY,Urban,Mahe,Water transport,16,16,0,0,0,0,2,2,0,5,5,0,0,0,0,0,0,0,0,0,0,1,1,0,3,3,0,5,5,0,11.7027158,75.5364042
PUDUCHERRY,Urban,Mahe,Any other,70,68,2,0,0,0,26,26,0,7,7,0,7,7,0,1,1,0,4,4,0,1,1,0,1,1,0,23,21,2,11.7027158,75.5364042
PUDUCHERRY,Urban,Mahe,No travel,1972,1355,617,1972,1355,617,0,0,0,0,0,0,0,0,0,0,0,0,0,0,0,0,0,0,0,0,0,0,0,0,11.7027158,75.5364042
PUNJAB,Total,Barnala,All Modes,103399,82447,20952,32179,21541,10638,22408,17730,4678,24150,21520,2630,11720,10236,1484,6352,5643,709,2933,2602,331,1093,945,148,1630,1410,220,934,820,114,30.3819446,75.5467979
PUNJAB,Total,Barnala,On foot,21376,15612,5764,0,0,0,14505,10398,4107,4294,3225,1069,2577,1989,588,0,0,0,0,0,0,0,0,0,0,0,0,0,0,0,30.3819446,75.5467979
PUNJAB,Total,Barnala,Bicycle,21713,20922,791,0,0,0,3760,3590,170,11366,10924,442,4074,3970,104,1328,1304,24,1185,1134,51,0,0,0,0,0,0,0,0,0,30.3819446,75.5467979
PUNJAB,Total,Barnala,Moped/Scooter/Motor Cycle,14300,13220,1080,0,0,0,3390,3140,250,5809,5320,489,2497,2299,198,1630,1538,92,365,353,12,107,100,7,113,106,7,389,364,25,30.3819446,75.5467979
PUNJAB,Total,Barnala,Car/Jeep/Van,1830,1554,276,0,0,0,242,204,38,550,450,100,328,267,61,298,270,28,102,84,18,81,71,10,126,117,9,103,91,12,30.3819446,75.5467979
PUNJAB,Total,Barnala,Tempo/Autorickshaw/Taxi,752,624,128,0,0,0,94,75,19,256,192,64,167,138,29,68,63,5,38,35,3,22,22,0,45,44,1,62,55,7,30.3819446,75.5467979
PUNJAB,Total,Barnala,Bus,9280,7161,2119,0,0,0,192,122,70,1338,916,422,1765,1281,484,2861,2313,548,1160,920,240,739,618,121,976,801,175,249,190,59,30.3819446,75.5467979
PUNJAB,Total,Barnala,Train,494,439,55,0,0,0,33,27,6,51,40,11,36,33,3,41,35,6,34,28,6,55,51,4,197,183,14,47,42,5,30.3819446,75.5467979
PUNJAB,Total,Barnala,Water transport,66,53,13,0,0,0,15,10,5,7,6,1,14,10,4,11,10,1,4,4,0,2,2,0,7,5,2,6,6,0,30.3819446,75.5467979
PUNJAB,Total,Barnala,Any other,1409,1321,88,0,0,0,177,164,13,479,447,32,262,249,13,115,110,5,45,44,1,87,81,6,166,154,12,78,72,6,30.3819446,75.5467979
PUNJAB,Total,Barnala,No travel,32179,21541,10638,32179,21541,10638,0,0,0,0,0,0,0,0,0,0,0,0,0,0,0,0,0,0,0,0,0,0,0,0,30.3819446,75.5467979
PUNJAB,Rural,Barnala,All Modes,48793,36142,12651,21179,13191,7988,7248,4834,2414,7571,6652,919,5983,5297,686,3541,3266,275,1601,1450,151,565,503,62,780,663,117,325,286,39,30.3819446,75.5467979
PUNJAB,Rural,Barnala,On foot,8077,5047,3030,0,0,0,5745,3455,2290,1342,891,451,990,701,289,0,0,0,0,0,0,0,0,0,0,0,0,0,0,0,30.3819446,75.5467979
PUNJAB,Rural,Barnala,Bicycle,9333,8981,352,0,0,0,1003,946,57,4280,4087,193,2532,2464,68,1008,994,14,510,490,20,0,0,0,0,0,0,0,0,0,30.3819446,75.5467979
PUNJAB,Rural,Barnala,Moped/Scooter/Motor Cycle,4154,3910,244,0,0,0,279,255,24,1175,1101,74,1289,1211,78,969,918,51,254,248,6,61,60,1,40,36,4,87,81,6,30.3819446,75.5467979
PUNJAB,Rural,Barnala,Car/Jeep/Van,463,400,63,0,0,0,50,41,9,108,92,16,86,70,16,83,78,5,41,32,9,32,29,3,36,33,3,27,25,2,30.3819446,75.5467979
PUNJAB,Rural,Barnala,Tempo/Autorickshaw/Taxi,286,251,35,0,0,0,18,14,4,65,54,11,79,66,13,52,48,4,27,26,1,11,11,0,13,13,0,21,19,2,30.3819446,75.5467979
PUNJAB,Rural,Barnala,Bus,4365,3509,856,0,0,0,66,48,18,443,286,157,826,620,206,1323,1130,193,710,602,108,379,325,54,500,404,96,118,94,24,30.3819446,75.5467979
PUNJAB,Rural,Barnala,Train,225,201,24,0,0,0,16,12,4,21,18,3,24,21,3,13,10,3,22,16,6,18,18,0,82,78,4,29,28,1,30.3819446,75.5467979
PUNJAB,Rural,Barnala,Water transport,28,21,7,0,0,0,6,3,3,3,2,1,2,1,1,5,5,0,3,3,0,0,0,0,4,2,2,5,5,0,30.3819446,75.5467979
PUNJAB,Rural,Barnala,Any other,683,631,52,0,0,0,65,60,5,134,121,13,155,143,12,88,83,5,34,33,1,64,60,4,105,97,8,38,34,4,30.3819446,75.5467979
PUNJAB,Rural,Barnala,No travel,21179,13191,7988,21179,13191,7988,0,0,0,0,0,0,0,0,0,0,0,0,0,0,0,0,0,0,0,0,0,0,0,0,30.3819446,75.5467979
PUNJAB,Urban,Barnala,All Modes,54606,46305,8301,11000,8350,2650,15160,12896,2264,16579,14868,1711,5737,4939,798,2811,2377,434,1332,1152,180,528,442,86,850,747,103,609,534,75,30.3819446,75.5467979
PUNJAB,Urban,Barnala,On foot,13299,10565,2734,0,0,0,8760,6943,1817,2952,2334,618,1587,1288,299,0,0,0,0,0,0,0,0,0,0,0,0,0,0,0,30.3819446,75.5467979
PUNJAB,Urban,Barnala,Bicycle,12380,11941,439,0,0,0,2757,2644,113,7086,6837,249,1542,1506,36,320,310,10,675,644,31,0,0,0,0,0,0,0,0,0,30.3819446,75.5467979
PUNJAB,Urban,Barnala,Moped/Scooter/Motor Cycle,10146,9310,836,0,0,0,3111,2885,226,4634,4219,415,1208,1088,120,661,620,41,111,105,6,46,40,6,73,70,3,302,283,19,30.3819446,75.5467979
PUNJAB,Urban,Barnala,Car/Jeep/Van,1367,1154,213,0,0,0,192,163,29,442,358,84,242,197,45,215,192,23,61,52,9,49,42,7,90,84,6,76,66,10,30.3819446,75.5467979
PUNJAB,Urban,Barnala,Tempo/Autorickshaw/Taxi,466,373,93,0,0,0,76,61,15,191,138,53,88,72,16,16,15,1,11,9,2,11,11,0,32,31,1,41,36,5,30.3819446,75.5467979
PUNJAB,Urban,Barnala,Bus,4915,3652,1263,0,0,0,126,74,52,895,630,265,939,661,278,1538,1183,355,450,318,132,360,293,67,476,397,79,131,96,35,30.3819446,75.5467979
PUNJAB,Urban,Barnala,Train,269,238,31,0,0,0,17,15,2,30,22,8,12,12,0,28,25,3,12,12,0,37,33,4,115,105,10,18,14,4,30.3819446,75.5467979
PUNJAB,Urban,Barnala,Water transport,38,32,6,0,0,0,9,7,2,4,4,0,12,9,3,6,5,1,1,1,0,2,2,0,3,3,0,1,1,0,30.3819446,75.5467979
PUNJAB,Urban,Barnala,Any other,726,690,36,0,0,0,112,104,8,345,326,19,107,106,1,27,27,0,11,11,0,23,21,2,61,57,4,40,38,2,30.3819446,75.5467979
PUNJAB,Urban,Barnala,No travel,11000,8350,2650,11000,8350,2650,0,0,0,0,0,0,0,0,0,0,0,0,0,0,0,0,0,0,0,0,0,0,0,0,30.3819446,75.5467979
MAHARASHTRA,Total,Jalgaon,All Modes,503108,413823,89285,159692,113953,45739,75931,63475,12456,144715,127109,17606,61303,53487,7816,20837,18777,2060,15780,14438,1342,9002,8211,791,8439,7758,681,7409,6615,794,21.0076578,75.5626039
MAHARASHTRA,Total,Jalgaon,On foot,121623,97521,24102,0,0,0,52133,41786,10347,48113,38801,9312,21377,16934,4443,0,0,0,0,0,0,0,0,0,0,0,0,0,0,0,21.0076578,75.5626039
MAHARASHTRA,Total,Jalgaon,Bicycle,62072,59081,2991,0,0,0,8085,7615,470,37676,35937,1739,9974,9560,414,1762,1684,78,4575,4285,290,0,0,0,0,0,0,0,0,0,21.0076578,75.5626039
MAHARASHTRA,Total,Jalgaon,Moped/Scooter/Motor Cycle,89919,82759,7160,0,0,0,12104,11026,1078,43240,39538,3702,15456,14372,1084,8246,7763,483,3643,3415,228,2322,2183,139,1268,1166,102,3640,3296,344,21.0076578,75.5626039
MAHARASHTRA,Total,Jalgaon,Car/Jeep/Van,5902,5294,608,0,0,0,552,482,70,1864,1630,234,968,871,97,670,594,76,478,449,29,504,478,26,434,406,28,432,384,48,21.0076578,75.5626039
MAHARASHTRA,Total,Jalgaon,Tempo/Autorickshaw/Taxi,21283,18431,2852,0,0,0,1384,1189,195,7987,6429,1558,6311,5684,627,2445,2254,191,891,825,66,685,640,45,513,469,44,1067,941,126,21.0076578,75.5626039
MAHARASHTRA,Total,Jalgaon,Bus,29233,24742,4491,0,0,0,845,657,188,3587,2836,751,5961,4932,1029,6789,5669,1120,4399,3812,587,3872,3430,442,2860,2624,236,920,782,138,21.0076578,75.5626039
MAHARASHTRA,Total,Jalgaon,Train,8884,8084,800,0,0,0,436,375,61,660,575,85,359,320,39,404,354,50,1582,1455,127,1400,1289,111,3116,2866,250,927,850,77,21.0076578,75.5626039
MAHARASHTRA,Total,Jalgaon,Water transport,133,116,17,0,0,0,22,20,2,37,31,6,14,12,2,11,8,3,11,10,1,7,7,0,13,12,1,18,16,2,21.0076578,75.5626039
MAHARASHTRA,Total,Jalgaon,Any other,4367,3842,525,0,0,0,370,325,45,1551,1332,219,883,802,81,510,451,59,201,187,14,212,184,28,235,215,20,405,346,59,21.0076578,75.5626039
MAHARASHTRA,Total,Jalgaon,No travel,159692,113953,45739,159692,113953,45739,0,0,0,0,0,0,0,0,0,0,0,0,0,0,0,0,0,0,0,0,0,0,0,0,21.0076578,75.5626039
MAHARASHTRA,Rural,Jalgaon,All Modes,160794,125227,35567,74106,51057,23049,20647,16125,4522,23389,20000,3389,19979,17109,2870,9165,8473,692,5204,4794,410,3427,3192,235,2997,2809,188,1880,1668,212,21.0076578,75.5626039
MAHARASHTRA,Rural,Jalgaon,On foot,34148,25645,8503,0,0,0,16639,12484,4155,9800,7473,2327,7709,5688,2021,0,0,0,0,0,0,0,0,0,0,0,0,0,0,0,21.0076578,75.5626039
MAHARASHTRA,Rural,Jalgaon,Bicycle,9649,9226,423,0,0,0,1076,1013,63,4812,4614,198,2334,2251,83,690,666,24,737,682,55,0,0,0,0,0,0,0,0,0,21.0076578,75.5626039
MAHARASHTRA,Rural,Jalgaon,Moped/Scooter/Motor Cycle,16725,15747,978,0,0,0,1871,1736,135,4758,4435,323,3783,3603,180,3144,2998,146,1409,1322,87,821,781,40,330,309,21,609,563,46,21.0076578,75.5626039
MAHARASHTRA,Rural,Jalgaon,Car/Jeep/Van,1477,1351,126,0,0,0,114,96,18,210,184,26,228,216,12,270,240,30,218,204,14,163,157,6,140,135,5,134,119,15,21.0076578,75.5626039
MAHARASHTRA,Rural,Jalgaon,Tempo/Autorickshaw/Taxi,6194,5701,493,0,0,0,279,248,31,1612,1437,175,2087,1950,137,1131,1052,79,393,371,22,295,279,16,180,168,12,217,196,21,21.0076578,75.5626039
MAHARASHTRA,Rural,Jalgaon,Bus,14722,13144,1578,0,0,0,427,346,81,1653,1398,255,3426,3040,386,3506,3141,365,2112,1904,208,1780,1642,138,1402,1319,83,416,354,62,21.0076578,75.5626039
MAHARASHTRA,Rural,Jalgaon,Train,2096,1904,192,0,0,0,131,110,21,117,100,17,83,73,10,112,95,17,213,194,19,261,244,17,858,796,62,321,292,29,21.0076578,75.5626039
MAHARASHTRA,Rural,Jalgaon,Water transport,54,46,8,0,0,0,9,7,2,11,8,3,6,5,1,4,3,1,7,7,0,3,3,0,6,6,0,8,7,1,21.0076578,75.5626039
MAHARASHTRA,Rural,Jalgaon,Any other,1623,1406,217,0,0,0,101,85,16,416,351,65,323,283,40,308,278,30,115,110,5,104,86,18,81,76,5,175,137,38,21.0076578,75.5626039
MAHARASHTRA,Rural,Jalgaon,No travel,74106,51057,23049,74106,51057,23049,0,0,0,0,0,0,0,0,0,0,0,0,0,0,0,0,0,0,0,0,0,0,0,0,21.0076578,75.5626039
MAHARASHTRA,Urban,Jalgaon,All Modes,342314,288596,53718,85586,62896,22690,55284,47350,7934,121326,107109,14217,41324,36378,4946,11672,10304,1368,10576,9644,932,5575,5019,556,5442,4949,493,5529,4947,582,21.0076578,75.5626039
MAHARASHTRA,Urban,Jalgaon,On foot,87475,71876,15599,0,0,0,35494,29302,6192,38313,31328,6985,13668,11246,2422,0,0,0,0,0,0,0,0,0,0,0,0,0,0,0,21.0076578,75.5626039
MAHARASHTRA,Urban,Jalgaon,Bicycle,52423,49855,2568,0,0,0,7009,6602,407,32864,31323,1541,7640,7309,331,1072,1018,54,3838,3603,235,0,0,0,0,0,0,0,0,0,21.0076578,75.5626039
MAHARASHTRA,Urban,Jalgaon,Moped/Scooter/Motor Cycle,73194,67012,6182,0,0,0,10233,9290,943,38482,35103,3379,11673,10769,904,5102,4765,337,2234,2093,141,1501,1402,99,938,857,81,3031,2733,298,21.0076578,75.5626039
MAHARASHTRA,Urban,Jalgaon,Car/Jeep/Van,4425,3943,482,0,0,0,438,386,52,1654,1446,208,740,655,85,400,354,46,260,245,15,341,321,20,294,271,23,298,265,33,21.0076578,75.5626039
MAHARASHTRA,Urban,Jalgaon,Tempo/Autorickshaw/Taxi,15089,12730,2359,0,0,0,1105,941,164,6375,4992,1383,4224,3734,490,1314,1202,112,498,454,44,390,361,29,333,301,32,850,745,105,21.0076578,75.5626039
MAHARASHTRA,Urban,Jalgaon,Bus,14511,11598,2913,0,0,0,418,311,107,1934,1438,496,2535,1892,643,3283,2528,755,2287,1908,379,2092,1788,304,1458,1305,153,504,428,76,21.0076578,75.5626039
MAHARASHTRA,Urban,Jalgaon,Train,6788,6180,608,0,0,0,305,265,40,543,475,68,276,247,29,292,259,33,1369,1261,108,1139,1045,94,2258,2070,188,606,558,48,21.0076578,75.5626039
MAHARASHTRA,Urban,Jalgaon,Water transport,79,70,9,0,0,0,13,13,0,26,23,3,8,7,1,7,5,2,4,3,1,4,4,0,7,6,1,10,9,1,21.0076578,75.5626039
MAHARASHTRA,Urban,Jalgaon,Any other,2744,2436,308,0,0,0,269,240,29,1135,981,154,560,519,41,202,173,29,86,77,9,108,98,10,154,139,15,230,209,21,21.0076578,75.5626039
MAHARASHTRA,Urban,Jalgaon,No travel,85586,62896,22690,85586,62896,22690,0,0,0,0,0,0,0,0,0,0,0,0,0,0,0,0,0,0,0,0,0,0,0,0,21.0076578,75.5626039
KARNATAKA,Total,Shimoga,All Modes,314554,240713,73841,86801,57741,29060,53433,38618,14815,87942,71042,16900,43886,36537,7349,18271,15681,2590,9078,7862,1216,5939,5169,770,7409,6475,934,1795,1588,207,13.9299299,75.568101
KARNATAKA,Total,Shimoga,On foot,73335,48201,25134,0,0,0,36602,23423,13179,26766,17739,9027,9967,7039,2928,0,0,0,0,0,0,0,0,0,0,0,0,0,0,0,13.9299299,75.568101
KARNATAKA,Total,Shimoga,Bicycle,29849,28802,1047,0,0,0,3935,3727,208,17114,16570,544,6028,5869,159,1440,1393,47,1332,1243,89,0,0,0,0,0,0,0,0,0,13.9299299,75.568101
KARNATAKA,Total,Shimoga,Moped/Scooter/Motor Cycle,52188,48946,3242,0,0,0,8725,8217,508,25415,23516,1899,10362,9800,562,4212,4070,142,1361,1320,41,987,953,34,509,492,17,617,578,39,13.9299299,75.568101
KARNATAKA,Total,Shimoga,Car/Jeep/Van,6564,5963,601,0,0,0,936,830,106,2154,1898,256,1116,1023,93,815,759,56,396,366,30,434,407,27,562,541,21,151,139,12,13.9299299,75.568101
KARNATAKA,Total,Shimoga,Tempo/Autorickshaw/Taxi,6341,5704,637,0,0,0,631,578,53,1873,1506,367,1661,1552,109,984,925,59,396,383,13,316,304,12,297,282,15,183,174,9,13.9299299,75.568101
KARNATAKA,Total,Shimoga,Bus,55184,41517,13667,0,0,0,2114,1439,675,13513,8808,4705,14070,10625,3445,10394,8173,2221,5425,4398,1027,3910,3236,674,5249,4437,812,509,401,108,13.9299299,75.568101
KARNATAKA,Total,Shimoga,Train,2346,2017,329,0,0,0,287,227,60,639,567,72,349,318,31,237,189,48,77,66,11,149,131,18,526,462,64,82,57,25,13.9299299,75.568101
KARNATAKA,Total,Shimoga,Water transport,109,85,24,0,0,0,16,9,7,26,21,5,17,13,4,14,11,3,8,7,1,4,4,0,13,13,0,11,7,4,13.9299299,75.568101
KARNATAKA,Total,Shimoga,Any other,1837,1737,100,0,0,0,187,168,19,442,417,25,316,298,18,175,161,14,83,79,4,139,134,5,253,248,5,242,232,10,13.9299299,75.568101
KARNATAKA,Total,Shimoga,No travel,86801,57741,29060,86801,57741,29060,0,0,0,0,0,0,0,0,0,0,0,0,0,0,0,0,0,0,0,0,0,0,0,0,13.9299299,75.568101
KARNATAKA,Rural,Shimoga,All Modes,115144,80676,34468,46858,28729,18129,17674,11285,6389,17794,13013,4781,15166,12114,3052,8078,7112,966,4317,3830,487,2268,2006,262,2472,2158,314,517,429,88,13.9299299,75.568101
KARNATAKA,Rural,Shimoga,On foot,27843,16762,11081,0,0,0,14580,8602,5978,8581,5132,3449,4682,3028,1654,0,0,0,0,0,0,0,0,0,0,0,0,0,0,0,13.9299299,75.568101
KARNATAKA,Rural,Shimoga,Bicycle,6083,5760,323,0,0,0,761,688,73,2681,2561,120,1587,1527,60,613,590,23,441,394,47,0,0,0,0,0,0,0,0,0,13.9299299,75.568101
KARNATAKA,Rural,Shimoga,Moped/Scooter/Motor Cycle,9615,9143,472,0,0,0,1157,1095,62,2948,2771,177,2647,2500,147,1706,1652,54,608,593,15,285,282,3,127,124,3,137,126,11,13.9299299,75.568101
KARNATAKA,Rural,Shimoga,Car/Jeep/Van,1715,1561,154,0,0,0,170,147,23,285,245,40,319,284,35,352,331,21,159,146,13,158,150,8,210,203,7,62,55,7,13.9299299,75.568101
KARNATAKA,Rural,Shimoga,Tempo/Autorickshaw/Taxi,1703,1591,112,0,0,0,144,133,11,347,314,33,463,438,25,378,351,27,136,132,4,89,86,3,91,87,4,55,50,5,13.9299299,75.568101
KARNATAKA,Rural,Shimoga,Bus,20039,16006,4033,0,0,0,701,499,202,2698,1765,933,5217,4114,1103,4870,4046,824,2889,2487,402,1659,1414,245,1824,1543,281,181,138,43,13.9299299,75.568101
KARNATAKA,Rural,Shimoga,Train,660,553,107,0,0,0,105,76,29,146,129,17,130,117,13,71,64,7,32,28,4,20,18,2,119,101,18,37,20,17,13.9299299,75.568101
KARNATAKA,Rural,Shimoga,Water transport,47,37,10,0,0,0,8,4,4,2,2,0,8,6,2,8,7,1,7,6,1,2,2,0,7,7,0,5,3,2,13.9299299,75.568101
KARNATAKA,Rural,Shimoga,Any other,581,534,47,0,0,0,48,41,7,106,94,12,113,100,13,80,71,9,45,44,1,55,54,1,94,93,1,40,37,3,13.9299299,75.568101
KARNATAKA,Rural,Shimoga,No travel,46858,28729,18129,46858,28729,18129,0,0,0,0,0,0,0,0,0,0,0,0,0,0,0,0,0,0,0,0,0,0,0,0,13.9299299,75.568101
KARNATAKA,Urban,Shimoga,All Modes,199410,160037,39373,39943,29012,10931,35759,27333,8426,70148,58029,12119,28720,24423,4297,10193,8569,1624,4761,4032,729,3671,3163,508,4937,4317,620,1278,1159,119,13.9299299,75.568101
KARNATAKA,Urban,Shimoga,On foot,45492,31439,14053,0,0,0,22022,14821,7201,18185,12607,5578,5285,4011,1274,0,0,0,0,0,0,0,0,0,0,0,0,0,0,0,13.9299299,75.568101
KARNATAKA,Urban,Shimoga,Bicycle,23766,23042,724,0,0,0,3174,3039,135,14433,14009,424,4441,4342,99,827,803,24,891,849,42,0,0,0,0,0,0,0,0,0,13.9299299,75.568101
KARNATAKA,Urban,Shimoga,Moped/Scooter/Motor Cycle,42573,39803,2770,0,0,0,7568,7122,446,22467,20745,1722,7715,7300,415,2506,2418,88,753,727,26,702,671,31,382,368,14,480,452,28,13.9299299,75.568101
KARNATAKA,Urban,Shimoga,Car/Jeep/Van,4849,4402,447,0,0,0,766,683,83,1869,1653,216,797,739,58,463,428,35,237,220,17,276,257,19,352,338,14,89,84,5,13.9299299,75.568101
KARNATAKA,Urban,Shimoga,Tempo/Autorickshaw/Taxi,4638,4113,525,0,0,0,487,445,42,1526,1192,334,1198,1114,84,606,574,32,260,251,9,227,218,9,206,195,11,128,124,4,13.9299299,75.568101
KARNATAKA,Urban,Shimoga,Bus,35145,25511,9634,0,0,0,1413,940,473,10815,7043,3772,8853,6511,2342,5524,4127,1397,2536,1911,625,2251,1822,429,3425,2894,531,328,263,65,13.9299299,75.568101
KARNATAKA,Urban,Shimoga,Train,1686,1464,222,0,0,0,182,151,31,493,438,55,219,201,18,166,125,41,45,38,7,129,113,16,407,361,46,45,37,8,13.9299299,75.568101
KARNATAKA,Urban,Shimoga,Water transport,62,48,14,0,0,0,8,5,3,24,19,5,9,7,2,6,4,2,1,1,0,2,2,0,6,6,0,6,4,2,13.9299299,75.568101
KARNATAKA,Urban,Shimoga,Any other,1256,1203,53,0,0,0,139,127,12,336,323,13,203,198,5,95,90,5,38,35,3,84,80,4,159,155,4,202,195,7,13.9299299,75.568101
KARNATAKA,Urban,Shimoga,No travel,39943,29012,10931,39943,29012,10931,0,0,0,0,0,0,0,0,0,0,0,0,0,0,0,0,0,0,0,0,0,0,0,0,13.9299299,75.568101
PUNJAB,Total,Jalandhar,All Modes,592351,487994,104357,163948,118090,45858,89211,72734,16477,163226,142893,20333,98164,85448,12716,30999,27466,3533,20416,18514,1902,7829,6647,1182,6679,5853,826,11879,10349,1530,31.3260152,75.5761829
PUNJAB,Total,Jalandhar,On foot,108155,84136,24019,0,0,0,56251,42916,13335,26174,20685,5489,25730,20535,5195,0,0,0,0,0,0,0,0,0,0,0,0,0,0,0,31.3260152,75.5761829
PUNJAB,Total,Jalandhar,Bicycle,129810,123833,5977,0,0,0,14010,13283,727,66403,63080,3323,29733,28658,1075,8517,8222,295,11147,10590,557,0,0,0,0,0,0,0,0,0,31.3260152,75.5761829
PUNJAB,Total,Jalandhar,Moped/Scooter/Motor Cycle,119582,106224,13358,0,0,0,14685,13192,1493,52275,45847,6428,28575,25350,3225,11318,10318,1000,2784,2580,204,2130,1930,200,732,653,79,7083,6354,729,31.3260152,75.5761829
PUNJAB,Total,Jalandhar,Car/Jeep/Van,20215,17409,2806,0,0,0,1806,1528,278,7491,6335,1156,4551,3965,586,2296,1984,312,952,830,122,942,848,94,863,783,80,1314,1136,178,31.3260152,75.5761829
PUNJAB,Total,Jalandhar,Tempo/Autorickshaw/Taxi,13531,9513,4018,0,0,0,978,682,296,5279,3166,2113,3428,2488,940,1573,1284,289,482,418,64,473,391,82,316,274,42,1002,810,192,31.3260152,75.5761829
PUNJAB,Total,Jalandhar,Bus,27170,19833,7337,0,0,0,746,495,251,3648,2068,1580,4826,3274,1552,6234,4678,1556,4136,3242,894,3416,2673,743,2854,2408,446,1310,995,315,31.3260152,75.5761829
PUNJAB,Total,Jalandhar,Train,6286,5659,627,0,0,0,318,273,45,821,703,118,518,453,65,768,717,51,807,754,53,703,650,53,1669,1509,160,682,600,82,31.3260152,75.5761829
PUNJAB,Total,Jalandhar,Water transport,318,272,46,0,0,0,38,30,8,71,59,12,64,55,9,28,20,8,13,13,0,18,17,1,22,20,2,64,58,6,31.3260152,75.5761829
PUNJAB,Total,Jalandhar,Any other,3336,3025,311,0,0,0,379,335,44,1064,950,114,739,670,69,265,243,22,95,87,8,147,138,9,223,206,17,424,396,28,31.3260152,75.5761829
PUNJAB,Total,Jalandhar,No travel,163948,118090,45858,163948,118090,45858,0,0,0,0,0,0,0,0,0,0,0,0,0,0,0,0,0,0,0,0,0,0,0,0,31.3260152,75.5761829
PUNJAB,Rural,Jalandhar,All Modes,199152,164122,35030,59935,41482,18453,25538,19705,5833,44165,39773,4392,37697,33893,3804,15640,14415,1225,8782,8210,572,3016,2703,313,1886,1705,181,2493,2236,257,31.3260152,75.5761829
PUNJAB,Rural,Jalandhar,On foot,33884,25112,8772,0,0,0,18473,13204,5269,6989,5318,1671,8422,6590,1832,0,0,0,0,0,0,0,0,0,0,0,0,0,0,0,31.3260152,75.5761829
PUNJAB,Rural,Jalandhar,Bicycle,55139,53050,2089,0,0,0,4334,4110,224,24939,23914,1025,15949,15472,477,5464,5288,176,4453,4266,187,0,0,0,0,0,0,0,0,0,31.3260152,75.5761829
PUNJAB,Rural,Jalandhar,Moped/Scooter/Motor Cycle,28688,26662,2026,0,0,0,1957,1762,195,8937,8140,797,8711,8152,559,5513,5225,288,1409,1355,54,739,708,31,166,158,8,1256,1162,94,31.3260152,75.5761829
PUNJAB,Rural,Jalandhar,Car/Jeep/Van,2651,2376,275,0,0,0,189,164,25,620,523,97,579,523,56,446,408,38,227,208,19,205,195,10,186,180,6,199,175,24,31.3260152,75.5761829
PUNJAB,Rural,Jalandhar,Tempo/Autorickshaw/Taxi,3118,2638,480,0,0,0,139,124,15,752,582,170,929,774,155,620,533,87,211,195,16,130,124,6,142,127,15,195,179,16,31.3260152,75.5761829
PUNJAB,Rural,Jalandhar,Bus,12549,9861,2688,0,0,0,262,187,75,1443,859,584,2698,2017,681,3159,2547,612,2014,1742,272,1590,1339,251,887,771,116,496,399,97,31.3260152,75.5761829
PUNJAB,Rural,Jalandhar,Train,1953,1796,157,0,0,0,70,53,17,166,139,27,154,138,16,328,312,16,418,396,22,268,255,13,364,335,29,185,168,17,31.3260152,75.5761829
PUNJAB,Rural,Jalandhar,Water transport,89,78,11,0,0,0,10,6,4,15,14,1,19,16,3,12,10,2,8,8,0,6,6,0,7,7,0,12,11,1,31.3260152,75.5761829
PUNJAB,Rural,Jalandhar,Any other,1146,1067,79,0,0,0,104,95,9,304,284,20,236,211,25,98,92,6,42,40,2,78,76,2,134,127,7,150,142,8,31.3260152,75.5761829
PUNJAB,Rural,Jalandhar,No travel,59935,41482,18453,59935,41482,18453,0,0,0,0,0,0,0,0,0,0,0,0,0,0,0,0,0,0,0,0,0,0,0,0,31.3260152,75.5761829
PUNJAB,Urban,Jalandhar,All Modes,393199,323872,69327,104013,76608,27405,63673,53029,10644,119061,103120,15941,60467,51555,8912,15359,13051,2308,11634,10304,1330,4813,3944,869,4793,4148,645,9386,8113,1273,31.3260152,75.5761829
PUNJAB,Urban,Jalandhar,On foot,74271,59024,15247,0,0,0,37778,29712,8066,19185,15367,3818,17308,13945,3363,0,0,0,0,0,0,0,0,0,0,0,0,0,0,0,31.3260152,75.5761829
PUNJAB,Urban,Jalandhar,Bicycle,74671,70783,3888,0,0,0,9676,9173,503,41464,39166,2298,13784,13186,598,3053,2934,119,6694,6324,370,0,0,0,0,0,0,0,0,0,31.3260152,75.5761829
PUNJAB,Urban,Jalandhar,Moped/Scooter/Motor Cycle,90894,79562,11332,0,0,0,12728,11430,1298,43338,37707,5631,19864,17198,2666,5805,5093,712,1375,1225,150,1391,1222,169,566,495,71,5827,5192,635,31.3260152,75.5761829
PUNJAB,Urban,Jalandhar,Car/Jeep/Van,17564,15033,2531,0,0,0,1617,1364,253,6871,5812,1059,3972,3442,530,1850,1576,274,725,622,103,737,653,84,677,603,74,1115,961,154,31.3260152,75.5761829
PUNJAB,Urban,Jalandhar,Tempo/Autorickshaw/Taxi,10413,6875,3538,0,0,0,839,558,281,4527,2584,1943,2499,1714,785,953,751,202,271,223,48,343,267,76,174,147,27,807,631,176,31.3260152,75.5761829
PUNJAB,Urban,Jalandhar,Bus,14621,9972,4649,0,0,0,484,308,176,2205,1209,996,2128,1257,871,3075,2131,944,2122,1500,622,1826,1334,492,1967,1637,330,814,596,218,31.3260152,75.5761829
PUNJAB,Urban,Jalandhar,Train,4333,3863,470,0,0,0,248,220,28,655,564,91,364,315,49,440,405,35,389,358,31,435,395,40,1305,1174,131,497,432,65,31.3260152,75.5761829
PUNJAB,Urban,Jalandhar,Water transport,229,194,35,0,0,0,28,24,4,56,45,11,45,39,6,16,10,6,5,5,0,12,11,1,15,13,2,52,47,5,31.3260152,75.5761829
PUNJAB,Urban,Jalandhar,Any other,2190,1958,232,0,0,0,275,240,35,760,666,94,503,459,44,167,151,16,53,47,6,69,62,7,89,79,10,274,254,20,31.3260152,75.5761829
PUNJAB,Urban,Jalandhar,No travel,104013,76608,27405,104013,76608,27405,0,0,0,0,0,0,0,0,0,0,0,0,0,0,0,0,0,0,0,0,0,0,0,0,31.3260152,75.5761829
MADHYA PRADESH,Total,Khargone (West Nimar),All Modes,149798,122309,27489,49616,36746,12870,33751,27787,5964,33148,28437,4711,13458,11583,1875,7464,6624,840,3872,3438,434,3314,2981,333,3956,3615,341,1219,1098,121,21.8335244,75.6149893
MADHYA PRADESH,Total,Khargone (West Nimar),On foot,45207,35749,9458,0,0,0,25849,20476,5373,14650,11567,3083,4708,3706,1002,0,0,0,0,0,0,0,0,0,0,0,0,0,0,0,21.8335244,75.6149893
MADHYA PRADESH,Total,Khargone (West Nimar),Bicycle,14339,13794,545,0,0,0,2427,2313,114,8000,7707,293,2194,2136,58,848,819,29,870,819,51,0,0,0,0,0,0,0,0,0,21.8335244,75.6149893
MADHYA PRADESH,Total,Khargone (West Nimar),Moped/Scooter/Motor Cycle,20898,19540,1358,0,0,0,4508,4217,291,7579,6956,623,3169,2990,179,2562,2425,137,1012,970,42,918,887,31,534,516,18,616,579,37,21.8335244,75.6149893
MADHYA PRADESH,Total,Khargone (West Nimar),Car/Jeep/Van,1204,1060,144,0,0,0,192,155,37,279,231,48,129,112,17,117,103,14,82,76,6,131,125,6,223,212,11,51,46,5,21.8335244,75.6149893
MADHYA PRADESH,Total,Khargone (West Nimar),Tempo/Autorickshaw/Taxi,1722,1379,343,0,0,0,124,83,41,616,431,185,470,396,74,246,226,20,77,69,8,74,70,4,62,61,1,53,43,10,21.8335244,75.6149893
MADHYA PRADESH,Total,Khargone (West Nimar),Bus,15033,12423,2610,0,0,0,380,302,78,1545,1121,424,2565,2037,528,3549,2920,629,1775,1455,320,2097,1809,288,2735,2451,284,387,328,59,21.8335244,75.6149893
MADHYA PRADESH,Total,Khargone (West Nimar),Train,738,681,57,0,0,0,142,124,18,164,151,13,61,56,5,39,38,1,14,13,1,37,36,1,208,198,10,73,65,8,21.8335244,75.6149893
MADHYA PRADESH,Total,Khargone (West Nimar),Water transport,125,114,11,0,0,0,26,22,4,52,50,2,27,25,2,4,3,1,1,1,0,3,3,0,2,2,0,10,8,2,21.8335244,75.6149893
MADHYA PRADESH,Total,Khargone (West Nimar),Any other,916,823,93,0,0,0,103,95,8,263,223,40,135,125,10,99,90,9,41,35,6,54,51,3,192,175,17,29,29,0,21.8335244,75.6149893
MADHYA PRADESH,Total,Khargone (West Nimar),No travel,49616,36746,12870,49616,36746,12870,0,0,0,0,0,0,0,0,0,0,0,0,0,0,0,0,0,0,0,0,0,0,0,0,21.8335244,75.6149893
MADHYA PRADESH,Rural,Khargone (West Nimar),All Modes,67966,53959,14007,28777,20621,8156,10913,8433,2480,10820,9221,1599,7530,6655,875,4363,4019,344,1905,1715,190,1406,1279,127,1728,1541,187,524,475,49,21.8335244,75.6149893
MADHYA PRADESH,Rural,Khargone (West Nimar),On foot,15887,12070,3817,0,0,0,9406,7061,2345,4437,3412,1025,2044,1597,447,0,0,0,0,0,0,0,0,0,0,0,0,0,0,0,21.8335244,75.6149893
MADHYA PRADESH,Rural,Khargone (West Nimar),Bicycle,6000,5749,251,0,0,0,579,538,41,2732,2612,120,1592,1555,37,666,645,21,431,399,32,0,0,0,0,0,0,0,0,0,21.8335244,75.6149893
MADHYA PRADESH,Rural,Khargone (West Nimar),Moped/Scooter/Motor Cycle,7307,6897,410,0,0,0,599,567,32,2057,1907,150,1807,1716,91,1485,1405,80,512,487,25,395,381,14,241,234,7,211,200,11,21.8335244,75.6149893
MADHYA PRADESH,Rural,Khargone (West Nimar),Car/Jeep/Van,481,442,39,0,0,0,49,42,7,109,96,13,63,58,5,61,55,6,47,45,2,54,54,0,78,74,4,20,18,2,21.8335244,75.6149893
MADHYA PRADESH,Rural,Khargone (West Nimar),Tempo/Autorickshaw/Taxi,1005,881,124,0,0,0,28,21,7,348,287,61,316,279,37,154,149,5,41,37,4,49,47,2,34,33,1,35,28,7,21.8335244,75.6149893
MADHYA PRADESH,Rural,Khargone (West Nimar),Bus,7658,6546,1112,0,0,0,164,129,35,962,765,197,1583,1335,248,1893,1671,222,832,710,122,850,741,109,1172,1016,156,202,179,23,21.8335244,75.6149893
MADHYA PRADESH,Rural,Khargone (West Nimar),Train,258,236,22,0,0,0,32,26,6,49,45,4,32,30,2,21,20,1,11,10,1,13,13,0,67,64,3,33,28,5,21.8335244,75.6149893
MADHYA PRADESH,Rural,Khargone (West Nimar),Water transport,48,42,6,0,0,0,15,13,2,20,19,1,5,4,1,1,0,1,0,0,0,1,1,0,2,2,0,4,3,1,21.8335244,75.6149893
MADHYA PRADESH,Rural,Khargone (West Nimar),Any other,545,475,70,0,0,0,41,36,5,106,78,28,88,81,7,82,74,8,31,27,4,44,42,2,134,118,16,19,19,0,21.8335244,75.6149893
MADHYA PRADESH,Rural,Khargone (West Nimar),No travel,28777,20621,8156,28777,20621,8156,0,0,0,0,0,0,0,0,0,0,0,0,0,0,0,0,0,0,0,0,0,0,0,0,21.8335244,75.6149893
MADHYA PRADESH,Urban,Khargone (West Nimar),All Modes,81832,68350,13482,20839,16125,4714,22838,19354,3484,22328,19216,3112,5928,4928,1000,3101,2605,496,1967,1723,244,1908,1702,206,2228,2074,154,695,623,72,21.8335244,75.6149893
MADHYA PRADESH,Urban,Khargone (West Nimar),On foot,29320,23679,5641,0,0,0,16443,13415,3028,10213,8155,2058,2664,2109,555,0,0,0,0,0,0,0,0,0,0,0,0,0,0,0,21.8335244,75.6149893
MADHYA PRADESH,Urban,Khargone (West Nimar),Bicycle,8339,8045,294,0,0,0,1848,1775,73,5268,5095,173,602,581,21,182,174,8,439,420,19,0,0,0,0,0,0,0,0,0,21.8335244,75.6149893
MADHYA PRADESH,Urban,Khargone (West Nimar),Moped/Scooter/Motor Cycle,13591,12643,948,0,0,0,3909,3650,259,5522,5049,473,1362,1274,88,1077,1020,57,500,483,17,523,506,17,293,282,11,405,379,26,21.8335244,75.6149893
MADHYA PRADESH,Urban,Khargone (West Nimar),Car/Jeep/Van,723,618,105,0,0,0,143,113,30,170,135,35,66,54,12,56,48,8,35,31,4,77,71,6,145,138,7,31,28,3,21.8335244,75.6149893
MADHYA PRADESH,Urban,Khargone (West Nimar),Tempo/Autorickshaw/Taxi,717,498,219,0,0,0,96,62,34,268,144,124,154,117,37,92,77,15,36,32,4,25,23,2,28,28,0,18,15,3,21.8335244,75.6149893
MADHYA PRADESH,Urban,Khargone (West Nimar),Bus,7375,5877,1498,0,0,0,216,173,43,583,356,227,982,702,280,1656,1249,407,943,745,198,1247,1068,179,1563,1435,128,185,149,36,21.8335244,75.6149893
MADHYA PRADESH,Urban,Khargone (West Nimar),Train,480,445,35,0,0,0,110,98,12,115,106,9,29,26,3,18,18,0,3,3,0,24,23,1,141,134,7,40,37,3,21.8335244,75.6149893
MADHYA PRADESH,Urban,Khargone (West Nimar),Water transport,77,72,5,0,0,0,11,9,2,32,31,1,22,21,1,3,3,0,1,1,0,2,2,0,0,0,0,6,5,1,21.8335244,75.6149893
MADHYA PRADESH,Urban,Khargone (West Nimar),Any other,371,348,23,0,0,0,62,59,3,157,145,12,47,44,3,17,16,1,10,8,2,10,9,1,58,57,1,10,10,0,21.8335244,75.6149893
MADHYA PRADESH,Urban,Khargone (West Nimar),No travel,20839,16125,4714,20839,16125,4714,0,0,0,0,0,0,0,0,0,0,0,0,0,0,0,0,0,0,0,0,0,0,0,0,21.8335244,75.6149893
JAMMU & KASHMIR,Total,Doda,All Modes,67834,57003,10831,22116,17259,4857,11387,8894,2493,15643,14171,1472,8802,7838,964,2202,1919,283,1452,1287,165,1463,1289,174,3996,3652,344,773,694,79,33.0469201,75.6208088
JAMMU & KASHMIR,Total,Doda,On foot,31584,27225,4359,0,0,0,10930,8509,2421,13817,12602,1215,6837,6114,723,0,0,0,0,0,0,0,0,0,0,0,0,0,0,0,33.0469201,75.6208088
JAMMU & KASHMIR,Total,Doda,Bicycle,224,194,30,0,0,0,45,35,10,73,70,3,30,24,6,15,14,1,61,51,10,0,0,0,0,0,0,0,0,0,33.0469201,75.6208088
JAMMU & KASHMIR,Total,Doda,Moped/Scooter/Motor Cycle,448,416,32,0,0,0,47,45,2,164,148,16,92,85,7,65,64,1,24,24,0,23,20,3,16,15,1,17,15,2,33.0469201,75.6208088
JAMMU & KASHMIR,Total,Doda,Car/Jeep/Van,1076,898,178,0,0,0,84,70,14,242,201,41,128,111,17,120,102,18,93,86,7,90,77,13,252,192,60,67,59,8,33.0469201,75.6208088
JAMMU & KASHMIR,Total,Doda,Tempo/Autorickshaw/Taxi,524,467,57,0,0,0,16,13,3,122,101,21,110,100,10,79,74,5,52,49,3,52,48,4,61,56,5,32,26,6,33.0469201,75.6208088
JAMMU & KASHMIR,Total,Doda,Bus,11557,10262,1295,0,0,0,242,203,39,1171,999,172,1563,1365,198,1891,1633,258,1214,1070,144,1287,1133,154,3575,3303,272,614,556,58,33.0469201,75.6208088
JAMMU & KASHMIR,Total,Doda,Train,153,140,13,0,0,0,12,11,1,32,29,3,11,11,0,4,4,0,0,0,0,4,4,0,63,59,4,27,22,5,33.0469201,75.6208088
JAMMU & KASHMIR,Total,Doda,Water transport,36,30,6,0,0,0,4,3,1,7,6,1,9,7,2,4,4,0,1,1,0,1,1,0,8,6,2,2,2,0,33.0469201,75.6208088
JAMMU & KASHMIR,Total,Doda,Any other,116,112,4,0,0,0,7,5,2,15,15,0,22,21,1,24,24,0,7,6,1,6,6,0,21,21,0,14,14,0,33.0469201,75.6208088
JAMMU & KASHMIR,Total,Doda,No travel,22116,17259,4857,22116,17259,4857,0,0,0,0,0,0,0,0,0,0,0,0,0,0,0,0,0,0,0,0,0,0,0,0,33.0469201,75.6208088
JAMMU & KASHMIR,Rural,Doda,All Modes,57856,48533,9323,19024,14515,4509,8572,6567,2005,13990,12737,1253,7598,6851,747,1909,1712,197,1253,1126,127,1283,1149,134,3599,3311,288,628,565,63,33.0469201,75.6208088
JAMMU & KASHMIR,Rural,Doda,On foot,26680,23078,3602,0,0,0,8240,6290,1950,12514,11439,1075,5926,5349,577,0,0,0,0,0,0,0,0,0,0,0,0,0,0,0,33.0469201,75.6208088
JAMMU & KASHMIR,Rural,Doda,Bicycle,180,159,21,0,0,0,31,23,8,60,57,3,26,23,3,12,12,0,51,44,7,0,0,0,0,0,0,0,0,0,33.0469201,75.6208088
JAMMU & KASHMIR,Rural,Doda,Moped/Scooter/Motor Cycle,363,333,30,0,0,0,29,27,2,129,115,14,80,73,7,59,58,1,18,18,0,21,18,3,14,13,1,13,11,2,33.0469201,75.6208088
JAMMU & KASHMIR,Rural,Doda,Car/Jeep/Van,760,631,129,0,0,0,35,27,8,159,134,25,99,85,14,104,87,17,71,65,6,66,58,8,191,144,47,35,31,4,33.0469201,75.6208088
JAMMU & KASHMIR,Rural,Doda,Tempo/Autorickshaw/Taxi,442,401,41,0,0,0,12,10,2,95,83,12,100,92,8,74,70,4,46,43,3,46,43,3,47,44,3,22,16,6,33.0469201,75.6208088
JAMMU & KASHMIR,Rural,Doda,Bus,10145,9176,969,0,0,0,206,175,31,983,863,120,1331,1196,135,1629,1454,175,1059,949,110,1139,1019,120,3272,3041,231,526,479,47,33.0469201,75.6208088
JAMMU & KASHMIR,Rural,Doda,Train,128,116,12,0,0,0,9,8,1,29,26,3,8,8,0,4,4,0,0,0,0,4,4,0,53,49,4,21,17,4,33.0469201,75.6208088
JAMMU & KASHMIR,Rural,Doda,Water transport,31,25,6,0,0,0,3,2,1,7,6,1,7,5,2,4,4,0,1,1,0,1,1,0,8,6,2,0,0,0,33.0469201,75.6208088
JAMMU & KASHMIR,Rural,Doda,Any other,103,99,4,0,0,0,7,5,2,14,14,0,21,20,1,23,23,0,7,6,1,6,6,0,14,14,0,11,11,0,33.0469201,75.6208088
JAMMU & KASHMIR,Rural,Doda,No travel,19024,14515,4509,19024,14515,4509,0,0,0,0,0,0,0,0,0,0,0,0,0,0,0,0,0,0,0,0,0,0,0,0,33.0469201,75.6208088
JAMMU & KASHMIR,Urban,Doda,All Modes,9978,8470,1508,3092,2744,348,2815,2327,488,1653,1434,219,1204,987,217,293,207,86,199,161,38,180,140,40,397,341,56,145,129,16,33.0469201,75.6208088
JAMMU & KASHMIR,Urban,Doda,On foot,4904,4147,757,0,0,0,2690,2219,471,1303,1163,140,911,765,146,0,0,0,0,0,0,0,0,0,0,0,0,0,0,0,33.0469201,75.6208088
JAMMU & KASHMIR,Urban,Doda,Bicycle,44,35,9,0,0,0,14,12,2,13,13,0,4,1,3,3,2,1,10,7,3,0,0,0,0,0,0,0,0,0,33.0469201,75.6208088
JAMMU & KASHMIR,Urban,Doda,Moped/Scooter/Motor Cycle,85,83,2,0,0,0,18,18,0,35,33,2,12,12,0,6,6,0,6,6,0,2,2,0,2,2,0,4,4,0,33.0469201,75.6208088
JAMMU & KASHMIR,Urban,Doda,Car/Jeep/Van,316,267,49,0,0,0,49,43,6,83,67,16,29,26,3,16,15,1,22,21,1,24,19,5,61,48,13,32,28,4,33.0469201,75.6208088
JAMMU & KASHMIR,Urban,Doda,Tempo/Autorickshaw/Taxi,82,66,16,0,0,0,4,3,1,27,18,9,10,8,2,5,4,1,6,6,0,6,5,1,14,12,2,10,10,0,33.0469201,75.6208088
JAMMU & KASHMIR,Urban,Doda,Bus,1412,1086,326,0,0,0,36,28,8,188,136,52,232,169,63,262,179,83,155,121,34,148,114,34,303,262,41,88,77,11,33.0469201,75.6208088
JAMMU & KASHMIR,Urban,Doda,Train,25,24,1,0,0,0,3,3,0,3,3,0,3,3,0,0,0,0,0,0,0,0,0,0,10,10,0,6,5,1,33.0469201,75.6208088
JAMMU & KASHMIR,Urban,Doda,Water transport,5,5,0,0,0,0,1,1,0,0,0,0,2,2,0,0,0,0,0,0,0,0,0,0,0,0,0,2,2,0,33.0469201,75.6208088
JAMMU & KASHMIR,Urban,Doda,Any other,13,13,0,0,0,0,0,0,0,1,1,0,1,1,0,1,1,0,0,0,0,0,0,0,7,7,0,3,3,0,33.0469201,75.6208088
JAMMU & KASHMIR,Urban,Doda,No travel,3092,2744,348,3092,2744,348,0,0,0,0,0,0,0,0,0,0,0,0,0,0,0,0,0,0,0,0,0,0,0,0,33.0469201,75.6208088
KARNATAKA,Total,Gadag,All Modes,152486,118095,34391,63196,44724,18472,23659,18398,5261,29800,24588,5212,15788,12968,2820,6555,5503,1052,3729,3277,452,3699,3274,425,5141,4582,559,919,781,138,15.4315406,75.6355149
KARNATAKA,Total,Gadag,On foot,35120,25709,9411,0,0,0,18000,13227,4773,11401,8180,3221,5719,4302,1417,0,0,0,0,0,0,0,0,0,0,0,0,0,0,0,15.4315406,75.6355149
KARNATAKA,Total,Gadag,Bicycle,10973,10617,356,0,0,0,1697,1639,58,6470,6274,196,1781,1739,42,313,295,18,712,670,42,0,0,0,0,0,0,0,0,0,15.4315406,75.6355149
KARNATAKA,Total,Gadag,Moped/Scooter/Motor Cycle,13146,12471,675,0,0,0,2607,2453,154,6173,5814,359,2246,2148,98,942,907,35,333,330,3,312,307,5,253,239,14,280,273,7,15.4315406,75.6355149
KARNATAKA,Total,Gadag,Car/Jeep/Van,1425,1306,119,0,0,0,159,140,19,357,312,45,215,203,12,179,162,17,110,103,7,138,131,7,219,214,5,48,41,7,15.4315406,75.6355149
KARNATAKA,Total,Gadag,Tempo/Autorickshaw/Taxi,3859,3291,568,0,0,0,258,215,43,1170,916,254,1237,1049,188,543,503,40,173,164,9,197,187,10,164,152,12,117,105,12,15.4315406,75.6355149
KARNATAKA,Total,Gadag,Bus,21917,17458,4459,0,0,0,658,477,181,3692,2644,1048,4300,3277,1023,4411,3484,927,2296,1914,382,2754,2376,378,3445,3029,416,361,257,104,15.4315406,75.6355149
KARNATAKA,Total,Gadag,Train,1824,1626,198,0,0,0,151,133,18,212,190,22,123,107,16,66,60,6,66,58,8,216,196,20,925,821,104,65,61,4,15.4315406,75.6355149
KARNATAKA,Total,Gadag,Water transport,66,59,7,0,0,0,14,14,0,9,9,0,13,10,3,4,4,0,3,3,0,11,9,2,9,8,1,3,2,1,15.4315406,75.6355149
KARNATAKA,Total,Gadag,Any other,960,834,126,0,0,0,115,100,15,316,249,67,154,133,21,97,88,9,36,35,1,71,68,3,126,119,7,45,42,3,15.4315406,75.6355149
KARNATAKA,Total,Gadag,No travel,63196,44724,18472,63196,44724,18472,0,0,0,0,0,0,0,0,0,0,0,0,0,0,0,0,0,0,0,0,0,0,0,0,15.4315406,75.6355149
KARNATAKA,Rural,Gadag,All Modes,55493,41491,14002,29585,20057,9528,4968,3457,1511,5255,4263,992,6149,5185,964,3454,3058,396,1770,1600,170,1655,1496,159,2286,2095,191,371,280,91,15.4315406,75.6355149
KARNATAKA,Rural,Gadag,On foot,8186,5697,2489,0,0,0,4268,2847,1421,1965,1401,564,1953,1449,504,0,0,0,0,0,0,0,0,0,0,0,0,0,0,0,15.4315406,75.6355149
KARNATAKA,Rural,Gadag,Bicycle,1700,1635,65,0,0,0,161,151,10,653,631,22,480,474,6,159,150,9,247,229,18,0,0,0,0,0,0,0,0,0,15.4315406,75.6355149
KARNATAKA,Rural,Gadag,Moped/Scooter/Motor Cycle,2072,2013,59,0,0,0,140,131,9,514,498,16,645,628,17,423,413,10,131,130,1,102,101,1,71,67,4,46,45,1,15.4315406,75.6355149
KARNATAKA,Rural,Gadag,Car/Jeep/Van,529,494,35,0,0,0,23,20,3,57,51,6,93,90,3,93,82,11,59,57,2,59,56,3,132,129,3,13,9,4,15.4315406,75.6355149
KARNATAKA,Rural,Gadag,Tempo/Autorickshaw/Taxi,2128,1866,262,0,0,0,81,67,14,487,401,86,825,715,110,399,368,31,113,107,6,98,94,4,76,72,4,49,42,7,15.4315406,75.6355149
KARNATAKA,Rural,Gadag,Bus,10278,8820,1458,0,0,0,219,177,42,1425,1164,261,2031,1724,307,2302,1975,327,1166,1027,139,1255,1111,144,1670,1507,163,210,135,75,15.4315406,75.6355149
KARNATAKA,Rural,Gadag,Train,601,556,45,0,0,0,52,44,8,48,41,7,55,49,6,25,24,1,31,28,3,97,91,6,261,249,12,32,30,2,15.4315406,75.6355149
KARNATAKA,Rural,Gadag,Water transport,26,23,3,0,0,0,5,5,0,6,6,0,5,3,2,2,2,0,1,1,0,5,4,1,2,2,0,0,0,0,15.4315406,75.6355149
KARNATAKA,Rural,Gadag,Any other,388,330,58,0,0,0,19,15,4,100,70,30,62,53,9,51,44,7,22,21,1,39,39,0,74,69,5,21,19,2,15.4315406,75.6355149
KARNATAKA,Rural,Gadag,No travel,29585,20057,9528,29585,20057,9528,0,0,0,0,0,0,0,0,0,0,0,0,0,0,0,0,0,0,0,0,0,0,0,0,15.4315406,75.6355149
KARNATAKA,Urban,Gadag,All Modes,96993,76604,20389,33611,24667,8944,18691,14941,3750,24545,20325,4220,9639,7783,1856,3101,2445,656,1959,1677,282,2044,1778,266,2855,2487,368,548,501,47,15.4315406,75.6355149
KARNATAKA,Urban,Gadag,On foot,26934,20012,6922,0,0,0,13732,10380,3352,9436,6779,2657,3766,2853,913,0,0,0,0,0,0,0,0,0,0,0,0,0,0,0,15.4315406,75.6355149
KARNATAKA,Urban,Gadag,Bicycle,9273,8982,291,0,0,0,1536,1488,48,5817,5643,174,1301,1265,36,154,145,9,465,441,24,0,0,0,0,0,0,0,0,0,15.4315406,75.6355149
KARNATAKA,Urban,Gadag,Moped/Scooter/Motor Cycle,11074,10458,616,0,0,0,2467,2322,145,5659,5316,343,1601,1520,81,519,494,25,202,200,2,210,206,4,182,172,10,234,228,6,15.4315406,75.6355149
KARNATAKA,Urban,Gadag,Car/Jeep/Van,896,812,84,0,0,0,136,120,16,300,261,39,122,113,9,86,80,6,51,46,5,79,75,4,87,85,2,35,32,3,15.4315406,75.6355149
KARNATAKA,Urban,Gadag,Tempo/Autorickshaw/Taxi,1731,1425,306,0,0,0,177,148,29,683,515,168,412,334,78,144,135,9,60,57,3,99,93,6,88,80,8,68,63,5,15.4315406,75.6355149
KARNATAKA,Urban,Gadag,Bus,11639,8638,3001,0,0,0,439,300,139,2267,1480,787,2269,1553,716,2109,1509,600,1130,887,243,1499,1265,234,1775,1522,253,151,122,29,15.4315406,75.6355149
KARNATAKA,Urban,Gadag,Train,1223,1070,153,0,0,0,99,89,10,164,149,15,68,58,10,41,36,5,35,30,5,119,105,14,664,572,92,33,31,2,15.4315406,75.6355149
KARNATAKA,Urban,Gadag,Water transport,40,36,4,0,0,0,9,9,0,3,3,0,8,7,1,2,2,0,2,2,0,6,5,1,7,6,1,3,2,1,15.4315406,75.6355149
KARNATAKA,Urban,Gadag,Any other,572,504,68,0,0,0,96,85,11,216,179,37,92,80,12,46,44,2,14,14,0,32,29,3,52,50,2,24,23,1,15.4315406,75.6355149
KARNATAKA,Urban,Gadag,No travel,33611,24667,8944,33611,24667,8944,0,0,0,0,0,0,0,0,0,0,0,0,0,0,0,0,0,0,0,0,0,0,0,0,15.4315406,75.6355149
RAJASTHAN,Total,Bundi,All Modes,153078,115891,37187,46797,31025,15772,37935,28094,9841,38968,30962,8006,13083,10951,2132,6927,6243,684,3021,2778,243,2892,2690,202,2701,2450,251,754,698,56,25.4305144,75.6499025
RAJASTHAN,Total,Bundi,On foot,53516,36213,17303,0,0,0,30575,21120,9455,18900,12301,6599,4041,2792,1249,0,0,0,0,0,0,0,0,0,0,0,0,0,0,0,25.4305144,75.6499025
RAJASTHAN,Total,Bundi,Bicycle,15020,14404,616,0,0,0,2350,2261,89,8379,8053,326,2835,2694,141,934,899,35,522,497,25,0,0,0,0,0,0,0,0,0,25.4305144,75.6499025
RAJASTHAN,Total,Bundi,Moped/Scooter/Motor Cycle,21747,20703,1044,0,0,0,4239,4068,171,8816,8332,484,3322,3148,174,2999,2858,141,979,952,27,808,781,27,288,280,8,296,284,12,25.4305144,75.6499025
RAJASTHAN,Total,Bundi,Car/Jeep/Van,3125,2679,446,0,0,0,241,211,30,692,576,116,661,501,160,724,633,91,217,198,19,340,325,15,186,178,8,64,57,7,25.4305144,75.6499025
RAJASTHAN,Total,Bundi,Tempo/Autorickshaw/Taxi,2467,2063,404,0,0,0,131,114,17,887,684,203,767,656,111,417,365,52,101,91,10,75,70,5,36,34,2,53,49,4,25.4305144,75.6499025
RAJASTHAN,Total,Bundi,Bus,7713,6433,1280,0,0,0,203,160,43,729,570,159,1121,857,264,1624,1275,349,997,846,151,1408,1283,125,1434,1265,169,197,177,20,25.4305144,75.6499025
RAJASTHAN,Total,Bundi,Train,1136,996,140,0,0,0,84,65,19,120,104,16,57,54,3,37,36,1,34,30,4,118,91,27,591,530,61,95,86,9,25.4305144,75.6499025
RAJASTHAN,Total,Bundi,Water transport,25,21,4,0,0,0,5,4,1,5,5,0,5,5,0,0,0,0,1,0,1,1,1,0,4,4,0,4,2,2,25.4305144,75.6499025
RAJASTHAN,Total,Bundi,Any other,1532,1354,178,0,0,0,107,91,16,440,337,103,274,244,30,192,177,15,170,164,6,142,139,3,162,159,3,45,43,2,25.4305144,75.6499025
RAJASTHAN,Total,Bundi,No travel,46797,31025,15772,46797,31025,15772,0,0,0,0,0,0,0,0,0,0,0,0,0,0,0,0,0,0,0,0,0,0,0,0,25.4305144,75.6499025
RAJASTHAN,Rural,Bundi,All Modes,90389,64642,25747,32961,21240,11721,18578,12141,6437,18972,13615,5357,9201,7678,1523,4840,4524,316,1896,1789,107,1782,1689,93,1655,1502,153,504,464,40,25.4305144,75.6499025
RAJASTHAN,Rural,Bundi,On foot,30685,18688,11997,0,0,0,16568,10284,6284,11182,6437,4745,2935,1967,968,0,0,0,0,0,0,0,0,0,0,0,0,0,0,0,25.4305144,75.6499025
RAJASTHAN,Rural,Bundi,Bicycle,7578,7181,397,0,0,0,700,648,52,3656,3478,178,2088,1969,119,795,765,30,339,321,18,0,0,0,0,0,0,0,0,0,25.4305144,75.6499025
RAJASTHAN,Rural,Bundi,Moped/Scooter/Motor Cycle,9241,8881,360,0,0,0,925,881,44,2604,2479,125,2211,2122,89,2012,1949,63,608,595,13,536,518,18,194,192,2,151,145,6,25.4305144,75.6499025
RAJASTHAN,Rural,Bundi,Car/Jeep/Van,2043,1785,258,0,0,0,99,86,13,381,314,67,520,400,120,524,488,36,146,139,7,244,238,6,78,75,3,51,45,6,25.4305144,75.6499025
RAJASTHAN,Rural,Bundi,Tempo/Autorickshaw/Taxi,1366,1191,175,0,0,0,46,39,7,328,275,53,474,411,63,344,305,39,68,62,6,44,41,3,23,23,0,39,35,4,25.4305144,75.6499025
RAJASTHAN,Rural,Bundi,Bus,4690,4077,613,0,0,0,107,93,14,428,342,86,707,565,142,994,857,137,551,496,55,779,727,52,957,846,111,167,151,16,25.4305144,75.6499025
RAJASTHAN,Rural,Bundi,Train,582,508,74,0,0,0,47,38,9,55,44,11,35,35,0,24,23,1,21,19,2,61,49,12,284,250,34,55,50,5,25.4305144,75.6499025
RAJASTHAN,Rural,Bundi,Water transport,15,13,2,0,0,0,5,4,1,2,2,0,3,3,0,0,0,0,0,0,0,0,0,0,2,2,0,3,2,1,25.4305144,75.6499025
RAJASTHAN,Rural,Bundi,Any other,1228,1078,150,0,0,0,81,68,13,336,244,92,228,206,22,147,137,10,163,157,6,118,116,2,117,114,3,38,36,2,25.4305144,75.6499025
RAJASTHAN,Rural,Bundi,No travel,32961,21240,11721,32961,21240,11721,0,0,0,0,0,0,0,0,0,0,0,0,0,0,0,0,0,0,0,0,0,0,0,0,25.4305144,75.6499025
RAJASTHAN,Urban,Bundi,All Modes,62689,51249,11440,13836,9785,4051,19357,15953,3404,19996,17347,2649,3882,3273,609,2087,1719,368,1125,989,136,1110,1001,109,1046,948,98,250,234,16,25.4305144,75.6499025
RAJASTHAN,Urban,Bundi,On foot,22831,17525,5306,0,0,0,14007,10836,3171,7718,5864,1854,1106,825,281,0,0,0,0,0,0,0,0,0,0,0,0,0,0,0,25.4305144,75.6499025
RAJASTHAN,Urban,Bundi,Bicycle,7442,7223,219,0,0,0,1650,1613,37,4723,4575,148,747,725,22,139,134,5,183,176,7,0,0,0,0,0,0,0,0,0,25.4305144,75.6499025
RAJASTHAN,Urban,Bundi,Moped/Scooter/Motor Cycle,12506,11822,684,0,0,0,3314,3187,127,6212,5853,359,1111,1026,85,987,909,78,371,357,14,272,263,9,94,88,6,145,139,6,25.4305144,75.6499025
RAJASTHAN,Urban,Bundi,Car/Jeep/Van,1082,894,188,0,0,0,142,125,17,311,262,49,141,101,40,200,145,55,71,59,12,96,87,9,108,103,5,13,12,1,25.4305144,75.6499025
RAJASTHAN,Urban,Bundi,Tempo/Autorickshaw/Taxi,1101,872,229,0,0,0,85,75,10,559,409,150,293,245,48,73,60,13,33,29,4,31,29,2,13,11,2,14,14,0,25.4305144,75.6499025
RAJASTHAN,Urban,Bundi,Bus,3023,2356,667,0,0,0,96,67,29,301,228,73,414,292,122,630,418,212,446,350,96,629,556,73,477,419,58,30,26,4,25.4305144,75.6499025
RAJASTHAN,Urban,Bundi,Train,554,488,66,0,0,0,37,27,10,65,60,5,22,19,3,13,13,0,13,11,2,57,42,15,307,280,27,40,36,4,25.4305144,75.6499025
RAJASTHAN,Urban,Bundi,Water transport,10,8,2,0,0,0,0,0,0,3,3,0,2,2,0,0,0,0,1,0,1,1,1,0,2,2,0,1,0,1,25.4305144,75.6499025
RAJASTHAN,Urban,Bundi,Any other,304,276,28,0,0,0,26,23,3,104,93,11,46,38,8,45,40,5,7,7,0,24,23,1,45,45,0,7,7,0,25.4305144,75.6499025
RAJASTHAN,Urban,Bundi,No travel,13836,9785,4051,13836,9785,4051,0,0,0,0,0,0,0,0,0,0,0,0,0,0,0,0,0,0,0,0,0,0,0,0,25.4305144,75.6499025
KARNATAKA,Total,Bagalkot,All Modes,273842,205876,67966,125040,85975,39065,40187,30410,9777,43667,34266,9401,31013,25152,5861,12308,10826,1482,7920,7015,905,5644,5001,643,6329,5680,649,1734,1551,183,16.1725355,75.6557206
KARNATAKA,Total,Bagalkot,On foot,62313,43790,18523,0,0,0,31297,22511,8786,18987,12557,6430,12029,8722,3307,0,0,0,0,0,0,0,0,0,0,0,0,0,0,0,16.1725355,75.6557206
KARNATAKA,Total,Bagalkot,Bicycle,16204,15481,723,0,0,0,2374,2238,136,8466,8093,373,3002,2915,87,931,905,26,1431,1330,101,0,0,0,0,0,0,0,0,0,16.1725355,75.6557206
KARNATAKA,Total,Bagalkot,Moped/Scooter/Motor Cycle,22210,20946,1264,0,0,0,3829,3573,256,7779,7230,549,4644,4404,240,2732,2650,82,1142,1110,32,816,780,36,489,470,19,779,729,50,16.1725355,75.6557206
KARNATAKA,Total,Bagalkot,Car/Jeep/Van,3552,3184,368,0,0,0,385,329,56,892,750,142,756,691,65,485,453,32,250,240,10,301,282,19,367,344,23,116,95,21,16.1725355,75.6557206
KARNATAKA,Total,Bagalkot,Tempo/Autorickshaw/Taxi,10613,8383,2230,0,0,0,709,521,188,3068,2225,843,3809,2976,833,1607,1392,215,512,458,54,417,376,41,332,298,34,159,137,22,16.1725355,75.6557206
KARNATAKA,Total,Bagalkot,Bus,30804,25358,5446,0,0,0,1231,953,278,3728,2784,944,6400,5110,1290,6245,5140,1105,4377,3682,695,3859,3320,539,4530,3997,533,434,372,62,16.1725355,75.6557206
KARNATAKA,Total,Bagalkot,Train,1475,1314,161,0,0,0,165,129,36,265,227,38,133,119,14,136,122,14,111,101,10,146,139,7,396,365,31,123,112,11,16.1725355,75.6557206
KARNATAKA,Total,Bagalkot,Water transport,191,160,31,0,0,0,14,11,3,115,98,17,21,18,3,7,7,0,7,4,3,3,3,0,12,10,2,12,9,3,16.1725355,75.6557206
KARNATAKA,Total,Bagalkot,Any other,1440,1285,155,0,0,0,183,145,38,367,302,65,219,197,22,165,157,8,90,90,0,102,101,1,203,196,7,111,97,14,16.1725355,75.6557206
KARNATAKA,Total,Bagalkot,No travel,125040,85975,39065,125040,85975,39065,0,0,0,0,0,0,0,0,0,0,0,0,0,0,0,0,0,0,0,0,0,0,0,0,16.1725355,75.6557206
KARNATAKA,Rural,Bagalkot,All Modes,114280,83871,30409,54730,36194,18536,11162,7759,3403,17712,13343,4369,12737,10344,2393,7083,6408,675,4062,3669,393,3068,2768,300,3337,3052,285,389,334,55,16.1725355,75.6557206
KARNATAKA,Rural,Bagalkot,On foot,22036,14243,7793,0,0,0,9169,6045,3124,8210,5037,3173,4657,3161,1496,0,0,0,0,0,0,0,0,0,0,0,0,0,0,0,16.1725355,75.6557206
KARNATAKA,Rural,Bagalkot,Bicycle,6464,6144,320,0,0,0,474,432,42,3268,3102,166,1499,1454,45,566,548,18,657,608,49,0,0,0,0,0,0,0,0,0,16.1725355,75.6557206
KARNATAKA,Rural,Bagalkot,Moped/Scooter/Motor Cycle,7225,6943,282,0,0,0,549,522,27,2084,1973,111,1761,1699,62,1441,1408,33,617,602,15,456,440,16,231,223,8,86,76,10,16.1725355,75.6557206
KARNATAKA,Rural,Bagalkot,Car/Jeep/Van,1492,1336,156,0,0,0,107,95,12,403,335,68,288,259,29,282,260,22,110,108,2,120,117,3,157,144,13,25,18,7,16.1725355,75.6557206
KARNATAKA,Rural,Bagalkot,Tempo/Autorickshaw/Taxi,5009,4151,858,0,0,0,196,154,42,1454,1113,341,1516,1233,283,1064,938,126,320,289,31,248,234,14,181,164,17,30,26,4,16.1725355,75.6557206
KARNATAKA,Rural,Bagalkot,Bus,15458,13205,2253,0,0,0,481,377,104,1869,1437,432,2784,2327,457,3488,3027,461,2193,1907,286,2091,1827,264,2402,2173,229,150,130,20,16.1725355,75.6557206
KARNATAKA,Rural,Bagalkot,Train,848,760,88,0,0,0,71,48,23,121,101,20,85,76,9,100,92,8,93,85,8,89,87,2,234,223,11,55,48,7,16.1725355,75.6557206
KARNATAKA,Rural,Bagalkot,Water transport,152,130,22,0,0,0,8,6,2,108,93,15,11,10,1,7,7,0,6,4,2,1,1,0,5,5,0,6,4,2,16.1725355,75.6557206
KARNATAKA,Rural,Bagalkot,Any other,866,765,101,0,0,0,107,80,27,195,152,43,136,125,11,135,128,7,66,66,0,63,62,1,127,120,7,37,32,5,16.1725355,75.6557206
KARNATAKA,Rural,Bagalkot,No travel,54730,36194,18536,54730,36194,18536,0,0,0,0,0,0,0,0,0,0,0,0,0,0,0,0,0,0,0,0,0,0,0,0,16.1725355,75.6557206
KARNATAKA,Urban,Bagalkot,All Modes,159562,122005,37557,70310,49781,20529,29025,22651,6374,25955,20923,5032,18276,14808,3468,5225,4418,807,3858,3346,512,2576,2233,343,2992,2628,364,1345,1217,128,16.1725355,75.6557206
KARNATAKA,Urban,Bagalkot,On foot,40277,29547,10730,0,0,0,22128,16466,5662,10777,7520,3257,7372,5561,1811,0,0,0,0,0,0,0,0,0,0,0,0,0,0,0,16.1725355,75.6557206
KARNATAKA,Urban,Bagalkot,Bicycle,9740,9337,403,0,0,0,1900,1806,94,5198,4991,207,1503,1461,42,365,357,8,774,722,52,0,0,0,0,0,0,0,0,0,16.1725355,75.6557206
KARNATAKA,Urban,Bagalkot,Moped/Scooter/Motor Cycle,14985,14003,982,0,0,0,3280,3051,229,5695,5257,438,2883,2705,178,1291,1242,49,525,508,17,360,340,20,258,247,11,693,653,40,16.1725355,75.6557206
KARNATAKA,Urban,Bagalkot,Car/Jeep/Van,2060,1848,212,0,0,0,278,234,44,489,415,74,468,432,36,203,193,10,140,132,8,181,165,16,210,200,10,91,77,14,16.1725355,75.6557206
KARNATAKA,Urban,Bagalkot,Tempo/Autorickshaw/Taxi,5604,4232,1372,0,0,0,513,367,146,1614,1112,502,2293,1743,550,543,454,89,192,169,23,169,142,27,151,134,17,129,111,18,16.1725355,75.6557206
KARNATAKA,Urban,Bagalkot,Bus,15346,12153,3193,0,0,0,750,576,174,1859,1347,512,3616,2783,833,2757,2113,644,2184,1775,409,1768,1493,275,2128,1824,304,284,242,42,16.1725355,75.6557206
KARNATAKA,Urban,Bagalkot,Train,627,554,73,0,0,0,94,81,13,144,126,18,48,43,5,36,30,6,18,16,2,57,52,5,162,142,20,68,64,4,16.1725355,75.6557206
KARNATAKA,Urban,Bagalkot,Water transport,39,30,9,0,0,0,6,5,1,7,5,2,10,8,2,0,0,0,1,0,1,2,2,0,7,5,2,6,5,1,16.1725355,75.6557206
KARNATAKA,Urban,Bagalkot,Any other,574,520,54,0,0,0,76,65,11,172,150,22,83,72,11,30,29,1,24,24,0,39,39,0,76,76,0,74,65,9,16.1725355,75.6557206
KARNATAKA,Urban,Bagalkot,No travel,70310,49781,20529,70310,49781,20529,0,0,0,0,0,0,0,0,0,0,0,0,0,0,0,0,0,0,0,0,0,0,0,0,16.1725355,75.6557206
KARNATAKA,Total,Bijapur,All Modes,288526,216261,72265,125878,85465,40413,37901,27931,9970,54280,43202,11078,30628,24604,6024,12129,10562,1567,7639,6718,921,7434,6555,879,10489,9361,1128,2148,1863,285,16.8301708,75.710031
KARNATAKA,Total,Bijapur,On foot,61570,42248,19322,0,0,0,28119,19371,8748,21775,14771,7004,11676,8106,3570,0,0,0,0,0,0,0,0,0,0,0,0,0,0,0,16.8301708,75.710031
KARNATAKA,Total,Bijapur,Bicycle,19581,18489,1092,0,0,0,2515,2336,179,10488,9922,566,3968,3811,157,1072,1030,42,1538,1390,148,0,0,0,0,0,0,0,0,0,16.8301708,75.710031
KARNATAKA,Total,Bijapur,Moped/Scooter/Motor Cycle,26475,24803,1672,0,0,0,4023,3764,259,11504,10705,799,5184,4825,359,2611,2489,122,1001,973,28,841,809,32,524,501,23,787,737,50,16.8301708,75.710031
KARNATAKA,Total,Bijapur,Car/Jeep/Van,4460,3934,526,0,0,0,468,380,88,1017,833,184,776,673,103,632,576,56,380,346,34,493,466,27,524,502,22,170,158,12,16.8301708,75.710031
KARNATAKA,Total,Bijapur,Tempo/Autorickshaw/Taxi,14267,11264,3003,0,0,0,980,702,278,5165,3783,1382,4121,3311,810,1985,1697,288,528,469,59,532,497,35,599,533,66,357,272,85,16.8301708,75.710031
KARNATAKA,Total,Bijapur,Bus,32752,26879,5873,0,0,0,1415,1055,360,3609,2559,1050,4495,3524,971,5528,4493,1035,3990,3357,633,5137,4392,745,7980,7013,967,598,486,112,16.8301708,75.710031
KARNATAKA,Total,Bijapur,Train,1878,1636,242,0,0,0,171,133,38,280,229,51,195,159,36,140,126,14,100,86,14,274,246,28,607,564,43,111,93,18,16.8301708,75.710031
KARNATAKA,Total,Bijapur,Water transport,127,111,16,0,0,0,17,14,3,24,20,4,20,16,4,16,16,0,9,8,1,8,5,3,23,22,1,10,10,0,16.8301708,75.710031
KARNATAKA,Total,Bijapur,Any other,1538,1432,106,0,0,0,193,176,17,418,380,38,193,179,14,145,135,10,93,89,4,149,140,9,232,226,6,115,107,8,16.8301708,75.710031
KARNATAKA,Total,Bijapur,No travel,125878,85465,40413,125878,85465,40413,0,0,0,0,0,0,0,0,0,0,0,0,0,0,0,0,0,0,0,0,0,0,0,0,16.8301708,75.710031
KARNATAKA,Rural,Bijapur,All Modes,149713,107630,42083,79232,52474,26758,15907,10693,5214,15853,11319,4534,14737,11525,3212,7897,7077,820,4628,4205,423,4494,4103,391,6217,5589,628,748,645,103,16.8301708,75.710031
KARNATAKA,Rural,Bijapur,On foot,28798,18121,10677,0,0,0,13196,8388,4808,9059,5355,3704,6543,4378,2165,0,0,0,0,0,0,0,0,0,0,0,0,0,0,0,16.8301708,75.710031
KARNATAKA,Rural,Bijapur,Bicycle,5681,5371,310,0,0,0,530,469,61,2214,2110,104,1570,1510,60,649,618,31,718,664,54,0,0,0,0,0,0,0,0,0,16.8301708,75.710031
KARNATAKA,Rural,Bijapur,Moped/Scooter/Motor Cycle,6844,6498,346,0,0,0,726,689,37,1591,1502,89,1656,1558,98,1388,1323,65,613,595,18,511,495,16,247,236,11,112,100,12,16.8301708,75.710031
KARNATAKA,Rural,Bijapur,Car/Jeep/Van,2221,2011,210,0,0,0,163,134,29,257,216,41,372,325,47,468,437,31,294,268,26,304,285,19,297,284,13,66,62,4,16.8301708,75.710031
KARNATAKA,Rural,Bijapur,Tempo/Autorickshaw/Taxi,6165,5087,1078,0,0,0,351,275,76,1021,783,238,1961,1548,413,1586,1366,220,378,332,46,356,335,21,396,350,46,116,98,18,16.8301708,75.710031
KARNATAKA,Rural,Bijapur,Bus,18748,16214,2534,0,0,0,747,574,173,1414,1091,323,2428,2016,412,3567,3112,455,2470,2203,267,3027,2710,317,4795,4260,535,300,248,52,16.8301708,75.710031
KARNATAKA,Rural,Bijapur,Train,948,848,100,0,0,0,71,52,19,80,67,13,62,55,7,111,100,11,64,57,7,181,168,13,315,296,19,64,53,11,16.8301708,75.710031
KARNATAKA,Rural,Bijapur,Water transport,58,53,5,0,0,0,11,9,2,4,3,1,7,7,0,12,12,0,5,4,1,2,1,1,11,11,0,6,6,0,16.8301708,75.710031
KARNATAKA,Rural,Bijapur,Any other,1018,953,65,0,0,0,112,103,9,213,192,21,138,128,10,116,109,7,86,82,4,113,109,4,156,152,4,84,78,6,16.8301708,75.710031
KARNATAKA,Rural,Bijapur,No travel,79232,52474,26758,79232,52474,26758,0,0,0,0,0,0,0,0,0,0,0,0,0,0,0,0,0,0,0,0,0,0,0,0,16.8301708,75.710031
KARNATAKA,Urban,Bijapur,All Modes,138813,108631,30182,46646,32991,13655,21994,17238,4756,38427,31883,6544,15891,13079,2812,4232,3485,747,3011,2513,498,2940,2452,488,4272,3772,500,1400,1218,182,16.8301708,75.710031
KARNATAKA,Urban,Bijapur,On foot,32772,24127,8645,0,0,0,14923,10983,3940,12716,9416,3300,5133,3728,1405,0,0,0,0,0,0,0,0,0,0,0,0,0,0,0,16.8301708,75.710031
KARNATAKA,Urban,Bijapur,Bicycle,13900,13118,782,0,0,0,1985,1867,118,8274,7812,462,2398,2301,97,423,412,11,820,726,94,0,0,0,0,0,0,0,0,0,16.8301708,75.710031
KARNATAKA,Urban,Bijapur,Moped/Scooter/Motor Cycle,19631,18305,1326,0,0,0,3297,3075,222,9913,9203,710,3528,3267,261,1223,1166,57,388,378,10,330,314,16,277,265,12,675,637,38,16.8301708,75.710031
KARNATAKA,Urban,Bijapur,Car/Jeep/Van,2239,1923,316,0,0,0,305,246,59,760,617,143,404,348,56,164,139,25,86,78,8,189,181,8,227,218,9,104,96,8,16.8301708,75.710031
KARNATAKA,Urban,Bijapur,Tempo/Autorickshaw/Taxi,8102,6177,1925,0,0,0,629,427,202,4144,3000,1144,2160,1763,397,399,331,68,150,137,13,176,162,14,203,183,20,241,174,67,16.8301708,75.710031
KARNATAKA,Urban,Bijapur,Bus,14004,10665,3339,0,0,0,668,481,187,2195,1468,727,2067,1508,559,1961,1381,580,1520,1154,366,2110,1682,428,3185,2753,432,298,238,60,16.8301708,75.710031
KARNATAKA,Urban,Bijapur,Train,930,788,142,0,0,0,100,81,19,200,162,38,133,104,29,29,26,3,36,29,7,93,78,15,292,268,24,47,40,7,16.8301708,75.710031
KARNATAKA,Urban,Bijapur,Water transport,69,58,11,0,0,0,6,5,1,20,17,3,13,9,4,4,4,0,4,4,0,6,4,2,12,11,1,4,4,0,16.8301708,75.710031
KARNATAKA,Urban,Bijapur,Any other,520,479,41,0,0,0,81,73,8,205,188,17,55,51,4,29,26,3,7,7,0,36,31,5,76,74,2,31,29,2,16.8301708,75.710031
KARNATAKA,Urban,Bijapur,No travel,46646,32991,13655,46646,32991,13655,0,0,0,0,0,0,0,0,0,0,0,0,0,0,0,0,0,0,0,0,0,0,0,0,16.8301708,75.710031
HARYANA,Total,Hisar,All Modes,270191,220866,49325,106389,79110,27279,37709,30825,6884,56058,48749,7309,30628,26678,3950,12720,11360,1360,8776,7820,956,4842,4379,463,9965,9141,824,3104,2804,300,29.1491875,75.7216527
HARYANA,Total,Hisar,On foot,50825,39755,11070,0,0,0,26277,20390,5887,14984,11701,3283,9564,7664,1900,0,0,0,0,0,0,0,0,0,0,0,0,0,0,0,29.1491875,75.7216527
HARYANA,Total,Hisar,Bicycle,32795,31059,1736,0,0,0,4047,3804,243,17933,16976,957,6502,6223,279,1681,1612,69,2632,2444,188,0,0,0,0,0,0,0,0,0,29.1491875,75.7216527
HARYANA,Total,Hisar,Moped/Scooter/Motor Cycle,33674,31227,2447,0,0,0,5079,4737,342,14944,13614,1330,6609,6172,437,3490,3330,160,1149,1100,49,590,573,17,639,596,43,1174,1105,69,29.1491875,75.7216527
HARYANA,Total,Hisar,Car/Jeep/Van,8063,7024,1039,0,0,0,985,852,133,2889,2486,403,1391,1198,193,879,791,88,581,502,79,434,396,38,562,501,61,342,298,44,29.1491875,75.7216527
HARYANA,Total,Hisar,Tempo/Autorickshaw/Taxi,6379,4925,1454,0,0,0,281,187,94,2196,1473,723,2332,1920,412,896,761,135,201,183,18,92,82,10,129,118,11,252,201,51,29.1491875,75.7216527
HARYANA,Total,Hisar,Bus,26119,22362,3757,0,0,0,559,437,122,1785,1329,456,3492,2831,661,5383,4500,883,4023,3420,603,3365,2987,378,6695,6139,556,817,719,98,29.1491875,75.7216527
HARYANA,Total,Hisar,Train,4202,3872,330,0,0,0,282,251,31,783,715,68,386,360,26,209,194,15,135,125,10,302,286,16,1740,1598,142,365,343,22,29.1491875,75.7216527
HARYANA,Total,Hisar,Water transport,151,129,22,0,0,0,26,19,7,26,22,4,21,18,3,23,19,4,9,7,2,10,10,0,18,16,2,18,18,0,29.1491875,75.7216527
HARYANA,Total,Hisar,Any other,1594,1403,191,0,0,0,173,148,25,518,433,85,331,292,39,159,153,6,46,39,7,49,45,4,182,173,9,136,120,16,29.1491875,75.7216527
HARYANA,Total,Hisar,No travel,106389,79110,27279,106389,79110,27279,0,0,0,0,0,0,0,0,0,0,0,0,0,0,0,0,0,0,0,0,0,0,0,0,29.1491875,75.7216527
HARYANA,Rural,Hisar,All Modes,113763,90311,23452,49878,34177,15701,13424,9979,3445,13353,11673,1680,13534,12155,1379,8539,8137,402,4794,4538,256,3040,2877,163,6147,5790,357,1054,985,69,29.1491875,75.7216527
HARYANA,Rural,Hisar,On foot,20240,15035,5205,0,0,0,11405,8169,3236,4426,3332,1094,4409,3534,875,0,0,0,0,0,0,0,0,0,0,0,0,0,0,0,29.1491875,75.7216527
HARYANA,Rural,Hisar,Bicycle,10145,9701,444,0,0,0,847,776,71,4669,4474,195,2520,2431,89,1010,978,32,1099,1042,57,0,0,0,0,0,0,0,0,0,29.1491875,75.7216527
HARYANA,Rural,Hisar,Moped/Scooter/Motor Cycle,9132,8828,304,0,0,0,457,420,37,2110,2016,94,2509,2437,72,2358,2298,60,763,746,17,398,391,7,324,317,7,213,203,10,29.1491875,75.7216527
HARYANA,Rural,Hisar,Car/Jeep/Van,1846,1695,151,0,0,0,141,115,26,296,265,31,382,344,38,399,382,17,201,185,16,169,163,6,201,186,15,57,55,2,29.1491875,75.7216527
HARYANA,Rural,Hisar,Tempo/Autorickshaw/Taxi,2070,1900,170,0,0,0,56,50,6,318,259,59,794,733,61,589,557,32,132,129,3,42,40,2,74,73,1,65,59,6,29.1491875,75.7216527
HARYANA,Rural,Hisar,Bus,17362,16142,1220,0,0,0,327,286,41,1053,913,140,2560,2335,225,3918,3667,251,2494,2339,155,2221,2082,139,4307,4074,233,482,446,36,29.1491875,75.7216527
HARYANA,Rural,Hisar,Train,2203,2044,159,0,0,0,108,94,14,245,226,19,189,183,6,152,145,7,65,60,5,162,156,6,1108,1013,95,174,167,7,29.1491875,75.7216527
HARYANA,Rural,Hisar,Water transport,71,62,9,0,0,0,16,12,4,3,2,1,8,7,1,13,13,0,6,5,1,5,5,0,11,9,2,9,9,0,29.1491875,75.7216527
HARYANA,Rural,Hisar,Any other,816,727,89,0,0,0,67,57,10,233,186,47,163,151,12,100,97,3,34,32,2,43,40,3,122,118,4,54,46,8,29.1491875,75.7216527
HARYANA,Rural,Hisar,No travel,49878,34177,15701,49878,34177,15701,0,0,0,0,0,0,0,0,0,0,0,0,0,0,0,0,0,0,0,0,0,0,0,0,29.1491875,75.7216527
HARYANA,Urban,Hisar,All Modes,156428,130555,25873,56511,44933,11578,24285,20846,3439,42705,37076,5629,17094,14523,2571,4181,3223,958,3982,3282,700,1802,1502,300,3818,3351,467,2050,1819,231,29.1491875,75.7216527
HARYANA,Urban,Hisar,On foot,30585,24720,5865,0,0,0,14872,12221,2651,10558,8369,2189,5155,4130,1025,0,0,0,0,0,0,0,0,0,0,0,0,0,0,0,29.1491875,75.7216527
HARYANA,Urban,Hisar,Bicycle,22650,21358,1292,0,0,0,3200,3028,172,13264,12502,762,3982,3792,190,671,634,37,1533,1402,131,0,0,0,0,0,0,0,0,0,29.1491875,75.7216527
HARYANA,Urban,Hisar,Moped/Scooter/Motor Cycle,24542,22399,2143,0,0,0,4622,4317,305,12834,11598,1236,4100,3735,365,1132,1032,100,386,354,32,192,182,10,315,279,36,961,902,59,29.1491875,75.7216527
HARYANA,Urban,Hisar,Car/Jeep/Van,6217,5329,888,0,0,0,844,737,107,2593,2221,372,1009,854,155,480,409,71,380,317,63,265,233,32,361,315,46,285,243,42,29.1491875,75.7216527
HARYANA,Urban,Hisar,Tempo/Autorickshaw/Taxi,4309,3025,1284,0,0,0,225,137,88,1878,1214,664,1538,1187,351,307,204,103,69,54,15,50,42,8,55,45,10,187,142,45,29.1491875,75.7216527
HARYANA,Urban,Hisar,Bus,8757,6220,2537,0,0,0,232,151,81,732,416,316,932,496,436,1465,833,632,1529,1081,448,1144,905,239,2388,2065,323,335,273,62,29.1491875,75.7216527
HARYANA,Urban,Hisar,Train,1999,1828,171,0,0,0,174,157,17,538,489,49,197,177,20,57,49,8,70,65,5,140,130,10,632,585,47,191,176,15,29.1491875,75.7216527
HARYANA,Urban,Hisar,Water transport,80,67,13,0,0,0,10,7,3,23,20,3,13,11,2,10,6,4,3,2,1,5,5,0,7,7,0,9,9,0,29.1491875,75.7216527
HARYANA,Urban,Hisar,Any other,778,676,102,0,0,0,106,91,15,285,247,38,168,141,27,59,56,3,12,7,5,6,5,1,60,55,5,82,74,8,29.1491875,75.7216527
HARYANA,Urban,Hisar,No travel,56511,44933,11578,56511,44933,11578,0,0,0,0,0,0,0,0,0,0,0,0,0,0,0,0,0,0,0,0,0,0,0,0,29.1491875,75.7216527
MAHARASHTRA,Total,Bid,All Modes,254609,201673,52936,88115,59835,28280,46094,37704,8390,60206,51466,8740,22343,18958,3385,13708,12205,1503,8590,7741,849,7021,6261,760,6832,5985,847,1700,1518,182,18.9890893,75.7600785
MAHARASHTRA,Total,Bid,On foot,68535,53620,14915,0,0,0,34002,26675,7327,26250,20666,5584,8283,6279,2004,0,0,0,0,0,0,0,0,0,0,0,0,0,0,0,18.9890893,75.7600785
MAHARASHTRA,Total,Bid,Bicycle,16235,15642,593,0,0,0,2624,2487,137,9746,9454,292,2048,1985,63,733,700,33,1084,1016,68,0,0,0,0,0,0,0,0,0,18.9890893,75.7600785
MAHARASHTRA,Total,Bid,Moped/Scooter/Motor Cycle,41651,38778,2873,0,0,0,6983,6467,516,16634,15283,1351,5754,5399,355,5737,5409,328,2891,2774,117,1997,1896,101,798,760,38,857,790,67,18.9890893,75.7600785
MAHARASHTRA,Total,Bid,Car/Jeep/Van,3992,3556,436,0,0,0,429,376,53,797,710,87,498,447,51,606,527,79,429,368,61,541,504,37,523,478,45,169,146,23,18.9890893,75.7600785
MAHARASHTRA,Total,Bid,Tempo/Autorickshaw/Taxi,12683,10676,2007,0,0,0,1030,840,190,4306,3347,959,2861,2470,391,2403,2103,300,696,658,38,598,560,38,513,451,62,276,247,29,18.9890893,75.7600785
MAHARASHTRA,Total,Bid,Bus,19905,16669,3236,0,0,0,633,521,112,1769,1398,371,2440,1996,444,3833,3125,708,3262,2722,540,3509,2995,514,4174,3677,497,285,235,50,18.9890893,75.7600785
MAHARASHTRA,Total,Bid,Train,1015,921,94,0,0,0,126,113,13,246,222,24,116,109,7,86,77,9,85,78,7,78,74,4,230,204,26,48,44,4,18.9890893,75.7600785
MAHARASHTRA,Total,Bid,Water transport,64,54,10,0,0,0,21,15,6,9,9,0,6,5,1,5,4,1,2,2,0,6,6,0,8,8,0,7,5,2,18.9890893,75.7600785
MAHARASHTRA,Total,Bid,Any other,2414,1922,492,0,0,0,246,210,36,449,377,72,337,268,69,305,260,45,141,123,18,292,226,66,586,407,179,58,51,7,18.9890893,75.7600785
MAHARASHTRA,Total,Bid,No travel,88115,59835,28280,88115,59835,28280,0,0,0,0,0,0,0,0,0,0,0,0,0,0,0,0,0,0,0,0,0,0,0,0,18.9890893,75.7600785
MAHARASHTRA,Rural,Bid,All Modes,116181,90417,25764,48199,33046,15153,16465,12620,3845,16637,13807,2830,11426,9687,1739,9365,8574,791,5170,4750,420,4263,3891,372,4065,3517,548,591,525,66,18.9890893,75.7600785
MAHARASHTRA,Rural,Bid,On foot,22805,16436,6369,0,0,0,13143,9634,3509,6471,4592,1879,3191,2210,981,0,0,0,0,0,0,0,0,0,0,0,0,0,0,0,18.9890893,75.7600785
MAHARASHTRA,Rural,Bid,Bicycle,4713,4509,204,0,0,0,603,554,49,2165,2098,67,991,952,39,496,479,17,458,426,32,0,0,0,0,0,0,0,0,0,18.9890893,75.7600785
MAHARASHTRA,Rural,Bid,Moped/Scooter/Motor Cycle,18066,17012,1054,0,0,0,1716,1585,131,4785,4432,353,3497,3311,186,4015,3812,203,2016,1939,77,1327,1262,65,458,440,18,252,231,21,18.9890893,75.7600785
MAHARASHTRA,Rural,Bid,Car/Jeep/Van,2279,2035,244,0,0,0,160,139,21,319,284,35,310,272,38,444,394,50,305,270,35,344,321,23,318,286,32,79,69,10,18.9890893,75.7600785
MAHARASHTRA,Rural,Bid,Tempo/Autorickshaw/Taxi,6600,5884,716,0,0,0,371,319,52,1608,1370,238,1644,1448,196,1673,1537,136,463,443,20,394,375,19,354,306,48,93,86,7,18.9890893,75.7600785
MAHARASHTRA,Rural,Bid,Bus,11355,9793,1562,0,0,0,315,261,54,1017,812,205,1484,1248,236,2437,2098,339,1774,1541,233,1922,1715,207,2286,2020,266,120,98,22,18.9890893,75.7600785
MAHARASHTRA,Rural,Bid,Train,446,399,47,0,0,0,49,43,6,76,70,6,53,49,4,50,44,6,41,35,6,33,32,1,125,109,16,19,17,2,18.9890893,75.7600785
MAHARASHTRA,Rural,Bid,Water transport,30,26,4,0,0,0,13,10,3,3,3,0,4,3,1,3,3,0,0,0,0,2,2,0,3,3,0,2,2,0,18.9890893,75.7600785
MAHARASHTRA,Rural,Bid,Any other,1688,1277,411,0,0,0,95,75,20,193,146,47,252,194,58,247,207,40,113,96,17,241,184,57,521,353,168,26,22,4,18.9890893,75.7600785
MAHARASHTRA,Rural,Bid,No travel,48199,33046,15153,48199,33046,15153,0,0,0,0,0,0,0,0,0,0,0,0,0,0,0,0,0,0,0,0,0,0,0,0,18.9890893,75.7600785
MAHARASHTRA,Urban,Bid,All Modes,138428,111256,27172,39916,26789,13127,29629,25084,4545,43569,37659,5910,10917,9271,1646,4343,3631,712,3420,2991,429,2758,2370,388,2767,2468,299,1109,993,116,18.9890893,75.7600785
MAHARASHTRA,Urban,Bid,On foot,45730,37184,8546,0,0,0,20859,17041,3818,19779,16074,3705,5092,4069,1023,0,0,0,0,0,0,0,0,0,0,0,0,0,0,0,18.9890893,75.7600785
MAHARASHTRA,Urban,Bid,Bicycle,11522,11133,389,0,0,0,2021,1933,88,7581,7356,225,1057,1033,24,237,221,16,626,590,36,0,0,0,0,0,0,0,0,0,18.9890893,75.7600785
MAHARASHTRA,Urban,Bid,Moped/Scooter/Motor Cycle,23585,21766,1819,0,0,0,5267,4882,385,11849,10851,998,2257,2088,169,1722,1597,125,875,835,40,670,634,36,340,320,20,605,559,46,18.9890893,75.7600785
MAHARASHTRA,Urban,Bid,Car/Jeep/Van,1713,1521,192,0,0,0,269,237,32,478,426,52,188,175,13,162,133,29,124,98,26,197,183,14,205,192,13,90,77,13,18.9890893,75.7600785
MAHARASHTRA,Urban,Bid,Tempo/Autorickshaw/Taxi,6083,4792,1291,0,0,0,659,521,138,2698,1977,721,1217,1022,195,730,566,164,233,215,18,204,185,19,159,145,14,183,161,22,18.9890893,75.7600785
MAHARASHTRA,Urban,Bid,Bus,8550,6876,1674,0,0,0,318,260,58,752,586,166,956,748,208,1396,1027,369,1488,1181,307,1587,1280,307,1888,1657,231,165,137,28,18.9890893,75.7600785
MAHARASHTRA,Urban,Bid,Train,569,522,47,0,0,0,77,70,7,170,152,18,63,60,3,36,33,3,44,43,1,45,42,3,105,95,10,29,27,2,18.9890893,75.7600785
MAHARASHTRA,Urban,Bid,Water transport,34,28,6,0,0,0,8,5,3,6,6,0,2,2,0,2,1,1,2,2,0,4,4,0,5,5,0,5,3,2,18.9890893,75.7600785
MAHARASHTRA,Urban,Bid,Any other,726,645,81,0,0,0,151,135,16,256,231,25,85,74,11,58,53,5,28,27,1,51,42,9,65,54,11,32,29,3,18.9890893,75.7600785
MAHARASHTRA,Urban,Bid,No travel,39916,26789,13127,39916,26789,13127,0,0,0,0,0,0,0,0,0,0,0,0,0,0,0,0,0,0,0,0,0,0,0,0,18.9890893,75.7600785
JAMMU & KASHMIR,Total,Kishtwar,All Modes,26221,22154,4067,9147,7588,1559,5111,4092,1019,4991,4275,716,3308,2916,392,639,559,80,903,798,105,494,449,45,1306,1186,120,322,291,31,33.3115906,75.7662195
JAMMU & KASHMIR,Total,Kishtwar,On foot,11233,9425,1808,0,0,0,4742,3772,970,3859,3344,515,2632,2309,323,0,0,0,0,0,0,0,0,0,0,0,0,0,0,0,33.3115906,75.7662195
JAMMU & KASHMIR,Total,Kishtwar,Bicycle,215,191,24,0,0,0,53,50,3,78,65,13,22,22,0,15,13,2,47,41,6,0,0,0,0,0,0,0,0,0,33.3115906,75.7662195
JAMMU & KASHMIR,Total,Kishtwar,Moped/Scooter/Motor Cycle,318,295,23,0,0,0,86,81,5,151,138,13,28,27,1,14,14,0,13,12,1,5,5,0,3,3,0,18,15,3,33.3115906,75.7662195
JAMMU & KASHMIR,Total,Kishtwar,Car/Jeep/Van,470,383,87,0,0,0,70,55,15,181,137,44,52,47,5,21,20,1,38,33,5,21,20,1,62,50,12,25,21,4,33.3115906,75.7662195
JAMMU & KASHMIR,Total,Kishtwar,Tempo/Autorickshaw/Taxi,394,325,69,0,0,0,28,26,2,209,161,48,61,50,11,24,22,2,15,15,0,12,9,3,27,27,0,18,15,3,33.3115906,75.7662195
JAMMU & KASHMIR,Total,Kishtwar,Bus,4191,3709,482,0,0,0,119,96,23,484,403,81,450,399,51,534,461,73,756,665,91,447,406,41,1165,1063,102,236,216,20,33.3115906,75.7662195
JAMMU & KASHMIR,Total,Kishtwar,Train,78,69,9,0,0,0,8,7,1,8,7,1,7,7,0,7,5,2,1,1,0,1,1,0,29,25,4,17,16,1,33.3115906,75.7662195
JAMMU & KASHMIR,Total,Kishtwar,Water transport,20,19,1,0,0,0,2,2,0,5,5,0,3,3,0,2,2,0,1,1,0,0,0,0,6,5,1,1,1,0,33.3115906,75.7662195
JAMMU & KASHMIR,Total,Kishtwar,Any other,155,150,5,0,0,0,3,3,0,16,15,1,53,52,1,22,22,0,32,30,2,8,8,0,14,13,1,7,7,0,33.3115906,75.7662195
JAMMU & KASHMIR,Total,Kishtwar,No travel,9147,7588,1559,9147,7588,1559,0,0,0,0,0,0,0,0,0,0,0,0,0,0,0,0,0,0,0,0,0,0,0,0,33.3115906,75.7662195
JAMMU & KASHMIR,Rural,Kishtwar,All Modes,21478,18121,3357,8179,6742,1437,2984,2240,744,4350,3775,575,2834,2512,322,552,489,63,757,680,77,442,406,36,1098,1017,81,282,260,22,33.3115906,75.7662195
JAMMU & KASHMIR,Rural,Kishtwar,On foot,8487,7053,1434,0,0,0,2760,2048,712,3488,3035,453,2239,1970,269,0,0,0,0,0,0,0,0,0,0,0,0,0,0,0,33.3115906,75.7662195
JAMMU & KASHMIR,Rural,Kishtwar,Bicycle,165,145,20,0,0,0,28,25,3,64,53,11,21,21,0,12,11,1,40,35,5,0,0,0,0,0,0,0,0,0,33.3115906,75.7662195
JAMMU & KASHMIR,Rural,Kishtwar,Moped/Scooter/Motor Cycle,173,161,12,0,0,0,37,35,2,84,76,8,21,21,0,11,11,0,4,4,0,4,4,0,2,2,0,10,8,2,33.3115906,75.7662195
JAMMU & KASHMIR,Rural,Kishtwar,Car/Jeep/Van,273,233,40,0,0,0,22,19,3,101,81,20,37,34,3,13,12,1,32,27,5,20,19,1,35,30,5,13,11,2,33.3115906,75.7662195
JAMMU & KASHMIR,Rural,Kishtwar,Tempo/Autorickshaw/Taxi,326,280,46,0,0,0,26,25,1,166,136,30,51,43,8,21,19,2,11,11,0,12,9,3,22,22,0,17,15,2,33.3115906,75.7662195
JAMMU & KASHMIR,Rural,Kishtwar,Bus,3643,3287,356,0,0,0,101,79,22,420,369,51,402,361,41,467,409,58,636,571,65,399,367,32,999,927,72,219,204,15,33.3115906,75.7662195
JAMMU & KASHMIR,Rural,Kishtwar,Train,69,63,6,0,0,0,6,5,1,7,6,1,7,7,0,6,5,1,1,1,0,1,1,0,25,23,2,16,15,1,33.3115906,75.7662195
JAMMU & KASHMIR,Rural,Kishtwar,Water transport,14,13,1,0,0,0,1,1,0,5,5,0,3,3,0,1,1,0,1,1,0,0,0,0,3,2,1,0,0,0,33.3115906,75.7662195
JAMMU & KASHMIR,Rural,Kishtwar,Any other,149,144,5,0,0,0,3,3,0,15,14,1,53,52,1,21,21,0,32,30,2,6,6,0,12,11,1,7,7,0,33.3115906,75.7662195
JAMMU & KASHMIR,Rural,Kishtwar,No travel,8179,6742,1437,8179,6742,1437,0,0,0,0,0,0,0,0,0,0,0,0,0,0,0,0,0,0,0,0,0,0,0,0,33.3115906,75.7662195
JAMMU & KASHMIR,Urban,Kishtwar,All Modes,4743,4033,710,968,846,122,2127,1852,275,641,500,141,474,404,70,87,70,17,146,118,28,52,43,9,208,169,39,40,31,9,33.3115906,75.7662195
JAMMU & KASHMIR,Urban,Kishtwar,On foot,2746,2372,374,0,0,0,1982,1724,258,371,309,62,393,339,54,0,0,0,0,0,0,0,0,0,0,0,0,0,0,0,33.3115906,75.7662195
JAMMU & KASHMIR,Urban,Kishtwar,Bicycle,50,46,4,0,0,0,25,25,0,14,12,2,1,1,0,3,2,1,7,6,1,0,0,0,0,0,0,0,0,0,33.3115906,75.7662195
JAMMU & KASHMIR,Urban,Kishtwar,Moped/Scooter/Motor Cycle,145,134,11,0,0,0,49,46,3,67,62,5,7,6,1,3,3,0,9,8,1,1,1,0,1,1,0,8,7,1,33.3115906,75.7662195
JAMMU & KASHMIR,Urban,Kishtwar,Car/Jeep/Van,197,150,47,0,0,0,48,36,12,80,56,24,15,13,2,8,8,0,6,6,0,1,1,0,27,20,7,12,10,2,33.3115906,75.7662195
JAMMU & KASHMIR,Urban,Kishtwar,Tempo/Autorickshaw/Taxi,68,45,23,0,0,0,2,1,1,43,25,18,10,7,3,3,3,0,4,4,0,0,0,0,5,5,0,1,0,1,33.3115906,75.7662195
JAMMU & KASHMIR,Urban,Kishtwar,Bus,548,422,126,0,0,0,18,17,1,64,34,30,48,38,10,67,52,15,120,94,26,48,39,9,166,136,30,17,12,5,33.3115906,75.7662195
JAMMU & KASHMIR,Urban,Kishtwar,Train,9,6,3,0,0,0,2,2,0,1,1,0,0,0,0,1,0,1,0,0,0,0,0,0,4,2,2,1,1,0,33.3115906,75.7662195
JAMMU & KASHMIR,Urban,Kishtwar,Water transport,6,6,0,0,0,0,1,1,0,0,0,0,0,0,0,1,1,0,0,0,0,0,0,0,3,3,0,1,1,0,33.3115906,75.7662195
JAMMU & KASHMIR,Urban,Kishtwar,Any other,6,6,0,0,0,0,0,0,0,1,1,0,0,0,0,1,1,0,0,0,0,2,2,0,2,2,0,0,0,0,33.3115906,75.7662195
JAMMU & KASHMIR,Urban,Kishtwar,No travel,968,846,122,968,846,122,0,0,0,0,0,0,0,0,0,0,0,0,0,0,0,0,0,0,0,0,0,0,0,0,33.3115906,75.7662195
KARNATAKA,Total,Chikmagalur,All Modes,274909,182464,92445,82050,52340,29710,59845,37661,22184,67461,44095,23366,34385,24233,10152,13790,10246,3544,6760,5114,1646,4717,3843,874,4473,3713,760,1428,1219,209,13.315258,75.7754018
KARNATAKA,Total,Chikmagalur,On foot,102285,60360,41925,0,0,0,49251,29085,20166,39729,22674,17055,13305,8601,4704,0,0,0,0,0,0,0,0,0,0,0,0,0,0,0,13.315258,75.7754018
KARNATAKA,Total,Chikmagalur,Bicycle,8133,7579,554,0,0,0,1370,1242,128,4094,3860,234,1503,1417,86,521,491,30,645,569,76,0,0,0,0,0,0,0,0,0,13.315258,75.7754018
KARNATAKA,Total,Chikmagalur,Moped/Scooter/Motor Cycle,22395,20701,1694,0,0,0,4502,4154,348,8988,8242,746,4079,3783,296,2257,2138,119,888,842,46,624,590,34,406,375,31,651,577,74,13.315258,75.7754018
KARNATAKA,Total,Chikmagalur,Car/Jeep/Van,14479,8830,5649,0,0,0,1608,1051,557,4056,2429,1627,3811,2205,1606,2393,1404,989,1209,699,510,717,504,213,526,410,116,159,128,31,13.315258,75.7754018
KARNATAKA,Total,Chikmagalur,Tempo/Autorickshaw/Taxi,13075,8400,4675,0,0,0,1119,748,371,4427,2698,1729,3542,2323,1219,2209,1361,848,784,473,311,397,299,98,396,328,68,201,170,31,13.315258,75.7754018
KARNATAKA,Total,Chikmagalur,Bus,29674,21819,7855,0,0,0,1653,1120,533,5604,3710,1894,7732,5550,2182,6175,4641,1534,3075,2395,680,2721,2213,508,2448,1984,464,266,206,60,13.315258,75.7754018
KARNATAKA,Total,Chikmagalur,Train,1443,1190,253,0,0,0,200,145,55,289,244,45,128,105,23,100,83,17,85,71,14,120,103,17,463,390,73,58,49,9,13.315258,75.7754018
KARNATAKA,Total,Chikmagalur,Water transport,135,111,24,0,0,0,21,11,10,25,21,4,37,32,5,23,23,0,9,6,3,4,4,0,8,7,1,8,7,1,13.315258,75.7754018
KARNATAKA,Total,Chikmagalur,Any other,1240,1134,106,0,0,0,121,105,16,249,217,32,248,217,31,112,105,7,65,59,6,134,130,4,226,219,7,85,82,3,13.315258,75.7754018
KARNATAKA,Total,Chikmagalur,No travel,82050,52340,29710,82050,52340,29710,0,0,0,0,0,0,0,0,0,0,0,0,0,0,0,0,0,0,0,0,0,0,0,0,13.315258,75.7754018
KARNATAKA,Rural,Chikmagalur,All Modes,193418,120280,73138,57171,34594,22577,41907,23927,17980,49540,29639,19901,24436,16634,7802,10021,7449,2572,4272,3202,1070,2862,2280,582,2665,2129,536,544,426,118,13.315258,75.7754018
KARNATAKA,Rural,Chikmagalur,On foot,80051,44363,35688,0,0,0,36841,20309,16532,33543,18186,15357,9667,5868,3799,0,0,0,0,0,0,0,0,0,0,0,0,0,0,0,13.315258,75.7754018
KARNATAKA,Rural,Chikmagalur,Bicycle,3700,3337,363,0,0,0,483,387,96,1665,1523,142,868,816,52,350,330,20,334,281,53,0,0,0,0,0,0,0,0,0,13.315258,75.7754018
KARNATAKA,Rural,Chikmagalur,Moped/Scooter/Motor Cycle,10367,9515,852,0,0,0,1354,1215,139,3715,3381,334,2448,2262,186,1472,1389,83,546,521,25,411,390,21,233,210,23,188,147,41,13.315258,75.7754018
KARNATAKA,Rural,Chikmagalur,Car/Jeep/Van,11459,6585,4874,0,0,0,1143,653,490,3358,1853,1505,3162,1789,1373,1934,1115,819,883,520,363,540,345,195,356,247,109,83,63,20,13.315258,75.7754018
KARNATAKA,Rural,Chikmagalur,Tempo/Autorickshaw/Taxi,10040,6133,3907,0,0,0,767,456,311,3329,1914,1415,2908,1837,1071,1860,1135,725,557,330,227,280,202,78,268,207,61,71,52,19,13.315258,75.7754018
KARNATAKA,Rural,Chikmagalur,Bus,19174,14520,4654,0,0,0,1136,778,358,3611,2517,1094,5166,3871,1295,4263,3351,912,1850,1463,387,1518,1243,275,1506,1201,305,124,96,28,13.315258,75.7754018
KARNATAKA,Rural,Chikmagalur,Train,774,628,146,0,0,0,117,80,37,163,134,29,78,64,14,64,54,10,45,38,7,42,33,9,227,194,33,38,31,7,13.315258,75.7754018
KARNATAKA,Rural,Chikmagalur,Water transport,116,94,22,0,0,0,17,8,9,21,17,4,34,29,5,22,22,0,8,6,2,3,3,0,4,3,1,7,6,1,13.315258,75.7754018
KARNATAKA,Rural,Chikmagalur,Any other,566,511,55,0,0,0,49,41,8,135,114,21,105,98,7,56,53,3,49,43,6,68,64,4,71,67,4,33,31,2,13.315258,75.7754018
KARNATAKA,Rural,Chikmagalur,No travel,57171,34594,22577,57171,34594,22577,0,0,0,0,0,0,0,0,0,0,0,0,0,0,0,0,0,0,0,0,0,0,0,0,13.315258,75.7754018
KARNATAKA,Urban,Chikmagalur,All Modes,81491,62184,19307,24879,17746,7133,17938,13734,4204,17921,14456,3465,9949,7599,2350,3769,2797,972,2488,1912,576,1855,1563,292,1808,1584,224,884,793,91,13.315258,75.7754018
KARNATAKA,Urban,Chikmagalur,On foot,22234,15997,6237,0,0,0,12410,8776,3634,6186,4488,1698,3638,2733,905,0,0,0,0,0,0,0,0,0,0,0,0,0,0,0,13.315258,75.7754018
KARNATAKA,Urban,Chikmagalur,Bicycle,4433,4242,191,0,0,0,887,855,32,2429,2337,92,635,601,34,171,161,10,311,288,23,0,0,0,0,0,0,0,0,0,13.315258,75.7754018
KARNATAKA,Urban,Chikmagalur,Moped/Scooter/Motor Cycle,12028,11186,842,0,0,0,3148,2939,209,5273,4861,412,1631,1521,110,785,749,36,342,321,21,213,200,13,173,165,8,463,430,33,13.315258,75.7754018
KARNATAKA,Urban,Chikmagalur,Car/Jeep/Van,3020,2245,775,0,0,0,465,398,67,698,576,122,649,416,233,459,289,170,326,179,147,177,159,18,170,163,7,76,65,11,13.315258,75.7754018
KARNATAKA,Urban,Chikmagalur,Tempo/Autorickshaw/Taxi,3035,2267,768,0,0,0,352,292,60,1098,784,314,634,486,148,349,226,123,227,143,84,117,97,20,128,121,7,130,118,12,13.315258,75.7754018
KARNATAKA,Urban,Chikmagalur,Bus,10500,7299,3201,0,0,0,517,342,175,1993,1193,800,2566,1679,887,1912,1290,622,1225,932,293,1203,970,233,942,783,159,142,110,32,13.315258,75.7754018
KARNATAKA,Urban,Chikmagalur,Train,669,562,107,0,0,0,83,65,18,126,110,16,50,41,9,36,29,7,40,33,7,78,70,8,236,196,40,20,18,2,13.315258,75.7754018
KARNATAKA,Urban,Chikmagalur,Water transport,19,17,2,0,0,0,4,3,1,4,4,0,3,3,0,1,1,0,1,0,1,1,1,0,4,4,0,1,1,0,13.315258,75.7754018
KARNATAKA,Urban,Chikmagalur,Any other,674,623,51,0,0,0,72,64,8,114,103,11,143,119,24,56,52,4,16,16,0,66,66,0,155,152,3,52,51,1,13.315258,75.7754018
KARNATAKA,Urban,Chikmagalur,No travel,24879,17746,7133,24879,17746,7133,0,0,0,0,0,0,0,0,0,0,0,0,0,0,0,0,0,0,0,0,0,0,0,0,13.315258,75.7754018
KERALA,Total,Kozhikode,All Modes,844928,673770,171158,184921,134363,50558,159049,123730,35319,218629,178733,39896,158232,132508,25724,60599,49936,10663,20673,17053,3620,15457,12981,2476,18369,16277,2092,8999,8189,810,11.2587531,75.78041
KERALA,Total,Kozhikode,On foot,233910,179464,54446,0,0,0,135787,103069,32718,73724,56695,17029,24399,19700,4699,0,0,0,0,0,0,0,0,0,0,0,0,0,0,0,11.2587531,75.78041
KERALA,Total,Kozhikode,Bicycle,12559,12211,348,0,0,0,1747,1681,66,7218,7053,165,2440,2386,54,560,533,27,594,558,36,0,0,0,0,0,0,0,0,0,11.2587531,75.78041
KERALA,Total,Kozhikode,Moped/Scooter/Motor Cycle,79909,75913,3996,0,0,0,7786,7403,383,32578,30677,1901,24687,23533,1154,10265,9853,412,1961,1906,55,776,749,27,330,317,13,1526,1475,51,11.2587531,75.78041
KERALA,Total,Kozhikode,Car/Jeep/Van,23963,20633,3330,0,0,0,2341,2022,319,9924,8481,1443,6258,5344,914,2510,2145,365,986,848,138,716,655,61,617,571,46,611,567,44,11.2587531,75.78041
KERALA,Total,Kozhikode,Tempo/Autorickshaw/Taxi,19547,18089,1458,0,0,0,2666,2508,158,9476,8563,913,4567,4331,236,1399,1315,84,349,328,21,266,249,17,159,153,6,665,642,23,11.2587531,75.78041
KERALA,Total,Kozhikode,Bus,266843,212229,54614,0,0,0,7492,5889,1603,84077,65769,18308,94025,75498,18527,44677,35031,9646,15220,12078,3142,10535,8610,1925,6972,6054,918,3845,3300,545,11.2587531,75.78041
KERALA,Total,Kozhikode,Train,15700,13522,2178,0,0,0,345,300,45,434,349,85,561,463,98,564,446,118,1038,821,217,2536,2103,433,9244,8161,1083,978,879,99,11.2587531,75.78041
KERALA,Total,Kozhikode,Water transport,4104,3995,109,0,0,0,500,489,11,683,652,31,614,586,28,374,365,9,393,388,5,512,504,8,704,694,10,324,317,7,11.2587531,75.78041
KERALA,Total,Kozhikode,Any other,3472,3351,121,0,0,0,385,369,16,515,494,21,681,667,14,250,248,2,132,126,6,116,111,5,343,327,16,1050,1009,41,11.2587531,75.78041
KERALA,Total,Kozhikode,No travel,184921,134363,50558,184921,134363,50558,0,0,0,0,0,0,0,0,0,0,0,0,0,0,0,0,0,0,0,0,0,0,0,0,11.2587531,75.78041
KERALA,Rural,Kozhikode,All Modes,255269,198143,57126,66158,46416,19742,51639,38828,12811,63854,51127,12727,38361,32112,6249,14236,11712,2524,7470,6242,1228,6294,5252,1042,5313,4698,615,1944,1756,188,11.2587531,75.78041
KERALA,Rural,Kozhikode,On foot,83215,61587,21628,0,0,0,46367,34148,12219,28519,20880,7639,8329,6559,1770,0,0,0,0,0,0,0,0,0,0,0,0,0,0,0,11.2587531,75.78041
KERALA,Rural,Kozhikode,Bicycle,2322,2236,86,0,0,0,287,276,11,1235,1201,34,508,487,21,136,127,9,156,145,11,0,0,0,0,0,0,0,0,0,11.2587531,75.78041
KERALA,Rural,Kozhikode,Moped/Scooter/Motor Cycle,14405,13870,535,0,0,0,1455,1398,57,5838,5615,223,3751,3632,119,2014,1924,90,709,685,24,305,295,10,87,84,3,246,237,9,11.2587531,75.78041
KERALA,Rural,Kozhikode,Car/Jeep/Van,6127,5461,666,0,0,0,589,525,64,2683,2388,295,1420,1251,169,597,534,63,283,254,29,233,216,17,148,137,11,174,156,18,11.2587531,75.78041
KERALA,Rural,Kozhikode,Tempo/Autorickshaw/Taxi,5978,5535,443,0,0,0,738,705,33,3147,2873,274,1273,1178,95,358,340,18,147,138,9,108,100,8,52,50,2,155,151,4,11.2587531,75.78041
KERALA,Rural,Kozhikode,Bus,72435,58858,13577,0,0,0,1935,1528,407,22119,17888,4231,22783,18735,4048,10884,8566,2318,5826,4698,1128,5125,4171,954,2852,2484,368,911,788,123,11.2587531,75.78041
KERALA,Rural,Kozhikode,Train,3253,2855,398,0,0,0,78,66,12,101,83,18,119,98,21,117,93,24,160,137,23,399,351,48,2062,1837,225,217,190,27,11.2587531,75.78041
KERALA,Rural,Kozhikode,Water transport,515,490,25,0,0,0,77,73,4,72,62,10,50,47,3,56,54,2,137,135,2,80,78,2,27,26,1,16,15,1,11.2587531,75.78041
KERALA,Rural,Kozhikode,Any other,861,835,26,0,0,0,113,109,4,140,137,3,128,125,3,74,74,0,52,50,2,44,41,3,85,80,5,225,219,6,11.2587531,75.78041
KERALA,Rural,Kozhikode,No travel,66158,46416,19742,66158,46416,19742,0,0,0,0,0,0,0,0,0,0,0,0,0,0,0,0,0,0,0,0,0,0,0,0,11.2587531,75.78041
KERALA,Urban,Kozhikode,All Modes,589659,475627,114032,118763,87947,30816,107410,84902,22508,154775,127606,27169,119871,100396,19475,46363,38224,8139,13203,10811,2392,9163,7729,1434,13056,11579,1477,7055,6433,622,11.2587531,75.78041
KERALA,Urban,Kozhikode,On foot,150695,117877,32818,0,0,0,89420,68921,20499,45205,35815,9390,16070,13141,2929,0,0,0,0,0,0,0,0,0,0,0,0,0,0,0,11.2587531,75.78041
KERALA,Urban,Kozhikode,Bicycle,10237,9975,262,0,0,0,1460,1405,55,5983,5852,131,1932,1899,33,424,406,18,438,413,25,0,0,0,0,0,0,0,0,0,11.2587531,75.78041
KERALA,Urban,Kozhikode,Moped/Scooter/Motor Cycle,65504,62043,3461,0,0,0,6331,6005,326,26740,25062,1678,20936,19901,1035,8251,7929,322,1252,1221,31,471,454,17,243,233,10,1280,1238,42,11.2587531,75.78041
KERALA,Urban,Kozhikode,Car/Jeep/Van,17836,15172,2664,0,0,0,1752,1497,255,7241,6093,1148,4838,4093,745,1913,1611,302,703,594,109,483,439,44,469,434,35,437,411,26,11.2587531,75.78041
KERALA,Urban,Kozhikode,Tempo/Autorickshaw/Taxi,13569,12554,1015,0,0,0,1928,1803,125,6329,5690,639,3294,3153,141,1041,975,66,202,190,12,158,149,9,107,103,4,510,491,19,11.2587531,75.78041
KERALA,Urban,Kozhikode,Bus,194408,153371,41037,0,0,0,5557,4361,1196,61958,47881,14077,71242,56763,14479,33793,26465,7328,9394,7380,2014,5410,4439,971,4120,3570,550,2934,2512,422,11.2587531,75.78041
KERALA,Urban,Kozhikode,Train,12447,10667,1780,0,0,0,267,234,33,333,266,67,442,365,77,447,353,94,878,684,194,2137,1752,385,7182,6324,858,761,689,72,11.2587531,75.78041
KERALA,Urban,Kozhikode,Water transport,3589,3505,84,0,0,0,423,416,7,611,590,21,564,539,25,318,311,7,256,253,3,432,426,6,677,668,9,308,302,6,11.2587531,75.78041
KERALA,Urban,Kozhikode,Any other,2611,2516,95,0,0,0,272,260,12,375,357,18,553,542,11,176,174,2,80,76,4,72,70,2,258,247,11,825,790,35,11.2587531,75.78041
KERALA,Urban,Kozhikode,No travel,118763,87947,30816,118763,87947,30816,0,0,0,0,0,0,0,0,0,0,0,0,0,0,0,0,0,0,0,0,0,0,0,0,11.2587531,75.78041
RAJASTHAN,Total,Jaipur,All Modes,1497985,1213979,284006,371543,250997,120546,187883,139557,48326,342795,282511,60284,259644,230379,29265,149182,136515,12667,51281,47575,3706,58678,55050,3628,50406,47380,3026,26573,24015,2558,26.9124336,75.7872709
RAJASTHAN,Total,Jaipur,On foot,301476,211279,90197,0,0,0,143452,99320,44132,119436,81476,37960,38588,30483,8105,0,0,0,0,0,0,0,0,0,0,0,0,0,0,0,26.9124336,75.7872709
RAJASTHAN,Total,Jaipur,Bicycle,111328,106968,4360,0,0,0,8139,7674,465,57207,55001,2206,29186,28184,1002,8786,8496,290,8010,7613,397,0,0,0,0,0,0,0,0,0,26.9124336,75.7872709
RAJASTHAN,Total,Jaipur,Moped/Scooter/Motor Cycle,344930,321970,22960,0,0,0,24537,22739,1798,106194,98025,8169,106772,99449,7323,68709,65029,3680,13333,12804,529,10293,9802,491,2776,2643,133,12316,11479,837,26.9124336,75.7872709
RAJASTHAN,Total,Jaipur,Car/Jeep/Van,77872,68201,9671,0,0,0,4303,3666,637,17852,15116,2736,23871,20780,3091,17095,15193,1902,4471,4104,367,4600,4246,354,2839,2610,229,2841,2486,355,26.9124336,75.7872709
RAJASTHAN,Total,Jaipur,Tempo/Autorickshaw/Taxi,19432,16471,2961,0,0,0,1283,1089,194,4881,3664,1217,4912,4065,847,3746,3306,440,1270,1212,58,1389,1324,65,699,668,31,1252,1143,109,26.9124336,75.7872709
RAJASTHAN,Total,Jaipur,Bus,236423,205090,31333,0,0,0,4226,3380,846,33764,26102,7662,53220,44559,8661,48544,42336,6208,22786,20509,2277,36488,33923,2565,30072,27976,2096,7323,6305,1018,26.9124336,75.7872709
RAJASTHAN,Total,Jaipur,Train,24739,23474,1265,0,0,0,715,613,102,1136,1003,133,1083,987,96,881,808,73,904,857,47,5229,5086,143,12740,12237,503,2051,1883,168,26.9124336,75.7872709
RAJASTHAN,Total,Jaipur,Water transport,784,652,132,0,0,0,220,161,59,117,100,17,137,117,20,90,79,11,27,26,1,25,23,2,63,59,4,105,87,18,26.9124336,75.7872709
RAJASTHAN,Total,Jaipur,Any other,9458,8877,581,0,0,0,1008,915,93,2208,2024,184,1875,1755,120,1331,1268,63,480,450,30,654,646,8,1217,1187,30,685,632,53,26.9124336,75.7872709
RAJASTHAN,Total,Jaipur,No travel,371543,250997,120546,371543,250997,120546,0,0,0,0,0,0,0,0,0,0,0,0,0,0,0,0,0,0,0,0,0,0,0,0,26.9124336,75.7872709
RAJASTHAN,Rural,Jaipur,All Modes,493066,362992,130074,150977,83278,67699,60395,34169,26226,85677,59924,25753,51906,46610,5296,41442,39510,1932,25178,24268,910,40272,39101,1171,32690,31800,890,4529,4332,197,26.9124336,75.7872709
RAJASTHAN,Rural,Jaipur,On foot,119454,66906,52548,0,0,0,54796,29035,25761,53771,29928,23843,10887,7943,2944,0,0,0,0,0,0,0,0,0,0,0,0,0,0,0,26.9124336,75.7872709
RAJASTHAN,Rural,Jaipur,Bicycle,20246,19396,850,0,0,0,1053,944,109,9551,9149,402,6644,6434,210,1852,1787,65,1146,1082,64,0,0,0,0,0,0,0,0,0,26.9124336,75.7872709
RAJASTHAN,Rural,Jaipur,Moped/Scooter/Motor Cycle,53816,52492,1324,0,0,0,2508,2406,102,12662,12300,362,13432,13051,381,12807,12552,255,6029,5926,103,4370,4292,78,1178,1160,18,830,805,25,26.9124336,75.7872709
RAJASTHAN,Rural,Jaipur,Car/Jeep/Van,17813,16777,1036,0,0,0,509,464,45,2388,2150,238,4775,4423,352,4452,4228,224,1744,1700,44,2358,2283,75,1258,1216,42,329,313,16,26.9124336,75.7872709
RAJASTHAN,Rural,Jaipur,Tempo/Autorickshaw/Taxi,3772,3507,265,0,0,0,95,79,16,666,591,75,1048,945,103,832,782,50,305,299,6,434,428,6,294,288,6,98,95,3,26.9124336,75.7872709
RAJASTHAN,Rural,Jaipur,Bus,108241,102421,5820,0,0,0,899,783,116,5491,4756,735,13939,12700,1239,20520,19209,1311,15176,14502,674,28322,27369,953,21736,21036,700,2158,2066,92,26.9124336,75.7872709
RAJASTHAN,Rural,Jaipur,Train,14062,13728,334,0,0,0,196,159,37,274,240,34,254,239,15,295,283,12,491,480,11,4323,4266,57,7306,7190,116,923,871,52,26.9124336,75.7872709
RAJASTHAN,Rural,Jaipur,Water transport,173,139,34,0,0,0,57,35,22,11,10,1,17,17,0,17,16,1,9,8,1,12,11,1,30,28,2,20,14,6,26.9124336,75.7872709
RAJASTHAN,Rural,Jaipur,Any other,4512,4348,164,0,0,0,282,264,18,863,800,63,910,858,52,667,653,14,278,271,7,453,452,1,888,882,6,171,168,3,26.9124336,75.7872709
RAJASTHAN,Rural,Jaipur,No travel,150977,83278,67699,150977,83278,67699,0,0,0,0,0,0,0,0,0,0,0,0,0,0,0,0,0,0,0,0,0,0,0,0,26.9124336,75.7872709
RAJASTHAN,Urban,Jaipur,All Modes,1004919,850987,153932,220566,167719,52847,127488,105388,22100,257118,222587,34531,207738,183769,23969,107740,97005,10735,26103,23307,2796,18406,15949,2457,17716,15580,2136,22044,19683,2361,26.9124336,75.7872709
RAJASTHAN,Urban,Jaipur,On foot,182022,144373,37649,0,0,0,88656,70285,18371,65665,51548,14117,27701,22540,5161,0,0,0,0,0,0,0,0,0,0,0,0,0,0,0,26.9124336,75.7872709
RAJASTHAN,Urban,Jaipur,Bicycle,91082,87572,3510,0,0,0,7086,6730,356,47656,45852,1804,22542,21750,792,6934,6709,225,6864,6531,333,0,0,0,0,0,0,0,0,0,26.9124336,75.7872709
RAJASTHAN,Urban,Jaipur,Moped/Scooter/Motor Cycle,291114,269478,21636,0,0,0,22029,20333,1696,93532,85725,7807,93340,86398,6942,55902,52477,3425,7304,6878,426,5923,5510,413,1598,1483,115,11486,10674,812,26.9124336,75.7872709
RAJASTHAN,Urban,Jaipur,Car/Jeep/Van,60059,51424,8635,0,0,0,3794,3202,592,15464,12966,2498,19096,16357,2739,12643,10965,1678,2727,2404,323,2242,1963,279,1581,1394,187,2512,2173,339,26.9124336,75.7872709
RAJASTHAN,Urban,Jaipur,Tempo/Autorickshaw/Taxi,15660,12964,2696,0,0,0,1188,1010,178,4215,3073,1142,3864,3120,744,2914,2524,390,965,913,52,955,896,59,405,380,25,1154,1048,106,26.9124336,75.7872709
RAJASTHAN,Urban,Jaipur,Bus,128182,102669,25513,0,0,0,3327,2597,730,28273,21346,6927,39281,31859,7422,28024,23127,4897,7610,6007,1603,8166,6554,1612,8336,6940,1396,5165,4239,926,26.9124336,75.7872709
RAJASTHAN,Urban,Jaipur,Train,10677,9746,931,0,0,0,519,454,65,862,763,99,829,748,81,586,525,61,413,377,36,906,820,86,5434,5047,387,1128,1012,116,26.9124336,75.7872709
RAJASTHAN,Urban,Jaipur,Water transport,611,513,98,0,0,0,163,126,37,106,90,16,120,100,20,73,63,10,18,18,0,13,12,1,33,31,2,85,73,12,26.9124336,75.7872709
RAJASTHAN,Urban,Jaipur,Any other,4946,4529,417,0,0,0,726,651,75,1345,1224,121,965,897,68,664,615,49,202,179,23,201,194,7,329,305,24,514,464,50,26.9124336,75.7872709
RAJASTHAN,Urban,Jaipur,No travel,220566,167719,52847,220566,167719,52847,0,0,0,0,0,0,0,0,0,0,0,0,0,0,0,0,0,0,0,0,0,0,0,0,26.9124336,75.7872709
MADHYA PRADESH,Total,Ujjain,All Modes,286748,228277,58471,77272,53025,24247,57378,45499,11879,94893,80189,14704,29454,25257,4197,8934,7754,1180,5284,4633,651,4858,4241,617,6749,6011,738,1926,1668,258,23.1764665,75.7885163
MADHYA PRADESH,Total,Ujjain,On foot,80511,59743,20768,0,0,0,41812,31192,10620,29943,21789,8154,8756,6762,1994,0,0,0,0,0,0,0,0,0,0,0,0,0,0,0,23.1764665,75.7885163
MADHYA PRADESH,Total,Ujjain,Bicycle,51650,49642,2008,0,0,0,6826,6571,255,32467,31231,1236,8510,8203,307,1725,1665,60,2122,1972,150,0,0,0,0,0,0,0,0,0,23.1764665,75.7885163
MADHYA PRADESH,Total,Ujjain,Moped/Scooter/Motor Cycle,45269,41295,3974,0,0,0,6953,6379,574,24710,22246,2464,7422,6860,562,2794,2641,153,895,855,40,996,946,50,594,562,32,905,806,99,23.1764665,75.7885163
MADHYA PRADESH,Total,Ujjain,Car/Jeep/Van,3054,2600,454,0,0,0,457,370,87,1080,871,209,381,317,64,259,225,34,149,140,9,225,209,16,413,387,26,90,81,9,23.1764665,75.7885163
MADHYA PRADESH,Total,Ujjain,Tempo/Autorickshaw/Taxi,7745,4730,3015,0,0,0,430,272,158,4027,2038,1989,1819,1243,576,837,648,189,174,154,20,166,143,23,117,99,18,175,133,42,23.1764665,75.7885163
MADHYA PRADESH,Total,Ujjain,Bus,13063,9986,3077,0,0,0,322,214,108,1266,772,494,1980,1344,636,2775,2117,658,1523,1150,373,2270,1844,426,2647,2315,332,280,230,50,23.1764665,75.7885163
MADHYA PRADESH,Total,Ujjain,Train,6754,5983,771,0,0,0,395,343,52,900,821,79,325,291,34,432,356,76,394,335,59,1123,1024,99,2806,2481,325,379,332,47,23.1764665,75.7885163
MADHYA PRADESH,Total,Ujjain,Water transport,94,72,22,0,0,0,26,19,7,24,18,6,8,7,1,7,4,3,1,1,0,7,7,0,8,8,0,13,8,5,23.1764665,75.7885163
MADHYA PRADESH,Total,Ujjain,Any other,1336,1201,135,0,0,0,157,139,18,476,403,73,253,230,23,105,98,7,26,26,0,71,68,3,164,159,5,84,78,6,23.1764665,75.7885163
MADHYA PRADESH,Total,Ujjain,No travel,77272,53025,24247,77272,53025,24247,0,0,0,0,0,0,0,0,0,0,0,0,0,0,0,0,0,0,0,0,0,0,0,0,23.1764665,75.7885163
MADHYA PRADESH,Rural,Ujjain,All Modes,53201,40311,12890,25143,17246,7897,7361,4922,2439,8286,6745,1541,5758,5113,645,3565,3393,172,1184,1116,68,927,881,46,751,712,39,226,183,43,23.1764665,75.7885163
MADHYA PRADESH,Rural,Ujjain,On foot,11461,7485,3976,0,0,0,6491,4143,2348,3590,2391,1199,1380,951,429,0,0,0,0,0,0,0,0,0,0,0,0,0,0,0,23.1764665,75.7885163
MADHYA PRADESH,Rural,Ujjain,Bicycle,6735,6448,287,0,0,0,431,404,27,2961,2814,147,2145,2083,62,896,875,21,302,272,30,0,0,0,0,0,0,0,0,0,23.1764665,75.7885163
MADHYA PRADESH,Rural,Ujjain,Moped/Scooter/Motor Cycle,4244,4077,167,0,0,0,245,225,20,1147,1087,60,1258,1223,35,968,953,15,253,247,6,195,192,3,81,77,4,97,73,24,23.1764665,75.7885163
MADHYA PRADESH,Rural,Ujjain,Car/Jeep/Van,323,292,31,0,0,0,53,37,16,25,22,3,26,23,3,69,67,2,32,31,1,49,47,2,52,50,2,17,15,2,23.1764665,75.7885163
MADHYA PRADESH,Rural,Ujjain,Tempo/Autorickshaw/Taxi,821,704,117,0,0,0,19,15,4,171,112,59,196,174,22,346,322,24,42,42,0,17,17,0,12,11,1,18,11,7,23.1764665,75.7885163
MADHYA PRADESH,Rural,Ujjain,Bus,3297,2963,334,0,0,0,59,47,12,254,196,58,631,546,85,1108,1012,96,447,418,29,418,383,35,328,315,13,52,46,6,23.1764665,75.7885163
MADHYA PRADESH,Rural,Ujjain,Train,908,852,56,0,0,0,37,29,8,75,69,6,75,72,3,135,124,11,103,101,2,220,214,6,234,216,18,29,27,2,23.1764665,75.7885163
MADHYA PRADESH,Rural,Ujjain,Water transport,21,16,5,0,0,0,8,5,3,2,2,0,1,1,0,2,1,1,1,1,0,2,2,0,3,3,0,2,1,1,23.1764665,75.7885163
MADHYA PRADESH,Rural,Ujjain,Any other,248,228,20,0,0,0,18,17,1,61,52,9,46,40,6,41,39,2,4,4,0,26,26,0,41,40,1,11,10,1,23.1764665,75.7885163
MADHYA PRADESH,Rural,Ujjain,No travel,25143,17246,7897,25143,17246,7897,0,0,0,0,0,0,0,0,0,0,0,0,0,0,0,0,0,0,0,0,0,0,0,0,23.1764665,75.7885163
MADHYA PRADESH,Urban,Ujjain,All Modes,233547,187966,45581,52129,35779,16350,50017,40577,9440,86607,73444,13163,23696,20144,3552,5369,4361,1008,4100,3517,583,3931,3360,571,5998,5299,699,1700,1485,215,23.1764665,75.7885163
MADHYA PRADESH,Urban,Ujjain,On foot,69050,52258,16792,0,0,0,35321,27049,8272,26353,19398,6955,7376,5811,1565,0,0,0,0,0,0,0,0,0,0,0,0,0,0,0,23.1764665,75.7885163
MADHYA PRADESH,Urban,Ujjain,Bicycle,44915,43194,1721,0,0,0,6395,6167,228,29506,28417,1089,6365,6120,245,829,790,39,1820,1700,120,0,0,0,0,0,0,0,0,0,23.1764665,75.7885163
MADHYA PRADESH,Urban,Ujjain,Moped/Scooter/Motor Cycle,41025,37218,3807,0,0,0,6708,6154,554,23563,21159,2404,6164,5637,527,1826,1688,138,642,608,34,801,754,47,513,485,28,808,733,75,23.1764665,75.7885163
MADHYA PRADESH,Urban,Ujjain,Car/Jeep/Van,2731,2308,423,0,0,0,404,333,71,1055,849,206,355,294,61,190,158,32,117,109,8,176,162,14,361,337,24,73,66,7,23.1764665,75.7885163
MADHYA PRADESH,Urban,Ujjain,Tempo/Autorickshaw/Taxi,6924,4026,2898,0,0,0,411,257,154,3856,1926,1930,1623,1069,554,491,326,165,132,112,20,149,126,23,105,88,17,157,122,35,23.1764665,75.7885163
MADHYA PRADESH,Urban,Ujjain,Bus,9766,7023,2743,0,0,0,263,167,96,1012,576,436,1349,798,551,1667,1105,562,1076,732,344,1852,1461,391,2319,2000,319,228,184,44,23.1764665,75.7885163
MADHYA PRADESH,Urban,Ujjain,Train,5846,5131,715,0,0,0,358,314,44,825,752,73,250,219,31,297,232,65,291,234,57,903,810,93,2572,2265,307,350,305,45,23.1764665,75.7885163
MADHYA PRADESH,Urban,Ujjain,Water transport,73,56,17,0,0,0,18,14,4,22,16,6,7,6,1,5,3,2,0,0,0,5,5,0,5,5,0,11,7,4,23.1764665,75.7885163
MADHYA PRADESH,Urban,Ujjain,Any other,1088,973,115,0,0,0,139,122,17,415,351,64,207,190,17,64,59,5,22,22,0,45,42,3,123,119,4,73,68,5,23.1764665,75.7885163
MADHYA PRADESH,Urban,Ujjain,No travel,52129,35779,16350,52129,35779,16350,0,0,0,0,0,0,0,0,0,0,0,0,0,0,0,0,0,0,0,0,0,0,0,0,23.1764665,75.7885163
RAJASTHAN,Total,Tonk,All Modes,193648,147814,45834,70175,46321,23854,37435,28397,9038,42663,33944,8719,16122,14046,2076,9388,8522,866,4335,4002,333,3800,3506,294,8845,8251,594,885,825,60,26.1620402,75.7894716
RAJASTHAN,Total,Tonk,On foot,50792,34334,16458,0,0,0,27807,19498,8309,18806,11708,7098,4179,3128,1051,0,0,0,0,0,0,0,0,0,0,0,0,0,0,0,26.1620402,75.7894716
RAJASTHAN,Total,Tonk,Bicycle,20082,19371,711,0,0,0,3225,3106,119,11399,11015,384,3635,3509,126,1104,1059,45,719,682,37,0,0,0,0,0,0,0,0,0,26.1620402,75.7894716
RAJASTHAN,Total,Tonk,Moped/Scooter/Motor Cycle,26433,24980,1453,0,0,0,4777,4548,229,9381,8830,551,4769,4478,291,4049,3807,242,1480,1419,61,1023,988,35,595,568,27,359,342,17,26.1620402,75.7894716
RAJASTHAN,Total,Tonk,Car/Jeep/Van,5161,4514,647,0,0,0,455,362,93,703,561,142,1056,888,168,1339,1182,157,502,474,28,442,403,39,583,570,13,81,74,7,26.1620402,75.7894716
RAJASTHAN,Total,Tonk,Tempo/Autorickshaw/Taxi,1716,1242,474,0,0,0,166,99,67,673,406,267,445,351,94,232,200,32,62,60,2,45,44,1,63,58,5,30,24,6,26.1620402,75.7894716
RAJASTHAN,Total,Tonk,Bus,16135,14088,2047,0,0,0,607,438,169,1117,899,218,1722,1390,332,2409,2033,376,1455,1254,201,2139,1927,212,6419,5905,514,267,242,25,26.1620402,75.7894716
RAJASTHAN,Total,Tonk,Train,1310,1222,88,0,0,0,147,130,17,204,186,18,81,79,2,84,75,9,61,59,2,62,56,6,613,581,32,58,56,2,26.1620402,75.7894716
RAJASTHAN,Total,Tonk,Water transport,54,41,13,0,0,0,17,13,4,10,5,5,8,6,2,1,0,1,0,0,0,3,3,0,10,10,0,5,4,1,26.1620402,75.7894716
RAJASTHAN,Total,Tonk,Any other,1790,1701,89,0,0,0,234,203,31,370,334,36,227,217,10,170,166,4,56,54,2,86,85,1,562,559,3,85,83,2,26.1620402,75.7894716
RAJASTHAN,Total,Tonk,No travel,70175,46321,23854,70175,46321,23854,0,0,0,0,0,0,0,0,0,0,0,0,0,0,0,0,0,0,0,0,0,0,0,0,26.1620402,75.7894716
RAJASTHAN,Rural,Tonk,All Modes,108666,79750,28916,43372,28275,15097,15187,9848,5339,18697,12885,5812,10657,9379,1278,7375,6855,520,3048,2874,174,2865,2667,198,6970,6501,469,495,466,29,26.1620402,75.7894716
RAJASTHAN,Rural,Tonk,On foot,25996,14998,10998,0,0,0,12977,7845,5132,10533,5391,5142,2486,1762,724,0,0,0,0,0,0,0,0,0,0,0,0,0,0,0,26.1620402,75.7894716
RAJASTHAN,Rural,Tonk,Bicycle,7909,7511,398,0,0,0,554,510,44,3646,3446,200,2433,2334,99,905,866,39,371,355,16,0,0,0,0,0,0,0,0,0,26.1620402,75.7894716
RAJASTHAN,Rural,Tonk,Moped/Scooter/Motor Cycle,12366,11762,604,0,0,0,890,849,41,3071,2863,208,3121,2989,132,2884,2748,136,1083,1047,36,749,724,25,435,416,19,133,126,7,26.1620402,75.7894716
RAJASTHAN,Rural,Tonk,Car/Jeep/Van,3878,3482,396,0,0,0,211,182,29,351,282,69,907,785,122,1237,1116,121,428,408,20,292,268,24,405,397,8,47,44,3,26.1620402,75.7894716
RAJASTHAN,Rural,Tonk,Tempo/Autorickshaw/Taxi,673,595,78,0,0,0,35,25,10,133,105,28,218,193,25,156,146,10,46,45,1,26,25,1,48,47,1,11,9,2,26.1620402,75.7894716
RAJASTHAN,Rural,Tonk,Bus,12353,11121,1232,0,0,0,356,296,60,739,607,132,1307,1137,170,1975,1769,206,1022,924,98,1668,1526,142,5087,4677,410,199,185,14,26.1620402,75.7894716
RAJASTHAN,Rural,Tonk,Train,939,876,63,0,0,0,65,55,10,72,61,11,52,51,1,66,62,4,56,54,2,54,49,5,532,503,29,42,41,1,26.1620402,75.7894716
RAJASTHAN,Rural,Tonk,Water transport,33,26,7,0,0,0,10,8,2,6,2,4,5,5,0,0,0,0,0,0,0,3,3,0,6,6,0,3,2,1,26.1620402,75.7894716
RAJASTHAN,Rural,Tonk,Any other,1147,1104,43,0,0,0,89,78,11,146,128,18,128,123,5,152,148,4,42,41,1,73,72,1,457,455,2,60,59,1,26.1620402,75.7894716
RAJASTHAN,Rural,Tonk,No travel,43372,28275,15097,43372,28275,15097,0,0,0,0,0,0,0,0,0,0,0,0,0,0,0,0,0,0,0,0,0,0,0,0,26.1620402,75.7894716
RAJASTHAN,Urban,Tonk,All Modes,84982,68064,16918,26803,18046,8757,22248,18549,3699,23966,21059,2907,5465,4667,798,2013,1667,346,1287,1128,159,935,839,96,1875,1750,125,390,359,31,26.1620402,75.7894716
RAJASTHAN,Urban,Tonk,On foot,24796,19336,5460,0,0,0,14830,11653,3177,8273,6317,1956,1693,1366,327,0,0,0,0,0,0,0,0,0,0,0,0,0,0,0,26.1620402,75.7894716
RAJASTHAN,Urban,Tonk,Bicycle,12173,11860,313,0,0,0,2671,2596,75,7753,7569,184,1202,1175,27,199,193,6,348,327,21,0,0,0,0,0,0,0,0,0,26.1620402,75.7894716
RAJASTHAN,Urban,Tonk,Moped/Scooter/Motor Cycle,14067,13218,849,0,0,0,3887,3699,188,6310,5967,343,1648,1489,159,1165,1059,106,397,372,25,274,264,10,160,152,8,226,216,10,26.1620402,75.7894716
RAJASTHAN,Urban,Tonk,Car/Jeep/Van,1283,1032,251,0,0,0,244,180,64,352,279,73,149,103,46,102,66,36,74,66,8,150,135,15,178,173,5,34,30,4,26.1620402,75.7894716
RAJASTHAN,Urban,Tonk,Tempo/Autorickshaw/Taxi,1043,647,396,0,0,0,131,74,57,540,301,239,227,158,69,76,54,22,16,15,1,19,19,0,15,11,4,19,15,4,26.1620402,75.7894716
RAJASTHAN,Urban,Tonk,Bus,3782,2967,815,0,0,0,251,142,109,378,292,86,415,253,162,434,264,170,433,330,103,471,401,70,1332,1228,104,68,57,11,26.1620402,75.7894716
RAJASTHAN,Urban,Tonk,Train,371,346,25,0,0,0,82,75,7,132,125,7,29,28,1,18,13,5,5,5,0,8,7,1,81,78,3,16,15,1,26.1620402,75.7894716
RAJASTHAN,Urban,Tonk,Water transport,21,15,6,0,0,0,7,5,2,4,3,1,3,1,2,1,0,1,0,0,0,0,0,0,4,4,0,2,2,0,26.1620402,75.7894716
RAJASTHAN,Urban,Tonk,Any other,643,597,46,0,0,0,145,125,20,224,206,18,99,94,5,18,18,0,14,13,1,13,13,0,105,104,1,25,24,1,26.1620402,75.7894716
RAJASTHAN,Urban,Tonk,No travel,26803,18046,8757,26803,18046,8757,0,0,0,0,0,0,0,0,0,0,0,0,0,0,0,0,0,0,0,0,0,0,0,0,26.1620402,75.7894716
KARNATAKA,Total,Kodagu,All Modes,241062,149680,91382,58262,34966,23296,73539,43970,29569,62106,37546,24560,27850,18620,9230,9679,6915,2764,4045,3134,911,2734,2223,511,2406,1962,444,441,344,97,12.3374942,75.8069082
KARNATAKA,Total,Kodagu,On foot,114276,65793,48483,0,0,0,65679,38094,27585,39930,22353,17577,8667,5346,3321,0,0,0,0,0,0,0,0,0,0,0,0,0,0,0,12.3374942,75.8069082
KARNATAKA,Total,Kodagu,Bicycle,2433,2163,270,0,0,0,558,475,83,1068,947,121,454,415,39,165,159,6,188,167,21,0,0,0,0,0,0,0,0,0,12.3374942,75.8069082
KARNATAKA,Total,Kodagu,Moped/Scooter/Motor Cycle,8571,7601,970,0,0,0,1917,1698,219,3502,3028,474,1643,1503,140,808,739,69,272,254,18,199,184,15,138,123,15,92,72,20,12.3374942,75.8069082
KARNATAKA,Total,Kodagu,Car/Jeep/Van,21658,13532,8126,0,0,0,2550,1708,842,8360,5050,3310,6261,3659,2602,2623,1656,967,837,599,238,500,429,71,417,348,69,110,83,27,12.3374942,75.8069082
KARNATAKA,Total,Kodagu,Tempo/Autorickshaw/Taxi,6337,4815,1522,0,0,0,731,588,143,2477,1761,716,1950,1454,496,593,480,113,217,199,18,174,161,13,135,116,19,60,56,4,12.3374942,75.8069082
KARNATAKA,Total,Kodagu,Bus,28190,19730,8460,0,0,0,1807,1197,610,6465,4168,2297,8580,5989,2591,5390,3798,1592,2487,1877,610,1800,1391,409,1559,1240,319,102,70,32,12.3374942,75.8069082
KARNATAKA,Total,Kodagu,Train,425,295,130,0,0,0,151,87,64,85,59,26,58,44,14,22,14,8,9,6,3,11,8,3,72,63,9,17,14,3,12.3374942,75.8069082
KARNATAKA,Total,Kodagu,Water transport,50,39,11,0,0,0,21,15,6,6,5,1,8,5,3,5,4,1,2,2,0,2,2,0,5,5,0,1,1,0,12.3374942,75.8069082
KARNATAKA,Total,Kodagu,Any other,860,746,114,0,0,0,125,108,17,213,175,38,229,205,24,73,65,8,33,30,3,48,48,0,80,67,13,59,48,11,12.3374942,75.8069082
KARNATAKA,Total,Kodagu,No travel,58262,34966,23296,58262,34966,23296,0,0,0,0,0,0,0,0,0,0,0,0,0,0,0,0,0,0,0,0,0,0,0,0,12.3374942,75.8069082
KARNATAKA,Rural,Kodagu,All Modes,209040,126406,82634,51301,30057,21244,64275,37000,27275,54011,31842,22169,23981,15847,8134,8001,5755,2246,3174,2447,727,2067,1669,398,1940,1573,367,290,216,74,12.3374942,75.8069082
KARNATAKA,Rural,Kodagu,On foot,102291,57224,45067,0,0,0,58914,33190,25724,36057,19678,16379,7320,4356,2964,0,0,0,0,0,0,0,0,0,0,0,0,0,0,0,12.3374942,75.8069082
KARNATAKA,Rural,Kodagu,Bicycle,1696,1494,202,0,0,0,351,290,61,753,661,92,328,299,29,134,128,6,130,116,14,0,0,0,0,0,0,0,0,0,12.3374942,75.8069082
KARNATAKA,Rural,Kodagu,Moped/Scooter/Motor Cycle,5883,5204,679,0,0,0,968,836,132,2377,2058,319,1358,1235,123,665,610,55,210,196,14,142,132,10,96,89,7,67,48,19,12.3374942,75.8069082
KARNATAKA,Rural,Kodagu,Car/Jeep/Van,18564,11288,7276,0,0,0,1908,1190,718,7191,4281,2910,5728,3295,2433,2247,1390,857,721,496,225,381,323,58,330,270,60,58,43,15,12.3374942,75.8069082
KARNATAKA,Rural,Kodagu,Tempo/Autorickshaw/Taxi,5212,3962,1250,0,0,0,498,391,107,2025,1454,571,1776,1336,440,501,409,92,171,157,14,115,106,9,91,77,14,35,32,3,12.3374942,75.8069082
KARNATAKA,Rural,Kodagu,Bus,22943,16270,6673,0,0,0,1385,935,450,5342,3508,1834,7202,5097,2105,4369,3148,1221,1902,1447,455,1377,1059,318,1288,1023,265,78,53,25,12.3374942,75.8069082
KARNATAKA,Rural,Kodagu,Train,361,236,125,0,0,0,131,69,62,73,48,25,46,33,13,19,11,8,7,5,2,9,6,3,64,55,9,12,9,3,12.3374942,75.8069082
KARNATAKA,Rural,Kodagu,Water transport,39,29,10,0,0,0,18,13,5,3,2,1,7,4,3,4,3,1,2,2,0,1,1,0,3,3,0,1,1,0,12.3374942,75.8069082
KARNATAKA,Rural,Kodagu,Any other,750,642,108,0,0,0,102,86,16,190,152,38,216,192,24,62,56,6,31,28,3,42,42,0,68,56,12,39,30,9,12.3374942,75.8069082
KARNATAKA,Rural,Kodagu,No travel,51301,30057,21244,51301,30057,21244,0,0,0,0,0,0,0,0,0,0,0,0,0,0,0,0,0,0,0,0,0,0,0,0,12.3374942,75.8069082
KARNATAKA,Urban,Kodagu,All Modes,32022,23274,8748,6961,4909,2052,9264,6970,2294,8095,5704,2391,3869,2773,1096,1678,1160,518,871,687,184,667,554,113,466,389,77,151,128,23,12.3374942,75.8069082
KARNATAKA,Urban,Kodagu,On foot,11985,8569,3416,0,0,0,6765,4904,1861,3873,2675,1198,1347,990,357,0,0,0,0,0,0,0,0,0,0,0,0,0,0,0,12.3374942,75.8069082
KARNATAKA,Urban,Kodagu,Bicycle,737,669,68,0,0,0,207,185,22,315,286,29,126,116,10,31,31,0,58,51,7,0,0,0,0,0,0,0,0,0,12.3374942,75.8069082
KARNATAKA,Urban,Kodagu,Moped/Scooter/Motor Cycle,2688,2397,291,0,0,0,949,862,87,1125,970,155,285,268,17,143,129,14,62,58,4,57,52,5,42,34,8,25,24,1,12.3374942,75.8069082
KARNATAKA,Urban,Kodagu,Car/Jeep/Van,3094,2244,850,0,0,0,642,518,124,1169,769,400,533,364,169,376,266,110,116,103,13,119,106,13,87,78,9,52,40,12,12.3374942,75.8069082
KARNATAKA,Urban,Kodagu,Tempo/Autorickshaw/Taxi,1125,853,272,0,0,0,233,197,36,452,307,145,174,118,56,92,71,21,46,42,4,59,55,4,44,39,5,25,24,1,12.3374942,75.8069082
KARNATAKA,Urban,Kodagu,Bus,5247,3460,1787,0,0,0,422,262,160,1123,660,463,1378,892,486,1021,650,371,585,430,155,423,332,91,271,217,54,24,17,7,12.3374942,75.8069082
KARNATAKA,Urban,Kodagu,Train,64,59,5,0,0,0,20,18,2,12,11,1,12,11,1,3,3,0,2,1,1,2,2,0,8,8,0,5,5,0,12.3374942,75.8069082
KARNATAKA,Urban,Kodagu,Water transport,11,10,1,0,0,0,3,2,1,3,3,0,1,1,0,1,1,0,0,0,0,1,1,0,2,2,0,0,0,0,12.3374942,75.8069082
KARNATAKA,Urban,Kodagu,Any other,110,104,6,0,0,0,23,22,1,23,23,0,13,13,0,11,9,2,2,2,0,6,6,0,12,11,1,20,18,2,12.3374942,75.8069082
KARNATAKA,Urban,Kodagu,No travel,6961,4909,2052,6961,4909,2052,0,0,0,0,0,0,0,0,0,0,0,0,0,0,0,0,0,0,0,0,0,0,0,0,12.3374942,75.8069082
PUNJAB,Total,Sangrur,All Modes,301190,245808,55382,91663,61698,29965,59914,50089,9825,69205,62240,6965,38974,34596,4378,16717,14921,1796,10314,9477,837,4560,4013,547,5918,5284,634,3925,3490,435,30.2457963,75.8420716
PUNJAB,Total,Sangrur,On foot,56005,42863,13142,0,0,0,35079,26727,8352,11588,8855,2733,9338,7281,2057,0,0,0,0,0,0,0,0,0,0,0,0,0,0,0,30.2457963,75.8420716
PUNJAB,Total,Sangrur,Bicycle,75082,72808,2274,0,0,0,12726,12314,412,35380,34211,1169,15905,15538,367,5197,5094,103,5874,5651,223,0,0,0,0,0,0,0,0,0,30.2457963,75.8420716
PUNJAB,Total,Sangrur,Moped/Scooter/Motor Cycle,43129,40183,2946,0,0,0,9976,9399,577,16278,14984,1294,7675,7110,565,4534,4258,276,1253,1202,51,694,668,26,653,612,41,2066,1950,116,30.2457963,75.8420716
PUNJAB,Total,Sangrur,Car/Jeep/Van,5534,4422,1112,0,0,0,653,503,150,1649,1209,440,902,723,179,760,619,141,356,295,61,424,370,54,520,473,47,270,230,40,30.2457963,75.8420716
PUNJAB,Total,Sangrur,Tempo/Autorickshaw/Taxi,2374,2097,277,0,0,0,241,208,33,696,565,131,545,494,51,275,247,28,88,80,8,161,159,2,188,180,8,180,164,16,30.2457963,75.8420716
PUNJAB,Total,Sangrur,Bus,20165,14965,5200,0,0,0,578,337,241,2139,1036,1103,3545,2442,1103,5217,4009,1208,2255,1783,472,2599,2180,419,2977,2537,440,855,641,214,30.2457963,75.8420716
PUNJAB,Total,Sangrur,Train,3464,3184,280,0,0,0,245,216,29,416,392,24,292,270,22,337,314,23,370,349,21,485,442,43,1016,931,85,303,270,33,30.2457963,75.8420716
PUNJAB,Total,Sangrur,Water transport,160,127,33,0,0,0,27,17,10,34,25,9,19,16,3,25,21,4,7,6,1,9,8,1,18,16,2,21,18,3,30.2457963,75.8420716
PUNJAB,Total,Sangrur,Any other,3614,3461,153,0,0,0,389,368,21,1025,963,62,753,722,31,372,359,13,111,111,0,188,186,2,546,535,11,230,217,13,30.2457963,75.8420716
PUNJAB,Total,Sangrur,No travel,91663,61698,29965,91663,61698,29965,0,0,0,0,0,0,0,0,0,0,0,0,0,0,0,0,0,0,0,0,0,0,0,0,30.2457963,75.8420716
PUNJAB,Rural,Sangrur,All Modes,155120,120192,34928,61137,38207,22930,18530,13782,4748,27146,24167,2979,25234,22812,2422,10833,10056,777,5710,5296,414,2124,1883,241,2774,2522,252,1632,1467,165,30.2457963,75.8420716
PUNJAB,Rural,Sangrur,On foot,21996,15166,6830,0,0,0,13500,9180,4320,3803,2566,1237,4693,3420,1273,0,0,0,0,0,0,0,0,0,0,0,0,0,0,0,30.2457963,75.8420716
PUNJAB,Rural,Sangrur,Bicycle,39532,38144,1388,0,0,0,3489,3310,179,16644,15931,713,11947,11669,278,4114,4033,81,3338,3201,137,0,0,0,0,0,0,0,0,0,30.2457963,75.8420716
PUNJAB,Rural,Sangrur,Moped/Scooter/Motor Cycle,15191,14282,909,0,0,0,845,778,67,4245,3875,370,4829,4586,243,3045,2922,123,822,797,25,405,389,16,300,278,22,700,657,43,30.2457963,75.8420716
PUNJAB,Rural,Sangrur,Car/Jeep/Van,2071,1616,455,0,0,0,156,109,47,523,346,177,481,400,81,349,274,75,136,107,29,160,135,25,176,163,13,90,82,8,30.2457963,75.8420716
PUNJAB,Rural,Sangrur,Tempo/Autorickshaw/Taxi,1037,917,120,0,0,0,52,49,3,223,167,56,314,289,25,194,175,19,33,29,4,42,42,0,95,89,6,84,77,7,30.2457963,75.8420716
PUNJAB,Rural,Sangrur,Bus,10458,8359,2099,0,0,0,274,171,103,1073,688,385,2251,1756,495,2668,2209,459,1207,994,213,1213,1034,179,1325,1145,180,447,362,85,30.2457963,75.8420716
PUNJAB,Rural,Sangrur,Train,1592,1479,113,0,0,0,86,71,15,221,206,15,219,210,9,193,182,11,90,85,5,152,131,21,472,448,24,159,146,13,30.2457963,75.8420716
PUNJAB,Rural,Sangrur,Water transport,93,77,16,0,0,0,14,7,7,17,14,3,14,13,1,17,14,3,3,2,1,3,3,0,12,12,0,13,12,1,30.2457963,75.8420716
PUNJAB,Rural,Sangrur,Any other,2013,1945,68,0,0,0,114,107,7,397,374,23,486,469,17,253,247,6,81,81,0,149,149,0,394,387,7,139,131,8,30.2457963,75.8420716
PUNJAB,Rural,Sangrur,No travel,61137,38207,22930,61137,38207,22930,0,0,0,0,0,0,0,0,0,0,0,0,0,0,0,0,0,0,0,0,0,0,0,0,30.2457963,75.8420716
PUNJAB,Urban,Sangrur,All Modes,146070,125616,20454,30526,23491,7035,41384,36307,5077,42059,38073,3986,13740,11784,1956,5884,4865,1019,4604,4181,423,2436,2130,306,3144,2762,382,2293,2023,270,30.2457963,75.8420716
PUNJAB,Urban,Sangrur,On foot,34009,27697,6312,0,0,0,21579,17547,4032,7785,6289,1496,4645,3861,784,0,0,0,0,0,0,0,0,0,0,0,0,0,0,0,30.2457963,75.8420716
PUNJAB,Urban,Sangrur,Bicycle,35550,34664,886,0,0,0,9237,9004,233,18736,18280,456,3958,3869,89,1083,1061,22,2536,2450,86,0,0,0,0,0,0,0,0,0,30.2457963,75.8420716
PUNJAB,Urban,Sangrur,Moped/Scooter/Motor Cycle,27938,25901,2037,0,0,0,9131,8621,510,12033,11109,924,2846,2524,322,1489,1336,153,431,405,26,289,279,10,353,334,19,1366,1293,73,30.2457963,75.8420716
PUNJAB,Urban,Sangrur,Car/Jeep/Van,3463,2806,657,0,0,0,497,394,103,1126,863,263,421,323,98,411,345,66,220,188,32,264,235,29,344,310,34,180,148,32,30.2457963,75.8420716
PUNJAB,Urban,Sangrur,Tempo/Autorickshaw/Taxi,1337,1180,157,0,0,0,189,159,30,473,398,75,231,205,26,81,72,9,55,51,4,119,117,2,93,91,2,96,87,9,30.2457963,75.8420716
PUNJAB,Urban,Sangrur,Bus,9707,6606,3101,0,0,0,304,166,138,1066,348,718,1294,686,608,2549,1800,749,1048,789,259,1386,1146,240,1652,1392,260,408,279,129,30.2457963,75.8420716
PUNJAB,Urban,Sangrur,Train,1872,1705,167,0,0,0,159,145,14,195,186,9,73,60,13,144,132,12,280,264,16,333,311,22,544,483,61,144,124,20,30.2457963,75.8420716
PUNJAB,Urban,Sangrur,Water transport,67,50,17,0,0,0,13,10,3,17,11,6,5,3,2,8,7,1,4,4,0,6,5,1,6,4,2,8,6,2,30.2457963,75.8420716
PUNJAB,Urban,Sangrur,Any other,1601,1516,85,0,0,0,275,261,14,628,589,39,267,253,14,119,112,7,30,30,0,39,37,2,152,148,4,91,86,5,30.2457963,75.8420716
PUNJAB,Urban,Sangrur,No travel,30526,23491,7035,30526,23491,7035,0,0,0,0,0,0,0,0,0,0,0,0,0,0,0,0,0,0,0,0,0,0,0,0,30.2457963,75.8420716
PUNJAB,Total,Ludhiana,All Modes,973772,793628,180144,269173,174214,94959,136770,112789,23981,263605,234916,28689,168714,149909,18805,59765,54073,5692,34588,31762,2826,12784,11067,1717,8989,7809,1180,19384,17089,2295,30.900965,75.8572758
PUNJAB,Total,Ludhiana,On foot,170023,134337,35686,0,0,0,84471,65061,19410,47931,39052,8879,37621,30224,7397,0,0,0,0,0,0,0,0,0,0,0,0,0,0,0,30.900965,75.8572758
PUNJAB,Total,Ludhiana,Bicycle,212815,204718,8097,0,0,0,23108,21983,1125,102688,98621,4067,50795,49316,1479,15958,15497,461,20266,19301,965,0,0,0,0,0,0,0,0,0,30.900965,75.8572758
PUNJAB,Total,Ludhiana,Moped/Scooter/Motor Cycle,191941,174372,17569,0,0,0,21524,19589,1935,79277,71375,7902,49707,45290,4417,21474,19831,1643,4419,4118,301,3385,3137,248,1128,1035,93,11027,9997,1030,30.900965,75.8572758
PUNJAB,Total,Ludhiana,Car/Jeep/Van,42626,37335,5291,0,0,0,2961,2467,494,13610,11552,2058,12501,11143,1358,7181,6484,697,1714,1538,176,1370,1240,130,1103,984,119,2186,1927,259,30.900965,75.8572758
PUNJAB,Total,Ludhiana,Tempo/Autorickshaw/Taxi,34607,26806,7801,0,0,0,2161,1649,512,13109,9202,3907,9937,7782,2155,4684,4076,608,1081,991,90,881,769,112,597,539,58,2157,1798,359,30.900965,75.8572758
PUNJAB,Total,Ludhiana,Bus,39321,29747,9574,0,0,0,1109,773,336,3786,2213,1573,6120,4278,1842,9248,7041,2207,6520,5281,1239,6201,5044,1157,4380,3589,791,1957,1528,429,30.900965,75.8572758
PUNJAB,Total,Ludhiana,Train,6359,5719,640,0,0,0,538,467,71,1307,1165,142,756,680,76,511,470,41,332,293,39,652,597,55,1325,1226,99,938,821,117,30.900965,75.8572758
PUNJAB,Total,Ludhiana,Water transport,723,595,128,0,0,0,102,70,32,151,127,24,125,109,16,83,73,10,40,35,5,37,31,6,35,31,4,150,119,31,30.900965,75.8572758
PUNJAB,Total,Ludhiana,Any other,6184,5785,399,0,0,0,796,730,66,1746,1609,137,1152,1087,65,626,601,25,216,205,11,258,249,9,421,405,16,969,899,70,30.900965,75.8572758
PUNJAB,Total,Ludhiana,No travel,269173,174214,94959,269173,174214,94959,0,0,0,0,0,0,0,0,0,0,0,0,0,0,0,0,0,0,0,0,0,0,0,0,30.900965,75.8572758
PUNJAB,Rural,Ludhiana,All Modes,289097,215359,73738,110986,61661,49325,29960,22642,7318,49747,43809,5938,45992,40113,5879,25256,22944,2312,14625,13334,1291,5275,4570,705,3253,2845,408,4003,3441,562,30.900965,75.8572758
PUNJAB,Rural,Ludhiana,On foot,37532,26299,11233,0,0,0,20076,13647,6429,7534,5554,1980,9922,7098,2824,0,0,0,0,0,0,0,0,0,0,0,0,0,0,0,30.900965,75.8572758
PUNJAB,Rural,Ludhiana,Bicycle,65785,63230,2555,0,0,0,6109,5783,326,26562,25435,1127,18495,17942,553,8056,7826,230,6563,6244,319,0,0,0,0,0,0,0,0,0,30.900965,75.8572758
PUNJAB,Rural,Ludhiana,Moped/Scooter/Motor Cycle,36094,32838,3256,0,0,0,2257,2018,239,9883,8808,1075,10471,9527,944,8042,7485,557,2288,2158,130,1112,1036,76,288,269,19,1753,1537,216,30.900965,75.8572758
PUNJAB,Rural,Ludhiana,Car/Jeep/Van,5925,4853,1072,0,0,0,360,283,77,1393,996,397,1518,1271,247,1196,1026,170,488,428,60,356,323,33,247,223,24,367,303,64,30.900965,75.8572758
PUNJAB,Rural,Ludhiana,Tempo/Autorickshaw/Taxi,6787,5605,1182,0,0,0,331,274,57,1601,1147,454,1818,1441,377,1700,1536,164,489,456,33,267,242,25,194,176,18,387,333,54,30.900965,75.8572758
PUNJAB,Rural,Ludhiana,Bus,21408,16661,4747,0,0,0,478,332,146,1860,1051,809,3053,2163,890,5703,4545,1158,4488,3764,724,3203,2659,544,1808,1495,313,815,652,163,30.900965,75.8572758
PUNJAB,Rural,Ludhiana,Train,2070,1863,207,0,0,0,126,107,19,328,287,41,265,244,21,229,207,22,159,143,16,194,173,21,439,410,29,330,292,38,30.900965,75.8572758
PUNJAB,Rural,Ludhiana,Water transport,232,186,46,0,0,0,33,19,14,44,34,10,34,30,4,32,29,3,27,26,1,12,9,3,6,6,0,44,33,11,30.900965,75.8572758
PUNJAB,Rural,Ludhiana,Any other,2278,2163,115,0,0,0,190,179,11,542,497,45,416,397,19,298,290,8,123,115,8,131,128,3,271,266,5,307,291,16,30.900965,75.8572758
PUNJAB,Rural,Ludhiana,No travel,110986,61661,49325,110986,61661,49325,0,0,0,0,0,0,0,0,0,0,0,0,0,0,0,0,0,0,0,0,0,0,0,0,30.900965,75.8572758
PUNJAB,Urban,Ludhiana,All Modes,684675,578269,106406,158187,112553,45634,106810,90147,16663,213858,191107,22751,122722,109796,12926,34509,31129,3380,19963,18428,1535,7509,6497,1012,5736,4964,772,15381,13648,1733,30.900965,75.8572758
PUNJAB,Urban,Ludhiana,On foot,132491,108038,24453,0,0,0,64395,51414,12981,40397,33498,6899,27699,23126,4573,0,0,0,0,0,0,0,0,0,0,0,0,0,0,0,30.900965,75.8572758
PUNJAB,Urban,Ludhiana,Bicycle,147030,141488,5542,0,0,0,16999,16200,799,76126,73186,2940,32300,31374,926,7902,7671,231,13703,13057,646,0,0,0,0,0,0,0,0,0,30.900965,75.8572758
PUNJAB,Urban,Ludhiana,Moped/Scooter/Motor Cycle,155847,141534,14313,0,0,0,19267,17571,1696,69394,62567,6827,39236,35763,3473,13432,12346,1086,2131,1960,171,2273,2101,172,840,766,74,9274,8460,814,30.900965,75.8572758
PUNJAB,Urban,Ludhiana,Car/Jeep/Van,36701,32482,4219,0,0,0,2601,2184,417,12217,10556,1661,10983,9872,1111,5985,5458,527,1226,1110,116,1014,917,97,856,761,95,1819,1624,195,30.900965,75.8572758
PUNJAB,Urban,Ludhiana,Tempo/Autorickshaw/Taxi,27820,21201,6619,0,0,0,1830,1375,455,11508,8055,3453,8119,6341,1778,2984,2540,444,592,535,57,614,527,87,403,363,40,1770,1465,305,30.900965,75.8572758
PUNJAB,Urban,Ludhiana,Bus,17913,13086,4827,0,0,0,631,441,190,1926,1162,764,3067,2115,952,3545,2496,1049,2032,1517,515,2998,2385,613,2572,2094,478,1142,876,266,30.900965,75.8572758
PUNJAB,Urban,Ludhiana,Train,4289,3856,433,0,0,0,412,360,52,979,878,101,491,436,55,282,263,19,173,150,23,458,424,34,886,816,70,608,529,79,30.900965,75.8572758
PUNJAB,Urban,Ludhiana,Water transport,491,409,82,0,0,0,69,51,18,107,93,14,91,79,12,51,44,7,13,9,4,25,22,3,29,25,4,106,86,20,30.900965,75.8572758
PUNJAB,Urban,Ludhiana,Any other,3906,3622,284,0,0,0,606,551,55,1204,1112,92,736,690,46,328,311,17,93,90,3,127,121,6,150,139,11,662,608,54,30.900965,75.8572758
PUNJAB,Urban,Ludhiana,No travel,158187,112553,45634,158187,112553,45634,0,0,0,0,0,0,0,0,0,0,0,0,0,0,0,0,0,0,0,0,0,0,0,0,30.900965,75.8572758
MADHYA PRADESH,Total,Indore,All Modes,888176,709528,178648,197752,135955,61797,114262,84969,29293,258926,213239,45687,164194,138308,25886,60560,54519,6041,39340,36249,3091,15827,13953,1874,7016,6251,765,30299,26085,4214,22.7195687,75.8577258
MADHYA PRADESH,Total,Indore,On foot,176128,116551,59577,0,0,0,68452,44672,23780,64990,41904,23086,42686,29975,12711,0,0,0,0,0,0,0,0,0,0,0,0,0,0,0,22.7195687,75.8577258
MADHYA PRADESH,Total,Indore,Bicycle,176949,167883,9066,0,0,0,16364,15281,1083,81217,76997,4220,41941,40121,1820,14773,14152,621,22654,21332,1322,0,0,0,0,0,0,0,0,0,22.7195687,75.8577258
MADHYA PRADESH,Total,Indore,Moped/Scooter/Motor Cycle,212528,192891,19637,0,0,0,21277,18903,2374,81937,73542,8395,52859,48356,4503,24109,22486,1623,5549,5232,317,6002,5519,483,1838,1699,139,18957,17154,1803,22.7195687,75.8577258
MADHYA PRADESH,Total,Indore,Car/Jeep/Van,30050,24128,5922,0,0,0,2659,2092,567,10142,7632,2510,6771,5461,1310,3706,3125,581,1425,1262,163,1809,1596,213,829,757,72,2709,2203,506,22.7195687,75.8577258
MADHYA PRADESH,Total,Indore,Tempo/Autorickshaw/Taxi,19154,14469,4685,0,0,0,1525,1166,359,5874,3701,2173,4465,3267,1198,2760,2440,320,1030,945,85,976,846,130,404,368,36,2120,1736,384,22.7195687,75.8577258
MADHYA PRADESH,Total,Indore,Bus,59526,43504,16022,0,0,0,2564,1660,904,11013,6243,4770,12877,8832,4045,13176,10495,2681,6813,5779,1034,5790,4851,939,2732,2347,385,4561,3297,1264,22.7195687,75.8577258
MADHYA PRADESH,Total,Indore,Train,11196,9886,1310,0,0,0,816,690,126,2455,2125,330,1562,1387,175,1458,1308,150,1664,1522,142,962,881,81,969,852,117,1310,1121,189,22.7195687,75.8577258
MADHYA PRADESH,Total,Indore,Water transport,452,356,96,0,0,0,93,68,25,109,80,29,71,62,9,42,35,7,17,15,2,20,17,3,20,19,1,80,60,20,22.7195687,75.8577258
MADHYA PRADESH,Total,Indore,Any other,4441,3905,536,0,0,0,512,437,75,1189,1015,174,962,847,115,536,478,58,188,162,26,268,243,25,224,209,15,562,514,48,22.7195687,75.8577258
MADHYA PRADESH,Total,Indore,No travel,197752,135955,61797,197752,135955,61797,0,0,0,0,0,0,0,0,0,0,0,0,0,0,0,0,0,0,0,0,0,0,0,0,22.7195687,75.8577258
MADHYA PRADESH,Rural,Indore,All Modes,80728,66653,14075,25719,18586,7133,10120,7828,2292,17430,15145,2285,10817,9414,1403,8493,8012,481,4308,4101,207,1932,1830,102,559,517,42,1350,1220,130,22.7195687,75.8577258
MADHYA PRADESH,Rural,Indore,On foot,16982,12889,4093,0,0,0,7974,5899,2075,6000,4719,1281,3008,2271,737,0,0,0,0,0,0,0,0,0,0,0,0,0,0,0,22.7195687,75.8577258
MADHYA PRADESH,Rural,Indore,Bicycle,12539,12105,434,0,0,0,915,862,53,5542,5341,201,2974,2886,88,1775,1737,38,1333,1279,54,0,0,0,0,0,0,0,0,0,22.7195687,75.8577258
MADHYA PRADESH,Rural,Indore,Moped/Scooter/Motor Cycle,12376,11761,615,0,0,0,758,708,50,3838,3581,257,2563,2438,125,3057,2961,96,979,949,30,425,408,17,94,92,2,662,624,38,22.7195687,75.8577258
MADHYA PRADESH,Rural,Indore,Car/Jeep/Van,1294,1086,208,0,0,0,55,38,17,345,268,77,223,176,47,322,284,38,130,121,9,92,90,2,47,44,3,80,65,15,22.7195687,75.8577258
MADHYA PRADESH,Rural,Indore,Tempo/Autorickshaw/Taxi,1144,947,197,0,0,0,72,43,29,335,243,92,285,249,36,262,239,23,71,69,2,58,52,6,15,14,1,46,38,8,22.7195687,75.8577258
MADHYA PRADESH,Rural,Indore,Bus,8526,7272,1254,0,0,0,268,214,54,1159,809,350,1542,1194,348,2633,2374,259,1413,1318,95,799,740,59,262,236,26,450,387,63,22.7195687,75.8577258
MADHYA PRADESH,Rural,Indore,Train,1715,1628,87,0,0,0,50,39,11,151,141,10,114,104,10,345,332,13,345,332,13,516,500,16,104,94,10,90,86,4,22.7195687,75.8577258
MADHYA PRADESH,Rural,Indore,Water transport,31,28,3,0,0,0,9,8,1,3,3,0,4,3,1,7,7,0,1,1,0,4,4,0,0,0,0,3,2,1,22.7195687,75.8577258
MADHYA PRADESH,Rural,Indore,Any other,402,351,51,0,0,0,19,17,2,57,40,17,104,93,11,92,78,14,36,32,4,38,36,2,37,37,0,19,18,1,22.7195687,75.8577258
MADHYA PRADESH,Rural,Indore,No travel,25719,18586,7133,25719,18586,7133,0,0,0,0,0,0,0,0,0,0,0,0,0,0,0,0,0,0,0,0,0,0,0,0,22.7195687,75.8577258
MADHYA PRADESH,Urban,Indore,All Modes,807448,642875,164573,172033,117369,54664,104142,77141,27001,241496,198094,43402,153377,128894,24483,52067,46507,5560,35032,32148,2884,13895,12123,1772,6457,5734,723,28949,24865,4084,22.7195687,75.8577258
MADHYA PRADESH,Urban,Indore,On foot,159146,103662,55484,0,0,0,60478,38773,21705,58990,37185,21805,39678,27704,11974,0,0,0,0,0,0,0,0,0,0,0,0,0,0,0,22.7195687,75.8577258
MADHYA PRADESH,Urban,Indore,Bicycle,164410,155778,8632,0,0,0,15449,14419,1030,75675,71656,4019,38967,37235,1732,12998,12415,583,21321,20053,1268,0,0,0,0,0,0,0,0,0,22.7195687,75.8577258
MADHYA PRADESH,Urban,Indore,Moped/Scooter/Motor Cycle,200152,181130,19022,0,0,0,20519,18195,2324,78099,69961,8138,50296,45918,4378,21052,19525,1527,4570,4283,287,5577,5111,466,1744,1607,137,18295,16530,1765,22.7195687,75.8577258
MADHYA PRADESH,Urban,Indore,Car/Jeep/Van,28756,23042,5714,0,0,0,2604,2054,550,9797,7364,2433,6548,5285,1263,3384,2841,543,1295,1141,154,1717,1506,211,782,713,69,2629,2138,491,22.7195687,75.8577258
MADHYA PRADESH,Urban,Indore,Tempo/Autorickshaw/Taxi,18010,13522,4488,0,0,0,1453,1123,330,5539,3458,2081,4180,3018,1162,2498,2201,297,959,876,83,918,794,124,389,354,35,2074,1698,376,22.7195687,75.8577258
MADHYA PRADESH,Urban,Indore,Bus,51000,36232,14768,0,0,0,2296,1446,850,9854,5434,4420,11335,7638,3697,10543,8121,2422,5400,4461,939,4991,4111,880,2470,2111,359,4111,2910,1201,22.7195687,75.8577258
MADHYA PRADESH,Urban,Indore,Train,9481,8258,1223,0,0,0,766,651,115,2304,1984,320,1448,1283,165,1113,976,137,1319,1190,129,446,381,65,865,758,107,1220,1035,185,22.7195687,75.8577258
MADHYA PRADESH,Urban,Indore,Water transport,421,328,93,0,0,0,84,60,24,106,77,29,67,59,8,35,28,7,16,14,2,16,13,3,20,19,1,77,58,19,22.7195687,75.8577258
MADHYA PRADESH,Urban,Indore,Any other,4039,3554,485,0,0,0,493,420,73,1132,975,157,858,754,104,444,400,44,152,130,22,230,207,23,187,172,15,543,496,47,22.7195687,75.8577258
MADHYA PRADESH,Urban,Indore,No travel,172033,117369,54664,172033,117369,54664,0,0,0,0,0,0,0,0,0,0,0,0,0,0,0,0,0,0,0,0,0,0,0,0,22.7195687,75.8577258
RAJASTHAN,Total,Kota,All Modes,448432,364084,84348,103395,72469,30926,78911,59654,19257,145526,124239,21287,69217,61651,7566,24403,22198,2205,9369,8474,895,6286,5525,761,6634,5752,882,4691,4122,569,25.2138156,75.8647527
RAJASTHAN,Total,Kota,On foot,115717,82658,33059,0,0,0,59772,42144,17628,44390,31535,12855,11555,8979,2576,0,0,0,0,0,0,0,0,0,0,0,0,0,0,0,25.2138156,75.8647527
RAJASTHAN,Total,Kota,Bicycle,67843,65524,2319,0,0,0,6310,6012,298,39043,37721,1322,15805,15356,449,3706,3592,114,2979,2843,136,0,0,0,0,0,0,0,0,0,25.2138156,75.8647527
RAJASTHAN,Total,Kota,Moped/Scooter/Motor Cycle,99741,93219,6522,0,0,0,9764,9089,675,45358,42054,3304,27027,25404,1623,10433,9898,535,2302,2204,98,1657,1596,61,714,687,27,2486,2287,199,25.2138156,75.8647527
RAJASTHAN,Total,Kota,Car/Jeep/Van,14080,11884,2196,0,0,0,967,814,153,4619,3919,700,3833,3203,630,1812,1519,293,913,743,170,856,749,107,624,564,60,456,373,83,25.2138156,75.8647527
RAJASTHAN,Total,Kota,Tempo/Autorickshaw/Taxi,20900,16276,4624,0,0,0,915,702,213,8518,6247,2271,6719,5210,1509,2762,2352,410,722,668,54,409,371,38,179,165,14,676,561,115,25.2138156,75.8647527
RAJASTHAN,Total,Kota,Bus,17435,14351,3084,0,0,0,448,345,103,1566,1235,331,2650,2156,494,4604,3901,703,1888,1504,384,2714,2239,475,3068,2579,489,497,392,105,25.2138156,75.8647527
RAJASTHAN,Total,Kota,Train,3246,2765,481,0,0,0,165,127,38,195,169,26,150,125,25,129,121,8,129,112,17,293,236,57,1795,1530,265,390,345,45,25.2138156,75.8647527
RAJASTHAN,Total,Kota,Water transport,176,149,27,0,0,0,42,29,13,33,31,2,30,28,2,11,9,2,4,4,0,13,10,3,20,17,3,23,21,2,25.2138156,75.8647527
RAJASTHAN,Total,Kota,Any other,5899,4789,1110,0,0,0,528,392,136,1804,1328,476,1448,1190,258,946,806,140,432,396,36,344,324,20,234,210,24,163,143,20,25.2138156,75.8647527
RAJASTHAN,Total,Kota,No travel,103395,72469,30926,103395,72469,30926,0,0,0,0,0,0,0,0,0,0,0,0,0,0,0,0,0,0,0,0,0,0,0,0,25.2138156,75.8647527
RAJASTHAN,Rural,Kota,All Modes,100109,72384,27725,31855,20569,11286,24183,15913,8270,21807,16210,5597,10787,9120,1667,5627,5196,431,2670,2457,213,1634,1529,105,1037,935,102,509,455,54,25.2138156,75.8647527
RAJASTHAN,Rural,Kota,On foot,37799,24088,13711,0,0,0,22190,14131,8059,13001,8152,4849,2608,1805,803,0,0,0,0,0,0,0,0,0,0,0,0,0,0,0,25.2138156,75.8647527
RAJASTHAN,Rural,Kota,Bicycle,7660,7295,365,0,0,0,656,600,56,3755,3576,179,2247,2158,89,628,613,15,374,348,26,0,0,0,0,0,0,0,0,0,25.2138156,75.8647527
RAJASTHAN,Rural,Kota,Moped/Scooter/Motor Cycle,9457,9131,326,0,0,0,839,804,35,2950,2832,118,2276,2205,71,1984,1930,54,657,641,16,410,401,9,105,101,4,236,217,19,25.2138156,75.8647527
RAJASTHAN,Rural,Kota,Car/Jeep/Van,3630,2858,772,0,0,0,148,104,44,615,507,108,1211,896,315,634,513,121,462,359,103,338,295,43,143,119,24,79,65,14,25.2138156,75.8647527
RAJASTHAN,Rural,Kota,Tempo/Autorickshaw/Taxi,1851,1625,226,0,0,0,63,53,10,367,319,48,624,498,126,448,423,25,231,221,10,73,70,3,22,21,1,23,20,3,25.2138156,75.8647527
RAJASTHAN,Rural,Kota,Bus,5229,4710,519,0,0,0,136,113,23,438,371,67,1128,989,139,1476,1332,144,790,740,50,629,597,32,525,475,50,107,93,14,25.2138156,75.8647527
RAJASTHAN,Rural,Kota,Train,358,323,35,0,0,0,33,21,12,40,33,7,28,23,5,22,22,0,45,44,1,28,24,4,130,126,4,32,30,2,25.2138156,75.8647527
RAJASTHAN,Rural,Kota,Water transport,30,25,5,0,0,0,12,10,2,6,4,2,6,5,1,1,1,0,0,0,0,2,2,0,2,2,0,1,1,0,25.2138156,75.8647527
RAJASTHAN,Rural,Kota,Any other,2240,1760,480,0,0,0,106,77,29,635,416,219,659,541,118,434,362,72,111,104,7,154,140,14,110,91,19,31,29,2,25.2138156,75.8647527
RAJASTHAN,Rural,Kota,No travel,31855,20569,11286,31855,20569,11286,0,0,0,0,0,0,0,0,0,0,0,0,0,0,0,0,0,0,0,0,0,0,0,0,25.2138156,75.8647527
RAJASTHAN,Urban,Kota,All Modes,348323,291700,56623,71540,51900,19640,54728,43741,10987,123719,108029,15690,58430,52531,5899,18776,17002,1774,6699,6017,682,4652,3996,656,5597,4817,780,4182,3667,515,25.2138156,75.8647527
RAJASTHAN,Urban,Kota,On foot,77918,58570,19348,0,0,0,37582,28013,9569,31389,23383,8006,8947,7174,1773,0,0,0,0,0,0,0,0,0,0,0,0,0,0,0,25.2138156,75.8647527
RAJASTHAN,Urban,Kota,Bicycle,60183,58229,1954,0,0,0,5654,5412,242,35288,34145,1143,13558,13198,360,3078,2979,99,2605,2495,110,0,0,0,0,0,0,0,0,0,25.2138156,75.8647527
RAJASTHAN,Urban,Kota,Moped/Scooter/Motor Cycle,90284,84088,6196,0,0,0,8925,8285,640,42408,39222,3186,24751,23199,1552,8449,7968,481,1645,1563,82,1247,1195,52,609,586,23,2250,2070,180,25.2138156,75.8647527
RAJASTHAN,Urban,Kota,Car/Jeep/Van,10450,9026,1424,0,0,0,819,710,109,4004,3412,592,2622,2307,315,1178,1006,172,451,384,67,518,454,64,481,445,36,377,308,69,25.2138156,75.8647527
RAJASTHAN,Urban,Kota,Tempo/Autorickshaw/Taxi,19049,14651,4398,0,0,0,852,649,203,8151,5928,2223,6095,4712,1383,2314,1929,385,491,447,44,336,301,35,157,144,13,653,541,112,25.2138156,75.8647527
RAJASTHAN,Urban,Kota,Bus,12206,9641,2565,0,0,0,312,232,80,1128,864,264,1522,1167,355,3128,2569,559,1098,764,334,2085,1642,443,2543,2104,439,390,299,91,25.2138156,75.8647527
RAJASTHAN,Urban,Kota,Train,2888,2442,446,0,0,0,132,106,26,155,136,19,122,102,20,107,99,8,84,68,16,265,212,53,1665,1404,261,358,315,43,25.2138156,75.8647527
RAJASTHAN,Urban,Kota,Water transport,146,124,22,0,0,0,30,19,11,27,27,0,24,23,1,10,8,2,4,4,0,11,8,3,18,15,3,22,20,2,25.2138156,75.8647527
RAJASTHAN,Urban,Kota,Any other,3659,3029,630,0,0,0,422,315,107,1169,912,257,789,649,140,512,444,68,321,292,29,190,184,6,124,119,5,132,114,18,25.2138156,75.8647527
RAJASTHAN,Urban,Kota,No travel,71540,51900,19640,71540,51900,19640,0,0,0,0,0,0,0,0,0,0,0,0,0,0,0,0,0,0,0,0,0,0,0,0,25.2138156,75.8647527
MAHARASHTRA,Total,Jalna,All Modes,194292,152215,42077,70695,48018,22677,31115,25129,5986,49486,41356,8130,21534,18544,2990,8248,7387,861,5137,4586,551,3223,2880,343,3248,2891,357,1606,1424,182,19.8346659,75.8816345
MAHARASHTRA,Total,Jalna,On foot,50299,38256,12043,0,0,0,22145,16971,5174,20764,15508,5256,7390,5777,1613,0,0,0,0,0,0,0,0,0,0,0,0,0,0,0,19.8346659,75.8816345
MAHARASHTRA,Total,Jalna,Bicycle,19271,18202,1069,0,0,0,2560,2408,152,11056,10431,625,3653,3499,154,842,804,38,1160,1060,100,0,0,0,0,0,0,0,0,0,19.8346659,75.8816345
MAHARASHTRA,Total,Jalna,Moped/Scooter/Motor Cycle,32336,29734,2602,0,0,0,4953,4541,412,12983,11821,1162,6203,5747,456,3824,3561,263,1737,1619,118,1230,1147,83,579,537,42,827,761,66,19.8346659,75.8816345
MAHARASHTRA,Total,Jalna,Car/Jeep/Van,2960,2658,302,0,0,0,293,266,27,661,567,94,486,452,34,443,395,48,287,261,26,313,284,29,341,314,27,136,119,17,19.8346659,75.8816345
MAHARASHTRA,Total,Jalna,Tempo/Autorickshaw/Taxi,9137,7517,1620,0,0,0,689,565,124,2838,2128,710,2491,2076,415,1578,1350,228,554,498,56,431,393,38,293,279,14,263,228,35,19.8346659,75.8816345
MAHARASHTRA,Total,Jalna,Bus,6698,5434,1264,0,0,0,218,174,44,629,478,151,915,691,224,1323,1071,252,1211,986,225,969,809,160,1258,1083,175,175,142,33,19.8346659,75.8816345
MAHARASHTRA,Total,Jalna,Train,1418,1223,195,0,0,0,103,89,14,108,86,22,55,45,10,67,56,11,104,86,18,192,169,23,670,590,80,119,102,17,19.8346659,75.8816345
MAHARASHTRA,Total,Jalna,Water transport,50,41,9,0,0,0,17,12,5,9,6,3,8,8,0,3,2,1,0,0,0,3,3,0,5,5,0,5,5,0,19.8346659,75.8816345
MAHARASHTRA,Total,Jalna,Any other,1428,1132,296,0,0,0,137,103,34,438,331,107,333,249,84,168,148,20,84,76,8,85,75,10,102,83,19,81,67,14,19.8346659,75.8816345
MAHARASHTRA,Total,Jalna,No travel,70695,48018,22677,70695,48018,22677,0,0,0,0,0,0,0,0,0,0,0,0,0,0,0,0,0,0,0,0,0,0,0,0,19.8346659,75.8816345
MAHARASHTRA,Rural,Jalna,All Modes,85807,64700,21107,43126,28757,14369,12132,9634,2498,10781,8754,2027,8818,7585,1233,5031,4624,407,2305,2091,214,1631,1481,150,1402,1254,148,581,520,61,19.8346659,75.8816345
MAHARASHTRA,Rural,Jalna,On foot,18027,13531,4496,0,0,0,9856,7578,2278,5214,3707,1507,2957,2246,711,0,0,0,0,0,0,0,0,0,0,0,0,0,0,0,19.8346659,75.8816345
MAHARASHTRA,Rural,Jalna,Bicycle,4108,3898,210,0,0,0,434,398,36,1604,1513,91,1260,1226,34,488,470,18,322,291,31,0,0,0,0,0,0,0,0,0,19.8346659,75.8816345
MAHARASHTRA,Rural,Jalna,Moped/Scooter/Motor Cycle,10089,9457,632,0,0,0,1203,1117,86,2405,2251,154,2281,2143,138,2211,2089,122,898,833,65,598,565,33,251,234,17,242,225,17,19.8346659,75.8816345
MAHARASHTRA,Rural,Jalna,Car/Jeep/Van,1496,1368,128,0,0,0,108,96,12,201,174,27,230,211,19,312,286,26,170,160,10,199,187,12,204,189,15,72,65,7,19.8346659,75.8816345
MAHARASHTRA,Rural,Jalna,Tempo/Autorickshaw/Taxi,4296,3777,519,0,0,0,268,238,30,826,701,125,1287,1131,156,1105,963,142,324,293,31,218,201,17,171,160,11,97,90,7,19.8346659,75.8816345
MAHARASHTRA,Rural,Jalna,Bus,3402,2910,492,0,0,0,128,103,25,323,265,58,529,432,97,765,681,84,489,427,62,497,423,74,583,508,75,88,71,17,19.8346659,75.8816345
MAHARASHTRA,Rural,Jalna,Train,367,316,51,0,0,0,39,34,5,21,19,2,26,18,8,27,26,1,43,33,10,55,49,6,126,108,18,30,29,1,19.8346659,75.8816345
MAHARASHTRA,Rural,Jalna,Water transport,13,11,2,0,0,0,5,3,2,2,2,0,0,0,0,0,0,0,0,0,0,2,2,0,3,3,0,1,1,0,19.8346659,75.8816345
MAHARASHTRA,Rural,Jalna,Any other,883,675,208,0,0,0,91,67,24,185,122,63,248,178,70,123,109,14,59,54,5,62,54,8,64,52,12,51,39,12,19.8346659,75.8816345
MAHARASHTRA,Rural,Jalna,No travel,43126,28757,14369,43126,28757,14369,0,0,0,0,0,0,0,0,0,0,0,0,0,0,0,0,0,0,0,0,0,0,0,0,19.8346659,75.8816345
MAHARASHTRA,Urban,Jalna,All Modes,108485,87515,20970,27569,19261,8308,18983,15495,3488,38705,32602,6103,12716,10959,1757,3217,2763,454,2832,2495,337,1592,1399,193,1846,1637,209,1025,904,121,19.8346659,75.8816345
MAHARASHTRA,Urban,Jalna,On foot,32272,24725,7547,0,0,0,12289,9393,2896,15550,11801,3749,4433,3531,902,0,0,0,0,0,0,0,0,0,0,0,0,0,0,0,19.8346659,75.8816345
MAHARASHTRA,Urban,Jalna,Bicycle,15163,14304,859,0,0,0,2126,2010,116,9452,8918,534,2393,2273,120,354,334,20,838,769,69,0,0,0,0,0,0,0,0,0,19.8346659,75.8816345
MAHARASHTRA,Urban,Jalna,Moped/Scooter/Motor Cycle,22247,20277,1970,0,0,0,3750,3424,326,10578,9570,1008,3922,3604,318,1613,1472,141,839,786,53,632,582,50,328,303,25,585,536,49,19.8346659,75.8816345
MAHARASHTRA,Urban,Jalna,Car/Jeep/Van,1464,1290,174,0,0,0,185,170,15,460,393,67,256,241,15,131,109,22,117,101,16,114,97,17,137,125,12,64,54,10,19.8346659,75.8816345
MAHARASHTRA,Urban,Jalna,Tempo/Autorickshaw/Taxi,4841,3740,1101,0,0,0,421,327,94,2012,1427,585,1204,945,259,473,387,86,230,205,25,213,192,21,122,119,3,166,138,28,19.8346659,75.8816345
MAHARASHTRA,Urban,Jalna,Bus,3296,2524,772,0,0,0,90,71,19,306,213,93,386,259,127,558,390,168,722,559,163,472,386,86,675,575,100,87,71,16,19.8346659,75.8816345
MAHARASHTRA,Urban,Jalna,Train,1051,907,144,0,0,0,64,55,9,87,67,20,29,27,2,40,30,10,61,53,8,137,120,17,544,482,62,89,73,16,19.8346659,75.8816345
MAHARASHTRA,Urban,Jalna,Water transport,37,30,7,0,0,0,12,9,3,7,4,3,8,8,0,3,2,1,0,0,0,1,1,0,2,2,0,4,4,0,19.8346659,75.8816345
MAHARASHTRA,Urban,Jalna,Any other,545,457,88,0,0,0,46,36,10,253,209,44,85,71,14,45,39,6,25,22,3,23,21,2,38,31,7,30,28,2,19.8346659,75.8816345
MAHARASHTRA,Urban,Jalna,No travel,27569,19261,8308,27569,19261,8308,0,0,0,0,0,0,0,0,0,0,0,0,0,0,0,0,0,0,0,0,0,0,0,0,19.8346659,75.8816345
MAHARASHTRA,Total,Solapur,All Modes,631705,492814,138891,170538,117722,52816,100776,72295,28481,181234,147243,33991,82480,68637,13843,33736,30108,3628,23854,21886,1968,12404,11173,1231,10194,9123,1071,16489,14627,1862,17.6599188,75.9063906
MAHARASHTRA,Total,Solapur,On foot,149219,94611,54608,0,0,0,70703,45012,25691,53877,32807,21070,24639,16792,7847,0,0,0,0,0,0,0,0,0,0,0,0,0,0,0,17.6599188,75.9063906
MAHARASHTRA,Total,Solapur,Bicycle,118940,113138,5802,0,0,0,13030,12329,701,67883,64404,3479,21956,21074,882,5719,5524,195,10352,9807,545,0,0,0,0,0,0,0,0,0,17.6599188,75.9063906
MAHARASHTRA,Total,Solapur,Moped/Scooter/Motor Cycle,112988,102068,10920,0,0,0,13029,11682,1347,44838,39689,5149,22200,19985,2215,13849,12858,991,5876,5605,271,4654,4416,238,1470,1398,72,7072,6435,637,17.6599188,75.9063906
MAHARASHTRA,Total,Solapur,Car/Jeep/Van,9464,8290,1174,0,0,0,833,726,107,2223,1856,367,1395,1209,186,1561,1386,175,1026,895,131,821,756,65,619,557,62,986,905,81,17.6599188,75.9063906
MAHARASHTRA,Total,Solapur,Tempo/Autorickshaw/Taxi,19439,15520,3919,0,0,0,1565,1331,234,6432,4206,2226,4403,3598,805,2707,2442,265,990,913,77,910,862,48,527,500,27,1905,1668,237,17.6599188,75.9063906
MAHARASHTRA,Total,Solapur,Bus,38868,31320,7548,0,0,0,848,628,220,4489,3080,1409,6287,4799,1488,8234,6702,1532,4973,4093,880,5120,4329,791,5170,4510,660,3747,3179,568,17.6599188,75.9063906
MAHARASHTRA,Total,Solapur,Train,6267,5470,797,0,0,0,324,238,86,512,401,111,257,216,41,322,285,37,275,244,31,546,488,58,1947,1762,185,2084,1836,248,17.6599188,75.9063906
MAHARASHTRA,Total,Solapur,Water transport,291,230,61,0,0,0,65,52,13,86,61,25,43,33,10,22,17,5,7,6,1,10,10,0,15,14,1,43,37,6,17.6599188,75.9063906
MAHARASHTRA,Total,Solapur,Any other,5691,4445,1246,0,0,0,379,297,82,894,739,155,1300,931,369,1322,894,428,355,323,32,343,312,31,446,382,64,652,567,85,17.6599188,75.9063906
MAHARASHTRA,Total,Solapur,No travel,170538,117722,52816,170538,117722,52816,0,0,0,0,0,0,0,0,0,0,0,0,0,0,0,0,0,0,0,0,0,0,0,0,17.6599188,75.9063906
MAHARASHTRA,Rural,Solapur,All Modes,211887,166863,45024,81562,56691,24871,24087,18047,6040,30821,25201,5620,27134,22828,4306,18491,16747,1744,10940,10133,807,6846,6339,507,5607,5061,546,6399,5816,583,17.6599188,75.9063906
MAHARASHTRA,Rural,Solapur,On foot,36458,24901,11557,0,0,0,18195,12715,5480,9939,6392,3547,8324,5794,2530,0,0,0,0,0,0,0,0,0,0,0,0,0,0,0,17.6599188,75.9063906
MAHARASHTRA,Rural,Solapur,Bicycle,21196,20208,988,0,0,0,1795,1671,124,8388,7928,460,5885,5681,204,2607,2522,85,2521,2406,115,0,0,0,0,0,0,0,0,0,17.6599188,75.9063906
MAHARASHTRA,Rural,Solapur,Moped/Scooter/Motor Cycle,36690,34234,2456,0,0,0,2883,2662,221,8795,8012,783,7064,6561,503,8002,7524,478,3858,3705,153,2816,2704,112,920,878,42,2352,2188,164,17.6599188,75.9063906
MAHARASHTRA,Rural,Solapur,Car/Jeep/Van,4084,3646,438,0,0,0,230,205,25,472,395,77,565,496,69,921,833,88,689,613,76,432,402,30,345,310,35,430,392,38,17.6599188,75.9063906
MAHARASHTRA,Rural,Solapur,Tempo/Autorickshaw/Taxi,5615,4873,742,0,0,0,254,225,29,1084,782,302,1273,1103,170,1264,1159,105,532,484,48,374,353,21,284,271,13,550,496,54,17.6599188,75.9063906
MAHARASHTRA,Rural,Solapur,Bus,19862,17011,2851,0,0,0,403,315,88,1662,1306,356,2911,2418,493,4525,3859,666,2877,2492,385,2683,2373,310,2858,2527,331,1943,1721,222,17.6599188,75.9063906
MAHARASHTRA,Rural,Solapur,Train,2492,2269,223,0,0,0,99,79,20,109,91,18,109,93,16,197,174,23,174,164,10,263,247,16,815,750,65,726,671,55,17.6599188,75.9063906
MAHARASHTRA,Rural,Solapur,Water transport,156,119,37,0,0,0,29,22,7,54,35,19,26,21,5,14,11,3,3,3,0,4,4,0,6,6,0,20,17,3,17.6599188,75.9063906
MAHARASHTRA,Rural,Solapur,Any other,3772,2911,861,0,0,0,199,153,46,318,260,58,977,661,316,961,665,296,286,266,20,274,256,18,379,319,60,378,331,47,17.6599188,75.9063906
MAHARASHTRA,Rural,Solapur,No travel,81562,56691,24871,81562,56691,24871,0,0,0,0,0,0,0,0,0,0,0,0,0,0,0,0,0,0,0,0,0,0,0,0,17.6599188,75.9063906
MAHARASHTRA,Urban,Solapur,All Modes,419818,325951,93867,88976,61031,27945,76689,54248,22441,150413,122042,28371,55346,45809,9537,15245,13361,1884,12914,11753,1161,5558,4834,724,4587,4062,525,10090,8811,1279,17.6599188,75.9063906
MAHARASHTRA,Urban,Solapur,On foot,112761,69710,43051,0,0,0,52508,32297,20211,43938,26415,17523,16315,10998,5317,0,0,0,0,0,0,0,0,0,0,0,0,0,0,0,17.6599188,75.9063906
MAHARASHTRA,Urban,Solapur,Bicycle,97744,92930,4814,0,0,0,11235,10658,577,59495,56476,3019,16071,15393,678,3112,3002,110,7831,7401,430,0,0,0,0,0,0,0,0,0,17.6599188,75.9063906
MAHARASHTRA,Urban,Solapur,Moped/Scooter/Motor Cycle,76298,67834,8464,0,0,0,10146,9020,1126,36043,31677,4366,15136,13424,1712,5847,5334,513,2018,1900,118,1838,1712,126,550,520,30,4720,4247,473,17.6599188,75.9063906
MAHARASHTRA,Urban,Solapur,Car/Jeep/Van,5380,4644,736,0,0,0,603,521,82,1751,1461,290,830,713,117,640,553,87,337,282,55,389,354,35,274,247,27,556,513,43,17.6599188,75.9063906
MAHARASHTRA,Urban,Solapur,Tempo/Autorickshaw/Taxi,13824,10647,3177,0,0,0,1311,1106,205,5348,3424,1924,3130,2495,635,1443,1283,160,458,429,29,536,509,27,243,229,14,1355,1172,183,17.6599188,75.9063906
MAHARASHTRA,Urban,Solapur,Bus,19006,14309,4697,0,0,0,445,313,132,2827,1774,1053,3376,2381,995,3709,2843,866,2096,1601,495,2437,1956,481,2312,1983,329,1804,1458,346,17.6599188,75.9063906
MAHARASHTRA,Urban,Solapur,Train,3775,3201,574,0,0,0,225,159,66,403,310,93,148,123,25,125,111,14,101,80,21,283,241,42,1132,1012,120,1358,1165,193,17.6599188,75.9063906
MAHARASHTRA,Urban,Solapur,Water transport,135,111,24,0,0,0,36,30,6,32,26,6,17,12,5,8,6,2,4,3,1,6,6,0,9,8,1,23,20,3,17.6599188,75.9063906
MAHARASHTRA,Urban,Solapur,Any other,1919,1534,385,0,0,0,180,144,36,576,479,97,323,270,53,361,229,132,69,57,12,69,56,13,67,63,4,274,236,38,17.6599188,75.9063906
MAHARASHTRA,Urban,Solapur,No travel,88976,61031,27945,88976,61031,27945,0,0,0,0,0,0,0,0,0,0,0,0,0,0,0,0,0,0,0,0,0,0,0,0,17.6599188,75.9063906
PUNJAB,Total,Hoshiarpur,All Modes,319698,260409,59289,97497,69345,28152,48434,37798,10636,68314,59667,8647,48357,42657,5700,21846,19240,2606,10647,9497,1150,8407,7453,954,12542,11519,1023,3654,3233,421,31.5143178,75.911483
PUNJAB,Total,Hoshiarpur,On foot,56173,42360,13813,0,0,0,33557,24364,9193,12646,9987,2659,9970,8009,1961,0,0,0,0,0,0,0,0,0,0,0,0,0,0,0,31.5143178,75.911483
PUNJAB,Total,Hoshiarpur,Bicycle,65105,62056,3049,0,0,0,6733,6279,454,29536,27969,1567,18610,17986,624,5936,5733,203,4290,4089,201,0,0,0,0,0,0,0,0,0,31.5143178,75.911483
PUNJAB,Total,Hoshiarpur,Moped/Scooter/Motor Cycle,52424,45951,6473,0,0,0,6499,5833,666,20288,17423,2865,12637,11060,1577,7561,6706,855,1833,1655,178,1099,1024,75,688,616,72,1819,1634,185,31.5143178,75.911483
PUNJAB,Total,Hoshiarpur,Car/Jeep/Van,4981,4444,537,0,0,0,525,461,64,1436,1254,182,940,847,93,700,628,72,291,260,31,401,371,30,463,422,41,225,201,24,31.5143178,75.911483
PUNJAB,Total,Hoshiarpur,Tempo/Autorickshaw/Taxi,3435,2786,649,0,0,0,221,180,41,1196,873,323,936,780,156,498,415,83,109,102,7,138,132,6,153,143,10,184,161,23,31.5143178,75.911483
PUNJAB,Total,Hoshiarpur,Bus,35123,28856,6267,0,0,0,511,345,166,2435,1465,970,4694,3436,1258,6909,5540,1369,3997,3281,716,6269,5457,812,9399,8579,820,909,753,156,31.5143178,75.911483
PUNJAB,Total,Hoshiarpur,Train,2700,2487,213,0,0,0,122,97,25,228,188,40,157,141,16,106,91,15,76,66,10,381,355,26,1368,1304,64,262,245,17,31.5143178,75.911483
PUNJAB,Total,Hoshiarpur,Water transport,195,170,25,0,0,0,22,20,2,29,24,5,26,19,7,19,14,5,8,7,1,12,11,1,54,50,4,25,25,0,31.5143178,75.911483
PUNJAB,Total,Hoshiarpur,Any other,2065,1954,111,0,0,0,244,219,25,520,484,36,387,379,8,117,113,4,43,37,6,107,103,4,417,405,12,230,214,16,31.5143178,75.911483
PUNJAB,Total,Hoshiarpur,No travel,97497,69345,28152,97497,69345,28152,0,0,0,0,0,0,0,0,0,0,0,0,0,0,0,0,0,0,0,0,0,0,0,0,31.5143178,75.911483
PUNJAB,Rural,Hoshiarpur,All Modes,214955,175993,38962,70170,49761,20409,25382,18477,6905,40297,35919,4378,36457,32857,3600,17329,15716,1613,7887,7184,703,6162,5581,581,9468,8883,585,1803,1615,188,31.5143178,75.911483
PUNJAB,Rural,Hoshiarpur,On foot,32513,23542,8971,0,0,0,19452,13087,6365,6950,5584,1366,6111,4871,1240,0,0,0,0,0,0,0,0,0,0,0,0,0,0,0,31.5143178,75.911483
PUNJAB,Rural,Hoshiarpur,Bicycle,48253,46206,2047,0,0,0,3506,3256,250,20455,19469,986,16065,15556,509,5278,5100,178,2949,2825,124,0,0,0,0,0,0,0,0,0,31.5143178,75.911483
PUNJAB,Rural,Hoshiarpur,Moped/Scooter/Motor Cycle,29858,26732,3126,0,0,0,1689,1524,165,9651,8442,1209,9199,8255,944,5937,5403,534,1484,1359,125,839,793,46,399,364,35,660,592,68,31.5143178,75.911483
PUNJAB,Rural,Hoshiarpur,Car/Jeep/Van,2330,2097,233,0,0,0,149,125,24,560,494,66,519,476,43,379,340,39,160,145,15,211,194,17,259,238,21,93,85,8,31.5143178,75.911483
PUNJAB,Rural,Hoshiarpur,Tempo/Autorickshaw/Taxi,1999,1750,249,0,0,0,86,77,9,564,471,93,617,532,85,352,308,44,73,70,3,105,103,2,114,109,5,88,80,8,31.5143178,75.911483
PUNJAB,Rural,Hoshiarpur,Bus,26317,22591,3726,0,0,0,268,208,60,1672,1058,614,3552,2790,762,5195,4391,804,3125,2701,424,4691,4194,497,7185,6707,478,629,542,87,31.5143178,75.911483
PUNJAB,Rural,Hoshiarpur,Train,1919,1802,117,0,0,0,55,42,13,121,102,19,106,97,9,79,69,10,51,44,7,213,198,15,1105,1068,37,189,182,7,31.5143178,75.911483
PUNJAB,Rural,Hoshiarpur,Water transport,137,126,11,0,0,0,14,12,2,21,19,2,18,15,3,15,13,2,6,6,0,8,7,1,39,38,1,16,16,0,31.5143178,75.911483
PUNJAB,Rural,Hoshiarpur,Any other,1459,1386,73,0,0,0,163,146,17,303,280,23,270,265,5,94,92,2,39,34,5,95,92,3,367,359,8,128,118,10,31.5143178,75.911483
PUNJAB,Rural,Hoshiarpur,No travel,70170,49761,20409,70170,49761,20409,0,0,0,0,0,0,0,0,0,0,0,0,0,0,0,0,0,0,0,0,0,0,0,0,31.5143178,75.911483
PUNJAB,Urban,Hoshiarpur,All Modes,104743,84416,20327,27327,19584,7743,23052,19321,3731,28017,23748,4269,11900,9800,2100,4517,3524,993,2760,2313,447,2245,1872,373,3074,2636,438,1851,1618,233,31.5143178,75.911483
PUNJAB,Urban,Hoshiarpur,On foot,23660,18818,4842,0,0,0,14105,11277,2828,5696,4403,1293,3859,3138,721,0,0,0,0,0,0,0,0,0,0,0,0,0,0,0,31.5143178,75.911483
PUNJAB,Urban,Hoshiarpur,Bicycle,16852,15850,1002,0,0,0,3227,3023,204,9081,8500,581,2545,2430,115,658,633,25,1341,1264,77,0,0,0,0,0,0,0,0,0,31.5143178,75.911483
PUNJAB,Urban,Hoshiarpur,Moped/Scooter/Motor Cycle,22566,19219,3347,0,0,0,4810,4309,501,10637,8981,1656,3438,2805,633,1624,1303,321,349,296,53,260,231,29,289,252,37,1159,1042,117,31.5143178,75.911483
PUNJAB,Urban,Hoshiarpur,Car/Jeep/Van,2651,2347,304,0,0,0,376,336,40,876,760,116,421,371,50,321,288,33,131,115,16,190,177,13,204,184,20,132,116,16,31.5143178,75.911483
PUNJAB,Urban,Hoshiarpur,Tempo/Autorickshaw/Taxi,1436,1036,400,0,0,0,135,103,32,632,402,230,319,248,71,146,107,39,36,32,4,33,29,4,39,34,5,96,81,15,31.5143178,75.911483
PUNJAB,Urban,Hoshiarpur,Bus,8806,6265,2541,0,0,0,243,137,106,763,407,356,1142,646,496,1714,1149,565,872,580,292,1578,1263,315,2214,1872,342,280,211,69,31.5143178,75.911483
PUNJAB,Urban,Hoshiarpur,Train,781,685,96,0,0,0,67,55,12,107,86,21,51,44,7,27,22,5,25,22,3,168,157,11,263,236,27,73,63,10,31.5143178,75.911483
PUNJAB,Urban,Hoshiarpur,Water transport,58,44,14,0,0,0,8,8,0,8,5,3,8,4,4,4,1,3,2,1,1,4,4,0,15,12,3,9,9,0,31.5143178,75.911483
PUNJAB,Urban,Hoshiarpur,Any other,606,568,38,0,0,0,81,73,8,217,204,13,117,114,3,23,21,2,4,3,1,12,11,1,50,46,4,102,96,6,31.5143178,75.911483
PUNJAB,Urban,Hoshiarpur,No travel,27327,19584,7743,27327,19584,7743,0,0,0,0,0,0,0,0,0,0,0,0,0,0,0,0,0,0,0,0,0,0,0,0,31.5143178,75.911483
KARNATAKA,Total,Davanagere,All Modes,317050,236592,80458,126658,79782,46876,38916,29221,9695,74571,61691,12880,37060,30950,6110,14844,12876,1968,8604,7593,1011,6512,5767,745,7270,6397,873,2615,2315,300,14.4644085,75.921758
KARNATAKA,Total,Davanagere,On foot,65714,47203,18511,0,0,0,27012,18687,8325,26478,19363,7115,12224,9153,3071,0,0,0,0,0,0,0,0,0,0,0,0,0,0,0,14.4644085,75.921758
KARNATAKA,Total,Davanagere,Bicycle,27073,26076,997,0,0,0,3225,3074,151,16031,15468,563,5081,4936,145,1079,1048,31,1657,1550,107,0,0,0,0,0,0,0,0,0,14.4644085,75.921758
KARNATAKA,Total,Davanagere,Moped/Scooter/Motor Cycle,36710,34115,2595,0,0,0,5160,4736,424,18285,16770,1515,6583,6212,371,3173,3057,116,1189,1150,39,879,853,26,485,449,36,956,888,68,14.4644085,75.921758
KARNATAKA,Total,Davanagere,Car/Jeep/Van,4273,3781,492,0,0,0,458,384,74,1511,1299,212,636,559,77,452,409,43,252,234,18,331,305,26,444,416,28,189,175,14,14.4644085,75.921758
KARNATAKA,Total,Davanagere,Tempo/Autorickshaw/Taxi,8887,7512,1375,0,0,0,708,576,132,2895,2128,767,2435,2136,299,1089,1005,84,550,522,28,508,492,16,330,309,21,372,344,28,14.4644085,75.921758
KARNATAKA,Total,Davanagere,Bus,43212,34092,9120,0,0,0,1903,1383,520,8315,5742,2573,9551,7453,2098,8725,7055,1670,4664,3872,792,4450,3804,646,4883,4208,675,721,575,146,14.4644085,75.921758
KARNATAKA,Total,Davanagere,Train,2404,2077,327,0,0,0,200,158,42,465,399,66,187,163,24,157,141,16,190,166,24,215,189,26,870,766,104,120,95,25,14.4644085,75.921758
KARNATAKA,Total,Davanagere,Water transport,134,103,31,0,0,0,28,22,6,32,21,11,18,15,3,13,10,3,6,4,2,3,3,0,18,16,2,16,12,4,14.4644085,75.921758
KARNATAKA,Total,Davanagere,Any other,1985,1851,134,0,0,0,222,201,21,559,501,58,345,323,22,156,151,5,96,95,1,126,121,5,240,233,7,241,226,15,14.4644085,75.921758
KARNATAKA,Total,Davanagere,No travel,126658,79782,46876,126658,79782,46876,0,0,0,0,0,0,0,0,0,0,0,0,0,0,0,0,0,0,0,0,0,0,0,0,14.4644085,75.921758
KARNATAKA,Rural,Davanagere,All Modes,115328,77921,37407,66037,38317,27720,9863,6850,3013,10772,8326,2446,11876,9579,2297,6460,5703,757,4061,3598,463,3062,2759,303,2542,2220,322,655,569,86,14.4644085,75.921758
KARNATAKA,Rural,Davanagere,On foot,16740,11132,5608,0,0,0,7675,4970,2705,5002,3449,1553,4063,2713,1350,0,0,0,0,0,0,0,0,0,0,0,0,0,0,0,14.4644085,75.921758
KARNATAKA,Rural,Davanagere,Bicycle,3538,3302,236,0,0,0,437,402,35,1265,1169,96,975,937,38,424,406,18,437,388,49,0,0,0,0,0,0,0,0,0,14.4644085,75.921758
KARNATAKA,Rural,Davanagere,Moped/Scooter/Motor Cycle,6434,6128,306,0,0,0,663,627,36,1657,1535,122,1662,1592,70,1240,1207,33,538,527,11,341,333,8,147,134,13,186,173,13,14.4644085,75.921758
KARNATAKA,Rural,Davanagere,Car/Jeep/Van,901,809,92,0,0,0,60,49,11,126,103,23,141,123,18,160,150,10,106,98,8,142,130,12,128,121,7,38,35,3,14.4644085,75.921758
KARNATAKA,Rural,Davanagere,Tempo/Autorickshaw/Taxi,2926,2602,324,0,0,0,175,150,25,639,512,127,1091,978,113,477,449,28,210,199,11,166,163,3,97,91,6,71,60,11,14.4644085,75.921758
KARNATAKA,Rural,Davanagere,Bus,17484,14488,2996,0,0,0,743,561,182,1895,1396,499,3780,3089,691,4017,3360,657,2603,2234,369,2301,2026,275,1875,1597,278,270,225,45,14.4644085,75.921758
KARNATAKA,Rural,Davanagere,Train,602,528,74,0,0,0,47,33,14,58,48,10,47,42,5,57,51,6,102,89,13,57,53,4,196,181,15,38,31,7,14.4644085,75.921758
KARNATAKA,Rural,Davanagere,Water transport,42,30,12,0,0,0,9,9,0,4,2,2,4,2,2,6,3,3,3,2,1,0,0,0,7,6,1,9,6,3,14.4644085,75.921758
KARNATAKA,Rural,Davanagere,Any other,624,585,39,0,0,0,54,49,5,126,112,14,113,103,10,79,77,2,62,61,1,55,54,1,92,90,2,43,39,4,14.4644085,75.921758
KARNATAKA,Rural,Davanagere,No travel,66037,38317,27720,66037,38317,27720,0,0,0,0,0,0,0,0,0,0,0,0,0,0,0,0,0,0,0,0,0,0,0,0,14.4644085,75.921758
KARNATAKA,Urban,Davanagere,All Modes,201722,158671,43051,60621,41465,19156,29053,22371,6682,63799,53365,10434,25184,21371,3813,8384,7173,1211,4543,3995,548,3450,3008,442,4728,4177,551,1960,1746,214,14.4644085,75.921758
KARNATAKA,Urban,Davanagere,On foot,48974,36071,12903,0,0,0,19337,13717,5620,21476,15914,5562,8161,6440,1721,0,0,0,0,0,0,0,0,0,0,0,0,0,0,0,14.4644085,75.921758
KARNATAKA,Urban,Davanagere,Bicycle,23535,22774,761,0,0,0,2788,2672,116,14766,14299,467,4106,3999,107,655,642,13,1220,1162,58,0,0,0,0,0,0,0,0,0,14.4644085,75.921758
KARNATAKA,Urban,Davanagere,Moped/Scooter/Motor Cycle,30276,27987,2289,0,0,0,4497,4109,388,16628,15235,1393,4921,4620,301,1933,1850,83,651,623,28,538,520,18,338,315,23,770,715,55,14.4644085,75.921758
KARNATAKA,Urban,Davanagere,Car/Jeep/Van,3372,2972,400,0,0,0,398,335,63,1385,1196,189,495,436,59,292,259,33,146,136,10,189,175,14,316,295,21,151,140,11,14.4644085,75.921758
KARNATAKA,Urban,Davanagere,Tempo/Autorickshaw/Taxi,5961,4910,1051,0,0,0,533,426,107,2256,1616,640,1344,1158,186,612,556,56,340,323,17,342,329,13,233,218,15,301,284,17,14.4644085,75.921758
KARNATAKA,Urban,Davanagere,Bus,25728,19604,6124,0,0,0,1160,822,338,6420,4346,2074,5771,4364,1407,4708,3695,1013,2061,1638,423,2149,1778,371,3008,2611,397,451,350,101,14.4644085,75.921758
KARNATAKA,Urban,Davanagere,Train,1802,1549,253,0,0,0,153,125,28,407,351,56,140,121,19,100,90,10,88,77,11,158,136,22,674,585,89,82,64,18,14.4644085,75.921758
KARNATAKA,Urban,Davanagere,Water transport,92,73,19,0,0,0,19,13,6,28,19,9,14,13,1,7,7,0,3,2,1,3,3,0,11,10,1,7,6,1,14.4644085,75.921758
KARNATAKA,Urban,Davanagere,Any other,1361,1266,95,0,0,0,168,152,16,433,389,44,232,220,12,77,74,3,34,34,0,71,67,4,148,143,5,198,187,11,14.4644085,75.921758
KARNATAKA,Urban,Davanagere,No travel,60621,41465,19156,60621,41465,19156,0,0,0,0,0,0,0,0,0,0,0,0,0,0,0,0,0,0,0,0,0,0,0,0,14.4644085,75.921758
MAHARASHTRA,Total,Osmanabad,All Modes,157199,120576,36623,65314,43330,21984,25820,20948,4872,27735,23191,4544,14252,11756,2496,8256,7182,1074,5086,4551,535,3880,3461,419,5279,4760,519,1577,1397,180,18.1860659,76.0419409
MAHARASHTRA,Total,Osmanabad,On foot,37370,28690,8680,0,0,0,19083,14885,4198,12545,9492,3053,5742,4313,1429,0,0,0,0,0,0,0,0,0,0,0,0,0,0,0,18.1860659,76.0419409
MAHARASHTRA,Total,Osmanabad,Bicycle,7818,7487,331,0,0,0,1521,1465,56,4000,3859,141,1139,1094,45,500,467,33,658,602,56,0,0,0,0,0,0,0,0,0,18.1860659,76.0419409
MAHARASHTRA,Total,Osmanabad,Moped/Scooter/Motor Cycle,20225,18857,1368,0,0,0,3651,3385,266,6898,6383,515,2943,2760,183,2978,2802,176,1575,1491,84,1054,996,58,572,537,35,554,503,51,18.1860659,76.0419409
MAHARASHTRA,Total,Osmanabad,Car/Jeep/Van,2599,2314,285,0,0,0,335,285,50,524,464,60,365,327,38,368,322,46,257,229,28,256,235,21,346,320,26,148,132,16,18.1860659,76.0419409
MAHARASHTRA,Total,Osmanabad,Tempo/Autorickshaw/Taxi,5906,4971,935,0,0,0,452,348,104,1817,1415,402,1415,1198,217,1009,900,109,354,324,30,315,297,18,327,296,31,217,193,24,18.1860659,76.0419409
MAHARASHTRA,Total,Osmanabad,Bus,15434,12930,2504,0,0,0,567,421,146,1666,1335,331,2107,1713,394,2979,2395,584,2119,1796,323,2082,1795,287,3463,3080,383,451,395,56,18.1860659,76.0419409
MAHARASHTRA,Total,Osmanabad,Train,773,678,95,0,0,0,79,63,16,119,102,17,64,50,14,48,44,4,36,31,5,43,33,10,298,283,15,86,72,14,18.1860659,76.0419409
MAHARASHTRA,Total,Osmanabad,Water transport,60,48,12,0,0,0,16,10,6,8,7,1,2,2,0,11,9,2,4,3,1,2,2,0,5,5,0,12,10,2,18.1860659,76.0419409
MAHARASHTRA,Total,Osmanabad,Any other,1700,1271,429,0,0,0,116,86,30,158,134,24,475,299,176,363,243,120,83,75,8,128,103,25,268,239,29,109,92,17,18.1860659,76.0419409
MAHARASHTRA,Total,Osmanabad,No travel,65314,43330,21984,65314,43330,21984,0,0,0,0,0,0,0,0,0,0,0,0,0,0,0,0,0,0,0,0,0,0,0,0,18.1860659,76.0419409
MAHARASHTRA,Rural,Osmanabad,All Modes,90420,67302,23118,43064,27806,15258,10195,7783,2412,11138,9038,2100,9208,7591,1617,6134,5417,717,3366,3070,296,2664,2401,263,3720,3372,348,931,824,107,18.1860659,76.0419409
MAHARASHTRA,Rural,Osmanabad,On foot,16188,11604,4584,0,0,0,8009,5829,2180,5006,3527,1479,3173,2248,925,0,0,0,0,0,0,0,0,0,0,0,0,0,0,0,18.1860659,76.0419409
MAHARASHTRA,Rural,Osmanabad,Bicycle,3470,3288,182,0,0,0,506,480,26,1469,1406,63,739,708,31,362,336,26,394,358,36,0,0,0,0,0,0,0,0,0,18.1860659,76.0419409
MAHARASHTRA,Rural,Osmanabad,Moped/Scooter/Motor Cycle,9752,9170,582,0,0,0,908,846,62,2359,2193,166,1974,1874,100,2081,1969,112,1079,1028,51,734,693,41,398,372,26,219,195,24,18.1860659,76.0419409
MAHARASHTRA,Rural,Osmanabad,Car/Jeep/Van,1680,1491,189,0,0,0,127,102,25,249,218,31,278,248,30,299,261,38,190,168,22,188,174,14,256,235,21,93,85,8,18.1860659,76.0419409
MAHARASHTRA,Rural,Osmanabad,Tempo/Autorickshaw/Taxi,3666,3227,439,0,0,0,184,159,25,790,641,149,1047,923,124,807,729,78,249,230,19,194,184,10,252,231,21,143,130,13,18.1860659,76.0419409
MAHARASHTRA,Rural,Osmanabad,Bus,10555,9133,1422,0,0,0,330,271,59,1108,924,184,1503,1279,224,2192,1848,344,1347,1189,158,1403,1231,172,2353,2109,244,319,282,37,18.1860659,76.0419409
MAHARASHTRA,Rural,Osmanabad,Train,553,502,51,0,0,0,50,43,7,55,49,6,47,38,9,39,35,4,27,25,2,30,24,6,240,231,9,65,57,8,18.1860659,76.0419409
MAHARASHTRA,Rural,Osmanabad,Water transport,32,25,7,0,0,0,6,3,3,4,3,1,2,2,0,8,7,1,3,3,0,1,1,0,4,4,0,4,2,2,18.1860659,76.0419409
MAHARASHTRA,Rural,Osmanabad,Any other,1460,1056,404,0,0,0,75,50,25,98,77,21,445,271,174,346,232,114,77,69,8,114,94,20,217,190,27,88,73,15,18.1860659,76.0419409
MAHARASHTRA,Rural,Osmanabad,No travel,43064,27806,15258,43064,27806,15258,0,0,0,0,0,0,0,0,0,0,0,0,0,0,0,0,0,0,0,0,0,0,0,0,18.1860659,76.0419409
MAHARASHTRA,Urban,Osmanabad,All Modes,66779,53274,13505,22250,15524,6726,15625,13165,2460,16597,14153,2444,5044,4165,879,2122,1765,357,1720,1481,239,1216,1060,156,1559,1388,171,646,573,73,18.1860659,76.0419409
MAHARASHTRA,Urban,Osmanabad,On foot,21182,17086,4096,0,0,0,11074,9056,2018,7539,5965,1574,2569,2065,504,0,0,0,0,0,0,0,0,0,0,0,0,0,0,0,18.1860659,76.0419409
MAHARASHTRA,Urban,Osmanabad,Bicycle,4348,4199,149,0,0,0,1015,985,30,2531,2453,78,400,386,14,138,131,7,264,244,20,0,0,0,0,0,0,0,0,0,18.1860659,76.0419409
MAHARASHTRA,Urban,Osmanabad,Moped/Scooter/Motor Cycle,10473,9687,786,0,0,0,2743,2539,204,4539,4190,349,969,886,83,897,833,64,496,463,33,320,303,17,174,165,9,335,308,27,18.1860659,76.0419409
MAHARASHTRA,Urban,Osmanabad,Car/Jeep/Van,919,823,96,0,0,0,208,183,25,275,246,29,87,79,8,69,61,8,67,61,6,68,61,7,90,85,5,55,47,8,18.1860659,76.0419409
MAHARASHTRA,Urban,Osmanabad,Tempo/Autorickshaw/Taxi,2240,1744,496,0,0,0,268,189,79,1027,774,253,368,275,93,202,171,31,105,94,11,121,113,8,75,65,10,74,63,11,18.1860659,76.0419409
MAHARASHTRA,Urban,Osmanabad,Bus,4879,3797,1082,0,0,0,237,150,87,558,411,147,604,434,170,787,547,240,772,607,165,679,564,115,1110,971,139,132,113,19,18.1860659,76.0419409
MAHARASHTRA,Urban,Osmanabad,Train,220,176,44,0,0,0,29,20,9,64,53,11,17,12,5,9,9,0,9,6,3,13,9,4,58,52,6,21,15,6,18.1860659,76.0419409
MAHARASHTRA,Urban,Osmanabad,Water transport,28,23,5,0,0,0,10,7,3,4,4,0,0,0,0,3,2,1,1,0,1,1,1,0,1,1,0,8,8,0,18.1860659,76.0419409
MAHARASHTRA,Urban,Osmanabad,Any other,240,215,25,0,0,0,41,36,5,60,57,3,30,28,2,17,11,6,6,6,0,14,9,5,51,49,2,21,19,2,18.1860659,76.0419409
MAHARASHTRA,Urban,Osmanabad,No travel,22250,15524,6726,22250,15524,6726,0,0,0,0,0,0,0,0,0,0,0,0,0,0,0,0,0,0,0,0,0,0,0,0,18.1860659,76.0419409
MADHYA PRADESH,Total,Dewas,All Modes,160032,131659,28373,49566,37169,12397,27483,22043,5440,45762,39248,6514,18434,16234,2200,6504,5886,618,3877,3493,384,4966,4452,514,2425,2236,189,1015,898,117,22.9675929,76.0534454
MADHYA PRADESH,Total,Dewas,On foot,35654,26585,9069,0,0,0,19604,14788,4816,11938,8614,3324,4112,3183,929,0,0,0,0,0,0,0,0,0,0,0,0,0,0,0,22.9675929,76.0534454
MADHYA PRADESH,Total,Dewas,Bicycle,28120,27179,941,0,0,0,3135,3009,126,16889,16302,587,5562,5423,139,1311,1277,34,1223,1168,55,0,0,0,0,0,0,0,0,0,22.9675929,76.0534454
MADHYA PRADESH,Total,Dewas,Moped/Scooter/Motor Cycle,25222,23458,1764,0,0,0,3812,3532,280,11832,10852,980,4671,4391,280,2333,2230,103,853,814,39,866,827,39,350,334,16,505,478,27,22.9675929,76.0534454
MADHYA PRADESH,Total,Dewas,Car/Jeep/Van,1964,1712,252,0,0,0,239,194,45,528,429,99,256,219,37,267,250,17,134,123,11,292,267,25,195,186,9,53,44,9,22.9675929,76.0534454
MADHYA PRADESH,Total,Dewas,Tempo/Autorickshaw/Taxi,5381,3776,1605,0,0,0,219,146,73,2468,1485,983,1771,1366,405,552,468,84,89,74,15,102,94,8,55,45,10,125,98,27,22.9675929,76.0534454
MADHYA PRADESH,Total,Dewas,Bus,11881,9786,2095,0,0,0,248,178,70,1674,1210,464,1810,1427,383,1823,1470,353,1473,1221,252,3201,2792,409,1440,1312,128,212,176,36,22.9675929,76.0534454
MADHYA PRADESH,Total,Dewas,Train,991,894,97,0,0,0,57,54,3,103,80,23,44,37,7,58,53,5,48,42,6,390,368,22,229,208,21,62,52,10,22.9675929,76.0534454
MADHYA PRADESH,Total,Dewas,Water transport,84,67,17,0,0,0,28,21,7,16,14,2,12,11,1,5,4,1,4,4,0,4,3,1,5,5,0,10,5,5,22.9675929,76.0534454
MADHYA PRADESH,Total,Dewas,Any other,1169,1033,136,0,0,0,141,121,20,314,262,52,196,177,19,155,134,21,53,47,6,111,101,10,151,146,5,48,45,3,22.9675929,76.0534454
MADHYA PRADESH,Total,Dewas,No travel,49566,37169,12397,49566,37169,12397,0,0,0,0,0,0,0,0,0,0,0,0,0,0,0,0,0,0,0,0,0,0,0,0,22.9675929,76.0534454
MADHYA PRADESH,Rural,Dewas,All Modes,44506,35359,9147,22081,15946,6135,5292,3959,1333,5629,4836,793,5001,4487,514,3180,3002,178,1378,1296,82,1022,965,57,687,652,35,236,216,20,22.9675929,76.0534454
MADHYA PRADESH,Rural,Dewas,On foot,8012,5889,2123,0,0,0,4478,3237,1241,2217,1647,570,1317,1005,312,0,0,0,0,0,0,0,0,0,0,0,0,0,0,0,22.9675929,76.0534454
MADHYA PRADESH,Rural,Dewas,Bicycle,4219,4077,142,0,0,0,311,284,27,1630,1581,49,1238,1203,35,764,745,19,276,264,12,0,0,0,0,0,0,0,0,0,22.9675929,76.0534454
MADHYA PRADESH,Rural,Dewas,Moped/Scooter/Motor Cycle,4784,4550,234,0,0,0,291,267,24,1264,1169,95,1223,1171,52,1151,1122,29,390,375,15,260,250,10,106,102,4,99,94,5,22.9675929,76.0534454
MADHYA PRADESH,Rural,Dewas,Car/Jeep/Van,379,352,27,0,0,0,28,22,6,37,35,2,52,47,5,115,107,8,42,41,1,59,56,3,39,38,1,7,6,1,22.9675929,76.0534454
MADHYA PRADESH,Rural,Dewas,Tempo/Autorickshaw/Taxi,927,844,83,0,0,0,17,12,5,105,86,19,438,409,29,268,246,22,31,29,2,30,28,2,12,11,1,26,23,3,22.9675929,76.0534454
MADHYA PRADESH,Rural,Dewas,Bus,3518,3176,342,0,0,0,67,54,13,315,265,50,660,582,78,762,677,85,611,561,50,608,572,36,433,409,24,62,56,6,22.9675929,76.0534454
MADHYA PRADESH,Rural,Dewas,Train,179,166,13,0,0,0,22,19,3,13,10,3,16,16,0,29,28,1,11,10,1,22,21,1,48,46,2,18,16,2,22.9675929,76.0534454
MADHYA PRADESH,Rural,Dewas,Water transport,26,18,8,0,0,0,9,4,5,4,3,1,3,3,0,0,0,0,3,3,0,0,0,0,2,2,0,5,3,2,22.9675929,76.0534454
MADHYA PRADESH,Rural,Dewas,Any other,381,341,40,0,0,0,69,60,9,44,40,4,54,51,3,91,77,14,14,13,1,43,38,5,47,44,3,19,18,1,22.9675929,76.0534454
MADHYA PRADESH,Rural,Dewas,No travel,22081,15946,6135,22081,15946,6135,0,0,0,0,0,0,0,0,0,0,0,0,0,0,0,0,0,0,0,0,0,0,0,0,22.9675929,76.0534454
MADHYA PRADESH,Urban,Dewas,All Modes,115526,96300,19226,27485,21223,6262,22191,18084,4107,40133,34412,5721,13433,11747,1686,3324,2884,440,2499,2197,302,3944,3487,457,1738,1584,154,779,682,97,22.9675929,76.0534454
MADHYA PRADESH,Urban,Dewas,On foot,27642,20696,6946,0,0,0,15126,11551,3575,9721,6967,2754,2795,2178,617,0,0,0,0,0,0,0,0,0,0,0,0,0,0,0,22.9675929,76.0534454
MADHYA PRADESH,Urban,Dewas,Bicycle,23901,23102,799,0,0,0,2824,2725,99,15259,14721,538,4324,4220,104,547,532,15,947,904,43,0,0,0,0,0,0,0,0,0,22.9675929,76.0534454
MADHYA PRADESH,Urban,Dewas,Moped/Scooter/Motor Cycle,20438,18908,1530,0,0,0,3521,3265,256,10568,9683,885,3448,3220,228,1182,1108,74,463,439,24,606,577,29,244,232,12,406,384,22,22.9675929,76.0534454
MADHYA PRADESH,Urban,Dewas,Car/Jeep/Van,1585,1360,225,0,0,0,211,172,39,491,394,97,204,172,32,152,143,9,92,82,10,233,211,22,156,148,8,46,38,8,22.9675929,76.0534454
MADHYA PRADESH,Urban,Dewas,Tempo/Autorickshaw/Taxi,4454,2932,1522,0,0,0,202,134,68,2363,1399,964,1333,957,376,284,222,62,58,45,13,72,66,6,43,34,9,99,75,24,22.9675929,76.0534454
MADHYA PRADESH,Urban,Dewas,Bus,8363,6610,1753,0,0,0,181,124,57,1359,945,414,1150,845,305,1061,793,268,862,660,202,2593,2220,373,1007,903,104,150,120,30,22.9675929,76.0534454
MADHYA PRADESH,Urban,Dewas,Train,812,728,84,0,0,0,35,35,0,90,70,20,28,21,7,29,25,4,37,32,5,368,347,21,181,162,19,44,36,8,22.9675929,76.0534454
MADHYA PRADESH,Urban,Dewas,Water transport,58,49,9,0,0,0,19,17,2,12,11,1,9,8,1,5,4,1,1,1,0,4,3,1,3,3,0,5,2,3,22.9675929,76.0534454
MADHYA PRADESH,Urban,Dewas,Any other,788,692,96,0,0,0,72,61,11,270,222,48,142,126,16,64,57,7,39,34,5,68,63,5,104,102,2,29,27,2,22.9675929,76.0534454
MADHYA PRADESH,Urban,Dewas,No travel,27485,21223,6262,27485,21223,6262,0,0,0,0,0,0,0,0,0,0,0,0,0,0,0,0,0,0,0,0,0,0,0,0,22.9675929,76.0534454
KERALA,Total,Malappuram,All Modes,869029,735797,133232,192703,152520,40183,187351,157270,30081,242352,209733,32619,146203,128104,18099,48860,41715,7145,17105,14976,2129,11544,10280,1264,13948,12910,1038,8963,8289,674,11.0509762,76.0710967
KERALA,Total,Malappuram,On foot,268212,221846,46366,0,0,0,161166,133166,28000,79712,65305,14407,27334,23375,3959,0,0,0,0,0,0,0,0,0,0,0,0,0,0,0,11.0509762,76.0710967
KERALA,Total,Malappuram,Bicycle,16584,16220,364,0,0,0,2263,2205,58,10415,10234,181,2665,2594,71,513,488,25,728,699,29,0,0,0,0,0,0,0,0,0,11.0509762,76.0710967
KERALA,Total,Malappuram,Moped/Scooter/Motor Cycle,72298,69816,2482,0,0,0,7797,7483,314,33927,32707,1220,18773,18149,624,7543,7317,226,1807,1764,43,769,761,8,280,272,8,1402,1363,39,11.0509762,76.0710967
KERALA,Total,Malappuram,Car/Jeep/Van,21477,19904,1573,0,0,0,2803,2566,237,8298,7645,653,5123,4814,309,2275,2098,177,1015,950,65,780,718,62,556,517,39,627,596,31,11.0509762,76.0710967
KERALA,Total,Malappuram,Tempo/Autorickshaw/Taxi,29161,27837,1324,0,0,0,5147,4939,208,15661,14771,890,4999,4849,150,1305,1265,40,432,423,9,386,378,8,201,196,5,1030,1016,14,11.0509762,76.0710967
KERALA,Total,Malappuram,Bus,250177,210374,39803,0,0,0,6772,5575,1197,92370,77208,15162,85612,72741,12871,35998,29412,6586,11763,9864,1899,7987,6968,1019,6079,5496,583,3596,3110,486,11.0509762,76.0710967
KERALA,Total,Malappuram,Train,10490,9566,924,0,0,0,251,217,34,431,377,54,485,402,83,464,386,78,637,563,74,1198,1039,159,6415,6022,393,609,560,49,11.0509762,76.0710967
KERALA,Total,Malappuram,Water transport,3847,3780,67,0,0,0,524,517,7,811,795,16,710,695,15,561,554,7,645,638,7,329,324,5,68,66,2,199,191,8,11.0509762,76.0710967
KERALA,Total,Malappuram,Any other,4080,3934,146,0,0,0,628,602,26,727,691,36,502,485,17,201,195,6,78,75,3,95,92,3,349,341,8,1500,1453,47,11.0509762,76.0710967
KERALA,Total,Malappuram,No travel,192703,152520,40183,192703,152520,40183,0,0,0,0,0,0,0,0,0,0,0,0,0,0,0,0,0,0,0,0,0,0,0,0,11.0509762,76.0710967
KERALA,Rural,Malappuram,All Modes,470378,392088,78290,107524,83196,24328,104018,85810,18208,122379,104171,18208,80828,70278,10550,28687,24498,4189,9367,8190,1177,6369,5653,716,6813,6251,562,4393,4041,352,11.0509762,76.0710967
KERALA,Rural,Malappuram,On foot,153120,123912,29208,0,0,0,91504,74225,17279,45537,36177,9360,16079,13510,2569,0,0,0,0,0,0,0,0,0,0,0,0,0,0,0,11.0509762,76.0710967
KERALA,Rural,Malappuram,Bicycle,8345,8153,192,0,0,0,1137,1109,28,5139,5058,81,1414,1367,47,280,264,16,375,355,20,0,0,0,0,0,0,0,0,0,11.0509762,76.0710967
KERALA,Rural,Malappuram,Moped/Scooter/Motor Cycle,37080,35858,1222,0,0,0,3652,3517,135,16313,15759,554,10323,9981,342,4510,4370,140,977,952,25,439,436,3,147,141,6,719,702,17,11.0509762,76.0710967
KERALA,Rural,Malappuram,Car/Jeep/Van,9291,8687,604,0,0,0,1139,1076,63,3233,3009,224,2461,2320,141,1145,1060,85,447,417,30,343,311,32,232,218,14,291,276,15,11.0509762,76.0710967
KERALA,Rural,Malappuram,Tempo/Autorickshaw/Taxi,13744,13233,511,0,0,0,2555,2481,74,6848,6517,331,2598,2527,71,712,693,19,232,226,6,194,190,4,102,101,1,503,498,5,11.0509762,76.0710967
KERALA,Rural,Malappuram,Bus,132038,110415,21623,0,0,0,3320,2731,589,44206,36608,7598,46816,39510,7306,21198,17309,3889,6480,5438,1042,4647,4052,595,3500,3156,344,1871,1611,260,11.0509762,76.0710967
KERALA,Rural,Malappuram,Train,4509,4029,480,0,0,0,120,101,19,194,165,29,273,219,54,202,169,33,266,222,44,513,436,77,2674,2480,194,267,237,30,11.0509762,76.0710967
KERALA,Rural,Malappuram,Water transport,2759,2716,43,0,0,0,281,276,5,493,484,9,569,558,11,517,514,3,543,536,7,183,181,2,30,29,1,143,138,5,11.0509762,76.0710967
KERALA,Rural,Malappuram,Any other,1968,1889,79,0,0,0,310,294,16,416,394,22,295,286,9,123,119,4,47,44,3,50,47,3,128,126,2,599,579,20,11.0509762,76.0710967
KERALA,Rural,Malappuram,No travel,107524,83196,24328,107524,83196,24328,0,0,0,0,0,0,0,0,0,0,0,0,0,0,0,0,0,0,0,0,0,0,0,0,11.0509762,76.0710967
KERALA,Urban,Malappuram,All Modes,398651,343709,54942,85179,69324,15855,83333,71460,11873,119973,105562,14411,65375,57826,7549,20173,17217,2956,7738,6786,952,5175,4627,548,7135,6659,476,4570,4248,322,11.0509762,76.0710967
KERALA,Urban,Malappuram,On foot,115092,97934,17158,0,0,0,69662,58941,10721,34175,29128,5047,11255,9865,1390,0,0,0,0,0,0,0,0,0,0,0,0,0,0,0,11.0509762,76.0710967
KERALA,Urban,Malappuram,Bicycle,8239,8067,172,0,0,0,1126,1096,30,5276,5176,100,1251,1227,24,233,224,9,353,344,9,0,0,0,0,0,0,0,0,0,11.0509762,76.0710967
KERALA,Urban,Malappuram,Moped/Scooter/Motor Cycle,35218,33958,1260,0,0,0,4145,3966,179,17614,16948,666,8450,8168,282,3033,2947,86,830,812,18,330,325,5,133,131,2,683,661,22,11.0509762,76.0710967
KERALA,Urban,Malappuram,Car/Jeep/Van,12186,11217,969,0,0,0,1664,1490,174,5065,4636,429,2662,2494,168,1130,1038,92,568,533,35,437,407,30,324,299,25,336,320,16,11.0509762,76.0710967
KERALA,Urban,Malappuram,Tempo/Autorickshaw/Taxi,15417,14604,813,0,0,0,2592,2458,134,8813,8254,559,2401,2322,79,593,572,21,200,197,3,192,188,4,99,95,4,527,518,9,11.0509762,76.0710967
KERALA,Urban,Malappuram,Bus,118139,99959,18180,0,0,0,3452,2844,608,48164,40600,7564,38796,33231,5565,14800,12103,2697,5283,4426,857,3340,2916,424,2579,2340,239,1725,1499,226,11.0509762,76.0710967
KERALA,Urban,Malappuram,Train,5981,5537,444,0,0,0,131,116,15,237,212,25,212,183,29,262,217,45,371,341,30,685,603,82,3741,3542,199,342,323,19,11.0509762,76.0710967
KERALA,Urban,Malappuram,Water transport,1088,1064,24,0,0,0,243,241,2,318,311,7,141,137,4,44,40,4,102,102,0,146,143,3,38,37,1,56,53,3,11.0509762,76.0710967
KERALA,Urban,Malappuram,Any other,2112,2045,67,0,0,0,318,308,10,311,297,14,207,199,8,78,76,2,31,31,0,45,45,0,221,215,6,901,874,27,11.0509762,76.0710967
KERALA,Urban,Malappuram,No travel,85179,69324,15855,85179,69324,15855,0,0,0,0,0,0,0,0,0,0,0,0,0,0,0,0,0,0,0,0,0,0,0,0,11.0509762,76.0710967
KARNATAKA,Total,Hassan,All Modes,284510,200138,84372,91942,57271,34671,53843,36666,17177,62968,45808,17160,30412,22589,7823,16402,13207,3195,9019,7420,1599,8828,7447,1381,9242,8125,1117,1854,1605,249,13.0033234,76.1003894
KARNATAKA,Total,Hassan,On foot,80886,50406,30480,0,0,0,41582,25996,15586,29434,18095,11339,9870,6315,3555,0,0,0,0,0,0,0,0,0,0,0,0,0,0,0,13.0033234,76.1003894
KARNATAKA,Total,Hassan,Bicycle,9418,8819,599,0,0,0,1700,1581,119,4843,4551,292,1513,1442,71,604,569,35,758,676,82,0,0,0,0,0,0,0,0,0,13.0033234,76.1003894
KARNATAKA,Total,Hassan,Moped/Scooter/Motor Cycle,33046,30306,2740,0,0,0,6310,5837,473,14409,12952,1457,5570,5143,427,3571,3383,188,1207,1139,68,973,915,58,371,352,19,635,585,50,13.0033234,76.1003894
KARNATAKA,Total,Hassan,Car/Jeep/Van,9411,7013,2398,0,0,0,991,796,195,3385,2299,1086,1881,1349,532,1182,877,305,667,503,164,649,588,61,477,444,33,179,157,22,13.0033234,76.1003894
KARNATAKA,Total,Hassan,Tempo/Autorickshaw/Taxi,10782,8647,2135,0,0,0,950,774,176,3802,2858,944,2310,1888,422,1772,1391,381,693,600,93,616,542,74,382,361,21,257,233,24,13.0033234,76.1003894
KARNATAKA,Total,Hassan,Bus,45059,34305,10754,0,0,0,1893,1344,549,6419,4472,1947,8830,6097,2733,8906,6690,2216,5507,4337,1170,6240,5083,1157,6661,5799,862,603,483,120,13.0033234,76.1003894
KARNATAKA,Total,Hassan,Train,2213,1815,398,0,0,0,221,166,55,287,234,53,148,117,31,157,127,30,100,80,20,183,155,28,1042,877,165,75,59,16,13.0033234,76.1003894
KARNATAKA,Total,Hassan,Water transport,96,73,23,0,0,0,16,9,7,19,15,4,22,19,3,10,8,2,6,5,1,7,5,2,10,7,3,6,5,1,13.0033234,76.1003894
KARNATAKA,Total,Hassan,Any other,1657,1483,174,0,0,0,180,163,17,370,332,38,268,219,49,200,162,38,81,80,1,160,159,1,299,285,14,99,83,16,13.0033234,76.1003894
KARNATAKA,Total,Hassan,No travel,91942,57271,34671,91942,57271,34671,0,0,0,0,0,0,0,0,0,0,0,0,0,0,0,0,0,0,0,0,0,0,0,0,13.0033234,76.1003894
KARNATAKA,Rural,Hassan,All Modes,157473,100897,56576,60883,34721,26162,25340,14113,11227,29054,18435,10619,17696,13003,4693,9602,7956,1646,4992,4175,817,4197,3502,695,4909,4345,564,800,647,153,13.0033234,76.1003894
KARNATAKA,Rural,Hassan,On foot,44554,23642,20912,0,0,0,21958,11399,10559,17077,9128,7949,5519,3115,2404,0,0,0,0,0,0,0,0,0,0,0,0,0,0,0,13.0033234,76.1003894
KARNATAKA,Rural,Hassan,Bicycle,3450,3197,253,0,0,0,472,425,47,1548,1444,104,772,733,39,323,302,21,335,293,42,0,0,0,0,0,0,0,0,0,13.0033234,76.1003894
KARNATAKA,Rural,Hassan,Moped/Scooter/Motor Cycle,9963,9283,680,0,0,0,920,854,66,3117,2833,284,2753,2571,182,1900,1821,79,635,606,29,387,370,17,126,120,6,125,108,17,13.0033234,76.1003894
KARNATAKA,Rural,Hassan,Car/Jeep/Van,5686,3926,1760,0,0,0,394,276,118,2171,1296,875,1323,923,400,800,602,198,383,281,102,294,256,38,248,227,21,73,65,8,13.0033234,76.1003894
KARNATAKA,Rural,Hassan,Tempo/Autorickshaw/Taxi,5402,4406,996,0,0,0,346,280,66,1616,1230,386,1460,1223,237,1074,863,211,364,331,33,260,227,33,187,173,14,95,79,16,13.0033234,76.1003894
KARNATAKA,Rural,Hassan,Bus,25714,20234,5480,0,0,0,1090,774,316,3326,2359,967,5609,4240,1369,5262,4174,1088,3169,2566,603,3105,2511,594,3755,3298,457,398,312,86,13.0033234,76.1003894
KARNATAKA,Rural,Hassan,Train,951,761,190,0,0,0,91,51,40,95,62,33,80,62,18,93,77,16,51,44,7,71,59,12,426,373,53,44,33,11,13.0033234,76.1003894
KARNATAKA,Rural,Hassan,Water transport,47,33,14,0,0,0,7,2,5,7,5,2,11,9,2,9,8,1,2,2,0,2,1,1,6,4,2,3,2,1,13.0033234,76.1003894
KARNATAKA,Rural,Hassan,Any other,823,694,129,0,0,0,62,52,10,97,78,19,169,127,42,141,109,32,53,52,1,78,78,0,161,150,11,62,48,14,13.0033234,76.1003894
KARNATAKA,Rural,Hassan,No travel,60883,34721,26162,60883,34721,26162,0,0,0,0,0,0,0,0,0,0,0,0,0,0,0,0,0,0,0,0,0,0,0,0,13.0033234,76.1003894
KARNATAKA,Urban,Hassan,All Modes,127037,99241,27796,31059,22550,8509,28503,22553,5950,33914,27373,6541,12716,9586,3130,6800,5251,1549,4027,3245,782,4631,3945,686,4333,3780,553,1054,958,96,13.0033234,76.1003894
KARNATAKA,Urban,Hassan,On foot,36332,26764,9568,0,0,0,19624,14597,5027,12357,8967,3390,4351,3200,1151,0,0,0,0,0,0,0,0,0,0,0,0,0,0,0,13.0033234,76.1003894
KARNATAKA,Urban,Hassan,Bicycle,5968,5622,346,0,0,0,1228,1156,72,3295,3107,188,741,709,32,281,267,14,423,383,40,0,0,0,0,0,0,0,0,0,13.0033234,76.1003894
KARNATAKA,Urban,Hassan,Moped/Scooter/Motor Cycle,23083,21023,2060,0,0,0,5390,4983,407,11292,10119,1173,2817,2572,245,1671,1562,109,572,533,39,586,545,41,245,232,13,510,477,33,13.0033234,76.1003894
KARNATAKA,Urban,Hassan,Car/Jeep/Van,3725,3087,638,0,0,0,597,520,77,1214,1003,211,558,426,132,382,275,107,284,222,62,355,332,23,229,217,12,106,92,14,13.0033234,76.1003894
KARNATAKA,Urban,Hassan,Tempo/Autorickshaw/Taxi,5380,4241,1139,0,0,0,604,494,110,2186,1628,558,850,665,185,698,528,170,329,269,60,356,315,41,195,188,7,162,154,8,13.0033234,76.1003894
KARNATAKA,Urban,Hassan,Bus,19345,14071,5274,0,0,0,803,570,233,3093,2113,980,3221,1857,1364,3644,2516,1128,2338,1771,567,3135,2572,563,2906,2501,405,205,171,34,13.0033234,76.1003894
KARNATAKA,Urban,Hassan,Train,1262,1054,208,0,0,0,130,115,15,192,172,20,68,55,13,64,50,14,49,36,13,112,96,16,616,504,112,31,26,5,13.0033234,76.1003894
KARNATAKA,Urban,Hassan,Water transport,49,40,9,0,0,0,9,7,2,12,10,2,11,10,1,1,0,1,4,3,1,5,4,1,4,3,1,3,3,0,13.0033234,76.1003894
KARNATAKA,Urban,Hassan,Any other,834,789,45,0,0,0,118,111,7,273,254,19,99,92,7,59,53,6,28,28,0,82,81,1,138,135,3,37,35,2,13.0033234,76.1003894
KARNATAKA,Urban,Hassan,No travel,31059,22550,8509,31059,22550,8509,0,0,0,0,0,0,0,0,0,0,0,0,0,0,0,0,0,0,0,0,0,0,0,0,13.0033234,76.1003894
PUNJAB,Total,Shahid Bhagat Singh Nagar,All Modes,130084,107424,22660,41701,28865,12836,20611,17117,3494,27340,24921,2419,20404,18223,2181,7417,6739,678,4938,4570,368,1851,1677,174,3546,3332,214,2276,1980,296,31.1242752,76.1155937
PUNJAB,Total,Shahid Bhagat Singh Nagar,On foot,21926,17020,4906,0,0,0,12856,9882,2974,4090,3277,813,4980,3861,1119,0,0,0,0,0,0,0,0,0,0,0,0,0,0,0,31.1242752,76.1155937
PUNJAB,Total,Shahid Bhagat Singh Nagar,Bicycle,32990,32004,986,0,0,0,3915,3758,157,14892,14448,444,8721,8518,203,2389,2334,55,3073,2946,127,0,0,0,0,0,0,0,0,0,31.1242752,76.1155937
PUNJAB,Total,Shahid Bhagat Singh Nagar,Moped/Scooter/Motor Cycle,18027,16476,1551,0,0,0,3089,2858,231,6001,5392,609,4192,3838,354,2380,2229,151,507,479,28,326,304,22,270,253,17,1262,1123,139,31.1242752,76.1155937
PUNJAB,Total,Shahid Bhagat Singh Nagar,Car/Jeep/Van,1949,1783,166,0,0,0,248,226,22,491,436,55,320,296,24,269,245,24,120,109,11,138,130,8,197,187,10,166,154,12,31.1242752,76.1155937
PUNJAB,Total,Shahid Bhagat Singh Nagar,Tempo/Autorickshaw/Taxi,1260,1075,185,0,0,0,104,83,21,362,293,69,298,251,47,154,143,11,64,60,4,68,63,5,89,86,3,121,96,25,31.1242752,76.1155937
PUNJAB,Total,Shahid Bhagat Singh Nagar,Bus,10589,8677,1912,0,0,0,241,178,63,1161,757,404,1694,1269,425,2084,1655,429,1076,881,195,1195,1063,132,2657,2485,172,481,389,92,31.1242752,76.1155937
PUNJAB,Total,Shahid Bhagat Singh Nagar,Train,844,767,77,0,0,0,63,47,16,122,109,13,76,71,5,61,56,5,72,71,1,82,80,2,229,218,11,139,115,24,31.1242752,76.1155937
PUNJAB,Total,Shahid Bhagat Singh Nagar,Water transport,75,65,10,0,0,0,13,11,2,9,8,1,11,10,1,13,11,2,3,1,2,2,1,1,11,11,0,13,12,1,31.1242752,76.1155937
PUNJAB,Total,Shahid Bhagat Singh Nagar,Any other,723,692,31,0,0,0,82,74,8,212,201,11,112,109,3,67,66,1,23,23,0,40,36,4,93,92,1,94,91,3,31.1242752,76.1155937
PUNJAB,Total,Shahid Bhagat Singh Nagar,No travel,41701,28865,12836,41701,28865,12836,0,0,0,0,0,0,0,0,0,0,0,0,0,0,0,0,0,0,0,0,0,0,0,0,31.1242752,76.1155937
PUNJAB,Rural,Shahid Bhagat Singh Nagar,All Modes,94040,77205,16835,33072,22418,10654,10885,8714,2171,18949,17497,1452,15772,14304,1468,5984,5564,420,3772,3520,252,1331,1222,109,2832,2696,136,1443,1270,173,31.1242752,76.1155937
PUNJAB,Rural,Shahid Bhagat Singh Nagar,On foot,12475,9338,3137,0,0,0,7139,5213,1926,2312,1853,459,3024,2272,752,0,0,0,0,0,0,0,0,0,0,0,0,0,0,0,31.1242752,76.1155937
PUNJAB,Rural,Shahid Bhagat Singh Nagar,Bicycle,25701,24978,723,0,0,0,2445,2340,105,11264,10947,317,7512,7344,168,2129,2085,44,2351,2262,89,0,0,0,0,0,0,0,0,0,31.1242752,76.1155937
PUNJAB,Rural,Shahid Bhagat Singh Nagar,Moped/Scooter/Motor Cycle,11707,10865,842,0,0,0,905,838,67,3856,3524,332,3394,3170,224,1959,1853,106,406,386,20,244,233,11,210,199,11,733,662,71,31.1242752,76.1155937
PUNJAB,Rural,Shahid Bhagat Singh Nagar,Car/Jeep/Van,1162,1082,80,0,0,0,88,83,5,292,262,30,219,205,14,164,154,10,85,80,5,93,88,5,127,123,4,94,87,7,31.1242752,76.1155937
PUNJAB,Rural,Shahid Bhagat Singh Nagar,Tempo/Autorickshaw/Taxi,852,758,94,0,0,0,40,32,8,219,187,32,231,202,29,121,113,8,47,44,3,48,46,2,70,67,3,76,67,9,31.1242752,76.1155937
PUNJAB,Rural,Shahid Bhagat Singh Nagar,Bus,7838,6622,1216,0,0,0,167,126,41,774,511,263,1241,965,276,1495,1249,246,796,664,132,847,762,85,2155,2045,110,363,300,63,31.1242752,76.1155937
PUNJAB,Rural,Shahid Bhagat Singh Nagar,Train,663,601,62,0,0,0,47,34,13,83,74,9,61,57,4,51,47,4,64,63,1,68,66,2,175,167,8,114,93,21,31.1242752,76.1155937
PUNJAB,Rural,Shahid Bhagat Singh Nagar,Water transport,52,46,6,0,0,0,6,5,1,8,7,1,8,8,0,7,6,1,3,1,2,1,0,1,11,11,0,8,8,0,31.1242752,76.1155937
PUNJAB,Rural,Shahid Bhagat Singh Nagar,Any other,518,497,21,0,0,0,48,43,5,141,132,9,82,81,1,58,57,1,20,20,0,30,27,3,84,84,0,55,53,2,31.1242752,76.1155937
PUNJAB,Rural,Shahid Bhagat Singh Nagar,No travel,33072,22418,10654,33072,22418,10654,0,0,0,0,0,0,0,0,0,0,0,0,0,0,0,0,0,0,0,0,0,0,0,0,31.1242752,76.1155937
PUNJAB,Urban,Shahid Bhagat Singh Nagar,All Modes,36044,30219,5825,8629,6447,2182,9726,8403,1323,8391,7424,967,4632,3919,713,1433,1175,258,1166,1050,116,520,455,65,714,636,78,833,710,123,31.1242752,76.1155937
PUNJAB,Urban,Shahid Bhagat Singh Nagar,On foot,9451,7682,1769,0,0,0,5717,4669,1048,1778,1424,354,1956,1589,367,0,0,0,0,0,0,0,0,0,0,0,0,0,0,0,31.1242752,76.1155937
PUNJAB,Urban,Shahid Bhagat Singh Nagar,Bicycle,7289,7026,263,0,0,0,1470,1418,52,3628,3501,127,1209,1174,35,260,249,11,722,684,38,0,0,0,0,0,0,0,0,0,31.1242752,76.1155937
PUNJAB,Urban,Shahid Bhagat Singh Nagar,Moped/Scooter/Motor Cycle,6320,5611,709,0,0,0,2184,2020,164,2145,1868,277,798,668,130,421,376,45,101,93,8,82,71,11,60,54,6,529,461,68,31.1242752,76.1155937
PUNJAB,Urban,Shahid Bhagat Singh Nagar,Car/Jeep/Van,787,701,86,0,0,0,160,143,17,199,174,25,101,91,10,105,91,14,35,29,6,45,42,3,70,64,6,72,67,5,31.1242752,76.1155937
PUNJAB,Urban,Shahid Bhagat Singh Nagar,Tempo/Autorickshaw/Taxi,408,317,91,0,0,0,64,51,13,143,106,37,67,49,18,33,30,3,17,16,1,20,17,3,19,19,0,45,29,16,31.1242752,76.1155937
PUNJAB,Urban,Shahid Bhagat Singh Nagar,Bus,2751,2055,696,0,0,0,74,52,22,387,246,141,453,304,149,589,406,183,280,217,63,348,301,47,502,440,62,118,89,29,31.1242752,76.1155937
PUNJAB,Urban,Shahid Bhagat Singh Nagar,Train,181,166,15,0,0,0,16,13,3,39,35,4,15,14,1,10,9,1,8,8,0,14,14,0,54,51,3,25,22,3,31.1242752,76.1155937
PUNJAB,Urban,Shahid Bhagat Singh Nagar,Water transport,23,19,4,0,0,0,7,6,1,1,1,0,3,2,1,6,5,1,0,0,0,1,1,0,0,0,0,5,4,1,31.1242752,76.1155937
PUNJAB,Urban,Shahid Bhagat Singh Nagar,Any other,205,195,10,0,0,0,34,31,3,71,69,2,30,28,2,9,9,0,3,3,0,10,9,1,9,8,1,39,38,1,31.1242752,76.1155937
PUNJAB,Urban,Shahid Bhagat Singh Nagar,No travel,8629,6447,2182,8629,6447,2182,0,0,0,0,0,0,0,0,0,0,0,0,0,0,0,0,0,0,0,0,0,0,0,0,31.1242752,76.1155937
HIMACHAL PRADESH,Total,Chamba,All Modes,83656,64788,18868,26991,18571,8420,13810,9517,4293,19718,16416,3302,13337,11608,1729,4213,3692,521,1866,1632,234,1443,1282,161,1793,1664,129,485,406,79,32.5533633,76.1258083
HIMACHAL PRADESH,Total,Chamba,On foot,35949,28209,7740,0,0,0,12586,8518,4068,15417,12837,2580,7946,6854,1092,0,0,0,0,0,0,0,0,0,0,0,0,0,0,0,32.5533633,76.1258083
HIMACHAL PRADESH,Total,Chamba,Bicycle,352,290,62,0,0,0,61,37,24,131,114,17,51,48,3,47,40,7,62,51,11,0,0,0,0,0,0,0,0,0,32.5533633,76.1258083
HIMACHAL PRADESH,Total,Chamba,Moped/Scooter/Motor Cycle,3012,2789,223,0,0,0,415,371,44,927,850,77,660,624,36,457,434,23,219,209,10,130,124,6,96,92,4,108,85,23,32.5533633,76.1258083
HIMACHAL PRADESH,Total,Chamba,Car/Jeep/Van,1787,1576,211,0,0,0,280,243,37,504,436,68,332,294,38,234,209,25,143,130,13,145,134,11,111,105,6,38,25,13,32.5533633,76.1258083
HIMACHAL PRADESH,Total,Chamba,Tempo/Autorickshaw/Taxi,256,234,22,0,0,0,13,11,2,45,40,5,63,61,2,45,42,3,22,19,3,14,14,0,32,28,4,22,19,3,32.5533633,76.1258083
HIMACHAL PRADESH,Total,Chamba,Bus,15062,12910,2152,0,0,0,412,307,105,2652,2104,548,4250,3697,553,3405,2944,461,1407,1210,197,1142,999,143,1506,1393,113,288,256,32,32.5533633,76.1258083
HIMACHAL PRADESH,Total,Chamba,Train,120,99,21,0,0,0,22,13,9,17,14,3,12,10,2,5,5,0,5,5,0,3,3,0,32,31,1,24,18,6,32.5533633,76.1258083
HIMACHAL PRADESH,Total,Chamba,Water transport,36,27,9,0,0,0,8,6,2,7,5,2,8,6,2,7,5,2,2,2,0,1,1,0,2,2,0,1,0,1,32.5533633,76.1258083
HIMACHAL PRADESH,Total,Chamba,Any other,91,83,8,0,0,0,13,11,2,18,16,2,15,14,1,13,13,0,6,6,0,8,7,1,14,13,1,4,3,1,32.5533633,76.1258083
HIMACHAL PRADESH,Total,Chamba,No travel,26991,18571,8420,26991,18571,8420,0,0,0,0,0,0,0,0,0,0,0,0,0,0,0,0,0,0,0,0,0,0,0,0,32.5533633,76.1258083
HIMACHAL PRADESH,Rural,Chamba,All Modes,71043,54661,16382,21369,13622,7747,10935,7374,3561,17478,14707,2771,12506,11035,1471,3786,3426,360,1633,1464,169,1282,1152,130,1602,1501,101,452,380,72,32.5533633,76.1258083
HIMACHAL PRADESH,Rural,Chamba,On foot,32200,25482,6718,0,0,0,10113,6735,3378,14515,12144,2371,7572,6603,969,0,0,0,0,0,0,0,0,0,0,0,0,0,0,0,32.5533633,76.1258083
HIMACHAL PRADESH,Rural,Chamba,Bicycle,282,231,51,0,0,0,46,23,23,94,81,13,45,43,2,41,39,2,56,45,11,0,0,0,0,0,0,0,0,0,32.5533633,76.1258083
HIMACHAL PRADESH,Rural,Chamba,Moped/Scooter/Motor Cycle,2049,1906,143,0,0,0,166,138,28,505,462,43,563,538,25,358,346,12,168,162,6,106,103,3,84,80,4,99,77,22,32.5533633,76.1258083
HIMACHAL PRADESH,Rural,Chamba,Car/Jeep/Van,1317,1162,155,0,0,0,197,168,29,300,262,38,281,247,34,200,182,18,113,103,10,115,104,11,75,73,2,36,23,13,32.5533633,76.1258083
HIMACHAL PRADESH,Rural,Chamba,Tempo/Autorickshaw/Taxi,238,222,16,0,0,0,12,10,2,43,40,3,55,54,1,43,42,1,19,16,3,14,14,0,30,27,3,22,19,3,32.5533633,76.1258083
HIMACHAL PRADESH,Rural,Chamba,Bus,13371,11851,1520,0,0,0,370,280,90,1982,1686,296,3957,3521,436,3121,2796,325,1266,1127,139,1037,921,116,1367,1277,90,271,243,28,32.5533633,76.1258083
HIMACHAL PRADESH,Rural,Chamba,Train,106,87,19,0,0,0,16,7,9,15,12,3,12,10,2,5,5,0,5,5,0,3,3,0,31,30,1,19,15,4,32.5533633,76.1258083
HIMACHAL PRADESH,Rural,Chamba,Water transport,32,24,8,0,0,0,7,5,2,7,5,2,6,5,1,6,4,2,2,2,0,1,1,0,2,2,0,1,0,1,32.5533633,76.1258083
HIMACHAL PRADESH,Rural,Chamba,Any other,79,74,5,0,0,0,8,8,0,17,15,2,15,14,1,12,12,0,4,4,0,6,6,0,13,12,1,4,3,1,32.5533633,76.1258083
HIMACHAL PRADESH,Rural,Chamba,No travel,21369,13622,7747,21369,13622,7747,0,0,0,0,0,0,0,0,0,0,0,0,0,0,0,0,0,0,0,0,0,0,0,0,32.5533633,76.1258083
HIMACHAL PRADESH,Urban,Chamba,All Modes,12613,10127,2486,5622,4949,673,2875,2143,732,2240,1709,531,831,573,258,427,266,161,233,168,65,161,130,31,191,163,28,33,26,7,32.5533633,76.1258083
HIMACHAL PRADESH,Urban,Chamba,On foot,3749,2727,1022,0,0,0,2473,1783,690,902,693,209,374,251,123,0,0,0,0,0,0,0,0,0,0,0,0,0,0,0,32.5533633,76.1258083
HIMACHAL PRADESH,Urban,Chamba,Bicycle,70,59,11,0,0,0,15,14,1,37,33,4,6,5,1,6,1,5,6,6,0,0,0,0,0,0,0,0,0,0,32.5533633,76.1258083
HIMACHAL PRADESH,Urban,Chamba,Moped/Scooter/Motor Cycle,963,883,80,0,0,0,249,233,16,422,388,34,97,86,11,99,88,11,51,47,4,24,21,3,12,12,0,9,8,1,32.5533633,76.1258083
HIMACHAL PRADESH,Urban,Chamba,Car/Jeep/Van,470,414,56,0,0,0,83,75,8,204,174,30,51,47,4,34,27,7,30,27,3,30,30,0,36,32,4,2,2,0,32.5533633,76.1258083
HIMACHAL PRADESH,Urban,Chamba,Tempo/Autorickshaw/Taxi,18,12,6,0,0,0,1,1,0,2,0,2,8,7,1,2,0,2,3,3,0,0,0,0,2,1,1,0,0,0,32.5533633,76.1258083
HIMACHAL PRADESH,Urban,Chamba,Bus,1691,1059,632,0,0,0,42,27,15,670,418,252,293,176,117,284,148,136,141,83,58,105,78,27,139,116,23,17,13,4,32.5533633,76.1258083
HIMACHAL PRADESH,Urban,Chamba,Train,14,12,2,0,0,0,6,6,0,2,2,0,0,0,0,0,0,0,0,0,0,0,0,0,1,1,0,5,3,2,32.5533633,76.1258083
HIMACHAL PRADESH,Urban,Chamba,Water transport,4,3,1,0,0,0,1,1,0,0,0,0,2,1,1,1,1,0,0,0,0,0,0,0,0,0,0,0,0,0,32.5533633,76.1258083
HIMACHAL PRADESH,Urban,Chamba,Any other,12,9,3,0,0,0,5,3,2,1,1,0,0,0,0,1,1,0,2,2,0,2,1,1,1,1,0,0,0,0,32.5533633,76.1258083
HIMACHAL PRADESH,Urban,Chamba,No travel,5622,4949,673,5622,4949,673,0,0,0,0,0,0,0,0,0,0,0,0,0,0,0,0,0,0,0,0,0,0,0,0,32.5533633,76.1258083
KERALA,Total,Wayanad,All Modes,181114,122963,58151,47266,27607,19659,37129,23416,13713,46480,32590,13890,24392,18611,5781,12258,9591,2667,4513,3548,965,2814,2290,524,5132,4363,769,1130,947,183,11.6853575,76.1319953
KERALA,Total,Wayanad,On foot,60852,36873,23979,0,0,0,33164,20082,13082,22768,13726,9042,4920,3065,1855,0,0,0,0,0,0,0,0,0,0,0,0,0,0,0,11.6853575,76.1319953
KERALA,Total,Wayanad,Bicycle,987,879,108,0,0,0,105,92,13,533,473,60,185,175,10,73,64,9,91,75,16,0,0,0,0,0,0,0,0,0,11.6853575,76.1319953
KERALA,Total,Wayanad,Moped/Scooter/Motor Cycle,8574,8075,499,0,0,0,1053,990,63,3530,3290,240,1981,1872,109,1276,1209,67,369,360,9,178,174,4,68,67,1,119,113,6,11.6853575,76.1319953
KERALA,Total,Wayanad,Car/Jeep/Van,5513,4601,912,0,0,0,630,558,72,2325,1878,447,1220,1001,219,707,585,122,222,204,18,137,128,9,157,141,16,115,106,9,11.6853575,76.1319953
KERALA,Total,Wayanad,Tempo/Autorickshaw/Taxi,5781,5098,683,0,0,0,725,643,82,3563,3093,470,932,829,103,259,249,10,99,95,4,45,40,5,43,37,6,115,112,3,11.6853575,76.1319953
KERALA,Total,Wayanad,Bus,50873,38750,12123,0,0,0,1339,950,389,13586,9975,3611,15022,11552,3470,9869,7419,2450,3702,2788,914,2412,1912,500,4323,3677,646,620,477,143,11.6853575,76.1319953
KERALA,Total,Wayanad,Train,680,538,142,0,0,0,26,21,5,53,41,12,34,25,9,23,20,3,11,9,2,21,17,4,448,358,90,64,47,17,11.6853575,76.1319953
KERALA,Total,Wayanad,Water transport,29,24,5,0,0,0,5,4,1,9,7,2,1,1,0,4,4,0,0,0,0,2,2,0,7,5,2,1,1,0,11.6853575,76.1319953
KERALA,Total,Wayanad,Any other,559,518,41,0,0,0,82,76,6,113,107,6,97,91,6,47,41,6,19,17,2,19,17,2,86,78,8,96,91,5,11.6853575,76.1319953
KERALA,Total,Wayanad,No travel,47266,27607,19659,47266,27607,19659,0,0,0,0,0,0,0,0,0,0,0,0,0,0,0,0,0,0,0,0,0,0,0,0,11.6853575,76.1319953
KERALA,Rural,Wayanad,All Modes,170586,115481,55105,45550,26482,19068,33973,21232,12741,42709,29806,12903,23442,17923,5519,11868,9330,2538,4356,3435,921,2728,2219,509,4881,4152,729,1079,902,177,11.6853575,76.1319953
KERALA,Rural,Wayanad,On foot,56455,33912,22543,0,0,0,30501,18314,12187,21202,12646,8556,4752,2952,1800,0,0,0,0,0,0,0,0,0,0,0,0,0,0,0,11.6853575,76.1319953
KERALA,Rural,Wayanad,Bicycle,932,831,101,0,0,0,90,80,10,502,446,56,181,171,10,72,63,9,87,71,16,0,0,0,0,0,0,0,0,0,11.6853575,76.1319953
KERALA,Rural,Wayanad,Moped/Scooter/Motor Cycle,7796,7361,435,0,0,0,862,814,48,3089,2886,203,1894,1794,100,1245,1180,65,354,345,9,173,170,3,66,65,1,113,107,6,11.6853575,76.1319953
KERALA,Rural,Wayanad,Car/Jeep/Van,5067,4227,840,0,0,0,547,485,62,2113,1704,409,1156,953,203,672,555,117,201,185,16,130,121,9,140,124,16,108,100,8,11.6853575,76.1319953
KERALA,Rural,Wayanad,Tempo/Autorickshaw/Taxi,4872,4376,496,0,0,0,627,557,70,2886,2556,330,826,755,71,245,236,9,96,92,4,44,40,4,39,34,5,109,106,3,11.6853575,76.1319953
KERALA,Rural,Wayanad,Bus,48706,37265,11441,0,0,0,1236,884,352,12756,9425,3331,14507,11187,3320,9564,7234,2330,3588,2716,872,2341,1854,487,4116,3505,611,598,460,138,11.6853575,76.1319953
KERALA,Rural,Wayanad,Train,649,513,136,0,0,0,25,20,5,47,37,10,34,25,9,22,20,2,11,9,2,20,16,4,430,343,87,60,43,17,11.6853575,76.1319953
KERALA,Rural,Wayanad,Water transport,29,24,5,0,0,0,5,4,1,9,7,2,1,1,0,4,4,0,0,0,0,2,2,0,7,5,2,1,1,0,11.6853575,76.1319953
KERALA,Rural,Wayanad,Any other,530,490,40,0,0,0,80,74,6,105,99,6,91,85,6,44,38,6,19,17,2,18,16,2,83,76,7,90,85,5,11.6853575,76.1319953
KERALA,Rural,Wayanad,No travel,45550,26482,19068,45550,26482,19068,0,0,0,0,0,0,0,0,0,0,0,0,0,0,0,0,0,0,0,0,0,0,0,0,11.6853575,76.1319953
KERALA,Urban,Wayanad,All Modes,10528,7482,3046,1716,1125,591,3156,2184,972,3771,2784,987,950,688,262,390,261,129,157,113,44,86,71,15,251,211,40,51,45,6,11.6853575,76.1319953
KERALA,Urban,Wayanad,On foot,4397,2961,1436,0,0,0,2663,1768,895,1566,1080,486,168,113,55,0,0,0,0,0,0,0,0,0,0,0,0,0,0,0,11.6853575,76.1319953
KERALA,Urban,Wayanad,Bicycle,55,48,7,0,0,0,15,12,3,31,27,4,4,4,0,1,1,0,4,4,0,0,0,0,0,0,0,0,0,0,11.6853575,76.1319953
KERALA,Urban,Wayanad,Moped/Scooter/Motor Cycle,778,714,64,0,0,0,191,176,15,441,404,37,87,78,9,31,29,2,15,15,0,5,4,1,2,2,0,6,6,0,11.6853575,76.1319953
KERALA,Urban,Wayanad,Car/Jeep/Van,446,374,72,0,0,0,83,73,10,212,174,38,64,48,16,35,30,5,21,19,2,7,7,0,17,17,0,7,6,1,11.6853575,76.1319953
KERALA,Urban,Wayanad,Tempo/Autorickshaw/Taxi,909,722,187,0,0,0,98,86,12,677,537,140,106,74,32,14,13,1,3,3,0,1,0,1,4,3,1,6,6,0,11.6853575,76.1319953
KERALA,Urban,Wayanad,Bus,2167,1485,682,0,0,0,103,66,37,830,550,280,515,365,150,305,185,120,114,72,42,71,58,13,207,172,35,22,17,5,11.6853575,76.1319953
KERALA,Urban,Wayanad,Train,31,25,6,0,0,0,1,1,0,6,4,2,0,0,0,1,0,1,0,0,0,1,1,0,18,15,3,4,4,0,11.6853575,76.1319953
KERALA,Urban,Wayanad,Water transport,0,0,0,0,0,0,0,0,0,0,0,0,0,0,0,0,0,0,0,0,0,0,0,0,0,0,0,0,0,0,11.6853575,76.1319953
KERALA,Urban,Wayanad,Any other,29,28,1,0,0,0,2,2,0,8,8,0,6,6,0,3,3,0,0,0,0,1,1,0,3,2,1,6,6,0,11.6853575,76.1319953
KERALA,Urban,Wayanad,No travel,1716,1125,591,1716,1125,591,0,0,0,0,0,0,0,0,0,0,0,0,0,0,0,0,0,0,0,0,0,0,0,0,11.6853575,76.1319953
HARYANA,Total,Bhiwani,All Modes,215820,170736,45084,84039,56048,27991,33310,27164,6146,38506,33642,4864,20200,17531,2669,10770,9496,1274,5798,5220,578,4601,4182,419,16256,15310,946,2340,2143,197,28.7974684,76.1322058
HARYANA,Total,Bhiwani,On foot,45233,36078,9155,0,0,0,26385,20826,5559,13202,10759,2443,5646,4493,1153,0,0,0,0,0,0,0,0,0,0,0,0,0,0,0,28.7974684,76.1322058
HARYANA,Total,Bhiwani,Bicycle,21345,20383,962,0,0,0,2931,2779,152,12229,11715,514,3868,3686,182,909,866,43,1408,1337,71,0,0,0,0,0,0,0,0,0,28.7974684,76.1322058
HARYANA,Total,Bhiwani,Moped/Scooter/Motor Cycle,18561,17248,1313,0,0,0,2601,2413,188,8003,7304,699,3408,3217,191,2305,2192,113,750,715,35,453,434,19,487,456,31,554,517,37,28.7974684,76.1322058
HARYANA,Total,Bhiwani,Car/Jeep/Van,4609,4035,574,0,0,0,439,380,59,971,840,131,742,632,110,807,713,94,472,406,66,406,378,28,627,557,70,145,129,16,28.7974684,76.1322058
HARYANA,Total,Bhiwani,Tempo/Autorickshaw/Taxi,5786,4527,1259,0,0,0,200,128,72,1622,1004,618,2249,1888,361,1167,1031,136,154,131,23,97,89,8,156,140,16,141,116,25,28.7974684,76.1322058
HARYANA,Total,Bhiwani,Bus,26232,22971,3261,0,0,0,367,288,79,1569,1225,344,3805,3185,620,5016,4167,849,2653,2290,363,3086,2758,328,9088,8492,596,648,566,82,28.7974684,76.1322058
HARYANA,Total,Bhiwani,Train,8219,7840,379,0,0,0,189,177,12,347,308,39,199,182,17,433,418,15,314,298,16,477,443,34,5550,5331,219,710,683,27,28.7974684,76.1322058
HARYANA,Total,Bhiwani,Water transport,136,116,20,0,0,0,23,19,4,15,12,3,12,11,1,18,12,6,5,5,0,4,4,0,39,37,2,20,16,4,28.7974684,76.1322058
HARYANA,Total,Bhiwani,Any other,1660,1490,170,0,0,0,175,154,21,548,475,73,271,237,34,115,97,18,42,38,4,78,76,2,309,297,12,122,116,6,28.7974684,76.1322058
HARYANA,Total,Bhiwani,No travel,84039,56048,27991,84039,56048,27991,0,0,0,0,0,0,0,0,0,0,0,0,0,0,0,0,0,0,0,0,0,0,0,0,28.7974684,76.1322058
HARYANA,Rural,Bhiwani,All Modes,136383,103055,33328,61728,38449,23279,16277,12006,4271,15232,12917,2315,14088,12385,1703,8214,7656,558,3867,3560,307,3421,3143,278,12061,11527,534,1495,1412,83,28.7974684,76.1322058
HARYANA,Rural,Bhiwani,On foot,24667,18196,6471,0,0,0,14695,10600,4095,6463,4970,1493,3509,2626,883,0,0,0,0,0,0,0,0,0,0,0,0,0,0,0,28.7974684,76.1322058
HARYANA,Rural,Bhiwani,Bicycle,8766,8275,491,0,0,0,621,559,62,4057,3809,248,2566,2455,111,776,742,34,746,710,36,0,0,0,0,0,0,0,0,0,28.7974684,76.1322058
HARYANA,Rural,Bhiwani,Moped/Scooter/Motor Cycle,7458,7100,358,0,0,0,281,261,20,1910,1767,143,2193,2112,81,1719,1656,63,504,486,18,348,337,11,301,290,11,202,191,11,28.7974684,76.1322058
HARYANA,Rural,Bhiwani,Car/Jeep/Van,2670,2425,245,0,0,0,139,123,16,346,317,29,528,471,57,611,563,48,340,293,47,289,270,19,330,306,24,87,82,5,28.7974684,76.1322058
HARYANA,Rural,Bhiwani,Tempo/Autorickshaw/Taxi,4014,3600,414,0,0,0,78,64,14,748,628,120,1835,1642,193,941,889,52,122,110,12,76,70,6,125,117,8,89,80,9,28.7974684,76.1322058
HARYANA,Rural,Bhiwani,Bus,20550,18774,1776,0,0,0,246,207,39,1240,1028,212,3130,2790,340,3769,3430,339,1933,1747,186,2408,2176,232,7332,6942,390,492,454,38,28.7974684,76.1322058
HARYANA,Rural,Bhiwani,Train,5399,5235,164,0,0,0,103,94,9,189,170,19,157,147,10,295,291,4,184,179,5,234,225,9,3707,3614,93,530,515,15,28.7974684,76.1322058
HARYANA,Rural,Bhiwani,Water transport,93,83,10,0,0,0,12,11,1,5,5,0,9,8,1,15,12,3,5,5,0,3,3,0,30,28,2,14,11,3,28.7974684,76.1322058
HARYANA,Rural,Bhiwani,Any other,1038,918,120,0,0,0,102,87,15,274,223,51,161,134,27,88,73,15,33,30,3,63,62,1,236,230,6,81,79,2,28.7974684,76.1322058
HARYANA,Rural,Bhiwani,No travel,61728,38449,23279,61728,38449,23279,0,0,0,0,0,0,0,0,0,0,0,0,0,0,0,0,0,0,0,0,0,0,0,0,28.7974684,76.1322058
HARYANA,Urban,Bhiwani,All Modes,79437,67681,11756,22311,17599,4712,17033,15158,1875,23274,20725,2549,6112,5146,966,2556,1840,716,1931,1660,271,1180,1039,141,4195,3783,412,845,731,114,28.7974684,76.1322058
HARYANA,Urban,Bhiwani,On foot,20566,17882,2684,0,0,0,11690,10226,1464,6739,5789,950,2137,1867,270,0,0,0,0,0,0,0,0,0,0,0,0,0,0,0,28.7974684,76.1322058
HARYANA,Urban,Bhiwani,Bicycle,12579,12108,471,0,0,0,2310,2220,90,8172,7906,266,1302,1231,71,133,124,9,662,627,35,0,0,0,0,0,0,0,0,0,28.7974684,76.1322058
HARYANA,Urban,Bhiwani,Moped/Scooter/Motor Cycle,11103,10148,955,0,0,0,2320,2152,168,6093,5537,556,1215,1105,110,586,536,50,246,229,17,105,97,8,186,166,20,352,326,26,28.7974684,76.1322058
HARYANA,Urban,Bhiwani,Car/Jeep/Van,1939,1610,329,0,0,0,300,257,43,625,523,102,214,161,53,196,150,46,132,113,19,117,108,9,297,251,46,58,47,11,28.7974684,76.1322058
HARYANA,Urban,Bhiwani,Tempo/Autorickshaw/Taxi,1772,927,845,0,0,0,122,64,58,874,376,498,414,246,168,226,142,84,32,21,11,21,19,2,31,23,8,52,36,16,28.7974684,76.1322058
HARYANA,Urban,Bhiwani,Bus,5682,4197,1485,0,0,0,121,81,40,329,197,132,675,395,280,1247,737,510,720,543,177,678,582,96,1756,1550,206,156,112,44,28.7974684,76.1322058
HARYANA,Urban,Bhiwani,Train,2820,2605,215,0,0,0,86,83,3,158,138,20,42,35,7,138,127,11,130,119,11,243,218,25,1843,1717,126,180,168,12,28.7974684,76.1322058
HARYANA,Urban,Bhiwani,Water transport,43,33,10,0,0,0,11,8,3,10,7,3,3,3,0,3,0,3,0,0,0,1,1,0,9,9,0,6,5,1,28.7974684,76.1322058
HARYANA,Urban,Bhiwani,Any other,622,572,50,0,0,0,73,67,6,274,252,22,110,103,7,27,24,3,9,8,1,15,14,1,73,67,6,41,37,4,28.7974684,76.1322058
HARYANA,Urban,Bhiwani,No travel,22311,17599,4712,22311,17599,4712,0,0,0,0,0,0,0,0,0,0,0,0,0,0,0,0,0,0,0,0,0,0,0,0,28.7974684,76.1322058
JAMMU & KASHMIR,Total,Kargil,All Modes,38622,33247,5375,23542,20086,3456,2548,2020,528,3932,3443,489,3072,2673,399,1316,1189,127,998,914,84,898,794,104,1920,1765,155,396,363,33,34.5538522,76.1348944
JAMMU & KASHMIR,Total,Kargil,On foot,6797,5748,1049,0,0,0,2251,1754,497,2634,2316,318,1912,1678,234,0,0,0,0,0,0,0,0,0,0,0,0,0,0,0,34.5538522,76.1348944
JAMMU & KASHMIR,Total,Kargil,Bicycle,137,127,10,0,0,0,12,11,1,54,52,2,12,10,2,13,11,2,46,43,3,0,0,0,0,0,0,0,0,0,34.5538522,76.1348944
JAMMU & KASHMIR,Total,Kargil,Moped/Scooter/Motor Cycle,159,154,5,0,0,0,9,9,0,61,60,1,23,22,1,18,18,0,9,9,0,5,5,0,22,19,3,12,12,0,34.5538522,76.1348944
JAMMU & KASHMIR,Total,Kargil,Car/Jeep/Van,913,830,83,0,0,0,67,61,6,211,191,20,105,96,9,104,99,5,66,62,4,79,66,13,241,215,26,40,40,0,34.5538522,76.1348944
JAMMU & KASHMIR,Total,Kargil,Tempo/Autorickshaw/Taxi,321,295,26,0,0,0,18,17,1,34,31,3,40,35,5,37,35,2,17,17,0,31,28,3,119,107,12,25,25,0,34.5538522,76.1348944
JAMMU & KASHMIR,Total,Kargil,Bus,6419,5687,732,0,0,0,171,151,20,888,745,143,929,783,146,1081,964,117,839,762,77,752,665,87,1478,1365,113,281,252,29,34.5538522,76.1348944
JAMMU & KASHMIR,Total,Kargil,Train,54,49,5,0,0,0,9,7,2,8,8,0,10,9,1,2,2,0,1,1,0,3,3,0,10,10,0,11,9,2,34.5538522,76.1348944
JAMMU & KASHMIR,Total,Kargil,Water transport,23,20,3,0,0,0,2,1,1,1,0,1,3,3,0,3,3,0,5,5,0,0,0,0,6,6,0,3,2,1,34.5538522,76.1348944
JAMMU & KASHMIR,Total,Kargil,Any other,257,251,6,0,0,0,9,9,0,41,40,1,38,37,1,58,57,1,15,15,0,28,27,1,44,43,1,24,23,1,34.5538522,76.1348944
JAMMU & KASHMIR,Total,Kargil,No travel,23542,20086,3456,23542,20086,3456,0,0,0,0,0,0,0,0,0,0,0,0,0,0,0,0,0,0,0,0,0,0,0,0,34.5538522,76.1348944
JAMMU & KASHMIR,Rural,Kargil,All Modes,31787,27288,4499,19016,15954,3062,1985,1568,417,3064,2734,330,2728,2424,304,1190,1096,94,927,864,63,760,692,68,1779,1641,138,338,315,23,34.5538522,76.1348944
JAMMU & KASHMIR,Rural,Kargil,On foot,5775,4920,855,0,0,0,1735,1344,391,2298,2030,268,1742,1546,196,0,0,0,0,0,0,0,0,0,0,0,0,0,0,0,34.5538522,76.1348944
JAMMU & KASHMIR,Rural,Kargil,Bicycle,125,116,9,0,0,0,11,10,1,47,46,1,12,10,2,13,11,2,42,39,3,0,0,0,0,0,0,0,0,0,34.5538522,76.1348944
JAMMU & KASHMIR,Rural,Kargil,Moped/Scooter/Motor Cycle,118,114,4,0,0,0,8,8,0,32,32,0,21,20,1,17,17,0,8,8,0,4,4,0,20,17,3,8,8,0,34.5538522,76.1348944
JAMMU & KASHMIR,Rural,Kargil,Car/Jeep/Van,719,653,66,0,0,0,49,44,5,109,102,7,87,78,9,97,92,5,62,58,4,60,50,10,230,204,26,25,25,0,34.5538522,76.1348944
JAMMU & KASHMIR,Rural,Kargil,Tempo/Autorickshaw/Taxi,291,269,22,0,0,0,15,14,1,31,29,2,37,32,5,35,33,2,17,17,0,28,25,3,105,96,9,23,23,0,34.5538522,76.1348944
JAMMU & KASHMIR,Rural,Kargil,Bus,5419,4951,468,0,0,0,147,131,16,502,451,51,779,690,89,965,881,84,777,721,56,637,583,54,1367,1268,99,245,226,19,34.5538522,76.1348944
JAMMU & KASHMIR,Rural,Kargil,Train,52,47,5,0,0,0,9,7,2,6,6,0,10,9,1,2,2,0,1,1,0,3,3,0,10,10,0,11,9,2,34.5538522,76.1348944
JAMMU & KASHMIR,Rural,Kargil,Water transport,22,19,3,0,0,0,2,1,1,1,0,1,3,3,0,3,3,0,5,5,0,0,0,0,6,6,0,2,1,1,34.5538522,76.1348944
JAMMU & KASHMIR,Rural,Kargil,Any other,250,245,5,0,0,0,9,9,0,38,38,0,37,36,1,58,57,1,15,15,0,28,27,1,41,40,1,24,23,1,34.5538522,76.1348944
JAMMU & KASHMIR,Rural,Kargil,No travel,19016,15954,3062,19016,15954,3062,0,0,0,0,0,0,0,0,0,0,0,0,0,0,0,0,0,0,0,0,0,0,0,0,34.5538522,76.1348944
JAMMU & KASHMIR,Urban,Kargil,All Modes,6835,5959,876,4526,4132,394,563,452,111,868,709,159,344,249,95,126,93,33,71,50,21,138,102,36,141,124,17,58,48,10,34.5538522,76.1348944
JAMMU & KASHMIR,Urban,Kargil,On foot,1022,828,194,0,0,0,516,410,106,336,286,50,170,132,38,0,0,0,0,0,0,0,0,0,0,0,0,0,0,0,34.5538522,76.1348944
JAMMU & KASHMIR,Urban,Kargil,Bicycle,12,11,1,0,0,0,1,1,0,7,6,1,0,0,0,0,0,0,4,4,0,0,0,0,0,0,0,0,0,0,34.5538522,76.1348944
JAMMU & KASHMIR,Urban,Kargil,Moped/Scooter/Motor Cycle,41,40,1,0,0,0,1,1,0,29,28,1,2,2,0,1,1,0,1,1,0,1,1,0,2,2,0,4,4,0,34.5538522,76.1348944
JAMMU & KASHMIR,Urban,Kargil,Car/Jeep/Van,194,177,17,0,0,0,18,17,1,102,89,13,18,18,0,7,7,0,4,4,0,19,16,3,11,11,0,15,15,0,34.5538522,76.1348944
JAMMU & KASHMIR,Urban,Kargil,Tempo/Autorickshaw/Taxi,30,26,4,0,0,0,3,3,0,3,2,1,3,3,0,2,2,0,0,0,0,3,3,0,14,11,3,2,2,0,34.5538522,76.1348944
JAMMU & KASHMIR,Urban,Kargil,Bus,1000,736,264,0,0,0,24,20,4,386,294,92,150,93,57,116,83,33,62,41,21,115,82,33,111,97,14,36,26,10,34.5538522,76.1348944
JAMMU & KASHMIR,Urban,Kargil,Train,2,2,0,0,0,0,0,0,0,2,2,0,0,0,0,0,0,0,0,0,0,0,0,0,0,0,0,0,0,0,34.5538522,76.1348944
JAMMU & KASHMIR,Urban,Kargil,Water transport,1,1,0,0,0,0,0,0,0,0,0,0,0,0,0,0,0,0,0,0,0,0,0,0,0,0,0,1,1,0,34.5538522,76.1348944
JAMMU & KASHMIR,Urban,Kargil,Any other,7,6,1,0,0,0,0,0,0,3,2,1,1,1,0,0,0,0,0,0,0,0,0,0,3,3,0,0,0,0,34.5538522,76.1348944
JAMMU & KASHMIR,Urban,Kargil,No travel,4526,4132,394,4526,4132,394,0,0,0,0,0,0,0,0,0,0,0,0,0,0,0,0,0,0,0,0,0,0,0,0,34.5538522,76.1348944
HARYANA,Total,Mahendragarh,All Modes,143479,117954,25525,47093,31645,15448,23870,19515,4355,24836,22253,2583,16914,15403,1511,8060,7477,583,3352,3110,242,2898,2764,134,15178,14573,605,1278,1214,64,28.2710192,76.1493891
HARYANA,Total,Mahendragarh,On foot,34074,27854,6220,0,0,0,19916,15812,4104,10114,8673,1441,4044,3369,675,0,0,0,0,0,0,0,0,0,0,0,0,0,0,0,28.2710192,76.1493891
HARYANA,Total,Mahendragarh,Bicycle,11689,11411,278,0,0,0,1011,969,42,5565,5431,134,3437,3388,49,924,904,20,752,719,33,0,0,0,0,0,0,0,0,0,28.2710192,76.1493891
HARYANA,Total,Mahendragarh,Moped/Scooter/Motor Cycle,14277,13463,814,0,0,0,1948,1855,93,5355,4984,371,3341,3157,184,2170,2069,101,543,513,30,355,342,13,329,320,9,236,223,13,28.2710192,76.1493891
HARYANA,Total,Mahendragarh,Car/Jeep/Van,2718,2520,198,0,0,0,246,223,23,581,519,62,614,579,35,481,443,38,175,161,14,151,148,3,410,393,17,60,54,6,28.2710192,76.1493891
HARYANA,Total,Mahendragarh,Tempo/Autorickshaw/Taxi,4205,3769,436,0,0,0,162,137,25,1049,900,149,1779,1595,184,894,835,59,58,55,3,51,49,2,138,132,6,74,66,8,28.2710192,76.1493891
HARYANA,Total,Mahendragarh,Bus,24004,22140,1864,0,0,0,350,312,38,1634,1259,375,3198,2850,348,3347,3000,347,1699,1543,156,2101,1991,110,11157,10690,467,518,495,23,28.2710192,76.1493891
HARYANA,Total,Mahendragarh,Train,4221,4040,181,0,0,0,118,101,17,217,203,14,209,188,21,168,158,10,87,82,5,192,187,5,2908,2811,97,322,310,12,28.2710192,76.1493891
HARYANA,Total,Mahendragarh,Water transport,81,70,11,0,0,0,21,16,5,4,4,0,7,7,0,6,3,3,5,4,1,2,2,0,23,23,0,13,11,2,28.2710192,76.1493891
HARYANA,Total,Mahendragarh,Any other,1117,1042,75,0,0,0,98,90,8,317,280,37,285,270,15,70,65,5,33,33,0,46,45,1,213,204,9,55,55,0,28.2710192,76.1493891
HARYANA,Total,Mahendragarh,No travel,47093,31645,15448,47093,31645,15448,0,0,0,0,0,0,0,0,0,0,0,0,0,0,0,0,0,0,0,0,0,0,0,0,28.2710192,76.1493891
HARYANA,Rural,Mahendragarh,All Modes,109685,88588,21097,39804,25737,14067,13869,10493,3376,15263,13892,1371,14137,13075,1062,6886,6503,383,2637,2454,183,2511,2395,116,13571,13075,496,1007,964,43,28.2710192,76.1493891
HARYANA,Rural,Mahendragarh,On foot,21186,16660,4526,0,0,0,12369,9124,3245,5905,5120,785,2912,2416,496,0,0,0,0,0,0,0,0,0,0,0,0,0,0,0,28.2710192,76.1493891
HARYANA,Rural,Mahendragarh,Bicycle,8305,8132,173,0,0,0,380,354,26,3628,3559,69,2988,2949,39,757,744,13,552,526,26,0,0,0,0,0,0,0,0,0,28.2710192,76.1493891
HARYANA,Rural,Mahendragarh,Moped/Scooter/Motor Cycle,8931,8510,421,0,0,0,419,390,29,2791,2617,174,2740,2635,105,1803,1738,65,459,434,25,308,296,12,282,276,6,129,124,5,28.2710192,76.1493891
HARYANA,Rural,Mahendragarh,Car/Jeep/Van,2002,1899,103,0,0,0,130,117,13,338,318,20,535,512,23,400,377,23,117,109,8,112,111,1,329,317,12,41,38,3,28.2710192,76.1493891
HARYANA,Rural,Mahendragarh,Tempo/Autorickshaw/Taxi,3628,3363,265,0,0,0,115,99,16,848,767,81,1581,1464,117,810,773,37,52,51,1,36,35,1,130,124,6,56,50,6,28.2710192,76.1493891
HARYANA,Rural,Mahendragarh,Bus,21198,19852,1346,0,0,0,284,257,27,1330,1125,205,2943,2691,252,2915,2682,233,1353,1232,121,1852,1755,97,10076,9684,392,445,426,19,28.2710192,76.1493891
HARYANA,Rural,Mahendragarh,Train,3646,3520,126,0,0,0,87,74,13,175,170,5,189,173,16,133,128,5,73,71,2,159,155,4,2547,2475,72,283,274,9,28.2710192,76.1493891
HARYANA,Rural,Mahendragarh,Water transport,63,55,8,0,0,0,16,11,5,3,3,0,4,4,0,5,3,2,3,3,0,2,2,0,20,20,0,10,9,1,28.2710192,76.1493891
HARYANA,Rural,Mahendragarh,Any other,922,860,62,0,0,0,69,67,2,245,213,32,245,231,14,63,58,5,28,28,0,42,41,1,187,179,8,43,43,0,28.2710192,76.1493891
HARYANA,Rural,Mahendragarh,No travel,39804,25737,14067,39804,25737,14067,0,0,0,0,0,0,0,0,0,0,0,0,0,0,0,0,0,0,0,0,0,0,0,0,28.2710192,76.1493891
HARYANA,Urban,Mahendragarh,All Modes,33794,29366,4428,7289,5908,1381,10001,9022,979,9573,8361,1212,2777,2328,449,1174,974,200,715,656,59,387,369,18,1607,1498,109,271,250,21,28.2710192,76.1493891
HARYANA,Urban,Mahendragarh,On foot,12888,11194,1694,0,0,0,7547,6688,859,4209,3553,656,1132,953,179,0,0,0,0,0,0,0,0,0,0,0,0,0,0,0,28.2710192,76.1493891
HARYANA,Urban,Mahendragarh,Bicycle,3384,3279,105,0,0,0,631,615,16,1937,1872,65,449,439,10,167,160,7,200,193,7,0,0,0,0,0,0,0,0,0,28.2710192,76.1493891
HARYANA,Urban,Mahendragarh,Moped/Scooter/Motor Cycle,5346,4953,393,0,0,0,1529,1465,64,2564,2367,197,601,522,79,367,331,36,84,79,5,47,46,1,47,44,3,107,99,8,28.2710192,76.1493891
HARYANA,Urban,Mahendragarh,Car/Jeep/Van,716,621,95,0,0,0,116,106,10,243,201,42,79,67,12,81,66,15,58,52,6,39,37,2,81,76,5,19,16,3,28.2710192,76.1493891
HARYANA,Urban,Mahendragarh,Tempo/Autorickshaw/Taxi,577,406,171,0,0,0,47,38,9,201,133,68,198,131,67,84,62,22,6,4,2,15,14,1,8,8,0,18,16,2,28.2710192,76.1493891
HARYANA,Urban,Mahendragarh,Bus,2806,2288,518,0,0,0,66,55,11,304,134,170,255,159,96,432,318,114,346,311,35,249,236,13,1081,1006,75,73,69,4,28.2710192,76.1493891
HARYANA,Urban,Mahendragarh,Train,575,520,55,0,0,0,31,27,4,42,33,9,20,15,5,35,30,5,14,11,3,33,32,1,361,336,25,39,36,3,28.2710192,76.1493891
HARYANA,Urban,Mahendragarh,Water transport,18,15,3,0,0,0,5,5,0,1,1,0,3,3,0,1,0,1,2,1,1,0,0,0,3,3,0,3,2,1,28.2710192,76.1493891
HARYANA,Urban,Mahendragarh,Any other,195,182,13,0,0,0,29,23,6,72,67,5,40,39,1,7,7,0,5,5,0,4,4,0,26,25,1,12,12,0,28.2710192,76.1493891
HARYANA,Urban,Mahendragarh,No travel,7289,5908,1381,7289,5908,1381,0,0,0,0,0,0,0,0,0,0,0,0,0,0,0,0,0,0,0,0,0,0,0,0,28.2710192,76.1493891
KARNATAKA,Total,Koppal,All Modes,199543,146617,52926,90665,59491,31174,33312,24567,8745,35741,28977,6764,19680,15543,4137,8176,7216,960,4256,3829,427,3032,2748,284,3592,3285,307,1089,961,128,15.3507081,76.1554311
KARNATAKA,Total,Koppal,On foot,49794,33893,15901,0,0,0,25150,17019,8131,15699,10801,4898,8945,6073,2872,0,0,0,0,0,0,0,0,0,0,0,0,0,0,0,15.3507081,76.1554311
KARNATAKA,Total,Koppal,Bicycle,13232,12732,500,0,0,0,2739,2613,126,7445,7208,237,1570,1516,54,475,450,25,1003,945,58,0,0,0,0,0,0,0,0,0,15.3507081,76.1554311
KARNATAKA,Total,Koppal,Moped/Scooter/Motor Cycle,16698,15962,736,0,0,0,3704,3546,158,6979,6599,380,2650,2535,115,1596,1559,37,589,575,14,433,428,5,280,275,5,467,445,22,15.3507081,76.1554311
KARNATAKA,Total,Koppal,Car/Jeep/Van,2690,2411,279,0,0,0,295,258,37,615,532,83,521,440,81,475,439,36,201,188,13,204,193,11,264,260,4,115,101,14,15.3507081,76.1554311
KARNATAKA,Total,Koppal,Tempo/Autorickshaw/Taxi,6130,4991,1139,0,0,0,426,326,100,1727,1250,477,1837,1501,336,1137,1027,110,423,379,44,267,227,40,203,192,11,110,89,21,15.3507081,76.1554311
KARNATAKA,Total,Koppal,Bus,18140,15147,2993,0,0,0,723,565,158,2717,2085,632,3785,3144,641,4246,3514,732,1944,1650,294,1998,1773,225,2448,2187,261,279,229,50,15.3507081,76.1554311
KARNATAKA,Total,Koppal,Train,914,804,110,0,0,0,121,101,20,214,187,27,105,92,13,91,78,13,48,46,2,53,51,2,228,206,22,54,43,11,15.3507081,76.1554311
KARNATAKA,Total,Koppal,Water transport,65,54,11,0,0,0,7,4,3,8,8,0,12,10,2,10,9,1,3,2,1,3,3,0,7,7,0,15,11,4,15.3507081,76.1554311
KARNATAKA,Total,Koppal,Any other,1215,1132,83,0,0,0,147,135,12,337,307,30,255,232,23,146,140,6,45,44,1,74,73,1,162,158,4,49,43,6,15.3507081,76.1554311
KARNATAKA,Total,Koppal,No travel,90665,59491,31174,90665,59491,31174,0,0,0,0,0,0,0,0,0,0,0,0,0,0,0,0,0,0,0,0,0,0,0,0,15.3507081,76.1554311
KARNATAKA,Rural,Koppal,All Modes,128175,91109,37066,66763,42994,23769,16745,11525,5220,17391,13496,3895,13587,10787,2800,5861,5245,616,2887,2608,279,1866,1689,177,2447,2218,229,628,547,81,15.3507081,76.1554311
KARNATAKA,Rural,Koppal,On foot,28629,18895,9734,0,0,0,13994,9071,4923,8650,5765,2885,5985,4059,1926,0,0,0,0,0,0,0,0,0,0,0,0,0,0,0,15.3507081,76.1554311
KARNATAKA,Rural,Koppal,Bicycle,5395,5138,257,0,0,0,767,716,51,2718,2613,105,992,959,33,332,310,22,586,540,46,0,0,0,0,0,0,0,0,0,15.3507081,76.1554311
KARNATAKA,Rural,Koppal,Moped/Scooter/Motor Cycle,7050,6747,303,0,0,0,957,916,41,2404,2262,142,1640,1575,65,1048,1018,30,388,380,8,237,233,4,160,158,2,216,205,11,15.3507081,76.1554311
KARNATAKA,Rural,Koppal,Car/Jeep/Van,1737,1545,192,0,0,0,147,132,15,368,313,55,389,321,68,359,328,31,141,131,10,109,106,3,148,145,3,76,69,7,15.3507081,76.1554311
KARNATAKA,Rural,Koppal,Tempo/Autorickshaw/Taxi,4658,3854,804,0,0,0,246,188,58,1080,799,281,1551,1271,280,976,889,87,380,345,35,202,163,39,150,142,8,73,57,16,15.3507081,76.1554311
KARNATAKA,Rural,Koppal,Bus,12484,10622,1862,0,0,0,482,379,103,1887,1498,389,2746,2342,404,2930,2501,429,1320,1142,178,1220,1092,128,1725,1525,200,174,143,31,15.3507081,76.1554311
KARNATAKA,Rural,Koppal,Train,607,525,82,0,0,0,72,56,16,120,101,19,82,71,11,78,66,12,32,31,1,39,37,2,145,132,13,39,31,8,15.3507081,76.1554311
KARNATAKA,Rural,Koppal,Water transport,54,47,7,0,0,0,5,2,3,7,7,0,7,7,0,8,8,0,3,2,1,3,3,0,7,7,0,14,11,3,15.3507081,76.1554311
KARNATAKA,Rural,Koppal,Any other,798,742,56,0,0,0,75,65,10,157,138,19,195,182,13,130,125,5,37,37,0,56,55,1,112,109,3,36,31,5,15.3507081,76.1554311
KARNATAKA,Rural,Koppal,No travel,66763,42994,23769,66763,42994,23769,0,0,0,0,0,0,0,0,0,0,0,0,0,0,0,0,0,0,0,0,0,0,0,0,15.3507081,76.1554311
KARNATAKA,Urban,Koppal,All Modes,71368,55508,15860,23902,16497,7405,16567,13042,3525,18350,15481,2869,6093,4756,1337,2315,1971,344,1369,1221,148,1166,1059,107,1145,1067,78,461,414,47,15.3507081,76.1554311
KARNATAKA,Urban,Koppal,On foot,21165,14998,6167,0,0,0,11156,7948,3208,7049,5036,2013,2960,2014,946,0,0,0,0,0,0,0,0,0,0,0,0,0,0,0,15.3507081,76.1554311
KARNATAKA,Urban,Koppal,Bicycle,7837,7594,243,0,0,0,1972,1897,75,4727,4595,132,578,557,21,143,140,3,417,405,12,0,0,0,0,0,0,0,0,0,15.3507081,76.1554311
KARNATAKA,Urban,Koppal,Moped/Scooter/Motor Cycle,9648,9215,433,0,0,0,2747,2630,117,4575,4337,238,1010,960,50,548,541,7,201,195,6,196,195,1,120,117,3,251,240,11,15.3507081,76.1554311
KARNATAKA,Urban,Koppal,Car/Jeep/Van,953,866,87,0,0,0,148,126,22,247,219,28,132,119,13,116,111,5,60,57,3,95,87,8,116,115,1,39,32,7,15.3507081,76.1554311
KARNATAKA,Urban,Koppal,Tempo/Autorickshaw/Taxi,1472,1137,335,0,0,0,180,138,42,647,451,196,286,230,56,161,138,23,43,34,9,65,64,1,53,50,3,37,32,5,15.3507081,76.1554311
KARNATAKA,Urban,Koppal,Bus,5656,4525,1131,0,0,0,241,186,55,830,587,243,1039,802,237,1316,1013,303,624,508,116,778,681,97,723,662,61,105,86,19,15.3507081,76.1554311
KARNATAKA,Urban,Koppal,Train,307,279,28,0,0,0,49,45,4,94,86,8,23,21,2,13,12,1,16,15,1,14,14,0,83,74,9,15,12,3,15.3507081,76.1554311
KARNATAKA,Urban,Koppal,Water transport,11,7,4,0,0,0,2,2,0,1,1,0,5,3,2,2,1,1,0,0,0,0,0,0,0,0,0,1,0,1,15.3507081,76.1554311
KARNATAKA,Urban,Koppal,Any other,417,390,27,0,0,0,72,70,2,180,169,11,60,50,10,16,15,1,8,7,1,18,18,0,50,49,1,13,12,1,15.3507081,76.1554311
KARNATAKA,Urban,Koppal,No travel,23902,16497,7405,23902,16497,7405,0,0,0,0,0,0,0,0,0,0,0,0,0,0,0,0,0,0,0,0,0,0,0,0,15.3507081,76.1554311
RAJASTHAN,Total,Jhalawar,All Modes,136265,108923,27342,48902,35852,13050,34662,27698,6964,27270,23115,4155,12589,10822,1767,6727,5851,876,2443,2196,247,1774,1611,163,1439,1344,95,459,434,25,24.5973494,76.1609838
RAJASTHAN,Total,Jhalawar,On foot,45143,34526,10617,0,0,0,28768,22183,6585,12926,9723,3203,3449,2620,829,0,0,0,0,0,0,0,0,0,0,0,0,0,0,0,24.5973494,76.1609838
RAJASTHAN,Total,Jhalawar,Bicycle,11491,11218,273,0,0,0,1981,1914,67,6686,6527,159,1952,1929,23,595,581,14,277,267,10,0,0,0,0,0,0,0,0,0,24.5973494,76.1609838
RAJASTHAN,Total,Jhalawar,Moped/Scooter/Motor Cycle,16545,15608,937,0,0,0,3115,2948,167,5722,5362,360,3571,3328,243,2411,2303,108,775,750,25,556,539,17,158,153,5,237,225,12,24.5973494,76.1609838
RAJASTHAN,Total,Jhalawar,Car/Jeep/Van,3408,2801,607,0,0,0,241,211,30,418,343,75,925,773,152,1278,964,314,196,178,18,204,190,14,104,101,3,42,41,1,24.5973494,76.1609838
RAJASTHAN,Total,Jhalawar,Tempo/Autorickshaw/Taxi,1902,1456,446,0,0,0,147,106,41,490,375,115,643,483,160,472,363,109,48,39,9,41,36,5,32,29,3,29,25,4,24.5973494,76.1609838
RAJASTHAN,Total,Jhalawar,Bus,6946,5770,1176,0,0,0,200,162,38,754,547,207,1671,1372,299,1746,1441,305,859,725,134,848,729,119,807,741,66,61,53,8,24.5973494,76.1609838
RAJASTHAN,Total,Jhalawar,Train,642,582,60,0,0,0,87,72,15,74,64,10,48,41,7,34,29,5,37,35,2,48,45,3,261,243,18,53,53,0,24.5973494,76.1609838
RAJASTHAN,Total,Jhalawar,Water transport,30,27,3,0,0,0,13,10,3,4,4,0,7,7,0,0,0,0,0,0,0,2,2,0,2,2,0,2,2,0,24.5973494,76.1609838
RAJASTHAN,Total,Jhalawar,Any other,1256,1083,173,0,0,0,110,92,18,196,170,26,323,269,54,191,170,21,251,202,49,75,70,5,75,75,0,35,35,0,24.5973494,76.1609838
RAJASTHAN,Total,Jhalawar,No travel,48902,35852,13050,48902,35852,13050,0,0,0,0,0,0,0,0,0,0,0,0,0,0,0,0,0,0,0,0,0,0,0,0,24.5973494,76.1609838
RAJASTHAN,Rural,Jhalawar,All Modes,74838,56956,17882,30013,20628,9385,15779,11480,4299,12356,10139,2217,8458,7257,1201,4890,4321,569,1509,1397,112,930,868,62,757,723,34,146,143,3,24.5973494,76.1609838
RAJASTHAN,Rural,Jhalawar,On foot,22933,16265,6668,0,0,0,14225,10046,4179,6602,4745,1857,2106,1474,632,0,0,0,0,0,0,0,0,0,0,0,0,0,0,0,24.5973494,76.1609838
RAJASTHAN,Rural,Jhalawar,Bicycle,5620,5473,147,0,0,0,641,606,35,2797,2723,74,1609,1589,20,436,424,12,137,131,6,0,0,0,0,0,0,0,0,0,24.5973494,76.1609838
RAJASTHAN,Rural,Jhalawar,Moped/Scooter/Motor Cycle,6649,6382,267,0,0,0,554,535,19,1930,1826,104,1902,1816,86,1424,1384,40,431,420,11,271,266,5,90,88,2,47,47,0,24.5973494,76.1609838
RAJASTHAN,Rural,Jhalawar,Car/Jeep/Van,2672,2166,506,0,0,0,85,72,13,219,182,37,834,695,139,1190,891,299,141,132,9,140,134,6,51,49,2,12,11,1,24.5973494,76.1609838
RAJASTHAN,Rural,Jhalawar,Tempo/Autorickshaw/Taxi,1159,883,276,0,0,0,39,26,13,153,132,21,453,329,124,431,327,104,37,29,8,25,22,3,18,15,3,3,3,0,24.5973494,76.1609838
RAJASTHAN,Rural,Jhalawar,Bus,4434,3975,459,0,0,0,124,107,17,491,391,100,1224,1078,146,1221,1127,94,518,487,31,422,378,44,412,387,25,22,20,2,24.5973494,76.1609838
RAJASTHAN,Rural,Jhalawar,Train,332,311,21,0,0,0,43,36,7,34,31,3,36,31,5,19,17,2,13,13,0,16,14,2,129,127,2,42,42,0,24.5973494,76.1609838
RAJASTHAN,Rural,Jhalawar,Water transport,12,9,3,0,0,0,8,5,3,1,1,0,1,1,0,0,0,0,0,0,0,0,0,0,1,1,0,1,1,0,24.5973494,76.1609838
RAJASTHAN,Rural,Jhalawar,Any other,1014,864,150,0,0,0,60,47,13,129,108,21,293,244,49,169,151,18,232,185,47,56,54,2,56,56,0,19,19,0,24.5973494,76.1609838
RAJASTHAN,Rural,Jhalawar,No travel,30013,20628,9385,30013,20628,9385,0,0,0,0,0,0,0,0,0,0,0,0,0,0,0,0,0,0,0,0,0,0,0,0,24.5973494,76.1609838
RAJASTHAN,Urban,Jhalawar,All Modes,61427,51967,9460,18889,15224,3665,18883,16218,2665,14914,12976,1938,4131,3565,566,1837,1530,307,934,799,135,844,743,101,682,621,61,313,291,22,24.5973494,76.1609838
RAJASTHAN,Urban,Jhalawar,On foot,22210,18261,3949,0,0,0,14543,12137,2406,6324,4978,1346,1343,1146,197,0,0,0,0,0,0,0,0,0,0,0,0,0,0,0,24.5973494,76.1609838
RAJASTHAN,Urban,Jhalawar,Bicycle,5871,5745,126,0,0,0,1340,1308,32,3889,3804,85,343,340,3,159,157,2,140,136,4,0,0,0,0,0,0,0,0,0,24.5973494,76.1609838
RAJASTHAN,Urban,Jhalawar,Moped/Scooter/Motor Cycle,9896,9226,670,0,0,0,2561,2413,148,3792,3536,256,1669,1512,157,987,919,68,344,330,14,285,273,12,68,65,3,190,178,12,24.5973494,76.1609838
RAJASTHAN,Urban,Jhalawar,Car/Jeep/Van,736,635,101,0,0,0,156,139,17,199,161,38,91,78,13,88,73,15,55,46,9,64,56,8,53,52,1,30,30,0,24.5973494,76.1609838
RAJASTHAN,Urban,Jhalawar,Tempo/Autorickshaw/Taxi,743,573,170,0,0,0,108,80,28,337,243,94,190,154,36,41,36,5,11,10,1,16,14,2,14,14,0,26,22,4,24.5973494,76.1609838
RAJASTHAN,Urban,Jhalawar,Bus,2512,1795,717,0,0,0,76,55,21,263,156,107,447,294,153,525,314,211,341,238,103,426,351,75,395,354,41,39,33,6,24.5973494,76.1609838
RAJASTHAN,Urban,Jhalawar,Train,310,271,39,0,0,0,44,36,8,40,33,7,12,10,2,15,12,3,24,22,2,32,31,1,132,116,16,11,11,0,24.5973494,76.1609838
RAJASTHAN,Urban,Jhalawar,Water transport,18,18,0,0,0,0,5,5,0,3,3,0,6,6,0,0,0,0,0,0,0,2,2,0,1,1,0,1,1,0,24.5973494,76.1609838
RAJASTHAN,Urban,Jhalawar,Any other,242,219,23,0,0,0,50,45,5,67,62,5,30,25,5,22,19,3,19,17,2,19,16,3,19,19,0,16,16,0,24.5973494,76.1609838
RAJASTHAN,Urban,Jhalawar,No travel,18889,15224,3665,18889,15224,3665,0,0,0,0,0,0,0,0,0,0,0,0,0,0,0,0,0,0,0,0,0,0,0,0,24.5973494,76.1609838
MAHARASHTRA,Total,Buldana,All Modes,217197,177746,39451,80480,57485,22995,41594,36178,5416,51659,45853,5806,17458,14935,2523,9585,8445,1140,5914,5346,568,4721,4303,418,4512,4064,448,1274,1137,137,20.5292147,76.1841701
MAHARASHTRA,Total,Buldana,On foot,52909,43937,8972,0,0,0,27916,23456,4460,18660,15566,3094,6333,4915,1418,0,0,0,0,0,0,0,0,0,0,0,0,0,0,0,20.5292147,76.1841701
MAHARASHTRA,Total,Buldana,Bicycle,18917,18389,528,0,0,0,3689,3584,105,12159,11842,317,2013,1962,51,382,368,14,674,633,41,0,0,0,0,0,0,0,0,0,20.5292147,76.1841701
MAHARASHTRA,Total,Buldana,Moped/Scooter/Motor Cycle,36811,34022,2789,0,0,0,8194,7594,600,14805,13514,1291,4522,4154,368,4222,3967,255,2224,2109,115,1554,1488,66,665,628,37,625,568,57,20.5292147,76.1841701
MAHARASHTRA,Total,Buldana,Car/Jeep/Van,2165,1959,206,0,0,0,320,289,31,529,460,69,268,242,26,289,253,36,206,195,11,219,204,15,237,227,10,97,89,8,20.5292147,76.1841701
MAHARASHTRA,Total,Buldana,Tempo/Autorickshaw/Taxi,8396,7142,1254,0,0,0,686,589,97,3159,2509,650,1995,1769,226,1370,1204,166,458,423,35,309,294,15,246,194,52,173,160,13,20.5292147,76.1841701
MAHARASHTRA,Total,Buldana,Bus,14531,12036,2495,0,0,0,470,377,93,1775,1441,334,2104,1690,414,3071,2421,650,2132,1775,357,2265,1967,298,2462,2162,300,252,203,49,20.5292147,76.1841701
MAHARASHTRA,Total,Buldana,Train,1718,1602,116,0,0,0,119,106,13,138,120,18,52,48,4,126,117,9,159,152,7,283,268,15,764,721,43,77,70,7,20.5292147,76.1841701
MAHARASHTRA,Total,Buldana,Water transport,69,59,10,0,0,0,20,18,2,4,4,0,13,10,3,2,2,0,1,1,0,3,3,0,17,15,2,9,6,3,20.5292147,76.1841701
MAHARASHTRA,Total,Buldana,Any other,1201,1115,86,0,0,0,180,165,15,430,397,33,158,145,13,123,113,10,60,58,2,88,79,9,121,117,4,41,41,0,20.5292147,76.1841701
MAHARASHTRA,Total,Buldana,No travel,80480,57485,22995,80480,57485,22995,0,0,0,0,0,0,0,0,0,0,0,0,0,0,0,0,0,0,0,0,0,0,0,0,20.5292147,76.1841701
MAHARASHTRA,Rural,Buldana,All Modes,92311,72405,19906,43340,30242,13098,10592,8475,2117,14821,12993,1828,9202,7740,1462,5551,4978,573,3149,2882,267,2511,2305,206,2482,2203,279,663,587,76,20.5292147,76.1841701
MAHARASHTRA,Rural,Buldana,On foot,15367,11608,3759,0,0,0,7789,5897,1892,4304,3365,939,3274,2346,928,0,0,0,0,0,0,0,0,0,0,0,0,0,0,0,20.5292147,76.1841701
MAHARASHTRA,Rural,Buldana,Bicycle,6011,5823,188,0,0,0,682,652,30,3788,3689,99,922,896,26,252,245,7,367,341,26,0,0,0,0,0,0,0,0,0,20.5292147,76.1841701
MAHARASHTRA,Rural,Buldana,Moped/Scooter/Motor Cycle,12855,12040,815,0,0,0,1406,1297,109,4060,3783,277,2303,2142,161,2326,2198,128,1230,1171,59,909,868,41,363,345,18,258,236,22,20.5292147,76.1841701
MAHARASHTRA,Rural,Buldana,Car/Jeep/Van,833,755,78,0,0,0,84,75,9,148,133,15,136,122,14,155,134,21,96,91,5,83,77,6,78,74,4,53,49,4,20.5292147,76.1841701
MAHARASHTRA,Rural,Buldana,Tempo/Autorickshaw/Taxi,4572,3904,668,0,0,0,279,247,32,1370,1060,310,1201,1072,129,986,876,110,292,271,21,189,181,8,157,109,48,98,88,10,20.5292147,76.1841701
MAHARASHTRA,Rural,Buldana,Bus,7948,6767,1181,0,0,0,234,200,34,993,829,164,1267,1075,192,1682,1385,297,1050,897,153,1163,1027,136,1389,1216,173,170,138,32,20.5292147,76.1841701
MAHARASHTRA,Rural,Buldana,Train,919,855,64,0,0,0,61,58,3,60,51,9,23,21,2,82,78,4,81,79,2,120,111,9,435,405,30,57,52,5,20.5292147,76.1841701
MAHARASHTRA,Rural,Buldana,Water transport,35,26,9,0,0,0,11,10,1,3,3,0,9,6,3,2,2,0,1,1,0,1,1,0,2,0,2,6,3,3,20.5292147,76.1841701
MAHARASHTRA,Rural,Buldana,Any other,431,385,46,0,0,0,46,39,7,95,80,15,67,60,7,66,60,6,32,31,1,46,40,6,58,54,4,21,21,0,20.5292147,76.1841701
MAHARASHTRA,Rural,Buldana,No travel,43340,30242,13098,43340,30242,13098,0,0,0,0,0,0,0,0,0,0,0,0,0,0,0,0,0,0,0,0,0,0,0,0,20.5292147,76.1841701
MAHARASHTRA,Urban,Buldana,All Modes,124886,105341,19545,37140,27243,9897,31002,27703,3299,36838,32860,3978,8256,7195,1061,4034,3467,567,2765,2464,301,2210,1998,212,2030,1861,169,611,550,61,20.5292147,76.1841701
MAHARASHTRA,Urban,Buldana,On foot,37542,32329,5213,0,0,0,20127,17559,2568,14356,12201,2155,3059,2569,490,0,0,0,0,0,0,0,0,0,0,0,0,0,0,0,20.5292147,76.1841701
MAHARASHTRA,Urban,Buldana,Bicycle,12906,12566,340,0,0,0,3007,2932,75,8371,8153,218,1091,1066,25,130,123,7,307,292,15,0,0,0,0,0,0,0,0,0,20.5292147,76.1841701
MAHARASHTRA,Urban,Buldana,Moped/Scooter/Motor Cycle,23956,21982,1974,0,0,0,6788,6297,491,10745,9731,1014,2219,2012,207,1896,1769,127,994,938,56,645,620,25,302,283,19,367,332,35,20.5292147,76.1841701
MAHARASHTRA,Urban,Buldana,Car/Jeep/Van,1332,1204,128,0,0,0,236,214,22,381,327,54,132,120,12,134,119,15,110,104,6,136,127,9,159,153,6,44,40,4,20.5292147,76.1841701
MAHARASHTRA,Urban,Buldana,Tempo/Autorickshaw/Taxi,3824,3238,586,0,0,0,407,342,65,1789,1449,340,794,697,97,384,328,56,166,152,14,120,113,7,89,85,4,75,72,3,20.5292147,76.1841701
MAHARASHTRA,Urban,Buldana,Bus,6583,5269,1314,0,0,0,236,177,59,782,612,170,837,615,222,1389,1036,353,1082,878,204,1102,940,162,1073,946,127,82,65,17,20.5292147,76.1841701
MAHARASHTRA,Urban,Buldana,Train,799,747,52,0,0,0,58,48,10,78,69,9,29,27,2,44,39,5,78,73,5,163,157,6,329,316,13,20,18,2,20.5292147,76.1841701
MAHARASHTRA,Urban,Buldana,Water transport,34,33,1,0,0,0,9,8,1,1,1,0,4,4,0,0,0,0,0,0,0,2,2,0,15,15,0,3,3,0,20.5292147,76.1841701
MAHARASHTRA,Urban,Buldana,Any other,770,730,40,0,0,0,134,126,8,335,317,18,91,85,6,57,53,4,28,27,1,42,39,3,63,63,0,20,20,0,20.5292147,76.1841701
MAHARASHTRA,Urban,Buldana,No travel,37140,27243,9897,37140,27243,9897,0,0,0,0,0,0,0,0,0,0,0,0,0,0,0,0,0,0,0,0,0,0,0,0,20.5292147,76.1841701
KERALA,Total,Thrissur,All Modes,952117,693489,258628,185174,120333,64841,159805,105706,54099,256907,189938,66969,176629,136002,40627,81745,63412,18333,33419,27382,6037,23427,19841,3586,25214,22242,2972,9797,8633,1164,10.5276416,76.2144349
KERALA,Total,Thrissur,On foot,203633,119714,83919,0,0,0,122251,72087,50164,63399,35790,27609,17983,11837,6146,0,0,0,0,0,0,0,0,0,0,0,0,0,0,0,10.5276416,76.2144349
KERALA,Total,Thrissur,Bicycle,58894,57855,1039,0,0,0,9648,9438,210,36045,35469,576,9201,9050,151,1634,1592,42,2366,2306,60,0,0,0,0,0,0,0,0,0,10.5276416,76.2144349
KERALA,Total,Thrissur,Moped/Scooter/Motor Cycle,125841,118256,7585,0,0,0,13019,12048,971,52003,48185,3818,35872,34019,1853,15853,15195,658,4365,4237,128,1974,1917,57,673,653,20,2082,2002,80,10.5276416,76.2144349
KERALA,Total,Thrissur,Car/Jeep/Van,26525,23394,3131,0,0,0,3082,2725,357,8958,7731,1227,5951,5197,754,3391,2980,411,1755,1596,159,1450,1354,96,1301,1218,83,637,593,44,10.5276416,76.2144349
KERALA,Total,Thrissur,Tempo/Autorickshaw/Taxi,26629,25350,1279,0,0,0,4836,4686,150,11170,10390,780,5141,4928,213,2367,2292,75,908,881,27,731,722,9,501,491,10,975,960,15,10.5276416,76.2144349
KERALA,Total,Thrissur,Bus,298170,204674,93496,0,0,0,5876,3763,2113,84182,51373,32809,101232,69894,31338,57482,40476,17006,22692,17220,5472,14608,11834,2774,8647,7439,1208,3451,2675,776,10.5276416,76.2144349
KERALA,Total,Thrissur,Train,21597,18601,2996,0,0,0,335,253,82,372,272,100,478,360,118,583,461,122,1143,959,184,4378,3735,643,13234,11642,1592,1074,919,155,10.5276416,76.2144349
KERALA,Total,Thrissur,Water transport,1886,1775,111,0,0,0,332,306,26,342,319,23,357,329,28,250,237,13,85,82,3,110,109,1,209,199,10,201,194,7,10.5276416,76.2144349
KERALA,Total,Thrissur,Any other,3768,3537,231,0,0,0,426,400,26,436,409,27,414,388,26,185,179,6,105,101,4,176,170,6,649,600,49,1377,1290,87,10.5276416,76.2144349
KERALA,Total,Thrissur,No travel,185174,120333,64841,185174,120333,64841,0,0,0,0,0,0,0,0,0,0,0,0,0,0,0,0,0,0,0,0,0,0,0,0,10.5276416,76.2144349
KERALA,Rural,Thrissur,All Modes,300497,216320,84177,59745,37605,22140,51952,33391,18561,73629,53069,20560,53177,41144,12033,29492,23166,6326,13020,10837,2183,9223,7987,1236,7562,6789,773,2697,2332,365,10.5276416,76.2144349
KERALA,Rural,Thrissur,On foot,73345,42623,30722,0,0,0,42781,25100,17681,24073,13331,10742,6491,4192,2299,0,0,0,0,0,0,0,0,0,0,0,0,0,0,0,10.5276416,76.2144349
KERALA,Rural,Thrissur,Bicycle,15614,15330,284,0,0,0,2455,2399,56,9495,9339,156,2582,2539,43,467,454,13,615,599,16,0,0,0,0,0,0,0,0,0,10.5276416,76.2144349
KERALA,Rural,Thrissur,Moped/Scooter/Motor Cycle,32433,30870,1563,0,0,0,2764,2588,176,11301,10614,687,9563,9177,386,5668,5454,214,1680,1626,54,714,694,20,208,200,8,535,517,18,10.5276416,76.2144349
KERALA,Rural,Thrissur,Car/Jeep/Van,5954,5408,546,0,0,0,606,555,51,1589,1428,161,1355,1212,143,961,853,108,530,492,38,417,396,21,343,322,21,153,150,3,10.5276416,76.2144349
KERALA,Rural,Thrissur,Tempo/Autorickshaw/Taxi,8339,8091,248,0,0,0,1387,1369,18,3266,3134,132,1681,1635,46,905,881,24,365,351,14,266,261,5,193,190,3,276,270,6,10.5276416,76.2144349
KERALA,Rural,Thrissur,Bus,96986,69145,27841,0,0,0,1600,1060,540,23503,14868,8635,31062,21993,9069,21156,15219,5937,9374,7358,2016,6211,5218,993,2992,2624,368,1088,805,283,10.5276416,76.2144349
KERALA,Rural,Thrissur,Train,6141,5409,732,0,0,0,95,74,21,104,73,31,144,111,33,165,138,27,357,315,42,1493,1300,193,3523,3172,351,260,226,34,10.5276416,76.2144349
KERALA,Rural,Thrissur,Water transport,748,709,39,0,0,0,107,99,8,161,152,9,137,128,9,96,96,0,55,53,2,35,35,0,85,79,6,72,67,5,10.5276416,76.2144349
KERALA,Rural,Thrissur,Any other,1192,1130,62,0,0,0,157,147,10,137,130,7,162,157,5,74,71,3,44,43,1,87,83,4,218,202,16,313,297,16,10.5276416,76.2144349
KERALA,Rural,Thrissur,No travel,59745,37605,22140,59745,37605,22140,0,0,0,0,0,0,0,0,0,0,0,0,0,0,0,0,0,0,0,0,0,0,0,0,10.5276416,76.2144349
KERALA,Urban,Thrissur,All Modes,651620,477169,174451,125429,82728,42701,107853,72315,35538,183278,136869,46409,123452,94858,28594,52253,40246,12007,20399,16545,3854,14204,11854,2350,17652,15453,2199,7100,6301,799,10.5276416,76.2144349
KERALA,Urban,Thrissur,On foot,130288,77091,53197,0,0,0,79470,46987,32483,39326,22459,16867,11492,7645,3847,0,0,0,0,0,0,0,0,0,0,0,0,0,0,0,10.5276416,76.2144349
KERALA,Urban,Thrissur,Bicycle,43280,42525,755,0,0,0,7193,7039,154,26550,26130,420,6619,6511,108,1167,1138,29,1751,1707,44,0,0,0,0,0,0,0,0,0,10.5276416,76.2144349
KERALA,Urban,Thrissur,Moped/Scooter/Motor Cycle,93408,87386,6022,0,0,0,10255,9460,795,40702,37571,3131,26309,24842,1467,10185,9741,444,2685,2611,74,1260,1223,37,465,453,12,1547,1485,62,10.5276416,76.2144349
KERALA,Urban,Thrissur,Car/Jeep/Van,20571,17986,2585,0,0,0,2476,2170,306,7369,6303,1066,4596,3985,611,2430,2127,303,1225,1104,121,1033,958,75,958,896,62,484,443,41,10.5276416,76.2144349
KERALA,Urban,Thrissur,Tempo/Autorickshaw/Taxi,18290,17259,1031,0,0,0,3449,3317,132,7904,7256,648,3460,3293,167,1462,1411,51,543,530,13,465,461,4,308,301,7,699,690,9,10.5276416,76.2144349
KERALA,Urban,Thrissur,Bus,201184,135529,65655,0,0,0,4276,2703,1573,60679,36505,24174,70170,47901,22269,36326,25257,11069,13318,9862,3456,8397,6616,1781,5655,4815,840,2363,1870,493,10.5276416,76.2144349
KERALA,Urban,Thrissur,Train,15456,13192,2264,0,0,0,240,179,61,268,199,69,334,249,85,418,323,95,786,644,142,2885,2435,450,9711,8470,1241,814,693,121,10.5276416,76.2144349
KERALA,Urban,Thrissur,Water transport,1138,1066,72,0,0,0,225,207,18,181,167,14,220,201,19,154,141,13,30,29,1,75,74,1,124,120,4,129,127,2,10.5276416,76.2144349
KERALA,Urban,Thrissur,Any other,2576,2407,169,0,0,0,269,253,16,299,279,20,252,231,21,111,108,3,61,58,3,89,87,2,431,398,33,1064,993,71,10.5276416,76.2144349
KERALA,Urban,Thrissur,No travel,125429,82728,42701,125429,82728,42701,0,0,0,0,0,0,0,0,0,0,0,0,0,0,0,0,0,0,0,0,0,0,0,0,10.5276416,76.2144349
MADHYA PRADESH,Total,Burhanpur,All Modes,96168,80438,15730,25322,17951,7371,28307,23989,4318,28997,26454,2543,7819,6863,956,1931,1716,215,1764,1637,127,860,773,87,837,754,83,331,301,30,21.3193875,76.2224273
MADHYA PRADESH,Total,Burhanpur,On foot,36767,30441,6326,0,0,0,21751,17749,4002,11619,9968,1651,3397,2724,673,0,0,0,0,0,0,0,0,0,0,0,0,0,0,0,21.3193875,76.2224273
MADHYA PRADESH,Total,Burhanpur,Bicycle,17253,16898,355,0,0,0,3727,3636,91,10295,10108,187,2204,2162,42,236,231,5,791,761,30,0,0,0,0,0,0,0,0,0,21.3193875,76.2224273
MADHYA PRADESH,Total,Burhanpur,Moped/Scooter/Motor Cycle,10550,9896,654,0,0,0,2432,2277,155,5533,5195,338,1162,1083,79,648,600,48,279,271,8,212,208,4,96,89,7,188,173,15,21.3193875,76.2224273
MADHYA PRADESH,Total,Burhanpur,Car/Jeep/Van,616,561,55,0,0,0,78,68,10,235,216,19,65,57,8,63,59,4,47,45,2,52,46,6,54,48,6,22,22,0,21.3193875,76.2224273
MADHYA PRADESH,Total,Burhanpur,Tempo/Autorickshaw/Taxi,1393,1090,303,0,0,0,82,58,24,696,484,212,375,328,47,139,128,11,43,40,3,17,17,0,12,11,1,29,24,5,21.3193875,76.2224273
MADHYA PRADESH,Total,Burhanpur,Bus,2708,2152,556,0,0,0,80,57,23,290,181,109,448,350,98,684,542,142,507,427,80,385,325,60,270,232,38,44,38,6,21.3193875,76.2224273
MADHYA PRADESH,Total,Burhanpur,Train,920,847,73,0,0,0,64,57,7,86,79,7,65,61,4,59,58,1,67,63,4,178,162,16,371,340,31,30,27,3,21.3193875,76.2224273
MADHYA PRADESH,Total,Burhanpur,Water transport,27,24,3,0,0,0,9,8,1,7,7,0,2,1,1,0,0,0,0,0,0,0,0,0,5,5,0,4,3,1,21.3193875,76.2224273
MADHYA PRADESH,Total,Burhanpur,Any other,612,578,34,0,0,0,84,79,5,236,216,20,101,97,4,102,98,4,30,30,0,16,15,1,29,29,0,14,14,0,21.3193875,76.2224273
MADHYA PRADESH,Total,Burhanpur,No travel,25322,17951,7371,25322,17951,7371,0,0,0,0,0,0,0,0,0,0,0,0,0,0,0,0,0,0,0,0,0,0,0,0,21.3193875,76.2224273
MADHYA PRADESH,Rural,Burhanpur,All Modes,25568,20259,5309,10572,7414,3158,4334,3310,1024,5464,4892,572,3205,2844,361,905,821,84,545,505,40,237,210,27,240,204,36,66,59,7,21.3193875,76.2224273
MADHYA PRADESH,Rural,Burhanpur,On foot,7189,5479,1710,0,0,0,3747,2752,995,2404,1948,456,1038,779,259,0,0,0,0,0,0,0,0,0,0,0,0,0,0,0,21.3193875,76.2224273
MADHYA PRADESH,Rural,Burhanpur,Bicycle,3842,3782,60,0,0,0,335,330,5,2041,2013,28,1181,1164,17,140,137,3,145,138,7,0,0,0,0,0,0,0,0,0,21.3193875,76.2224273
MADHYA PRADESH,Rural,Burhanpur,Moped/Scooter/Motor Cycle,1872,1767,105,0,0,0,176,166,10,700,658,42,481,456,25,280,263,17,109,105,4,64,62,2,29,27,2,33,30,3,21.3193875,76.2224273
MADHYA PRADESH,Rural,Burhanpur,Car/Jeep/Van,134,124,10,0,0,0,14,11,3,31,31,0,20,19,1,20,19,1,19,19,0,10,6,4,15,14,1,5,5,0,21.3193875,76.2224273
MADHYA PRADESH,Rural,Burhanpur,Tempo/Autorickshaw/Taxi,406,359,47,0,0,0,8,6,2,110,91,19,197,181,16,71,63,8,6,6,0,4,4,0,4,3,1,6,5,1,21.3193875,76.2224273
MADHYA PRADESH,Rural,Burhanpur,Bus,1132,944,188,0,0,0,21,17,4,98,77,21,215,175,40,318,267,51,232,204,28,127,108,19,107,85,22,14,11,3,21.3193875,76.2224273
MADHYA PRADESH,Rural,Burhanpur,Train,162,150,12,0,0,0,11,11,0,9,9,0,20,20,0,13,13,0,13,12,1,23,22,1,68,58,10,5,5,0,21.3193875,76.2224273
MADHYA PRADESH,Rural,Burhanpur,Water transport,16,15,1,0,0,0,4,4,0,7,7,0,2,1,1,0,0,0,0,0,0,0,0,0,2,2,0,1,1,0,21.3193875,76.2224273
MADHYA PRADESH,Rural,Burhanpur,Any other,243,225,18,0,0,0,18,13,5,64,58,6,51,49,2,63,59,4,21,21,0,9,8,1,15,15,0,2,2,0,21.3193875,76.2224273
MADHYA PRADESH,Rural,Burhanpur,No travel,10572,7414,3158,10572,7414,3158,0,0,0,0,0,0,0,0,0,0,0,0,0,0,0,0,0,0,0,0,0,0,0,0,21.3193875,76.2224273
MADHYA PRADESH,Urban,Burhanpur,All Modes,70600,60179,10421,14750,10537,4213,23973,20679,3294,23533,21562,1971,4614,4019,595,1026,895,131,1219,1132,87,623,563,60,597,550,47,265,242,23,21.3193875,76.2224273
MADHYA PRADESH,Urban,Burhanpur,On foot,29578,24962,4616,0,0,0,18004,14997,3007,9215,8020,1195,2359,1945,414,0,0,0,0,0,0,0,0,0,0,0,0,0,0,0,21.3193875,76.2224273
MADHYA PRADESH,Urban,Burhanpur,Bicycle,13411,13116,295,0,0,0,3392,3306,86,8254,8095,159,1023,998,25,96,94,2,646,623,23,0,0,0,0,0,0,0,0,0,21.3193875,76.2224273
MADHYA PRADESH,Urban,Burhanpur,Moped/Scooter/Motor Cycle,8678,8129,549,0,0,0,2256,2111,145,4833,4537,296,681,627,54,368,337,31,170,166,4,148,146,2,67,62,5,155,143,12,21.3193875,76.2224273
MADHYA PRADESH,Urban,Burhanpur,Car/Jeep/Van,482,437,45,0,0,0,64,57,7,204,185,19,45,38,7,43,40,3,28,26,2,42,40,2,39,34,5,17,17,0,21.3193875,76.2224273
MADHYA PRADESH,Urban,Burhanpur,Tempo/Autorickshaw/Taxi,987,731,256,0,0,0,74,52,22,586,393,193,178,147,31,68,65,3,37,34,3,13,13,0,8,8,0,23,19,4,21.3193875,76.2224273
MADHYA PRADESH,Urban,Burhanpur,Bus,1576,1208,368,0,0,0,59,40,19,192,104,88,233,175,58,366,275,91,275,223,52,258,217,41,163,147,16,30,27,3,21.3193875,76.2224273
MADHYA PRADESH,Urban,Burhanpur,Train,758,697,61,0,0,0,53,46,7,77,70,7,45,41,4,46,45,1,54,51,3,155,140,15,303,282,21,25,22,3,21.3193875,76.2224273
MADHYA PRADESH,Urban,Burhanpur,Water transport,11,9,2,0,0,0,5,4,1,0,0,0,0,0,0,0,0,0,0,0,0,0,0,0,3,3,0,3,2,1,21.3193875,76.2224273
MADHYA PRADESH,Urban,Burhanpur,Any other,369,353,16,0,0,0,66,66,0,172,158,14,50,48,2,39,39,0,9,9,0,7,7,0,14,14,0,12,12,0,21.3193875,76.2224273
MADHYA PRADESH,Urban,Burhanpur,No travel,14750,10537,4213,14750,10537,4213,0,0,0,0,0,0,0,0,0,0,0,0,0,0,0,0,0,0,0,0,0,0,0,0,21.3193875,76.2224273
HIMACHAL PRADESH,Total,Kangra,All Modes,301652,239232,62420,88016,65038,22978,57831,40272,17559,68780,56939,11841,41481,35789,5692,18680,16479,2201,7749,6966,783,6777,6208,569,10237,9689,548,2101,1852,249,32.0998031,76.2691006
HIMACHAL PRADESH,Total,Kangra,On foot,104450,77663,26787,0,0,0,49902,33525,16377,39798,31960,7838,14750,12178,2572,0,0,0,0,0,0,0,0,0,0,0,0,0,0,0,32.0998031,76.2691006
HIMACHAL PRADESH,Total,Kangra,Bicycle,4833,4544,289,0,0,0,610,540,70,2372,2266,106,1130,1076,54,316,296,20,405,366,39,0,0,0,0,0,0,0,0,0,32.0998031,76.2691006
HIMACHAL PRADESH,Total,Kangra,Moped/Scooter/Motor Cycle,20814,19549,1265,0,0,0,2812,2558,254,7167,6687,480,4657,4408,249,3333,3179,154,1113,1074,39,866,836,30,434,417,17,432,390,42,32.0998031,76.2691006
HIMACHAL PRADESH,Total,Kangra,Car/Jeep/Van,7162,6270,892,0,0,0,1103,928,175,2352,2017,335,1410,1242,168,1039,925,114,400,372,28,394,363,31,332,306,26,132,117,15,32.0998031,76.2691006
HIMACHAL PRADESH,Total,Kangra,Tempo/Autorickshaw/Taxi,2507,2189,318,0,0,0,297,249,48,808,695,113,506,448,58,369,323,46,128,116,12,130,113,17,179,165,14,90,80,10,32.0998031,76.2691006
HIMACHAL PRADESH,Total,Kangra,Bus,71025,61317,9708,0,0,0,2836,2239,597,15969,13020,2949,18714,16145,2569,13355,11515,1840,5492,4840,652,5005,4532,473,8421,7960,461,1233,1066,167,32.0998031,76.2691006
HIMACHAL PRADESH,Total,Kangra,Train,2052,1912,140,0,0,0,172,143,29,165,154,11,179,163,16,186,165,21,176,164,12,327,309,18,705,680,25,142,134,8,32.0998031,76.2691006
HIMACHAL PRADESH,Total,Kangra,Water transport,167,158,9,0,0,0,27,25,2,43,40,3,43,41,2,15,14,1,5,5,0,7,7,0,21,20,1,6,6,0,32.0998031,76.2691006
HIMACHAL PRADESH,Total,Kangra,Any other,626,592,34,0,0,0,72,65,7,106,100,6,92,88,4,67,62,5,30,29,1,48,48,0,145,141,4,66,59,7,32.0998031,76.2691006
HIMACHAL PRADESH,Total,Kangra,No travel,88016,65038,22978,88016,65038,22978,0,0,0,0,0,0,0,0,0,0,0,0,0,0,0,0,0,0,0,0,0,0,0,0,32.0998031,76.2691006
HIMACHAL PRADESH,Rural,Kangra,All Modes,274058,217811,56247,78064,57041,21023,49884,34111,15773,64218,53536,10682,38899,33905,4994,17540,15641,1899,7286,6604,682,6396,5896,500,9836,9355,481,1935,1722,213,32.0998031,76.2691006
HIMACHAL PRADESH,Rural,Kangra,On foot,94202,69971,24231,0,0,0,43272,28465,14807,37381,30204,7177,13549,11302,2247,0,0,0,0,0,0,0,0,0,0,0,0,0,0,0,32.0998031,76.2691006
HIMACHAL PRADESH,Rural,Kangra,Bicycle,4665,4385,280,0,0,0,562,498,64,2312,2208,104,1095,1041,54,305,285,20,391,353,38,0,0,0,0,0,0,0,0,0,32.0998031,76.2691006
HIMACHAL PRADESH,Rural,Kangra,Moped/Scooter/Motor Cycle,18766,17664,1102,0,0,0,2145,1950,195,6535,6111,424,4361,4137,224,3081,2942,139,1037,1001,36,815,788,27,413,396,17,379,339,40,32.0998031,76.2691006
HIMACHAL PRADESH,Rural,Kangra,Car/Jeep/Van,6031,5354,677,0,0,0,836,708,128,1978,1722,256,1219,1091,128,903,819,84,359,333,26,330,308,22,294,274,20,112,99,13,32.0998031,76.2691006
HIMACHAL PRADESH,Rural,Kangra,Tempo/Autorickshaw/Taxi,2336,2065,271,0,0,0,263,220,43,763,666,97,465,421,44,352,310,42,124,112,12,118,105,13,171,158,13,80,73,7,32.0998031,76.2691006
HIMACHAL PRADESH,Rural,Kangra,Bus,67257,58762,8495,0,0,0,2568,2066,502,14943,12337,2606,17908,15631,2277,12644,11054,1590,5167,4610,557,4757,4337,420,8112,7710,402,1158,1017,141,32.0998031,76.2691006
HIMACHAL PRADESH,Rural,Kangra,Train,1982,1852,130,0,0,0,150,124,26,161,152,9,172,158,14,180,160,20,173,161,12,322,304,18,687,662,25,137,131,6,32.0998031,76.2691006
HIMACHAL PRADESH,Rural,Kangra,Water transport,157,148,9,0,0,0,22,20,2,42,39,3,41,39,2,14,13,1,5,5,0,6,6,0,21,20,1,6,6,0,32.0998031,76.2691006
HIMACHAL PRADESH,Rural,Kangra,Any other,598,569,29,0,0,0,66,60,6,103,97,6,89,85,4,61,58,3,30,29,1,48,48,0,138,135,3,63,57,6,32.0998031,76.2691006
HIMACHAL PRADESH,Rural,Kangra,No travel,78064,57041,21023,78064,57041,21023,0,0,0,0,0,0,0,0,0,0,0,0,0,0,0,0,0,0,0,0,0,0,0,0,32.0998031,76.2691006
HIMACHAL PRADESH,Urban,Kangra,All Modes,27594,21421,6173,9952,7997,1955,7947,6161,1786,4562,3403,1159,2582,1884,698,1140,838,302,463,362,101,381,312,69,401,334,67,166,130,36,32.0998031,76.2691006
HIMACHAL PRADESH,Urban,Kangra,On foot,10248,7692,2556,0,0,0,6630,5060,1570,2417,1756,661,1201,876,325,0,0,0,0,0,0,0,0,0,0,0,0,0,0,0,32.0998031,76.2691006
HIMACHAL PRADESH,Urban,Kangra,Bicycle,168,159,9,0,0,0,48,42,6,60,58,2,35,35,0,11,11,0,14,13,1,0,0,0,0,0,0,0,0,0,32.0998031,76.2691006
HIMACHAL PRADESH,Urban,Kangra,Moped/Scooter/Motor Cycle,2048,1885,163,0,0,0,667,608,59,632,576,56,296,271,25,252,237,15,76,73,3,51,48,3,21,21,0,53,51,2,32.0998031,76.2691006
HIMACHAL PRADESH,Urban,Kangra,Car/Jeep/Van,1131,916,215,0,0,0,267,220,47,374,295,79,191,151,40,136,106,30,41,39,2,64,55,9,38,32,6,20,18,2,32.0998031,76.2691006
HIMACHAL PRADESH,Urban,Kangra,Tempo/Autorickshaw/Taxi,171,124,47,0,0,0,34,29,5,45,29,16,41,27,14,17,13,4,4,4,0,12,8,4,8,7,1,10,7,3,32.0998031,76.2691006
HIMACHAL PRADESH,Urban,Kangra,Bus,3768,2555,1213,0,0,0,268,173,95,1026,683,343,806,514,292,711,461,250,325,230,95,248,195,53,309,250,59,75,49,26,32.0998031,76.2691006
HIMACHAL PRADESH,Urban,Kangra,Train,70,60,10,0,0,0,22,19,3,4,2,2,7,5,2,6,5,1,3,3,0,5,5,0,18,18,0,5,3,2,32.0998031,76.2691006
HIMACHAL PRADESH,Urban,Kangra,Water transport,10,10,0,0,0,0,5,5,0,1,1,0,2,2,0,1,1,0,0,0,0,1,1,0,0,0,0,0,0,0,32.0998031,76.2691006
HIMACHAL PRADESH,Urban,Kangra,Any other,28,23,5,0,0,0,6,5,1,3,3,0,3,3,0,6,4,2,0,0,0,0,0,0,7,6,1,3,2,1,32.0998031,76.2691006
HIMACHAL PRADESH,Urban,Kangra,No travel,9952,7997,1955,9952,7997,1955,0,0,0,0,0,0,0,0,0,0,0,0,0,0,0,0,0,0,0,0,0,0,0,0,32.0998031,76.2691006
HIMACHAL PRADESH,Total,Una,All Modes,107515,86352,21163,27101,18584,8517,19232,13903,5329,25923,22081,3842,15719,13917,1802,8865,7953,912,3600,3301,299,3174,2948,226,3436,3258,178,465,407,58,31.468445,76.2707745
HIMACHAL PRADESH,Total,Una,On foot,27150,19544,7606,0,0,0,14848,10013,4835,9224,7099,2125,3078,2432,646,0,0,0,0,0,0,0,0,0,0,0,0,0,0,0,31.468445,76.2707745
HIMACHAL PRADESH,Total,Una,Bicycle,8932,8709,223,0,0,0,1000,949,51,5128,5014,114,1989,1963,26,454,444,10,361,339,22,0,0,0,0,0,0,0,0,0,31.468445,76.2707745
HIMACHAL PRADESH,Total,Una,Moped/Scooter/Motor Cycle,13650,12831,819,0,0,0,1869,1716,153,5171,4797,374,3211,3062,149,1985,1901,84,619,601,18,405,393,12,222,212,10,168,149,19,31.468445,76.2707745
HIMACHAL PRADESH,Total,Una,Car/Jeep/Van,1724,1594,130,0,0,0,258,232,26,545,509,36,332,305,27,250,230,20,103,94,9,117,113,4,98,92,6,21,19,2,31.468445,76.2707745
HIMACHAL PRADESH,Total,Una,Tempo/Autorickshaw/Taxi,1267,1125,142,0,0,0,123,105,18,308,261,47,277,245,32,238,213,25,84,75,9,87,82,5,115,113,2,35,31,4,31.468445,76.2707745
HIMACHAL PRADESH,Total,Una,Bus,26896,23237,3659,0,0,0,1010,789,221,5383,4248,1135,6708,5790,918,5872,5107,765,2400,2162,238,2520,2316,204,2802,2652,150,201,173,28,31.468445,76.2707745
HIMACHAL PRADESH,Total,Una,Train,447,400,47,0,0,0,69,48,21,83,76,7,48,45,3,36,30,6,23,21,2,19,18,1,146,142,4,23,20,3,31.468445,76.2707745
HIMACHAL PRADESH,Total,Una,Water transport,52,47,5,0,0,0,8,6,2,13,12,1,12,12,0,5,5,0,3,2,1,3,3,0,5,5,0,3,2,1,31.468445,76.2707745
HIMACHAL PRADESH,Total,Una,Any other,296,281,15,0,0,0,47,45,2,68,65,3,64,63,1,25,23,2,7,7,0,23,23,0,48,42,6,14,13,1,31.468445,76.2707745
HIMACHAL PRADESH,Total,Una,No travel,27101,18584,8517,27101,18584,8517,0,0,0,0,0,0,0,0,0,0,0,0,0,0,0,0,0,0,0,0,0,0,0,0,31.468445,76.2707745
HIMACHAL PRADESH,Rural,Una,All Modes,94146,75615,18531,23113,15531,7582,15526,10796,4730,23609,20232,3377,14232,12714,1518,8090,7363,727,3322,3082,240,2903,2722,181,2986,2857,129,365,318,47,31.468445,76.2707745
HIMACHAL PRADESH,Rural,Una,On foot,23223,16393,6830,0,0,0,12154,7809,4345,8487,6542,1945,2582,2042,540,0,0,0,0,0,0,0,0,0,0,0,0,0,0,0,31.468445,76.2707745
HIMACHAL PRADESH,Rural,Una,Bicycle,8211,8008,203,0,0,0,816,774,42,4774,4665,109,1874,1851,23,422,413,9,325,305,20,0,0,0,0,0,0,0,0,0,31.468445,76.2707745
HIMACHAL PRADESH,Rural,Una,Moped/Scooter/Motor Cycle,11822,11180,642,0,0,0,1307,1203,104,4587,4284,303,2868,2747,121,1795,1730,65,578,563,15,367,356,11,196,189,7,124,108,16,31.468445,76.2707745
HIMACHAL PRADESH,Rural,Una,Car/Jeep/Van,1442,1335,107,0,0,0,181,162,19,472,442,30,306,282,24,212,195,17,89,82,7,101,97,4,72,67,5,9,8,1,31.468445,76.2707745
HIMACHAL PRADESH,Rural,Una,Tempo/Autorickshaw/Taxi,1142,1031,111,0,0,0,105,91,14,287,251,36,257,229,28,215,197,18,79,72,7,75,73,2,99,97,2,25,21,4,31.468445,76.2707745
HIMACHAL PRADESH,Rural,Una,Bus,24475,21482,2993,0,0,0,860,678,182,4843,3900,943,6228,5450,778,5386,4775,611,2220,2031,189,2317,2154,163,2447,2342,105,174,152,22,31.468445,76.2707745
HIMACHAL PRADESH,Rural,Una,Train,401,358,43,0,0,0,60,40,20,80,73,7,47,44,3,32,27,5,21,20,1,19,18,1,122,118,4,20,18,2,31.468445,76.2707745
HIMACHAL PRADESH,Rural,Una,Water transport,47,42,5,0,0,0,6,4,2,13,12,1,10,10,0,5,5,0,3,2,1,3,3,0,5,5,0,2,1,1,31.468445,76.2707745
HIMACHAL PRADESH,Rural,Una,Any other,270,255,15,0,0,0,37,35,2,66,63,3,60,59,1,23,21,2,7,7,0,21,21,0,45,39,6,11,10,1,31.468445,76.2707745
HIMACHAL PRADESH,Rural,Una,No travel,23113,15531,7582,23113,15531,7582,0,0,0,0,0,0,0,0,0,0,0,0,0,0,0,0,0,0,0,0,0,0,0,0,31.468445,76.2707745
HIMACHAL PRADESH,Urban,Una,All Modes,13369,10737,2632,3988,3053,935,3706,3107,599,2314,1849,465,1487,1203,284,775,590,185,278,219,59,271,226,45,450,401,49,100,89,11,31.468445,76.2707745
HIMACHAL PRADESH,Urban,Una,On foot,3927,3151,776,0,0,0,2694,2204,490,737,557,180,496,390,106,0,0,0,0,0,0,0,0,0,0,0,0,0,0,0,31.468445,76.2707745
HIMACHAL PRADESH,Urban,Una,Bicycle,721,701,20,0,0,0,184,175,9,354,349,5,115,112,3,32,31,1,36,34,2,0,0,0,0,0,0,0,0,0,31.468445,76.2707745
HIMACHAL PRADESH,Urban,Una,Moped/Scooter/Motor Cycle,1828,1651,177,0,0,0,562,513,49,584,513,71,343,315,28,190,171,19,41,38,3,38,37,1,26,23,3,44,41,3,31.468445,76.2707745
HIMACHAL PRADESH,Urban,Una,Car/Jeep/Van,282,259,23,0,0,0,77,70,7,73,67,6,26,23,3,38,35,3,14,12,2,16,16,0,26,25,1,12,11,1,31.468445,76.2707745
HIMACHAL PRADESH,Urban,Una,Tempo/Autorickshaw/Taxi,125,94,31,0,0,0,18,14,4,21,10,11,20,16,4,23,16,7,5,3,2,12,9,3,16,16,0,10,10,0,31.468445,76.2707745
HIMACHAL PRADESH,Urban,Una,Bus,2421,1755,666,0,0,0,150,111,39,540,348,192,480,340,140,486,332,154,180,131,49,203,162,41,355,310,45,27,21,6,31.468445,76.2707745
HIMACHAL PRADESH,Urban,Una,Train,46,42,4,0,0,0,9,8,1,3,3,0,1,1,0,4,3,1,2,1,1,0,0,0,24,24,0,3,2,1,31.468445,76.2707745
HIMACHAL PRADESH,Urban,Una,Water transport,5,5,0,0,0,0,2,2,0,0,0,0,2,2,0,0,0,0,0,0,0,0,0,0,0,0,0,1,1,0,31.468445,76.2707745
HIMACHAL PRADESH,Urban,Una,Any other,26,26,0,0,0,0,10,10,0,2,2,0,4,4,0,2,2,0,0,0,0,2,2,0,3,3,0,3,3,0,31.468445,76.2707745
HIMACHAL PRADESH,Urban,Una,No travel,3988,3053,935,3988,3053,935,0,0,0,0,0,0,0,0,0,0,0,0,0,0,0,0,0,0,0,0,0,0,0,0,31.468445,76.2707745
MADHYA PRADESH,Total,Shajapur,All Modes,117981,97152,20829,41086,31648,9438,31182,25841,5341,23763,20397,3366,9646,8275,1371,5240,4663,577,2420,2179,241,1824,1610,214,2389,2161,228,431,378,53,23.4272938,76.2729839
MADHYA PRADESH,Total,Shajapur,On foot,39977,31984,7993,0,0,0,25916,20913,5003,11016,8674,2342,3045,2397,648,0,0,0,0,0,0,0,0,0,0,0,0,0,0,0,23.4272938,76.2729839
MADHYA PRADESH,Total,Shajapur,Bicycle,11265,10960,305,0,0,0,1921,1863,58,5783,5633,150,2255,2200,55,844,823,21,462,441,21,0,0,0,0,0,0,0,0,0,23.4272938,76.2729839
MADHYA PRADESH,Total,Shajapur,Moped/Scooter/Motor Cycle,12619,11845,774,0,0,0,2674,2517,157,4664,4335,329,2112,1990,122,1667,1592,75,604,579,25,471,431,40,245,228,17,182,173,9,23.4272938,76.2729839
MADHYA PRADESH,Total,Shajapur,Car/Jeep/Van,842,742,100,0,0,0,122,105,17,200,163,37,98,91,7,102,85,17,54,49,5,81,76,5,160,150,10,25,23,2,23.4272938,76.2729839
MADHYA PRADESH,Total,Shajapur,Tempo/Autorickshaw/Taxi,1891,1521,370,0,0,0,120,88,32,989,744,245,392,330,62,253,235,18,46,43,3,37,35,2,25,24,1,29,22,7,23.4272938,76.2729839
MADHYA PRADESH,Total,Shajapur,Bus,8005,6440,1565,0,0,0,191,148,43,817,587,230,1509,1087,422,2129,1722,407,1076,918,158,991,850,141,1181,1040,141,111,88,23,23.4272938,76.2729839
MADHYA PRADESH,Total,Shajapur,Train,1422,1294,128,0,0,0,110,101,9,117,108,9,75,68,7,138,120,18,91,80,11,208,186,22,628,580,48,55,51,4,23.4272938,76.2729839
MADHYA PRADESH,Total,Shajapur,Water transport,65,46,19,0,0,0,26,19,7,4,3,1,17,9,8,7,5,2,2,2,0,1,1,0,6,6,0,2,1,1,23.4272938,76.2729839
MADHYA PRADESH,Total,Shajapur,Any other,809,672,137,0,0,0,102,87,15,173,150,23,143,103,40,100,81,19,85,67,18,35,31,4,144,133,11,27,20,7,23.4272938,76.2729839
MADHYA PRADESH,Total,Shajapur,No travel,41086,31648,9438,41086,31648,9438,0,0,0,0,0,0,0,0,0,0,0,0,0,0,0,0,0,0,0,0,0,0,0,0,23.4272938,76.2729839
MADHYA PRADESH,Rural,Shajapur,All Modes,46730,37288,9442,21847,16246,5601,7148,5242,1906,6844,5945,899,4985,4404,581,2766,2580,186,1061,989,72,850,780,70,1059,952,107,170,150,20,23.4272938,76.2729839
MADHYA PRADESH,Rural,Shajapur,On foot,10108,7266,2842,0,0,0,6368,4514,1854,2687,1986,701,1053,766,287,0,0,0,0,0,0,0,0,0,0,0,0,0,0,0,23.4272938,76.2729839
MADHYA PRADESH,Rural,Shajapur,Bicycle,5037,4904,133,0,0,0,349,329,20,2344,2284,60,1563,1529,34,580,569,11,201,193,8,0,0,0,0,0,0,0,0,0,23.4272938,76.2729839
MADHYA PRADESH,Rural,Shajapur,Moped/Scooter/Motor Cycle,4082,3911,171,0,0,0,251,236,15,1154,1110,44,1146,1105,41,834,812,22,306,290,16,232,208,24,107,98,9,52,52,0,23.4272938,76.2729839
MADHYA PRADESH,Rural,Shajapur,Car/Jeep/Van,256,239,17,0,0,0,24,22,2,31,28,3,47,46,1,39,36,3,22,19,3,41,39,2,42,40,2,10,9,1,23.4272938,76.2729839
MADHYA PRADESH,Rural,Shajapur,Tempo/Autorickshaw/Taxi,539,502,37,0,0,0,18,17,1,126,113,13,206,192,14,137,133,4,12,10,2,14,14,0,18,17,1,8,6,2,23.4272938,76.2729839
MADHYA PRADESH,Rural,Shajapur,Bus,3678,3201,477,0,0,0,71,65,6,381,321,60,792,636,156,1038,914,124,400,378,22,438,405,33,491,427,64,67,55,12,23.4272938,76.2729839
MADHYA PRADESH,Rural,Shajapur,Train,657,616,41,0,0,0,35,33,2,33,32,1,47,45,2,60,57,3,47,43,4,108,100,8,304,284,20,23,22,1,23.4272938,76.2729839
MADHYA PRADESH,Rural,Shajapur,Water transport,34,22,12,0,0,0,9,6,3,1,1,0,16,8,8,3,3,0,0,0,0,1,1,0,3,3,0,1,0,1,23.4272938,76.2729839
MADHYA PRADESH,Rural,Shajapur,Any other,492,381,111,0,0,0,23,20,3,87,70,17,115,77,38,75,56,19,73,56,17,16,13,3,94,83,11,9,6,3,23.4272938,76.2729839
MADHYA PRADESH,Rural,Shajapur,No travel,21847,16246,5601,21847,16246,5601,0,0,0,0,0,0,0,0,0,0,0,0,0,0,0,0,0,0,0,0,0,0,0,0,23.4272938,76.2729839
MADHYA PRADESH,Urban,Shajapur,All Modes,71251,59864,11387,19239,15402,3837,24034,20599,3435,16919,14452,2467,4661,3871,790,2474,2083,391,1359,1190,169,974,830,144,1330,1209,121,261,228,33,23.4272938,76.2729839
MADHYA PRADESH,Urban,Shajapur,On foot,29869,24718,5151,0,0,0,19548,16399,3149,8329,6688,1641,1992,1631,361,0,0,0,0,0,0,0,0,0,0,0,0,0,0,0,23.4272938,76.2729839
MADHYA PRADESH,Urban,Shajapur,Bicycle,6228,6056,172,0,0,0,1572,1534,38,3439,3349,90,692,671,21,264,254,10,261,248,13,0,0,0,0,0,0,0,0,0,23.4272938,76.2729839
MADHYA PRADESH,Urban,Shajapur,Moped/Scooter/Motor Cycle,8537,7934,603,0,0,0,2423,2281,142,3510,3225,285,966,885,81,833,780,53,298,289,9,239,223,16,138,130,8,130,121,9,23.4272938,76.2729839
MADHYA PRADESH,Urban,Shajapur,Car/Jeep/Van,586,503,83,0,0,0,98,83,15,169,135,34,51,45,6,63,49,14,32,30,2,40,37,3,118,110,8,15,14,1,23.4272938,76.2729839
MADHYA PRADESH,Urban,Shajapur,Tempo/Autorickshaw/Taxi,1352,1019,333,0,0,0,102,71,31,863,631,232,186,138,48,116,102,14,34,33,1,23,21,2,7,7,0,21,16,5,23.4272938,76.2729839
MADHYA PRADESH,Urban,Shajapur,Bus,4327,3239,1088,0,0,0,120,83,37,436,266,170,717,451,266,1091,808,283,676,540,136,553,445,108,690,613,77,44,33,11,23.4272938,76.2729839
MADHYA PRADESH,Urban,Shajapur,Train,765,678,87,0,0,0,75,68,7,84,76,8,28,23,5,78,63,15,44,37,7,100,86,14,324,296,28,32,29,3,23.4272938,76.2729839
MADHYA PRADESH,Urban,Shajapur,Water transport,31,24,7,0,0,0,17,13,4,3,2,1,1,1,0,4,2,2,2,2,0,0,0,0,3,3,0,1,1,0,23.4272938,76.2729839
MADHYA PRADESH,Urban,Shajapur,Any other,317,291,26,0,0,0,79,67,12,86,80,6,28,26,2,25,25,0,12,11,1,19,18,1,50,50,0,18,14,4,23.4272938,76.2729839
MADHYA PRADESH,Urban,Shajapur,No travel,19239,15402,3837,19239,15402,3837,0,0,0,0,0,0,0,0,0,0,0,0,0,0,0,0,0,0,0,0,0,0,0,0,23.4272938,76.2729839
HARYANA,Total,Jind,All Modes,181850,147931,33919,64330,44525,19805,28663,23429,5234,33011,29175,3836,21312,18982,2330,11193,10189,1004,5449,4935,514,4738,4396,342,11222,10597,625,1932,1703,229,29.325508,76.2997909
HARYANA,Total,Jind,On foot,35979,28595,7384,0,0,0,21793,17182,4611,8714,6922,1792,5472,4491,981,0,0,0,0,0,0,0,0,0,0,0,0,0,0,0,29.325508,76.2997909
HARYANA,Total,Jind,Bicycle,25868,24877,991,0,0,0,2783,2656,127,12605,12133,472,6599,6356,243,2253,2188,65,1628,1544,84,0,0,0,0,0,0,0,0,0,29.325508,76.2997909
HARYANA,Total,Jind,Moped/Scooter/Motor Cycle,20164,18952,1212,0,0,0,2852,2671,181,7562,7070,492,4323,4080,243,2908,2773,135,804,763,41,509,492,17,457,430,27,749,673,76,29.325508,76.2997909
HARYANA,Total,Jind,Car/Jeep/Van,3734,3308,426,0,0,0,344,290,54,804,711,93,611,526,85,758,675,83,329,283,46,327,310,17,447,404,43,114,109,5,29.325508,76.2997909
HARYANA,Total,Jind,Tempo/Autorickshaw/Taxi,5493,4389,1104,0,0,0,248,185,63,1594,1038,556,1752,1441,311,1212,1124,88,198,177,21,116,107,9,216,197,19,157,120,37,29.325508,76.2997909
HARYANA,Total,Jind,Bus,19937,17454,2483,0,0,0,329,229,100,971,692,279,2113,1680,433,3666,3059,607,2118,1823,295,3061,2790,271,7142,6722,420,537,459,78,29.325508,76.2997909
HARYANA,Total,Jind,Train,4562,4343,219,0,0,0,106,95,11,177,160,17,163,152,11,216,203,13,329,306,23,644,620,24,2670,2567,103,257,240,17,29.325508,76.2997909
HARYANA,Total,Jind,Water transport,79,71,8,0,0,0,12,10,2,7,7,0,9,9,0,4,3,1,7,5,2,10,9,1,24,24,0,6,4,2,29.325508,76.2997909
HARYANA,Total,Jind,Any other,1704,1417,287,0,0,0,196,111,85,577,442,135,270,247,23,176,164,12,36,34,2,71,68,3,266,253,13,112,98,14,29.325508,76.2997909
HARYANA,Total,Jind,No travel,64330,44525,19805,64330,44525,19805,0,0,0,0,0,0,0,0,0,0,0,0,0,0,0,0,0,0,0,0,0,0,0,0,29.325508,76.2997909
HARYANA,Rural,Jind,All Modes,104242,81679,22563,44578,29038,15540,12173,8909,3264,12165,10721,1444,12948,11743,1205,8071,7717,354,3261,3063,198,2904,2755,149,7237,6937,300,905,796,109,29.325508,76.2997909
HARYANA,Rural,Jind,On foot,16172,11802,4370,0,0,0,10454,7445,3009,3075,2322,753,2643,2035,608,0,0,0,0,0,0,0,0,0,0,0,0,0,0,0,29.325508,76.2997909
HARYANA,Rural,Jind,Bicycle,12852,12348,504,0,0,0,732,678,54,5137,4914,223,4432,4295,137,1740,1700,40,811,761,50,0,0,0,0,0,0,0,0,0,29.325508,76.2997909
HARYANA,Rural,Jind,Moped/Scooter/Motor Cycle,8199,7794,405,0,0,0,390,350,40,2032,1899,133,2467,2368,99,1969,1921,48,501,480,21,335,327,8,244,227,17,261,222,39,29.325508,76.2997909
HARYANA,Rural,Jind,Car/Jeep/Van,1703,1586,117,0,0,0,103,87,16,222,203,19,349,315,34,491,471,20,175,161,14,160,156,4,170,161,9,33,32,1,29.325508,76.2997909
HARYANA,Rural,Jind,Tempo/Autorickshaw/Taxi,3475,3193,282,0,0,0,112,106,6,649,569,80,1223,1097,126,1049,1004,45,159,151,8,69,68,1,143,136,7,71,62,9,29.325508,76.2997909
HARYANA,Rural,Jind,Bus,13168,12182,986,0,0,0,183,134,49,625,505,120,1545,1371,174,2535,2350,185,1345,1253,92,1883,1764,119,4735,4527,208,317,278,39,29.325508,76.2997909
HARYANA,Rural,Jind,Train,2906,2785,121,0,0,0,57,49,8,74,66,8,102,94,8,144,137,7,242,230,12,398,382,16,1742,1691,51,147,136,11,29.325508,76.2997909
HARYANA,Rural,Jind,Water transport,50,45,5,0,0,0,6,4,2,4,4,0,6,6,0,3,2,1,4,4,0,7,7,0,17,17,0,3,1,2,29.325508,76.2997909
HARYANA,Rural,Jind,Any other,1139,906,233,0,0,0,136,56,80,347,239,108,181,162,19,140,132,8,24,23,1,52,51,1,186,178,8,73,65,8,29.325508,76.2997909
HARYANA,Rural,Jind,No travel,44578,29038,15540,44578,29038,15540,0,0,0,0,0,0,0,0,0,0,0,0,0,0,0,0,0,0,0,0,0,0,0,0,29.325508,76.2997909
HARYANA,Urban,Jind,All Modes,77608,66252,11356,19752,15487,4265,16490,14520,1970,20846,18454,2392,8364,7239,1125,3122,2472,650,2188,1872,316,1834,1641,193,3985,3660,325,1027,907,120,29.325508,76.2997909
HARYANA,Urban,Jind,On foot,19807,16793,3014,0,0,0,11339,9737,1602,5639,4600,1039,2829,2456,373,0,0,0,0,0,0,0,0,0,0,0,0,0,0,0,29.325508,76.2997909
HARYANA,Urban,Jind,Bicycle,13016,12529,487,0,0,0,2051,1978,73,7468,7219,249,2167,2061,106,513,488,25,817,783,34,0,0,0,0,0,0,0,0,0,29.325508,76.2997909
HARYANA,Urban,Jind,Moped/Scooter/Motor Cycle,11965,11158,807,0,0,0,2462,2321,141,5530,5171,359,1856,1712,144,939,852,87,303,283,20,174,165,9,213,203,10,488,451,37,29.325508,76.2997909
HARYANA,Urban,Jind,Car/Jeep/Van,2031,1722,309,0,0,0,241,203,38,582,508,74,262,211,51,267,204,63,154,122,32,167,154,13,277,243,34,81,77,4,29.325508,76.2997909
HARYANA,Urban,Jind,Tempo/Autorickshaw/Taxi,2018,1196,822,0,0,0,136,79,57,945,469,476,529,344,185,163,120,43,39,26,13,47,39,8,73,61,12,86,58,28,29.325508,76.2997909
HARYANA,Urban,Jind,Bus,6769,5272,1497,0,0,0,146,95,51,346,187,159,568,309,259,1131,709,422,773,570,203,1178,1026,152,2407,2195,212,220,181,39,29.325508,76.2997909
HARYANA,Urban,Jind,Train,1656,1558,98,0,0,0,49,46,3,103,94,9,61,58,3,72,66,6,87,76,11,246,238,8,928,876,52,110,104,6,29.325508,76.2997909
HARYANA,Urban,Jind,Water transport,29,26,3,0,0,0,6,6,0,3,3,0,3,3,0,1,1,0,3,1,2,3,2,1,7,7,0,3,3,0,29.325508,76.2997909
HARYANA,Urban,Jind,Any other,565,511,54,0,0,0,60,55,5,230,203,27,89,85,4,36,32,4,12,11,1,19,17,2,80,75,5,39,33,6,29.325508,76.2997909
HARYANA,Urban,Jind,No travel,19752,15487,4265,19752,15487,4265,0,0,0,0,0,0,0,0,0,0,0,0,0,0,0,0,0,0,0,0,0,0,0,0,29.325508,76.2997909
KERALA,Total,Ernakulam,All Modes,1103553,809741,293812,215101,143604,71497,165058,111909,53149,273551,206002,67549,218517,166495,52022,125116,95523,29593,44793,35772,9021,26614,21573,5041,21325,17264,4061,13478,11599,1879,9.9816358,76.2998842
KERALA,Total,Ernakulam,On foot,206262,128148,78114,0,0,0,123887,75889,47998,62075,38572,23503,20300,13687,6613,0,0,0,0,0,0,0,0,0,0,0,0,0,0,0,9.9816358,76.2998842
KERALA,Total,Ernakulam,Bicycle,49017,47941,1076,0,0,0,7332,7178,154,28432,27889,543,8941,8724,217,1989,1904,85,2323,2246,77,0,0,0,0,0,0,0,0,0,9.9816358,76.2998842
KERALA,Total,Ernakulam,Moped/Scooter/Motor Cycle,190453,177341,13112,0,0,0,16680,15379,1301,68778,63196,5582,55460,51818,3642,32576,30690,1886,8981,8608,373,3538,3398,140,917,886,31,3523,3366,157,9.9816358,76.2998842
KERALA,Total,Ernakulam,Car/Jeep/Van,49677,41171,8506,0,0,0,3861,3211,650,15593,12655,2938,13424,11039,2385,8904,7338,1566,3144,2705,439,2152,1888,264,1396,1265,131,1203,1070,133,9.9816358,76.2998842
KERALA,Total,Ernakulam,Tempo/Autorickshaw/Taxi,25065,23578,1487,0,0,0,4462,4264,198,10137,9417,720,4784,4475,309,2591,2433,158,1016,972,44,597,579,18,409,398,11,1069,1040,29,9.9816358,76.2998842
KERALA,Total,Ernakulam,Bus,339808,224300,115508,0,0,0,7158,4471,2687,85471,51560,33911,112504,73985,38519,76431,50831,25600,27409,19590,7819,17308,13229,4079,8697,6937,1760,4830,3697,1133,9.9816358,76.2998842
KERALA,Total,Ernakulam,Train,15299,11697,3602,0,0,0,295,218,77,440,307,133,562,412,150,778,575,203,1086,841,245,2389,1872,517,8714,6662,2052,1035,810,225,9.9816358,76.2998842
KERALA,Total,Ernakulam,Water transport,8783,8348,435,0,0,0,861,819,42,2040,1894,146,2054,1914,140,1558,1495,63,692,686,6,455,449,6,683,660,23,440,431,9,9.9816358,76.2998842
KERALA,Total,Ernakulam,Any other,4088,3613,475,0,0,0,522,480,42,585,512,73,488,441,47,289,257,32,142,124,18,175,158,17,509,456,53,1378,1185,193,9.9816358,76.2998842
KERALA,Total,Ernakulam,No travel,215101,143604,71497,215101,143604,71497,0,0,0,0,0,0,0,0,0,0,0,0,0,0,0,0,0,0,0,0,0,0,0,0,9.9816358,76.2998842
KERALA,Rural,Ernakulam,All Modes,316190,225290,90900,70121,45162,24959,49814,32400,17414,70349,51141,19208,53475,40181,13294,33695,25411,8284,16404,12858,3546,12671,10266,2405,7208,5791,1417,2453,2080,373,9.9816358,76.2998842
KERALA,Rural,Ernakulam,On foot,69229,41723,27506,0,0,0,40798,24430,16368,21816,12928,8888,6615,4365,2250,0,0,0,0,0,0,0,0,0,0,0,0,0,0,0,9.9816358,76.2998842
KERALA,Rural,Ernakulam,Bicycle,9734,9498,236,0,0,0,1447,1409,38,5785,5662,123,1705,1664,41,355,337,18,442,426,16,0,0,0,0,0,0,0,0,0,9.9816358,76.2998842
KERALA,Rural,Ernakulam,Moped/Scooter/Motor Cycle,46352,43257,3095,0,0,0,3657,3393,264,15908,14598,1310,12988,12197,791,8264,7780,484,3054,2919,135,1552,1485,67,321,308,13,608,577,31,9.9816358,76.2998842
KERALA,Rural,Ernakulam,Car/Jeep/Van,8532,7277,1255,0,0,0,644,557,87,2136,1759,377,1917,1645,272,1544,1304,240,957,838,119,816,712,104,364,319,45,154,143,11,9.9816358,76.2998842
KERALA,Rural,Ernakulam,Tempo/Autorickshaw/Taxi,7579,7297,282,0,0,0,1239,1211,28,2935,2807,128,1367,1301,66,1086,1051,35,433,426,7,183,175,8,122,115,7,214,211,3,9.9816358,76.2998842
KERALA,Rural,Ernakulam,Bus,97670,65180,32490,0,0,0,1725,1133,592,21009,12694,8315,28254,18429,9825,21706,14250,7456,10881,7686,3195,9007,6962,2045,4165,3295,870,923,731,192,9.9816358,76.2998842
KERALA,Rural,Ernakulam,Train,3626,2759,867,0,0,0,62,45,17,107,74,33,100,74,26,146,110,36,308,241,67,851,681,170,1856,1399,457,196,135,61,9.9816358,76.2998842
KERALA,Rural,Ernakulam,Water transport,2328,2254,74,0,0,0,149,136,13,498,480,18,414,394,20,521,511,10,279,278,1,187,185,2,236,228,8,44,42,2,9.9816358,76.2998842
KERALA,Rural,Ernakulam,Any other,1019,883,136,0,0,0,93,86,7,155,139,16,115,112,3,73,68,5,50,44,6,75,66,9,144,127,17,314,241,73,9.9816358,76.2998842
KERALA,Rural,Ernakulam,No travel,70121,45162,24959,70121,45162,24959,0,0,0,0,0,0,0,0,0,0,0,0,0,0,0,0,0,0,0,0,0,0,0,0,9.9816358,76.2998842
KERALA,Urban,Ernakulam,All Modes,787363,584451,202912,144980,98442,46538,115244,79509,35735,203202,154861,48341,165042,126314,38728,91421,70112,21309,28389,22914,5475,13943,11307,2636,14117,11473,2644,11025,9519,1506,9.9816358,76.2998842
KERALA,Urban,Ernakulam,On foot,137033,86425,50608,0,0,0,83089,51459,31630,40259,25644,14615,13685,9322,4363,0,0,0,0,0,0,0,0,0,0,0,0,0,0,0,9.9816358,76.2998842
KERALA,Urban,Ernakulam,Bicycle,39283,38443,840,0,0,0,5885,5769,116,22647,22227,420,7236,7060,176,1634,1567,67,1881,1820,61,0,0,0,0,0,0,0,0,0,9.9816358,76.2998842
KERALA,Urban,Ernakulam,Moped/Scooter/Motor Cycle,144101,134084,10017,0,0,0,13023,11986,1037,52870,48598,4272,42472,39621,2851,24312,22910,1402,5927,5689,238,1986,1913,73,596,578,18,2915,2789,126,9.9816358,76.2998842
KERALA,Urban,Ernakulam,Car/Jeep/Van,41145,33894,7251,0,0,0,3217,2654,563,13457,10896,2561,11507,9394,2113,7360,6034,1326,2187,1867,320,1336,1176,160,1032,946,86,1049,927,122,9.9816358,76.2998842
KERALA,Urban,Ernakulam,Tempo/Autorickshaw/Taxi,17486,16281,1205,0,0,0,3223,3053,170,7202,6610,592,3417,3174,243,1505,1382,123,583,546,37,414,404,10,287,283,4,855,829,26,9.9816358,76.2998842
KERALA,Urban,Ernakulam,Bus,242138,159120,83018,0,0,0,5433,3338,2095,64462,38866,25596,84250,55556,28694,54725,36581,18144,16528,11904,4624,8301,6267,2034,4532,3642,890,3907,2966,941,9.9816358,76.2998842
KERALA,Urban,Ernakulam,Train,11673,8938,2735,0,0,0,233,173,60,333,233,100,462,338,124,632,465,167,778,600,178,1538,1191,347,6858,5263,1595,839,675,164,9.9816358,76.2998842
KERALA,Urban,Ernakulam,Water transport,6455,6094,361,0,0,0,712,683,29,1542,1414,128,1640,1520,120,1037,984,53,413,408,5,268,264,4,447,432,15,396,389,7,9.9816358,76.2998842
KERALA,Urban,Ernakulam,Any other,3069,2730,339,0,0,0,429,394,35,430,373,57,373,329,44,216,189,27,92,80,12,100,92,8,365,329,36,1064,944,120,9.9816358,76.2998842
KERALA,Urban,Ernakulam,No travel,144980,98442,46538,144980,98442,46538,0,0,0,0,0,0,0,0,0,0,0,0,0,0,0,0,0,0,0,0,0,0,0,0,9.9816358,76.2998842
RAJASTHAN,Total,Dausa,All Modes,200073,161889,38184,63892,42078,21814,25808,19767,6041,39449,33814,5635,23646,21357,2289,13415,12607,808,6388,6063,325,5691,5414,277,18106,17355,751,3678,3434,244,26.8996953,76.332411
RAJASTHAN,Total,Dausa,On foot,44800,33144,11656,0,0,0,20507,14853,5654,17634,13052,4582,6659,5239,1420,0,0,0,0,0,0,0,0,0,0,0,0,0,0,0,26.8996953,76.332411
RAJASTHAN,Total,Dausa,Bicycle,21808,21222,586,0,0,0,1478,1396,82,10121,9843,278,6530,6407,123,1718,1683,35,1961,1893,68,0,0,0,0,0,0,0,0,0,26.8996953,76.332411
RAJASTHAN,Total,Dausa,Moped/Scooter/Motor Cycle,21455,20713,742,0,0,0,2065,1984,81,7456,7193,263,4478,4320,158,3690,3569,121,1239,1202,37,838,825,13,667,641,26,1022,979,43,26.8996953,76.332411
RAJASTHAN,Total,Dausa,Car/Jeep/Van,5370,4894,476,0,0,0,269,237,32,734,653,81,1095,993,102,1705,1543,162,511,485,26,342,325,17,477,445,32,237,213,24,26.8996953,76.332411
RAJASTHAN,Total,Dausa,Tempo/Autorickshaw/Taxi,5001,4435,566,0,0,0,290,248,42,1354,1141,213,1649,1487,162,1127,1026,101,108,101,7,81,79,2,170,161,9,222,192,30,26.8996953,76.332411
RAJASTHAN,Total,Dausa,Bus,23246,21450,1796,0,0,0,743,636,107,1331,1169,162,2509,2211,298,4668,4299,369,2225,2048,177,3149,2947,202,7508,7126,382,1113,1014,99,26.8996953,76.332411
RAJASTHAN,Total,Dausa,Train,13067,12599,468,0,0,0,310,281,29,508,469,39,341,329,12,348,341,7,288,280,8,1207,1166,41,9100,8807,293,965,926,39,26.8996953,76.332411
RAJASTHAN,Total,Dausa,Water transport,107,89,18,0,0,0,27,19,8,7,6,1,11,7,4,2,2,0,5,5,0,6,6,0,27,26,1,22,18,4,26.8996953,76.332411
RAJASTHAN,Total,Dausa,Any other,1327,1265,62,0,0,0,119,113,6,304,288,16,374,364,10,157,144,13,51,49,2,68,66,2,157,149,8,97,92,5,26.8996953,76.332411
RAJASTHAN,Total,Dausa,No travel,63892,42078,21814,63892,42078,21814,0,0,0,0,0,0,0,0,0,0,0,0,0,0,0,0,0,0,0,0,0,0,0,0,26.8996953,76.332411
RAJASTHAN,Rural,Dausa,All Modes,150616,118869,31747,49402,30917,18485,16252,11189,5063,26335,21748,4587,19483,17699,1784,11718,11108,610,5240,5014,226,4698,4483,215,14761,14163,598,2727,2548,179,26.8996953,76.332411
RAJASTHAN,Rural,Dausa,On foot,30137,20241,9896,0,0,0,13322,8509,4813,12222,8278,3944,4593,3454,1139,0,0,0,0,0,0,0,0,0,0,0,0,0,0,0,26.8996953,76.332411
RAJASTHAN,Rural,Dausa,Bicycle,17659,17186,473,0,0,0,930,864,66,7526,7310,216,6011,5899,112,1589,1557,32,1603,1556,47,0,0,0,0,0,0,0,0,0,26.8996953,76.332411
RAJASTHAN,Rural,Dausa,Moped/Scooter/Motor Cycle,13680,13276,404,0,0,0,818,781,37,3808,3690,118,3506,3411,95,2883,2801,82,926,903,23,650,646,4,491,472,19,598,572,26,26.8996953,76.332411
RAJASTHAN,Rural,Dausa,Car/Jeep/Van,4551,4203,348,0,0,0,191,171,20,496,445,51,975,908,67,1581,1442,139,463,442,21,283,267,16,374,357,17,188,171,17,26.8996953,76.332411
RAJASTHAN,Rural,Dausa,Tempo/Autorickshaw/Taxi,3917,3540,377,0,0,0,145,125,20,731,634,97,1521,1384,137,1071,978,93,99,96,3,66,65,1,135,129,6,149,129,20,26.8996953,76.332411
RAJASTHAN,Rural,Dausa,Bus,19818,18474,1344,0,0,0,538,464,74,1035,917,118,2242,2030,212,4153,3905,248,1886,1762,124,2629,2472,157,6423,6087,336,912,837,75,26.8996953,76.332411
RAJASTHAN,Rural,Dausa,Train,10282,9928,354,0,0,0,201,179,22,308,278,30,281,270,11,292,287,5,215,209,6,1003,968,35,7194,6982,212,788,755,33,26.8996953,76.332411
RAJASTHAN,Rural,Dausa,Water transport,76,64,12,0,0,0,20,13,7,4,3,1,7,6,1,2,2,0,3,3,0,5,5,0,18,18,0,17,14,3,26.8996953,76.332411
RAJASTHAN,Rural,Dausa,Any other,1094,1040,54,0,0,0,87,83,4,205,193,12,347,337,10,147,136,11,45,43,2,62,60,2,126,118,8,75,70,5,26.8996953,76.332411
RAJASTHAN,Rural,Dausa,No travel,49402,30917,18485,49402,30917,18485,0,0,0,0,0,0,0,0,0,0,0,0,0,0,0,0,0,0,0,0,0,0,0,0,26.8996953,76.332411
RAJASTHAN,Urban,Dausa,All Modes,49457,43020,6437,14490,11161,3329,9556,8578,978,13114,12066,1048,4163,3658,505,1697,1499,198,1148,1049,99,993,931,62,3345,3192,153,951,886,65,26.8996953,76.332411
RAJASTHAN,Urban,Dausa,On foot,14663,12903,1760,0,0,0,7185,6344,841,5412,4774,638,2066,1785,281,0,0,0,0,0,0,0,0,0,0,0,0,0,0,0,26.8996953,76.332411
RAJASTHAN,Urban,Dausa,Bicycle,4149,4036,113,0,0,0,548,532,16,2595,2533,62,519,508,11,129,126,3,358,337,21,0,0,0,0,0,0,0,0,0,26.8996953,76.332411
RAJASTHAN,Urban,Dausa,Moped/Scooter/Motor Cycle,7775,7437,338,0,0,0,1247,1203,44,3648,3503,145,972,909,63,807,768,39,313,299,14,188,179,9,176,169,7,424,407,17,26.8996953,76.332411
RAJASTHAN,Urban,Dausa,Car/Jeep/Van,819,691,128,0,0,0,78,66,12,238,208,30,120,85,35,124,101,23,48,43,5,59,58,1,103,88,15,49,42,7,26.8996953,76.332411
RAJASTHAN,Urban,Dausa,Tempo/Autorickshaw/Taxi,1084,895,189,0,0,0,145,123,22,623,507,116,128,103,25,56,48,8,9,5,4,15,14,1,35,32,3,73,63,10,26.8996953,76.332411
RAJASTHAN,Urban,Dausa,Bus,3428,2976,452,0,0,0,205,172,33,296,252,44,267,181,86,515,394,121,339,286,53,520,475,45,1085,1039,46,201,177,24,26.8996953,76.332411
RAJASTHAN,Urban,Dausa,Train,2785,2671,114,0,0,0,109,102,7,200,191,9,60,59,1,56,54,2,73,71,2,204,198,6,1906,1825,81,177,171,6,26.8996953,76.332411
RAJASTHAN,Urban,Dausa,Water transport,31,25,6,0,0,0,7,6,1,3,3,0,4,1,3,0,0,0,2,2,0,1,1,0,9,8,1,5,4,1,26.8996953,76.332411
RAJASTHAN,Urban,Dausa,Any other,233,225,8,0,0,0,32,30,2,99,95,4,27,27,0,10,8,2,6,6,0,6,6,0,31,31,0,22,22,0,26.8996953,76.332411
RAJASTHAN,Urban,Dausa,No travel,14490,11161,3329,14490,11161,3329,0,0,0,0,0,0,0,0,0,0,0,0,0,0,0,0,0,0,0,0,0,0,0,0,26.8996953,76.332411
KERALA,Total,Alappuzha,All Modes,671663,456401,215262,205861,112879,92982,111202,69660,41542,148320,111133,37187,86886,65261,21625,40150,31036,9114,26767,22570,4197,20729,16933,3796,23294,19685,3609,8454,7244,1210,9.4980667,76.3388484
KERALA,Total,Alappuzha,On foot,146834,81652,65182,0,0,0,85747,46959,38788,41946,22709,19237,19141,11984,7157,0,0,0,0,0,0,0,0,0,0,0,0,0,0,0,9.4980667,76.3388484
KERALA,Total,Alappuzha,Bicycle,80477,78785,1692,0,0,0,11238,10978,260,44882,43947,935,15330,15037,293,3401,3319,82,5626,5504,122,0,0,0,0,0,0,0,0,0,9.4980667,76.3388484
KERALA,Total,Alappuzha,Moped/Scooter/Motor Cycle,70690,63099,7591,0,0,0,6973,6146,827,27553,23956,3597,17387,15559,1828,9605,8761,844,3801,3602,199,2204,2091,113,863,827,36,2304,2157,147,9.4980667,76.3388484
KERALA,Total,Alappuzha,Car/Jeep/Van,10474,8650,1824,0,0,0,1078,882,196,3043,2409,634,2001,1632,369,1424,1171,253,830,708,122,846,742,104,766,684,82,486,422,64,9.4980667,76.3388484
KERALA,Total,Alappuzha,Tempo/Autorickshaw/Taxi,9112,8572,540,0,0,0,1545,1489,56,3784,3491,293,1397,1301,96,679,646,33,501,479,22,335,317,18,280,272,8,591,577,14,9.4980667,76.3388484
KERALA,Total,Alappuzha,Bus,113023,73025,39998,0,0,0,2700,1513,1187,23575,11547,12028,29199,17651,11548,22845,15235,7610,13549,10195,3354,11632,9166,2466,7496,6324,1172,2027,1394,633,9.4980667,76.3388484
KERALA,Total,Alappuzha,Train,22500,17942,4558,0,0,0,411,291,120,495,335,160,510,370,140,696,471,225,1470,1120,350,4863,3784,1079,12729,10483,2246,1326,1088,238,9.4980667,76.3388484
KERALA,Total,Alappuzha,Water transport,10337,9671,666,0,0,0,1270,1182,88,2732,2471,261,1680,1505,175,1321,1261,60,930,907,23,753,743,10,869,841,28,782,761,21,9.4980667,76.3388484
KERALA,Total,Alappuzha,Any other,2355,2126,229,0,0,0,240,220,20,310,268,42,241,222,19,179,172,7,60,55,5,96,90,6,291,254,37,938,845,93,9.4980667,76.3388484
KERALA,Total,Alappuzha,No travel,205861,112879,92982,205861,112879,92982,0,0,0,0,0,0,0,0,0,0,0,0,0,0,0,0,0,0,0,0,0,0,0,0,9.4980667,76.3388484
KERALA,Rural,Alappuzha,All Modes,281586,187788,93798,90753,49337,41416,45660,27659,18001,55435,40277,15158,37462,27860,9602,18456,14231,4225,11009,9211,1798,8885,7295,1590,10102,8595,1507,3824,3323,501,9.4980667,76.3388484
KERALA,Rural,Alappuzha,On foot,66626,37333,29293,0,0,0,37464,20451,17013,19622,10785,8837,9540,6097,3443,0,0,0,0,0,0,0,0,0,0,0,0,0,0,0,9.4980667,76.3388484
KERALA,Rural,Alappuzha,Bicycle,26696,26036,660,0,0,0,3405,3303,102,14237,13886,351,5775,5650,125,1375,1344,31,1904,1853,51,0,0,0,0,0,0,0,0,0,9.4980667,76.3388484
KERALA,Rural,Alappuzha,Moped/Scooter/Motor Cycle,24346,21624,2722,0,0,0,1942,1691,251,8125,6974,1151,6462,5740,722,4221,3848,373,1615,1524,91,918,860,58,288,268,20,775,719,56,9.4980667,76.3388484
KERALA,Rural,Alappuzha,Car/Jeep/Van,3674,3101,573,0,0,0,318,262,56,886,731,155,751,627,124,593,491,102,295,259,36,337,293,44,294,261,33,200,177,23,9.4980667,76.3388484
KERALA,Rural,Alappuzha,Tempo/Autorickshaw/Taxi,3916,3700,216,0,0,0,570,558,12,1588,1484,104,594,555,39,325,302,23,263,249,14,156,143,13,164,159,5,256,250,6,9.4980667,76.3388484
KERALA,Rural,Alappuzha,Bus,48147,31735,16412,0,0,0,1098,632,466,8964,4677,4287,12952,7995,4957,10766,7209,3557,5706,4265,1441,4794,3793,1001,3003,2539,464,864,625,239,9.4980667,76.3388484
KERALA,Rural,Alappuzha,Train,9774,7816,1958,0,0,0,176,123,53,196,137,59,217,157,60,298,197,101,609,457,152,2100,1635,465,5524,4576,948,654,534,120,9.4980667,76.3388484
KERALA,Rural,Alappuzha,Water transport,6500,6070,430,0,0,0,581,541,40,1669,1479,190,1062,943,119,772,738,34,593,580,13,540,534,6,694,674,20,589,581,8,9.4980667,76.3388484
KERALA,Rural,Alappuzha,Any other,1154,1036,118,0,0,0,106,98,8,148,124,24,109,96,13,106,102,4,24,24,0,40,37,3,135,118,17,486,437,49,9.4980667,76.3388484
KERALA,Rural,Alappuzha,No travel,90753,49337,41416,90753,49337,41416,0,0,0,0,0,0,0,0,0,0,0,0,0,0,0,0,0,0,0,0,0,0,0,0,9.4980667,76.3388484
KERALA,Urban,Alappuzha,All Modes,390077,268613,121464,115108,63542,51566,65542,42001,23541,92885,70856,22029,49424,37401,12023,21694,16805,4889,15758,13359,2399,11844,9638,2206,13192,11090,2102,4630,3921,709,9.4980667,76.3388484
KERALA,Urban,Alappuzha,On foot,80208,44319,35889,0,0,0,48283,26508,21775,22324,11924,10400,9601,5887,3714,0,0,0,0,0,0,0,0,0,0,0,0,0,0,0,9.4980667,76.3388484
KERALA,Urban,Alappuzha,Bicycle,53781,52749,1032,0,0,0,7833,7675,158,30645,30061,584,9555,9387,168,2026,1975,51,3722,3651,71,0,0,0,0,0,0,0,0,0,9.4980667,76.3388484
KERALA,Urban,Alappuzha,Moped/Scooter/Motor Cycle,46344,41475,4869,0,0,0,5031,4455,576,19428,16982,2446,10925,9819,1106,5384,4913,471,2186,2078,108,1286,1231,55,575,559,16,1529,1438,91,9.4980667,76.3388484
KERALA,Urban,Alappuzha,Car/Jeep/Van,6800,5549,1251,0,0,0,760,620,140,2157,1678,479,1250,1005,245,831,680,151,535,449,86,509,449,60,472,423,49,286,245,41,9.4980667,76.3388484
KERALA,Urban,Alappuzha,Tempo/Autorickshaw/Taxi,5196,4872,324,0,0,0,975,931,44,2196,2007,189,803,746,57,354,344,10,238,230,8,179,174,5,116,113,3,335,327,8,9.4980667,76.3388484
KERALA,Urban,Alappuzha,Bus,64876,41290,23586,0,0,0,1602,881,721,14611,6870,7741,16247,9656,6591,12079,8026,4053,7843,5930,1913,6838,5373,1465,4493,3785,708,1163,769,394,9.4980667,76.3388484
KERALA,Urban,Alappuzha,Train,12726,10126,2600,0,0,0,235,168,67,299,198,101,293,213,80,398,274,124,861,663,198,2763,2149,614,7205,5907,1298,672,554,118,9.4980667,76.3388484
KERALA,Urban,Alappuzha,Water transport,3837,3601,236,0,0,0,689,641,48,1063,992,71,618,562,56,549,523,26,337,327,10,213,209,4,175,167,8,193,180,13,9.4980667,76.3388484
KERALA,Urban,Alappuzha,Any other,1201,1090,111,0,0,0,134,122,12,162,144,18,132,126,6,73,70,3,36,31,5,56,53,3,156,136,20,452,408,44,9.4980667,76.3388484
KERALA,Urban,Alappuzha,No travel,115108,63542,51566,115108,63542,51566,0,0,0,0,0,0,0,0,0,0,0,0,0,0,0,0,0,0,0,0,0,0,0,0,9.4980667,76.3388484
MADHYA PRADESH,Total,Khandwa (East Nimar),All Modes,117164,94298,22866,35610,25659,9951,23151,18306,4845,33072,28428,4644,11215,9554,1661,4848,4225,623,2550,2202,348,2512,2141,371,3274,2959,315,932,824,108,21.8222559,76.3524407
MADHYA PRADESH,Total,Khandwa (East Nimar),On foot,35632,27212,8420,0,0,0,17170,12845,4325,13624,10590,3034,4838,3777,1061,0,0,0,0,0,0,0,0,0,0,0,0,0,0,0,21.8222559,76.3524407
MADHYA PRADESH,Total,Khandwa (East Nimar),Bicycle,14553,14030,523,0,0,0,1954,1872,82,8991,8679,312,2168,2103,65,694,666,28,746,710,36,0,0,0,0,0,0,0,0,0,21.8222559,76.3524407
MADHYA PRADESH,Total,Khandwa (East Nimar),Moped/Scooter/Motor Cycle,17091,15680,1411,0,0,0,3321,3036,285,8138,7371,767,2022,1872,150,1565,1483,82,516,486,30,661,624,37,356,338,18,512,470,42,21.8222559,76.3524407
MADHYA PRADESH,Total,Khandwa (East Nimar),Car/Jeep/Van,1275,1142,133,0,0,0,189,164,25,294,246,48,143,120,23,205,191,14,79,76,3,170,163,7,159,151,8,36,31,5,21.8222559,76.3524407
MADHYA PRADESH,Total,Khandwa (East Nimar),Tempo/Autorickshaw/Taxi,2159,1684,475,0,0,0,157,103,54,807,534,273,568,492,76,367,325,42,71,65,6,65,58,7,47,42,5,77,65,12,21.8222559,76.3524407
MADHYA PRADESH,Total,Khandwa (East Nimar),Bus,7846,6243,1603,0,0,0,200,159,41,826,672,154,1225,954,271,1797,1366,431,988,745,243,1265,991,274,1357,1204,153,188,152,36,21.8222559,76.3524407
MADHYA PRADESH,Total,Khandwa (East Nimar),Train,2209,1948,261,0,0,0,79,62,17,125,109,16,75,67,8,154,134,20,118,92,26,298,256,42,1271,1146,125,89,82,7,21.8222559,76.3524407
MADHYA PRADESH,Total,Khandwa (East Nimar),Water transport,44,33,11,0,0,0,11,7,4,9,7,2,3,1,2,8,8,0,5,3,2,2,2,0,3,3,0,3,2,1,21.8222559,76.3524407
MADHYA PRADESH,Total,Khandwa (East Nimar),Any other,745,667,78,0,0,0,70,58,12,258,220,38,173,168,5,58,52,6,27,25,2,51,47,4,81,75,6,27,22,5,21.8222559,76.3524407
MADHYA PRADESH,Total,Khandwa (East Nimar),No travel,35610,25659,9951,35610,25659,9951,0,0,0,0,0,0,0,0,0,0,0,0,0,0,0,0,0,0,0,0,0,0,0,0,21.8222559,76.3524407
MADHYA PRADESH,Rural,Khandwa (East Nimar),All Modes,44574,34458,10116,19296,13254,6042,6403,4734,1669,7547,6397,1150,5198,4486,712,2669,2426,243,1120,1024,96,868,780,88,1138,1063,75,335,294,41,21.8222559,76.3524407
MADHYA PRADESH,Rural,Khandwa (East Nimar),On foot,10620,7658,2962,0,0,0,5311,3718,1593,3413,2517,896,1896,1423,473,0,0,0,0,0,0,0,0,0,0,0,0,0,0,0,21.8222559,76.3524407
MADHYA PRADESH,Rural,Khandwa (East Nimar),Bicycle,4247,4094,153,0,0,0,348,328,20,1983,1926,57,1149,1108,41,499,476,23,268,256,12,0,0,0,0,0,0,0,0,0,21.8222559,76.3524407
MADHYA PRADESH,Rural,Khandwa (East Nimar),Moped/Scooter/Motor Cycle,4047,3817,230,0,0,0,488,465,23,1194,1119,75,900,849,51,796,760,36,218,208,10,195,182,13,89,80,9,167,154,13,21.8222559,76.3524407
MADHYA PRADESH,Rural,Khandwa (East Nimar),Car/Jeep/Van,446,412,34,0,0,0,53,47,6,78,71,7,51,46,5,106,99,7,48,45,3,45,43,2,54,52,2,11,9,2,21.8222559,76.3524407
MADHYA PRADESH,Rural,Khandwa (East Nimar),Tempo/Autorickshaw/Taxi,797,725,72,0,0,0,28,28,0,152,128,24,325,308,17,198,177,21,39,36,3,23,21,2,22,20,2,10,7,3,21.8222559,76.3524407
MADHYA PRADESH,Rural,Khandwa (East Nimar),Bus,3994,3507,487,0,0,0,116,105,11,549,490,59,766,649,117,920,779,141,461,413,48,493,437,56,585,547,38,104,87,17,21.8222559,76.3524407
MADHYA PRADESH,Rural,Khandwa (East Nimar),Train,694,624,70,0,0,0,20,15,5,29,26,3,31,28,3,102,93,9,63,45,18,73,62,11,350,330,20,26,25,1,21.8222559,76.3524407
MADHYA PRADESH,Rural,Khandwa (East Nimar),Water transport,23,19,4,0,0,0,3,2,1,1,1,0,2,0,2,8,8,0,3,2,1,2,2,0,2,2,0,2,2,0,21.8222559,76.3524407
MADHYA PRADESH,Rural,Khandwa (East Nimar),Any other,410,348,62,0,0,0,36,26,10,148,119,29,78,75,3,40,34,6,20,19,1,37,33,4,36,32,4,15,10,5,21.8222559,76.3524407
MADHYA PRADESH,Rural,Khandwa (East Nimar),No travel,19296,13254,6042,19296,13254,6042,0,0,0,0,0,0,0,0,0,0,0,0,0,0,0,0,0,0,0,0,0,0,0,0,21.8222559,76.3524407
MADHYA PRADESH,Urban,Khandwa (East Nimar),All Modes,72590,59840,12750,16314,12405,3909,16748,13572,3176,25525,22031,3494,6017,5068,949,2179,1799,380,1430,1178,252,1644,1361,283,2136,1896,240,597,530,67,21.8222559,76.3524407
MADHYA PRADESH,Urban,Khandwa (East Nimar),On foot,25012,19554,5458,0,0,0,11859,9127,2732,10211,8073,2138,2942,2354,588,0,0,0,0,0,0,0,0,0,0,0,0,0,0,0,21.8222559,76.3524407
MADHYA PRADESH,Urban,Khandwa (East Nimar),Bicycle,10306,9936,370,0,0,0,1606,1544,62,7008,6753,255,1019,995,24,195,190,5,478,454,24,0,0,0,0,0,0,0,0,0,21.8222559,76.3524407
MADHYA PRADESH,Urban,Khandwa (East Nimar),Moped/Scooter/Motor Cycle,13044,11863,1181,0,0,0,2833,2571,262,6944,6252,692,1122,1023,99,769,723,46,298,278,20,466,442,24,267,258,9,345,316,29,21.8222559,76.3524407
MADHYA PRADESH,Urban,Khandwa (East Nimar),Car/Jeep/Van,829,730,99,0,0,0,136,117,19,216,175,41,92,74,18,99,92,7,31,31,0,125,120,5,105,99,6,25,22,3,21.8222559,76.3524407
MADHYA PRADESH,Urban,Khandwa (East Nimar),Tempo/Autorickshaw/Taxi,1362,959,403,0,0,0,129,75,54,655,406,249,243,184,59,169,148,21,32,29,3,42,37,5,25,22,3,67,58,9,21.8222559,76.3524407
MADHYA PRADESH,Urban,Khandwa (East Nimar),Bus,3852,2736,1116,0,0,0,84,54,30,277,182,95,459,305,154,877,587,290,527,332,195,772,554,218,772,657,115,84,65,19,21.8222559,76.3524407
MADHYA PRADESH,Urban,Khandwa (East Nimar),Train,1515,1324,191,0,0,0,59,47,12,96,83,13,44,39,5,52,41,11,55,47,8,225,194,31,921,816,105,63,57,6,21.8222559,76.3524407
MADHYA PRADESH,Urban,Khandwa (East Nimar),Water transport,21,14,7,0,0,0,8,5,3,8,6,2,1,1,0,0,0,0,2,1,1,0,0,0,1,1,0,1,0,1,21.8222559,76.3524407
MADHYA PRADESH,Urban,Khandwa (East Nimar),Any other,335,319,16,0,0,0,34,32,2,110,101,9,95,93,2,18,18,0,7,6,1,14,14,0,45,43,2,12,12,0,21.8222559,76.3524407
MADHYA PRADESH,Urban,Khandwa (East Nimar),No travel,16314,12405,3909,16314,12405,3909,0,0,0,0,0,0,0,0,0,0,0,0,0,0,0,0,0,0,0,0,0,0,0,0,21.8222559,76.3524407
RAJASTHAN,Total,Sawai Madhopur,All Modes,163836,134026,29810,55535,39572,15963,29732,24088,5644,35782,30837,4945,17407,15810,1597,7130,6602,528,5228,4914,314,3117,2933,184,8666,8122,544,1239,1148,91,26.0150758,76.3530979
RAJASTHAN,Total,Sawai Madhopur,On foot,45880,35869,10011,0,0,0,23789,18548,5241,16850,12932,3918,5241,4389,852,0,0,0,0,0,0,0,0,0,0,0,0,0,0,0,26.0150758,76.3530979
RAJASTHAN,Total,Sawai Madhopur,Bicycle,17217,16806,411,0,0,0,1896,1823,73,9051,8854,197,4245,4165,80,1128,1097,31,897,867,30,0,0,0,0,0,0,0,0,0,26.0150758,76.3530979
RAJASTHAN,Total,Sawai Madhopur,Moped/Scooter/Motor Cycle,17574,16750,824,0,0,0,2525,2405,120,6143,5839,304,3524,3334,190,2447,2335,112,1272,1225,47,912,889,23,464,452,12,287,271,16,26.0150758,76.3530979
RAJASTHAN,Total,Sawai Madhopur,Car/Jeep/Van,2317,2119,198,0,0,0,215,193,22,394,348,46,493,452,41,517,465,52,289,275,14,145,137,8,203,194,9,61,55,6,26.0150758,76.3530979
RAJASTHAN,Total,Sawai Madhopur,Tempo/Autorickshaw/Taxi,2335,2011,324,0,0,0,220,180,40,738,631,107,730,644,86,367,326,41,82,64,18,37,30,7,95,84,11,66,52,14,26.0150758,76.3530979
RAJASTHAN,Total,Sawai Madhopur,Bus,13723,12169,1554,0,0,0,556,461,95,1920,1604,316,2719,2396,323,2238,1967,271,2144,1968,176,1395,1285,110,2459,2225,234,292,263,29,26.0150758,76.3530979
RAJASTHAN,Total,Sawai Madhopur,Train,8034,7577,457,0,0,0,393,353,40,349,319,30,252,237,15,314,304,10,495,467,28,572,536,36,5200,4925,275,459,436,23,26.0150758,76.3530979
RAJASTHAN,Total,Sawai Madhopur,Water transport,65,57,8,0,0,0,23,16,7,9,9,0,3,2,1,5,5,0,6,6,0,1,1,0,12,12,0,6,6,0,26.0150758,76.3530979
RAJASTHAN,Total,Sawai Madhopur,Any other,1156,1096,60,0,0,0,115,109,6,328,301,27,200,191,9,114,103,11,43,42,1,55,55,0,233,230,3,68,65,3,26.0150758,76.3530979
RAJASTHAN,Total,Sawai Madhopur,No travel,55535,39572,15963,55535,39572,15963,0,0,0,0,0,0,0,0,0,0,0,0,0,0,0,0,0,0,0,0,0,0,0,0,26.0150758,76.3530979
RAJASTHAN,Rural,Sawai Madhopur,All Modes,93812,74092,19720,35004,24051,10953,13787,10039,3748,15838,12877,2961,10564,9603,961,5656,5340,316,3888,3693,195,2084,1971,113,6193,5779,414,798,739,59,26.0150758,76.3530979
RAJASTHAN,Rural,Sawai Madhopur,On foot,23351,16660,6691,0,0,0,12114,8537,3577,8537,5980,2557,2700,2143,557,0,0,0,0,0,0,0,0,0,0,0,0,0,0,0,26.0150758,76.3530979
RAJASTHAN,Rural,Sawai Madhopur,Bicycle,9654,9411,243,0,0,0,527,499,28,4274,4163,111,3298,3242,56,1016,990,26,539,517,22,0,0,0,0,0,0,0,0,0,26.0150758,76.3530979
RAJASTHAN,Rural,Sawai Madhopur,Moped/Scooter/Motor Cycle,7644,7322,322,0,0,0,437,407,30,1661,1567,94,1940,1854,86,1743,1689,54,851,829,22,593,578,15,284,275,9,135,123,12,26.0150758,76.3530979
RAJASTHAN,Rural,Sawai Madhopur,Car/Jeep/Van,1499,1389,110,0,0,0,100,87,13,151,133,18,333,303,30,415,386,29,244,238,6,103,98,5,113,108,5,40,36,4,26.0150758,76.3530979
RAJASTHAN,Rural,Sawai Madhopur,Tempo/Autorickshaw/Taxi,1411,1223,188,0,0,0,76,53,23,244,222,22,546,480,66,347,309,38,68,52,16,29,24,5,59,51,8,42,32,10,26.0150758,76.3530979
RAJASTHAN,Rural,Sawai Madhopur,Bus,9002,8163,839,0,0,0,238,194,44,697,576,121,1479,1334,145,1810,1659,151,1732,1627,105,945,882,63,1901,1709,192,200,182,18,26.0150758,76.3530979
RAJASTHAN,Rural,Sawai Madhopur,Train,5480,5163,317,0,0,0,231,205,26,117,102,15,139,128,11,229,222,7,413,390,23,372,347,25,3634,3437,197,345,332,13,26.0150758,76.3530979
RAJASTHAN,Rural,Sawai Madhopur,Water transport,44,38,6,0,0,0,17,12,5,3,3,0,3,2,1,4,4,0,5,5,0,1,1,0,8,8,0,3,3,0,26.0150758,76.3530979
RAJASTHAN,Rural,Sawai Madhopur,Any other,723,672,51,0,0,0,47,45,2,154,131,23,126,117,9,92,81,11,36,35,1,41,41,0,194,191,3,33,31,2,26.0150758,76.3530979
RAJASTHAN,Rural,Sawai Madhopur,No travel,35004,24051,10953,35004,24051,10953,0,0,0,0,0,0,0,0,0,0,0,0,0,0,0,0,0,0,0,0,0,0,0,0,26.0150758,76.3530979
RAJASTHAN,Urban,Sawai Madhopur,All Modes,70024,59934,10090,20531,15521,5010,15945,14049,1896,19944,17960,1984,6843,6207,636,1474,1262,212,1340,1221,119,1033,962,71,2473,2343,130,441,409,32,26.0150758,76.3530979
RAJASTHAN,Urban,Sawai Madhopur,On foot,22529,19209,3320,0,0,0,11675,10011,1664,8313,6952,1361,2541,2246,295,0,0,0,0,0,0,0,0,0,0,0,0,0,0,0,26.0150758,76.3530979
RAJASTHAN,Urban,Sawai Madhopur,Bicycle,7563,7395,168,0,0,0,1369,1324,45,4777,4691,86,947,923,24,112,107,5,358,350,8,0,0,0,0,0,0,0,0,0,26.0150758,76.3530979
RAJASTHAN,Urban,Sawai Madhopur,Moped/Scooter/Motor Cycle,9930,9428,502,0,0,0,2088,1998,90,4482,4272,210,1584,1480,104,704,646,58,421,396,25,319,311,8,180,177,3,152,148,4,26.0150758,76.3530979
RAJASTHAN,Urban,Sawai Madhopur,Car/Jeep/Van,818,730,88,0,0,0,115,106,9,243,215,28,160,149,11,102,79,23,45,37,8,42,39,3,90,86,4,21,19,2,26.0150758,76.3530979
RAJASTHAN,Urban,Sawai Madhopur,Tempo/Autorickshaw/Taxi,924,788,136,0,0,0,144,127,17,494,409,85,184,164,20,20,17,3,14,12,2,8,6,2,36,33,3,24,20,4,26.0150758,76.3530979
RAJASTHAN,Urban,Sawai Madhopur,Bus,4721,4006,715,0,0,0,318,267,51,1223,1028,195,1240,1062,178,428,308,120,412,341,71,450,403,47,558,516,42,92,81,11,26.0150758,76.3530979
RAJASTHAN,Urban,Sawai Madhopur,Train,2554,2414,140,0,0,0,162,148,14,232,217,15,113,109,4,85,82,3,82,77,5,200,189,11,1566,1488,78,114,104,10,26.0150758,76.3530979
RAJASTHAN,Urban,Sawai Madhopur,Water transport,21,19,2,0,0,0,6,4,2,6,6,0,0,0,0,1,1,0,1,1,0,0,0,0,4,4,0,3,3,0,26.0150758,76.3530979
RAJASTHAN,Urban,Sawai Madhopur,Any other,433,424,9,0,0,0,68,64,4,174,170,4,74,74,0,22,22,0,7,7,0,14,14,0,39,39,0,35,34,1,26.0150758,76.3530979
RAJASTHAN,Urban,Sawai Madhopur,No travel,20531,15521,5010,20531,15521,5010,0,0,0,0,0,0,0,0,0,0,0,0,0,0,0,0,0,0,0,0,0,0,0,0,26.0150758,76.3530979
PUNJAB,Total,Patiala,All Modes,434315,354296,80019,120861,85345,35516,60374,48615,11759,105096,90203,14893,67686,59119,8567,32583,29498,3085,19452,17234,2218,8875,7413,1462,11033,9663,1370,8355,7206,1149,30.3397809,76.3868797
PUNJAB,Total,Patiala,On foot,62279,45647,16632,0,0,0,33186,23945,9241,15432,11232,4200,13661,10470,3191,0,0,0,0,0,0,0,0,0,0,0,0,0,0,0,30.3397809,76.3868797
PUNJAB,Total,Patiala,Bicycle,97073,92856,4217,0,0,0,11065,10451,614,40778,38553,2225,24734,24011,723,12284,12018,266,8212,7823,389,0,0,0,0,0,0,0,0,0,30.3397809,76.3868797
PUNJAB,Total,Patiala,Moped/Scooter/Motor Cycle,88416,78180,10236,0,0,0,13047,11798,1249,37179,31928,5251,18402,16226,2176,10023,9305,718,3044,2856,188,1648,1548,100,691,643,48,4382,3876,506,30.3397809,76.3868797
PUNJAB,Total,Patiala,Car/Jeep/Van,13781,11360,2421,0,0,0,1200,971,229,4505,3684,821,2624,2134,490,1447,1171,276,1032,841,191,945,789,156,1275,1140,135,753,630,123,30.3397809,76.3868797
PUNJAB,Total,Patiala,Tempo/Autorickshaw/Taxi,9074,6486,2588,0,0,0,655,461,194,3018,1734,1284,2528,1869,659,1301,1061,240,405,352,53,366,338,28,278,259,19,523,412,111,30.3397809,76.3868797
PUNJAB,Total,Patiala,Bus,33386,25641,7745,0,0,0,619,443,176,2500,1543,957,4409,3158,1251,6634,5104,1530,6055,4711,1344,5345,4207,1138,6312,5279,1033,1512,1196,316,30.3397809,76.3868797
PUNJAB,Total,Patiala,Train,3908,3554,354,0,0,0,160,128,32,350,306,44,287,255,32,334,309,25,466,419,47,282,259,23,1457,1363,94,572,515,57,30.3397809,76.3868797
PUNJAB,Total,Patiala,Water transport,304,256,48,0,0,0,34,29,5,44,37,7,48,40,8,29,23,6,15,13,2,25,21,4,41,39,2,68,54,14,30.3397809,76.3868797
PUNJAB,Total,Patiala,Any other,5233,4971,262,0,0,0,408,389,19,1290,1186,104,993,956,37,531,507,24,223,219,4,264,251,13,979,940,39,545,523,22,30.3397809,76.3868797
PUNJAB,Total,Patiala,No travel,120861,85345,35516,120861,85345,35516,0,0,0,0,0,0,0,0,0,0,0,0,0,0,0,0,0,0,0,0,0,0,0,0,30.3397809,76.3868797
PUNJAB,Rural,Patiala,All Modes,181989,149894,32095,57519,38146,19373,17814,13326,4488,30411,27274,3137,33940,31176,2764,22789,21697,1092,9432,8933,499,3602,3327,275,4003,3773,230,2479,2242,237,30.3397809,76.3868797
PUNJAB,Rural,Patiala,On foot,23354,16299,7055,0,0,0,12666,8535,4131,4968,3484,1484,5720,4280,1440,0,0,0,0,0,0,0,0,0,0,0,0,0,0,0,30.3397809,76.3868797
PUNJAB,Rural,Patiala,Bicycle,50644,49112,1532,0,0,0,3081,2924,157,16514,15846,668,16459,16095,364,10278,10079,199,4312,4168,144,0,0,0,0,0,0,0,0,0,30.3397809,76.3868797
PUNJAB,Rural,Patiala,Moped/Scooter/Motor Cycle,25850,24532,1318,0,0,0,1370,1269,101,6297,5848,449,7394,7057,337,6655,6411,244,1944,1876,68,930,905,25,297,286,11,963,880,83,30.3397809,76.3868797
PUNJAB,Rural,Patiala,Car/Jeep/Van,2318,1978,340,0,0,0,112,86,26,502,387,115,497,432,65,462,410,52,204,187,17,184,162,22,216,199,17,141,115,26,30.3397809,76.3868797
PUNJAB,Rural,Patiala,Tempo/Autorickshaw/Taxi,3350,2914,436,0,0,0,137,123,14,620,488,132,1043,875,168,804,718,86,227,217,10,228,225,3,143,137,6,148,131,17,30.3397809,76.3868797
PUNJAB,Rural,Patiala,Bus,14039,12176,1863,0,0,0,228,185,43,914,659,255,2156,1781,375,4020,3524,496,2428,2181,247,1966,1750,216,1759,1613,146,568,483,85,30.3397809,76.3868797
PUNJAB,Rural,Patiala,Train,1957,1870,87,0,0,0,55,44,11,135,126,9,166,161,5,235,228,7,155,146,9,105,101,4,779,756,23,327,308,19,30.3397809,76.3868797
PUNJAB,Rural,Patiala,Water transport,131,118,13,0,0,0,13,12,1,16,12,4,27,25,2,19,18,1,8,7,1,11,11,0,17,17,0,20,16,4,30.3397809,76.3868797
PUNJAB,Rural,Patiala,Any other,2827,2749,78,0,0,0,152,148,4,445,424,21,478,470,8,316,309,7,154,151,3,178,173,5,792,765,27,312,309,3,30.3397809,76.3868797
PUNJAB,Rural,Patiala,No travel,57519,38146,19373,57519,38146,19373,0,0,0,0,0,0,0,0,0,0,0,0,0,0,0,0,0,0,0,0,0,0,0,0,30.3397809,76.3868797
PUNJAB,Urban,Patiala,All Modes,252326,204402,47924,63342,47199,16143,42560,35289,7271,74685,62929,11756,33746,27943,5803,9794,7801,1993,10020,8301,1719,5273,4086,1187,7030,5890,1140,5876,4964,912,30.3397809,76.3868797
PUNJAB,Urban,Patiala,On foot,38925,29348,9577,0,0,0,20520,15410,5110,10464,7748,2716,7941,6190,1751,0,0,0,0,0,0,0,0,0,0,0,0,0,0,0,30.3397809,76.3868797
PUNJAB,Urban,Patiala,Bicycle,46429,43744,2685,0,0,0,7984,7527,457,24264,22707,1557,8275,7916,359,2006,1939,67,3900,3655,245,0,0,0,0,0,0,0,0,0,30.3397809,76.3868797
PUNJAB,Urban,Patiala,Moped/Scooter/Motor Cycle,62566,53648,8918,0,0,0,11677,10529,1148,30882,26080,4802,11008,9169,1839,3368,2894,474,1100,980,120,718,643,75,394,357,37,3419,2996,423,30.3397809,76.3868797
PUNJAB,Urban,Patiala,Car/Jeep/Van,11463,9382,2081,0,0,0,1088,885,203,4003,3297,706,2127,1702,425,985,761,224,828,654,174,761,627,134,1059,941,118,612,515,97,30.3397809,76.3868797
PUNJAB,Urban,Patiala,Tempo/Autorickshaw/Taxi,5724,3572,2152,0,0,0,518,338,180,2398,1246,1152,1485,994,491,497,343,154,178,135,43,138,113,25,135,122,13,375,281,94,30.3397809,76.3868797
PUNJAB,Urban,Patiala,Bus,19347,13465,5882,0,0,0,391,258,133,1586,884,702,2253,1377,876,2614,1580,1034,3627,2530,1097,3379,2457,922,4553,3666,887,944,713,231,30.3397809,76.3868797
PUNJAB,Urban,Patiala,Train,1951,1684,267,0,0,0,105,84,21,215,180,35,121,94,27,99,81,18,311,273,38,177,158,19,678,607,71,245,207,38,30.3397809,76.3868797
PUNJAB,Urban,Patiala,Water transport,173,138,35,0,0,0,21,17,4,28,25,3,21,15,6,10,5,5,7,6,1,14,10,4,24,22,2,48,38,10,30.3397809,76.3868797
PUNJAB,Urban,Patiala,Any other,2406,2222,184,0,0,0,256,241,15,845,762,83,515,486,29,215,198,17,69,68,1,86,78,8,187,175,12,233,214,19,30.3397809,76.3868797
PUNJAB,Urban,Patiala,No travel,63342,47199,16143,63342,47199,16143,0,0,0,0,0,0,0,0,0,0,0,0,0,0,0,0,0,0,0,0,0,0,0,0,30.3397809,76.3868797
PUNJAB,Total,Fatehgarh Sahib,All Modes,141101,115986,25115,40629,26058,14571,21488,17456,4032,34909,32113,2796,21596,19720,1876,10778,10085,693,4942,4545,397,3212,2815,397,2076,1864,212,1471,1330,141,30.6435345,76.39703
PUNJAB,Total,Fatehgarh Sahib,On foot,22955,17763,5192,0,0,0,13640,10109,3531,5624,4650,974,3691,3004,687,0,0,0,0,0,0,0,0,0,0,0,0,0,0,0,30.6435345,76.39703
PUNJAB,Total,Fatehgarh Sahib,Bicycle,36343,35441,902,0,0,0,3598,3450,148,17003,16547,456,9062,8897,165,4493,4422,71,2187,2125,62,0,0,0,0,0,0,0,0,0,30.6435345,76.39703
PUNJAB,Total,Fatehgarh Sahib,Moped/Scooter/Motor Cycle,24627,23030,1597,0,0,0,3428,3222,206,9411,8716,695,5563,5167,396,3466,3306,160,1072,1030,42,642,615,27,244,221,23,801,753,48,30.6435345,76.39703
PUNJAB,Total,Fatehgarh Sahib,Car/Jeep/Van,3330,2903,427,0,0,0,361,315,46,1222,1071,151,620,531,89,383,334,49,189,162,27,253,217,36,178,155,23,124,118,6,30.6435345,76.39703
PUNJAB,Total,Fatehgarh Sahib,Tempo/Autorickshaw/Taxi,1420,1167,253,0,0,0,125,101,24,486,344,142,366,315,51,161,152,9,65,60,5,71,64,7,62,59,3,84,72,12,30.6435345,76.39703
PUNJAB,Total,Fatehgarh Sahib,Bus,9758,7737,2021,0,0,0,161,111,50,778,431,347,1994,1524,470,2121,1731,390,1320,1064,256,2056,1743,313,1036,905,131,292,228,64,30.6435345,76.39703
PUNJAB,Total,Fatehgarh Sahib,Train,833,757,76,0,0,0,77,61,16,66,56,10,61,52,9,38,36,2,43,41,2,108,98,10,356,336,20,84,77,7,30.6435345,76.39703
PUNJAB,Total,Fatehgarh Sahib,Water transport,108,94,14,0,0,0,13,8,5,27,23,4,15,14,1,16,15,1,7,7,0,7,6,1,14,13,1,9,8,1,30.6435345,76.39703
PUNJAB,Total,Fatehgarh Sahib,Any other,1098,1036,62,0,0,0,85,79,6,292,275,17,224,216,8,100,89,11,59,56,3,75,72,3,186,175,11,77,74,3,30.6435345,76.39703
PUNJAB,Total,Fatehgarh Sahib,No travel,40629,26058,14571,40629,26058,14571,0,0,0,0,0,0,0,0,0,0,0,0,0,0,0,0,0,0,0,0,0,0,0,0,30.6435345,76.39703
PUNJAB,Rural,Fatehgarh Sahib,All Modes,80070,62775,17295,28386,16842,11544,7684,5259,2425,14499,13318,1181,13488,12452,1036,8653,8213,440,3506,3246,260,2003,1776,227,1147,1040,107,704,629,75,30.6435345,76.39703
PUNJAB,Rural,Fatehgarh Sahib,On foot,9354,6286,3068,0,0,0,5871,3611,2260,1859,1455,404,1624,1220,404,0,0,0,0,0,0,0,0,0,0,0,0,0,0,0,30.6435345,76.39703
PUNJAB,Rural,Fatehgarh Sahib,Bicycle,22022,21462,560,0,0,0,1223,1142,81,8601,8359,242,6809,6682,127,3997,3929,68,1392,1350,42,0,0,0,0,0,0,0,0,0,30.6435345,76.39703
PUNJAB,Rural,Fatehgarh Sahib,Moped/Scooter/Motor Cycle,11528,10805,723,0,0,0,376,342,34,3087,2809,278,3488,3253,235,2723,2628,95,870,842,28,499,486,13,141,127,14,344,318,26,30.6435345,76.39703
PUNJAB,Rural,Fatehgarh Sahib,Car/Jeep/Van,1065,888,177,0,0,0,46,33,13,251,199,52,241,203,38,198,166,32,118,96,22,103,93,10,62,55,7,46,43,3,30.6435345,76.39703
PUNJAB,Rural,Fatehgarh Sahib,Tempo/Autorickshaw/Taxi,684,601,83,0,0,0,23,22,1,159,124,35,218,190,28,116,110,6,52,49,3,58,54,4,21,20,1,37,32,5,30.6435345,76.39703
PUNJAB,Rural,Fatehgarh Sahib,Bus,5935,4859,1076,0,0,0,79,58,21,359,205,154,910,710,200,1514,1285,229,1003,839,164,1254,1061,193,631,554,77,185,147,38,30.6435345,76.39703
PUNJAB,Rural,Fatehgarh Sahib,Train,363,333,30,0,0,0,30,18,12,20,15,5,33,31,2,24,22,2,21,20,1,34,30,4,162,160,2,39,37,2,30.6435345,76.39703
PUNJAB,Rural,Fatehgarh Sahib,Water transport,58,51,7,0,0,0,6,3,3,15,12,3,8,8,0,11,11,0,5,5,0,4,3,1,4,4,0,5,5,0,30.6435345,76.39703
PUNJAB,Rural,Fatehgarh Sahib,Any other,675,648,27,0,0,0,30,30,0,148,140,8,157,155,2,70,62,8,45,45,0,51,49,2,126,120,6,48,47,1,30.6435345,76.39703
PUNJAB,Rural,Fatehgarh Sahib,No travel,28386,16842,11544,28386,16842,11544,0,0,0,0,0,0,0,0,0,0,0,0,0,0,0,0,0,0,0,0,0,0,0,0,30.6435345,76.39703
PUNJAB,Urban,Fatehgarh Sahib,All Modes,61031,53211,7820,12243,9216,3027,13804,12197,1607,20410,18795,1615,8108,7268,840,2125,1872,253,1436,1299,137,1209,1039,170,929,824,105,767,701,66,30.6435345,76.39703
PUNJAB,Urban,Fatehgarh Sahib,On foot,13601,11477,2124,0,0,0,7769,6498,1271,3765,3195,570,2067,1784,283,0,0,0,0,0,0,0,0,0,0,0,0,0,0,0,30.6435345,76.39703
PUNJAB,Urban,Fatehgarh Sahib,Bicycle,14321,13979,342,0,0,0,2375,2308,67,8402,8188,214,2253,2215,38,496,493,3,795,775,20,0,0,0,0,0,0,0,0,0,30.6435345,76.39703
PUNJAB,Urban,Fatehgarh Sahib,Moped/Scooter/Motor Cycle,13099,12225,874,0,0,0,3052,2880,172,6324,5907,417,2075,1914,161,743,678,65,202,188,14,143,129,14,103,94,9,457,435,22,30.6435345,76.39703
PUNJAB,Urban,Fatehgarh Sahib,Car/Jeep/Van,2265,2015,250,0,0,0,315,282,33,971,872,99,379,328,51,185,168,17,71,66,5,150,124,26,116,100,16,78,75,3,30.6435345,76.39703
PUNJAB,Urban,Fatehgarh Sahib,Tempo/Autorickshaw/Taxi,736,566,170,0,0,0,102,79,23,327,220,107,148,125,23,45,42,3,13,11,2,13,10,3,41,39,2,47,40,7,30.6435345,76.39703
PUNJAB,Urban,Fatehgarh Sahib,Bus,3823,2878,945,0,0,0,82,53,29,419,226,193,1084,814,270,607,446,161,317,225,92,802,682,120,405,351,54,107,81,26,30.6435345,76.39703
PUNJAB,Urban,Fatehgarh Sahib,Train,470,424,46,0,0,0,47,43,4,46,41,5,28,21,7,14,14,0,22,21,1,74,68,6,194,176,18,45,40,5,30.6435345,76.39703
PUNJAB,Urban,Fatehgarh Sahib,Water transport,50,43,7,0,0,0,7,5,2,12,11,1,7,6,1,5,4,1,2,2,0,3,3,0,10,9,1,4,3,1,30.6435345,76.39703
PUNJAB,Urban,Fatehgarh Sahib,Any other,423,388,35,0,0,0,55,49,6,144,135,9,67,61,6,30,27,3,14,11,3,24,23,1,60,55,5,29,27,2,30.6435345,76.39703
PUNJAB,Urban,Fatehgarh Sahib,No travel,12243,9216,3027,12243,9216,3027,0,0,0,0,0,0,0,0,0,0,0,0,0,0,0,0,0,0,0,0,0,0,0,0,30.6435345,76.39703
KARNATAKA,Total,Chitradurga,All Modes,249770,175200,74570,105459,63087,42372,39141,28012,11129,45161,35025,10136,24623,19208,5415,13180,11079,2101,7396,6233,1163,6258,5333,925,7320,6176,1144,1232,1047,185,14.2250932,76.3980464
KARNATAKA,Total,Chitradurga,On foot,65500,45698,19802,0,0,0,31069,21040,10029,23476,16779,6697,10955,7879,3076,0,0,0,0,0,0,0,0,0,0,0,0,0,0,0,14.2250932,76.3980464
KARNATAKA,Total,Chitradurga,Bicycle,7823,7239,584,0,0,0,1426,1283,143,3868,3618,250,1182,1116,66,571,543,28,776,679,97,0,0,0,0,0,0,0,0,0,14.2250932,76.3980464
KARNATAKA,Total,Chitradurga,Moped/Scooter/Motor Cycle,16899,15744,1155,0,0,0,3913,3643,270,6938,6378,560,2415,2259,156,1793,1716,77,660,641,19,478,453,25,293,278,15,409,376,33,14.2250932,76.3980464
KARNATAKA,Total,Chitradurga,Car/Jeep/Van,2773,2458,315,0,0,0,399,330,69,773,661,112,358,320,38,308,289,19,242,220,22,238,219,19,370,346,24,85,73,12,14.2250932,76.3980464
KARNATAKA,Total,Chitradurga,Tempo/Autorickshaw/Taxi,12791,10375,2416,0,0,0,794,602,192,5612,4295,1317,3287,2720,567,1418,1260,158,470,431,39,540,464,76,432,406,26,238,197,41,14.2250932,76.3980464
KARNATAKA,Total,Chitradurga,Bus,35922,28362,7560,0,0,0,1180,829,351,3827,2741,1086,6151,4665,1486,8834,7043,1791,5112,4139,973,4793,4011,782,5658,4635,1023,367,299,68,14.2250932,76.3980464
KARNATAKA,Total,Chitradurga,Train,1123,929,194,0,0,0,148,106,42,225,184,41,105,93,12,101,83,18,62,55,7,114,98,16,322,276,46,46,34,12,14.2250932,76.3980464
KARNATAKA,Total,Chitradurga,Water transport,92,74,18,0,0,0,21,18,3,16,13,3,16,13,3,14,11,3,7,4,3,2,2,0,12,11,1,4,2,2,14.2250932,76.3980464
KARNATAKA,Total,Chitradurga,Any other,1388,1234,154,0,0,0,191,161,30,426,356,70,154,143,11,141,134,7,67,64,3,93,86,7,233,224,9,83,66,17,14.2250932,76.3980464
KARNATAKA,Total,Chitradurga,No travel,105459,63087,42372,105459,63087,42372,0,0,0,0,0,0,0,0,0,0,0,0,0,0,0,0,0,0,0,0,0,0,0,0,14.2250932,76.3980464
KARNATAKA,Rural,Chitradurga,All Modes,141353,92427,48926,69671,39041,30630,14667,8675,5992,18492,13125,5367,15460,11883,3577,9247,7976,1271,4722,4038,684,4146,3572,574,4407,3688,719,541,429,112,14.2250932,76.3980464
KARNATAKA,Rural,Chitradurga,On foot,28099,16874,11225,0,0,0,12555,7047,5508,9607,5883,3724,5937,3944,1993,0,0,0,0,0,0,0,0,0,0,0,0,0,0,0,14.2250932,76.3980464
KARNATAKA,Rural,Chitradurga,Bicycle,3424,3132,292,0,0,0,390,333,57,1463,1350,113,748,706,42,394,374,20,429,369,60,0,0,0,0,0,0,0,0,0,14.2250932,76.3980464
KARNATAKA,Rural,Chitradurga,Moped/Scooter/Motor Cycle,5531,5165,366,0,0,0,441,392,49,1732,1580,152,1342,1258,84,1051,1020,31,416,404,12,293,280,13,151,145,6,105,86,19,14.2250932,76.3980464
KARNATAKA,Rural,Chitradurga,Car/Jeep/Van,1219,1072,147,0,0,0,99,72,27,275,219,56,206,185,21,181,171,10,138,126,12,122,115,7,172,163,9,26,21,5,14.2250932,76.3980464
KARNATAKA,Rural,Chitradurga,Tempo/Autorickshaw/Taxi,7636,6374,1262,0,0,0,300,228,72,2536,1993,543,2547,2142,405,1143,1034,109,349,316,33,402,339,63,278,258,20,81,64,17,14.2250932,76.3980464
KARNATAKA,Rural,Chitradurga,Bus,24404,19578,4826,0,0,0,764,518,246,2630,1888,742,4499,3483,1016,6292,5207,1085,3284,2726,558,3190,2712,478,3475,2829,646,270,215,55,14.2250932,76.3980464
KARNATAKA,Rural,Chitradurga,Train,634,523,111,0,0,0,62,38,24,101,81,20,69,64,5,65,56,9,47,42,5,69,59,10,199,168,31,22,15,7,14.2250932,76.3980464
KARNATAKA,Rural,Chitradurga,Water transport,54,41,13,0,0,0,10,7,3,7,7,0,10,7,3,11,8,3,5,4,1,1,1,0,6,5,1,4,2,2,14.2250932,76.3980464
KARNATAKA,Rural,Chitradurga,Any other,681,627,54,0,0,0,46,40,6,141,124,17,102,94,8,110,106,4,54,51,3,69,66,3,126,120,6,33,26,7,14.2250932,76.3980464
KARNATAKA,Rural,Chitradurga,No travel,69671,39041,30630,69671,39041,30630,0,0,0,0,0,0,0,0,0,0,0,0,0,0,0,0,0,0,0,0,0,0,0,0,14.2250932,76.3980464
KARNATAKA,Urban,Chitradurga,All Modes,108417,82773,25644,35788,24046,11742,24474,19337,5137,26669,21900,4769,9163,7325,1838,3933,3103,830,2674,2195,479,2112,1761,351,2913,2488,425,691,618,73,14.2250932,76.3980464
KARNATAKA,Urban,Chitradurga,On foot,37401,28824,8577,0,0,0,18514,13993,4521,13869,10896,2973,5018,3935,1083,0,0,0,0,0,0,0,0,0,0,0,0,0,0,0,14.2250932,76.3980464
KARNATAKA,Urban,Chitradurga,Bicycle,4399,4107,292,0,0,0,1036,950,86,2405,2268,137,434,410,24,177,169,8,347,310,37,0,0,0,0,0,0,0,0,0,14.2250932,76.3980464
KARNATAKA,Urban,Chitradurga,Moped/Scooter/Motor Cycle,11368,10579,789,0,0,0,3472,3251,221,5206,4798,408,1073,1001,72,742,696,46,244,237,7,185,173,12,142,133,9,304,290,14,14.2250932,76.3980464
KARNATAKA,Urban,Chitradurga,Car/Jeep/Van,1554,1386,168,0,0,0,300,258,42,498,442,56,152,135,17,127,118,9,104,94,10,116,104,12,198,183,15,59,52,7,14.2250932,76.3980464
KARNATAKA,Urban,Chitradurga,Tempo/Autorickshaw/Taxi,5155,4001,1154,0,0,0,494,374,120,3076,2302,774,740,578,162,275,226,49,121,115,6,138,125,13,154,148,6,157,133,24,14.2250932,76.3980464
KARNATAKA,Urban,Chitradurga,Bus,11518,8784,2734,0,0,0,416,311,105,1197,853,344,1652,1182,470,2542,1836,706,1828,1413,415,1603,1299,304,2183,1806,377,97,84,13,14.2250932,76.3980464
KARNATAKA,Urban,Chitradurga,Train,489,406,83,0,0,0,86,68,18,124,103,21,36,29,7,36,27,9,15,13,2,45,39,6,123,108,15,24,19,5,14.2250932,76.3980464
KARNATAKA,Urban,Chitradurga,Water transport,38,33,5,0,0,0,11,11,0,9,6,3,6,6,0,3,3,0,2,0,2,1,1,0,6,6,0,0,0,0,14.2250932,76.3980464
KARNATAKA,Urban,Chitradurga,Any other,707,607,100,0,0,0,145,121,24,285,232,53,52,49,3,31,28,3,13,13,0,24,20,4,107,104,3,50,40,10,14.2250932,76.3980464
KARNATAKA,Urban,Chitradurga,No travel,35788,24046,11742,35788,24046,11742,0,0,0,0,0,0,0,0,0,0,0,0,0,0,0,0,0,0,0,0,0,0,0,0,14.2250932,76.3980464
HARYANA,Total,Kaithal,All Modes,150782,123108,27674,53177,36841,16336,27402,22232,5170,33326,29682,3644,16453,15074,1379,9460,8941,519,3672,3449,223,2360,2227,133,4112,3904,208,820,758,62,29.8042758,76.4039016
HARYANA,Total,Kaithal,On foot,33527,26153,7374,0,0,0,19603,14919,4684,9886,7923,1963,4038,3311,727,0,0,0,0,0,0,0,0,0,0,0,0,0,0,0,29.8042758,76.4039016
HARYANA,Total,Kaithal,Bicycle,21424,20843,581,0,0,0,2665,2560,105,11121,10785,336,4864,4786,78,1841,1817,24,933,895,38,0,0,0,0,0,0,0,0,0,29.8042758,76.4039016
HARYANA,Total,Kaithal,Moped/Scooter/Motor Cycle,20170,19213,957,0,0,0,3645,3452,193,8802,8292,510,3629,3499,130,2481,2416,65,632,616,16,387,375,12,282,269,13,312,294,18,29.8042758,76.4039016
HARYANA,Total,Kaithal,Car/Jeep/Van,2362,2154,208,0,0,0,407,384,23,807,717,90,313,288,25,339,310,29,157,143,14,104,97,7,175,161,14,60,54,6,29.8042758,76.4039016
HARYANA,Total,Kaithal,Tempo/Autorickshaw/Taxi,2892,2425,467,0,0,0,255,202,53,758,474,284,844,762,82,612,588,24,105,97,8,98,92,6,156,150,6,64,60,4,29.8042758,76.4039016
HARYANA,Total,Kaithal,Bus,14270,12836,1434,0,0,0,496,433,63,1188,925,263,2326,2015,311,3796,3429,367,1725,1581,144,1590,1491,99,2942,2779,163,207,183,24,29.8042758,76.4039016
HARYANA,Total,Kaithal,Train,1101,1051,50,0,0,0,117,105,12,149,140,9,93,89,4,139,132,7,65,63,2,101,98,3,367,360,7,70,64,6,29.8042758,76.4039016
HARYANA,Total,Kaithal,Water transport,48,44,4,0,0,0,6,4,2,10,9,1,7,7,0,8,8,0,3,3,0,4,3,1,6,6,0,4,4,0,29.8042758,76.4039016
HARYANA,Total,Kaithal,Any other,1811,1548,263,0,0,0,208,173,35,605,417,188,339,317,22,244,241,3,52,51,1,76,71,5,184,179,5,103,99,4,29.8042758,76.4039016
HARYANA,Total,Kaithal,No travel,53177,36841,16336,53177,36841,16336,0,0,0,0,0,0,0,0,0,0,0,0,0,0,0,0,0,0,0,0,0,0,0,0,29.8042758,76.4039016
HARYANA,Rural,Kaithal,All Modes,91352,71982,19370,39727,26312,13415,14163,10684,3479,11094,9818,1276,11399,10713,686,7562,7327,235,2465,2384,81,1680,1615,65,2839,2739,100,423,390,33,29.8042758,76.4039016
HARYANA,Rural,Kaithal,On foot,16687,12262,4425,0,0,0,11536,8252,3284,2980,2255,725,2171,1755,416,0,0,0,0,0,0,0,0,0,0,0,0,0,0,0,29.8042758,76.4039016
HARYANA,Rural,Kaithal,Bicycle,11374,11117,257,0,0,0,1070,1022,48,4461,4330,131,3724,3680,44,1564,1548,16,555,537,18,0,0,0,0,0,0,0,0,0,29.8042758,76.4039016
HARYANA,Rural,Kaithal,Moped/Scooter/Motor Cycle,8114,7865,249,0,0,0,818,751,67,1962,1891,71,2476,2425,51,1836,1804,32,449,440,9,280,277,3,184,178,6,109,99,10,29.8042758,76.4039016
HARYANA,Rural,Kaithal,Car/Jeep/Van,827,784,43,0,0,0,87,85,2,143,127,16,156,151,5,209,200,9,83,81,2,50,47,3,80,76,4,19,17,2,29.8042758,76.4039016
HARYANA,Rural,Kaithal,Tempo/Autorickshaw/Taxi,1848,1770,78,0,0,0,101,96,5,206,187,19,684,654,30,563,550,13,86,83,3,70,67,3,102,99,3,36,34,2,29.8042758,76.4039016
HARYANA,Rural,Kaithal,Bus,10619,9986,633,0,0,0,353,316,37,864,734,130,1847,1729,118,3044,2887,157,1199,1151,48,1152,1101,51,2029,1948,81,131,120,11,29.8042758,76.4039016
HARYANA,Rural,Kaithal,Train,777,752,25,0,0,0,75,66,9,73,70,3,64,62,2,125,120,5,45,45,0,58,58,0,285,283,2,52,48,4,29.8042758,76.4039016
HARYANA,Rural,Kaithal,Water transport,31,29,2,0,0,0,5,3,2,2,2,0,7,7,0,6,6,0,1,1,0,3,3,0,4,4,0,3,3,0,29.8042758,76.4039016
HARYANA,Rural,Kaithal,Any other,1348,1105,243,0,0,0,118,93,25,403,222,181,270,250,20,215,212,3,47,46,1,67,62,5,155,151,4,73,69,4,29.8042758,76.4039016
HARYANA,Rural,Kaithal,No travel,39727,26312,13415,39727,26312,13415,0,0,0,0,0,0,0,0,0,0,0,0,0,0,0,0,0,0,0,0,0,0,0,0,29.8042758,76.4039016
HARYANA,Urban,Kaithal,All Modes,59430,51126,8304,13450,10529,2921,13239,11548,1691,22232,19864,2368,5054,4361,693,1898,1614,284,1207,1065,142,680,612,68,1273,1165,108,397,368,29,29.8042758,76.4039016
HARYANA,Urban,Kaithal,On foot,16840,13891,2949,0,0,0,8067,6667,1400,6906,5668,1238,1867,1556,311,0,0,0,0,0,0,0,0,0,0,0,0,0,0,0,29.8042758,76.4039016
HARYANA,Urban,Kaithal,Bicycle,10050,9726,324,0,0,0,1595,1538,57,6660,6455,205,1140,1106,34,277,269,8,378,358,20,0,0,0,0,0,0,0,0,0,29.8042758,76.4039016
HARYANA,Urban,Kaithal,Moped/Scooter/Motor Cycle,12056,11348,708,0,0,0,2827,2701,126,6840,6401,439,1153,1074,79,645,612,33,183,176,7,107,98,9,98,91,7,203,195,8,29.8042758,76.4039016
HARYANA,Urban,Kaithal,Car/Jeep/Van,1535,1370,165,0,0,0,320,299,21,664,590,74,157,137,20,130,110,20,74,62,12,54,50,4,95,85,10,41,37,4,29.8042758,76.4039016
HARYANA,Urban,Kaithal,Tempo/Autorickshaw/Taxi,1044,655,389,0,0,0,154,106,48,552,287,265,160,108,52,49,38,11,19,14,5,28,25,3,54,51,3,28,26,2,29.8042758,76.4039016
HARYANA,Urban,Kaithal,Bus,3651,2850,801,0,0,0,143,117,26,324,191,133,479,286,193,752,542,210,526,430,96,438,390,48,913,831,82,76,63,13,29.8042758,76.4039016
HARYANA,Urban,Kaithal,Train,324,299,25,0,0,0,42,39,3,76,70,6,29,27,2,14,12,2,20,18,2,43,40,3,82,77,5,18,16,2,29.8042758,76.4039016
HARYANA,Urban,Kaithal,Water transport,17,15,2,0,0,0,1,1,0,8,7,1,0,0,0,2,2,0,2,2,0,1,0,1,2,2,0,1,1,0,29.8042758,76.4039016
HARYANA,Urban,Kaithal,Any other,463,443,20,0,0,0,90,80,10,202,195,7,69,67,2,29,29,0,5,5,0,9,9,0,29,28,1,30,30,0,29.8042758,76.4039016
HARYANA,Urban,Kaithal,No travel,13450,10529,2921,13450,10529,2921,0,0,0,0,0,0,0,0,0,0,0,0,0,0,0,0,0,0,0,0,0,0,0,0,29.8042758,76.4039016
RAJASTHAN,Total,Baran,All Modes,135750,101970,33780,47778,32494,15284,34298,25338,8960,30694,24170,6524,12200,10103,2097,4657,4296,361,2257,2062,195,1496,1303,193,1733,1621,112,637,583,54,25.1011438,76.5131637
RAJASTHAN,Total,Baran,On foot,52748,36806,15942,0,0,0,28831,20214,8617,18572,12822,5750,5345,3770,1575,0,0,0,0,0,0,0,0,0,0,0,0,0,0,0,25.1011438,76.5131637
RAJASTHAN,Total,Baran,Bicycle,9236,8915,321,0,0,0,1394,1330,64,4855,4694,161,1955,1894,61,623,611,12,409,386,23,0,0,0,0,0,0,0,0,0,25.1011438,76.5131637
RAJASTHAN,Total,Baran,Moped/Scooter/Motor Cycle,16790,15939,851,0,0,0,3286,3124,162,5962,5643,319,3064,2877,187,2450,2344,106,872,836,36,520,509,11,258,252,6,378,354,24,25.1011438,76.5131637
RAJASTHAN,Total,Baran,Car/Jeep/Van,1560,1378,182,0,0,0,298,274,24,315,264,51,216,178,38,299,262,37,171,154,17,112,108,4,113,105,8,36,33,3,25.1011438,76.5131637
RAJASTHAN,Total,Baran,Tempo/Autorickshaw/Taxi,947,799,148,0,0,0,68,53,15,292,230,62,321,280,41,157,140,17,32,26,6,25,23,2,10,9,1,42,38,4,25.1011438,76.5131637
RAJASTHAN,Total,Baran,Bus,5073,4290,783,0,0,0,202,165,37,434,313,121,1091,925,166,966,799,167,687,587,100,642,543,99,948,873,75,103,85,18,25.1011438,76.5131637
RAJASTHAN,Total,Baran,Train,858,718,140,0,0,0,69,60,9,85,63,22,42,40,2,72,66,6,63,51,12,141,76,65,345,324,21,41,38,3,25.1011438,76.5131637
RAJASTHAN,Total,Baran,Water transport,30,25,5,0,0,0,19,16,3,4,3,1,2,2,0,2,1,1,2,2,0,0,0,0,1,1,0,0,0,0,25.1011438,76.5131637
RAJASTHAN,Total,Baran,Any other,730,606,124,0,0,0,131,102,29,175,138,37,164,137,27,88,73,15,21,20,1,56,44,12,58,57,1,37,35,2,25.1011438,76.5131637
RAJASTHAN,Total,Baran,No travel,47778,32494,15284,47778,32494,15284,0,0,0,0,0,0,0,0,0,0,0,0,0,0,0,0,0,0,0,0,0,0,0,0,25.1011438,76.5131637
RAJASTHAN,Rural,Baran,All Modes,72171,48279,23892,29701,18865,10836,15737,9357,6380,13393,8619,4774,7382,5981,1401,2731,2586,145,1101,1003,98,900,746,154,1009,933,76,217,189,28,25.1011438,76.5131637
RAJASTHAN,Rural,Baran,On foot,27066,15206,11860,0,0,0,14316,8092,6224,9625,5164,4461,3125,1950,1175,0,0,0,0,0,0,0,0,0,0,0,0,0,0,0,25.1011438,76.5131637
RAJASTHAN,Rural,Baran,Bicycle,4064,3884,180,0,0,0,448,410,38,1594,1520,74,1337,1293,44,454,448,6,231,213,18,0,0,0,0,0,0,0,0,0,25.1011438,76.5131637
RAJASTHAN,Rural,Baran,Moped/Scooter/Motor Cycle,6276,5987,289,0,0,0,648,595,53,1625,1526,99,1726,1667,59,1323,1279,44,427,412,15,286,280,6,124,121,3,117,107,10,25.1011438,76.5131637
RAJASTHAN,Rural,Baran,Car/Jeep/Van,656,574,82,0,0,0,75,63,12,97,76,21,130,113,17,178,162,16,69,59,10,44,43,1,54,49,5,9,9,0,25.1011438,76.5131637
RAJASTHAN,Rural,Baran,Tempo/Autorickshaw/Taxi,406,367,39,0,0,0,17,13,4,68,51,17,171,161,10,114,110,4,14,13,1,9,8,1,5,5,0,8,6,2,25.1011438,76.5131637
RAJASTHAN,Rural,Baran,Bus,3138,2736,402,0,0,0,123,102,21,262,200,62,794,711,83,551,493,58,324,280,44,423,351,72,603,553,50,58,46,12,25.1011438,76.5131637
RAJASTHAN,Rural,Baran,Train,454,335,119,0,0,0,34,28,6,37,20,17,23,22,1,47,43,4,20,11,9,91,29,62,188,171,17,14,11,3,25.1011438,76.5131637
RAJASTHAN,Rural,Baran,Water transport,20,18,2,0,0,0,14,13,1,2,1,1,2,2,0,0,0,0,1,1,0,0,0,0,1,1,0,0,0,0,25.1011438,76.5131637
RAJASTHAN,Rural,Baran,Any other,390,307,83,0,0,0,62,41,21,83,61,22,74,62,12,64,51,13,15,14,1,47,35,12,34,33,1,11,10,1,25.1011438,76.5131637
RAJASTHAN,Rural,Baran,No travel,29701,18865,10836,29701,18865,10836,0,0,0,0,0,0,0,0,0,0,0,0,0,0,0,0,0,0,0,0,0,0,0,0,25.1011438,76.5131637
RAJASTHAN,Urban,Baran,All Modes,63579,53691,9888,18077,13629,4448,18561,15981,2580,17301,15551,1750,4818,4122,696,1926,1710,216,1156,1059,97,596,557,39,724,688,36,420,394,26,25.1011438,76.5131637
RAJASTHAN,Urban,Baran,On foot,25682,21600,4082,0,0,0,14515,12122,2393,8947,7658,1289,2220,1820,400,0,0,0,0,0,0,0,0,0,0,0,0,0,0,0,25.1011438,76.5131637
RAJASTHAN,Urban,Baran,Bicycle,5172,5031,141,0,0,0,946,920,26,3261,3174,87,618,601,17,169,163,6,178,173,5,0,0,0,0,0,0,0,0,0,25.1011438,76.5131637
RAJASTHAN,Urban,Baran,Moped/Scooter/Motor Cycle,10514,9952,562,0,0,0,2638,2529,109,4337,4117,220,1338,1210,128,1127,1065,62,445,424,21,234,229,5,134,131,3,261,247,14,25.1011438,76.5131637
RAJASTHAN,Urban,Baran,Car/Jeep/Van,904,804,100,0,0,0,223,211,12,218,188,30,86,65,21,121,100,21,102,95,7,68,65,3,59,56,3,27,24,3,25.1011438,76.5131637
RAJASTHAN,Urban,Baran,Tempo/Autorickshaw/Taxi,541,432,109,0,0,0,51,40,11,224,179,45,150,119,31,43,30,13,18,13,5,16,15,1,5,4,1,34,32,2,25.1011438,76.5131637
RAJASTHAN,Urban,Baran,Bus,1935,1554,381,0,0,0,79,63,16,172,113,59,297,214,83,415,306,109,363,307,56,219,192,27,345,320,25,45,39,6,25.1011438,76.5131637
RAJASTHAN,Urban,Baran,Train,404,383,21,0,0,0,35,32,3,48,43,5,19,18,1,25,23,2,43,40,3,50,47,3,157,153,4,27,27,0,25.1011438,76.5131637
RAJASTHAN,Urban,Baran,Water transport,10,7,3,0,0,0,5,3,2,2,2,0,0,0,0,2,1,1,1,1,0,0,0,0,0,0,0,0,0,0,25.1011438,76.5131637
RAJASTHAN,Urban,Baran,Any other,340,299,41,0,0,0,69,61,8,92,77,15,90,75,15,24,22,2,6,6,0,9,9,0,24,24,0,26,25,1,25.1011438,76.5131637
RAJASTHAN,Urban,Baran,No travel,18077,13629,4448,18077,13629,4448,0,0,0,0,0,0,0,0,0,0,0,0,0,0,0,0,0,0,0,0,0,0,0,0,25.1011438,76.5131637
HIMACHAL PRADESH,Total,Hamirpur,All Modes,82657,65547,17110,26062,18368,7694,14121,10153,3968,18683,15804,2879,11151,9759,1392,5524,4899,625,2681,2392,289,1856,1708,148,2408,2312,96,171,152,19,31.6861745,76.5213092
HIMACHAL PRADESH,Total,Hamirpur,On foot,24771,18998,5773,0,0,0,12044,8391,3653,9758,8152,1606,2969,2455,514,0,0,0,0,0,0,0,0,0,0,0,0,0,0,0,31.6861745,76.5213092
HIMACHAL PRADESH,Total,Hamirpur,Bicycle,514,482,32,0,0,0,75,67,8,287,274,13,96,91,5,28,25,3,28,25,3,0,0,0,0,0,0,0,0,0,31.6861745,76.5213092
HIMACHAL PRADESH,Total,Hamirpur,Moped/Scooter/Motor Cycle,4680,4484,196,0,0,0,562,524,38,1714,1611,103,1029,1000,29,740,724,16,318,315,3,212,209,3,90,87,3,15,14,1,31.6861745,76.5213092
HIMACHAL PRADESH,Total,Hamirpur,Car/Jeep/Van,1860,1699,161,0,0,0,320,285,35,600,546,54,329,300,29,257,235,22,136,125,11,102,97,5,106,102,4,10,9,1,31.6861745,76.5213092
HIMACHAL PRADESH,Total,Hamirpur,Tempo/Autorickshaw/Taxi,583,515,68,0,0,0,75,61,14,168,153,15,118,102,16,82,68,14,35,33,2,46,43,3,56,53,3,3,2,1,31.6861745,76.5213092
HIMACHAL PRADESH,Total,Hamirpur,Bus,23751,20581,3170,0,0,0,994,777,217,6086,5007,1079,6540,5742,798,4376,3806,570,2146,1877,269,1469,1332,137,2039,1955,84,101,85,16,31.6861745,76.5213092
HIMACHAL PRADESH,Total,Hamirpur,Train,259,246,13,0,0,0,33,31,2,44,37,7,31,30,1,23,23,0,13,12,1,10,10,0,74,72,2,31,31,0,31.6861745,76.5213092
HIMACHAL PRADESH,Total,Hamirpur,Water transport,21,19,2,0,0,0,8,8,0,4,2,2,5,5,0,0,0,0,0,0,0,0,0,0,2,2,0,2,2,0,31.6861745,76.5213092
HIMACHAL PRADESH,Total,Hamirpur,Any other,156,155,1,0,0,0,10,9,1,22,22,0,34,34,0,18,18,0,5,5,0,17,17,0,41,41,0,9,9,0,31.6861745,76.5213092
HIMACHAL PRADESH,Total,Hamirpur,No travel,26062,18368,7694,26062,18368,7694,0,0,0,0,0,0,0,0,0,0,0,0,0,0,0,0,0,0,0,0,0,0,0,0,31.6861745,76.5213092
HIMACHAL PRADESH,Rural,Hamirpur,All Modes,73245,58225,15020,23498,16419,7079,11444,7987,3457,16646,14224,2422,10286,9112,1174,5032,4557,475,2299,2105,194,1651,1536,115,2235,2149,86,154,136,18,31.6861745,76.5213092
HIMACHAL PRADESH,Rural,Hamirpur,On foot,21287,16203,5084,0,0,0,9764,6572,3192,8924,7482,1442,2599,2149,450,0,0,0,0,0,0,0,0,0,0,0,0,0,0,0,31.6861745,76.5213092
HIMACHAL PRADESH,Rural,Hamirpur,Bicycle,455,429,26,0,0,0,63,56,7,249,241,8,92,87,5,28,25,3,23,20,3,0,0,0,0,0,0,0,0,0,31.6861745,76.5213092
HIMACHAL PRADESH,Rural,Hamirpur,Moped/Scooter/Motor Cycle,3960,3818,142,0,0,0,340,311,29,1420,1353,67,962,938,24,681,668,13,276,273,3,189,186,3,84,81,3,8,8,0,31.6861745,76.5213092
HIMACHAL PRADESH,Rural,Hamirpur,Car/Jeep/Van,1447,1336,111,0,0,0,247,219,28,408,379,29,294,270,24,222,205,17,108,102,6,75,73,2,84,80,4,9,8,1,31.6861745,76.5213092
HIMACHAL PRADESH,Rural,Hamirpur,Tempo/Autorickshaw/Taxi,535,480,55,0,0,0,65,53,12,151,140,11,113,98,15,74,65,9,33,31,2,45,42,3,51,49,2,3,2,1,31.6861745,76.5213092
HIMACHAL PRADESH,Rural,Hamirpur,Bus,21645,19137,2508,0,0,0,917,731,186,5425,4569,856,6158,5502,656,3986,3553,433,1841,1662,179,1315,1208,107,1907,1832,75,96,80,16,31.6861745,76.5213092
HIMACHAL PRADESH,Rural,Hamirpur,Train,245,233,12,0,0,0,31,29,2,43,36,7,30,30,0,23,23,0,13,12,1,10,10,0,67,65,2,28,28,0,31.6861745,76.5213092
HIMACHAL PRADESH,Rural,Hamirpur,Water transport,20,18,2,0,0,0,8,8,0,4,2,2,5,5,0,0,0,0,0,0,0,0,0,0,1,1,0,2,2,0,31.6861745,76.5213092
HIMACHAL PRADESH,Rural,Hamirpur,Any other,153,152,1,0,0,0,9,8,1,22,22,0,33,33,0,18,18,0,5,5,0,17,17,0,41,41,0,8,8,0,31.6861745,76.5213092
HIMACHAL PRADESH,Rural,Hamirpur,No travel,23498,16419,7079,23498,16419,7079,0,0,0,0,0,0,0,0,0,0,0,0,0,0,0,0,0,0,0,0,0,0,0,0,31.6861745,76.5213092
HIMACHAL PRADESH,Urban,Hamirpur,All Modes,9412,7322,2090,2564,1949,615,2677,2166,511,2037,1580,457,865,647,218,492,342,150,382,287,95,205,172,33,173,163,10,17,16,1,31.6861745,76.5213092
HIMACHAL PRADESH,Urban,Hamirpur,On foot,3484,2795,689,0,0,0,2280,1819,461,834,670,164,370,306,64,0,0,0,0,0,0,0,0,0,0,0,0,0,0,0,31.6861745,76.5213092
HIMACHAL PRADESH,Urban,Hamirpur,Bicycle,59,53,6,0,0,0,12,11,1,38,33,5,4,4,0,0,0,0,5,5,0,0,0,0,0,0,0,0,0,0,31.6861745,76.5213092
HIMACHAL PRADESH,Urban,Hamirpur,Moped/Scooter/Motor Cycle,720,666,54,0,0,0,222,213,9,294,258,36,67,62,5,59,56,3,42,42,0,23,23,0,6,6,0,7,6,1,31.6861745,76.5213092
HIMACHAL PRADESH,Urban,Hamirpur,Car/Jeep/Van,413,363,50,0,0,0,73,66,7,192,167,25,35,30,5,35,30,5,28,23,5,27,24,3,22,22,0,1,1,0,31.6861745,76.5213092
HIMACHAL PRADESH,Urban,Hamirpur,Tempo/Autorickshaw/Taxi,48,35,13,0,0,0,10,8,2,17,13,4,5,4,1,8,3,5,2,2,0,1,1,0,5,4,1,0,0,0,31.6861745,76.5213092
HIMACHAL PRADESH,Urban,Hamirpur,Bus,2106,1444,662,0,0,0,77,46,31,661,438,223,382,240,142,390,253,137,305,215,90,154,124,30,132,123,9,5,5,0,31.6861745,76.5213092
HIMACHAL PRADESH,Urban,Hamirpur,Train,14,13,1,0,0,0,2,2,0,1,1,0,1,0,1,0,0,0,0,0,0,0,0,0,7,7,0,3,3,0,31.6861745,76.5213092
HIMACHAL PRADESH,Urban,Hamirpur,Water transport,1,1,0,0,0,0,0,0,0,0,0,0,0,0,0,0,0,0,0,0,0,0,0,0,1,1,0,0,0,0,31.6861745,76.5213092
HIMACHAL PRADESH,Urban,Hamirpur,Any other,3,3,0,0,0,0,1,1,0,0,0,0,1,1,0,0,0,0,0,0,0,0,0,0,0,0,0,1,1,0,31.6861745,76.5213092
HIMACHAL PRADESH,Urban,Hamirpur,No travel,2564,1949,615,2564,1949,615,0,0,0,0,0,0,0,0,0,0,0,0,0,0,0,0,0,0,0,0,0,0,0,0,31.6861745,76.5213092
KERALA,Total,Kottayam,All Modes,604169,429291,174878,165840,105884,59956,90468,62699,27769,142117,105164,36953,94422,71106,23316,47789,35137,12652,19768,14860,4908,18131,13961,4170,19715,15653,4062,5919,4827,1092,9.5915668,76.5221531
KERALA,Total,Kottayam,On foot,135326,90954,44372,0,0,0,74169,48844,25325,48063,32651,15412,13094,9459,3635,0,0,0,0,0,0,0,0,0,0,0,0,0,0,0,9.5915668,76.5221531
KERALA,Total,Kottayam,Bicycle,9806,9463,343,0,0,0,1216,1168,48,5680,5503,177,1932,1874,58,472,446,26,506,472,34,0,0,0,0,0,0,0,0,0,9.5915668,76.5221531
KERALA,Total,Kottayam,Moped/Scooter/Motor Cycle,52371,48495,3876,0,0,0,5181,4766,415,20722,18894,1828,13605,12618,987,7562,7127,435,2416,2323,93,1400,1345,55,539,512,27,946,910,36,9.5915668,76.5221531
KERALA,Total,Kottayam,Car/Jeep/Van,20245,16885,3360,0,0,0,2236,1828,408,7201,5881,1320,4376,3628,748,2722,2267,455,1146,991,155,1065,941,124,1051,951,100,448,398,50,9.5915668,76.5221531
KERALA,Total,Kottayam,Tempo/Autorickshaw/Taxi,13621,12723,898,0,0,0,2573,2450,123,6904,6341,563,2065,1957,108,769,710,59,351,336,15,332,318,14,262,254,8,365,357,8,9.5915668,76.5221531
KERALA,Total,Kottayam,Bus,189597,131090,58507,0,0,0,4262,2914,1348,51752,34257,17495,58046,40405,17641,35610,24067,11543,14713,10253,4460,13364,9858,3506,9329,7412,1917,2521,1924,597,9.5915668,76.5221531
KERALA,Total,Kottayam,Train,12335,9231,3104,0,0,0,225,156,69,284,195,89,262,187,75,335,225,110,509,370,139,1846,1392,454,8133,6201,1932,741,505,236,9.5915668,76.5221531
KERALA,Total,Kottayam,Water transport,3088,2954,134,0,0,0,404,393,11,1264,1221,43,839,795,44,213,199,14,64,56,8,39,36,3,66,57,9,199,197,2,9.5915668,76.5221531
KERALA,Total,Kottayam,Any other,1940,1612,328,0,0,0,202,180,22,247,221,26,203,183,20,106,96,10,63,59,4,85,71,14,335,266,69,699,536,163,9.5915668,76.5221531
KERALA,Total,Kottayam,No travel,165840,105884,59956,165840,105884,59956,0,0,0,0,0,0,0,0,0,0,0,0,0,0,0,0,0,0,0,0,0,0,0,0,9.5915668,76.5221531
KERALA,Rural,Kottayam,All Modes,424282,296954,127328,122868,77022,45846,64445,44176,20269,92413,67337,25076,62983,47110,15873,35948,26260,9688,15563,11626,3937,13876,10601,3275,12709,10001,2708,3477,2821,656,9.5915668,76.5221531
KERALA,Rural,Kottayam,On foot,100064,66148,33916,0,0,0,54380,35500,18880,36189,23953,12236,9495,6695,2800,0,0,0,0,0,0,0,0,0,0,0,0,0,0,0,9.5915668,76.5221531
KERALA,Rural,Kottayam,Bicycle,6778,6555,223,0,0,0,783,755,28,3874,3755,119,1446,1412,34,335,319,16,340,314,26,0,0,0,0,0,0,0,0,0,9.5915668,76.5221531
KERALA,Rural,Kottayam,Moped/Scooter/Motor Cycle,30715,28733,1982,0,0,0,2771,2598,173,10823,10007,816,7973,7437,536,5351,5052,299,1880,1810,70,1056,1005,51,371,355,16,490,469,21,9.5915668,76.5221531
KERALA,Rural,Kottayam,Car/Jeep/Van,10982,9353,1629,0,0,0,1159,1002,157,3466,2909,557,2391,2036,355,1723,1441,282,762,658,104,669,578,91,572,516,56,240,213,27,9.5915668,76.5221531
KERALA,Rural,Kottayam,Tempo/Autorickshaw/Taxi,8372,7876,496,0,0,0,1695,1633,62,4165,3875,290,1207,1144,63,519,470,49,221,210,11,222,212,10,134,129,5,209,203,6,9.5915668,76.5221531
KERALA,Rural,Kottayam,Bus,133509,92462,41047,0,0,0,2994,2093,901,32425,21470,10955,39467,27476,11991,27579,18623,8956,11928,8296,3632,10554,7762,2792,7011,5536,1475,1551,1206,345,9.5915668,76.5221531
KERALA,Rural,Kottayam,Train,7017,5164,1853,0,0,0,143,98,45,185,129,56,154,108,46,179,115,64,331,244,87,1278,962,316,4340,3243,1097,407,265,142,9.5915668,76.5221531
KERALA,Rural,Kottayam,Water transport,2703,2601,102,0,0,0,394,386,8,1118,1085,33,723,690,33,182,169,13,56,51,5,31,28,3,41,35,6,158,157,1,9.5915668,76.5221531
KERALA,Rural,Kottayam,Any other,1274,1040,234,0,0,0,126,111,15,168,154,14,127,112,15,80,71,9,45,43,2,66,54,12,240,187,53,422,308,114,9.5915668,76.5221531
KERALA,Rural,Kottayam,No travel,122868,77022,45846,122868,77022,45846,0,0,0,0,0,0,0,0,0,0,0,0,0,0,0,0,0,0,0,0,0,0,0,0,9.5915668,76.5221531
KERALA,Urban,Kottayam,All Modes,179887,132337,47550,42972,28862,14110,26023,18523,7500,49704,37827,11877,31439,23996,7443,11841,8877,2964,4205,3234,971,4255,3360,895,7006,5652,1354,2442,2006,436,9.5915668,76.5221531
KERALA,Urban,Kottayam,On foot,35262,24806,10456,0,0,0,19789,13344,6445,11874,8698,3176,3599,2764,835,0,0,0,0,0,0,0,0,0,0,0,0,0,0,0,9.5915668,76.5221531
KERALA,Urban,Kottayam,Bicycle,3028,2908,120,0,0,0,433,413,20,1806,1748,58,486,462,24,137,127,10,166,158,8,0,0,0,0,0,0,0,0,0,9.5915668,76.5221531
KERALA,Urban,Kottayam,Moped/Scooter/Motor Cycle,21656,19762,1894,0,0,0,2410,2168,242,9899,8887,1012,5632,5181,451,2211,2075,136,536,513,23,344,340,4,168,157,11,456,441,15,9.5915668,76.5221531
KERALA,Urban,Kottayam,Car/Jeep/Van,9263,7532,1731,0,0,0,1077,826,251,3735,2972,763,1985,1592,393,999,826,173,384,333,51,396,363,33,479,435,44,208,185,23,9.5915668,76.5221531
KERALA,Urban,Kottayam,Tempo/Autorickshaw/Taxi,5249,4847,402,0,0,0,878,817,61,2739,2466,273,858,813,45,250,240,10,130,126,4,110,106,4,128,125,3,156,154,2,9.5915668,76.5221531
KERALA,Urban,Kottayam,Bus,56088,38628,17460,0,0,0,1268,821,447,19327,12787,6540,18579,12929,5650,8031,5444,2587,2785,1957,828,2810,2096,714,2318,1876,442,970,718,252,9.5915668,76.5221531
KERALA,Urban,Kottayam,Train,5318,4067,1251,0,0,0,82,58,24,99,66,33,108,79,29,156,110,46,178,126,52,568,430,138,3793,2958,835,334,240,94,9.5915668,76.5221531
KERALA,Urban,Kottayam,Water transport,385,353,32,0,0,0,10,7,3,146,136,10,116,105,11,31,30,1,8,5,3,8,8,0,25,22,3,41,40,1,9.5915668,76.5221531
KERALA,Urban,Kottayam,Any other,666,572,94,0,0,0,76,69,7,79,67,12,76,71,5,26,25,1,18,16,2,19,17,2,95,79,16,277,228,49,9.5915668,76.5221531
KERALA,Urban,Kottayam,No travel,42972,28862,14110,42972,28862,14110,0,0,0,0,0,0,0,0,0,0,0,0,0,0,0,0,0,0,0,0,0,0,0,0,9.5915668,76.5221531
PUNJAB,Total,Rupnagar,All Modes,154195,123696,30499,48656,32415,16241,19986,15798,4188,30312,26736,3576,21935,18860,3075,11628,10278,1350,6541,5828,713,5665,5038,627,7050,6573,477,2422,2170,252,30.9661003,76.5230961
PUNJAB,Total,Rupnagar,On foot,22916,17190,5726,0,0,0,12550,9145,3405,4923,3975,948,5443,4070,1373,0,0,0,0,0,0,0,0,0,0,0,0,0,0,0,30.9661003,76.5230961
PUNJAB,Total,Rupnagar,Bicycle,25919,24714,1205,0,0,0,2866,2693,173,12021,11434,587,6525,6296,229,2200,2114,86,2307,2177,130,0,0,0,0,0,0,0,0,0,30.9661003,76.5230961
PUNJAB,Total,Rupnagar,Moped/Scooter/Motor Cycle,23825,21369,2456,0,0,0,3414,3007,407,9358,8230,1128,5030,4508,522,2955,2735,220,960,907,53,744,722,22,413,388,25,951,872,79,30.9661003,76.5230961
PUNJAB,Total,Rupnagar,Car/Jeep/Van,3757,3366,391,0,0,0,410,362,48,1230,1101,129,531,468,63,485,426,59,227,196,31,347,314,33,379,363,16,148,136,12,30.9661003,76.5230961
PUNJAB,Total,Rupnagar,Tempo/Autorickshaw/Taxi,1189,975,214,0,0,0,125,98,27,350,251,99,289,238,51,143,131,12,50,47,3,73,64,9,84,81,3,75,65,10,30.9661003,76.5230961
PUNJAB,Total,Rupnagar,Bus,24533,20467,4066,0,0,0,396,299,97,2002,1354,648,3751,2937,814,5388,4426,962,2861,2377,484,4241,3692,549,5048,4659,389,846,723,123,30.9661003,76.5230961
PUNJAB,Total,Rupnagar,Train,1861,1744,117,0,0,0,75,61,14,183,162,21,152,138,14,316,310,6,67,60,7,120,112,8,772,741,31,176,160,16,30.9661003,76.5230961
PUNJAB,Total,Rupnagar,Water transport,146,118,28,0,0,0,18,9,9,25,22,3,14,11,3,21,17,4,16,11,5,10,9,1,24,22,2,18,17,1,30.9661003,76.5230961
PUNJAB,Total,Rupnagar,Any other,1393,1338,55,0,0,0,132,124,8,220,207,13,200,194,6,120,119,1,53,53,0,130,125,5,330,319,11,208,197,11,30.9661003,76.5230961
PUNJAB,Total,Rupnagar,No travel,48656,32415,16241,48656,32415,16241,0,0,0,0,0,0,0,0,0,0,0,0,0,0,0,0,0,0,0,0,0,0,0,0,30.9661003,76.5230961
PUNJAB,Rural,Rupnagar,All Modes,99802,78504,21298,36862,23401,13461,8680,6244,2436,16333,14558,1775,15093,13230,1863,7219,6590,629,4821,4423,398,3774,3473,301,5308,5027,281,1712,1558,154,30.9661003,76.5230961
PUNJAB,Rural,Rupnagar,On foot,11787,8125,3662,0,0,0,6082,3942,2140,2648,2095,553,3057,2088,969,0,0,0,0,0,0,0,0,0,0,0,0,0,0,0,30.9661003,76.5230961
PUNJAB,Rural,Rupnagar,Bicycle,17662,16824,838,0,0,0,1296,1200,96,7709,7304,405,5265,5083,182,1630,1568,62,1762,1669,93,0,0,0,0,0,0,0,0,0,30.9661003,76.5230961
PUNJAB,Rural,Rupnagar,Moped/Scooter/Motor Cycle,12673,11741,932,0,0,0,804,705,99,3929,3563,366,3608,3364,244,2141,2021,120,736,706,30,554,539,15,286,271,15,615,572,43,30.9661003,76.5230961
PUNJAB,Rural,Rupnagar,Car/Jeep/Van,1659,1500,159,0,0,0,96,85,11,397,348,49,271,245,26,228,204,24,129,113,16,176,158,18,273,264,9,89,83,6,30.9661003,76.5230961
PUNJAB,Rural,Rupnagar,Tempo/Autorickshaw/Taxi,757,677,80,0,0,0,38,33,5,201,168,33,202,183,19,102,96,6,39,36,3,55,51,4,70,67,3,50,43,7,30.9661003,76.5230961
PUNJAB,Rural,Rupnagar,Bus,16189,14149,2040,0,0,0,261,201,60,1178,831,347,2457,2047,410,2961,2549,412,2053,1807,246,2807,2548,259,3810,3583,227,662,583,79,30.9661003,76.5230961
PUNJAB,Rural,Rupnagar,Train,1182,1111,71,0,0,0,39,27,12,128,114,14,92,85,7,65,63,2,50,45,5,70,67,3,593,576,17,145,134,11,30.9661003,76.5230961
PUNJAB,Rural,Rupnagar,Water transport,118,96,22,0,0,0,14,6,8,19,17,2,12,10,2,14,12,2,16,11,5,8,8,0,19,17,2,16,15,1,30.9661003,76.5230961
PUNJAB,Rural,Rupnagar,Any other,913,880,33,0,0,0,50,45,5,124,118,6,129,125,4,78,77,1,36,36,0,104,102,2,257,249,8,135,128,7,30.9661003,76.5230961
PUNJAB,Rural,Rupnagar,No travel,36862,23401,13461,36862,23401,13461,0,0,0,0,0,0,0,0,0,0,0,0,0,0,0,0,0,0,0,0,0,0,0,0,30.9661003,76.5230961
PUNJAB,Urban,Rupnagar,All Modes,54393,45192,9201,11794,9014,2780,11306,9554,1752,13979,12178,1801,6842,5630,1212,4409,3688,721,1720,1405,315,1891,1565,326,1742,1546,196,710,612,98,30.9661003,76.5230961
PUNJAB,Urban,Rupnagar,On foot,11129,9065,2064,0,0,0,6468,5203,1265,2275,1880,395,2386,1982,404,0,0,0,0,0,0,0,0,0,0,0,0,0,0,0,30.9661003,76.5230961
PUNJAB,Urban,Rupnagar,Bicycle,8257,7890,367,0,0,0,1570,1493,77,4312,4130,182,1260,1213,47,570,546,24,545,508,37,0,0,0,0,0,0,0,0,0,30.9661003,76.5230961
PUNJAB,Urban,Rupnagar,Moped/Scooter/Motor Cycle,11152,9628,1524,0,0,0,2610,2302,308,5429,4667,762,1422,1144,278,814,714,100,224,201,23,190,183,7,127,117,10,336,300,36,30.9661003,76.5230961
PUNJAB,Urban,Rupnagar,Car/Jeep/Van,2098,1866,232,0,0,0,314,277,37,833,753,80,260,223,37,257,222,35,98,83,15,171,156,15,106,99,7,59,53,6,30.9661003,76.5230961
PUNJAB,Urban,Rupnagar,Tempo/Autorickshaw/Taxi,432,298,134,0,0,0,87,65,22,149,83,66,87,55,32,41,35,6,11,11,0,18,13,5,14,14,0,25,22,3,30.9661003,76.5230961
PUNJAB,Urban,Rupnagar,Bus,8344,6318,2026,0,0,0,135,98,37,824,523,301,1294,890,404,2427,1877,550,808,570,238,1434,1144,290,1238,1076,162,184,140,44,30.9661003,76.5230961
PUNJAB,Urban,Rupnagar,Train,679,633,46,0,0,0,36,34,2,55,48,7,60,53,7,251,247,4,17,15,2,50,45,5,179,165,14,31,26,5,30.9661003,76.5230961
PUNJAB,Urban,Rupnagar,Water transport,28,22,6,0,0,0,4,3,1,6,5,1,2,1,1,7,5,2,0,0,0,2,1,1,5,5,0,2,2,0,30.9661003,76.5230961
PUNJAB,Urban,Rupnagar,Any other,480,458,22,0,0,0,82,79,3,96,89,7,71,69,2,42,42,0,17,17,0,26,23,3,73,70,3,73,69,4,30.9661003,76.5230961
PUNJAB,Urban,Rupnagar,No travel,11794,9014,2780,11794,9014,2780,0,0,0,0,0,0,0,0,0,0,0,0,0,0,0,0,0,0,0,0,0,0,0,0,30.9661003,76.5230961
MAHARASHTRA,Total,Latur,All Modes,280836,225913,54923,97001,69123,27878,38237,31384,6853,71504,61348,10156,29974,25344,4630,14935,12975,1960,9641,8536,1105,8064,7073,991,7665,6761,904,3815,3369,446,18.4087934,76.5603828
MAHARASHTRA,Total,Latur,On foot,67670,54261,13409,0,0,0,26237,20725,5512,30168,24633,5535,11265,8903,2362,0,0,0,0,0,0,0,0,0,0,0,0,0,0,0,18.4087934,76.5603828
MAHARASHTRA,Total,Latur,Bicycle,17238,16268,970,0,0,0,2272,2120,152,9440,8978,462,2792,2664,128,864,808,56,1870,1698,172,0,0,0,0,0,0,0,0,0,18.4087934,76.5603828
MAHARASHTRA,Total,Latur,Moped/Scooter/Motor Cycle,48620,44253,4367,0,0,0,6588,5961,627,20723,18796,1927,7117,6509,608,5757,5262,495,3078,2848,230,2556,2354,202,1051,944,107,1750,1579,171,18.4087934,76.5603828
MAHARASHTRA,Total,Latur,Car/Jeep/Van,4493,3945,548,0,0,0,478,422,56,1142,984,158,559,496,63,604,527,77,378,337,41,554,497,57,491,430,61,287,252,35,18.4087934,76.5603828
MAHARASHTRA,Total,Latur,Tempo/Autorickshaw/Taxi,17394,14480,2914,0,0,0,1424,1179,245,7139,5667,1472,4648,3942,706,1887,1686,201,665,591,74,666,570,96,395,357,38,570,488,82,18.4087934,76.5603828
MAHARASHTRA,Total,Latur,Bus,25405,21134,4271,0,0,0,1000,780,220,2453,1942,511,3193,2506,687,5037,4158,879,3511,2942,569,4095,3484,611,5175,4516,659,941,806,135,18.4087934,76.5603828
MAHARASHTRA,Total,Latur,Train,1120,996,124,0,0,0,122,100,22,161,132,29,74,67,7,100,90,10,61,53,8,69,58,11,388,362,26,145,134,11,18.4087934,76.5603828
MAHARASHTRA,Total,Latur,Water transport,84,71,13,0,0,0,26,20,6,13,12,1,10,7,3,6,6,0,7,7,0,6,4,2,7,6,1,9,9,0,18.4087934,76.5603828
MAHARASHTRA,Total,Latur,Any other,1811,1382,429,0,0,0,90,77,13,265,204,61,316,250,66,680,438,242,71,60,11,118,106,12,158,146,12,113,101,12,18.4087934,76.5603828
MAHARASHTRA,Total,Latur,No travel,97001,69123,27878,97001,69123,27878,0,0,0,0,0,0,0,0,0,0,0,0,0,0,0,0,0,0,0,0,0,0,0,0,18.4087934,76.5603828
MAHARASHTRA,Rural,Latur,All Modes,119099,92564,26535,57082,40094,16988,12089,9585,2504,12001,10025,1976,12524,10456,2068,9324,8198,1126,5605,4979,626,4686,4135,551,4278,3757,521,1510,1335,175,18.4087934,76.5603828
MAHARASHTRA,Rural,Latur,On foot,16692,12538,4154,0,0,0,8881,6737,2144,4379,3324,1055,3432,2477,955,0,0,0,0,0,0,0,0,0,0,0,0,0,0,0,18.4087934,76.5603828
MAHARASHTRA,Rural,Latur,Bicycle,4055,3766,289,0,0,0,544,500,44,1291,1217,74,1124,1066,58,468,438,30,628,545,83,0,0,0,0,0,0,0,0,0,18.4087934,76.5603828
MAHARASHTRA,Rural,Latur,Moped/Scooter/Motor Cycle,15330,14162,1168,0,0,0,1465,1346,119,3279,3014,265,3006,2804,202,3383,3135,248,1844,1710,134,1377,1276,101,509,459,50,467,418,49,18.4087934,76.5603828
MAHARASHTRA,Rural,Latur,Car/Jeep/Van,1825,1634,191,0,0,0,146,133,13,215,190,25,268,240,28,332,290,42,234,212,22,277,257,20,240,211,29,113,101,12,18.4087934,76.5603828
MAHARASHTRA,Rural,Latur,Tempo/Autorickshaw/Taxi,6689,5734,955,0,0,0,417,363,54,1446,1177,269,2404,2029,375,1214,1097,117,471,421,50,339,296,43,205,186,19,193,165,28,18.4087934,76.5603828
MAHARASHTRA,Rural,Latur,Bus,15490,13127,2363,0,0,0,503,402,101,1214,976,238,2124,1703,421,3208,2762,446,2319,1998,321,2569,2199,370,2966,2574,392,587,513,74,18.4087934,76.5603828
MAHARASHTRA,Rural,Latur,Train,623,557,66,0,0,0,65,52,13,57,48,9,35,32,3,66,61,5,42,37,5,41,34,7,235,216,19,82,77,5,18.4087934,76.5603828
MAHARASHTRA,Rural,Latur,Water transport,46,39,7,0,0,0,16,12,4,3,3,0,4,3,1,5,5,0,4,4,0,5,4,1,4,3,1,5,5,0,18.4087934,76.5603828
MAHARASHTRA,Rural,Latur,Any other,1267,913,354,0,0,0,52,40,12,117,76,41,127,102,25,648,410,238,63,52,11,78,69,9,119,108,11,63,56,7,18.4087934,76.5603828
MAHARASHTRA,Rural,Latur,No travel,57082,40094,16988,57082,40094,16988,0,0,0,0,0,0,0,0,0,0,0,0,0,0,0,0,0,0,0,0,0,0,0,0,18.4087934,76.5603828
MAHARASHTRA,Urban,Latur,All Modes,161737,133349,28388,39919,29029,10890,26148,21799,4349,59503,51323,8180,17450,14888,2562,5611,4777,834,4036,3557,479,3378,2938,440,3387,3004,383,2305,2034,271,18.4087934,76.5603828
MAHARASHTRA,Urban,Latur,On foot,50978,41723,9255,0,0,0,17356,13988,3368,25789,21309,4480,7833,6426,1407,0,0,0,0,0,0,0,0,0,0,0,0,0,0,0,18.4087934,76.5603828
MAHARASHTRA,Urban,Latur,Bicycle,13183,12502,681,0,0,0,1728,1620,108,8149,7761,388,1668,1598,70,396,370,26,1242,1153,89,0,0,0,0,0,0,0,0,0,18.4087934,76.5603828
MAHARASHTRA,Urban,Latur,Moped/Scooter/Motor Cycle,33290,30091,3199,0,0,0,5123,4615,508,17444,15782,1662,4111,3705,406,2374,2127,247,1234,1138,96,1179,1078,101,542,485,57,1283,1161,122,18.4087934,76.5603828
MAHARASHTRA,Urban,Latur,Car/Jeep/Van,2668,2311,357,0,0,0,332,289,43,927,794,133,291,256,35,272,237,35,144,125,19,277,240,37,251,219,32,174,151,23,18.4087934,76.5603828
MAHARASHTRA,Urban,Latur,Tempo/Autorickshaw/Taxi,10705,8746,1959,0,0,0,1007,816,191,5693,4490,1203,2244,1913,331,673,589,84,194,170,24,327,274,53,190,171,19,377,323,54,18.4087934,76.5603828
MAHARASHTRA,Urban,Latur,Bus,9915,8007,1908,0,0,0,497,378,119,1239,966,273,1069,803,266,1829,1396,433,1192,944,248,1526,1285,241,2209,1942,267,354,293,61,18.4087934,76.5603828
MAHARASHTRA,Urban,Latur,Train,497,439,58,0,0,0,57,48,9,104,84,20,39,35,4,34,29,5,19,16,3,28,24,4,153,146,7,63,57,6,18.4087934,76.5603828
MAHARASHTRA,Urban,Latur,Water transport,38,32,6,0,0,0,10,8,2,10,9,1,6,4,2,1,1,0,3,3,0,1,0,1,3,3,0,4,4,0,18.4087934,76.5603828
MAHARASHTRA,Urban,Latur,Any other,544,469,75,0,0,0,38,37,1,148,128,20,189,148,41,32,28,4,8,8,0,40,37,3,39,38,1,50,45,5,18.4087934,76.5603828
MAHARASHTRA,Urban,Latur,No travel,39919,29029,10890,39919,29029,10890,0,0,0,0,0,0,0,0,0,0,0,0,0,0,0,0,0,0,0,0,0,0,0,0,18.4087934,76.5603828
JAMMU & KASHMIR,Total,Jammu,All Modes,392547,327186,65361,133856,107776,26080,40953,33075,7878,68361,57276,11085,65581,55255,10326,37435,32749,4686,13611,12132,1479,10160,9042,1118,16247,14485,1762,6343,5396,947,33.778175,76.5761714
JAMMU & KASHMIR,Total,Jammu,On foot,66807,54429,12378,0,0,0,32631,25926,6705,20605,17271,3334,13571,11232,2339,0,0,0,0,0,0,0,0,0,0,0,0,0,0,0,33.778175,76.5761714
JAMMU & KASHMIR,Total,Jammu,Bicycle,13387,12635,752,0,0,0,1032,959,73,6137,5838,299,3493,3305,188,1447,1369,78,1278,1164,114,0,0,0,0,0,0,0,0,0,33.778175,76.5761714
JAMMU & KASHMIR,Total,Jammu,Moped/Scooter/Motor Cycle,47508,44272,3236,0,0,0,3338,3102,236,15972,14708,1264,14111,13135,976,8771,8329,442,2176,2082,94,1144,1087,57,503,465,38,1493,1364,129,33.778175,76.5761714
JAMMU & KASHMIR,Total,Jammu,Car/Jeep/Van,22423,18275,4148,0,0,0,1133,873,260,6607,5254,1353,7044,5692,1352,4063,3377,686,1026,869,157,843,723,120,997,881,116,710,606,104,33.778175,76.5761714
JAMMU & KASHMIR,Total,Jammu,Tempo/Autorickshaw/Taxi,11955,8944,3011,0,0,0,487,376,111,4041,2858,1183,3845,2792,1053,1950,1567,383,471,387,84,299,251,48,398,348,50,464,365,99,33.778175,76.5761714
JAMMU & KASHMIR,Total,Jammu,Bus,88670,73974,14696,0,0,0,1969,1523,446,13839,10397,3442,22464,18209,4255,20570,17556,3014,8389,7395,994,7576,6706,870,11282,10081,1201,2581,2107,474,33.778175,76.5761714
JAMMU & KASHMIR,Total,Jammu,Train,4376,3789,587,0,0,0,174,148,26,329,272,57,226,188,38,155,130,25,100,85,15,151,135,16,2516,2198,318,725,633,92,33.778175,76.5761714
JAMMU & KASHMIR,Total,Jammu,Water transport,417,347,70,0,0,0,38,32,6,48,37,11,94,74,20,78,65,13,28,27,1,20,18,2,62,59,3,49,35,14,33.778175,76.5761714
JAMMU & KASHMIR,Total,Jammu,Any other,3148,2745,403,0,0,0,151,136,15,783,641,142,733,628,105,401,356,45,143,123,20,127,122,5,489,453,36,321,286,35,33.778175,76.5761714
JAMMU & KASHMIR,Total,Jammu,No travel,133856,107776,26080,133856,107776,26080,0,0,0,0,0,0,0,0,0,0,0,0,0,0,0,0,0,0,0,0,0,0,0,0,33.778175,76.5761714
JAMMU & KASHMIR,Rural,Jammu,All Modes,133516,114891,18625,48186,37645,10541,12091,9547,2544,17075,15376,1699,17453,15941,1512,15611,14557,1054,8049,7588,461,6153,5814,339,7113,6764,349,1785,1659,126,33.778175,76.5761714
JAMMU & KASHMIR,Rural,Jammu,On foot,22110,18237,3873,0,0,0,10275,7881,2394,7381,6478,903,4454,3878,576,0,0,0,0,0,0,0,0,0,0,0,0,0,0,0,33.778175,76.5761714
JAMMU & KASHMIR,Rural,Jammu,Bicycle,6566,6464,102,0,0,0,420,405,15,2933,2892,41,1811,1793,18,770,754,16,632,620,12,0,0,0,0,0,0,0,0,0,33.778175,76.5761714
JAMMU & KASHMIR,Rural,Jammu,Moped/Scooter/Motor Cycle,10386,10001,385,0,0,0,539,510,29,2250,2122,128,2320,2240,80,2984,2899,85,1278,1252,26,574,554,20,161,153,8,280,271,9,33.778175,76.5761714
JAMMU & KASHMIR,Rural,Jammu,Car/Jeep/Van,1672,1466,206,0,0,0,75,66,9,258,203,55,262,238,24,439,391,48,223,202,21,188,166,22,174,152,22,53,48,5,33.778175,76.5761714
JAMMU & KASHMIR,Rural,Jammu,Tempo/Autorickshaw/Taxi,2015,1824,191,0,0,0,63,53,10,418,343,75,493,451,42,579,542,37,211,198,13,77,74,3,92,89,3,82,74,8,33.778175,76.5761714
JAMMU & KASHMIR,Rural,Jammu,Bus,40006,36812,3194,0,0,0,619,542,77,3586,3106,480,7840,7088,752,10575,9722,853,5544,5172,372,5157,4869,288,5689,5405,284,996,908,88,33.778175,76.5761714
JAMMU & KASHMIR,Rural,Jammu,Train,1308,1248,60,0,0,0,40,33,7,57,54,3,39,36,3,49,46,3,50,48,2,74,70,4,748,718,30,251,243,8,33.778175,76.5761714
JAMMU & KASHMIR,Rural,Jammu,Water transport,165,153,12,0,0,0,10,10,0,12,11,1,30,26,4,36,32,4,22,21,1,10,10,0,32,32,0,13,11,2,33.778175,76.5761714
JAMMU & KASHMIR,Rural,Jammu,Any other,1102,1041,61,0,0,0,50,47,3,180,167,13,204,191,13,179,171,8,89,75,14,73,71,2,217,215,2,110,104,6,33.778175,76.5761714
JAMMU & KASHMIR,Rural,Jammu,No travel,48186,37645,10541,48186,37645,10541,0,0,0,0,0,0,0,0,0,0,0,0,0,0,0,0,0,0,0,0,0,0,0,0,33.778175,76.5761714
JAMMU & KASHMIR,Urban,Jammu,All Modes,259031,212295,46736,85670,70131,15539,28862,23528,5334,51286,41900,9386,48128,39314,8814,21824,18192,3632,5562,4544,1018,4007,3228,779,9134,7721,1413,4558,3737,821,33.778175,76.5761714
JAMMU & KASHMIR,Urban,Jammu,On foot,44697,36192,8505,0,0,0,22356,18045,4311,13224,10793,2431,9117,7354,1763,0,0,0,0,0,0,0,0,0,0,0,0,0,0,0,33.778175,76.5761714
JAMMU & KASHMIR,Urban,Jammu,Bicycle,6821,6171,650,0,0,0,612,554,58,3204,2946,258,1682,1512,170,677,615,62,646,544,102,0,0,0,0,0,0,0,0,0,33.778175,76.5761714
JAMMU & KASHMIR,Urban,Jammu,Moped/Scooter/Motor Cycle,37122,34271,2851,0,0,0,2799,2592,207,13722,12586,1136,11791,10895,896,5787,5430,357,898,830,68,570,533,37,342,312,30,1213,1093,120,33.778175,76.5761714
JAMMU & KASHMIR,Urban,Jammu,Car/Jeep/Van,20751,16809,3942,0,0,0,1058,807,251,6349,5051,1298,6782,5454,1328,3624,2986,638,803,667,136,655,557,98,823,729,94,657,558,99,33.778175,76.5761714
JAMMU & KASHMIR,Urban,Jammu,Tempo/Autorickshaw/Taxi,9940,7120,2820,0,0,0,424,323,101,3623,2515,1108,3352,2341,1011,1371,1025,346,260,189,71,222,177,45,306,259,47,382,291,91,33.778175,76.5761714
JAMMU & KASHMIR,Urban,Jammu,Bus,48664,37162,11502,0,0,0,1350,981,369,10253,7291,2962,14624,11121,3503,9995,7834,2161,2845,2223,622,2419,1837,582,5593,4676,917,1585,1199,386,33.778175,76.5761714
JAMMU & KASHMIR,Urban,Jammu,Train,3068,2541,527,0,0,0,134,115,19,272,218,54,187,152,35,106,84,22,50,37,13,77,65,12,1768,1480,288,474,390,84,33.778175,76.5761714
JAMMU & KASHMIR,Urban,Jammu,Water transport,252,194,58,0,0,0,28,22,6,36,26,10,64,48,16,42,33,9,6,6,0,10,8,2,30,27,3,36,24,12,33.778175,76.5761714
JAMMU & KASHMIR,Urban,Jammu,Any other,2046,1704,342,0,0,0,101,89,12,603,474,129,529,437,92,222,185,37,54,48,6,54,51,3,272,238,34,211,182,29,33.778175,76.5761714
JAMMU & KASHMIR,Urban,Jammu,No travel,85670,70131,15539,85670,70131,15539,0,0,0,0,0,0,0,0,0,0,0,0,0,0,0,0,0,0,0,0,0,0,0,0,33.778175,76.5761714
HARYANA,Total,Rohtak,All Modes,205146,167580,37566,57179,40745,16434,27504,22546,4958,49238,42236,7002,22827,19402,3425,12065,10355,1710,7406,6375,1031,6605,5716,889,19339,17628,1711,2983,2577,406,28.8955152,76.606611
HARYANA,Total,Rohtak,On foot,40364,32408,7956,0,0,0,20260,16148,4112,13704,11227,2477,6400,5033,1367,0,0,0,0,0,0,0,0,0,0,0,0,0,0,0,28.8955152,76.606611
HARYANA,Total,Rohtak,Bicycle,24733,23680,1053,0,0,0,2433,2321,112,14418,13809,609,5011,4829,182,1096,1062,34,1775,1659,116,0,0,0,0,0,0,0,0,0,28.8955152,76.606611
HARYANA,Total,Rohtak,Moped/Scooter/Motor Cycle,25716,22926,2790,0,0,0,2891,2568,323,13521,11905,1616,4729,4242,487,2149,2013,136,604,565,39,442,417,25,593,554,39,787,662,125,28.8955152,76.606611
HARYANA,Total,Rohtak,Car/Jeep/Van,7556,6169,1387,0,0,0,663,503,160,2104,1679,425,1158,946,212,1142,958,184,567,457,110,525,443,82,1183,1012,171,214,171,43,28.8955152,76.606611
HARYANA,Total,Rohtak,Tempo/Autorickshaw/Taxi,10108,7575,2533,0,0,0,421,313,108,3589,2153,1436,2822,2222,600,1990,1761,229,280,243,37,192,167,25,453,409,44,361,307,54,28.8955152,76.606611
HARYANA,Total,Rohtak,Bus,24640,20258,4382,0,0,0,432,339,93,1098,748,350,2075,1528,547,4912,3827,1085,3204,2528,676,3568,2944,624,8448,7554,894,903,790,113,28.8955152,76.606611
HARYANA,Total,Rohtak,Train,13122,12223,899,0,0,0,224,192,32,394,364,30,346,329,17,640,603,37,931,880,51,1797,1669,128,8242,7686,556,548,500,48,28.8955152,76.606611
HARYANA,Total,Rohtak,Water transport,171,146,25,0,0,0,34,24,10,12,7,5,17,15,2,8,7,1,8,7,1,13,11,2,49,48,1,30,27,3,28.8955152,76.606611
HARYANA,Total,Rohtak,Any other,1557,1450,107,0,0,0,146,138,8,398,344,54,269,258,11,128,124,4,37,36,1,68,65,3,371,365,6,140,120,20,28.8955152,76.606611
HARYANA,Total,Rohtak,No travel,57179,40745,16434,57179,40745,16434,0,0,0,0,0,0,0,0,0,0,0,0,0,0,0,0,0,0,0,0,0,0,0,0,28.8955152,76.606611
HARYANA,Rural,Rohtak,All Modes,83392,65886,17506,33723,22173,11550,6934,5113,1821,7377,6240,1137,9294,7970,1324,8135,7618,517,3759,3503,256,3161,2929,232,9166,8693,473,1843,1647,196,28.8955152,76.606611
HARYANA,Rural,Rohtak,On foot,11245,8038,3207,0,0,0,5589,3927,1662,2566,1903,663,3090,2208,882,0,0,0,0,0,0,0,0,0,0,0,0,0,0,0,28.8955152,76.606611
HARYANA,Rural,Rohtak,Bicycle,6285,5970,315,0,0,0,454,417,37,2406,2264,142,1805,1744,61,763,745,18,857,800,57,0,0,0,0,0,0,0,0,0,28.8955152,76.606611
HARYANA,Rural,Rohtak,Moped/Scooter/Motor Cycle,4507,4246,261,0,0,0,210,179,31,767,718,49,1119,1075,44,1286,1243,43,324,310,14,228,216,12,233,222,11,340,283,57,28.8955152,76.606611
HARYANA,Rural,Rohtak,Car/Jeep/Van,1758,1612,146,0,0,0,41,35,6,187,163,24,266,237,29,613,573,40,227,214,13,115,110,5,218,206,12,91,74,17,28.8955152,76.606611
HARYANA,Rural,Rohtak,Tempo/Autorickshaw/Taxi,4614,4211,403,0,0,0,154,142,12,618,502,116,1399,1262,137,1554,1472,82,181,177,4,118,105,13,330,312,18,260,239,21,28.8955152,76.606611
HARYANA,Rural,Rohtak,Bus,14710,13426,1284,0,0,0,295,246,49,565,464,101,1300,1141,159,3403,3089,314,1755,1604,151,1745,1590,155,4936,4642,294,711,650,61,28.8955152,76.606611
HARYANA,Rural,Rohtak,Train,5644,5383,261,0,0,0,97,84,13,125,120,5,200,195,5,424,407,17,386,370,16,904,858,46,3164,3028,136,344,321,23,28.8955152,76.606611
HARYANA,Rural,Rohtak,Water transport,78,65,13,0,0,0,17,9,8,1,0,1,7,6,1,5,5,0,6,6,0,6,6,0,20,20,0,16,13,3,28.8955152,76.606611
HARYANA,Rural,Rohtak,Any other,828,762,66,0,0,0,77,74,3,142,106,36,108,102,6,87,84,3,23,22,1,45,44,1,265,263,2,81,67,14,28.8955152,76.606611
HARYANA,Rural,Rohtak,No travel,33723,22173,11550,33723,22173,11550,0,0,0,0,0,0,0,0,0,0,0,0,0,0,0,0,0,0,0,0,0,0,0,0,28.8955152,76.606611
HARYANA,Urban,Rohtak,All Modes,121754,101694,20060,23456,18572,4884,20570,17433,3137,41861,35996,5865,13533,11432,2101,3930,2737,1193,3647,2872,775,3444,2787,657,10173,8935,1238,1140,930,210,28.8955152,76.606611
HARYANA,Urban,Rohtak,On foot,29119,24370,4749,0,0,0,14671,12221,2450,11138,9324,1814,3310,2825,485,0,0,0,0,0,0,0,0,0,0,0,0,0,0,0,28.8955152,76.606611
HARYANA,Urban,Rohtak,Bicycle,18448,17710,738,0,0,0,1979,1904,75,12012,11545,467,3206,3085,121,333,317,16,918,859,59,0,0,0,0,0,0,0,0,0,28.8955152,76.606611
HARYANA,Urban,Rohtak,Moped/Scooter/Motor Cycle,21209,18680,2529,0,0,0,2681,2389,292,12754,11187,1567,3610,3167,443,863,770,93,280,255,25,214,201,13,360,332,28,447,379,68,28.8955152,76.606611
HARYANA,Urban,Rohtak,Car/Jeep/Van,5798,4557,1241,0,0,0,622,468,154,1917,1516,401,892,709,183,529,385,144,340,243,97,410,333,77,965,806,159,123,97,26,28.8955152,76.606611
HARYANA,Urban,Rohtak,Tempo/Autorickshaw/Taxi,5494,3364,2130,0,0,0,267,171,96,2971,1651,1320,1423,960,463,436,289,147,99,66,33,74,62,12,123,97,26,101,68,33,28.8955152,76.606611
HARYANA,Urban,Rohtak,Bus,9930,6832,3098,0,0,0,137,93,44,533,284,249,775,387,388,1509,738,771,1449,924,525,1823,1354,469,3512,2912,600,192,140,52,28.8955152,76.606611
HARYANA,Urban,Rohtak,Train,7478,6840,638,0,0,0,127,108,19,269,244,25,146,134,12,216,196,20,545,510,35,893,811,82,5078,4658,420,204,179,25,28.8955152,76.606611
HARYANA,Urban,Rohtak,Water transport,93,81,12,0,0,0,17,15,2,11,7,4,10,9,1,3,2,1,2,1,1,7,5,2,29,28,1,14,14,0,28.8955152,76.606611
HARYANA,Urban,Rohtak,Any other,729,688,41,0,0,0,69,64,5,256,238,18,161,156,5,41,40,1,14,14,0,23,21,2,106,102,4,59,53,6,28.8955152,76.606611
HARYANA,Urban,Rohtak,No travel,23456,18572,4884,23456,18572,4884,0,0,0,0,0,0,0,0,0,0,0,0,0,0,0,0,0,0,0,0,0,0,0,0,28.8955152,76.606611
KERALA,Total,Kollam,All Modes,741628,505943,235685,185430,122186,63244,120658,76053,44605,220070,146254,73816,111605,80462,31143,42777,31868,10909,18713,14813,3900,12407,9753,2654,22029,17875,4154,7939,6679,1260,8.8932118,76.6141396
KERALA,Total,Kollam,On foot,195555,109397,86158,0,0,0,97091,55895,41196,79561,40944,38617,18903,12558,6345,0,0,0,0,0,0,0,0,0,0,0,0,0,0,0,8.8932118,76.6141396
KERALA,Total,Kollam,Bicycle,53802,52784,1018,0,0,0,6605,6464,141,32876,32283,593,9861,9708,153,1671,1617,54,2789,2712,77,0,0,0,0,0,0,0,0,0,8.8932118,76.6141396
KERALA,Total,Kollam,Moped/Scooter/Motor Cycle,71816,67099,4717,0,0,0,6826,6358,468,30962,28704,2258,19282,18033,1249,8762,8289,473,2667,2538,129,1206,1168,38,494,472,22,1617,1537,80,8.8932118,76.6141396
KERALA,Total,Kollam,Car/Jeep/Van,18410,15458,2952,0,0,0,1989,1690,299,6580,5302,1278,3841,3193,648,2396,2049,347,1017,900,117,1013,926,87,997,887,110,577,511,66,8.8932118,76.6141396
KERALA,Total,Kollam,Tempo/Autorickshaw/Taxi,11664,10672,992,0,0,0,1897,1784,113,5597,5021,576,1837,1659,178,963,905,58,332,318,14,266,256,10,222,212,10,550,517,33,8.8932118,76.6141396
KERALA,Total,Kollam,Bus,178700,106685,72015,0,0,0,5023,2767,2256,62160,32000,30160,56122,33777,22345,27474,17756,9718,10347,7108,3239,7402,5413,1989,7422,5912,1510,2750,1952,798,8.8932118,76.6141396
KERALA,Total,Kollam,Train,18804,14670,4134,0,0,0,343,244,99,552,353,199,499,361,138,840,599,241,1225,910,315,2186,1669,517,12007,9553,2454,1152,981,171,8.8932118,76.6141396
KERALA,Total,Kollam,Water transport,5189,4924,265,0,0,0,619,598,21,1491,1381,110,1041,962,79,563,554,9,290,285,5,262,255,7,591,572,19,332,317,15,8.8932118,76.6141396
KERALA,Total,Kollam,Any other,2258,2068,190,0,0,0,265,253,12,291,266,25,219,211,8,108,99,9,46,42,4,72,66,6,296,267,29,961,864,97,8.8932118,76.6141396
KERALA,Total,Kollam,No travel,185430,122186,63244,185430,122186,63244,0,0,0,0,0,0,0,0,0,0,0,0,0,0,0,0,0,0,0,0,0,0,0,0,8.8932118,76.6141396
KERALA,Rural,Kollam,All Modes,376542,242798,133744,103459,66007,37452,61102,36227,24875,104283,62233,42050,53797,36763,17034,22062,16089,5973,10355,8020,2335,7081,5571,1510,10435,8561,1874,3968,3327,641,8.8932118,76.6141396
KERALA,Rural,Kollam,On foot,109359,57851,51508,0,0,0,51727,28585,23142,46501,22230,24271,11131,7036,4095,0,0,0,0,0,0,0,0,0,0,0,0,0,0,0,8.8932118,76.6141396
KERALA,Rural,Kollam,Bicycle,15110,14726,384,0,0,0,1829,1768,61,8871,8643,228,2841,2803,38,631,602,29,938,910,28,0,0,0,0,0,0,0,0,0,8.8932118,76.6141396
KERALA,Rural,Kollam,Moped/Scooter/Motor Cycle,28170,26210,1960,0,0,0,2574,2383,191,10931,10089,842,7508,6952,556,4086,3848,238,1522,1448,74,656,638,18,216,206,10,677,646,31,8.8932118,76.6141396
KERALA,Rural,Kollam,Car/Jeep/Van,8102,6910,1192,0,0,0,790,695,95,2602,2087,515,1594,1327,267,1101,959,142,540,492,48,633,593,40,558,506,52,284,251,33,8.8932118,76.6141396
KERALA,Rural,Kollam,Tempo/Autorickshaw/Taxi,5544,5100,444,0,0,0,843,807,36,2609,2376,233,936,838,98,506,466,40,153,149,4,129,124,5,105,97,8,263,243,20,8.8932118,76.6141396
KERALA,Rural,Kollam,Bus,97181,57889,39292,0,0,0,2884,1583,1301,31955,16109,15846,29125,17234,11891,15238,9803,5435,6706,4623,2083,4865,3568,1297,4897,3890,1007,1511,1079,432,8.8932118,76.6141396
KERALA,Rural,Kollam,Train,7063,5721,1342,0,0,0,158,120,38,244,163,81,199,138,61,313,233,80,415,319,96,738,594,144,4431,3661,770,565,493,72,8.8932118,76.6141396
KERALA,Rural,Kollam,Water transport,1326,1251,75,0,0,0,173,166,7,435,414,21,372,346,26,137,133,4,62,61,1,30,28,2,53,43,10,64,60,4,8.8932118,76.6141396
KERALA,Rural,Kollam,Any other,1228,1133,95,0,0,0,124,120,4,135,122,13,91,89,2,50,45,5,19,18,1,30,26,4,175,158,17,604,555,49,8.8932118,76.6141396
KERALA,Rural,Kollam,No travel,103459,66007,37452,103459,66007,37452,0,0,0,0,0,0,0,0,0,0,0,0,0,0,0,0,0,0,0,0,0,0,0,0,8.8932118,76.6141396
KERALA,Urban,Kollam,All Modes,365086,263145,101941,81971,56179,25792,59556,39826,19730,115787,84021,31766,57808,43699,14109,20715,15779,4936,8358,6793,1565,5326,4182,1144,11594,9314,2280,3971,3352,619,8.8932118,76.6141396
KERALA,Urban,Kollam,On foot,86196,51546,34650,0,0,0,45364,27310,18054,33060,18714,14346,7772,5522,2250,0,0,0,0,0,0,0,0,0,0,0,0,0,0,0,8.8932118,76.6141396
KERALA,Urban,Kollam,Bicycle,38692,38058,634,0,0,0,4776,4696,80,24005,23640,365,7020,6905,115,1040,1015,25,1851,1802,49,0,0,0,0,0,0,0,0,0,8.8932118,76.6141396
KERALA,Urban,Kollam,Moped/Scooter/Motor Cycle,43646,40889,2757,0,0,0,4252,3975,277,20031,18615,1416,11774,11081,693,4676,4441,235,1145,1090,55,550,530,20,278,266,12,940,891,49,8.8932118,76.6141396
KERALA,Urban,Kollam,Car/Jeep/Van,10308,8548,1760,0,0,0,1199,995,204,3978,3215,763,2247,1866,381,1295,1090,205,477,408,69,380,333,47,439,381,58,293,260,33,8.8932118,76.6141396
KERALA,Urban,Kollam,Tempo/Autorickshaw/Taxi,6120,5572,548,0,0,0,1054,977,77,2988,2645,343,901,821,80,457,439,18,179,169,10,137,132,5,117,115,2,287,274,13,8.8932118,76.6141396
KERALA,Urban,Kollam,Bus,81519,48796,32723,0,0,0,2139,1184,955,30205,15891,14314,26997,16543,10454,12236,7953,4283,3641,2485,1156,2537,1845,692,2525,2022,503,1239,873,366,8.8932118,76.6141396
KERALA,Urban,Kollam,Train,11741,8949,2792,0,0,0,185,124,61,308,190,118,300,223,77,527,366,161,810,591,219,1448,1075,373,7576,5892,1684,587,488,99,8.8932118,76.6141396
KERALA,Urban,Kollam,Water transport,3863,3673,190,0,0,0,446,432,14,1056,967,89,669,616,53,426,421,5,228,224,4,232,227,5,538,529,9,268,257,11,8.8932118,76.6141396
KERALA,Urban,Kollam,Any other,1030,935,95,0,0,0,141,133,8,156,144,12,128,122,6,58,54,4,27,24,3,42,40,2,121,109,12,357,309,48,8.8932118,76.6141396
KERALA,Urban,Kollam,No travel,81971,56179,25792,81971,56179,25792,0,0,0,0,0,0,0,0,0,0,0,0,0,0,0,0,0,0,0,0,0,0,0,0,8.8932118,76.6141396
HARYANA,Total,Rewari,All Modes,197032,148138,48894,75553,40618,34935,25754,20325,5429,33986,30310,3676,21201,18978,2223,12477,11498,979,6170,5740,430,7122,6698,424,13669,13038,631,1100,933,167,28.1919738,76.6190774
HARYANA,Total,Rewari,On foot,34600,27245,7355,0,0,0,19141,14517,4624,10420,8679,1741,5039,4049,990,0,0,0,0,0,0,0,0,0,0,0,0,0,0,0,28.1919738,76.6190774
HARYANA,Total,Rewari,Bicycle,16771,16319,452,0,0,0,1931,1816,115,9135,8925,210,3771,3709,62,931,913,18,1003,956,47,0,0,0,0,0,0,0,0,0,28.1919738,76.6190774
HARYANA,Total,Rewari,Moped/Scooter/Motor Cycle,20554,19068,1486,0,0,0,2598,2294,304,7462,6892,570,4324,4056,268,3124,2976,148,1039,994,45,915,878,37,706,661,45,386,317,69,28.1919738,76.6190774
HARYANA,Total,Rewari,Car/Jeep/Van,3772,3476,296,0,0,0,322,287,35,908,813,95,628,571,57,664,629,35,285,272,13,367,346,21,532,499,33,66,59,7,28.1919738,76.6190774
HARYANA,Total,Rewari,Tempo/Autorickshaw/Taxi,9012,7880,1132,0,0,0,497,397,100,2623,2153,470,3259,2951,308,1651,1472,179,279,253,26,255,239,16,344,328,16,104,87,17,28.1919738,76.6190774
HARYANA,Total,Rewari,Bus,26456,23882,2574,0,0,0,784,645,139,2668,2184,484,3502,3036,466,5590,5025,565,3141,2864,277,4397,4083,314,6126,5831,295,248,214,34,28.1919738,76.6190774
HARYANA,Total,Rewari,Train,9018,8532,486,0,0,0,346,261,85,384,346,38,415,383,32,362,342,20,381,362,19,1118,1088,30,5767,5536,231,245,214,31,28.1919738,76.6190774
HARYANA,Total,Rewari,Water transport,93,80,13,0,0,0,23,15,8,6,3,3,14,13,1,10,10,0,3,3,0,7,7,0,26,26,0,4,3,1,28.1919738,76.6190774
HARYANA,Total,Rewari,Any other,1203,1038,165,0,0,0,112,93,19,380,315,65,249,210,39,145,131,14,39,36,3,63,57,6,168,157,11,47,39,8,28.1919738,76.6190774
HARYANA,Total,Rewari,No travel,75553,40618,34935,75553,40618,34935,0,0,0,0,0,0,0,0,0,0,0,0,0,0,0,0,0,0,0,0,0,0,0,0,28.1919738,76.6190774
HARYANA,Rural,Rewari,All Modes,130815,90720,40095,58591,26682,31909,12539,8796,3743,14878,13342,1536,15258,13906,1352,8883,8355,528,4298,4063,235,5441,5180,261,10384,9955,429,543,441,102,28.1919738,76.6190774
HARYANA,Rural,Rewari,On foot,17013,12328,4685,0,0,0,9891,6603,3288,4119,3377,742,3003,2348,655,0,0,0,0,0,0,0,0,0,0,0,0,0,0,0,28.1919738,76.6190774
HARYANA,Rural,Rewari,Bicycle,9734,9457,277,0,0,0,742,664,78,4539,4443,96,3029,2975,54,785,771,14,639,604,35,0,0,0,0,0,0,0,0,0,28.1919738,76.6190774
HARYANA,Rural,Rewari,Moped/Scooter/Motor Cycle,11470,10730,740,0,0,0,788,613,175,2900,2702,198,3134,2991,143,2377,2292,85,833,805,28,729,699,30,538,505,33,171,123,48,28.1919738,76.6190774
HARYANA,Rural,Rewari,Car/Jeep/Van,2000,1895,105,0,0,0,125,117,8,312,287,25,419,390,29,398,386,12,160,154,6,219,213,6,345,327,18,22,21,1,28.1919738,76.6190774
HARYANA,Rural,Rewari,Tempo/Autorickshaw/Taxi,6185,5699,486,0,0,0,255,225,30,1242,1102,140,2651,2482,169,1301,1193,108,202,189,13,203,194,9,277,269,8,54,45,9,28.1919738,76.6190774
HARYANA,Rural,Rewari,Bus,18642,17199,1443,0,0,0,441,372,69,1320,1051,269,2491,2235,256,3613,3323,290,2135,1995,140,3413,3222,191,5082,4869,213,147,132,15,28.1919738,76.6190774
HARYANA,Rural,Rewari,Train,6288,5942,346,0,0,0,217,142,75,214,189,25,343,316,27,289,277,12,302,289,13,822,800,22,3985,3836,149,116,93,23,28.1919738,76.6190774
HARYANA,Rural,Rewari,Water transport,62,54,8,0,0,0,13,7,6,4,2,2,11,11,0,8,8,0,2,2,0,5,5,0,16,16,0,3,3,0,28.1919738,76.6190774
HARYANA,Rural,Rewari,Any other,830,734,96,0,0,0,67,53,14,228,189,39,177,158,19,112,105,7,25,25,0,50,47,3,141,133,8,30,24,6,28.1919738,76.6190774
HARYANA,Rural,Rewari,No travel,58591,26682,31909,58591,26682,31909,0,0,0,0,0,0,0,0,0,0,0,0,0,0,0,0,0,0,0,0,0,0,0,0,28.1919738,76.6190774
HARYANA,Urban,Rewari,All Modes,66217,57418,8799,16962,13936,3026,13215,11529,1686,19108,16968,2140,5943,5072,871,3594,3143,451,1872,1677,195,1681,1518,163,3285,3083,202,557,492,65,28.1919738,76.6190774
HARYANA,Urban,Rewari,On foot,17587,14917,2670,0,0,0,9250,7914,1336,6301,5302,999,2036,1701,335,0,0,0,0,0,0,0,0,0,0,0,0,0,0,0,28.1919738,76.6190774
HARYANA,Urban,Rewari,Bicycle,7037,6862,175,0,0,0,1189,1152,37,4596,4482,114,742,734,8,146,142,4,364,352,12,0,0,0,0,0,0,0,0,0,28.1919738,76.6190774
HARYANA,Urban,Rewari,Moped/Scooter/Motor Cycle,9084,8338,746,0,0,0,1810,1681,129,4562,4190,372,1190,1065,125,747,684,63,206,189,17,186,179,7,168,156,12,215,194,21,28.1919738,76.6190774
HARYANA,Urban,Rewari,Car/Jeep/Van,1772,1581,191,0,0,0,197,170,27,596,526,70,209,181,28,266,243,23,125,118,7,148,133,15,187,172,15,44,38,6,28.1919738,76.6190774
HARYANA,Urban,Rewari,Tempo/Autorickshaw/Taxi,2827,2181,646,0,0,0,242,172,70,1381,1051,330,608,469,139,350,279,71,77,64,13,52,45,7,67,59,8,50,42,8,28.1919738,76.6190774
HARYANA,Urban,Rewari,Bus,7814,6683,1131,0,0,0,343,273,70,1348,1133,215,1011,801,210,1977,1702,275,1006,869,137,984,861,123,1044,962,82,101,82,19,28.1919738,76.6190774
HARYANA,Urban,Rewari,Train,2730,2590,140,0,0,0,129,119,10,170,157,13,72,67,5,73,65,8,79,73,6,296,288,8,1782,1700,82,129,121,8,28.1919738,76.6190774
HARYANA,Urban,Rewari,Water transport,31,26,5,0,0,0,10,8,2,2,1,1,3,2,1,2,2,0,1,1,0,2,2,0,10,10,0,1,0,1,28.1919738,76.6190774
HARYANA,Urban,Rewari,Any other,373,304,69,0,0,0,45,40,5,152,126,26,72,52,20,33,26,7,14,11,3,13,10,3,27,24,3,17,15,2,28.1919738,76.6190774
HARYANA,Urban,Rewari,No travel,16962,13936,3026,16962,13936,3026,0,0,0,0,0,0,0,0,0,0,0,0,0,0,0,0,0,0,0,0,0,0,0,0,28.1919738,76.6190774
RAJASTHAN,Total,Alwar,All Modes,558317,420158,138159,202544,109841,92703,82438,63424,19014,112529,97872,14657,56828,51840,4988,33104,30765,2339,15791,14674,1117,18063,16792,1271,33398,31634,1764,3622,3316,306,27.5529907,76.6345735
RAJASTHAN,Total,Alwar,On foot,115481,86534,28947,0,0,0,66081,48783,17298,39252,29537,9715,10148,8214,1934,0,0,0,0,0,0,0,0,0,0,0,0,0,0,0,27.5529907,76.6345735
RAJASTHAN,Total,Alwar,Bicycle,60340,58651,1689,0,0,0,4921,4625,296,32503,31616,887,15536,15227,309,4993,4894,99,2387,2289,98,0,0,0,0,0,0,0,0,0,27.5529907,76.6345735
RAJASTHAN,Total,Alwar,Moped/Scooter/Motor Cycle,70375,65712,4663,0,0,0,7183,6452,731,28442,26406,2036,16438,15428,1010,10416,9894,522,3257,3134,123,2557,2450,107,1021,984,37,1061,964,97,27.5529907,76.6345735
RAJASTHAN,Total,Alwar,Car/Jeep/Van,10690,9798,892,0,0,0,736,649,87,2769,2460,309,2380,2198,182,2120,1965,155,582,544,38,892,837,55,1040,982,58,171,163,8,27.5529907,76.6345735
RAJASTHAN,Total,Alwar,Tempo/Autorickshaw/Taxi,12085,10272,1813,0,0,0,645,523,122,3756,2938,818,3603,3103,500,2679,2401,278,483,456,27,357,332,25,368,363,5,194,156,38,27.5529907,76.6345735
RAJASTHAN,Total,Alwar,Bus,67596,61493,6103,0,0,0,1631,1397,234,4326,3586,740,7591,6622,969,11948,10743,1205,8514,7715,799,12439,11432,1007,19878,18836,1042,1269,1162,107,27.5529907,76.6345735
RAJASTHAN,Total,Alwar,Train,14991,13991,1000,0,0,0,672,531,141,521,481,40,381,348,33,480,426,54,399,375,24,1573,1509,64,10232,9623,609,733,698,35,27.5529907,76.6345735
RAJASTHAN,Total,Alwar,Water transport,336,280,56,0,0,0,106,72,34,31,27,4,28,21,7,36,32,4,18,17,1,22,21,1,68,67,1,27,23,4,27.5529907,76.6345735
RAJASTHAN,Total,Alwar,Any other,3879,3586,293,0,0,0,463,392,71,929,821,108,723,679,44,432,410,22,151,144,7,223,211,12,791,779,12,167,150,17,27.5529907,76.6345735
RAJASTHAN,Total,Alwar,No travel,202544,109841,92703,202544,109841,92703,0,0,0,0,0,0,0,0,0,0,0,0,0,0,0,0,0,0,0,0,0,0,0,0,27.5529907,76.6345735
RAJASTHAN,Rural,Alwar,All Modes,367820,259498,108322,162666,81372,81294,44638,31222,13416,50700,43014,7686,33236,30720,2516,23717,22658,1059,11770,11242,528,13356,12769,587,25386,24313,1073,2351,2188,163,27.5529907,76.6345735
RAJASTHAN,Rural,Alwar,On foot,66921,46931,19990,0,0,0,37403,25032,12371,23121,16807,6314,6397,5092,1305,0,0,0,0,0,0,0,0,0,0,0,0,0,0,0,27.5529907,76.6345735
RAJASTHAN,Rural,Alwar,Bicycle,29492,28730,762,0,0,0,1967,1772,195,13042,12736,306,9242,9086,156,3839,3788,51,1402,1348,54,0,0,0,0,0,0,0,0,0,27.5529907,76.6345735
RAJASTHAN,Rural,Alwar,Moped/Scooter/Motor Cycle,31713,30060,1653,0,0,0,2480,2044,436,8476,8059,417,8194,7859,335,6951,6711,240,2510,2423,87,1871,1811,60,696,673,23,535,480,55,27.5529907,76.6345735
RAJASTHAN,Rural,Alwar,Car/Jeep/Van,5745,5417,328,0,0,0,373,344,29,958,866,92,1326,1254,72,1379,1300,79,374,356,18,558,538,20,685,669,16,92,90,2,27.5529907,76.6345735
RAJASTHAN,Rural,Alwar,Tempo/Autorickshaw/Taxi,6457,5937,520,0,0,0,359,311,48,1234,1112,122,1799,1639,160,2036,1894,142,374,359,15,243,232,11,288,286,2,124,104,20,27.5529907,76.6345735
RAJASTHAN,Rural,Alwar,Bus,52278,49289,2989,0,0,0,1224,1076,148,3114,2745,369,5595,5148,447,8875,8379,496,6743,6405,338,9542,9085,457,16198,15526,672,987,925,62,27.5529907,76.6345735
RAJASTHAN,Rural,Alwar,Train,9925,9330,595,0,0,0,472,358,114,324,301,23,274,257,17,343,309,34,224,215,9,943,913,30,6845,6490,355,500,487,13,27.5529907,76.6345735
RAJASTHAN,Rural,Alwar,Water transport,222,183,39,0,0,0,71,42,29,13,11,2,15,13,2,28,26,2,14,13,1,14,14,0,52,52,0,15,12,3,27.5529907,76.6345735
RAJASTHAN,Rural,Alwar,Any other,2401,2249,152,0,0,0,289,243,46,418,377,41,394,372,22,266,251,15,129,123,6,185,176,9,622,617,5,98,90,8,27.5529907,76.6345735
RAJASTHAN,Rural,Alwar,No travel,162666,81372,81294,162666,81372,81294,0,0,0,0,0,0,0,0,0,0,0,0,0,0,0,0,0,0,0,0,0,0,0,0,27.5529907,76.6345735
RAJASTHAN,Urban,Alwar,All Modes,190497,160660,29837,39878,28469,11409,37800,32202,5598,61829,54858,6971,23592,21120,2472,9387,8107,1280,4021,3432,589,4707,4023,684,8012,7321,691,1271,1128,143,27.5529907,76.6345735
RAJASTHAN,Urban,Alwar,On foot,48560,39603,8957,0,0,0,28678,23751,4927,16131,12730,3401,3751,3122,629,0,0,0,0,0,0,0,0,0,0,0,0,0,0,0,27.5529907,76.6345735
RAJASTHAN,Urban,Alwar,Bicycle,30848,29921,927,0,0,0,2954,2853,101,19461,18880,581,6294,6141,153,1154,1106,48,985,941,44,0,0,0,0,0,0,0,0,0,27.5529907,76.6345735
RAJASTHAN,Urban,Alwar,Moped/Scooter/Motor Cycle,38662,35652,3010,0,0,0,4703,4408,295,19966,18347,1619,8244,7569,675,3465,3183,282,747,711,36,686,639,47,325,311,14,526,484,42,27.5529907,76.6345735
RAJASTHAN,Urban,Alwar,Car/Jeep/Van,4945,4381,564,0,0,0,363,305,58,1811,1594,217,1054,944,110,741,665,76,208,188,20,334,299,35,355,313,42,79,73,6,27.5529907,76.6345735
RAJASTHAN,Urban,Alwar,Tempo/Autorickshaw/Taxi,5628,4335,1293,0,0,0,286,212,74,2522,1826,696,1804,1464,340,643,507,136,109,97,12,114,100,14,80,77,3,70,52,18,27.5529907,76.6345735
RAJASTHAN,Urban,Alwar,Bus,15318,12204,3114,0,0,0,407,321,86,1212,841,371,1996,1474,522,3073,2364,709,1771,1310,461,2897,2347,550,3680,3310,370,282,237,45,27.5529907,76.6345735
RAJASTHAN,Urban,Alwar,Train,5066,4661,405,0,0,0,200,173,27,197,180,17,107,91,16,137,117,20,175,160,15,630,596,34,3387,3133,254,233,211,22,27.5529907,76.6345735
RAJASTHAN,Urban,Alwar,Water transport,114,97,17,0,0,0,35,30,5,18,16,2,13,8,5,8,6,2,4,4,0,8,7,1,16,15,1,12,11,1,27.5529907,76.6345735
RAJASTHAN,Urban,Alwar,Any other,1478,1337,141,0,0,0,174,149,25,511,444,67,329,307,22,166,159,7,22,21,1,38,35,3,169,162,7,69,60,9,27.5529907,76.6345735
RAJASTHAN,Urban,Alwar,No travel,39878,28469,11409,39878,28469,11409,0,0,0,0,0,0,0,0,0,0,0,0,0,0,0,0,0,0,0,0,0,0,0,0,27.5529907,76.6345735
KARNATAKA,Total,Mysore,All Modes,625767,476203,149564,176699,111879,64820,71486,52499,18987,128652,101254,27398,116271,95757,20514,53643,46498,7145,28090,24692,3398,20471,17499,2972,21615,18404,3211,8840,7721,1119,12.2958104,76.6393805
KARNATAKA,Total,Mysore,On foot,104882,70355,34527,0,0,0,48447,32533,15914,33743,21488,12255,22692,16334,6358,0,0,0,0,0,0,0,0,0,0,0,0,0,0,0,12.2958104,76.6393805
KARNATAKA,Total,Mysore,Bicycle,45039,42483,2556,0,0,0,4319,4000,319,19205,18111,1094,12940,12323,617,4408,4187,221,4167,3862,305,0,0,0,0,0,0,0,0,0,12.2958104,76.6393805
KARNATAKA,Total,Mysore,Moped/Scooter/Motor Cycle,118278,106283,11995,0,0,0,11552,10427,1125,43245,38149,5096,35923,32148,3775,15600,14405,1195,4041,3845,196,2602,2450,152,1699,1565,134,3616,3294,322,12.2958104,76.6393805
KARNATAKA,Total,Mysore,Car/Jeep/Van,18136,15309,2827,0,0,0,1198,992,206,5051,4132,919,4579,3845,734,2719,2292,427,1137,1000,137,1408,1198,210,1424,1309,115,620,541,79,12.2958104,76.6393805
KARNATAKA,Total,Mysore,Tempo/Autorickshaw/Taxi,19334,16805,2529,0,0,0,1352,1161,191,4822,3720,1102,4947,4264,683,3140,2878,262,1804,1691,113,1280,1213,67,832,805,27,1157,1073,84,12.2958104,76.6393805
KARNATAKA,Total,Mysore,Bus,129032,100628,28404,0,0,0,3845,2740,1105,20535,13903,6632,33288,25201,8087,26635,21717,4918,15819,13312,2507,13044,10680,2364,13359,11085,2274,2507,1990,517,12.2958104,76.6393805
KARNATAKA,Total,Mysore,Train,10296,8769,1527,0,0,0,429,340,89,1105,910,195,1002,842,160,675,580,95,872,749,123,1919,1752,167,3931,3296,635,363,300,63,12.2958104,76.6393805
KARNATAKA,Total,Mysore,Water transport,620,525,95,0,0,0,44,33,11,131,115,16,177,150,27,147,135,12,34,28,6,16,10,6,36,27,9,35,27,8,12.2958104,76.6393805
KARNATAKA,Total,Mysore,Any other,3451,3167,284,0,0,0,300,273,27,815,726,89,723,650,73,319,304,15,216,205,11,202,196,6,334,317,17,542,496,46,12.2958104,76.6393805
KARNATAKA,Total,Mysore,No travel,176699,111879,64820,176699,111879,64820,0,0,0,0,0,0,0,0,0,0,0,0,0,0,0,0,0,0,0,0,0,0,0,0,12.2958104,76.6393805
KARNATAKA,Rural,Mysore,All Modes,189497,140341,49156,72198,44165,28033,16362,10956,5406,21842,16554,5288,27330,22414,4916,21747,19411,2336,13218,12024,1194,9526,8512,1014,6162,5342,820,1112,963,149,12.2958104,76.6393805
KARNATAKA,Rural,Mysore,On foot,27321,17215,10106,0,0,0,12353,7585,4768,8225,4959,3266,6743,4671,2072,0,0,0,0,0,0,0,0,0,0,0,0,0,0,0,12.2958104,76.6393805
KARNATAKA,Rural,Mysore,Bicycle,10775,10385,390,0,0,0,869,793,76,3755,3626,129,3322,3238,84,1762,1726,36,1067,1002,65,0,0,0,0,0,0,0,0,0,12.2958104,76.6393805
KARNATAKA,Rural,Mysore,Moped/Scooter/Motor Cycle,14216,13529,687,0,0,0,1024,953,71,3342,3104,238,3882,3698,184,3491,3377,114,1334,1296,38,647,629,18,278,266,12,218,206,12,12.2958104,76.6393805
KARNATAKA,Rural,Mysore,Car/Jeep/Van,2615,2112,503,0,0,0,137,112,25,304,234,70,456,388,68,529,410,119,323,260,63,564,438,126,230,208,22,72,62,10,12.2958104,76.6393805
KARNATAKA,Rural,Mysore,Tempo/Autorickshaw/Taxi,5205,4369,836,0,0,0,249,209,40,1077,789,288,1433,1177,256,1070,945,125,628,555,73,425,397,28,205,193,12,118,104,14,12.2958104,76.6393805
KARNATAKA,Rural,Mysore,Bus,52625,44483,8142,0,0,0,1526,1138,388,4661,3420,1241,10932,8750,2182,14431,12521,1910,9385,8466,919,6569,5805,764,4607,3942,665,514,441,73,12.2958104,76.6393805
KARNATAKA,Rural,Mysore,Train,3206,2866,340,0,0,0,123,99,24,226,196,30,239,205,34,243,222,21,351,323,28,1203,1134,69,719,616,103,102,71,31,12.2958104,76.6393805
KARNATAKA,Rural,Mysore,Water transport,347,314,33,0,0,0,23,21,2,70,66,4,104,94,10,114,107,7,11,8,3,5,2,3,8,6,2,12,10,2,12.2958104,76.6393805
KARNATAKA,Rural,Mysore,Any other,989,903,86,0,0,0,58,46,12,182,160,22,219,193,26,107,103,4,119,114,5,113,107,6,115,111,4,76,69,7,12.2958104,76.6393805
KARNATAKA,Rural,Mysore,No travel,72198,44165,28033,72198,44165,28033,0,0,0,0,0,0,0,0,0,0,0,0,0,0,0,0,0,0,0,0,0,0,0,0,12.2958104,76.6393805
KARNATAKA,Urban,Mysore,All Modes,436270,335862,100408,104501,67714,36787,55124,41543,13581,106810,84700,22110,88941,73343,15598,31896,27087,4809,14872,12668,2204,10945,8987,1958,15453,13062,2391,7728,6758,970,12.2958104,76.6393805
KARNATAKA,Urban,Mysore,On foot,77561,53140,24421,0,0,0,36094,24948,11146,25518,16529,8989,15949,11663,4286,0,0,0,0,0,0,0,0,0,0,0,0,0,0,0,12.2958104,76.6393805
KARNATAKA,Urban,Mysore,Bicycle,34264,32098,2166,0,0,0,3450,3207,243,15450,14485,965,9618,9085,533,2646,2461,185,3100,2860,240,0,0,0,0,0,0,0,0,0,12.2958104,76.6393805
KARNATAKA,Urban,Mysore,Moped/Scooter/Motor Cycle,104062,92754,11308,0,0,0,10528,9474,1054,39903,35045,4858,32041,28450,3591,12109,11028,1081,2707,2549,158,1955,1821,134,1421,1299,122,3398,3088,310,12.2958104,76.6393805
KARNATAKA,Urban,Mysore,Car/Jeep/Van,15521,13197,2324,0,0,0,1061,880,181,4747,3898,849,4123,3457,666,2190,1882,308,814,740,74,844,760,84,1194,1101,93,548,479,69,12.2958104,76.6393805
KARNATAKA,Urban,Mysore,Tempo/Autorickshaw/Taxi,14129,12436,1693,0,0,0,1103,952,151,3745,2931,814,3514,3087,427,2070,1933,137,1176,1136,40,855,816,39,627,612,15,1039,969,70,12.2958104,76.6393805
KARNATAKA,Urban,Mysore,Bus,76407,56145,20262,0,0,0,2319,1602,717,15874,10483,5391,22356,16451,5905,12204,9196,3008,6434,4846,1588,6475,4875,1600,8752,7143,1609,1993,1549,444,12.2958104,76.6393805
KARNATAKA,Urban,Mysore,Train,7090,5903,1187,0,0,0,306,241,65,879,714,165,763,637,126,432,358,74,521,426,95,716,618,98,3212,2680,532,261,229,32,12.2958104,76.6393805
KARNATAKA,Urban,Mysore,Water transport,273,211,62,0,0,0,21,12,9,61,49,12,73,56,17,33,28,5,23,20,3,11,8,3,28,21,7,23,17,6,12.2958104,76.6393805
KARNATAKA,Urban,Mysore,Any other,2462,2264,198,0,0,0,242,227,15,633,566,67,504,457,47,212,201,11,97,91,6,89,89,0,219,206,13,466,427,39,12.2958104,76.6393805
KARNATAKA,Urban,Mysore,No travel,104501,67714,36787,104501,67714,36787,0,0,0,0,0,0,0,0,0,0,0,0,0,0,0,0,0,0,0,0,0,0,0,0,12.2958104,76.6393805
HARYANA,Total,Jhajjar,All Modes,160046,130937,29109,58101,40669,17432,21890,18421,3469,20871,18417,2454,15787,13635,2152,8539,7566,973,8282,7572,710,12804,11919,885,10582,9902,680,3190,2836,354,28.6054875,76.6537749
HARYANA,Total,Jhajjar,On foot,30511,25247,5264,0,0,0,17599,14501,3098,6272,5289,983,6640,5457,1183,0,0,0,0,0,0,0,0,0,0,0,0,0,0,0,28.6054875,76.6537749
HARYANA,Total,Jhajjar,Bicycle,11503,11063,440,0,0,0,1444,1388,56,6114,5891,223,1887,1823,64,611,591,20,1447,1370,77,0,0,0,0,0,0,0,0,0,28.6054875,76.6537749
HARYANA,Total,Jhajjar,Moped/Scooter/Motor Cycle,12337,11653,684,0,0,0,1213,1126,87,3441,3207,234,2049,1945,104,1665,1593,72,1116,1082,34,1505,1451,54,682,645,37,666,604,62,28.6054875,76.6537749
HARYANA,Total,Jhajjar,Car/Jeep/Van,4352,3846,506,0,0,0,465,433,32,887,755,132,517,463,54,592,507,85,454,407,47,745,666,79,379,341,38,313,274,39,28.6054875,76.6537749
HARYANA,Total,Jhajjar,Tempo/Autorickshaw/Taxi,5002,4257,745,0,0,0,254,210,44,1642,1331,311,1398,1204,194,626,551,75,202,180,22,328,302,26,279,253,26,273,226,47,28.6054875,76.6537749
HARYANA,Total,Jhajjar,Bus,28836,25461,3375,0,0,0,585,463,122,1871,1367,504,2861,2363,498,4284,3626,658,3731,3290,441,7293,6746,547,7022,6565,457,1189,1041,148,28.6054875,76.6537749
HARYANA,Total,Jhajjar,Train,8170,7660,510,0,0,0,220,205,15,325,304,21,250,230,20,677,627,50,1279,1198,81,2841,2670,171,1988,1879,109,590,547,43,28.6054875,76.6537749
HARYANA,Total,Jhajjar,Water transport,125,110,15,0,0,0,9,5,4,8,7,1,10,9,1,12,10,2,9,7,2,24,24,0,31,31,0,22,17,5,28.6054875,76.6537749
HARYANA,Total,Jhajjar,Any other,1109,971,138,0,0,0,101,90,11,311,266,45,175,141,34,72,61,11,44,38,6,68,60,8,201,188,13,137,127,10,28.6054875,76.6537749
HARYANA,Total,Jhajjar,No travel,58101,40669,17432,58101,40669,17432,0,0,0,0,0,0,0,0,0,0,0,0,0,0,0,0,0,0,0,0,0,0,0,0,28.6054875,76.6537749
HARYANA,Rural,Jhajjar,All Modes,96675,77225,19450,41268,27766,13502,10773,8823,1950,7786,6812,974,8913,7686,1227,5609,5181,428,4194,3878,316,7972,7541,431,8674,8179,495,1486,1359,127,28.6054875,76.6537749
HARYANA,Rural,Jhajjar,On foot,14455,11448,3007,0,0,0,9342,7507,1835,2311,1865,446,2802,2076,726,0,0,0,0,0,0,0,0,0,0,0,0,0,0,0,28.6054875,76.6537749
HARYANA,Rural,Jhajjar,Bicycle,4665,4492,173,0,0,0,394,378,16,2111,2033,78,1192,1157,35,425,414,11,543,510,33,0,0,0,0,0,0,0,0,0,28.6054875,76.6537749
HARYANA,Rural,Jhajjar,Moped/Scooter/Motor Cycle,6022,5746,276,0,0,0,215,197,18,1180,1096,84,1286,1230,56,1095,1057,38,633,618,15,878,855,23,488,465,23,247,228,19,28.6054875,76.6537749
HARYANA,Rural,Jhajjar,Car/Jeep/Van,1663,1530,133,0,0,0,242,233,9,193,158,35,250,234,16,288,267,21,125,117,8,247,229,18,228,211,17,90,81,9,28.6054875,76.6537749
HARYANA,Rural,Jhajjar,Tempo/Autorickshaw/Taxi,2892,2647,245,0,0,0,93,88,5,648,578,70,988,898,90,475,447,28,129,117,12,223,211,12,207,192,15,129,116,13,28.6054875,76.6537749
HARYANA,Rural,Jhajjar,Bus,21076,19269,1807,0,0,0,342,288,54,1084,865,219,2200,1926,274,3058,2745,313,2423,2203,220,5274,4963,311,6040,5684,356,655,595,60,28.6054875,76.6537749
HARYANA,Rural,Jhajjar,Train,3832,3632,200,0,0,0,80,76,4,81,72,9,64,60,4,203,195,8,299,278,21,1289,1226,63,1526,1453,73,290,272,18,28.6054875,76.6537749
HARYANA,Rural,Jhajjar,Water transport,82,73,9,0,0,0,5,3,2,4,4,0,6,6,0,7,6,1,7,5,2,16,16,0,23,23,0,14,10,4,28.6054875,76.6537749
HARYANA,Rural,Jhajjar,Any other,720,622,98,0,0,0,60,53,7,174,141,33,125,99,26,58,50,8,35,30,5,45,41,4,162,151,11,61,57,4,28.6054875,76.6537749
HARYANA,Rural,Jhajjar,No travel,41268,27766,13502,41268,27766,13502,0,0,0,0,0,0,0,0,0,0,0,0,0,0,0,0,0,0,0,0,0,0,0,0,28.6054875,76.6537749
HARYANA,Urban,Jhajjar,All Modes,63371,53712,9659,16833,12903,3930,11117,9598,1519,13085,11605,1480,6874,5949,925,2930,2385,545,4088,3694,394,4832,4378,454,1908,1723,185,1704,1477,227,28.6054875,76.6537749
HARYANA,Urban,Jhajjar,On foot,16056,13799,2257,0,0,0,8257,6994,1263,3961,3424,537,3838,3381,457,0,0,0,0,0,0,0,0,0,0,0,0,0,0,0,28.6054875,76.6537749
HARYANA,Urban,Jhajjar,Bicycle,6838,6571,267,0,0,0,1050,1010,40,4003,3858,145,695,666,29,186,177,9,904,860,44,0,0,0,0,0,0,0,0,0,28.6054875,76.6537749
HARYANA,Urban,Jhajjar,Moped/Scooter/Motor Cycle,6315,5907,408,0,0,0,998,929,69,2261,2111,150,763,715,48,570,536,34,483,464,19,627,596,31,194,180,14,419,376,43,28.6054875,76.6537749
HARYANA,Urban,Jhajjar,Car/Jeep/Van,2689,2316,373,0,0,0,223,200,23,694,597,97,267,229,38,304,240,64,329,290,39,498,437,61,151,130,21,223,193,30,28.6054875,76.6537749
HARYANA,Urban,Jhajjar,Tempo/Autorickshaw/Taxi,2110,1610,500,0,0,0,161,122,39,994,753,241,410,306,104,151,104,47,73,63,10,105,91,14,72,61,11,144,110,34,28.6054875,76.6537749
HARYANA,Urban,Jhajjar,Bus,7760,6192,1568,0,0,0,243,175,68,787,502,285,661,437,224,1226,881,345,1308,1087,221,2019,1783,236,982,881,101,534,446,88,28.6054875,76.6537749
HARYANA,Urban,Jhajjar,Train,4338,4028,310,0,0,0,140,129,11,244,232,12,186,170,16,474,432,42,980,920,60,1552,1444,108,462,426,36,300,275,25,28.6054875,76.6537749
HARYANA,Urban,Jhajjar,Water transport,43,37,6,0,0,0,4,2,2,4,3,1,4,3,1,5,4,1,2,2,0,8,8,0,8,8,0,8,7,1,28.6054875,76.6537749
HARYANA,Urban,Jhajjar,Any other,389,349,40,0,0,0,41,37,4,137,125,12,50,42,8,14,11,3,9,8,1,23,19,4,39,37,2,76,70,6,28.6054875,76.6537749
HARYANA,Urban,Jhajjar,No travel,16833,12903,3930,16833,12903,3930,0,0,0,0,0,0,0,0,0,0,0,0,0,0,0,0,0,0,0,0,0,0,0,0,28.6054875,76.6537749
KERALA,Total,Palakkad,All Modes,699551,546306,153245,152771,109432,43339,113739,82335,31404,172684,134759,37925,118498,97284,21214,57906,48038,9868,24904,21258,3646,24735,21922,2813,28034,25638,2396,6280,5640,640,10.7867303,76.6547932
KERALA,Total,Palakkad,On foot,171479,118378,53101,0,0,0,93839,64580,29259,60229,41038,19191,17411,12760,4651,0,0,0,0,0,0,0,0,0,0,0,0,0,0,0,10.7867303,76.6547932
KERALA,Total,Palakkad,Bicycle,19257,18775,482,0,0,0,2231,2175,56,11574,11282,292,3742,3663,79,955,919,36,755,736,19,0,0,0,0,0,0,0,0,0,10.7867303,76.6547932
KERALA,Total,Palakkad,Moped/Scooter/Motor Cycle,79466,74763,4703,0,0,0,7617,7073,544,31984,29643,2341,20933,19781,1152,11331,10882,449,3687,3584,103,1909,1862,47,712,698,14,1293,1240,53,10.7867303,76.6547932
KERALA,Total,Palakkad,Car/Jeep/Van,15345,13325,2020,0,0,0,1660,1494,166,4840,4146,694,3436,2994,442,2166,1813,353,1062,895,167,939,843,96,813,745,68,429,395,34,10.7867303,76.6547932
KERALA,Total,Palakkad,Tempo/Autorickshaw/Taxi,18381,17457,924,0,0,0,3260,3139,121,7899,7401,498,3313,3145,168,1467,1391,76,677,651,26,675,657,18,474,471,3,616,602,14,10.7867303,76.6547932
KERALA,Total,Palakkad,Bus,224242,177427,46815,0,0,0,4468,3286,1182,55359,40524,14835,68795,54163,14632,41278,32394,8884,17927,14675,3252,18541,16181,2360,15293,14044,1249,2581,2160,421,10.7867303,76.6547932
KERALA,Total,Palakkad,Train,15563,13858,1705,0,0,0,267,219,48,337,286,51,449,386,63,489,425,64,668,592,76,2476,2194,282,10209,9164,1045,668,592,76,10.7867303,76.6547932
KERALA,Total,Palakkad,Water transport,245,219,26,0,0,0,23,17,6,46,42,4,56,47,9,14,11,3,11,10,1,9,8,1,55,54,1,31,30,1,10.7867303,76.6547932
KERALA,Total,Palakkad,Any other,2802,2672,130,0,0,0,374,352,22,416,397,19,363,345,18,206,203,3,117,115,2,186,177,9,478,462,16,662,621,41,10.7867303,76.6547932
KERALA,Total,Palakkad,No travel,152771,109432,43339,152771,109432,43339,0,0,0,0,0,0,0,0,0,0,0,0,0,0,0,0,0,0,0,0,0,0,0,0,10.7867303,76.6547932
KERALA,Rural,Palakkad,All Modes,494645,387773,106872,115031,83004,32027,76971,55650,21321,109245,84639,24606,84137,69469,14668,45037,37663,7374,20120,17298,2822,18851,16814,2037,20900,19304,1596,4353,3932,421,10.7867303,76.6547932
KERALA,Rural,Palakkad,On foot,121307,83838,37469,0,0,0,65382,45259,20123,42576,28784,13792,13349,9795,3554,0,0,0,0,0,0,0,0,0,0,0,0,0,0,0,10.7867303,76.6547932
KERALA,Rural,Palakkad,Bicycle,11754,11443,311,0,0,0,1242,1210,32,6788,6600,188,2478,2432,46,717,687,30,529,514,15,0,0,0,0,0,0,0,0,0,10.7867303,76.6547932
KERALA,Rural,Palakkad,Moped/Scooter/Motor Cycle,48323,45916,2407,0,0,0,3817,3569,248,16808,15766,1042,13452,12816,636,8519,8200,319,2948,2862,86,1437,1402,35,509,498,11,833,803,30,10.7867303,76.6547932
KERALA,Rural,Palakkad,Car/Jeep/Van,8983,7760,1223,0,0,0,900,840,60,2353,2025,328,2113,1823,290,1450,1186,264,756,616,140,608,530,78,517,473,44,286,267,19,10.7867303,76.6547932
KERALA,Rural,Palakkad,Tempo/Autorickshaw/Taxi,11616,11118,498,0,0,0,2104,2052,52,4636,4423,213,2205,2084,121,1013,952,61,457,433,24,452,435,17,358,355,3,391,384,7,10.7867303,76.6547932
KERALA,Rural,Palakkad,Bus,166545,134518,32027,0,0,0,3096,2326,770,35572,26571,9001,49989,40022,9967,32869,26215,6654,14990,12468,2522,15165,13347,1818,12880,11884,996,1984,1685,299,10.7867303,76.6547932
KERALA,Rural,Palakkad,Train,9005,8190,815,0,0,0,163,144,19,205,176,29,287,250,37,297,255,42,343,310,33,1052,970,82,6243,5710,533,415,375,40,10.7867303,76.6547932
KERALA,Rural,Palakkad,Water transport,165,146,19,0,0,0,17,14,3,31,29,2,37,29,8,13,10,3,8,7,1,8,8,0,33,32,1,18,17,1,10.7867303,76.6547932
KERALA,Rural,Palakkad,Any other,1916,1840,76,0,0,0,250,236,14,276,265,11,227,218,9,159,158,1,89,88,1,129,122,7,360,352,8,426,401,25,10.7867303,76.6547932
KERALA,Rural,Palakkad,No travel,115031,83004,32027,115031,83004,32027,0,0,0,0,0,0,0,0,0,0,0,0,0,0,0,0,0,0,0,0,0,0,0,0,10.7867303,76.6547932
KERALA,Urban,Palakkad,All Modes,204906,158533,46373,37740,26428,11312,36768,26685,10083,63439,50120,13319,34361,27815,6546,12869,10375,2494,4784,3960,824,5884,5108,776,7134,6334,800,1927,1708,219,10.7867303,76.6547932
KERALA,Urban,Palakkad,On foot,50172,34540,15632,0,0,0,28457,19321,9136,17653,12254,5399,4062,2965,1097,0,0,0,0,0,0,0,0,0,0,0,0,0,0,0,10.7867303,76.6547932
KERALA,Urban,Palakkad,Bicycle,7503,7332,171,0,0,0,989,965,24,4786,4682,104,1264,1231,33,238,232,6,226,222,4,0,0,0,0,0,0,0,0,0,10.7867303,76.6547932
KERALA,Urban,Palakkad,Moped/Scooter/Motor Cycle,31143,28847,2296,0,0,0,3800,3504,296,15176,13877,1299,7481,6965,516,2812,2682,130,739,722,17,472,460,12,203,200,3,460,437,23,10.7867303,76.6547932
KERALA,Urban,Palakkad,Car/Jeep/Van,6362,5565,797,0,0,0,760,654,106,2487,2121,366,1323,1171,152,716,627,89,306,279,27,331,313,18,296,272,24,143,128,15,10.7867303,76.6547932
KERALA,Urban,Palakkad,Tempo/Autorickshaw/Taxi,6765,6339,426,0,0,0,1156,1087,69,3263,2978,285,1108,1061,47,454,439,15,220,218,2,223,222,1,116,116,0,225,218,7,10.7867303,76.6547932
KERALA,Urban,Palakkad,Bus,57697,42909,14788,0,0,0,1372,960,412,19787,13953,5834,18806,14141,4665,8409,6179,2230,2937,2207,730,3376,2834,542,2413,2160,253,597,475,122,10.7867303,76.6547932
KERALA,Urban,Palakkad,Train,6558,5668,890,0,0,0,104,75,29,132,110,22,162,136,26,192,170,22,325,282,43,1424,1224,200,3966,3454,512,253,217,36,10.7867303,76.6547932
KERALA,Urban,Palakkad,Water transport,80,73,7,0,0,0,6,3,3,15,13,2,19,18,1,1,1,0,3,3,0,1,0,1,22,22,0,13,13,0,10.7867303,76.6547932
KERALA,Urban,Palakkad,Any other,886,832,54,0,0,0,124,116,8,140,132,8,136,127,9,47,45,2,28,27,1,57,55,2,118,110,8,236,220,16,10.7867303,76.6547932
KERALA,Urban,Palakkad,No travel,37740,26428,11312,37740,26428,11312,0,0,0,0,0,0,0,0,0,0,0,0,0,0,0,0,0,0,0,0,0,0,0,0,10.7867303,76.6547932
HIMACHAL PRADESH,Total,Bilaspur,All Modes,72003,59638,12365,19972,14863,5109,10813,8107,2706,16010,13911,2099,10516,9354,1162,5728,5141,587,2605,2351,254,2401,2232,169,3597,3354,243,361,325,36,31.3406931,76.6874701
HIMACHAL PRADESH,Total,Bilaspur,On foot,21251,17072,4179,0,0,0,8681,6303,2378,8758,7517,1241,3812,3252,560,0,0,0,0,0,0,0,0,0,0,0,0,0,0,0,31.3406931,76.6874701
HIMACHAL PRADESH,Total,Bilaspur,Bicycle,608,554,54,0,0,0,70,52,18,260,246,14,148,139,9,67,62,5,63,55,8,0,0,0,0,0,0,0,0,0,31.3406931,76.6874701
HIMACHAL PRADESH,Total,Bilaspur,Moped/Scooter/Motor Cycle,3435,3271,164,0,0,0,581,534,47,1128,1067,61,709,684,25,517,502,15,189,184,5,142,137,5,121,120,1,48,43,5,31.3406931,76.6874701
HIMACHAL PRADESH,Total,Bilaspur,Car/Jeep/Van,1694,1562,132,0,0,0,308,280,28,519,479,40,235,216,19,268,251,17,108,98,10,104,101,3,121,108,13,31,29,2,31.3406931,76.6874701
HIMACHAL PRADESH,Total,Bilaspur,Tempo/Autorickshaw/Taxi,868,769,99,0,0,0,75,60,15,247,218,29,163,147,16,134,119,15,57,50,7,72,64,8,102,97,5,18,14,4,31.3406931,76.6874701
HIMACHAL PRADESH,Total,Bilaspur,Bus,23387,20788,2599,0,0,0,1033,817,216,4932,4223,709,5286,4760,526,4635,4103,532,2123,1900,223,2013,1861,152,3138,2918,220,227,206,21,31.3406931,76.6874701
HIMACHAL PRADESH,Total,Bilaspur,Train,261,247,14,0,0,0,28,24,4,36,33,3,31,31,0,19,18,1,12,12,0,22,21,1,85,83,2,28,25,3,31.3406931,76.6874701
HIMACHAL PRADESH,Total,Bilaspur,Water transport,184,173,11,0,0,0,3,3,0,65,64,1,80,73,7,15,14,1,7,6,1,6,6,0,8,7,1,0,0,0,31.3406931,76.6874701
HIMACHAL PRADESH,Total,Bilaspur,Any other,343,339,4,0,0,0,34,34,0,65,64,1,52,52,0,73,72,1,46,46,0,42,42,0,22,21,1,9,8,1,31.3406931,76.6874701
HIMACHAL PRADESH,Total,Bilaspur,No travel,19972,14863,5109,19972,14863,5109,0,0,0,0,0,0,0,0,0,0,0,0,0,0,0,0,0,0,0,0,0,0,0,0,31.3406931,76.6874701
HIMACHAL PRADESH,Rural,Bilaspur,All Modes,63779,53254,10525,17307,12739,4568,8653,6367,2286,14687,12926,1761,9676,8760,916,5230,4779,451,2372,2180,192,2224,2092,132,3344,3145,199,286,266,20,31.3406931,76.6874701
HIMACHAL PRADESH,Rural,Bilaspur,On foot,18474,14903,3571,0,0,0,7013,4965,2048,8165,7074,1091,3296,2864,432,0,0,0,0,0,0,0,0,0,0,0,0,0,0,0,31.3406931,76.6874701
HIMACHAL PRADESH,Rural,Bilaspur,Bicycle,553,510,43,0,0,0,51,38,13,241,229,12,143,136,7,64,60,4,54,47,7,0,0,0,0,0,0,0,0,0,31.3406931,76.6874701
HIMACHAL PRADESH,Rural,Bilaspur,Moped/Scooter/Motor Cycle,2926,2805,121,0,0,0,394,365,29,954,908,46,664,643,21,474,462,12,176,171,5,130,126,4,104,103,1,30,27,3,31.3406931,76.6874701
HIMACHAL PRADESH,Rural,Bilaspur,Car/Jeep/Van,1233,1154,79,0,0,0,167,155,12,379,361,18,203,189,14,209,195,14,83,74,9,84,81,3,89,80,9,19,19,0,31.3406931,76.6874701
HIMACHAL PRADESH,Rural,Bilaspur,Tempo/Autorickshaw/Taxi,729,683,46,0,0,0,54,45,9,203,193,10,146,137,9,108,100,8,52,47,5,63,60,3,92,90,2,11,11,0,31.3406931,76.6874701
HIMACHAL PRADESH,Rural,Bilaspur,Bus,21812,19741,2071,0,0,0,920,747,173,4585,4006,579,5065,4639,426,4273,3863,410,1944,1779,165,1879,1757,122,2947,2764,183,199,186,13,31.3406931,76.6874701
HIMACHAL PRADESH,Rural,Bilaspur,Train,246,235,11,0,0,0,24,22,2,35,32,3,31,31,0,19,18,1,12,12,0,21,21,0,84,82,2,20,17,3,31.3406931,76.6874701
HIMACHAL PRADESH,Rural,Bilaspur,Water transport,181,170,11,0,0,0,2,2,0,64,63,1,80,73,7,15,14,1,6,5,1,6,6,0,8,7,1,0,0,0,31.3406931,76.6874701
HIMACHAL PRADESH,Rural,Bilaspur,Any other,318,314,4,0,0,0,28,28,0,61,60,1,48,48,0,68,67,1,45,45,0,41,41,0,20,19,1,7,6,1,31.3406931,76.6874701
HIMACHAL PRADESH,Rural,Bilaspur,No travel,17307,12739,4568,17307,12739,4568,0,0,0,0,0,0,0,0,0,0,0,0,0,0,0,0,0,0,0,0,0,0,0,0,31.3406931,76.6874701
HIMACHAL PRADESH,Urban,Bilaspur,All Modes,8224,6384,1840,2665,2124,541,2160,1740,420,1323,985,338,840,594,246,498,362,136,233,171,62,177,140,37,253,209,44,75,59,16,31.3406931,76.6874701
HIMACHAL PRADESH,Urban,Bilaspur,On foot,2777,2169,608,0,0,0,1668,1338,330,593,443,150,516,388,128,0,0,0,0,0,0,0,0,0,0,0,0,0,0,0,31.3406931,76.6874701
HIMACHAL PRADESH,Urban,Bilaspur,Bicycle,55,44,11,0,0,0,19,14,5,19,17,2,5,3,2,3,2,1,9,8,1,0,0,0,0,0,0,0,0,0,31.3406931,76.6874701
HIMACHAL PRADESH,Urban,Bilaspur,Moped/Scooter/Motor Cycle,509,466,43,0,0,0,187,169,18,174,159,15,45,41,4,43,40,3,13,13,0,12,11,1,17,17,0,18,16,2,31.3406931,76.6874701
HIMACHAL PRADESH,Urban,Bilaspur,Car/Jeep/Van,461,408,53,0,0,0,141,125,16,140,118,22,32,27,5,59,56,3,25,24,1,20,20,0,32,28,4,12,10,2,31.3406931,76.6874701
HIMACHAL PRADESH,Urban,Bilaspur,Tempo/Autorickshaw/Taxi,139,86,53,0,0,0,21,15,6,44,25,19,17,10,7,26,19,7,5,3,2,9,4,5,10,7,3,7,3,4,31.3406931,76.6874701
HIMACHAL PRADESH,Urban,Bilaspur,Bus,1575,1047,528,0,0,0,113,70,43,347,217,130,221,121,100,362,240,122,179,121,58,134,104,30,191,154,37,28,20,8,31.3406931,76.6874701
HIMACHAL PRADESH,Urban,Bilaspur,Train,15,12,3,0,0,0,4,2,2,1,1,0,0,0,0,0,0,0,0,0,0,1,0,1,1,1,0,8,8,0,31.3406931,76.6874701
HIMACHAL PRADESH,Urban,Bilaspur,Water transport,3,3,0,0,0,0,1,1,0,1,1,0,0,0,0,0,0,0,1,1,0,0,0,0,0,0,0,0,0,0,31.3406931,76.6874701
HIMACHAL PRADESH,Urban,Bilaspur,Any other,25,25,0,0,0,0,6,6,0,4,4,0,4,4,0,5,5,0,1,1,0,1,1,0,2,2,0,2,2,0,31.3406931,76.6874701
HIMACHAL PRADESH,Urban,Bilaspur,No travel,2665,2124,541,2665,2124,541,0,0,0,0,0,0,0,0,0,0,0,0,0,0,0,0,0,0,0,0,0,0,0,0,31.3406931,76.6874701
MADHYA PRADESH,Total,Sheopur,All Modes,51283,40597,10686,18227,12956,5271,11930,9881,2049,11570,9622,1948,5678,4696,982,1878,1617,261,797,722,75,475,424,51,525,492,33,203,187,16,25.67282,76.6961305
MADHYA PRADESH,Total,Sheopur,On foot,20564,16164,4400,0,0,0,10259,8318,1941,7057,5393,1664,3248,2453,795,0,0,0,0,0,0,0,0,0,0,0,0,0,0,0,25.67282,76.6961305
MADHYA PRADESH,Total,Sheopur,Bicycle,4100,3973,127,0,0,0,489,468,21,1884,1832,52,1054,1028,26,475,465,10,198,180,18,0,0,0,0,0,0,0,0,0,25.67282,76.6961305
MADHYA PRADESH,Total,Sheopur,Moped/Scooter/Motor Cycle,4387,4168,219,0,0,0,854,822,32,1791,1708,83,634,586,48,535,505,30,236,223,13,148,144,4,63,60,3,126,120,6,25.67282,76.6961305
MADHYA PRADESH,Total,Sheopur,Car/Jeep/Van,442,405,37,0,0,0,60,55,5,88,70,18,29,28,1,153,143,10,28,27,1,34,33,1,34,33,1,16,16,0,25.67282,76.6961305
MADHYA PRADESH,Total,Sheopur,Tempo/Autorickshaw/Taxi,705,592,113,0,0,0,99,77,22,434,363,71,112,103,9,36,29,7,5,5,0,4,4,0,5,4,1,10,7,3,25.67282,76.6961305
MADHYA PRADESH,Total,Sheopur,Bus,2239,1791,448,0,0,0,87,71,16,218,165,53,479,394,85,597,408,189,294,255,39,248,209,39,300,274,26,16,15,1,25.67282,76.6961305
MADHYA PRADESH,Total,Sheopur,Train,383,342,41,0,0,0,49,42,7,42,38,4,59,52,7,37,30,7,32,29,3,34,28,6,101,99,2,29,24,5,25.67282,76.6961305
MADHYA PRADESH,Total,Sheopur,Water transport,9,9,0,0,0,0,5,5,0,0,0,0,1,1,0,0,0,0,1,1,0,0,0,0,0,0,0,2,2,0,25.67282,76.6961305
MADHYA PRADESH,Total,Sheopur,Any other,227,197,30,0,0,0,28,23,5,56,53,3,62,51,11,45,37,8,3,2,1,7,6,1,22,22,0,4,3,1,25.67282,76.6961305
MADHYA PRADESH,Total,Sheopur,No travel,18227,12956,5271,18227,12956,5271,0,0,0,0,0,0,0,0,0,0,0,0,0,0,0,0,0,0,0,0,0,0,0,0,25.67282,76.6961305
MADHYA PRADESH,Rural,Sheopur,All Modes,25591,18210,7381,10734,7113,3621,4207,2877,1330,4803,3387,1416,3656,2902,754,1201,1025,176,363,335,28,227,204,23,344,322,22,56,45,11,25.67282,76.6961305
MADHYA PRADESH,Rural,Sheopur,On foot,9330,6059,3271,0,0,0,3808,2520,1288,3453,2129,1324,2069,1410,659,0,0,0,0,0,0,0,0,0,0,0,0,0,0,0,25.67282,76.6961305
MADHYA PRADESH,Rural,Sheopur,Bicycle,2260,2169,91,0,0,0,169,151,18,820,782,38,802,787,15,380,370,10,89,79,10,0,0,0,0,0,0,0,0,0,25.67282,76.6961305
MADHYA PRADESH,Rural,Sheopur,Moped/Scooter/Motor Cycle,1130,1055,75,0,0,0,114,108,6,346,321,25,290,268,22,186,175,11,84,80,4,61,59,2,29,27,2,20,17,3,25.67282,76.6961305
MADHYA PRADESH,Rural,Sheopur,Car/Jeep/Van,246,230,16,0,0,0,25,23,2,24,19,5,13,13,0,141,133,8,13,12,1,15,15,0,12,12,0,3,3,0,25.67282,76.6961305
MADHYA PRADESH,Rural,Sheopur,Tempo/Autorickshaw/Taxi,103,93,10,0,0,0,6,4,2,28,26,2,47,44,3,12,10,2,4,4,0,1,1,0,3,3,0,2,1,1,25.67282,76.6961305
MADHYA PRADESH,Rural,Sheopur,Bus,1415,1167,248,0,0,0,42,37,5,104,85,19,338,299,39,422,288,134,153,142,11,132,112,20,216,197,19,8,7,1,25.67282,76.6961305
MADHYA PRADESH,Rural,Sheopur,Train,244,224,20,0,0,0,26,22,4,16,15,1,53,48,5,21,18,3,17,16,1,15,15,0,77,76,1,19,14,5,25.67282,76.6961305
MADHYA PRADESH,Rural,Sheopur,Water transport,5,5,0,0,0,0,4,4,0,0,0,0,0,0,0,0,0,0,0,0,0,0,0,0,0,0,0,1,1,0,25.67282,76.6961305
MADHYA PRADESH,Rural,Sheopur,Any other,124,95,29,0,0,0,13,8,5,12,10,2,44,33,11,39,31,8,3,2,1,3,2,1,7,7,0,3,2,1,25.67282,76.6961305
MADHYA PRADESH,Rural,Sheopur,No travel,10734,7113,3621,10734,7113,3621,0,0,0,0,0,0,0,0,0,0,0,0,0,0,0,0,0,0,0,0,0,0,0,0,25.67282,76.6961305
MADHYA PRADESH,Urban,Sheopur,All Modes,25692,22387,3305,7493,5843,1650,7723,7004,719,6767,6235,532,2022,1794,228,677,592,85,434,387,47,248,220,28,181,170,11,147,142,5,25.67282,76.6961305
MADHYA PRADESH,Urban,Sheopur,On foot,11234,10105,1129,0,0,0,6451,5798,653,3604,3264,340,1179,1043,136,0,0,0,0,0,0,0,0,0,0,0,0,0,0,0,25.67282,76.6961305
MADHYA PRADESH,Urban,Sheopur,Bicycle,1840,1804,36,0,0,0,320,317,3,1064,1050,14,252,241,11,95,95,0,109,101,8,0,0,0,0,0,0,0,0,0,25.67282,76.6961305
MADHYA PRADESH,Urban,Sheopur,Moped/Scooter/Motor Cycle,3257,3113,144,0,0,0,740,714,26,1445,1387,58,344,318,26,349,330,19,152,143,9,87,85,2,34,33,1,106,103,3,25.67282,76.6961305
MADHYA PRADESH,Urban,Sheopur,Car/Jeep/Van,196,175,21,0,0,0,35,32,3,64,51,13,16,15,1,12,10,2,15,15,0,19,18,1,22,21,1,13,13,0,25.67282,76.6961305
MADHYA PRADESH,Urban,Sheopur,Tempo/Autorickshaw/Taxi,602,499,103,0,0,0,93,73,20,406,337,69,65,59,6,24,19,5,1,1,0,3,3,0,2,1,1,8,6,2,25.67282,76.6961305
MADHYA PRADESH,Urban,Sheopur,Bus,824,624,200,0,0,0,45,34,11,114,80,34,141,95,46,175,120,55,141,113,28,116,97,19,84,77,7,8,8,0,25.67282,76.6961305
MADHYA PRADESH,Urban,Sheopur,Train,139,118,21,0,0,0,23,20,3,26,23,3,6,4,2,16,12,4,15,13,2,19,13,6,24,23,1,10,10,0,25.67282,76.6961305
MADHYA PRADESH,Urban,Sheopur,Water transport,4,4,0,0,0,0,1,1,0,0,0,0,1,1,0,0,0,0,1,1,0,0,0,0,0,0,0,1,1,0,25.67282,76.6961305
MADHYA PRADESH,Urban,Sheopur,Any other,103,102,1,0,0,0,15,15,0,44,43,1,18,18,0,6,6,0,0,0,0,4,4,0,15,15,0,1,1,0,25.67282,76.6961305
MADHYA PRADESH,Urban,Sheopur,No travel,7493,5843,1650,7493,5843,1650,0,0,0,0,0,0,0,0,0,0,0,0,0,0,0,0,0,0,0,0,0,0,0,0,25.67282,76.6961305
PUNJAB,Total,Sahibzada Ajit Singh Nagar,All Modes,279836,220061,59775,68899,44663,24236,33133,26444,6689,61062,50901,10161,52370,43537,8833,36394,30452,5942,13523,11826,1697,5127,4271,856,4797,4129,668,4531,3838,693,30.7046486,76.7178726
PUNJAB,Total,Sahibzada Ajit Singh Nagar,On foot,41848,31581,10267,0,0,0,22073,16677,5396,10948,8151,2797,8827,6753,2074,0,0,0,0,0,0,0,0,0,0,0,0,0,0,0,30.7046486,76.7178726
PUNJAB,Total,Sahibzada Ajit Singh Nagar,Bicycle,47185,44839,2346,0,0,0,4106,3907,199,21030,19714,1316,12542,12073,469,5729,5553,176,3778,3592,186,0,0,0,0,0,0,0,0,0,30.7046486,76.7178726
PUNJAB,Total,Sahibzada Ajit Singh Nagar,Moped/Scooter/Motor Cycle,63437,54276,9161,0,0,0,4643,4026,617,17475,14563,2912,17541,14747,2794,16202,13988,2214,3903,3639,264,1123,1049,74,375,352,23,2175,1912,263,30.7046486,76.7178726
PUNJAB,Total,Sahibzada Ajit Singh Nagar,Car/Jeep/Van,26186,21247,4939,0,0,0,1276,1053,223,6056,4855,1201,7039,5564,1475,7146,5806,1340,1664,1360,304,1133,974,159,1157,1023,134,715,612,103,30.7046486,76.7178726
PUNJAB,Total,Sahibzada Ajit Singh Nagar,Tempo/Autorickshaw/Taxi,6613,4467,2146,0,0,0,327,237,90,2201,1345,856,1915,1253,662,1237,877,360,278,230,48,184,151,33,128,112,16,343,262,81,30.7046486,76.7178726
PUNJAB,Total,Sahibzada Ajit Singh Nagar,Bus,22310,16015,6295,0,0,0,416,289,127,2658,1660,998,3939,2659,1280,5682,3875,1807,3752,2874,878,2535,1955,580,2526,2088,438,802,615,187,30.7046486,76.7178726
PUNJAB,Total,Sahibzada Ajit Singh Nagar,Train,1505,1339,166,0,0,0,102,88,14,231,200,31,193,168,25,153,137,16,71,66,5,90,87,3,441,398,43,224,195,29,30.7046486,76.7178726
PUNJAB,Total,Sahibzada Ajit Singh Nagar,Water transport,195,162,33,0,0,0,24,17,7,23,18,5,41,37,4,30,24,6,14,12,2,6,5,1,20,16,4,37,33,4,30.7046486,76.7178726
PUNJAB,Total,Sahibzada Ajit Singh Nagar,Any other,1658,1472,186,0,0,0,166,150,16,440,395,45,333,283,50,215,192,23,63,53,10,56,50,6,150,140,10,235,209,26,30.7046486,76.7178726
PUNJAB,Total,Sahibzada Ajit Singh Nagar,No travel,68899,44663,24236,68899,44663,24236,0,0,0,0,0,0,0,0,0,0,0,0,0,0,0,0,0,0,0,0,0,0,0,0,30.7046486,76.7178726
PUNJAB,Rural,Sahibzada Ajit Singh Nagar,All Modes,98862,78569,20293,31520,19241,12279,11459,8875,2584,17072,14869,2203,17684,15749,1935,11367,10734,633,6167,5791,376,1415,1334,81,817,763,54,1361,1213,148,30.7046486,76.7178726
PUNJAB,Rural,Sahibzada Ajit Singh Nagar,On foot,16777,12227,4550,0,0,0,8805,6423,2382,3686,2632,1054,4286,3172,1114,0,0,0,0,0,0,0,0,0,0,0,0,0,0,0,30.7046486,76.7178726
PUNJAB,Rural,Sahibzada Ajit Singh Nagar,Bicycle,22826,21886,940,0,0,0,1540,1474,66,8378,7898,480,7099,6884,215,3658,3570,88,2151,2060,91,0,0,0,0,0,0,0,0,0,30.7046486,76.7178726
PUNJAB,Rural,Sahibzada Ajit Singh Nagar,Moped/Scooter/Motor Cycle,16214,15412,802,0,0,0,711,655,56,3026,2833,193,3932,3734,198,5062,4868,194,2105,2022,83,527,511,16,129,125,4,722,664,58,30.7046486,76.7178726
PUNJAB,Rural,Sahibzada Ajit Singh Nagar,Car/Jeep/Van,1641,1454,187,0,0,0,74,63,11,281,243,38,374,315,59,431,388,43,220,196,24,102,97,5,84,81,3,75,71,4,30.7046486,76.7178726
PUNJAB,Rural,Sahibzada Ajit Singh Nagar,Tempo/Autorickshaw/Taxi,2039,1676,363,0,0,0,94,74,20,698,513,185,545,468,77,357,323,34,113,103,10,53,49,4,38,34,4,141,112,29,30.7046486,76.7178726
PUNJAB,Rural,Sahibzada Ajit Singh Nagar,Bus,6464,5383,1081,0,0,0,140,103,37,676,446,230,1144,899,245,1669,1400,269,1508,1345,163,661,607,54,402,362,40,264,221,43,30.7046486,76.7178726
PUNJAB,Rural,Sahibzada Ajit Singh Nagar,Train,609,577,32,0,0,0,51,44,7,119,112,7,108,103,5,68,67,1,30,30,0,45,44,1,103,100,3,85,77,8,30.7046486,76.7178726
PUNJAB,Rural,Sahibzada Ajit Singh Nagar,Water transport,59,53,6,0,0,0,9,6,3,6,6,0,12,11,1,13,11,2,7,7,0,2,2,0,3,3,0,7,7,0,30.7046486,76.7178726
PUNJAB,Rural,Sahibzada Ajit Singh Nagar,Any other,713,660,53,0,0,0,35,33,2,202,186,16,184,163,21,109,107,2,33,28,5,25,24,1,58,58,0,67,61,6,30.7046486,76.7178726
PUNJAB,Rural,Sahibzada Ajit Singh Nagar,No travel,31520,19241,12279,31520,19241,12279,0,0,0,0,0,0,0,0,0,0,0,0,0,0,0,0,0,0,0,0,0,0,0,0,30.7046486,76.7178726
PUNJAB,Urban,Sahibzada Ajit Singh Nagar,All Modes,180974,141492,39482,37379,25422,11957,21674,17569,4105,43990,36032,7958,34686,27788,6898,25027,19718,5309,7356,6035,1321,3712,2937,775,3980,3366,614,3170,2625,545,30.7046486,76.7178726
PUNJAB,Urban,Sahibzada Ajit Singh Nagar,On foot,25071,19354,5717,0,0,0,13268,10254,3014,7262,5519,1743,4541,3581,960,0,0,0,0,0,0,0,0,0,0,0,0,0,0,0,30.7046486,76.7178726
PUNJAB,Urban,Sahibzada Ajit Singh Nagar,Bicycle,24359,22953,1406,0,0,0,2566,2433,133,12652,11816,836,5443,5189,254,2071,1983,88,1627,1532,95,0,0,0,0,0,0,0,0,0,30.7046486,76.7178726
PUNJAB,Urban,Sahibzada Ajit Singh Nagar,Moped/Scooter/Motor Cycle,47223,38864,8359,0,0,0,3932,3371,561,14449,11730,2719,13609,11013,2596,11140,9120,2020,1798,1617,181,596,538,58,246,227,19,1453,1248,205,30.7046486,76.7178726
PUNJAB,Urban,Sahibzada Ajit Singh Nagar,Car/Jeep/Van,24545,19793,4752,0,0,0,1202,990,212,5775,4612,1163,6665,5249,1416,6715,5418,1297,1444,1164,280,1031,877,154,1073,942,131,640,541,99,30.7046486,76.7178726
PUNJAB,Urban,Sahibzada Ajit Singh Nagar,Tempo/Autorickshaw/Taxi,4574,2791,1783,0,0,0,233,163,70,1503,832,671,1370,785,585,880,554,326,165,127,38,131,102,29,90,78,12,202,150,52,30.7046486,76.7178726
PUNJAB,Urban,Sahibzada Ajit Singh Nagar,Bus,15846,10632,5214,0,0,0,276,186,90,1982,1214,768,2795,1760,1035,4013,2475,1538,2244,1529,715,1874,1348,526,2124,1726,398,538,394,144,30.7046486,76.7178726
PUNJAB,Urban,Sahibzada Ajit Singh Nagar,Train,896,762,134,0,0,0,51,44,7,112,88,24,85,65,20,85,70,15,41,36,5,45,43,2,338,298,40,139,118,21,30.7046486,76.7178726
PUNJAB,Urban,Sahibzada Ajit Singh Nagar,Water transport,136,109,27,0,0,0,15,11,4,17,12,5,29,26,3,17,13,4,7,5,2,4,3,1,17,13,4,30,26,4,30.7046486,76.7178726
PUNJAB,Urban,Sahibzada Ajit Singh Nagar,Any other,945,812,133,0,0,0,131,117,14,238,209,29,149,120,29,106,85,21,30,25,5,31,26,5,92,82,10,168,148,20,30.7046486,76.7178726
PUNJAB,Urban,Sahibzada Ajit Singh Nagar,No travel,37379,25422,11957,37379,25422,11957,0,0,0,0,0,0,0,0,0,0,0,0,0,0,0,0,0,0,0,0,0,0,0,0,30.7046486,76.7178726
MADHYA PRADESH,Total,Rajgarh,All Modes,117565,92851,24714,48408,35121,13287,25844,20966,4878,19523,16282,3241,11163,9359,1804,5089,4376,713,2742,2439,303,1681,1494,187,2044,1835,209,1071,979,92,24.0078819,76.7278803
MADHYA PRADESH,Total,Rajgarh,On foot,37939,29840,8099,0,0,0,21391,16916,4475,10823,8386,2437,5725,4538,1187,0,0,0,0,0,0,0,0,0,0,0,0,0,0,0,24.0078819,76.7278803
MADHYA PRADESH,Total,Rajgarh,Bicycle,8375,8093,282,0,0,0,1260,1207,53,3850,3720,130,1940,1893,47,663,645,18,662,628,34,0,0,0,0,0,0,0,0,0,24.0078819,76.7278803
MADHYA PRADESH,Total,Rajgarh,Moped/Scooter/Motor Cycle,11299,10486,813,0,0,0,2512,2305,207,3379,3111,268,1768,1635,133,1694,1580,114,664,627,37,572,542,30,237,234,3,473,452,21,24.0078819,76.7278803
MADHYA PRADESH,Total,Rajgarh,Car/Jeep/Van,1092,950,142,0,0,0,154,130,24,197,156,41,137,110,27,167,144,23,83,79,4,112,104,8,172,160,12,70,67,3,24.0078819,76.7278803
MADHYA PRADESH,Total,Rajgarh,Tempo/Autorickshaw/Taxi,655,535,120,0,0,0,73,58,15,187,136,51,111,87,24,167,153,14,19,14,5,18,15,3,26,26,0,54,46,8,24.0078819,76.7278803
MADHYA PRADESH,Total,Rajgarh,Bus,8834,6970,1864,0,0,0,318,228,90,903,613,290,1405,1026,379,2339,1799,540,1268,1055,213,941,800,141,1334,1167,167,326,282,44,24.0078819,76.7278803
MADHYA PRADESH,Total,Rajgarh,Train,473,429,44,0,0,0,77,70,7,79,73,6,25,22,3,10,9,1,12,10,2,15,12,3,168,153,15,87,80,7,24.0078819,76.7278803
MADHYA PRADESH,Total,Rajgarh,Water transport,32,25,7,0,0,0,15,11,4,4,4,0,2,2,0,2,2,0,0,0,0,1,1,0,1,0,1,7,5,2,24.0078819,76.7278803
MADHYA PRADESH,Total,Rajgarh,Any other,458,402,56,0,0,0,44,41,3,101,83,18,50,46,4,47,44,3,34,26,8,22,20,2,106,95,11,54,47,7,24.0078819,76.7278803
MADHYA PRADESH,Total,Rajgarh,No travel,48408,35121,13287,48408,35121,13287,0,0,0,0,0,0,0,0,0,0,0,0,0,0,0,0,0,0,0,0,0,0,0,0,24.0078819,76.7278803
MADHYA PRADESH,Rural,Rajgarh,All Modes,50267,37234,13033,27276,18400,8876,5767,4084,1683,6595,5317,1278,5142,4408,734,2492,2283,209,985,901,84,660,614,46,983,885,98,367,342,25,24.0078819,76.7278803
MADHYA PRADESH,Rural,Rajgarh,On foot,9923,6725,3198,0,0,0,4935,3334,1601,3143,2085,1058,1845,1306,539,0,0,0,0,0,0,0,0,0,0,0,0,0,0,0,24.0078819,76.7278803
MADHYA PRADESH,Rural,Rajgarh,Bicycle,4281,4149,132,0,0,0,375,351,24,1834,1779,55,1384,1355,29,416,406,10,272,258,14,0,0,0,0,0,0,0,0,0,24.0078819,76.7278803
MADHYA PRADESH,Rural,Rajgarh,Moped/Scooter/Motor Cycle,3914,3708,206,0,0,0,276,255,21,1062,1000,62,990,942,48,875,827,48,258,247,11,213,205,8,111,109,2,129,123,6,24.0078819,76.7278803
MADHYA PRADESH,Rural,Rajgarh,Car/Jeep/Van,368,333,35,0,0,0,25,21,4,45,36,9,72,64,8,78,72,6,19,18,1,55,51,4,57,55,2,17,16,1,24.0078819,76.7278803
MADHYA PRADESH,Rural,Rajgarh,Tempo/Autorickshaw/Taxi,247,219,28,0,0,0,15,12,3,34,27,7,43,33,10,99,96,3,8,6,2,9,8,1,14,14,0,25,23,2,24.0078819,76.7278803
MADHYA PRADESH,Rural,Rajgarh,Bus,3848,3343,505,0,0,0,105,81,24,416,343,73,774,676,98,997,858,139,407,356,51,369,338,31,656,575,81,124,116,8,24.0078819,76.7278803
MADHYA PRADESH,Rural,Rajgarh,Train,217,199,18,0,0,0,19,16,3,17,14,3,13,12,1,5,5,0,4,3,1,7,5,2,108,103,5,44,41,3,24.0078819,76.7278803
MADHYA PRADESH,Rural,Rajgarh,Water transport,13,10,3,0,0,0,4,2,2,3,3,0,2,2,0,1,1,0,0,0,0,0,0,0,0,0,0,3,2,1,24.0078819,76.7278803
MADHYA PRADESH,Rural,Rajgarh,Any other,180,148,32,0,0,0,13,12,1,41,30,11,19,18,1,21,18,3,17,13,4,7,7,0,37,29,8,25,21,4,24.0078819,76.7278803
MADHYA PRADESH,Rural,Rajgarh,No travel,27276,18400,8876,27276,18400,8876,0,0,0,0,0,0,0,0,0,0,0,0,0,0,0,0,0,0,0,0,0,0,0,0,24.0078819,76.7278803
MADHYA PRADESH,Urban,Rajgarh,All Modes,67298,55617,11681,21132,16721,4411,20077,16882,3195,12928,10965,1963,6021,4951,1070,2597,2093,504,1757,1538,219,1021,880,141,1061,950,111,704,637,67,24.0078819,76.7278803
MADHYA PRADESH,Urban,Rajgarh,On foot,28016,23115,4901,0,0,0,16456,13582,2874,7680,6301,1379,3880,3232,648,0,0,0,0,0,0,0,0,0,0,0,0,0,0,0,24.0078819,76.7278803
MADHYA PRADESH,Urban,Rajgarh,Bicycle,4094,3944,150,0,0,0,885,856,29,2016,1941,75,556,538,18,247,239,8,390,370,20,0,0,0,0,0,0,0,0,0,24.0078819,76.7278803
MADHYA PRADESH,Urban,Rajgarh,Moped/Scooter/Motor Cycle,7385,6778,607,0,0,0,2236,2050,186,2317,2111,206,778,693,85,819,753,66,406,380,26,359,337,22,126,125,1,344,329,15,24.0078819,76.7278803
MADHYA PRADESH,Urban,Rajgarh,Car/Jeep/Van,724,617,107,0,0,0,129,109,20,152,120,32,65,46,19,89,72,17,64,61,3,57,53,4,115,105,10,53,51,2,24.0078819,76.7278803
MADHYA PRADESH,Urban,Rajgarh,Tempo/Autorickshaw/Taxi,408,316,92,0,0,0,58,46,12,153,109,44,68,54,14,68,57,11,11,8,3,9,7,2,12,12,0,29,23,6,24.0078819,76.7278803
MADHYA PRADESH,Urban,Rajgarh,Bus,4986,3627,1359,0,0,0,213,147,66,487,270,217,631,350,281,1342,941,401,861,699,162,572,462,110,678,592,86,202,166,36,24.0078819,76.7278803
MADHYA PRADESH,Urban,Rajgarh,Train,256,230,26,0,0,0,58,54,4,62,59,3,12,10,2,5,4,1,8,7,1,8,7,1,60,50,10,43,39,4,24.0078819,76.7278803
MADHYA PRADESH,Urban,Rajgarh,Water transport,19,15,4,0,0,0,11,9,2,1,1,0,0,0,0,1,1,0,0,0,0,1,1,0,1,0,1,4,3,1,24.0078819,76.7278803
MADHYA PRADESH,Urban,Rajgarh,Any other,278,254,24,0,0,0,31,29,2,60,53,7,31,28,3,26,26,0,17,13,4,15,13,2,69,66,3,29,26,3,24.0078819,76.7278803
MADHYA PRADESH,Urban,Rajgarh,No travel,21132,16721,4411,21132,16721,4411,0,0,0,0,0,0,0,0,0,0,0,0,0,0,0,0,0,0,0,0,0,0,0,0,24.0078819,76.7278803
TAMIL NADU,Total,The Nilgiris,All Modes,251334,159439,91895,42214,27209,15005,59242,34484,24758,98483,58189,40294,31093,22584,8509,9933,8267,1666,3691,3097,594,2461,2113,348,3521,2931,590,696,565,131,11.4916043,76.7336521
TAMIL NADU,Total,The Nilgiris,On foot,136906,75256,61650,0,0,0,54878,30957,23921,71052,37588,33464,10976,6711,4265,0,0,0,0,0,0,0,0,0,0,0,0,0,0,0,11.4916043,76.7336521
TAMIL NADU,Total,The Nilgiris,Bicycle,1717,1321,396,0,0,0,243,174,69,1082,813,269,218,192,26,64,58,6,110,84,26,0,0,0,0,0,0,0,0,0,11.4916043,76.7336521
TAMIL NADU,Total,The Nilgiris,Moped/Scooter/Motor Cycle,6359,5940,419,0,0,0,1095,1022,73,3123,2888,235,1142,1082,60,544,519,25,188,178,10,116,111,5,63,61,2,88,79,9,11.4916043,76.7336521
TAMIL NADU,Total,The Nilgiris,Car/Jeep/Van,7833,6242,1591,0,0,0,757,647,110,3329,2588,741,2189,1600,589,729,653,76,276,241,35,236,220,16,181,171,10,136,122,14,11.4916043,76.7336521
TAMIL NADU,Total,The Nilgiris,Tempo/Autorickshaw/Taxi,3588,2941,647,0,0,0,335,280,55,2081,1710,371,770,595,175,183,164,19,43,41,2,61,51,10,54,48,6,61,52,9,11.4916043,76.7336521
TAMIL NADU,Total,The Nilgiris,Bus,50504,38994,11510,0,0,0,1781,1301,480,17377,12360,5017,15387,12140,3247,8138,6667,1471,2887,2433,454,1940,1647,293,2662,2199,463,332,247,85,11.4916043,76.7336521
TAMIL NADU,Total,The Nilgiris,Train,532,383,149,0,0,0,67,39,28,121,74,47,84,56,28,70,54,16,23,20,3,10,10,0,130,112,18,27,18,9,11.4916043,76.7336521
TAMIL NADU,Total,The Nilgiris,Water transport,50,41,9,0,0,0,1,1,0,17,14,3,13,9,4,6,6,0,0,0,0,4,2,2,3,3,0,6,6,0,11.4916043,76.7336521
TAMIL NADU,Total,The Nilgiris,Any other,1631,1112,519,0,0,0,85,63,22,301,154,147,314,199,115,199,146,53,164,100,64,94,72,22,428,337,91,46,41,5,11.4916043,76.7336521
TAMIL NADU,Total,The Nilgiris,No travel,42214,27209,15005,42214,27209,15005,0,0,0,0,0,0,0,0,0,0,0,0,0,0,0,0,0,0,0,0,0,0,0,0,11.4916043,76.7336521
TAMIL NADU,Rural,The Nilgiris,All Modes,96644,55886,40758,15210,8913,6297,23431,12042,11389,38691,20274,18417,11685,8224,3461,3661,3121,540,1570,1316,254,856,721,135,1294,1065,229,246,210,36,11.4916043,76.7336521
TAMIL NADU,Rural,The Nilgiris,On foot,59216,29569,29647,0,0,0,22413,11259,11154,32131,15596,16535,4672,2714,1958,0,0,0,0,0,0,0,0,0,0,0,0,0,0,0,11.4916043,76.7336521
TAMIL NADU,Rural,The Nilgiris,Bicycle,580,444,136,0,0,0,84,60,24,301,217,84,102,90,12,35,32,3,58,45,13,0,0,0,0,0,0,0,0,0,11.4916043,76.7336521
TAMIL NADU,Rural,The Nilgiris,Moped/Scooter/Motor Cycle,1412,1326,86,0,0,0,116,111,5,611,565,46,333,316,17,197,192,5,84,78,6,41,37,4,17,16,1,13,11,2,11.4916043,76.7336521
TAMIL NADU,Rural,The Nilgiris,Car/Jeep/Van,3048,2248,800,0,0,0,176,147,29,1191,843,348,1107,743,364,263,239,24,107,89,18,94,86,8,58,54,4,52,47,5,11.4916043,76.7336521
TAMIL NADU,Rural,The Nilgiris,Tempo/Autorickshaw/Taxi,658,516,142,0,0,0,28,25,3,346,261,85,157,117,40,58,52,6,11,10,1,15,13,2,23,20,3,20,18,2,11.4916043,76.7336521
TAMIL NADU,Rural,The Nilgiris,Bus,14916,11836,3080,0,0,0,504,370,134,3778,2625,1153,4988,4049,939,2914,2464,450,1163,1009,154,637,540,97,802,672,130,130,107,23,11.4916043,76.7336521
TAMIL NADU,Rural,The Nilgiris,Train,293,206,87,0,0,0,42,22,20,70,43,27,55,33,22,49,41,8,14,12,2,1,1,0,48,44,4,14,10,4,11.4916043,76.7336521
TAMIL NADU,Rural,The Nilgiris,Water transport,21,16,5,0,0,0,0,0,0,4,2,2,8,7,1,2,2,0,0,0,0,3,1,2,2,2,0,2,2,0,11.4916043,76.7336521
TAMIL NADU,Rural,The Nilgiris,Any other,1290,812,478,0,0,0,68,48,20,259,122,137,263,155,108,143,99,44,133,73,60,65,43,22,344,257,87,15,15,0,11.4916043,76.7336521
TAMIL NADU,Rural,The Nilgiris,No travel,15210,8913,6297,15210,8913,6297,0,0,0,0,0,0,0,0,0,0,0,0,0,0,0,0,0,0,0,0,0,0,0,0,11.4916043,76.7336521
TAMIL NADU,Urban,The Nilgiris,All Modes,154690,103553,51137,27004,18296,8708,35811,22442,13369,59792,37915,21877,19408,14360,5048,6272,5146,1126,2121,1781,340,1605,1392,213,2227,1866,361,450,355,95,11.4916043,76.7336521
TAMIL NADU,Urban,The Nilgiris,On foot,77690,45687,32003,0,0,0,32465,19698,12767,38921,21992,16929,6304,3997,2307,0,0,0,0,0,0,0,0,0,0,0,0,0,0,0,11.4916043,76.7336521
TAMIL NADU,Urban,The Nilgiris,Bicycle,1137,877,260,0,0,0,159,114,45,781,596,185,116,102,14,29,26,3,52,39,13,0,0,0,0,0,0,0,0,0,11.4916043,76.7336521
TAMIL NADU,Urban,The Nilgiris,Moped/Scooter/Motor Cycle,4947,4614,333,0,0,0,979,911,68,2512,2323,189,809,766,43,347,327,20,104,100,4,75,74,1,46,45,1,75,68,7,11.4916043,76.7336521
TAMIL NADU,Urban,The Nilgiris,Car/Jeep/Van,4785,3994,791,0,0,0,581,500,81,2138,1745,393,1082,857,225,466,414,52,169,152,17,142,134,8,123,117,6,84,75,9,11.4916043,76.7336521
TAMIL NADU,Urban,The Nilgiris,Tempo/Autorickshaw/Taxi,2930,2425,505,0,0,0,307,255,52,1735,1449,286,613,478,135,125,112,13,32,31,1,46,38,8,31,28,3,41,34,7,11.4916043,76.7336521
TAMIL NADU,Urban,The Nilgiris,Bus,35588,27158,8430,0,0,0,1277,931,346,13599,9735,3864,10399,8091,2308,5224,4203,1021,1724,1424,300,1303,1107,196,1860,1527,333,202,140,62,11.4916043,76.7336521
TAMIL NADU,Urban,The Nilgiris,Train,239,177,62,0,0,0,25,17,8,51,31,20,29,23,6,21,13,8,9,8,1,9,9,0,82,68,14,13,8,5,11.4916043,76.7336521
TAMIL NADU,Urban,The Nilgiris,Water transport,29,25,4,0,0,0,1,1,0,13,12,1,5,2,3,4,4,0,0,0,0,1,1,0,1,1,0,4,4,0,11.4916043,76.7336521
TAMIL NADU,Urban,The Nilgiris,Any other,341,300,41,0,0,0,17,15,2,42,32,10,51,44,7,56,47,9,31,27,4,29,29,0,84,80,4,31,26,5,11.4916043,76.7336521
TAMIL NADU,Urban,The Nilgiris,No travel,27004,18296,8708,27004,18296,8708,0,0,0,0,0,0,0,0,0,0,0,0,0,0,0,0,0,0,0,0,0,0,0,0,11.4916043,76.7336521
MAHARASHTRA,Total,Parbhani,All Modes,196751,158864,37887,64966,45886,19080,33037,27362,5675,51172,44055,7117,20781,17831,2950,8743,7825,918,6193,5565,628,5550,4942,608,3833,3297,536,2476,2101,375,19.2634532,76.7697164
MAHARASHTRA,Total,Parbhani,On foot,54288,43418,10870,0,0,0,23792,19007,4785,21298,17074,4224,9198,7337,1861,0,0,0,0,0,0,0,0,0,0,0,0,0,0,0,19.2634532,76.7697164
MAHARASHTRA,Total,Parbhani,Bicycle,24074,22765,1309,0,0,0,3352,3153,199,13851,13117,734,3633,3476,157,1082,1014,68,2156,2005,151,0,0,0,0,0,0,0,0,0,19.2634532,76.7697164
MAHARASHTRA,Total,Parbhani,Moped/Scooter/Motor Cycle,26854,24363,2491,0,0,0,4249,3854,395,11633,10379,1254,3840,3535,305,3060,2846,214,1340,1246,94,1362,1277,85,401,363,38,969,863,106,19.2634532,76.7697164
MAHARASHTRA,Total,Parbhani,Car/Jeep/Van,3096,2769,327,0,0,0,287,239,48,585,514,71,474,433,41,585,529,56,270,246,24,441,407,34,252,226,26,202,175,27,19.2634532,76.7697164
MAHARASHTRA,Total,Parbhani,Tempo/Autorickshaw/Taxi,8492,7022,1470,0,0,0,693,564,129,2442,1816,626,2063,1757,306,1609,1421,188,550,491,59,518,462,56,190,168,22,427,343,84,19.2634532,76.7697164
MAHARASHTRA,Total,Parbhani,Bus,9222,7704,1518,0,0,0,322,257,65,713,581,132,1109,917,192,1915,1581,334,1385,1145,240,1907,1627,280,1482,1277,205,389,319,70,19.2634532,76.7697164
MAHARASHTRA,Total,Parbhani,Train,3994,3523,471,0,0,0,190,165,25,260,234,26,135,117,18,222,191,31,388,347,41,1226,1089,137,1220,1075,145,353,305,48,19.2634532,76.7697164
MAHARASHTRA,Total,Parbhani,Water transport,108,82,26,0,0,0,18,15,3,14,11,3,12,7,5,24,18,6,14,12,2,8,5,3,12,9,3,6,5,1,19.2634532,76.7697164
MAHARASHTRA,Total,Parbhani,Any other,1657,1332,325,0,0,0,134,108,26,376,329,47,317,252,65,246,225,21,90,73,17,88,75,13,276,179,97,130,91,39,19.2634532,76.7697164
MAHARASHTRA,Total,Parbhani,No travel,64966,45886,19080,64966,45886,19080,0,0,0,0,0,0,0,0,0,0,0,0,0,0,0,0,0,0,0,0,0,0,0,0,19.2634532,76.7697164
MAHARASHTRA,Rural,Parbhani,All Modes,56576,43170,13406,27912,19242,8670,6794,5204,1590,5838,4764,1074,5970,5003,967,4069,3721,348,2095,1873,222,1575,1416,159,1694,1397,297,629,550,79,19.2634532,76.7697164
MAHARASHTRA,Rural,Parbhani,On foot,10803,7909,2894,0,0,0,5613,4152,1461,2862,2082,780,2328,1675,653,0,0,0,0,0,0,0,0,0,0,0,0,0,0,0,19.2634532,76.7697164
MAHARASHTRA,Rural,Parbhani,Bicycle,2350,2195,155,0,0,0,246,229,17,844,805,39,702,668,34,300,278,22,258,215,43,0,0,0,0,0,0,0,0,0,19.2634532,76.7697164
MAHARASHTRA,Rural,Parbhani,Moped/Scooter/Motor Cycle,5076,4778,298,0,0,0,471,436,35,960,895,65,1132,1069,63,1250,1192,58,550,517,33,410,383,27,142,132,10,161,154,7,19.2634532,76.7697164
MAHARASHTRA,Rural,Parbhani,Car/Jeep/Van,1427,1299,128,0,0,0,84,73,11,147,127,20,252,234,18,418,388,30,163,149,14,177,163,14,106,91,15,80,74,6,19.2634532,76.7697164
MAHARASHTRA,Rural,Parbhani,Tempo/Autorickshaw/Taxi,3343,2966,377,0,0,0,167,148,19,612,509,103,939,846,93,916,825,91,298,268,30,198,187,11,106,90,16,107,93,14,19.2634532,76.7697164
MAHARASHTRA,Rural,Parbhani,Bus,4061,3516,545,0,0,0,117,94,23,279,239,40,472,405,67,935,822,113,667,593,74,613,524,89,811,694,117,167,145,22,19.2634532,76.7697164
MAHARASHTRA,Rural,Parbhani,Train,766,666,100,0,0,0,28,25,3,42,37,5,33,29,4,99,84,15,85,74,11,128,118,10,288,243,45,63,56,7,19.2634532,76.7697164
MAHARASHTRA,Rural,Parbhani,Water transport,69,48,21,0,0,0,8,7,1,10,7,3,7,2,5,19,14,5,11,9,2,4,2,2,7,5,2,3,2,1,19.2634532,76.7697164
MAHARASHTRA,Rural,Parbhani,Any other,769,551,218,0,0,0,60,40,20,82,63,19,105,75,30,132,118,14,63,48,15,45,39,6,234,142,92,48,26,22,19.2634532,76.7697164
MAHARASHTRA,Rural,Parbhani,No travel,27912,19242,8670,27912,19242,8670,0,0,0,0,0,0,0,0,0,0,0,0,0,0,0,0,0,0,0,0,0,0,0,0,19.2634532,76.7697164
MAHARASHTRA,Urban,Parbhani,All Modes,140175,115694,24481,37054,26644,10410,26243,22158,4085,45334,39291,6043,14811,12828,1983,4674,4104,570,4098,3692,406,3975,3526,449,2139,1900,239,1847,1551,296,19.2634532,76.7697164
MAHARASHTRA,Urban,Parbhani,On foot,43485,35509,7976,0,0,0,18179,14855,3324,18436,14992,3444,6870,5662,1208,0,0,0,0,0,0,0,0,0,0,0,0,0,0,0,19.2634532,76.7697164
MAHARASHTRA,Urban,Parbhani,Bicycle,21724,20570,1154,0,0,0,3106,2924,182,13007,12312,695,2931,2808,123,782,736,46,1898,1790,108,0,0,0,0,0,0,0,0,0,19.2634532,76.7697164
MAHARASHTRA,Urban,Parbhani,Moped/Scooter/Motor Cycle,21778,19585,2193,0,0,0,3778,3418,360,10673,9484,1189,2708,2466,242,1810,1654,156,790,729,61,952,894,58,259,231,28,808,709,99,19.2634532,76.7697164
MAHARASHTRA,Urban,Parbhani,Car/Jeep/Van,1669,1470,199,0,0,0,203,166,37,438,387,51,222,199,23,167,141,26,107,97,10,264,244,20,146,135,11,122,101,21,19.2634532,76.7697164
MAHARASHTRA,Urban,Parbhani,Tempo/Autorickshaw/Taxi,5149,4056,1093,0,0,0,526,416,110,1830,1307,523,1124,911,213,693,596,97,252,223,29,320,275,45,84,78,6,320,250,70,19.2634532,76.7697164
MAHARASHTRA,Urban,Parbhani,Bus,5161,4188,973,0,0,0,205,163,42,434,342,92,637,512,125,980,759,221,718,552,166,1294,1103,191,671,583,88,222,174,48,19.2634532,76.7697164
MAHARASHTRA,Urban,Parbhani,Train,3228,2857,371,0,0,0,162,140,22,218,197,21,102,88,14,123,107,16,303,273,30,1098,971,127,932,832,100,290,249,41,19.2634532,76.7697164
MAHARASHTRA,Urban,Parbhani,Water transport,39,34,5,0,0,0,10,8,2,4,4,0,5,5,0,5,4,1,3,3,0,4,3,1,5,4,1,3,3,0,19.2634532,76.7697164
MAHARASHTRA,Urban,Parbhani,Any other,888,781,107,0,0,0,74,68,6,294,266,28,212,177,35,114,107,7,27,25,2,43,36,7,42,37,5,82,65,17,19.2634532,76.7697164
MAHARASHTRA,Urban,Parbhani,No travel,37054,26644,10410,37054,26644,10410,0,0,0,0,0,0,0,0,0,0,0,0,0,0,0,0,0,0,0,0,0,0,0,0,19.2634532,76.7697164
CHANDIGARH,Total,Chandigarh,All Modes,395072,321183,73889,60897,45281,15616,48380,38517,9863,131861,107681,24180,104542,88251,16291,31239,26576,4663,6788,5657,1131,4536,3493,1043,4821,4004,817,2008,1723,285,30.7333148,76.7794179
CHANDIGARH,Total,Chandigarh,On foot,54330,39987,14343,0,0,0,28327,21427,6900,19443,13546,5897,6560,5014,1546,0,0,0,0,0,0,0,0,0,0,0,0,0,0,0,30.7333148,76.7794179
CHANDIGARH,Total,Chandigarh,Bicycle,101508,95653,5855,0,0,0,7647,7201,446,47625,44276,3349,34805,33153,1652,8724,8430,294,2707,2593,114,0,0,0,0,0,0,0,0,0,30.7333148,76.7794179
CHANDIGARH,Total,Chandigarh,Moped/Scooter/Motor Cycle,84689,70441,14248,0,0,0,6657,5456,1201,34352,27916,6436,31822,26751,5071,9223,8006,1217,900,798,102,590,526,64,398,340,58,747,648,99,30.7333148,76.7794179
CHANDIGARH,Total,Chandigarh,Car/Jeep/Van,48624,38233,10391,0,0,0,3591,2733,858,17655,13590,4065,16606,13136,3470,6307,5013,1294,1242,1005,237,1359,1154,205,1377,1192,185,487,410,77,30.7333148,76.7794179
CHANDIGARH,Total,Chandigarh,Tempo/Autorickshaw/Taxi,11558,8142,3416,0,0,0,800,643,157,4512,2806,1706,3806,2671,1135,1571,1298,273,260,205,55,224,177,47,173,147,26,212,195,17,30.7333148,76.7794179
CHANDIGARH,Total,Chandigarh,Bus,26438,17208,9230,0,0,0,567,348,219,5891,3488,2403,8901,5688,3213,4559,3027,1532,1554,948,606,2210,1510,700,2425,1942,483,331,257,74,30.7333148,76.7794179
CHANDIGARH,Total,Chandigarh,Train,1267,1067,200,0,0,0,94,79,15,309,266,43,270,225,45,108,94,14,39,30,9,63,51,12,341,285,56,43,37,6,30.7333148,76.7794179
CHANDIGARH,Total,Chandigarh,Water transport,135,106,29,0,0,0,16,11,5,38,30,8,40,32,8,12,10,2,5,2,3,4,3,1,9,7,2,11,11,0,30.7333148,76.7794179
CHANDIGARH,Total,Chandigarh,Any other,5626,5065,561,0,0,0,681,619,62,2036,1763,273,1732,1581,151,735,698,37,81,76,5,86,72,14,98,91,7,177,165,12,30.7333148,76.7794179
CHANDIGARH,Total,Chandigarh,No travel,60897,45281,15616,60897,45281,15616,0,0,0,0,0,0,0,0,0,0,0,0,0,0,0,0,0,0,0,0,0,0,0,0,30.7333148,76.7794179
CHANDIGARH,Rural,Chandigarh,All Modes,11608,10058,1550,1947,1497,450,1442,1229,213,4444,3922,522,2849,2560,289,616,561,55,151,140,11,47,41,6,46,45,1,66,63,3,30.7333148,76.7794179
CHANDIGARH,Rural,Chandigarh,On foot,1747,1377,370,0,0,0,929,757,172,634,477,157,184,143,41,0,0,0,0,0,0,0,0,0,0,0,0,0,0,0,30.7333148,76.7794179
CHANDIGARH,Rural,Chandigarh,Bicycle,4212,3907,305,0,0,0,273,250,23,2347,2154,193,1299,1212,87,201,200,1,92,91,1,0,0,0,0,0,0,0,0,0,30.7333148,76.7794179
CHANDIGARH,Rural,Chandigarh,Moped/Scooter/Motor Cycle,1981,1841,140,0,0,0,102,95,7,803,736,67,782,736,46,237,220,17,20,18,2,11,11,0,5,5,0,21,20,1,30.7333148,76.7794179
CHANDIGARH,Rural,Chandigarh,Car/Jeep/Van,250,218,32,0,0,0,24,22,2,99,90,9,68,58,10,36,28,8,8,7,1,8,6,2,4,4,0,3,3,0,30.7333148,76.7794179
CHANDIGARH,Rural,Chandigarh,Tempo/Autorickshaw/Taxi,569,495,74,0,0,0,47,44,3,296,252,44,174,150,24,34,32,2,5,5,0,4,3,1,1,1,0,8,8,0,30.7333148,76.7794179
CHANDIGARH,Rural,Chandigarh,Bus,628,489,139,0,0,0,14,11,3,186,140,46,244,192,52,96,71,25,26,19,7,23,20,3,32,31,1,7,5,2,30.7333148,76.7794179
CHANDIGARH,Rural,Chandigarh,Train,19,17,2,0,0,0,0,0,0,7,7,0,8,6,2,2,2,0,0,0,0,0,0,0,2,2,0,0,0,0,30.7333148,76.7794179
CHANDIGARH,Rural,Chandigarh,Water transport,1,0,1,0,0,0,0,0,0,0,0,0,1,0,1,0,0,0,0,0,0,0,0,0,0,0,0,0,0,0,30.7333148,76.7794179
CHANDIGARH,Rural,Chandigarh,Any other,254,217,37,0,0,0,53,50,3,72,66,6,89,63,26,10,8,2,0,0,0,1,1,0,2,2,0,27,27,0,30.7333148,76.7794179
CHANDIGARH,Rural,Chandigarh,No travel,1947,1497,450,1947,1497,450,0,0,0,0,0,0,0,0,0,0,0,0,0,0,0,0,0,0,0,0,0,0,0,0,30.7333148,76.7794179
CHANDIGARH,Urban,Chandigarh,All Modes,383464,311125,72339,58950,43784,15166,46938,37288,9650,127417,103759,23658,101693,85691,16002,30623,26015,4608,6637,5517,1120,4489,3452,1037,4775,3959,816,1942,1660,282,30.7333148,76.7794179
CHANDIGARH,Urban,Chandigarh,On foot,52583,38610,13973,0,0,0,27398,20670,6728,18809,13069,5740,6376,4871,1505,0,0,0,0,0,0,0,0,0,0,0,0,0,0,0,30.7333148,76.7794179
CHANDIGARH,Urban,Chandigarh,Bicycle,97296,91746,5550,0,0,0,7374,6951,423,45278,42122,3156,33506,31941,1565,8523,8230,293,2615,2502,113,0,0,0,0,0,0,0,0,0,30.7333148,76.7794179
CHANDIGARH,Urban,Chandigarh,Moped/Scooter/Motor Cycle,82708,68600,14108,0,0,0,6555,5361,1194,33549,27180,6369,31040,26015,5025,8986,7786,1200,880,780,100,579,515,64,393,335,58,726,628,98,30.7333148,76.7794179
CHANDIGARH,Urban,Chandigarh,Car/Jeep/Van,48374,38015,10359,0,0,0,3567,2711,856,17556,13500,4056,16538,13078,3460,6271,4985,1286,1234,998,236,1351,1148,203,1373,1188,185,484,407,77,30.7333148,76.7794179
CHANDIGARH,Urban,Chandigarh,Tempo/Autorickshaw/Taxi,10989,7647,3342,0,0,0,753,599,154,4216,2554,1662,3632,2521,1111,1537,1266,271,255,200,55,220,174,46,172,146,26,204,187,17,30.7333148,76.7794179
CHANDIGARH,Urban,Chandigarh,Bus,25810,16719,9091,0,0,0,553,337,216,5705,3348,2357,8657,5496,3161,4463,2956,1507,1528,929,599,2187,1490,697,2393,1911,482,324,252,72,30.7333148,76.7794179
CHANDIGARH,Urban,Chandigarh,Train,1248,1050,198,0,0,0,94,79,15,302,259,43,262,219,43,106,92,14,39,30,9,63,51,12,339,283,56,43,37,6,30.7333148,76.7794179
CHANDIGARH,Urban,Chandigarh,Water transport,134,106,28,0,0,0,16,11,5,38,30,8,39,32,7,12,10,2,5,2,3,4,3,1,9,7,2,11,11,0,30.7333148,76.7794179
CHANDIGARH,Urban,Chandigarh,Any other,5372,4848,524,0,0,0,628,569,59,1964,1697,267,1643,1518,125,725,690,35,81,76,5,85,71,14,96,89,7,150,138,12,30.7333148,76.7794179
CHANDIGARH,Urban,Chandigarh,No travel,58950,43784,15166,58950,43784,15166,0,0,0,0,0,0,0,0,0,0,0,0,0,0,0,0,0,0,0,0,0,0,0,0,30.7333148,76.7794179
HARYANA,Total,Ambala,All Modes,246222,208171,38051,82134,65681,16453,27949,22856,5093,53365,46448,6917,35103,30657,4446,15076,13632,1444,11062,10078,984,8504,7402,1102,6537,5844,693,6492,5573,919,30.3752011,76.782122
HARYANA,Total,Ambala,On foot,35687,27588,8099,0,0,0,15854,11978,3876,9440,7451,1989,10393,8159,2234,0,0,0,0,0,0,0,0,0,0,0,0,0,0,0,30.3752011,76.782122
HARYANA,Total,Ambala,Bicycle,48015,46156,1859,0,0,0,5012,4787,225,21083,20120,963,11357,11050,307,4876,4790,86,5687,5409,278,0,0,0,0,0,0,0,0,0,30.3752011,76.782122
HARYANA,Total,Ambala,Moped/Scooter/Motor Cycle,39729,35339,4390,0,0,0,5038,4483,555,16087,13991,2096,7892,7140,752,4375,4049,326,1333,1252,81,1195,1105,90,508,461,47,3301,2858,443,30.3752011,76.782122
HARYANA,Total,Ambala,Car/Jeep/Van,5948,5055,893,0,0,0,558,458,100,1935,1590,345,929,796,133,688,594,94,372,343,29,625,543,82,432,385,47,409,346,63,30.3752011,76.782122
HARYANA,Total,Ambala,Tempo/Autorickshaw/Taxi,6822,4829,1993,0,0,0,471,310,161,2166,1270,896,1555,1126,429,1010,814,196,317,271,46,384,321,63,318,269,49,601,448,153,30.3752011,76.782122
HARYANA,Total,Ambala,Bus,20203,16409,3794,0,0,0,618,491,127,1717,1171,546,2323,1773,550,3542,2838,704,2658,2151,507,4706,3948,758,3368,2962,406,1271,1075,196,30.3752011,76.782122
HARYANA,Total,Ambala,Train,5740,5307,433,0,0,0,221,192,29,384,349,35,287,265,22,373,344,29,614,582,32,1460,1360,100,1728,1594,134,673,621,52,30.3752011,76.782122
HARYANA,Total,Ambala,Water transport,129,116,13,0,0,0,14,14,0,31,27,4,8,8,0,9,6,3,8,7,1,17,15,2,22,21,1,20,18,2,30.3752011,76.782122
HARYANA,Total,Ambala,Any other,1815,1691,124,0,0,0,163,143,20,522,479,43,359,340,19,203,197,6,73,63,10,117,110,7,161,152,9,217,207,10,30.3752011,76.782122
HARYANA,Total,Ambala,No travel,82134,65681,16453,82134,65681,16453,0,0,0,0,0,0,0,0,0,0,0,0,0,0,0,0,0,0,0,0,0,0,0,0,30.3752011,76.782122
HARYANA,Rural,Ambala,All Modes,89332,77814,11518,29600,23341,6259,7951,6424,1527,14876,13694,1182,15585,14182,1403,8699,8327,372,5160,4922,238,3138,2909,229,2339,2203,136,1984,1812,172,30.3752011,76.782122
HARYANA,Rural,Ambala,On foot,11528,8881,2647,0,0,0,5063,3709,1354,2433,2007,426,4032,3165,867,0,0,0,0,0,0,0,0,0,0,0,0,0,0,0,30.3752011,76.782122
HARYANA,Rural,Ambala,Bicycle,21869,21300,569,0,0,0,1569,1511,58,7625,7378,247,6629,6491,138,3571,3522,49,2475,2398,77,0,0,0,0,0,0,0,0,0,30.3752011,76.782122
HARYANA,Rural,Ambala,Moped/Scooter/Motor Cycle,11005,10388,617,0,0,0,787,737,50,3000,2785,215,2875,2731,144,2202,2124,78,659,641,18,456,436,20,179,173,6,847,761,86,30.3752011,76.782122
HARYANA,Rural,Ambala,Car/Jeep/Van,895,793,102,0,0,0,53,47,6,168,137,31,167,149,18,144,128,16,74,69,5,111,97,14,83,77,6,95,89,6,30.3752011,76.782122
HARYANA,Rural,Ambala,Tempo/Autorickshaw/Taxi,2336,2030,306,0,0,0,119,98,21,569,455,114,514,443,71,512,474,38,173,162,11,155,141,14,120,105,15,174,152,22,30.3752011,76.782122
HARYANA,Rural,Ambala,Bus,9264,8348,916,0,0,0,242,209,33,728,591,137,1110,952,158,1987,1803,184,1446,1333,113,1780,1619,161,1408,1319,89,563,522,41,30.3752011,76.782122
HARYANA,Rural,Ambala,Train,2037,1961,76,0,0,0,61,56,5,126,122,4,97,93,4,197,192,5,299,287,12,572,554,18,475,459,16,210,198,12,30.3752011,76.782122
HARYANA,Rural,Ambala,Water transport,37,34,3,0,0,0,3,3,0,6,6,0,1,1,0,4,3,1,1,1,0,8,8,0,10,10,0,4,2,2,30.3752011,76.782122
HARYANA,Rural,Ambala,Any other,761,738,23,0,0,0,54,54,0,221,213,8,160,157,3,82,81,1,33,31,2,56,54,2,64,60,4,91,88,3,30.3752011,76.782122
HARYANA,Rural,Ambala,No travel,29600,23341,6259,29600,23341,6259,0,0,0,0,0,0,0,0,0,0,0,0,0,0,0,0,0,0,0,0,0,0,0,0,30.3752011,76.782122
HARYANA,Urban,Ambala,All Modes,156890,130357,26533,52534,42340,10194,19998,16432,3566,38489,32754,5735,19518,16475,3043,6377,5305,1072,5902,5156,746,5366,4493,873,4198,3641,557,4508,3761,747,30.3752011,76.782122
HARYANA,Urban,Ambala,On foot,24159,18707,5452,0,0,0,10791,8269,2522,7007,5444,1563,6361,4994,1367,0,0,0,0,0,0,0,0,0,0,0,0,0,0,0,30.3752011,76.782122
HARYANA,Urban,Ambala,Bicycle,26146,24856,1290,0,0,0,3443,3276,167,13458,12742,716,4728,4559,169,1305,1268,37,3212,3011,201,0,0,0,0,0,0,0,0,0,30.3752011,76.782122
HARYANA,Urban,Ambala,Moped/Scooter/Motor Cycle,28724,24951,3773,0,0,0,4251,3746,505,13087,11206,1881,5017,4409,608,2173,1925,248,674,611,63,739,669,70,329,288,41,2454,2097,357,30.3752011,76.782122
HARYANA,Urban,Ambala,Car/Jeep/Van,5053,4262,791,0,0,0,505,411,94,1767,1453,314,762,647,115,544,466,78,298,274,24,514,446,68,349,308,41,314,257,57,30.3752011,76.782122
HARYANA,Urban,Ambala,Tempo/Autorickshaw/Taxi,4486,2799,1687,0,0,0,352,212,140,1597,815,782,1041,683,358,498,340,158,144,109,35,229,180,49,198,164,34,427,296,131,30.3752011,76.782122
HARYANA,Urban,Ambala,Bus,10939,8061,2878,0,0,0,376,282,94,989,580,409,1213,821,392,1555,1035,520,1212,818,394,2926,2329,597,1960,1643,317,708,553,155,30.3752011,76.782122
HARYANA,Urban,Ambala,Train,3703,3346,357,0,0,0,160,136,24,258,227,31,190,172,18,176,152,24,315,295,20,888,806,82,1253,1135,118,463,423,40,30.3752011,76.782122
HARYANA,Urban,Ambala,Water transport,92,82,10,0,0,0,11,11,0,25,21,4,7,7,0,5,3,2,7,6,1,9,7,2,12,11,1,16,16,0,30.3752011,76.782122
HARYANA,Urban,Ambala,Any other,1054,953,101,0,0,0,109,89,20,301,266,35,199,183,16,121,116,5,40,32,8,61,56,5,97,92,5,126,119,7,30.3752011,76.782122
HARYANA,Urban,Ambala,No travel,52534,42340,10194,52534,42340,10194,0,0,0,0,0,0,0,0,0,0,0,0,0,0,0,0,0,0,0,0,0,0,0,0,30.3752011,76.782122
KERALA,Total,Pathanamthitta,All Modes,284851,193563,91288,91901,59575,32326,40084,26274,13810,68968,47868,21100,40569,28365,12204,17854,12123,5731,7461,5384,2077,5134,3817,1317,8856,6920,1936,4024,3237,787,9.2647582,76.7870414
KERALA,Total,Pathanamthitta,On foot,66095,40949,25146,0,0,0,32132,19747,12385,25944,15795,10149,8019,5407,2612,0,0,0,0,0,0,0,0,0,0,0,0,0,0,0,9.2647582,76.7870414
KERALA,Total,Pathanamthitta,Bicycle,8159,7826,333,0,0,0,906,866,40,4901,4724,177,1421,1366,55,384,355,29,547,515,32,0,0,0,0,0,0,0,0,0,9.2647582,76.7870414
KERALA,Total,Pathanamthitta,Moped/Scooter/Motor Cycle,28888,25317,3571,0,0,0,2918,2538,380,11898,10244,1654,7323,6453,870,3883,3437,446,1232,1125,107,572,544,28,252,241,11,810,735,75,9.2647582,76.7870414
KERALA,Total,Pathanamthitta,Car/Jeep/Van,9573,7893,1680,0,0,0,1094,920,174,3374,2697,677,2101,1721,380,1257,1041,216,547,460,87,407,356,51,439,385,54,354,313,41,9.2647582,76.7870414
KERALA,Total,Pathanamthitta,Tempo/Autorickshaw/Taxi,5854,5481,373,0,0,0,1051,1009,42,2958,2738,220,836,777,59,321,300,21,153,149,4,125,120,5,68,63,5,342,325,17,9.2647582,76.7870414
KERALA,Total,Pathanamthitta,Bus,66492,40408,26084,0,0,0,1723,983,740,19524,11405,8119,20559,12421,8138,11804,6856,4948,4714,2933,1781,3433,2330,1103,3493,2625,868,1242,855,387,9.2647582,76.7870414
KERALA,Total,Pathanamthitta,Train,6594,5003,1591,0,0,0,145,103,42,225,141,84,212,134,78,166,104,62,242,179,63,560,434,126,4380,3419,961,664,489,175,9.2647582,76.7870414
KERALA,Total,Pathanamthitta,Water transport,172,139,33,0,0,0,25,20,5,27,19,8,35,28,7,15,10,5,4,4,0,12,11,1,34,29,5,20,18,2,9.2647582,76.7870414
KERALA,Total,Pathanamthitta,Any other,1123,972,151,0,0,0,90,88,2,117,105,12,63,58,5,24,20,4,22,19,3,25,22,3,190,158,32,592,502,90,9.2647582,76.7870414
KERALA,Total,Pathanamthitta,No travel,91901,59575,32326,91901,59575,32326,0,0,0,0,0,0,0,0,0,0,0,0,0,0,0,0,0,0,0,0,0,0,0,0,9.2647582,76.7870414
KERALA,Rural,Pathanamthitta,All Modes,248596,168030,80566,82798,53623,29175,34279,22184,12095,57206,39276,17930,36312,25251,11061,15979,10874,5105,6563,4752,1811,4484,3363,1121,7586,5962,1624,3389,2745,644,9.2647582,76.7870414
KERALA,Rural,Pathanamthitta,On foot,58564,35753,22811,0,0,0,28239,17219,11020,23059,13720,9339,7266,4814,2452,0,0,0,0,0,0,0,0,0,0,0,0,0,0,0,9.2647582,76.7870414
KERALA,Rural,Pathanamthitta,Bicycle,7049,6755,294,0,0,0,734,696,38,4220,4069,151,1273,1224,49,339,312,27,483,454,29,0,0,0,0,0,0,0,0,0,9.2647582,76.7870414
KERALA,Rural,Pathanamthitta,Moped/Scooter/Motor Cycle,23636,20788,2848,0,0,0,2170,1895,275,8973,7768,1205,6468,5705,763,3497,3092,405,1105,1006,99,514,488,26,222,211,11,687,623,64,9.2647582,76.7870414
KERALA,Rural,Pathanamthitta,Car/Jeep/Van,7032,5885,1147,0,0,0,671,587,84,2249,1827,422,1718,1417,301,1022,858,164,447,374,73,325,289,36,337,294,43,263,239,24,9.2647582,76.7870414
KERALA,Rural,Pathanamthitta,Tempo/Autorickshaw/Taxi,4701,4426,275,0,0,0,821,792,29,2308,2167,141,703,648,55,277,256,21,138,134,4,114,110,4,57,52,5,283,267,16,9.2647582,76.7870414
KERALA,Rural,Pathanamthitta,Bus,58173,35630,22543,0,0,0,1417,816,601,16100,9512,6588,18618,11256,7362,10680,6247,4433,4205,2641,1564,3043,2097,946,3039,2309,730,1071,752,319,9.2647582,76.7870414
KERALA,Rural,Pathanamthitta,Train,5556,4230,1326,0,0,0,128,87,41,183,112,71,185,114,71,134,85,49,163,124,39,457,352,105,3749,2945,804,557,411,146,9.2647582,76.7870414
KERALA,Rural,Pathanamthitta,Water transport,147,120,27,0,0,0,24,19,5,22,16,6,27,23,4,10,6,4,4,4,0,11,10,1,31,26,5,18,16,2,9.2647582,76.7870414
KERALA,Rural,Pathanamthitta,Any other,940,820,120,0,0,0,75,73,2,92,85,7,54,50,4,20,18,2,18,15,3,20,17,3,151,125,26,510,437,73,9.2647582,76.7870414
KERALA,Rural,Pathanamthitta,No travel,82798,53623,29175,82798,53623,29175,0,0,0,0,0,0,0,0,0,0,0,0,0,0,0,0,0,0,0,0,0,0,0,0,9.2647582,76.7870414
KERALA,Urban,Pathanamthitta,All Modes,36255,25533,10722,9103,5952,3151,5805,4090,1715,11762,8592,3170,4257,3114,1143,1875,1249,626,898,632,266,650,454,196,1270,958,312,635,492,143,9.2647582,76.7870414
KERALA,Urban,Pathanamthitta,On foot,7531,5196,2335,0,0,0,3893,2528,1365,2885,2075,810,753,593,160,0,0,0,0,0,0,0,0,0,0,0,0,0,0,0,9.2647582,76.7870414
KERALA,Urban,Pathanamthitta,Bicycle,1110,1071,39,0,0,0,172,170,2,681,655,26,148,142,6,45,43,2,64,61,3,0,0,0,0,0,0,0,0,0,9.2647582,76.7870414
KERALA,Urban,Pathanamthitta,Moped/Scooter/Motor Cycle,5252,4529,723,0,0,0,748,643,105,2925,2476,449,855,748,107,386,345,41,127,119,8,58,56,2,30,30,0,123,112,11,9.2647582,76.7870414
KERALA,Urban,Pathanamthitta,Car/Jeep/Van,2541,2008,533,0,0,0,423,333,90,1125,870,255,383,304,79,235,183,52,100,86,14,82,67,15,102,91,11,91,74,17,9.2647582,76.7870414
KERALA,Urban,Pathanamthitta,Tempo/Autorickshaw/Taxi,1153,1055,98,0,0,0,230,217,13,650,571,79,133,129,4,44,44,0,15,15,0,11,10,1,11,11,0,59,58,1,9.2647582,76.7870414
KERALA,Urban,Pathanamthitta,Bus,8319,4778,3541,0,0,0,306,167,139,3424,1893,1531,1941,1165,776,1124,609,515,509,292,217,390,233,157,454,316,138,171,103,68,9.2647582,76.7870414
KERALA,Urban,Pathanamthitta,Train,1038,773,265,0,0,0,17,16,1,42,29,13,27,20,7,32,19,13,79,55,24,103,82,21,631,474,157,107,78,29,9.2647582,76.7870414
KERALA,Urban,Pathanamthitta,Water transport,25,19,6,0,0,0,1,1,0,5,3,2,8,5,3,5,4,1,0,0,0,1,1,0,3,3,0,2,2,0,9.2647582,76.7870414
KERALA,Urban,Pathanamthitta,Any other,183,152,31,0,0,0,15,15,0,25,20,5,9,8,1,4,2,2,4,4,0,5,5,0,39,33,6,82,65,17,9.2647582,76.7870414
KERALA,Urban,Pathanamthitta,No travel,9103,5952,3151,9103,5952,3151,0,0,0,0,0,0,0,0,0,0,0,0,0,0,0,0,0,0,0,0,0,0,0,0,9.2647582,76.7870414
KARNATAKA,Total,Gulbarga,All Modes,425672,312910,112762,172991,113944,59047,56645,41653,14992,88686,69424,19262,51859,39912,11947,16272,14047,2225,12095,10439,1656,10731,9222,1509,9768,8627,1141,6625,5642,983,17.329731,76.8342957
KARNATAKA,Total,Gulbarga,On foot,111338,76983,34355,0,0,0,43621,30335,13286,40946,28282,12664,26771,18366,8405,0,0,0,0,0,0,0,0,0,0,0,0,0,0,0,17.329731,76.8342957
KARNATAKA,Total,Gulbarga,Bicycle,24690,22844,1846,0,0,0,3429,3120,309,13003,12103,900,4139,3886,253,1247,1169,78,2872,2566,306,0,0,0,0,0,0,0,0,0,17.329731,76.8342957
KARNATAKA,Total,Gulbarga,Moped/Scooter/Motor Cycle,40344,37333,3011,0,0,0,5306,4915,391,18846,17269,1577,7582,7073,509,2924,2791,133,1161,1106,55,1406,1327,79,606,572,34,2513,2280,233,17.329731,76.8342957
KARNATAKA,Total,Gulbarga,Car/Jeep/Van,7589,6534,1055,0,0,0,638,538,100,1967,1605,362,1416,1211,205,1018,896,122,654,573,81,779,710,69,601,559,42,516,442,74,17.329731,76.8342957
KARNATAKA,Total,Gulbarga,Tempo/Autorickshaw/Taxi,20254,15454,4800,0,0,0,1419,982,437,7700,5378,2322,4976,3847,1129,2059,1745,314,951,853,98,925,805,120,585,537,48,1639,1307,332,17.329731,76.8342957
KARNATAKA,Total,Gulbarga,Bus,36845,29901,6944,0,0,0,1394,1084,310,4421,3311,1110,5907,4600,1307,7759,6333,1426,5078,4162,916,6267,5209,1058,4994,4379,615,1025,823,202,17.329731,76.8342957
KARNATAKA,Total,Gulbarga,Train,8407,7124,1283,0,0,0,540,434,106,965,791,174,577,513,64,911,798,113,1167,983,184,1076,914,162,2630,2244,386,541,447,94,17.329731,76.8342957
KARNATAKA,Total,Gulbarga,Water transport,295,253,42,0,0,0,36,29,7,57,49,8,47,37,10,33,28,5,28,28,0,35,29,6,25,22,3,34,31,3,17.329731,76.8342957
KARNATAKA,Total,Gulbarga,Any other,2919,2540,379,0,0,0,262,216,46,781,636,145,444,379,65,321,287,34,184,168,16,243,228,15,327,314,13,357,312,45,17.329731,76.8342957
KARNATAKA,Total,Gulbarga,No travel,172991,113944,59047,172991,113944,59047,0,0,0,0,0,0,0,0,0,0,0,0,0,0,0,0,0,0,0,0,0,0,0,0,17.329731,76.8342957
KARNATAKA,Rural,Gulbarga,All Modes,180901,125760,55141,90711,57963,32748,20180,13204,6976,23932,16559,7373,19951,14759,5192,9448,8405,1043,5709,5102,607,5259,4716,543,4589,4085,504,1122,967,155,17.329731,76.8342957
KARNATAKA,Rural,Gulbarga,On foot,43560,27122,16438,0,0,0,17363,10823,6540,15682,9651,6031,10515,6648,3867,0,0,0,0,0,0,0,0,0,0,0,0,0,0,0,17.329731,76.8342957
KARNATAKA,Rural,Gulbarga,Bicycle,4283,3916,367,0,0,0,562,469,93,1743,1598,145,934,885,49,463,445,18,581,519,62,0,0,0,0,0,0,0,0,0,17.329731,76.8342957
KARNATAKA,Rural,Gulbarga,Moped/Scooter/Motor Cycle,6006,5723,283,0,0,0,670,635,35,1505,1426,79,1319,1259,60,1201,1149,52,521,496,25,450,435,15,185,181,4,155,142,13,17.329731,76.8342957
KARNATAKA,Rural,Gulbarga,Car/Jeep/Van,3306,2944,362,0,0,0,211,192,19,596,480,116,670,577,93,630,586,44,387,349,38,424,396,28,261,249,12,127,115,12,17.329731,76.8342957
KARNATAKA,Rural,Gulbarga,Tempo/Autorickshaw/Taxi,7160,6017,1143,0,0,0,377,291,86,1886,1475,411,2295,1922,373,1134,1011,123,508,458,50,460,416,44,245,230,15,255,214,41,17.329731,76.8342957
KARNATAKA,Rural,Gulbarga,Bus,21534,18391,3143,0,0,0,730,587,143,2060,1592,468,3752,3048,704,5514,4766,748,3315,2915,400,3352,2966,386,2445,2208,237,366,309,57,17.329731,76.8342957
KARNATAKA,Rural,Gulbarga,Train,2778,2333,445,0,0,0,149,114,35,183,136,47,185,176,9,237,209,28,236,215,21,376,321,55,1283,1058,225,129,104,25,17.329731,76.8342957
KARNATAKA,Rural,Gulbarga,Water transport,131,110,21,0,0,0,17,13,4,17,13,4,18,13,5,21,17,4,18,18,0,14,13,1,16,14,2,10,9,1,17.329731,76.8342957
KARNATAKA,Rural,Gulbarga,Any other,1432,1241,191,0,0,0,101,80,21,260,188,72,263,231,32,248,222,26,143,132,11,183,169,14,154,145,9,80,74,6,17.329731,76.8342957
KARNATAKA,Rural,Gulbarga,No travel,90711,57963,32748,90711,57963,32748,0,0,0,0,0,0,0,0,0,0,0,0,0,0,0,0,0,0,0,0,0,0,0,0,17.329731,76.8342957
KARNATAKA,Urban,Gulbarga,All Modes,244771,187150,57621,82280,55981,26299,36465,28449,8016,64754,52865,11889,31908,25153,6755,6824,5642,1182,6386,5337,1049,5472,4506,966,5179,4542,637,5503,4675,828,17.329731,76.8342957
KARNATAKA,Urban,Gulbarga,On foot,67778,49861,17917,0,0,0,26258,19512,6746,25264,18631,6633,16256,11718,4538,0,0,0,0,0,0,0,0,0,0,0,0,0,0,0,17.329731,76.8342957
KARNATAKA,Urban,Gulbarga,Bicycle,20407,18928,1479,0,0,0,2867,2651,216,11260,10505,755,3205,3001,204,784,724,60,2291,2047,244,0,0,0,0,0,0,0,0,0,17.329731,76.8342957
KARNATAKA,Urban,Gulbarga,Moped/Scooter/Motor Cycle,34338,31610,2728,0,0,0,4636,4280,356,17341,15843,1498,6263,5814,449,1723,1642,81,640,610,30,956,892,64,421,391,30,2358,2138,220,17.329731,76.8342957
KARNATAKA,Urban,Gulbarga,Car/Jeep/Van,4283,3590,693,0,0,0,427,346,81,1371,1125,246,746,634,112,388,310,78,267,224,43,355,314,41,340,310,30,389,327,62,17.329731,76.8342957
KARNATAKA,Urban,Gulbarga,Tempo/Autorickshaw/Taxi,13094,9437,3657,0,0,0,1042,691,351,5814,3903,1911,2681,1925,756,925,734,191,443,395,48,465,389,76,340,307,33,1384,1093,291,17.329731,76.8342957
KARNATAKA,Urban,Gulbarga,Bus,15311,11510,3801,0,0,0,664,497,167,2361,1719,642,2155,1552,603,2245,1567,678,1763,1247,516,2915,2243,672,2549,2171,378,659,514,145,17.329731,76.8342957
KARNATAKA,Urban,Gulbarga,Train,5629,4791,838,0,0,0,391,320,71,782,655,127,392,337,55,674,589,85,931,768,163,700,593,107,1347,1186,161,412,343,69,17.329731,76.8342957
KARNATAKA,Urban,Gulbarga,Water transport,164,143,21,0,0,0,19,16,3,40,36,4,29,24,5,12,11,1,10,10,0,21,16,5,9,8,1,24,22,2,17.329731,76.8342957
KARNATAKA,Urban,Gulbarga,Any other,1487,1299,188,0,0,0,161,136,25,521,448,73,181,148,33,73,65,8,41,36,5,60,59,1,173,169,4,277,238,39,17.329731,76.8342957
KARNATAKA,Urban,Gulbarga,No travel,82280,55981,26299,82280,55981,26299,0,0,0,0,0,0,0,0,0,0,0,0,0,0,0,0,0,0,0,0,0,0,0,0,17.329731,76.8342957
HARYANA,Total,Panchkula,All Modes,162100,128541,33559,44005,32197,11808,18857,14509,4348,36221,29566,6655,27195,22352,4843,17236,14184,3052,8072,6840,1232,4723,4077,646,3259,2758,501,2532,2058,474,30.6942091,76.860565
HARYANA,Total,Panchkula,On foot,31644,24333,7311,0,0,0,13365,9934,3431,10581,8389,2192,7698,6010,1688,0,0,0,0,0,0,0,0,0,0,0,0,0,0,0,30.6942091,76.860565
HARYANA,Total,Panchkula,Bicycle,16261,14800,1461,0,0,0,1341,1198,143,7659,6945,714,4215,3888,327,1665,1531,134,1381,1238,143,0,0,0,0,0,0,0,0,0,30.6942091,76.860565
HARYANA,Total,Panchkula,Moped/Scooter/Motor Cycle,22207,18863,3344,0,0,0,2069,1757,312,7563,6202,1361,5131,4394,737,4199,3629,570,1344,1242,102,702,656,46,357,300,57,842,683,159,30.6942091,76.860565
HARYANA,Total,Panchkula,Car/Jeep/Van,20748,16907,3841,0,0,0,1214,989,225,5217,4131,1086,4694,3767,927,5351,4314,1037,1478,1267,211,1272,1124,148,904,798,106,618,517,101,30.6942091,76.860565
HARYANA,Total,Panchkula,Tempo/Autorickshaw/Taxi,3541,2616,925,0,0,0,214,149,65,1200,819,381,961,746,215,510,384,126,205,167,38,163,123,40,109,85,24,179,143,36,30.6942091,76.860565
HARYANA,Total,Panchkula,Bus,21134,16763,4371,0,0,0,437,310,127,3420,2605,815,4031,3170,861,5224,4097,1127,3484,2822,662,2460,2063,397,1444,1191,253,634,505,129,30.6942091,76.860565
HARYANA,Total,Panchkula,Train,1166,944,222,0,0,0,93,77,16,248,203,45,159,122,37,105,79,26,56,48,8,66,56,10,324,270,54,115,89,26,30.6942091,76.860565
HARYANA,Total,Panchkula,Water transport,119,96,23,0,0,0,11,7,4,23,19,4,18,14,4,22,17,5,4,3,1,4,2,2,17,16,1,20,18,2,30.6942091,76.860565
HARYANA,Total,Panchkula,Any other,1275,1022,253,0,0,0,113,88,25,310,253,57,288,241,47,160,133,27,120,53,67,56,53,3,104,98,6,124,103,21,30.6942091,76.860565
HARYANA,Total,Panchkula,No travel,44005,32197,11808,44005,32197,11808,0,0,0,0,0,0,0,0,0,0,0,0,0,0,0,0,0,0,0,0,0,0,0,0,30.6942091,76.860565
HARYANA,Rural,Panchkula,All Modes,54734,44918,9816,20601,15243,5358,6015,4396,1619,9835,8711,1124,8780,7856,924,4061,3783,278,2665,2362,303,1608,1505,103,666,616,50,503,446,57,30.6942091,76.860565
HARYANA,Rural,Panchkula,On foot,13023,10298,2725,0,0,0,5050,3542,1508,4594,3918,676,3379,2838,541,0,0,0,0,0,0,0,0,0,0,0,0,0,0,0,30.6942091,76.860565
HARYANA,Rural,Panchkula,Bicycle,4098,3880,218,0,0,0,320,292,28,1690,1601,89,1172,1121,51,513,504,9,403,362,41,0,0,0,0,0,0,0,0,0,30.6942091,76.860565
HARYANA,Rural,Panchkula,Moped/Scooter/Motor Cycle,5755,5529,226,0,0,0,313,297,16,1608,1535,73,1574,1516,58,1125,1097,28,504,490,14,342,333,9,91,87,4,198,174,24,30.6942091,76.860565
HARYANA,Rural,Panchkula,Car/Jeep/Van,1061,946,115,0,0,0,80,63,17,188,171,17,199,181,18,244,209,35,163,143,20,101,94,7,58,57,1,28,28,0,30.6942091,76.860565
HARYANA,Rural,Panchkula,Tempo/Autorickshaw/Taxi,1363,1224,139,0,0,0,50,43,7,442,380,62,455,420,35,203,187,16,83,76,7,44,39,5,33,29,4,53,50,3,30.6942091,76.860565
HARYANA,Rural,Panchkula,Bus,8089,7167,922,0,0,0,123,94,29,1142,953,189,1884,1669,215,1894,1706,188,1407,1246,161,1081,1000,81,383,348,35,175,151,24,30.6942091,76.860565
HARYANA,Rural,Panchkula,Train,274,243,31,0,0,0,33,27,6,69,61,8,31,29,2,26,25,1,22,17,5,14,14,0,57,54,3,22,16,6,30.6942091,76.860565
HARYANA,Rural,Panchkula,Water transport,21,19,2,0,0,0,4,2,2,2,2,0,4,4,0,4,4,0,1,1,0,1,1,0,1,1,0,4,4,0,30.6942091,76.860565
HARYANA,Rural,Panchkula,Any other,449,369,80,0,0,0,42,36,6,100,90,10,82,78,4,52,51,1,82,27,55,25,24,1,43,40,3,23,23,0,30.6942091,76.860565
HARYANA,Rural,Panchkula,No travel,20601,15243,5358,20601,15243,5358,0,0,0,0,0,0,0,0,0,0,0,0,0,0,0,0,0,0,0,0,0,0,0,0,30.6942091,76.860565
HARYANA,Urban,Panchkula,All Modes,107366,83623,23743,23404,16954,6450,12842,10113,2729,26386,20855,5531,18415,14496,3919,13175,10401,2774,5407,4478,929,3115,2572,543,2593,2142,451,2029,1612,417,30.6942091,76.860565
HARYANA,Urban,Panchkula,On foot,18621,14035,4586,0,0,0,8315,6392,1923,5987,4471,1516,4319,3172,1147,0,0,0,0,0,0,0,0,0,0,0,0,0,0,0,30.6942091,76.860565
HARYANA,Urban,Panchkula,Bicycle,12163,10920,1243,0,0,0,1021,906,115,5969,5344,625,3043,2767,276,1152,1027,125,978,876,102,0,0,0,0,0,0,0,0,0,30.6942091,76.860565
HARYANA,Urban,Panchkula,Moped/Scooter/Motor Cycle,16452,13334,3118,0,0,0,1756,1460,296,5955,4667,1288,3557,2878,679,3074,2532,542,840,752,88,360,323,37,266,213,53,644,509,135,30.6942091,76.860565
HARYANA,Urban,Panchkula,Car/Jeep/Van,19687,15961,3726,0,0,0,1134,926,208,5029,3960,1069,4495,3586,909,5107,4105,1002,1315,1124,191,1171,1030,141,846,741,105,590,489,101,30.6942091,76.860565
HARYANA,Urban,Panchkula,Tempo/Autorickshaw/Taxi,2178,1392,786,0,0,0,164,106,58,758,439,319,506,326,180,307,197,110,122,91,31,119,84,35,76,56,20,126,93,33,30.6942091,76.860565
HARYANA,Urban,Panchkula,Bus,13045,9596,3449,0,0,0,314,216,98,2278,1652,626,2147,1501,646,3330,2391,939,2077,1576,501,1379,1063,316,1061,843,218,459,354,105,30.6942091,76.860565
HARYANA,Urban,Panchkula,Train,892,701,191,0,0,0,60,50,10,179,142,37,128,93,35,79,54,25,34,31,3,52,42,10,267,216,51,93,73,20,30.6942091,76.860565
HARYANA,Urban,Panchkula,Water transport,98,77,21,0,0,0,7,5,2,21,17,4,14,10,4,18,13,5,3,2,1,3,1,2,16,15,1,16,14,2,30.6942091,76.860565
HARYANA,Urban,Panchkula,Any other,826,653,173,0,0,0,71,52,19,210,163,47,206,163,43,108,82,26,38,26,12,31,29,2,61,58,3,101,80,21,30.6942091,76.860565
HARYANA,Urban,Panchkula,No travel,23404,16954,6450,23404,16954,6450,0,0,0,0,0,0,0,0,0,0,0,0,0,0,0,0,0,0,0,0,0,0,0,0,30.6942091,76.860565
HARYANA,Total,Kurukshetra,All Modes,175256,140595,34661,44372,27716,16656,37034,28699,8335,38392,33718,4674,25577,23035,2542,11504,10599,905,5786,5272,514,4577,4193,384,6394,5881,513,1620,1482,138,29.9695121,76.878282
HARYANA,Total,Kurukshetra,On foot,38646,27951,10695,0,0,0,25779,18279,7500,8143,6028,2115,4724,3644,1080,0,0,0,0,0,0,0,0,0,0,0,0,0,0,0,29.9695121,76.878282
HARYANA,Total,Kurukshetra,Bicycle,30712,29796,916,0,0,0,3923,3740,183,13788,13345,443,8606,8446,160,2685,2637,48,1710,1628,82,0,0,0,0,0,0,0,0,0,29.9695121,76.878282
HARYANA,Total,Kurukshetra,Moped/Scooter/Motor Cycle,31341,29298,2043,0,0,0,5761,5413,348,11892,10937,955,6899,6438,461,3943,3776,167,1092,1056,36,587,571,16,345,329,16,822,778,44,29.9695121,76.878282
HARYANA,Total,Kurukshetra,Car/Jeep/Van,4562,3807,755,0,0,0,639,525,114,1386,1103,283,803,649,154,558,485,73,335,289,46,361,324,37,404,366,38,76,66,10,29.9695121,76.878282
HARYANA,Total,Kurukshetra,Tempo/Autorickshaw/Taxi,3834,3021,813,0,0,0,217,165,52,1136,722,414,1454,1213,241,599,524,75,88,82,6,123,118,5,113,106,7,104,91,13,29.9695121,76.878282
HARYANA,Total,Kurukshetra,Bus,16075,13667,2408,0,0,0,323,236,87,1086,713,373,2300,1884,416,3117,2610,507,2197,1872,325,2821,2524,297,3851,3501,350,380,327,53,29.9695121,76.878282
HARYANA,Total,Kurukshetra,Train,3580,3326,254,0,0,0,135,115,20,346,307,39,280,267,13,365,339,26,302,284,18,601,573,28,1403,1308,95,148,133,15,29.9695121,76.878282
HARYANA,Total,Kurukshetra,Water transport,69,63,6,0,0,0,17,12,5,8,8,0,7,7,0,6,6,0,6,5,1,8,8,0,8,8,0,9,9,0,29.9695121,76.878282
HARYANA,Total,Kurukshetra,Any other,2065,1950,115,0,0,0,240,214,26,607,555,52,504,487,17,231,222,9,56,56,0,76,75,1,270,263,7,81,78,3,29.9695121,76.878282
HARYANA,Total,Kurukshetra,No travel,44372,27716,16656,44372,27716,16656,0,0,0,0,0,0,0,0,0,0,0,0,0,0,0,0,0,0,0,0,0,0,0,0,29.9695121,76.878282
HARYANA,Rural,Kurukshetra,All Modes,94688,73142,21546,31613,18238,13375,14845,9776,5069,14639,13352,1287,16864,15711,1153,7977,7712,265,3127,2982,145,2135,2028,107,2700,2605,95,788,738,50,29.9695121,76.878282
HARYANA,Rural,Kurukshetra,On foot,17543,11209,6334,0,0,0,12511,7624,4887,2454,1733,721,2578,1852,726,0,0,0,0,0,0,0,0,0,0,0,0,0,0,0,29.9695121,76.878282
HARYANA,Rural,Kurukshetra,Bicycle,18068,17633,435,0,0,0,1224,1157,67,7063,6874,189,6579,6486,93,2119,2090,29,1083,1026,57,0,0,0,0,0,0,0,0,0,29.9695121,76.878282
HARYANA,Rural,Kurukshetra,Moped/Scooter/Motor Cycle,13025,12589,436,0,0,0,670,627,43,3577,3423,154,4374,4248,126,2829,2758,71,665,649,16,365,359,6,183,179,4,362,346,16,29.9695121,76.878282
HARYANA,Rural,Kurukshetra,Car/Jeep/Van,985,906,79,0,0,0,56,50,6,209,176,33,256,243,13,202,187,15,73,70,3,80,76,4,89,84,5,20,20,0,29.9695121,76.878282
HARYANA,Rural,Kurukshetra,Tempo/Autorickshaw/Taxi,2038,1879,159,0,0,0,84,77,7,393,338,55,895,832,63,422,401,21,48,47,1,72,67,5,54,51,3,70,66,4,29.9695121,76.878282
HARYANA,Rural,Kurukshetra,Bus,8734,8132,602,0,0,0,133,111,22,501,404,97,1634,1514,120,1969,1851,118,1102,1036,66,1393,1311,82,1791,1717,74,211,188,23,29.9695121,76.878282
HARYANA,Rural,Kurukshetra,Train,1453,1387,66,0,0,0,49,36,13,162,150,12,198,189,9,259,253,6,116,114,2,183,173,10,411,404,7,75,68,7,29.9695121,76.878282
HARYANA,Rural,Kurukshetra,Water transport,40,35,5,0,0,0,10,5,5,3,3,0,6,6,0,5,5,0,2,2,0,4,4,0,3,3,0,7,7,0,29.9695121,76.878282
HARYANA,Rural,Kurukshetra,Any other,1189,1134,55,0,0,0,108,89,19,277,251,26,344,341,3,172,167,5,38,38,0,38,38,0,169,167,2,43,43,0,29.9695121,76.878282
HARYANA,Rural,Kurukshetra,No travel,31613,18238,13375,31613,18238,13375,0,0,0,0,0,0,0,0,0,0,0,0,0,0,0,0,0,0,0,0,0,0,0,0,29.9695121,76.878282
HARYANA,Urban,Kurukshetra,All Modes,80568,67453,13115,12759,9478,3281,22189,18923,3266,23753,20366,3387,8713,7324,1389,3527,2887,640,2659,2290,369,2442,2165,277,3694,3276,418,832,744,88,29.9695121,76.878282
HARYANA,Urban,Kurukshetra,On foot,21103,16742,4361,0,0,0,13268,10655,2613,5689,4295,1394,2146,1792,354,0,0,0,0,0,0,0,0,0,0,0,0,0,0,0,29.9695121,76.878282
HARYANA,Urban,Kurukshetra,Bicycle,12644,12163,481,0,0,0,2699,2583,116,6725,6471,254,2027,1960,67,566,547,19,627,602,25,0,0,0,0,0,0,0,0,0,29.9695121,76.878282
HARYANA,Urban,Kurukshetra,Moped/Scooter/Motor Cycle,18316,16709,1607,0,0,0,5091,4786,305,8315,7514,801,2525,2190,335,1114,1018,96,427,407,20,222,212,10,162,150,12,460,432,28,29.9695121,76.878282
HARYANA,Urban,Kurukshetra,Car/Jeep/Van,3577,2901,676,0,0,0,583,475,108,1177,927,250,547,406,141,356,298,58,262,219,43,281,248,33,315,282,33,56,46,10,29.9695121,76.878282
HARYANA,Urban,Kurukshetra,Tempo/Autorickshaw/Taxi,1796,1142,654,0,0,0,133,88,45,743,384,359,559,381,178,177,123,54,40,35,5,51,51,0,59,55,4,34,25,9,29.9695121,76.878282
HARYANA,Urban,Kurukshetra,Bus,7341,5535,1806,0,0,0,190,125,65,585,309,276,666,370,296,1148,759,389,1095,836,259,1428,1213,215,2060,1784,276,169,139,30,29.9695121,76.878282
HARYANA,Urban,Kurukshetra,Train,2127,1939,188,0,0,0,86,79,7,184,157,27,82,78,4,106,86,20,186,170,16,418,400,18,992,904,88,73,65,8,29.9695121,76.878282
HARYANA,Urban,Kurukshetra,Water transport,29,28,1,0,0,0,7,7,0,5,5,0,1,1,0,1,1,0,4,3,1,4,4,0,5,5,0,2,2,0,29.9695121,76.878282
HARYANA,Urban,Kurukshetra,Any other,876,816,60,0,0,0,132,125,7,330,304,26,160,146,14,59,55,4,18,18,0,38,37,1,101,96,5,38,35,3,29.9695121,76.878282
HARYANA,Urban,Kurukshetra,No travel,12759,9478,3281,12759,9478,3281,0,0,0,0,0,0,0,0,0,0,0,0,0,0,0,0,0,0,0,0,0,0,0,0,29.9695121,76.878282
KARNATAKA,Total,Mandya,All Modes,248434,178480,69954,93993,58325,35668,33887,23685,10202,39896,30873,9023,28345,21760,6585,18569,15162,3407,9602,8050,1552,7911,6770,1141,14653,12477,2176,1578,1378,200,12.5218157,76.8951488
KARNATAKA,Total,Mandya,On foot,46598,29362,17236,0,0,0,24457,15443,9014,13557,8315,5242,8584,5604,2980,0,0,0,0,0,0,0,0,0,0,0,0,0,0,0,12.5218157,76.8951488
KARNATAKA,Total,Mandya,Bicycle,14818,14189,629,0,0,0,2279,2178,101,7637,7333,304,2634,2547,87,1098,1047,51,1170,1084,86,0,0,0,0,0,0,0,0,0,12.5218157,76.8951488
KARNATAKA,Total,Mandya,Moped/Scooter/Motor Cycle,26604,24701,1903,0,0,0,4397,4047,350,10132,9221,911,5008,4681,327,3696,3534,162,1401,1340,61,905,873,32,502,476,26,563,529,34,12.5218157,76.8951488
KARNATAKA,Total,Mandya,Car/Jeep/Van,2972,2597,375,0,0,0,321,262,59,498,437,61,373,316,57,503,428,75,372,331,41,294,266,28,513,471,42,98,86,12,12.5218157,76.8951488
KARNATAKA,Total,Mandya,Tempo/Autorickshaw/Taxi,7560,6345,1215,0,0,0,557,448,109,2048,1550,498,1782,1493,289,1390,1195,195,663,604,59,491,467,24,426,409,17,203,179,24,12.5218157,76.8951488
KARNATAKA,Total,Mandya,Bus,48671,36924,11747,0,0,0,1491,997,494,5453,3544,1909,9566,6794,2772,11450,8582,2868,5524,4298,1226,5398,4461,937,9260,7822,1438,529,426,103,12.5218157,76.8951488
KARNATAKA,Total,Mandya,Train,5990,4943,1047,0,0,0,244,189,55,289,242,47,211,162,49,282,236,46,400,324,76,721,604,117,3732,3093,639,111,93,18,12.5218157,76.8951488
KARNATAKA,Total,Mandya,Water transport,98,78,20,0,0,0,6,3,3,14,11,3,21,17,4,14,9,5,3,2,1,7,6,1,25,23,2,8,7,1,12.5218157,76.8951488
KARNATAKA,Total,Mandya,Any other,1130,1016,114,0,0,0,135,118,17,268,220,48,166,146,20,136,131,5,69,67,2,95,93,2,195,183,12,66,58,8,12.5218157,76.8951488
KARNATAKA,Total,Mandya,No travel,93993,58325,35668,93993,58325,35668,0,0,0,0,0,0,0,0,0,0,0,0,0,0,0,0,0,0,0,0,0,0,0,0,12.5218157,76.8951488
KARNATAKA,Rural,Mandya,All Modes,146368,100389,45979,63718,37296,26422,15661,9877,5784,16756,12423,4333,17446,13093,4353,11539,9568,1971,6393,5396,997,4675,4023,652,9329,7991,1338,851,722,129,12.5218157,76.8951488
KARNATAKA,Rural,Mandya,On foot,22696,12776,9920,0,0,0,11898,6674,5224,5498,3006,2492,5300,3096,2204,0,0,0,0,0,0,0,0,0,0,0,0,0,0,0,12.5218157,76.8951488
KARNATAKA,Rural,Mandya,Bicycle,6403,6096,307,0,0,0,922,877,45,2845,2728,117,1253,1203,50,667,631,36,716,657,59,0,0,0,0,0,0,0,0,0,12.5218157,76.8951488
KARNATAKA,Rural,Mandya,Moped/Scooter/Motor Cycle,11577,10907,670,0,0,0,1185,1126,59,3348,3066,282,2772,2613,159,2254,2167,87,942,902,40,519,498,21,314,301,13,243,234,9,12.5218157,76.8951488
KARNATAKA,Rural,Mandya,Car/Jeep/Van,1731,1503,228,0,0,0,116,92,24,240,212,28,234,197,37,334,281,53,263,229,34,182,164,18,311,285,26,51,43,8,12.5218157,76.8951488
KARNATAKA,Rural,Mandya,Tempo/Autorickshaw/Taxi,4647,3913,734,0,0,0,308,255,53,1103,835,268,1137,951,186,903,768,135,507,459,48,324,309,15,268,259,9,97,77,20,12.5218157,76.8951488
KARNATAKA,Rural,Mandya,Bus,31751,24692,7059,0,0,0,1023,691,332,3492,2392,1100,6499,4827,1672,7122,5492,1630,3641,2878,763,3274,2735,539,6341,5390,951,359,287,72,12.5218157,76.8951488
KARNATAKA,Rural,Mandya,Train,3170,2594,576,0,0,0,125,89,36,120,92,28,153,117,36,153,129,24,265,214,51,319,262,57,1968,1637,331,67,54,13,12.5218157,76.8951488
KARNATAKA,Rural,Mandya,Water transport,63,51,12,0,0,0,2,1,1,8,7,1,14,11,3,9,5,4,2,2,0,5,4,1,18,17,1,5,4,1,12.5218157,76.8951488
KARNATAKA,Rural,Mandya,Any other,612,561,51,0,0,0,82,72,10,102,85,17,84,78,6,97,95,2,57,55,2,52,51,1,109,102,7,29,23,6,12.5218157,76.8951488
KARNATAKA,Rural,Mandya,No travel,63718,37296,26422,63718,37296,26422,0,0,0,0,0,0,0,0,0,0,0,0,0,0,0,0,0,0,0,0,0,0,0,0,12.5218157,76.8951488
KARNATAKA,Urban,Mandya,All Modes,102066,78091,23975,30275,21029,9246,18226,13808,4418,23140,18450,4690,10899,8667,2232,7030,5594,1436,3209,2654,555,3236,2747,489,5324,4486,838,727,656,71,12.5218157,76.8951488
KARNATAKA,Urban,Mandya,On foot,23902,16586,7316,0,0,0,12559,8769,3790,8059,5309,2750,3284,2508,776,0,0,0,0,0,0,0,0,0,0,0,0,0,0,0,12.5218157,76.8951488
KARNATAKA,Urban,Mandya,Bicycle,8415,8093,322,0,0,0,1357,1301,56,4792,4605,187,1381,1344,37,431,416,15,454,427,27,0,0,0,0,0,0,0,0,0,12.5218157,76.8951488
KARNATAKA,Urban,Mandya,Moped/Scooter/Motor Cycle,15027,13794,1233,0,0,0,3212,2921,291,6784,6155,629,2236,2068,168,1442,1367,75,459,438,21,386,375,11,188,175,13,320,295,25,12.5218157,76.8951488
KARNATAKA,Urban,Mandya,Car/Jeep/Van,1241,1094,147,0,0,0,205,170,35,258,225,33,139,119,20,169,147,22,109,102,7,112,102,10,202,186,16,47,43,4,12.5218157,76.8951488
KARNATAKA,Urban,Mandya,Tempo/Autorickshaw/Taxi,2913,2432,481,0,0,0,249,193,56,945,715,230,645,542,103,487,427,60,156,145,11,167,158,9,158,150,8,106,102,4,12.5218157,76.8951488
KARNATAKA,Urban,Mandya,Bus,16920,12232,4688,0,0,0,468,306,162,1961,1152,809,3067,1967,1100,4328,3090,1238,1883,1420,463,2124,1726,398,2919,2432,487,170,139,31,12.5218157,76.8951488
KARNATAKA,Urban,Mandya,Train,2820,2349,471,0,0,0,119,100,19,169,150,19,58,45,13,129,107,22,135,110,25,402,342,60,1764,1456,308,44,39,5,12.5218157,76.8951488
KARNATAKA,Urban,Mandya,Water transport,35,27,8,0,0,0,4,2,2,6,4,2,7,6,1,5,4,1,1,0,1,2,2,0,7,6,1,3,3,0,12.5218157,76.8951488
KARNATAKA,Urban,Mandya,Any other,518,455,63,0,0,0,53,46,7,166,135,31,82,68,14,39,36,3,12,12,0,43,42,1,86,81,5,37,35,2,12.5218157,76.8951488
KARNATAKA,Urban,Mandya,No travel,30275,21029,9246,30275,21029,9246,0,0,0,0,0,0,0,0,0,0,0,0,0,0,0,0,0,0,0,0,0,0,0,0,12.5218157,76.8951488
HIMACHAL PRADESH,Total,Mandi,All Modes,161771,122475,39296,44575,30420,14155,28294,18408,9886,38774,30241,8533,22570,19348,3222,10893,9340,1553,5494,4674,820,3794,3339,455,6399,5861,538,978,844,134,31.5892006,76.9182097
HIMACHAL PRADESH,Total,Mandi,On foot,59395,42105,17290,0,0,0,25730,16254,9476,25602,19161,6441,8063,6690,1373,0,0,0,0,0,0,0,0,0,0,0,0,0,0,0,31.5892006,76.9182097
HIMACHAL PRADESH,Total,Mandi,Bicycle,1186,993,193,0,0,0,202,151,51,486,422,64,212,191,21,124,101,23,162,128,34,0,0,0,0,0,0,0,0,0,31.5892006,76.9182097
HIMACHAL PRADESH,Total,Mandi,Moped/Scooter/Motor Cycle,6060,5658,402,0,0,0,715,650,65,2416,2223,193,1341,1268,73,886,836,50,348,340,8,175,172,3,105,100,5,74,69,5,31.5892006,76.9182097
HIMACHAL PRADESH,Total,Mandi,Car/Jeep/Van,4340,3840,500,0,0,0,516,444,72,1381,1216,165,799,717,82,652,569,83,353,316,37,255,234,21,301,272,29,83,72,11,31.5892006,76.9182097
HIMACHAL PRADESH,Total,Mandi,Tempo/Autorickshaw/Taxi,739,641,98,0,0,0,70,61,9,250,205,45,164,148,16,105,88,17,38,35,3,34,31,3,50,49,1,28,24,4,31.5892006,76.9182097
HIMACHAL PRADESH,Total,Mandi,Bus,44560,37985,6575,0,0,0,938,747,191,8422,6827,1595,11900,10251,1649,9022,7645,1377,4553,3817,736,3294,2867,427,5754,5260,494,677,571,106,31.5892006,76.9182097
HIMACHAL PRADESH,Total,Mandi,Train,408,358,50,0,0,0,64,49,15,73,56,17,29,25,4,42,41,1,15,13,2,7,7,0,136,130,6,42,37,5,31.5892006,76.9182097
HIMACHAL PRADESH,Total,Mandi,Water transport,101,88,13,0,0,0,28,24,4,21,17,4,17,15,2,9,8,1,4,4,0,4,3,1,9,8,1,9,9,0,31.5892006,76.9182097
HIMACHAL PRADESH,Total,Mandi,Any other,407,387,20,0,0,0,31,28,3,123,114,9,45,43,2,53,52,1,21,21,0,25,25,0,44,42,2,65,62,3,31.5892006,76.9182097
HIMACHAL PRADESH,Total,Mandi,No travel,44575,30420,14155,44575,30420,14155,0,0,0,0,0,0,0,0,0,0,0,0,0,0,0,0,0,0,0,0,0,0,0,0,31.5892006,76.9182097
HIMACHAL PRADESH,Rural,Mandi,All Modes,140583,106828,33755,39496,26748,12748,21369,13127,8242,34657,27098,7559,20663,18000,2663,9742,8590,1152,4515,4002,513,3371,3042,329,5953,5503,450,817,718,99,31.5892006,76.9182097
HIMACHAL PRADESH,Rural,Mandi,On foot,50647,35562,15085,0,0,0,19688,11722,7966,23676,17717,5959,7283,6123,1160,0,0,0,0,0,0,0,0,0,0,0,0,0,0,0,31.5892006,76.9182097
HIMACHAL PRADESH,Rural,Mandi,Bicycle,995,854,141,0,0,0,151,116,35,412,360,52,197,182,15,101,86,15,134,110,24,0,0,0,0,0,0,0,0,0,31.5892006,76.9182097
HIMACHAL PRADESH,Rural,Mandi,Moped/Scooter/Motor Cycle,4643,4377,266,0,0,0,302,274,28,1740,1622,118,1205,1143,62,798,756,42,301,295,6,153,150,3,87,84,3,57,53,4,31.5892006,76.9182097
HIMACHAL PRADESH,Rural,Mandi,Car/Jeep/Van,2959,2665,294,0,0,0,257,219,38,895,797,98,673,616,57,471,424,47,198,186,12,182,171,11,232,209,23,51,43,8,31.5892006,76.9182097
HIMACHAL PRADESH,Rural,Mandi,Tempo/Autorickshaw/Taxi,608,558,50,0,0,0,44,39,5,204,181,23,141,134,7,85,79,6,29,28,1,30,27,3,49,48,1,26,22,4,31.5892006,76.9182097
HIMACHAL PRADESH,Rural,Mandi,Bus,40423,35317,5106,0,0,0,824,672,152,7530,6245,1285,11079,9725,1354,8187,7146,1041,3817,3349,468,2972,2661,311,5407,4990,417,607,529,78,31.5892006,76.9182097
HIMACHAL PRADESH,Rural,Mandi,Train,361,322,39,0,0,0,46,35,11,65,50,15,24,20,4,41,41,0,13,11,2,6,6,0,127,124,3,39,35,4,31.5892006,76.9182097
HIMACHAL PRADESH,Rural,Mandi,Water transport,93,82,11,0,0,0,28,24,4,18,15,3,16,14,2,8,8,0,4,4,0,3,2,1,7,6,1,9,9,0,31.5892006,76.9182097
HIMACHAL PRADESH,Rural,Mandi,Any other,358,343,15,0,0,0,29,26,3,117,111,6,45,43,2,51,50,1,19,19,0,25,25,0,44,42,2,28,27,1,31.5892006,76.9182097
HIMACHAL PRADESH,Rural,Mandi,No travel,39496,26748,12748,39496,26748,12748,0,0,0,0,0,0,0,0,0,0,0,0,0,0,0,0,0,0,0,0,0,0,0,0,31.5892006,76.9182097
HIMACHAL PRADESH,Urban,Mandi,All Modes,21188,15647,5541,5079,3672,1407,6925,5281,1644,4117,3143,974,1907,1348,559,1151,750,401,979,672,307,423,297,126,446,358,88,161,126,35,31.5892006,76.9182097
HIMACHAL PRADESH,Urban,Mandi,On foot,8748,6543,2205,0,0,0,6042,4532,1510,1926,1444,482,780,567,213,0,0,0,0,0,0,0,0,0,0,0,0,0,0,0,31.5892006,76.9182097
HIMACHAL PRADESH,Urban,Mandi,Bicycle,191,139,52,0,0,0,51,35,16,74,62,12,15,9,6,23,15,8,28,18,10,0,0,0,0,0,0,0,0,0,31.5892006,76.9182097
HIMACHAL PRADESH,Urban,Mandi,Moped/Scooter/Motor Cycle,1417,1281,136,0,0,0,413,376,37,676,601,75,136,125,11,88,80,8,47,45,2,22,22,0,18,16,2,17,16,1,31.5892006,76.9182097
HIMACHAL PRADESH,Urban,Mandi,Car/Jeep/Van,1381,1175,206,0,0,0,259,225,34,486,419,67,126,101,25,181,145,36,155,130,25,73,63,10,69,63,6,32,29,3,31.5892006,76.9182097
HIMACHAL PRADESH,Urban,Mandi,Tempo/Autorickshaw/Taxi,131,83,48,0,0,0,26,22,4,46,24,22,23,14,9,20,9,11,9,7,2,4,4,0,1,1,0,2,2,0,31.5892006,76.9182097
HIMACHAL PRADESH,Urban,Mandi,Bus,4137,2668,1469,0,0,0,114,75,39,892,582,310,821,526,295,835,499,336,736,468,268,322,206,116,347,270,77,70,42,28,31.5892006,76.9182097
HIMACHAL PRADESH,Urban,Mandi,Train,47,36,11,0,0,0,18,14,4,8,6,2,5,5,0,1,0,1,2,2,0,1,1,0,9,6,3,3,2,1,31.5892006,76.9182097
HIMACHAL PRADESH,Urban,Mandi,Water transport,8,6,2,0,0,0,0,0,0,3,2,1,1,1,0,1,0,1,0,0,0,1,1,0,2,2,0,0,0,0,31.5892006,76.9182097
HIMACHAL PRADESH,Urban,Mandi,Any other,49,44,5,0,0,0,2,2,0,6,3,3,0,0,0,2,2,0,2,2,0,0,0,0,0,0,0,37,35,2,31.5892006,76.9182097
HIMACHAL PRADESH,Urban,Mandi,No travel,5079,3672,1407,5079,3672,1407,0,0,0,0,0,0,0,0,0,0,0,0,0,0,0,0,0,0,0,0,0,0,0,0,31.5892006,76.9182097
KARNATAKA,Total,Bellary,All Modes,429876,333203,96673,148132,101094,47038,71212,54172,17040,106641,87630,19011,54294,45462,8832,20000,17879,2121,11858,10876,982,7725,7046,679,5689,5128,561,4325,3916,409,15.1393932,76.9214428
KARNATAKA,Total,Bellary,On foot,107143,75265,31878,0,0,0,50535,35421,15114,38015,26268,11747,18593,13576,5017,0,0,0,0,0,0,0,0,0,0,0,0,0,0,0,15.1393932,76.9214428
KARNATAKA,Total,Bellary,Bicycle,34167,32575,1592,0,0,0,5676,5323,353,19858,18993,865,5297,5103,194,1134,1086,48,2202,2070,132,0,0,0,0,0,0,0,0,0,15.1393932,76.9214428
KARNATAKA,Total,Bellary,Moped/Scooter/Motor Cycle,56710,53266,3444,0,0,0,9676,9072,604,27558,25643,1915,10135,9573,562,3969,3827,142,1577,1527,50,1247,1188,59,461,446,15,2087,1990,97,15.1393932,76.9214428
KARNATAKA,Total,Bellary,Car/Jeep/Van,8467,7765,702,0,0,0,971,846,125,2493,2213,280,1865,1734,131,1182,1120,62,662,635,27,488,463,25,446,425,21,360,329,31,15.1393932,76.9214428
KARNATAKA,Total,Bellary,Tempo/Autorickshaw/Taxi,21639,17467,4172,0,0,0,1698,1343,355,9511,7127,2384,5924,4907,1017,2158,1954,204,703,670,33,599,537,62,337,311,26,709,618,91,15.1393932,76.9214428
KARNATAKA,Total,Bellary,Bus,47360,40317,7043,0,0,0,1880,1525,355,7674,6080,1594,11088,9380,1708,10698,9127,1571,6357,5635,722,5018,4504,514,3850,3394,456,795,672,123,15.1393932,76.9214428
KARNATAKA,Total,Bellary,Train,1914,1657,257,0,0,0,342,277,65,497,422,75,232,208,24,108,98,10,124,117,7,104,99,5,388,351,37,119,85,34,15.1393932,76.9214428
KARNATAKA,Total,Bellary,Water transport,255,203,52,0,0,0,73,52,21,49,40,9,56,49,7,19,16,3,11,9,2,17,15,2,10,10,0,20,12,8,15.1393932,76.9214428
KARNATAKA,Total,Bellary,Any other,4089,3594,495,0,0,0,361,313,48,986,844,142,1104,932,172,732,651,81,222,213,9,252,240,12,197,191,6,235,210,25,15.1393932,76.9214428
KARNATAKA,Total,Bellary,No travel,148132,101094,47038,148132,101094,47038,0,0,0,0,0,0,0,0,0,0,0,0,0,0,0,0,0,0,0,0,0,0,0,0,15.1393932,76.9214428
KARNATAKA,Rural,Bellary,All Modes,150682,111338,39344,68701,44931,23770,17157,12233,4924,23788,18684,5104,19911,16463,3448,9812,8737,1075,4530,4156,374,3505,3207,298,2411,2190,221,867,737,130,15.1393932,76.9214428
KARNATAKA,Rural,Bellary,On foot,31080,21281,9799,0,0,0,13845,9317,4528,10619,7228,3391,6616,4736,1880,0,0,0,0,0,0,0,0,0,0,0,0,0,0,0,15.1393932,76.9214428
KARNATAKA,Rural,Bellary,Bicycle,6004,5688,316,0,0,0,711,641,70,2937,2806,131,1350,1300,50,486,467,19,520,474,46,0,0,0,0,0,0,0,0,0,15.1393932,76.9214428
KARNATAKA,Rural,Bellary,Moped/Scooter/Motor Cycle,8734,8371,363,0,0,0,1003,960,43,2573,2443,130,2109,2019,90,1658,1604,54,686,671,15,391,377,14,136,134,2,178,163,15,15.1393932,76.9214428
KARNATAKA,Rural,Bellary,Car/Jeep/Van,2327,2060,267,0,0,0,191,165,26,690,579,111,589,519,70,312,287,25,184,177,7,153,143,10,112,105,7,96,85,11,15.1393932,76.9214428
KARNATAKA,Rural,Bellary,Tempo/Autorickshaw/Taxi,9118,7666,1452,0,0,0,418,338,80,3366,2672,694,2948,2487,461,1356,1235,121,409,394,15,309,272,37,146,136,10,166,132,34,15.1393932,76.9214428
KARNATAKA,Rural,Bellary,Bus,21607,18664,2943,0,0,0,723,597,126,3032,2472,560,5430,4683,747,5349,4578,771,2503,2224,279,2428,2204,224,1856,1662,194,286,244,42,15.1393932,76.9214428
KARNATAKA,Rural,Bellary,Train,544,471,73,0,0,0,101,81,20,122,111,11,89,79,10,48,41,7,54,51,3,31,28,3,55,51,4,44,29,15,15.1393932,76.9214428
KARNATAKA,Rural,Bellary,Water transport,86,76,10,0,0,0,18,14,4,12,11,1,31,29,2,9,8,1,5,3,2,5,5,0,5,5,0,1,1,0,15.1393932,76.9214428
KARNATAKA,Rural,Bellary,Any other,2481,2130,351,0,0,0,147,120,27,437,362,75,749,611,138,594,517,77,169,162,7,188,178,10,101,97,4,96,83,13,15.1393932,76.9214428
KARNATAKA,Rural,Bellary,No travel,68701,44931,23770,68701,44931,23770,0,0,0,0,0,0,0,0,0,0,0,0,0,0,0,0,0,0,0,0,0,0,0,0,15.1393932,76.9214428
KARNATAKA,Urban,Bellary,All Modes,279194,221865,57329,79431,56163,23268,54055,41939,12116,82853,68946,13907,34383,28999,5384,10188,9142,1046,7328,6720,608,4220,3839,381,3278,2938,340,3458,3179,279,15.1393932,76.9214428
KARNATAKA,Urban,Bellary,On foot,76063,53984,22079,0,0,0,36690,26104,10586,27396,19040,8356,11977,8840,3137,0,0,0,0,0,0,0,0,0,0,0,0,0,0,0,15.1393932,76.9214428
KARNATAKA,Urban,Bellary,Bicycle,28163,26887,1276,0,0,0,4965,4682,283,16921,16187,734,3947,3803,144,648,619,29,1682,1596,86,0,0,0,0,0,0,0,0,0,15.1393932,76.9214428
KARNATAKA,Urban,Bellary,Moped/Scooter/Motor Cycle,47976,44895,3081,0,0,0,8673,8112,561,24985,23200,1785,8026,7554,472,2311,2223,88,891,856,35,856,811,45,325,312,13,1909,1827,82,15.1393932,76.9214428
KARNATAKA,Urban,Bellary,Car/Jeep/Van,6140,5705,435,0,0,0,780,681,99,1803,1634,169,1276,1215,61,870,833,37,478,458,20,335,320,15,334,320,14,264,244,20,15.1393932,76.9214428
KARNATAKA,Urban,Bellary,Tempo/Autorickshaw/Taxi,12521,9801,2720,0,0,0,1280,1005,275,6145,4455,1690,2976,2420,556,802,719,83,294,276,18,290,265,25,191,175,16,543,486,57,15.1393932,76.9214428
KARNATAKA,Urban,Bellary,Bus,25753,21653,4100,0,0,0,1157,928,229,4642,3608,1034,5658,4697,961,5349,4549,800,3854,3411,443,2590,2300,290,1994,1732,262,509,428,81,15.1393932,76.9214428
KARNATAKA,Urban,Bellary,Train,1370,1186,184,0,0,0,241,196,45,375,311,64,143,129,14,60,57,3,70,66,4,73,71,2,333,300,33,75,56,19,15.1393932,76.9214428
KARNATAKA,Urban,Bellary,Water transport,169,127,42,0,0,0,55,38,17,37,29,8,25,20,5,10,8,2,6,6,0,12,10,2,5,5,0,19,11,8,15.1393932,76.9214428
KARNATAKA,Urban,Bellary,Any other,1608,1464,144,0,0,0,214,193,21,549,482,67,355,321,34,138,134,4,53,51,2,64,62,2,96,94,2,139,127,12,15.1393932,76.9214428
KARNATAKA,Urban,Bellary,No travel,79431,56163,23268,79431,56163,23268,0,0,0,0,0,0,0,0,0,0,0,0,0,0,0,0,0,0,0,0,0,0,0,0,15.1393932,76.9214428
KERALA,Total,Thiruvananthapuram,All Modes,1069775,744714,325061,270032,170380,99652,158537,101774,56763,259263,180330,78933,186454,138291,48163,96511,73900,22611,40470,32477,7993,21602,17189,4413,19113,15511,3602,17793,14862,2931,8.5241391,76.9366376
KERALA,Total,Thiruvananthapuram,On foot,253453,152960,100493,0,0,0,128022,76728,51294,90402,52656,37746,35029,23576,11453,0,0,0,0,0,0,0,0,0,0,0,0,0,0,0,8.5241391,76.9366376
KERALA,Total,Thiruvananthapuram,Bicycle,34940,33794,1146,0,0,0,3760,3626,134,20193,19590,603,6725,6516,209,1833,1737,96,2429,2325,104,0,0,0,0,0,0,0,0,0,8.5241391,76.9366376
KERALA,Total,Thiruvananthapuram,Moped/Scooter/Motor Cycle,137178,122991,14187,0,0,0,10243,9117,1126,47666,41717,5949,39137,34960,4177,24488,22507,1981,8176,7700,476,2980,2836,144,667,615,52,3821,3539,282,8.5241391,76.9366376
KERALA,Total,Thiruvananthapuram,Car/Jeep/Van,35899,26681,9218,0,0,0,2763,2151,612,11791,8421,3370,9752,7067,2685,6153,4576,1577,2036,1638,398,1207,1020,187,787,652,135,1410,1156,254,8.5241391,76.9366376
KERALA,Total,Thiruvananthapuram,Tempo/Autorickshaw/Taxi,18543,15041,3502,0,0,0,2308,2069,239,7055,5596,1459,4158,3160,998,2193,1712,481,921,773,148,565,510,55,252,238,14,1091,983,108,8.5241391,76.9366376
KERALA,Total,Thiruvananthapuram,Bus,286140,195421,90719,0,0,0,9128,5985,3143,80240,50843,29397,89897,61602,28295,59078,41126,17952,23806,17679,6127,12123,9105,3018,4732,3727,1005,7136,5354,1782,8.5241391,76.9366376
KERALA,Total,Thiruvananthapuram,Train,22386,16974,5412,0,0,0,555,415,140,811,541,270,703,470,233,1289,900,389,2335,1645,690,3619,2637,982,11098,8756,2342,1976,1610,366,8.5241391,76.9366376
KERALA,Total,Thiruvananthapuram,Water transport,7722,7475,247,0,0,0,1405,1366,39,643,604,39,671,621,50,1064,1032,32,612,596,16,1020,1004,16,1221,1195,26,1086,1057,29,8.5241391,76.9366376
KERALA,Total,Thiruvananthapuram,Any other,3482,2997,485,0,0,0,353,317,36,462,362,100,382,319,63,413,310,103,155,121,34,88,77,11,356,328,28,1273,1163,110,8.5241391,76.9366376
KERALA,Total,Thiruvananthapuram,No travel,270032,170380,99652,270032,170380,99652,0,0,0,0,0,0,0,0,0,0,0,0,0,0,0,0,0,0,0,0,0,0,0,0,8.5241391,76.9366376
KERALA,Rural,Thiruvananthapuram,All Modes,469189,316470,152719,114927,68719,46208,82635,49379,33256,114818,75901,38917,72919,54395,18524,35833,28354,7479,21454,17505,3949,12786,10392,2394,7527,6466,1061,6290,5359,931,8.5241391,76.9366376
KERALA,Rural,Thiruvananthapuram,On foot,145232,81619,63613,0,0,0,71838,40402,31436,54037,28782,25255,19357,12435,6922,0,0,0,0,0,0,0,0,0,0,0,0,0,0,0,8.5241391,76.9366376
KERALA,Rural,Thiruvananthapuram,Bicycle,15904,15434,470,0,0,0,1506,1449,57,9457,9201,256,3035,2967,68,802,767,35,1104,1050,54,0,0,0,0,0,0,0,0,0,8.5241391,76.9366376
KERALA,Rural,Thiruvananthapuram,Moped/Scooter/Motor Cycle,38724,36522,2202,0,0,0,2536,2354,182,11926,11105,821,9559,9087,472,7373,7000,373,4327,4110,217,1756,1681,75,238,224,14,1009,961,48,8.5241391,76.9366376
KERALA,Rural,Thiruvananthapuram,Car/Jeep/Van,7132,5990,1142,0,0,0,689,607,82,2229,1804,425,1383,1144,239,1002,828,174,730,630,100,507,446,61,209,182,27,383,349,34,8.5241391,76.9366376
KERALA,Rural,Thiruvananthapuram,Tempo/Autorickshaw/Taxi,7343,5830,1513,0,0,0,878,807,71,2602,2188,414,1692,1177,515,946,641,305,446,336,110,269,240,29,98,90,8,412,351,61,8.5241391,76.9366376
KERALA,Rural,Thiruvananthapuram,Bus,125843,90239,35604,0,0,0,3760,2434,1326,33703,22116,11587,37233,27028,10205,24535,18087,6448,13456,10268,3188,7909,6147,1762,2421,1990,431,2826,2169,657,8.5241391,76.9366376
KERALA,Rural,Thiruvananthapuram,Train,8340,6580,1760,0,0,0,211,145,66,356,236,120,247,173,74,450,319,131,971,704,267,1782,1327,455,3736,3176,560,587,500,87,8.5241391,76.9366376
KERALA,Rural,Thiruvananthapuram,Water transport,4611,4498,113,0,0,0,1092,1069,23,363,349,14,293,271,22,658,649,9,385,377,8,529,519,10,692,680,12,599,584,15,8.5241391,76.9366376
KERALA,Rural,Thiruvananthapuram,Any other,1133,1039,94,0,0,0,125,112,13,145,120,25,120,113,7,67,63,4,35,30,5,34,32,2,133,124,9,474,445,29,8.5241391,76.9366376
KERALA,Rural,Thiruvananthapuram,No travel,114927,68719,46208,114927,68719,46208,0,0,0,0,0,0,0,0,0,0,0,0,0,0,0,0,0,0,0,0,0,0,0,0,8.5241391,76.9366376
KERALA,Urban,Thiruvananthapuram,All Modes,600586,428244,172342,155105,101661,53444,75902,52395,23507,144445,104429,40016,113535,83896,29639,60678,45546,15132,19016,14972,4044,8816,6797,2019,11586,9045,2541,11503,9503,2000,8.5241391,76.9366376
KERALA,Urban,Thiruvananthapuram,On foot,108221,71341,36880,0,0,0,56184,36326,19858,36365,23874,12491,15672,11141,4531,0,0,0,0,0,0,0,0,0,0,0,0,0,0,0,8.5241391,76.9366376
KERALA,Urban,Thiruvananthapuram,Bicycle,19036,18360,676,0,0,0,2254,2177,77,10736,10389,347,3690,3549,141,1031,970,61,1325,1275,50,0,0,0,0,0,0,0,0,0,8.5241391,76.9366376
KERALA,Urban,Thiruvananthapuram,Moped/Scooter/Motor Cycle,98454,86469,11985,0,0,0,7707,6763,944,35740,30612,5128,29578,25873,3705,17115,15507,1608,3849,3590,259,1224,1155,69,429,391,38,2812,2578,234,8.5241391,76.9366376
KERALA,Urban,Thiruvananthapuram,Car/Jeep/Van,28767,20691,8076,0,0,0,2074,1544,530,9562,6617,2945,8369,5923,2446,5151,3748,1403,1306,1008,298,700,574,126,578,470,108,1027,807,220,8.5241391,76.9366376
KERALA,Urban,Thiruvananthapuram,Tempo/Autorickshaw/Taxi,11200,9211,1989,0,0,0,1430,1262,168,4453,3408,1045,2466,1983,483,1247,1071,176,475,437,38,296,270,26,154,148,6,679,632,47,8.5241391,76.9366376
KERALA,Urban,Thiruvananthapuram,Bus,160297,105182,55115,0,0,0,5368,3551,1817,46537,28727,17810,52664,34574,18090,34543,23039,11504,10350,7411,2939,4214,2958,1256,2311,1737,574,4310,3185,1125,8.5241391,76.9366376
KERALA,Urban,Thiruvananthapuram,Train,14046,10394,3652,0,0,0,344,270,74,455,305,150,456,297,159,839,581,258,1364,941,423,1837,1310,527,7362,5580,1782,1389,1110,279,8.5241391,76.9366376
KERALA,Urban,Thiruvananthapuram,Water transport,3111,2977,134,0,0,0,313,297,16,280,255,25,378,350,28,406,383,23,227,219,8,491,485,6,529,515,14,487,473,14,8.5241391,76.9366376
KERALA,Urban,Thiruvananthapuram,Any other,2349,1958,391,0,0,0,228,205,23,317,242,75,262,206,56,346,247,99,120,91,29,54,45,9,223,204,19,799,718,81,8.5241391,76.9366376
KERALA,Urban,Thiruvananthapuram,No travel,155105,101661,53444,155105,101661,53444,0,0,0,0,0,0,0,0,0,0,0,0,0,0,0,0,0,0,0,0,0,0,0,0,8.5241391,76.9366376
KARNATAKA,Total,Chamarajanagar,All Modes,140278,103872,36406,58999,39228,19771,17690,12849,4841,21353,16621,4732,16534,12855,3679,7706,6463,1243,4395,3844,551,3941,3489,452,8499,7499,1000,1161,1024,137,11.9261471,76.9437312
KARNATAKA,Total,Chamarajanagar,On foot,29557,19768,9789,0,0,0,13126,8746,4380,9270,6144,3126,7161,4878,2283,0,0,0,0,0,0,0,0,0,0,0,0,0,0,0,11.9261471,76.9437312
KARNATAKA,Total,Chamarajanagar,Bicycle,9489,9118,371,0,0,0,1440,1380,60,4703,4518,185,1861,1802,59,634,624,10,851,794,57,0,0,0,0,0,0,0,0,0,11.9261471,76.9437312
KARNATAKA,Total,Chamarajanagar,Moped/Scooter/Motor Cycle,8556,8069,487,0,0,0,1758,1655,103,3095,2867,228,1423,1342,81,1055,1020,35,381,367,14,245,237,8,210,204,6,389,377,12,11.9261471,76.9437312
KARNATAKA,Total,Chamarajanagar,Car/Jeep/Van,1001,887,114,0,0,0,115,100,15,164,134,30,155,137,18,121,102,19,83,73,10,103,97,6,188,177,11,72,67,5,11.9261471,76.9437312
KARNATAKA,Total,Chamarajanagar,Tempo/Autorickshaw/Taxi,2263,1909,354,0,0,0,157,136,21,562,395,167,504,439,65,411,336,75,150,147,3,128,125,3,224,215,9,127,116,11,11.9261471,76.9437312
KARNATAKA,Total,Chamarajanagar,Bus,28182,22856,5326,0,0,0,823,588,235,3236,2271,965,5188,4028,1160,5329,4243,1086,2836,2374,462,3185,2766,419,7142,6242,900,443,344,99,11.9261471,76.9437312
KARNATAKA,Total,Chamarajanagar,Train,1235,1103,132,0,0,0,62,55,7,148,133,15,91,80,11,75,63,12,51,46,5,221,206,15,526,466,60,61,54,7,11.9261471,76.9437312
KARNATAKA,Total,Chamarajanagar,Water transport,195,173,22,0,0,0,148,135,13,4,3,1,6,5,1,8,6,2,2,2,0,6,6,0,16,12,4,5,4,1,11.9261471,76.9437312
KARNATAKA,Total,Chamarajanagar,Any other,801,761,40,0,0,0,61,54,7,171,156,15,145,144,1,73,69,4,41,41,0,53,52,1,193,183,10,64,62,2,11.9261471,76.9437312
KARNATAKA,Total,Chamarajanagar,No travel,58999,39228,19771,58999,39228,19771,0,0,0,0,0,0,0,0,0,0,0,0,0,0,0,0,0,0,0,0,0,0,0,0,11.9261471,76.9437312
KARNATAKA,Rural,Chamarajanagar,All Modes,86802,62282,24520,39794,25889,13905,7137,4367,2770,10172,7283,2889,11531,8812,2719,5428,4635,793,2846,2501,345,2844,2557,287,6457,5732,725,593,506,87,11.9261471,76.9437312
KARNATAKA,Rural,Chamarajanagar,On foot,15694,9395,6299,0,0,0,5675,3142,2533,5014,3057,1957,5005,3196,1809,0,0,0,0,0,0,0,0,0,0,0,0,0,0,0,11.9261471,76.9437312
KARNATAKA,Rural,Chamarajanagar,Bicycle,4056,3871,185,0,0,0,332,308,24,1585,1509,76,1258,1214,44,446,441,5,435,399,36,0,0,0,0,0,0,0,0,0,11.9261471,76.9437312
KARNATAKA,Rural,Chamarajanagar,Moped/Scooter/Motor Cycle,2989,2807,182,0,0,0,223,201,22,877,802,75,746,701,45,570,553,17,220,209,11,134,130,4,127,122,5,92,89,3,11.9261471,76.9437312
KARNATAKA,Rural,Chamarajanagar,Car/Jeep/Van,489,420,69,0,0,0,31,24,7,59,42,17,96,84,12,66,55,11,44,38,6,53,50,3,111,102,9,29,25,4,11.9261471,76.9437312
KARNATAKA,Rural,Chamarajanagar,Tempo/Autorickshaw/Taxi,1347,1102,245,0,0,0,55,46,9,314,210,104,340,288,52,308,240,68,83,82,1,82,81,1,124,117,7,41,38,3,11.9261471,76.9437312
KARNATAKA,Rural,Chamarajanagar,Bus,20890,17374,3516,0,0,0,623,462,161,2188,1543,645,3923,3170,753,3915,3236,679,1990,1703,287,2322,2056,266,5588,4934,654,341,270,71,11.9261471,76.9437312
KARNATAKA,Rural,Chamarajanagar,Train,900,810,90,0,0,0,30,25,5,75,65,10,68,64,4,57,48,9,43,39,4,200,188,12,374,334,40,53,47,6,11.9261471,76.9437312
KARNATAKA,Rural,Chamarajanagar,Water transport,166,156,10,0,0,0,138,131,7,1,0,1,4,4,0,6,5,1,2,2,0,5,5,0,7,6,1,3,3,0,11.9261471,76.9437312
KARNATAKA,Rural,Chamarajanagar,Any other,477,458,19,0,0,0,30,28,2,59,55,4,91,91,0,60,57,3,29,29,0,48,47,1,126,117,9,34,34,0,11.9261471,76.9437312
KARNATAKA,Rural,Chamarajanagar,No travel,39794,25889,13905,39794,25889,13905,0,0,0,0,0,0,0,0,0,0,0,0,0,0,0,0,0,0,0,0,0,0,0,0,11.9261471,76.9437312
KARNATAKA,Urban,Chamarajanagar,All Modes,53476,41590,11886,19205,13339,5866,10553,8482,2071,11181,9338,1843,5003,4043,960,2278,1828,450,1549,1343,206,1097,932,165,2042,1767,275,568,518,50,11.9261471,76.9437312
KARNATAKA,Urban,Chamarajanagar,On foot,13863,10373,3490,0,0,0,7451,5604,1847,4256,3087,1169,2156,1682,474,0,0,0,0,0,0,0,0,0,0,0,0,0,0,0,11.9261471,76.9437312
KARNATAKA,Urban,Chamarajanagar,Bicycle,5433,5247,186,0,0,0,1108,1072,36,3118,3009,109,603,588,15,188,183,5,416,395,21,0,0,0,0,0,0,0,0,0,11.9261471,76.9437312
KARNATAKA,Urban,Chamarajanagar,Moped/Scooter/Motor Cycle,5567,5262,305,0,0,0,1535,1454,81,2218,2065,153,677,641,36,485,467,18,161,158,3,111,107,4,83,82,1,297,288,9,11.9261471,76.9437312
KARNATAKA,Urban,Chamarajanagar,Car/Jeep/Van,512,467,45,0,0,0,84,76,8,105,92,13,59,53,6,55,47,8,39,35,4,50,47,3,77,75,2,43,42,1,11.9261471,76.9437312
KARNATAKA,Urban,Chamarajanagar,Tempo/Autorickshaw/Taxi,916,807,109,0,0,0,102,90,12,248,185,63,164,151,13,103,96,7,67,65,2,46,44,2,100,98,2,86,78,8,11.9261471,76.9437312
KARNATAKA,Urban,Chamarajanagar,Bus,7292,5482,1810,0,0,0,200,126,74,1048,728,320,1265,858,407,1414,1007,407,846,671,175,863,710,153,1554,1308,246,102,74,28,11.9261471,76.9437312
KARNATAKA,Urban,Chamarajanagar,Train,335,293,42,0,0,0,32,30,2,73,68,5,23,16,7,18,15,3,8,7,1,21,18,3,152,132,20,8,7,1,11.9261471,76.9437312
KARNATAKA,Urban,Chamarajanagar,Water transport,29,17,12,0,0,0,10,4,6,3,3,0,2,1,1,2,1,1,0,0,0,1,1,0,9,6,3,2,1,1,11.9261471,76.9437312
KARNATAKA,Urban,Chamarajanagar,Any other,324,303,21,0,0,0,31,26,5,112,101,11,54,53,1,13,12,1,12,12,0,5,5,0,67,66,1,30,28,2,11.9261471,76.9437312
KARNATAKA,Urban,Chamarajanagar,No travel,19205,13339,5866,19205,13339,5866,0,0,0,0,0,0,0,0,0,0,0,0,0,0,0,0,0,0,0,0,0,0,0,0,11.9261471,76.9437312
TAMIL NADU,Total,Coimbatore,All Modes,1207622,886351,321271,210586,135092,75494,181274,119117,62157,339223,249487,89736,236783,182622,54161,118141,95869,22272,44070,37382,6688,37185,32129,5056,23102,20098,3004,17258,14555,2703,11.0168445,76.9558321
TAMIL NADU,Total,Coimbatore,On foot,231954,131292,100662,0,0,0,124465,70582,53883,73463,39415,34048,34026,21295,12731,0,0,0,0,0,0,0,0,0,0,0,0,0,0,0,11.0168445,76.9558321
TAMIL NADU,Total,Coimbatore,Bicycle,90372,84022,6350,0,0,0,12707,11719,988,49809,46149,3660,17247,16251,996,5333,5005,328,5276,4898,378,0,0,0,0,0,0,0,0,0,11.0168445,76.9558321
TAMIL NADU,Total,Coimbatore,Moped/Scooter/Motor Cycle,284513,260955,23558,0,0,0,30806,28044,2762,110859,100306,10553,76792,70471,6321,39537,36969,2568,10361,9902,459,6423,6185,238,2173,2082,91,7562,6996,566,11.0168445,76.9558321
TAMIL NADU,Total,Coimbatore,Car/Jeep/Van,42466,33755,8711,0,0,0,2988,2339,649,12007,8951,3056,10866,8352,2514,6849,5457,1392,2992,2538,454,3396,3078,318,2104,1964,140,1264,1076,188,11.0168445,76.9558321
TAMIL NADU,Total,Coimbatore,Tempo/Autorickshaw/Taxi,15176,13127,2049,0,0,0,1183,1044,139,3770,2921,849,3328,2746,582,2368,2107,261,1181,1109,72,1460,1395,65,1022,997,25,864,808,56,11.0168445,76.9558321
TAMIL NADU,Total,Coimbatore,Bus,316492,214936,101556,0,0,0,8447,4866,3581,87541,50399,37142,92914,62272,30642,62938,45441,17497,23402,18230,5172,23532,19458,4074,11710,9923,1787,6008,4347,1661,11.0168445,76.9558321
TAMIL NADU,Total,Coimbatore,Train,10727,8544,2183,0,0,0,302,208,94,882,617,265,748,551,197,630,487,143,592,476,116,1898,1565,333,4933,4029,904,742,611,131,11.0168445,76.9558321
TAMIL NADU,Total,Coimbatore,Water transport,501,400,101,0,0,0,44,36,8,106,80,26,103,75,28,66,53,13,27,23,4,20,16,4,51,45,6,84,72,12,11.0168445,76.9558321
TAMIL NADU,Total,Coimbatore,Any other,4835,4228,607,0,0,0,332,279,53,786,649,137,759,609,150,420,350,70,239,206,33,456,432,24,1109,1058,51,734,645,89,11.0168445,76.9558321
TAMIL NADU,Total,Coimbatore,No travel,210586,135092,75494,210586,135092,75494,0,0,0,0,0,0,0,0,0,0,0,0,0,0,0,0,0,0,0,0,0,0,0,0,11.0168445,76.9558321
TAMIL NADU,Rural,Coimbatore,All Modes,211118,147653,63465,52568,33524,19044,27941,16237,11704,44686,30037,14649,36103,26633,9470,22750,18180,4570,11230,9486,1744,9770,8335,1435,4092,3582,510,1978,1639,339,11.0168445,76.9558321
TAMIL NADU,Rural,Coimbatore,On foot,41741,21913,19828,0,0,0,22047,11533,10514,13484,6607,6877,6210,3773,2437,0,0,0,0,0,0,0,0,0,0,0,0,0,0,0,11.0168445,76.9558321
TAMIL NADU,Rural,Coimbatore,Bicycle,12239,11013,1226,0,0,0,1554,1396,158,6787,6044,743,2298,2115,183,760,697,63,840,761,79,0,0,0,0,0,0,0,0,0,11.0168445,76.9558321
TAMIL NADU,Rural,Coimbatore,Moped/Scooter/Motor Cycle,31066,28585,2481,0,0,0,2449,2160,289,10375,9303,1072,8290,7689,601,5552,5237,315,2092,1999,93,1223,1178,45,363,350,13,722,669,53,11.0168445,76.9558321
TAMIL NADU,Rural,Coimbatore,Car/Jeep/Van,6387,3928,2459,0,0,0,305,175,130,1593,795,798,1652,896,756,1057,636,421,593,440,153,691,578,113,330,288,42,166,120,46,11.0168445,76.9558321
TAMIL NADU,Rural,Coimbatore,Tempo/Autorickshaw/Taxi,2301,1908,393,0,0,0,117,89,28,411,266,145,566,445,121,426,378,48,246,225,21,291,272,19,175,170,5,69,63,6,11.0168445,76.9558321
TAMIL NADU,Rural,Coimbatore,Bus,62670,45028,17642,0,0,0,1366,815,551,11763,6818,4945,16789,11497,5292,14758,11064,3694,7305,5931,1374,7272,6048,1224,2559,2203,356,858,652,206,11.0168445,76.9558321
TAMIL NADU,Rural,Coimbatore,Train,997,760,237,0,0,0,55,29,26,119,84,35,108,76,32,75,65,10,67,54,13,117,94,23,384,303,81,72,55,17,11.0168445,76.9558321
TAMIL NADU,Rural,Coimbatore,Water transport,72,53,19,0,0,0,4,3,1,17,11,6,15,11,4,13,12,1,6,4,2,5,4,1,6,4,2,6,4,2,11.0168445,76.9558321
TAMIL NADU,Rural,Coimbatore,Any other,1077,941,136,0,0,0,44,37,7,137,109,28,175,131,44,109,91,18,81,72,9,171,161,10,275,264,11,85,76,9,11.0168445,76.9558321
TAMIL NADU,Rural,Coimbatore,No travel,52568,33524,19044,52568,33524,19044,0,0,0,0,0,0,0,0,0,0,0,0,0,0,0,0,0,0,0,0,0,0,0,0,11.0168445,76.9558321
TAMIL NADU,Urban,Coimbatore,All Modes,996504,738698,257806,158018,101568,56450,153333,102880,50453,294537,219450,75087,200680,155989,44691,95391,77689,17702,32840,27896,4944,27415,23794,3621,19010,16516,2494,15280,12916,2364,11.0168445,76.9558321
TAMIL NADU,Urban,Coimbatore,On foot,190213,109379,80834,0,0,0,102418,59049,43369,59979,32808,27171,27816,17522,10294,0,0,0,0,0,0,0,0,0,0,0,0,0,0,0,11.0168445,76.9558321
TAMIL NADU,Urban,Coimbatore,Bicycle,78133,73009,5124,0,0,0,11153,10323,830,43022,40105,2917,14949,14136,813,4573,4308,265,4436,4137,299,0,0,0,0,0,0,0,0,0,11.0168445,76.9558321
TAMIL NADU,Urban,Coimbatore,Moped/Scooter/Motor Cycle,253447,232370,21077,0,0,0,28357,25884,2473,100484,91003,9481,68502,62782,5720,33985,31732,2253,8269,7903,366,5200,5007,193,1810,1732,78,6840,6327,513,11.0168445,76.9558321
TAMIL NADU,Urban,Coimbatore,Car/Jeep/Van,36079,29827,6252,0,0,0,2683,2164,519,10414,8156,2258,9214,7456,1758,5792,4821,971,2399,2098,301,2705,2500,205,1774,1676,98,1098,956,142,11.0168445,76.9558321
TAMIL NADU,Urban,Coimbatore,Tempo/Autorickshaw/Taxi,12875,11219,1656,0,0,0,1066,955,111,3359,2655,704,2762,2301,461,1942,1729,213,935,884,51,1169,1123,46,847,827,20,795,745,50,11.0168445,76.9558321
TAMIL NADU,Urban,Coimbatore,Bus,253822,169908,83914,0,0,0,7081,4051,3030,75778,43581,32197,76125,50775,25350,48180,34377,13803,16097,12299,3798,16260,13410,2850,9151,7720,1431,5150,3695,1455,11.0168445,76.9558321
TAMIL NADU,Urban,Coimbatore,Train,9730,7784,1946,0,0,0,247,179,68,763,533,230,640,475,165,555,422,133,525,422,103,1781,1471,310,4549,3726,823,670,556,114,11.0168445,76.9558321
TAMIL NADU,Urban,Coimbatore,Water transport,429,347,82,0,0,0,40,33,7,89,69,20,88,64,24,53,41,12,21,19,2,15,12,3,45,41,4,78,68,10,11.0168445,76.9558321
TAMIL NADU,Urban,Coimbatore,Any other,3758,3287,471,0,0,0,288,242,46,649,540,109,584,478,106,311,259,52,158,134,24,285,271,14,834,794,40,649,569,80,11.0168445,76.9558321
TAMIL NADU,Urban,Coimbatore,No travel,158018,101568,56450,158018,101568,56450,0,0,0,0,0,0,0,0,0,0,0,0,0,0,0,0,0,0,0,0,0,0,0,0,11.0168445,76.9558321
HARYANA,Total,Panipat,All Modes,262016,215295,46721,73249,51016,22233,52395,41429,10966,75410,67310,8100,31819,28547,3272,11839,10990,849,4918,4593,325,2822,2590,232,7043,6525,518,2521,2295,226,29.3909464,76.9635023
HARYANA,Total,Panipat,On foot,77708,61327,16381,0,0,0,42642,32428,10214,26399,21852,4547,8667,7047,1620,0,0,0,0,0,0,0,0,0,0,0,0,0,0,0,29.3909464,76.9635023
HARYANA,Total,Panipat,Bicycle,34448,33388,1060,0,0,0,3179,3041,138,21167,20509,658,7068,6890,178,1493,1464,29,1541,1484,57,0,0,0,0,0,0,0,0,0,29.3909464,76.9635023
HARYANA,Total,Panipat,Moped/Scooter/Motor Cycle,35919,34015,1904,0,0,0,4858,4558,300,18469,17397,1072,7021,6688,333,3300,3198,102,748,724,24,360,350,10,186,180,6,977,920,57,29.3909464,76.9635023
HARYANA,Total,Panipat,Car/Jeep/Van,7174,6584,590,0,0,0,643,571,72,2867,2636,231,1695,1581,114,940,865,75,246,229,17,198,184,14,358,320,38,227,198,29,29.3909464,76.9635023
HARYANA,Total,Panipat,Tempo/Autorickshaw/Taxi,11684,9727,1957,0,0,0,442,319,123,4418,3350,1068,4305,3730,575,1726,1605,121,264,250,14,142,131,11,100,91,9,287,251,36,29.3909464,76.9635023
HARYANA,Total,Panipat,Bus,14229,12113,2116,0,0,0,297,213,84,1254,798,456,2397,1985,412,3801,3311,490,1736,1547,189,1485,1324,161,2870,2597,273,389,338,51,29.3909464,76.9635023
HARYANA,Total,Panipat,Train,5826,5474,352,0,0,0,136,120,16,211,196,15,257,239,18,453,423,30,330,307,23,594,561,33,3384,3197,187,461,431,30,29.3909464,76.9635023
HARYANA,Total,Panipat,Water transport,107,97,10,0,0,0,12,9,3,18,17,1,15,12,3,16,16,0,5,5,0,3,2,1,21,21,0,17,15,2,29.3909464,76.9635023
HARYANA,Total,Panipat,Any other,1672,1554,118,0,0,0,186,170,16,607,555,52,394,375,19,110,108,2,48,47,1,40,38,2,124,119,5,163,142,21,29.3909464,76.9635023
HARYANA,Total,Panipat,No travel,73249,51016,22233,73249,51016,22233,0,0,0,0,0,0,0,0,0,0,0,0,0,0,0,0,0,0,0,0,0,0,0,0,29.3909464,76.9635023
HARYANA,Rural,Panipat,All Modes,90005,73962,16043,36305,25357,10948,11449,9044,2405,12871,11786,1085,13301,12368,933,7288,7028,260,2821,2691,130,1530,1446,84,3655,3508,147,785,734,51,29.3909464,76.9635023
HARYANA,Rural,Panipat,On foot,14655,11500,3155,0,0,0,9649,7421,2228,2901,2404,497,2105,1675,430,0,0,0,0,0,0,0,0,0,0,0,0,0,0,0,29.3909464,76.9635023
HARYANA,Rural,Panipat,Bicycle,10782,10497,285,0,0,0,754,713,41,5176,5034,142,3435,3361,74,997,980,17,420,409,11,0,0,0,0,0,0,0,0,0,29.3909464,76.9635023
HARYANA,Rural,Panipat,Moped/Scooter/Motor Cycle,8768,8465,303,0,0,0,542,504,38,2442,2331,111,2789,2707,82,2056,2011,45,520,506,14,166,164,2,93,91,2,160,151,9,29.3909464,76.9635023
HARYANA,Rural,Panipat,Car/Jeep/Van,1991,1870,121,0,0,0,98,81,17,278,257,21,864,826,38,444,419,25,104,96,8,69,66,3,85,81,4,49,44,5,29.3909464,76.9635023
HARYANA,Rural,Panipat,Tempo/Autorickshaw/Taxi,5100,4651,449,0,0,0,127,103,24,1242,1055,187,2267,2093,174,1090,1048,42,179,176,3,58,53,5,51,46,5,86,77,9,29.3909464,76.9635023
HARYANA,Rural,Panipat,Bus,8815,8192,623,0,0,0,160,118,42,513,417,96,1565,1441,124,2449,2323,126,1349,1262,87,938,875,63,1650,1578,72,191,178,13,29.3909464,76.9635023
HARYANA,Rural,Panipat,Train,2820,2715,105,0,0,0,47,40,7,72,69,3,98,95,3,193,188,5,214,208,6,268,259,9,1683,1624,59,245,232,13,29.3909464,76.9635023
HARYANA,Rural,Panipat,Water transport,37,35,2,0,0,0,2,1,1,3,3,0,0,0,0,12,12,0,3,3,0,2,1,1,10,10,0,5,5,0,29.3909464,76.9635023
HARYANA,Rural,Panipat,Any other,732,680,52,0,0,0,70,63,7,244,216,28,178,170,8,47,47,0,32,31,1,29,28,1,83,78,5,49,47,2,29.3909464,76.9635023
HARYANA,Rural,Panipat,No travel,36305,25357,10948,36305,25357,10948,0,0,0,0,0,0,0,0,0,0,0,0,0,0,0,0,0,0,0,0,0,0,0,0,29.3909464,76.9635023
HARYANA,Urban,Panipat,All Modes,172011,141333,30678,36944,25659,11285,40946,32385,8561,62539,55524,7015,18518,16179,2339,4551,3962,589,2097,1902,195,1292,1144,148,3388,3017,371,1736,1561,175,29.3909464,76.9635023
HARYANA,Urban,Panipat,On foot,63053,49827,13226,0,0,0,32993,25007,7986,23498,19448,4050,6562,5372,1190,0,0,0,0,0,0,0,0,0,0,0,0,0,0,0,29.3909464,76.9635023
HARYANA,Urban,Panipat,Bicycle,23666,22891,775,0,0,0,2425,2328,97,15991,15475,516,3633,3529,104,496,484,12,1121,1075,46,0,0,0,0,0,0,0,0,0,29.3909464,76.9635023
HARYANA,Urban,Panipat,Moped/Scooter/Motor Cycle,27151,25550,1601,0,0,0,4316,4054,262,16027,15066,961,4232,3981,251,1244,1187,57,228,218,10,194,186,8,93,89,4,817,769,48,29.3909464,76.9635023
HARYANA,Urban,Panipat,Car/Jeep/Van,5183,4714,469,0,0,0,545,490,55,2589,2379,210,831,755,76,496,446,50,142,133,9,129,118,11,273,239,34,178,154,24,29.3909464,76.9635023
HARYANA,Urban,Panipat,Tempo/Autorickshaw/Taxi,6584,5076,1508,0,0,0,315,216,99,3176,2295,881,2038,1637,401,636,557,79,85,74,11,84,78,6,49,45,4,201,174,27,29.3909464,76.9635023
HARYANA,Urban,Panipat,Bus,5414,3921,1493,0,0,0,137,95,42,741,381,360,832,544,288,1352,988,364,387,285,102,547,449,98,1220,1019,201,198,160,38,29.3909464,76.9635023
HARYANA,Urban,Panipat,Train,3006,2759,247,0,0,0,89,80,9,139,127,12,159,144,15,260,235,25,116,99,17,326,302,24,1701,1573,128,216,199,17,29.3909464,76.9635023
HARYANA,Urban,Panipat,Water transport,70,62,8,0,0,0,10,8,2,15,14,1,15,12,3,4,4,0,2,2,0,1,1,0,11,11,0,12,10,2,29.3909464,76.9635023
HARYANA,Urban,Panipat,Any other,940,874,66,0,0,0,116,107,9,363,339,24,216,205,11,63,61,2,16,16,0,11,10,1,41,41,0,114,95,19,29.3909464,76.9635023
HARYANA,Urban,Panipat,No travel,36944,25659,11285,36944,25659,11285,0,0,0,0,0,0,0,0,0,0,0,0,0,0,0,0,0,0,0,0,0,0,0,0,29.3909464,76.9635023
HARYANA,Total,Karnal,All Modes,254740,208430,46310,80968,56675,24293,41526,33798,7728,53870,47487,6383,35202,30882,4320,17354,16146,1208,8776,8164,612,5123,4672,451,7977,7139,838,3944,3467,477,29.6856929,76.9904825
HARYANA,Total,Karnal,On foot,54009,42187,11822,0,0,0,28234,21728,6506,13479,10859,2620,12296,9600,2696,0,0,0,0,0,0,0,0,0,0,0,0,0,0,0,29.6856929,76.9904825
HARYANA,Total,Karnal,Bicycle,37242,35852,1390,0,0,0,4740,4505,235,16864,16208,656,8266,8034,232,3647,3566,81,3725,3539,186,0,0,0,0,0,0,0,0,0,29.6856929,76.9904825
HARYANA,Total,Karnal,Moped/Scooter/Motor Cycle,41742,38682,3060,0,0,0,6107,5602,505,15936,14491,1445,8404,7918,486,5678,5488,190,1490,1440,50,1147,1083,64,1033,923,110,1947,1737,210,29.6856929,76.9904825
HARYANA,Total,Karnal,Car/Jeep/Van,6607,5795,812,0,0,0,709,619,90,2343,2015,328,1022,905,117,817,731,86,360,335,25,439,402,37,584,489,95,333,299,34,29.6856929,76.9904825
HARYANA,Total,Karnal,Tempo/Autorickshaw/Taxi,7386,5847,1539,0,0,0,489,333,156,2281,1562,719,2068,1733,335,1291,1138,153,253,227,26,265,226,39,386,331,55,353,297,56,29.6856929,76.9904825
HARYANA,Total,Karnal,Bus,19468,16673,2795,0,0,0,618,467,151,1685,1215,470,2446,2036,410,4936,4282,654,2575,2272,303,2520,2256,264,3986,3544,442,702,601,101,29.6856929,76.9904825
HARYANA,Total,Karnal,Train,5155,4738,417,0,0,0,330,283,47,585,518,67,294,262,32,790,754,36,324,303,21,662,617,45,1760,1645,115,410,356,54,29.6856929,76.9904825
HARYANA,Total,Karnal,Water transport,136,123,13,0,0,0,19,18,1,27,23,4,19,17,2,22,21,1,5,5,0,10,9,1,17,14,3,17,16,1,29.6856929,76.9904825
HARYANA,Total,Karnal,Any other,2027,1858,169,0,0,0,280,243,37,670,596,74,387,377,10,173,166,7,44,43,1,80,79,1,211,193,18,182,161,21,29.6856929,76.9904825
HARYANA,Total,Karnal,No travel,80968,56675,24293,80968,56675,24293,0,0,0,0,0,0,0,0,0,0,0,0,0,0,0,0,0,0,0,0,0,0,0,0,29.6856929,76.9904825
HARYANA,Rural,Karnal,All Modes,123392,100442,22950,49464,34318,15146,15940,12227,3713,15892,14436,1456,18653,16959,1694,11259,10939,320,4798,4604,194,2447,2340,107,3422,3240,182,1517,1379,138,29.6856929,76.9904825
HARYANA,Rural,Karnal,On foot,21503,16095,5408,0,0,0,12721,9297,3424,3736,2932,804,5046,3866,1180,0,0,0,0,0,0,0,0,0,0,0,0,0,0,0,29.6856929,76.9904825
HARYANA,Rural,Karnal,Bicycle,17645,17157,488,0,0,0,1401,1317,84,6477,6291,186,5274,5154,120,2819,2783,36,1674,1612,62,0,0,0,0,0,0,0,0,0,29.6856929,76.9904825
HARYANA,Rural,Karnal,Moped/Scooter/Motor Cycle,15261,14724,537,0,0,0,1036,949,87,3512,3361,151,4517,4398,119,3739,3682,57,994,977,17,545,529,16,305,287,18,613,541,72,29.6856929,76.9904825
HARYANA,Rural,Karnal,Car/Jeep/Van,1347,1246,101,0,0,0,95,83,12,232,200,32,340,317,23,295,282,13,97,94,3,93,87,6,100,93,7,95,90,5,29.6856929,76.9904825
HARYANA,Rural,Karnal,Tempo/Autorickshaw/Taxi,3672,3359,313,0,0,0,153,132,21,743,620,123,1323,1218,105,852,820,32,151,143,8,113,107,6,173,164,9,164,155,9,29.6856929,76.9904825
HARYANA,Rural,Karnal,Bus,11522,10733,789,0,0,0,311,267,44,787,663,124,1764,1627,137,3158,2985,173,1703,1605,98,1444,1374,70,1982,1867,115,373,345,28,29.6856929,76.9904825
HARYANA,Rural,Karnal,Train,1909,1812,97,0,0,0,112,94,18,143,134,9,137,131,6,263,258,5,149,143,6,199,191,8,739,710,29,167,151,16,29.6856929,76.9904825
HARYANA,Rural,Karnal,Water transport,57,54,3,0,0,0,7,6,1,7,7,0,9,8,1,13,13,0,1,1,0,3,3,0,11,10,1,6,6,0,29.6856929,76.9904825
HARYANA,Rural,Karnal,Any other,1012,944,68,0,0,0,104,82,22,255,228,27,243,240,3,120,116,4,29,29,0,50,49,1,112,109,3,99,91,8,29.6856929,76.9904825
HARYANA,Rural,Karnal,No travel,49464,34318,15146,49464,34318,15146,0,0,0,0,0,0,0,0,0,0,0,0,0,0,0,0,0,0,0,0,0,0,0,0,29.6856929,76.9904825
HARYANA,Urban,Karnal,All Modes,131348,107988,23360,31504,22357,9147,25586,21571,4015,37978,33051,4927,16549,13923,2626,6095,5207,888,3978,3560,418,2676,2332,344,4555,3899,656,2427,2088,339,29.6856929,76.9904825
HARYANA,Urban,Karnal,On foot,32506,26092,6414,0,0,0,15513,12431,3082,9743,7927,1816,7250,5734,1516,0,0,0,0,0,0,0,0,0,0,0,0,0,0,0,29.6856929,76.9904825
HARYANA,Urban,Karnal,Bicycle,19597,18695,902,0,0,0,3339,3188,151,10387,9917,470,2992,2880,112,828,783,45,2051,1927,124,0,0,0,0,0,0,0,0,0,29.6856929,76.9904825
HARYANA,Urban,Karnal,Moped/Scooter/Motor Cycle,26481,23958,2523,0,0,0,5071,4653,418,12424,11130,1294,3887,3520,367,1939,1806,133,496,463,33,602,554,48,728,636,92,1334,1196,138,29.6856929,76.9904825
HARYANA,Urban,Karnal,Car/Jeep/Van,5260,4549,711,0,0,0,614,536,78,2111,1815,296,682,588,94,522,449,73,263,241,22,346,315,31,484,396,88,238,209,29,29.6856929,76.9904825
HARYANA,Urban,Karnal,Tempo/Autorickshaw/Taxi,3714,2488,1226,0,0,0,336,201,135,1538,942,596,745,515,230,439,318,121,102,84,18,152,119,33,213,167,46,189,142,47,29.6856929,76.9904825
HARYANA,Urban,Karnal,Bus,7946,5940,2006,0,0,0,307,200,107,898,552,346,682,409,273,1778,1297,481,872,667,205,1076,882,194,2004,1677,327,329,256,73,29.6856929,76.9904825
HARYANA,Urban,Karnal,Train,3246,2926,320,0,0,0,218,189,29,442,384,58,157,131,26,527,496,31,175,160,15,463,426,37,1021,935,86,243,205,38,29.6856929,76.9904825
HARYANA,Urban,Karnal,Water transport,79,69,10,0,0,0,12,12,0,20,16,4,10,9,1,9,8,1,4,4,0,7,6,1,6,4,2,11,10,1,29.6856929,76.9904825
HARYANA,Urban,Karnal,Any other,1015,914,101,0,0,0,176,161,15,415,368,47,144,137,7,53,50,3,15,14,1,30,30,0,99,84,15,83,70,13,29.6856929,76.9904825
HARYANA,Urban,Karnal,No travel,31504,22357,9147,31504,22357,9147,0,0,0,0,0,0,0,0,0,0,0,0,0,0,0,0,0,0,0,0,0,0,0,0,29.6856929,76.9904825
MAHARASHTRA,Total,Akola,All Modes,240293,197606,42687,62088,42819,19269,37270,30910,6360,85891,74905,10986,27612,24505,3107,9249,8230,1019,6127,5502,625,5212,4621,591,5541,4976,565,1303,1138,165,20.7002159,77.0081678
MAHARASHTRA,Total,Akola,On foot,49283,37645,11638,0,0,0,21999,17055,4944,21486,16075,5411,5798,4515,1283,0,0,0,0,0,0,0,0,0,0,0,0,0,0,0,20.7002159,77.0081678
MAHARASHTRA,Total,Akola,Bicycle,48261,46830,1431,0,0,0,5869,5685,184,30649,29701,948,8472,8285,187,1547,1510,37,1724,1649,75,0,0,0,0,0,0,0,0,0,20.7002159,77.0081678
MAHARASHTRA,Total,Akola,Moped/Scooter/Motor Cycle,49629,44489,5140,0,0,0,7379,6530,849,25512,22632,2880,8186,7392,794,3792,3504,288,1726,1618,108,1626,1539,87,796,738,58,612,536,76,20.7002159,77.0081678
MAHARASHTRA,Total,Akola,Car/Jeep/Van,2907,2608,299,0,0,0,312,264,48,922,819,103,413,371,42,338,306,32,227,206,21,304,275,29,332,314,18,59,53,6,20.7002159,77.0081678
MAHARASHTRA,Total,Akola,Tempo/Autorickshaw/Taxi,11902,9496,2406,0,0,0,915,702,213,5019,3727,1292,3262,2705,557,1487,1283,204,417,370,47,359,321,38,234,211,23,209,177,32,20.7002159,77.0081678
MAHARASHTRA,Total,Akola,Bus,10691,8608,2083,0,0,0,349,258,91,967,707,260,935,715,220,1802,1363,439,1821,1467,354,2283,1905,378,2370,2056,314,164,137,27,20.7002159,77.0081678
MAHARASHTRA,Total,Akola,Train,3351,3035,316,0,0,0,204,188,16,469,421,48,154,140,14,112,102,10,130,115,15,481,434,47,1617,1471,146,184,164,20,20.7002159,77.0081678
MAHARASHTRA,Total,Akola,Water transport,56,45,11,0,0,0,16,13,3,14,10,4,4,4,0,4,4,0,2,2,0,2,2,0,7,6,1,7,4,3,20.7002159,77.0081678
MAHARASHTRA,Total,Akola,Any other,2125,2031,94,0,0,0,227,215,12,853,813,40,388,378,10,167,158,9,80,75,5,157,145,12,185,180,5,68,67,1,20.7002159,77.0081678
MAHARASHTRA,Total,Akola,No travel,62088,42819,19269,62088,42819,19269,0,0,0,0,0,0,0,0,0,0,0,0,0,0,0,0,0,0,0,0,0,0,0,0,20.7002159,77.0081678
MAHARASHTRA,Rural,Akola,All Modes,52182,41655,10527,23419,16716,6703,5594,4448,1146,8533,7529,1004,5864,5059,805,3419,3106,313,1978,1798,180,1480,1332,148,1514,1336,178,381,331,50,20.7002159,77.0081678
MAHARASHTRA,Rural,Akola,On foot,7442,5504,1938,0,0,0,3888,2865,1023,2148,1675,473,1406,964,442,0,0,0,0,0,0,0,0,0,0,0,0,0,0,0,20.7002159,77.0081678
MAHARASHTRA,Rural,Akola,Bicycle,5704,5519,185,0,0,0,502,486,16,3025,2927,98,1467,1430,37,359,349,10,351,327,24,0,0,0,0,0,0,0,0,0,20.7002159,77.0081678
MAHARASHTRA,Rural,Akola,Moped/Scooter/Motor Cycle,7519,6921,598,0,0,0,824,758,66,2180,1968,212,1620,1488,132,1413,1316,97,634,603,31,502,476,26,191,175,16,155,137,18,20.7002159,77.0081678
MAHARASHTRA,Rural,Akola,Car/Jeep/Van,543,492,51,0,0,0,51,47,4,65,54,11,84,71,13,114,109,5,76,70,6,77,71,6,56,52,4,20,18,2,20.7002159,77.0081678
MAHARASHTRA,Rural,Akola,Tempo/Autorickshaw/Taxi,2829,2442,387,0,0,0,134,120,14,740,596,144,883,764,119,624,562,62,215,195,20,112,102,10,55,47,8,66,56,10,20.7002159,77.0081678
MAHARASHTRA,Rural,Akola,Bus,3574,3013,561,0,0,0,106,89,17,232,178,54,326,272,54,828,696,132,649,551,98,654,562,92,733,627,106,46,38,8,20.7002159,77.0081678
MAHARASHTRA,Rural,Akola,Train,807,734,73,0,0,0,45,41,4,54,50,4,27,23,4,23,22,1,33,32,1,97,91,6,449,407,42,79,68,11,20.7002159,77.0081678
MAHARASHTRA,Rural,Akola,Water transport,16,14,2,0,0,0,2,2,0,4,3,1,2,2,0,1,1,0,1,1,0,0,0,0,3,2,1,3,3,0,20.7002159,77.0081678
MAHARASHTRA,Rural,Akola,Any other,329,300,29,0,0,0,42,40,2,85,78,7,49,45,4,57,51,6,19,19,0,38,30,8,27,26,1,12,11,1,20.7002159,77.0081678
MAHARASHTRA,Rural,Akola,No travel,23419,16716,6703,23419,16716,6703,0,0,0,0,0,0,0,0,0,0,0,0,0,0,0,0,0,0,0,0,0,0,0,0,20.7002159,77.0081678
MAHARASHTRA,Urban,Akola,All Modes,188111,155951,32160,38669,26103,12566,31676,26462,5214,77358,67376,9982,21748,19446,2302,5830,5124,706,4149,3704,445,3732,3289,443,4027,3640,387,922,807,115,20.7002159,77.0081678
MAHARASHTRA,Urban,Akola,On foot,41841,32141,9700,0,0,0,18111,14190,3921,19338,14400,4938,4392,3551,841,0,0,0,0,0,0,0,0,0,0,0,0,0,0,0,20.7002159,77.0081678
MAHARASHTRA,Urban,Akola,Bicycle,42557,41311,1246,0,0,0,5367,5199,168,27624,26774,850,7005,6855,150,1188,1161,27,1373,1322,51,0,0,0,0,0,0,0,0,0,20.7002159,77.0081678
MAHARASHTRA,Urban,Akola,Moped/Scooter/Motor Cycle,42110,37568,4542,0,0,0,6555,5772,783,23332,20664,2668,6566,5904,662,2379,2188,191,1092,1015,77,1124,1063,61,605,563,42,457,399,58,20.7002159,77.0081678
MAHARASHTRA,Urban,Akola,Car/Jeep/Van,2364,2116,248,0,0,0,261,217,44,857,765,92,329,300,29,224,197,27,151,136,15,227,204,23,276,262,14,39,35,4,20.7002159,77.0081678
MAHARASHTRA,Urban,Akola,Tempo/Autorickshaw/Taxi,9073,7054,2019,0,0,0,781,582,199,4279,3131,1148,2379,1941,438,863,721,142,202,175,27,247,219,28,179,164,15,143,121,22,20.7002159,77.0081678
MAHARASHTRA,Urban,Akola,Bus,7117,5595,1522,0,0,0,243,169,74,735,529,206,609,443,166,974,667,307,1172,916,256,1629,1343,286,1637,1429,208,118,99,19,20.7002159,77.0081678
MAHARASHTRA,Urban,Akola,Train,2544,2301,243,0,0,0,159,147,12,415,371,44,127,117,10,89,80,9,97,83,14,384,343,41,1168,1064,104,105,96,9,20.7002159,77.0081678
MAHARASHTRA,Urban,Akola,Water transport,40,31,9,0,0,0,14,11,3,10,7,3,2,2,0,3,3,0,1,1,0,2,2,0,4,4,0,4,1,3,20.7002159,77.0081678
MAHARASHTRA,Urban,Akola,Any other,1796,1731,65,0,0,0,185,175,10,768,735,33,339,333,6,110,107,3,61,56,5,119,115,4,158,154,4,56,56,0,20.7002159,77.0081678
MAHARASHTRA,Urban,Akola,No travel,38669,26103,12566,38669,26103,12566,0,0,0,0,0,0,0,0,0,0,0,0,0,0,0,0,0,0,0,0,0,0,0,0,20.7002159,77.0081678
HARYANA,Total,Sonipat,All Modes,260918,209353,51565,84718,57033,27685,36234,28949,7285,46073,39637,6436,27931,24142,3789,16034,14154,1880,9305,8356,949,18678,16971,1707,19949,18340,1609,1996,1771,225,28.9930823,77.0150735
HARYANA,Total,Sonipat,On foot,50340,39683,10657,0,0,0,29306,22766,6540,13685,11119,2566,7349,5798,1551,0,0,0,0,0,0,0,0,0,0,0,0,0,0,0,28.9930823,77.0150735
HARYANA,Total,Sonipat,Bicycle,28065,26907,1158,0,0,0,2608,2462,146,15215,14582,633,6264,6081,183,2099,2030,69,1879,1752,127,0,0,0,0,0,0,0,0,0,28.9930823,77.0150735
HARYANA,Total,Sonipat,Moped/Scooter/Motor Cycle,24232,22270,1962,0,0,0,2499,2301,198,9412,8407,1005,5249,4852,397,3760,3556,204,1160,1110,50,1075,1035,40,585,557,28,492,452,40,28.9930823,77.0150735
HARYANA,Total,Sonipat,Car/Jeep/Van,7419,6350,1069,0,0,0,503,431,72,1546,1268,278,1208,1050,158,1129,977,152,549,472,77,1144,1002,142,1176,1017,159,164,133,31,28.9930823,77.0150735
HARYANA,Total,Sonipat,Tempo/Autorickshaw/Taxi,10747,8201,2546,0,0,0,392,254,138,3455,2194,1261,3607,2919,688,2100,1793,307,383,336,47,295,266,29,319,289,30,196,150,46,28.9930823,77.0150735
HARYANA,Total,Sonipat,Bus,28632,24858,3774,0,0,0,383,287,96,1438,924,514,3159,2480,679,5172,4284,888,3713,3291,422,6986,6405,581,7359,6811,548,422,376,46,28.9930823,77.0150735
HARYANA,Total,Sonipat,Train,24797,22321,2476,0,0,0,366,303,63,770,672,98,718,636,82,1585,1355,230,1569,1345,224,9030,8129,901,10184,9356,828,575,525,50,28.9930823,77.0150735
HARYANA,Total,Sonipat,Water transport,170,150,20,0,0,0,12,10,2,17,12,5,5,5,0,10,7,3,14,13,1,33,30,3,57,54,3,22,19,3,28.9930823,77.0150735
HARYANA,Total,Sonipat,Any other,1798,1580,218,0,0,0,165,135,30,535,459,76,372,321,51,179,152,27,38,37,1,115,104,11,269,256,13,125,116,9,28.9930823,77.0150735
HARYANA,Total,Sonipat,No travel,84718,57033,27685,84718,57033,27685,0,0,0,0,0,0,0,0,0,0,0,0,0,0,0,0,0,0,0,0,0,0,0,0,28.9930823,77.0150735
HARYANA,Rural,Sonipat,All Modes,134274,106261,28013,52451,33589,18862,14734,10981,3753,14951,13267,1684,15318,13699,1619,9698,9107,591,6053,5677,376,9239,8719,520,10933,10389,544,897,833,64,28.9930823,77.0150735
HARYANA,Rural,Sonipat,On foot,20222,15040,5182,0,0,0,12805,9261,3544,4041,3217,824,3376,2562,814,0,0,0,0,0,0,0,0,0,0,0,0,0,0,0,28.9930823,77.0150735
HARYANA,Rural,Sonipat,Bicycle,12985,12525,460,0,0,0,864,814,50,5732,5532,200,3902,3802,100,1491,1447,44,996,930,66,0,0,0,0,0,0,0,0,0,28.9930823,77.0150735
HARYANA,Rural,Sonipat,Moped/Scooter/Motor Cycle,9369,8937,432,0,0,0,286,256,30,2173,2033,140,2741,2620,121,2197,2121,76,791,768,23,695,673,22,339,327,12,147,139,8,28.9930823,77.0150735
HARYANA,Rural,Sonipat,Car/Jeep/Van,2447,2228,219,0,0,0,180,153,27,309,263,46,466,432,34,501,471,30,258,245,13,357,329,28,323,290,33,53,45,8,28.9930823,77.0150735
HARYANA,Rural,Sonipat,Tempo/Autorickshaw/Taxi,5736,5129,607,0,0,0,129,118,11,1344,1103,241,2144,1905,239,1350,1263,87,271,262,9,186,181,5,231,225,6,81,72,9,28.9930823,77.0150735
HARYANA,Rural,Sonipat,Bus,20470,18822,1648,0,0,0,234,188,46,817,627,190,2052,1788,264,3434,3124,310,2935,2727,208,5223,4905,318,5498,5207,291,277,256,21,28.9930823,77.0150735
HARYANA,Rural,Sonipat,Train,9555,9029,526,0,0,0,139,117,22,269,250,19,465,428,37,632,591,41,763,706,57,2679,2540,139,4330,4134,196,278,263,15,28.9930823,77.0150735
HARYANA,Rural,Sonipat,Water transport,82,77,5,0,0,0,5,4,1,4,3,1,3,3,0,3,2,1,8,8,0,19,19,0,29,29,0,11,9,2,28.9930823,77.0150735
HARYANA,Rural,Sonipat,Any other,957,885,72,0,0,0,92,70,22,262,239,23,169,159,10,90,88,2,31,31,0,80,72,8,183,177,6,50,49,1,28.9930823,77.0150735
HARYANA,Rural,Sonipat,No travel,52451,33589,18862,52451,33589,18862,0,0,0,0,0,0,0,0,0,0,0,0,0,0,0,0,0,0,0,0,0,0,0,0,28.9930823,77.0150735
HARYANA,Urban,Sonipat,All Modes,126644,103092,23552,32267,23444,8823,21500,17968,3532,31122,26370,4752,12613,10443,2170,6336,5047,1289,3252,2679,573,9439,8252,1187,9016,7951,1065,1099,938,161,28.9930823,77.0150735
HARYANA,Urban,Sonipat,On foot,30118,24643,5475,0,0,0,16501,13505,2996,9644,7902,1742,3973,3236,737,0,0,0,0,0,0,0,0,0,0,0,0,0,0,0,28.9930823,77.0150735
HARYANA,Urban,Sonipat,Bicycle,15080,14382,698,0,0,0,1744,1648,96,9483,9050,433,2362,2279,83,608,583,25,883,822,61,0,0,0,0,0,0,0,0,0,28.9930823,77.0150735
HARYANA,Urban,Sonipat,Moped/Scooter/Motor Cycle,14863,13333,1530,0,0,0,2213,2045,168,7239,6374,865,2508,2232,276,1563,1435,128,369,342,27,380,362,18,246,230,16,345,313,32,28.9930823,77.0150735
HARYANA,Urban,Sonipat,Car/Jeep/Van,4972,4122,850,0,0,0,323,278,45,1237,1005,232,742,618,124,628,506,122,291,227,64,787,673,114,853,727,126,111,88,23,28.9930823,77.0150735
HARYANA,Urban,Sonipat,Tempo/Autorickshaw/Taxi,5011,3072,1939,0,0,0,263,136,127,2111,1091,1020,1463,1014,449,750,530,220,112,74,38,109,85,24,88,64,24,115,78,37,28.9930823,77.0150735
HARYANA,Urban,Sonipat,Bus,8162,6036,2126,0,0,0,149,99,50,621,297,324,1107,692,415,1738,1160,578,778,564,214,1763,1500,263,1861,1604,257,145,120,25,28.9930823,77.0150735
HARYANA,Urban,Sonipat,Train,15242,13292,1950,0,0,0,227,186,41,501,422,79,253,208,45,953,764,189,806,639,167,6351,5589,762,5854,5222,632,297,262,35,28.9930823,77.0150735
HARYANA,Urban,Sonipat,Water transport,88,73,15,0,0,0,7,6,1,13,9,4,2,2,0,7,5,2,6,5,1,14,11,3,28,25,3,11,10,1,28.9930823,77.0150735
HARYANA,Urban,Sonipat,Any other,841,695,146,0,0,0,73,65,8,273,220,53,203,162,41,89,64,25,7,6,1,35,32,3,86,79,7,75,67,8,28.9930823,77.0150735
HARYANA,Urban,Sonipat,No travel,32267,23444,8823,32267,23444,8823,0,0,0,0,0,0,0,0,0,0,0,0,0,0,0,0,0,0,0,0,0,0,0,0,28.9930823,77.0150735
RAJASTHAN,Total,Karauli,All Modes,168536,141541,26995,51416,36862,14554,28371,22747,5624,39534,35221,4313,20236,18827,1409,10142,9714,428,4913,4723,190,3548,3410,138,8724,8466,258,1652,1571,81,26.488323,77.0161436
RAJASTHAN,Total,Karauli,On foot,54452,44724,9728,0,0,0,24044,18766,5278,23087,19507,3580,7321,6451,870,0,0,0,0,0,0,0,0,0,0,0,0,0,0,0,26.488323,77.0161436
RAJASTHAN,Total,Karauli,Bicycle,15785,15449,336,0,0,0,1193,1131,62,7042,6910,132,4861,4779,82,1603,1574,29,1086,1055,31,0,0,0,0,0,0,0,0,0,26.488323,77.0161436
RAJASTHAN,Total,Karauli,Moped/Scooter/Motor Cycle,14922,14358,564,0,0,0,1708,1626,82,5040,4840,200,3015,2907,108,2647,2561,86,982,947,35,729,708,21,417,404,13,384,365,19,26.488323,77.0161436
RAJASTHAN,Total,Karauli,Car/Jeep/Van,2263,2097,166,0,0,0,164,143,21,446,399,47,418,388,30,582,544,38,180,169,11,196,191,5,189,178,11,88,85,3,26.488323,77.0161436
RAJASTHAN,Total,Karauli,Tempo/Autorickshaw/Taxi,4350,4060,290,0,0,0,283,246,37,1627,1500,127,1350,1276,74,709,675,34,133,130,3,51,51,0,84,80,4,113,102,11,26.488323,77.0161436
RAJASTHAN,Total,Karauli,Bus,16455,15388,1067,0,0,0,586,479,107,1439,1283,156,2615,2398,217,4092,3865,227,2172,2073,99,2121,2022,99,2912,2786,126,518,482,36,26.488323,77.0161436
RAJASTHAN,Total,Karauli,Train,7555,7361,194,0,0,0,282,261,21,493,471,22,401,391,10,328,320,8,218,209,9,361,350,11,4981,4880,101,491,479,12,26.488323,77.0161436
RAJASTHAN,Total,Karauli,Water transport,65,56,9,0,0,0,21,15,6,7,7,0,3,3,0,4,3,1,4,4,0,4,3,1,10,9,1,12,12,0,26.488323,77.0161436
RAJASTHAN,Total,Karauli,Any other,1273,1186,87,0,0,0,90,80,10,353,304,49,252,234,18,177,172,5,138,136,2,86,85,1,131,129,2,46,46,0,26.488323,77.0161436
RAJASTHAN,Total,Karauli,No travel,51416,36862,14554,51416,36862,14554,0,0,0,0,0,0,0,0,0,0,0,0,0,0,0,0,0,0,0,0,0,0,0,0,26.488323,77.0161436
RAJASTHAN,Rural,Karauli,All Modes,115121,95747,19374,37625,26696,10929,15147,11311,3836,23665,20692,2973,15362,14400,962,8377,8139,238,3796,3680,116,2741,2652,89,7166,6983,183,1242,1194,48,26.488323,77.0161436
RAJASTHAN,Rural,Karauli,On foot,32453,25556,6897,0,0,0,13153,9484,3669,14326,11743,2583,4974,4329,645,0,0,0,0,0,0,0,0,0,0,0,0,0,0,0,26.488323,77.0161436
RAJASTHAN,Rural,Karauli,Bicycle,11385,11139,246,0,0,0,674,632,42,4410,4317,93,4074,4010,64,1438,1411,27,789,769,20,0,0,0,0,0,0,0,0,0,26.488323,77.0161436
RAJASTHAN,Rural,Karauli,Moped/Scooter/Motor Cycle,8644,8335,309,0,0,0,478,440,38,2209,2122,87,2200,2136,64,1935,1878,57,731,704,27,580,563,17,275,264,11,236,228,8,26.488323,77.0161436
RAJASTHAN,Rural,Karauli,Car/Jeep/Van,1775,1658,117,0,0,0,94,82,12,320,283,37,358,339,19,515,482,33,128,122,6,148,145,3,151,144,7,61,61,0,26.488323,77.0161436
RAJASTHAN,Rural,Karauli,Tempo/Autorickshaw/Taxi,2864,2752,112,0,0,0,129,117,12,714,684,30,1114,1075,39,626,605,21,118,117,1,35,35,0,53,52,1,75,67,8,26.488323,77.0161436
RAJASTHAN,Rural,Karauli,Bus,12986,12451,535,0,0,0,331,293,38,1078,997,81,2102,1998,104,3440,3350,90,1735,1683,52,1625,1565,60,2261,2177,84,414,388,26,26.488323,77.0161436
RAJASTHAN,Rural,Karauli,Train,6472,6324,148,0,0,0,221,206,15,379,362,17,357,347,10,289,283,6,197,189,8,292,284,8,4321,4243,78,416,410,6,26.488323,77.0161436
RAJASTHAN,Rural,Karauli,Water transport,45,40,5,0,0,0,14,11,3,4,4,0,3,3,0,4,3,1,3,3,0,2,1,1,7,7,0,8,8,0,26.488323,77.0161436
RAJASTHAN,Rural,Karauli,Any other,872,796,76,0,0,0,53,46,7,225,180,45,180,163,17,130,127,3,95,93,2,59,59,0,98,96,2,32,32,0,26.488323,77.0161436
RAJASTHAN,Rural,Karauli,No travel,37625,26696,10929,37625,26696,10929,0,0,0,0,0,0,0,0,0,0,0,0,0,0,0,0,0,0,0,0,0,0,0,0,26.488323,77.0161436
RAJASTHAN,Urban,Karauli,All Modes,53415,45794,7621,13791,10166,3625,13224,11436,1788,15869,14529,1340,4874,4427,447,1765,1575,190,1117,1043,74,807,758,49,1558,1483,75,410,377,33,26.488323,77.0161436
RAJASTHAN,Urban,Karauli,On foot,21999,19168,2831,0,0,0,10891,9282,1609,8761,7764,997,2347,2122,225,0,0,0,0,0,0,0,0,0,0,0,0,0,0,0,26.488323,77.0161436
RAJASTHAN,Urban,Karauli,Bicycle,4400,4310,90,0,0,0,519,499,20,2632,2593,39,787,769,18,165,163,2,297,286,11,0,0,0,0,0,0,0,0,0,26.488323,77.0161436
RAJASTHAN,Urban,Karauli,Moped/Scooter/Motor Cycle,6278,6023,255,0,0,0,1230,1186,44,2831,2718,113,815,771,44,712,683,29,251,243,8,149,145,4,142,140,2,148,137,11,26.488323,77.0161436
RAJASTHAN,Urban,Karauli,Car/Jeep/Van,488,439,49,0,0,0,70,61,9,126,116,10,60,49,11,67,62,5,52,47,5,48,46,2,38,34,4,27,24,3,26.488323,77.0161436
RAJASTHAN,Urban,Karauli,Tempo/Autorickshaw/Taxi,1486,1308,178,0,0,0,154,129,25,913,816,97,236,201,35,83,70,13,15,13,2,16,16,0,31,28,3,38,35,3,26.488323,77.0161436
RAJASTHAN,Urban,Karauli,Bus,3469,2937,532,0,0,0,255,186,69,361,286,75,513,400,113,652,515,137,437,390,47,496,457,39,651,609,42,104,94,10,26.488323,77.0161436
RAJASTHAN,Urban,Karauli,Train,1083,1037,46,0,0,0,61,55,6,114,109,5,44,44,0,39,37,2,21,20,1,69,66,3,660,637,23,75,69,6,26.488323,77.0161436
RAJASTHAN,Urban,Karauli,Water transport,20,16,4,0,0,0,7,4,3,3,3,0,0,0,0,0,0,0,1,1,0,2,2,0,3,2,1,4,4,0,26.488323,77.0161436
RAJASTHAN,Urban,Karauli,Any other,401,390,11,0,0,0,37,34,3,128,124,4,72,71,1,47,45,2,43,43,0,27,26,1,33,33,0,14,14,0,26.488323,77.0161436
RAJASTHAN,Urban,Karauli,No travel,13791,10166,3625,13791,10166,3625,0,0,0,0,0,0,0,0,0,0,0,0,0,0,0,0,0,0,0,0,0,0,0,0,26.488323,77.0161436
HARYANA,Total,Gurgaon,All Modes,443345,357737,85608,88140,62493,25647,71184,57631,13553,106278,88985,17293,71814,58823,12991,44334,36868,7466,27091,22752,4339,22373,19457,2916,7227,6596,631,4904,4132,772,28.4594965,77.0266383
HARYANA,Total,Gurgaon,On foot,100559,81529,19030,0,0,0,56323,44942,11381,32217,26928,5289,12019,9659,2360,0,0,0,0,0,0,0,0,0,0,0,0,0,0,0,28.4594965,77.0266383
HARYANA,Total,Gurgaon,Bicycle,32297,30587,1710,0,0,0,3247,3028,219,18352,17416,936,6927,6638,289,1926,1828,98,1845,1677,168,0,0,0,0,0,0,0,0,0,28.4594965,77.0266383
HARYANA,Total,Gurgaon,Moped/Scooter/Motor Cycle,61920,57418,4502,0,0,0,5115,4702,413,21271,19264,2007,15976,14782,1194,11328,10765,563,4080,3943,137,2507,2409,98,406,388,18,1237,1165,72,28.4594965,77.0266383
HARYANA,Total,Gurgaon,Car/Jeep/Van,85547,66097,19450,0,0,0,4095,3162,933,19895,14955,4940,22790,17234,5556,17583,13595,3988,10218,8023,2195,7712,6414,1298,1630,1442,188,1624,1272,352,28.4594965,77.0266383
HARYANA,Total,Gurgaon,Tempo/Autorickshaw/Taxi,25057,19331,5726,0,0,0,1304,977,327,9621,7204,2417,7686,5963,1723,4003,3175,828,949,779,170,714,591,123,223,194,29,557,448,109,28.4594965,77.0266383
HARYANA,Total,Gurgaon,Bus,33586,26347,7239,0,0,0,577,389,188,3646,2241,1405,5255,3681,1574,7871,6213,1658,6829,5660,1169,6588,5697,891,2157,1933,224,663,533,130,28.4594965,77.0266383
HARYANA,Total,Gurgaon,Train,12973,11471,1502,0,0,0,235,203,32,493,409,84,490,401,89,1190,978,212,2921,2482,439,4573,4128,445,2599,2448,151,472,422,50,28.4594965,77.0266383
HARYANA,Total,Gurgaon,Water transport,235,196,39,0,0,0,23,18,5,34,29,5,24,19,5,30,25,5,27,22,5,20,18,2,20,17,3,57,48,9,28.4594965,77.0266383
HARYANA,Total,Gurgaon,Any other,3031,2268,763,0,0,0,265,210,55,749,539,210,647,446,201,403,289,114,222,166,56,259,200,59,192,174,18,294,244,50,28.4594965,77.0266383
HARYANA,Total,Gurgaon,No travel,88140,62493,25647,88140,62493,25647,0,0,0,0,0,0,0,0,0,0,0,0,0,0,0,0,0,0,0,0,0,0,0,0,28.4594965,77.0266383
HARYANA,Rural,Gurgaon,All Modes,84515,69277,15238,25520,15112,10408,11476,9584,1892,15308,14127,1181,9575,8767,808,8657,8301,356,5314,5076,238,5107,4904,203,2864,2748,116,694,658,36,28.4594965,77.0266383
HARYANA,Rural,Gurgaon,On foot,19469,16554,2915,0,0,0,10221,8421,1800,7091,6387,704,2157,1746,411,0,0,0,0,0,0,0,0,0,0,0,0,0,0,0,28.4594965,77.0266383
HARYANA,Rural,Gurgaon,Bicycle,5882,5642,240,0,0,0,366,345,21,3141,3026,115,1560,1503,57,505,486,19,310,282,28,0,0,0,0,0,0,0,0,0,28.4594965,77.0266383
HARYANA,Rural,Gurgaon,Moped/Scooter/Motor Cycle,10921,10645,276,0,0,0,411,391,20,2268,2191,77,2297,2239,58,3361,3291,70,1496,1465,31,772,757,15,149,148,1,167,163,4,28.4594965,77.0266383
HARYANA,Rural,Gurgaon,Car/Jeep/Van,2205,2090,115,0,0,0,129,122,7,306,290,16,411,397,14,602,571,31,342,318,24,254,240,14,111,104,7,50,48,2,28.4594965,77.0266383
HARYANA,Rural,Gurgaon,Tempo/Autorickshaw/Taxi,4864,4558,306,0,0,0,121,105,16,1472,1357,115,1512,1421,91,1192,1131,61,261,249,12,150,148,2,60,56,4,96,91,5,28.4594965,77.0266383
HARYANA,Rural,Gurgaon,Bus,10630,9859,771,0,0,0,128,107,21,862,719,143,1433,1270,163,2654,2495,159,2151,2041,110,2194,2089,105,1035,978,57,173,160,13,28.4594965,77.0266383
HARYANA,Rural,Gurgaon,Train,4542,4367,175,0,0,0,57,54,3,102,94,8,101,96,5,283,270,13,720,690,30,1681,1617,64,1433,1389,44,165,157,8,28.4594965,77.0266383
HARYANA,Rural,Gurgaon,Water transport,49,45,4,0,0,0,6,5,1,6,5,1,3,3,0,8,8,0,7,6,1,6,6,0,8,8,0,5,4,1,28.4594965,77.0266383
HARYANA,Rural,Gurgaon,Any other,433,405,28,0,0,0,37,34,3,60,58,2,101,92,9,52,49,3,27,25,2,50,47,3,68,65,3,38,35,3,28.4594965,77.0266383
HARYANA,Rural,Gurgaon,No travel,25520,15112,10408,25520,15112,10408,0,0,0,0,0,0,0,0,0,0,0,0,0,0,0,0,0,0,0,0,0,0,0,0,28.4594965,77.0266383
HARYANA,Urban,Gurgaon,All Modes,358830,288460,70370,62620,47381,15239,59708,48047,11661,90970,74858,16112,62239,50056,12183,35677,28567,7110,21777,17676,4101,17266,14553,2713,4363,3848,515,4210,3474,736,28.4594965,77.0266383
HARYANA,Urban,Gurgaon,On foot,81090,64975,16115,0,0,0,46102,36521,9581,25126,20541,4585,9862,7913,1949,0,0,0,0,0,0,0,0,0,0,0,0,0,0,0,28.4594965,77.0266383
HARYANA,Urban,Gurgaon,Bicycle,26415,24945,1470,0,0,0,2881,2683,198,15211,14390,821,5367,5135,232,1421,1342,79,1535,1395,140,0,0,0,0,0,0,0,0,0,28.4594965,77.0266383
HARYANA,Urban,Gurgaon,Moped/Scooter/Motor Cycle,50999,46773,4226,0,0,0,4704,4311,393,19003,17073,1930,13679,12543,1136,7967,7474,493,2584,2478,106,1735,1652,83,257,240,17,1070,1002,68,28.4594965,77.0266383
HARYANA,Urban,Gurgaon,Car/Jeep/Van,83342,64007,19335,0,0,0,3966,3040,926,19589,14665,4924,22379,16837,5542,16981,13024,3957,9876,7705,2171,7458,6174,1284,1519,1338,181,1574,1224,350,28.4594965,77.0266383
HARYANA,Urban,Gurgaon,Tempo/Autorickshaw/Taxi,20193,14773,5420,0,0,0,1183,872,311,8149,5847,2302,6174,4542,1632,2811,2044,767,688,530,158,564,443,121,163,138,25,461,357,104,28.4594965,77.0266383
HARYANA,Urban,Gurgaon,Bus,22956,16488,6468,0,0,0,449,282,167,2784,1522,1262,3822,2411,1411,5217,3718,1499,4678,3619,1059,4394,3608,786,1122,955,167,490,373,117,28.4594965,77.0266383
HARYANA,Urban,Gurgaon,Train,8431,7104,1327,0,0,0,178,149,29,391,315,76,389,305,84,907,708,199,2201,1792,409,2892,2511,381,1166,1059,107,307,265,42,28.4594965,77.0266383
HARYANA,Urban,Gurgaon,Water transport,186,151,35,0,0,0,17,13,4,28,24,4,21,16,5,22,17,5,20,16,4,14,12,2,12,9,3,52,44,8,28.4594965,77.0266383
HARYANA,Urban,Gurgaon,Any other,2598,1863,735,0,0,0,228,176,52,689,481,208,546,354,192,351,240,111,195,141,54,209,153,56,124,109,15,256,209,47,28.4594965,77.0266383
HARYANA,Urban,Gurgaon,No travel,62620,47381,15239,62620,47381,15239,0,0,0,0,0,0,0,0,0,0,0,0,0,0,0,0,0,0,0,0,0,0,0,0,28.4594965,77.0266383
NCT OF DELHI,Total,South West Delhi,All Modes,759252,638964,120288,123671,98999,24672,98313,80819,17494,175744,150148,25596,125437,106769,18668,125392,106747,18645,70696,60519,10177,26057,23006,3051,7013,6160,853,6929,5797,1132,28.5928929,77.0346164
NCT OF DELHI,Total,South West Delhi,On foot,153624,126397,27227,0,0,0,74728,60453,14275,62003,52386,9617,16893,13558,3335,0,0,0,0,0,0,0,0,0,0,0,0,0,0,0,28.5928929,77.0346164
NCT OF DELHI,Total,South West Delhi,Bicycle,61906,60126,1780,0,0,0,5380,5183,197,32831,31867,964,14393,14086,307,5751,5608,143,3551,3382,169,0,0,0,0,0,0,0,0,0,28.5928929,77.0346164
NCT OF DELHI,Total,South West Delhi,Moped/Scooter/Motor Cycle,102706,98213,4493,0,0,0,6723,6313,410,25589,23978,1611,23797,22773,1024,26866,26037,829,12952,12595,357,4296,4186,110,961,914,47,1522,1417,105,28.5928929,77.0346164
NCT OF DELHI,Total,South West Delhi,Car/Jeep/Van,96123,74336,21787,0,0,0,4443,3390,1053,14521,10545,3976,17309,13072,4237,31008,24109,6899,19585,15487,4098,6317,5312,1005,1570,1343,227,1370,1078,292,28.5928929,77.0346164
NCT OF DELHI,Total,South West Delhi,Tempo/Autorickshaw/Taxi,14181,10492,3689,0,0,0,890,684,206,3768,2589,1179,2823,2079,744,3006,2158,848,2001,1491,510,941,830,111,361,324,37,391,337,54,28.5928929,77.0346164
NCT OF DELHI,Total,South West Delhi,Bus,182008,150823,31185,0,0,0,5099,3968,1131,34066,26458,7608,47384,39044,8340,52415,44091,8324,26285,22690,3595,11367,10094,1273,2561,2192,369,2831,2286,545,28.5928929,77.0346164
NCT OF DELHI,Total,South West Delhi,Train,18440,14417,4023,0,0,0,497,377,120,1351,1038,313,1869,1374,495,4996,3766,1230,5258,4078,1180,2637,2186,451,1376,1228,148,456,370,86,28.5928929,77.0346164
NCT OF DELHI,Total,South West Delhi,Water transport,331,279,52,0,0,0,20,13,7,48,39,9,67,59,8,82,70,12,35,28,7,23,21,2,14,13,1,42,36,6,28.5928929,77.0346164
NCT OF DELHI,Total,South West Delhi,Any other,6262,4882,1380,0,0,0,533,438,95,1567,1248,319,902,724,178,1268,908,360,1029,768,261,476,377,99,170,146,24,317,273,44,28.5928929,77.0346164
NCT OF DELHI,Total,South West Delhi,No travel,123671,98999,24672,123671,98999,24672,0,0,0,0,0,0,0,0,0,0,0,0,0,0,0,0,0,0,0,0,0,0,0,0,28.5928929,77.0346164
NCT OF DELHI,Rural,South West Delhi,All Modes,34645,30347,4298,5003,3626,1377,3217,2540,677,5845,5038,807,5005,4479,526,6501,6098,403,4744,4493,251,3489,3284,205,593,560,33,248,229,19,28.5928929,77.0346164
NCT OF DELHI,Rural,South West Delhi,On foot,5127,4018,1109,0,0,0,2509,1911,598,1937,1551,386,681,556,125,0,0,0,0,0,0,0,0,0,0,0,0,0,0,0,28.5928929,77.0346164
NCT OF DELHI,Rural,South West Delhi,Bicycle,3688,3575,113,0,0,0,162,156,6,1578,1516,62,1063,1036,27,602,591,11,283,276,7,0,0,0,0,0,0,0,0,0,28.5928929,77.0346164
NCT OF DELHI,Rural,South West Delhi,Moped/Scooter/Motor Cycle,5684,5510,174,0,0,0,197,180,17,803,752,51,943,908,35,1814,1778,36,1219,1198,21,571,564,7,80,76,4,57,54,3,28.5928929,77.0346164
NCT OF DELHI,Rural,South West Delhi,Car/Jeep/Van,1236,1131,105,0,0,0,58,50,8,149,126,23,177,157,20,315,296,19,299,276,23,186,176,10,31,30,1,21,20,1,28.5928929,77.0346164
NCT OF DELHI,Rural,South West Delhi,Tempo/Autorickshaw/Taxi,562,517,45,0,0,0,33,31,2,108,88,20,107,100,7,111,102,9,88,84,4,76,74,2,27,27,0,12,11,1,28.5928929,77.0346164
NCT OF DELHI,Rural,South West Delhi,Bus,12706,11392,1314,0,0,0,232,191,41,1184,929,255,1968,1663,305,3586,3268,318,2735,2555,180,2541,2365,176,335,308,27,125,113,12,28.5928929,77.0346164
NCT OF DELHI,Rural,South West Delhi,Train,401,364,37,0,0,0,12,9,3,15,12,3,19,16,3,52,45,7,89,78,11,86,78,8,113,112,1,15,14,1,28.5928929,77.0346164
NCT OF DELHI,Rural,South West Delhi,Water transport,15,15,0,0,0,0,0,0,0,1,1,0,1,1,0,1,1,0,5,5,0,5,5,0,1,1,0,1,1,0,28.5928929,77.0346164
NCT OF DELHI,Rural,South West Delhi,Any other,223,199,24,0,0,0,14,12,2,70,63,7,46,42,4,20,17,3,26,21,5,24,22,2,6,6,0,17,16,1,28.5928929,77.0346164
NCT OF DELHI,Rural,South West Delhi,No travel,5003,3626,1377,5003,3626,1377,0,0,0,0,0,0,0,0,0,0,0,0,0,0,0,0,0,0,0,0,0,0,0,0,28.5928929,77.0346164
NCT OF DELHI,Urban,South West Delhi,All Modes,724607,608617,115990,118668,95373,23295,95096,78279,16817,169899,145110,24789,120432,102290,18142,118891,100649,18242,65952,56026,9926,22568,19722,2846,6420,5600,820,6681,5568,1113,28.5928929,77.0346164
NCT OF DELHI,Urban,South West Delhi,On foot,148497,122379,26118,0,0,0,72219,58542,13677,60066,50835,9231,16212,13002,3210,0,0,0,0,0,0,0,0,0,0,0,0,0,0,0,28.5928929,77.0346164
NCT OF DELHI,Urban,South West Delhi,Bicycle,58218,56551,1667,0,0,0,5218,5027,191,31253,30351,902,13330,13050,280,5149,5017,132,3268,3106,162,0,0,0,0,0,0,0,0,0,28.5928929,77.0346164
NCT OF DELHI,Urban,South West Delhi,Moped/Scooter/Motor Cycle,97022,92703,4319,0,0,0,6526,6133,393,24786,23226,1560,22854,21865,989,25052,24259,793,11733,11397,336,3725,3622,103,881,838,43,1465,1363,102,28.5928929,77.0346164
NCT OF DELHI,Urban,South West Delhi,Car/Jeep/Van,94887,73205,21682,0,0,0,4385,3340,1045,14372,10419,3953,17132,12915,4217,30693,23813,6880,19286,15211,4075,6131,5136,995,1539,1313,226,1349,1058,291,28.5928929,77.0346164
NCT OF DELHI,Urban,South West Delhi,Tempo/Autorickshaw/Taxi,13619,9975,3644,0,0,0,857,653,204,3660,2501,1159,2716,1979,737,2895,2056,839,1913,1407,506,865,756,109,334,297,37,379,326,53,28.5928929,77.0346164
NCT OF DELHI,Urban,South West Delhi,Bus,169302,139431,29871,0,0,0,4867,3777,1090,32882,25529,7353,45416,37381,8035,48829,40823,8006,23550,20135,3415,8826,7729,1097,2226,1884,342,2706,2173,533,28.5928929,77.0346164
NCT OF DELHI,Urban,South West Delhi,Train,18039,14053,3986,0,0,0,485,368,117,1336,1026,310,1850,1358,492,4944,3721,1223,5169,4000,1169,2551,2108,443,1263,1116,147,441,356,85,28.5928929,77.0346164
NCT OF DELHI,Urban,South West Delhi,Water transport,316,264,52,0,0,0,20,13,7,47,38,9,66,58,8,81,69,12,30,23,7,18,16,2,13,12,1,41,35,6,28.5928929,77.0346164
NCT OF DELHI,Urban,South West Delhi,Any other,6039,4683,1356,0,0,0,519,426,93,1497,1185,312,856,682,174,1248,891,357,1003,747,256,452,355,97,164,140,24,300,257,43,28.5928929,77.0346164
NCT OF DELHI,Urban,South West Delhi,No travel,118668,95373,23295,118668,95373,23295,0,0,0,0,0,0,0,0,0,0,0,0,0,0,0,0,0,0,0,0,0,0,0,0,28.5928929,77.0346164
GUJARAT,Total,Narmada,All Modes,41348,29786,11562,19411,11714,7697,7599,5876,1723,5455,4521,934,3671,3042,629,1877,1640,237,941,836,105,818,730,88,1197,1096,101,379,331,48,22.4965494,77.0494728
GUJARAT,Total,Narmada,On foot,8973,6521,2452,0,0,0,5471,3934,1537,2289,1705,584,1213,882,331,0,0,0,0,0,0,0,0,0,0,0,0,0,0,0,22.4965494,77.0494728
GUJARAT,Total,Narmada,Bicycle,1676,1605,71,0,0,0,378,358,20,691,669,22,347,335,12,137,129,8,123,114,9,0,0,0,0,0,0,0,0,0,22.4965494,77.0494728
GUJARAT,Total,Narmada,Moped/Scooter/Motor Cycle,5746,5124,622,0,0,0,1331,1228,103,1768,1557,211,1022,880,142,772,673,99,326,301,25,251,236,15,123,113,10,153,136,17,22.4965494,77.0494728
GUJARAT,Total,Narmada,Car/Jeep/Van,789,701,88,0,0,0,120,102,18,115,101,14,107,94,13,148,134,14,79,73,6,97,87,10,88,82,6,35,28,7,22.4965494,77.0494728
GUJARAT,Total,Narmada,Tempo/Autorickshaw/Taxi,1078,940,138,0,0,0,63,54,9,274,218,56,309,270,39,207,190,17,51,50,1,52,48,4,96,88,8,26,22,4,22.4965494,77.0494728
GUJARAT,Total,Narmada,Bus,3287,2835,452,0,0,0,133,108,25,231,196,35,592,505,87,592,497,95,352,288,64,403,346,57,853,778,75,131,117,14,22.4965494,77.0494728
GUJARAT,Total,Narmada,Train,66,58,8,0,0,0,13,12,1,10,10,0,4,3,1,3,2,1,1,1,0,4,3,1,20,18,2,11,9,2,22.4965494,77.0494728
GUJARAT,Total,Narmada,Water transport,48,30,18,0,0,0,13,6,7,25,18,7,4,4,0,1,0,1,0,0,0,0,0,0,1,1,0,4,1,3,22.4965494,77.0494728
GUJARAT,Total,Narmada,Any other,274,258,16,0,0,0,77,74,3,52,47,5,73,69,4,17,15,2,9,9,0,11,10,1,16,16,0,19,18,1,22.4965494,77.0494728
GUJARAT,Total,Narmada,No travel,19411,11714,7697,19411,11714,7697,0,0,0,0,0,0,0,0,0,0,0,0,0,0,0,0,0,0,0,0,0,0,0,0,22.4965494,77.0494728
GUJARAT,Rural,Narmada,All Modes,25051,16629,8422,13073,7021,6052,2914,1882,1032,2860,2297,563,2663,2218,445,1355,1228,127,580,529,51,555,501,54,818,749,69,233,204,29,22.4965494,77.0494728
GUJARAT,Rural,Narmada,On foot,4430,2837,1593,0,0,0,2363,1412,951,1191,808,383,876,617,259,0,0,0,0,0,0,0,0,0,0,0,0,0,0,0,22.4965494,77.0494728
GUJARAT,Rural,Narmada,Bicycle,1080,1027,53,0,0,0,134,119,15,427,413,14,312,302,10,115,107,8,92,86,6,0,0,0,0,0,0,0,0,0,22.4965494,77.0494728
GUJARAT,Rural,Narmada,Moped/Scooter/Motor Cycle,2711,2443,268,0,0,0,224,202,22,788,690,98,696,619,77,490,450,40,189,180,9,162,156,6,86,77,9,76,69,7,22.4965494,77.0494728
GUJARAT,Rural,Narmada,Car/Jeep/Van,444,393,51,0,0,0,43,32,11,66,56,10,70,62,8,101,95,6,41,38,3,64,58,6,42,38,4,17,14,3,22.4965494,77.0494728
GUJARAT,Rural,Narmada,Tempo/Autorickshaw/Taxi,763,672,91,0,0,0,29,24,5,183,153,30,244,217,27,184,170,14,27,26,1,25,21,4,58,50,8,13,11,2,22.4965494,77.0494728
GUJARAT,Rural,Narmada,Bus,2380,2095,285,0,0,0,95,75,20,161,141,20,438,376,62,453,397,56,226,194,32,294,257,37,603,557,46,110,98,12,22.4965494,77.0494728
GUJARAT,Rural,Narmada,Train,41,36,5,0,0,0,5,4,1,3,3,0,1,1,0,1,1,0,0,0,0,4,3,1,18,16,2,9,8,1,22.4965494,77.0494728
GUJARAT,Rural,Narmada,Water transport,46,28,18,0,0,0,12,5,7,25,18,7,3,3,0,1,0,1,0,0,0,0,0,0,1,1,0,4,1,3,22.4965494,77.0494728
GUJARAT,Rural,Narmada,Any other,83,77,6,0,0,0,9,9,0,16,15,1,23,21,2,10,8,2,5,5,0,6,6,0,10,10,0,4,3,1,22.4965494,77.0494728
GUJARAT,Rural,Narmada,No travel,13073,7021,6052,13073,7021,6052,0,0,0,0,0,0,0,0,0,0,0,0,0,0,0,0,0,0,0,0,0,0,0,0,22.4965494,77.0494728
GUJARAT,Urban,Narmada,All Modes,16297,13157,3140,6338,4693,1645,4685,3994,691,2595,2224,371,1008,824,184,522,412,110,361,307,54,263,229,34,379,347,32,146,127,19,22.4965494,77.0494728
GUJARAT,Urban,Narmada,On foot,4543,3684,859,0,0,0,3108,2522,586,1098,897,201,337,265,72,0,0,0,0,0,0,0,0,0,0,0,0,0,0,0,22.4965494,77.0494728
GUJARAT,Urban,Narmada,Bicycle,596,578,18,0,0,0,244,239,5,264,256,8,35,33,2,22,22,0,31,28,3,0,0,0,0,0,0,0,0,0,22.4965494,77.0494728
GUJARAT,Urban,Narmada,Moped/Scooter/Motor Cycle,3035,2681,354,0,0,0,1107,1026,81,980,867,113,326,261,65,282,223,59,137,121,16,89,80,9,37,36,1,77,67,10,22.4965494,77.0494728
GUJARAT,Urban,Narmada,Car/Jeep/Van,345,308,37,0,0,0,77,70,7,49,45,4,37,32,5,47,39,8,38,35,3,33,29,4,46,44,2,18,14,4,22.4965494,77.0494728
GUJARAT,Urban,Narmada,Tempo/Autorickshaw/Taxi,315,268,47,0,0,0,34,30,4,91,65,26,65,53,12,23,20,3,24,24,0,27,27,0,38,38,0,13,11,2,22.4965494,77.0494728
GUJARAT,Urban,Narmada,Bus,907,740,167,0,0,0,38,33,5,70,55,15,154,129,25,139,100,39,126,94,32,109,89,20,250,221,29,21,19,2,22.4965494,77.0494728
GUJARAT,Urban,Narmada,Train,25,22,3,0,0,0,8,8,0,7,7,0,3,2,1,2,1,1,1,1,0,0,0,0,2,2,0,2,1,1,22.4965494,77.0494728
GUJARAT,Urban,Narmada,Water transport,2,2,0,0,0,0,1,1,0,0,0,0,1,1,0,0,0,0,0,0,0,0,0,0,0,0,0,0,0,0,22.4965494,77.0494728
GUJARAT,Urban,Narmada,Any other,191,181,10,0,0,0,68,65,3,36,32,4,50,48,2,7,7,0,4,4,0,5,4,1,6,6,0,15,15,0,22.4965494,77.0494728
GUJARAT,Urban,Narmada,No travel,6338,4693,1645,6338,4693,1645,0,0,0,0,0,0,0,0,0,0,0,0,0,0,0,0,0,0,0,0,0,0,0,0,22.4965494,77.0494728
HARYANA,Total,Mewat,All Modes,124426,107522,16904,51075,38454,12621,14065,12471,1594,18131,17107,1024,14240,13428,812,6374,6158,216,3205,3087,118,4220,4091,129,11520,11215,305,1596,1511,85,28.0106916,77.0564464
HARYANA,Total,Mewat,On foot,21787,19286,2501,0,0,0,11458,10004,1454,6327,5759,568,4002,3523,479,0,0,0,0,0,0,0,0,0,0,0,0,0,0,0,28.0106916,77.0564464
HARYANA,Total,Mewat,Bicycle,10197,9913,284,0,0,0,797,764,33,4720,4598,122,2876,2809,67,903,876,27,901,866,35,0,0,0,0,0,0,0,0,0,28.0106916,77.0564464
HARYANA,Total,Mewat,Moped/Scooter/Motor Cycle,9151,8888,263,0,0,0,938,903,35,2823,2734,89,2164,2111,53,1418,1394,24,484,472,12,505,497,8,341,323,18,478,454,24,28.0106916,77.0564464
HARYANA,Total,Mewat,Car/Jeep/Van,2971,2806,165,0,0,0,180,170,10,527,491,36,774,739,35,566,536,30,222,204,18,266,260,6,333,309,24,103,97,6,28.0106916,77.0564464
HARYANA,Total,Mewat,Tempo/Autorickshaw/Taxi,7730,7378,352,0,0,0,206,186,20,2456,2321,135,2423,2320,103,1205,1161,44,283,276,7,425,414,11,482,463,19,250,237,13,28.0106916,77.0564464
HARYANA,Total,Mewat,Bus,17725,17145,580,0,0,0,266,242,24,882,827,55,1685,1618,67,2004,1920,84,1203,1161,42,2788,2690,98,8401,8217,184,496,470,26,28.0106916,77.0564464
HARYANA,Total,Mewat,Train,1367,1300,67,0,0,0,58,50,8,80,76,4,43,41,2,36,34,2,11,9,2,53,53,0,961,920,41,125,117,8,28.0106916,77.0564464
HARYANA,Total,Mewat,Water transport,60,56,4,0,0,0,3,2,1,2,2,0,5,5,0,4,4,0,1,1,0,2,2,0,33,33,0,10,7,3,28.0106916,77.0564464
HARYANA,Total,Mewat,Any other,2363,2296,67,0,0,0,159,150,9,314,299,15,268,262,6,238,233,5,100,98,2,181,175,6,969,950,19,134,129,5,28.0106916,77.0564464
HARYANA,Total,Mewat,No travel,51075,38454,12621,51075,38454,12621,0,0,0,0,0,0,0,0,0,0,0,0,0,0,0,0,0,0,0,0,0,0,0,0,28.0106916,77.0564464
HARYANA,Rural,Mewat,All Modes,99450,85151,14299,41676,30372,11304,7506,6458,1048,14748,14008,740,11562,11026,536,5575,5399,176,2739,2645,94,3763,3658,105,10822,10572,250,1059,1013,46,28.0106916,77.0564464
HARYANA,Rural,Mewat,On foot,13570,11862,1708,0,0,0,6277,5311,966,4970,4535,435,2323,2016,307,0,0,0,0,0,0,0,0,0,0,0,0,0,0,0,28.0106916,77.0564464
HARYANA,Rural,Mewat,Bicycle,8473,8240,233,0,0,0,476,447,29,3884,3786,98,2648,2585,63,813,790,23,652,632,20,0,0,0,0,0,0,0,0,0,28.0106916,77.0564464
HARYANA,Rural,Mewat,Moped/Scooter/Motor Cycle,6806,6641,165,0,0,0,230,217,13,2230,2172,58,1847,1813,34,1200,1180,20,428,417,11,428,422,6,241,228,13,202,192,10,28.0106916,77.0564464
HARYANA,Rural,Mewat,Car/Jeep/Van,2503,2389,114,0,0,0,78,74,4,443,418,25,717,695,22,486,463,23,199,183,16,221,215,6,289,274,15,70,67,3,28.0106916,77.0564464
HARYANA,Rural,Mewat,Tempo/Autorickshaw/Taxi,6757,6535,222,0,0,0,121,113,8,2117,2040,77,2207,2137,70,1074,1041,33,266,260,6,389,380,9,431,417,14,152,147,5,28.0106916,77.0564464
HARYANA,Rural,Mewat,Bus,16143,15708,435,0,0,0,169,155,14,778,746,32,1527,1492,35,1739,1669,70,1086,1048,38,2501,2422,79,7937,7788,149,406,388,18,28.0106916,77.0564464
HARYANA,Rural,Mewat,Train,1265,1206,59,0,0,0,36,29,7,62,61,1,40,38,2,30,28,2,10,9,1,48,48,0,936,895,41,103,98,5,28.0106916,77.0564464
HARYANA,Rural,Mewat,Water transport,52,49,3,0,0,0,2,1,1,2,2,0,3,3,0,2,2,0,1,1,0,2,2,0,33,33,0,7,5,2,28.0106916,77.0564464
HARYANA,Rural,Mewat,Any other,2205,2149,56,0,0,0,117,111,6,262,248,14,250,247,3,231,226,5,97,95,2,174,169,5,955,937,18,119,116,3,28.0106916,77.0564464
HARYANA,Rural,Mewat,No travel,41676,30372,11304,41676,30372,11304,0,0,0,0,0,0,0,0,0,0,0,0,0,0,0,0,0,0,0,0,0,0,0,0,28.0106916,77.0564464
HARYANA,Urban,Mewat,All Modes,24976,22371,2605,9399,8082,1317,6559,6013,546,3383,3099,284,2678,2402,276,799,759,40,466,442,24,457,433,24,698,643,55,537,498,39,28.0106916,77.0564464
HARYANA,Urban,Mewat,On foot,8217,7424,793,0,0,0,5181,4693,488,1357,1224,133,1679,1507,172,0,0,0,0,0,0,0,0,0,0,0,0,0,0,0,28.0106916,77.0564464
HARYANA,Urban,Mewat,Bicycle,1724,1673,51,0,0,0,321,317,4,836,812,24,228,224,4,90,86,4,249,234,15,0,0,0,0,0,0,0,0,0,28.0106916,77.0564464
HARYANA,Urban,Mewat,Moped/Scooter/Motor Cycle,2345,2247,98,0,0,0,708,686,22,593,562,31,317,298,19,218,214,4,56,55,1,77,75,2,100,95,5,276,262,14,28.0106916,77.0564464
HARYANA,Urban,Mewat,Car/Jeep/Van,468,417,51,0,0,0,102,96,6,84,73,11,57,44,13,80,73,7,23,21,2,45,45,0,44,35,9,33,30,3,28.0106916,77.0564464
HARYANA,Urban,Mewat,Tempo/Autorickshaw/Taxi,973,843,130,0,0,0,85,73,12,339,281,58,216,183,33,131,120,11,17,16,1,36,34,2,51,46,5,98,90,8,28.0106916,77.0564464
HARYANA,Urban,Mewat,Bus,1582,1437,145,0,0,0,97,87,10,104,81,23,158,126,32,265,251,14,117,113,4,287,268,19,464,429,35,90,82,8,28.0106916,77.0564464
HARYANA,Urban,Mewat,Train,102,94,8,0,0,0,22,21,1,18,15,3,3,3,0,6,6,0,1,0,1,5,5,0,25,25,0,22,19,3,28.0106916,77.0564464
HARYANA,Urban,Mewat,Water transport,8,7,1,0,0,0,1,1,0,0,0,0,2,2,0,2,2,0,0,0,0,0,0,0,0,0,0,3,2,1,28.0106916,77.0564464
HARYANA,Urban,Mewat,Any other,158,147,11,0,0,0,42,39,3,52,51,1,18,15,3,7,7,0,3,3,0,7,6,1,14,13,1,15,13,2,28.0106916,77.0564464
HARYANA,Urban,Mewat,No travel,9399,8082,1317,9399,8082,1317,0,0,0,0,0,0,0,0,0,0,0,0,0,0,0,0,0,0,0,0,0,0,0,0,28.0106916,77.0564464
NCT OF DELHI,Total,West Delhi,All Modes,837988,702117,135871,117090,92561,24529,130932,108509,22423,212045,180647,31398,146137,125169,20968,124256,105003,19253,64510,53967,10543,30323,25323,5000,7333,6324,1009,5362,4614,748,28.6663433,77.067959
NCT OF DELHI,Total,West Delhi,On foot,178797,145576,33221,0,0,0,97958,79614,18344,62034,51246,10788,18805,14716,4089,0,0,0,0,0,0,0,0,0,0,0,0,0,0,0,28.6663433,77.067959
NCT OF DELHI,Total,West Delhi,Bicycle,70229,68414,1815,0,0,0,5930,5736,194,36206,35231,975,17084,16747,337,7492,7322,170,3517,3378,139,0,0,0,0,0,0,0,0,0,28.6663433,77.067959
NCT OF DELHI,Total,West Delhi,Moped/Scooter/Motor Cycle,128672,123558,5114,0,0,0,11844,11317,527,40400,38414,1986,31310,30113,1197,27047,26241,806,10981,10656,325,4616,4475,141,1101,1036,65,1373,1306,67,28.6663433,77.067959
NCT OF DELHI,Total,West Delhi,Car/Jeep/Van,108855,89348,19507,0,0,0,6466,5374,1092,21678,17476,4202,20629,17319,3310,27510,22875,4635,19025,15218,3807,10695,8666,2029,1781,1536,245,1071,884,187,28.6663433,77.067959
NCT OF DELHI,Total,West Delhi,Tempo/Autorickshaw/Taxi,18188,13299,4889,0,0,0,1352,1001,351,4808,2909,1899,3259,2510,749,2963,2265,698,2809,2103,706,2032,1651,381,571,513,58,394,347,47,28.6663433,77.067959
NCT OF DELHI,Total,West Delhi,Bus,166387,132095,34292,0,0,0,5022,3752,1270,39873,30404,9469,47457,38330,9127,43369,34507,8862,18590,15177,3413,8112,6671,1441,2167,1771,396,1797,1483,314,28.6663433,77.067959
NCT OF DELHI,Total,West Delhi,Train,36117,27115,9002,0,0,0,1033,739,294,2949,2025,924,5519,3803,1716,13170,9799,3371,7785,6140,1645,3798,3040,758,1411,1207,204,452,362,90,28.6663433,77.067959
NCT OF DELHI,Total,West Delhi,Water transport,321,260,61,0,0,0,55,43,12,64,48,16,74,58,16,50,45,5,31,25,6,10,8,2,20,19,1,17,14,3,28.6663433,77.067959
NCT OF DELHI,Total,West Delhi,Any other,13332,9891,3441,0,0,0,1272,933,339,4033,2894,1139,2000,1573,427,2655,1949,706,1772,1270,502,1060,812,248,282,242,40,258,218,40,28.6663433,77.067959
NCT OF DELHI,Total,West Delhi,No travel,117090,92561,24529,117090,92561,24529,0,0,0,0,0,0,0,0,0,0,0,0,0,0,0,0,0,0,0,0,0,0,0,0,28.6663433,77.067959
NCT OF DELHI,Rural,West Delhi,All Modes,1415,1221,194,193,145,48,206,170,36,198,177,21,336,290,46,252,226,26,141,133,8,68,60,8,20,19,1,1,1,0,28.6663433,77.067959
NCT OF DELHI,Rural,West Delhi,On foot,287,240,47,0,0,0,189,154,35,64,57,7,34,29,5,0,0,0,0,0,0,0,0,0,0,0,0,0,0,0,28.6663433,77.067959
NCT OF DELHI,Rural,West Delhi,Bicycle,130,127,3,0,0,0,9,9,0,59,58,1,40,39,1,16,15,1,6,6,0,0,0,0,0,0,0,0,0,0,28.6663433,77.067959
NCT OF DELHI,Rural,West Delhi,Moped/Scooter/Motor Cycle,190,177,13,0,0,0,1,1,0,29,28,1,59,52,7,66,62,4,24,24,0,9,9,0,2,1,1,0,0,0,28.6663433,77.067959
NCT OF DELHI,Rural,West Delhi,Car/Jeep/Van,70,65,5,0,0,0,2,2,0,13,12,1,18,17,1,16,15,1,10,10,0,8,6,2,2,2,0,1,1,0,28.6663433,77.067959
NCT OF DELHI,Rural,West Delhi,Tempo/Autorickshaw/Taxi,15,14,1,0,0,0,0,0,0,2,2,0,5,4,1,1,1,0,7,7,0,0,0,0,0,0,0,0,0,0,28.6663433,77.067959
NCT OF DELHI,Rural,West Delhi,Bus,484,408,76,0,0,0,2,2,0,28,17,11,165,134,31,144,124,20,90,82,8,48,42,6,7,7,0,0,0,0,28.6663433,77.067959
NCT OF DELHI,Rural,West Delhi,Train,33,33,0,0,0,0,2,2,0,0,0,0,10,10,0,8,8,0,3,3,0,3,3,0,7,7,0,0,0,0,28.6663433,77.067959
NCT OF DELHI,Rural,West Delhi,Water transport,0,0,0,0,0,0,0,0,0,0,0,0,0,0,0,0,0,0,0,0,0,0,0,0,0,0,0,0,0,0,28.6663433,77.067959
NCT OF DELHI,Rural,West Delhi,Any other,13,12,1,0,0,0,1,0,1,3,3,0,5,5,0,1,1,0,1,1,0,0,0,0,2,2,0,0,0,0,28.6663433,77.067959
NCT OF DELHI,Rural,West Delhi,No travel,193,145,48,193,145,48,0,0,0,0,0,0,0,0,0,0,0,0,0,0,0,0,0,0,0,0,0,0,0,0,28.6663433,77.067959
NCT OF DELHI,Urban,West Delhi,All Modes,836573,700896,135677,116897,92416,24481,130726,108339,22387,211847,180470,31377,145801,124879,20922,124004,104777,19227,64369,53834,10535,30255,25263,4992,7313,6305,1008,5361,4613,748,28.6663433,77.067959
NCT OF DELHI,Urban,West Delhi,On foot,178510,145336,33174,0,0,0,97769,79460,18309,61970,51189,10781,18771,14687,4084,0,0,0,0,0,0,0,0,0,0,0,0,0,0,0,28.6663433,77.067959
NCT OF DELHI,Urban,West Delhi,Bicycle,70099,68287,1812,0,0,0,5921,5727,194,36147,35173,974,17044,16708,336,7476,7307,169,3511,3372,139,0,0,0,0,0,0,0,0,0,28.6663433,77.067959
NCT OF DELHI,Urban,West Delhi,Moped/Scooter/Motor Cycle,128482,123381,5101,0,0,0,11843,11316,527,40371,38386,1985,31251,30061,1190,26981,26179,802,10957,10632,325,4607,4466,141,1099,1035,64,1373,1306,67,28.6663433,77.067959
NCT OF DELHI,Urban,West Delhi,Car/Jeep/Van,108785,89283,19502,0,0,0,6464,5372,1092,21665,17464,4201,20611,17302,3309,27494,22860,4634,19015,15208,3807,10687,8660,2027,1779,1534,245,1070,883,187,28.6663433,77.067959
NCT OF DELHI,Urban,West Delhi,Tempo/Autorickshaw/Taxi,18173,13285,4888,0,0,0,1352,1001,351,4806,2907,1899,3254,2506,748,2962,2264,698,2802,2096,706,2032,1651,381,571,513,58,394,347,47,28.6663433,77.067959
NCT OF DELHI,Urban,West Delhi,Bus,165903,131687,34216,0,0,0,5020,3750,1270,39845,30387,9458,47292,38196,9096,43225,34383,8842,18500,15095,3405,8064,6629,1435,2160,1764,396,1797,1483,314,28.6663433,77.067959
NCT OF DELHI,Urban,West Delhi,Train,36084,27082,9002,0,0,0,1031,737,294,2949,2025,924,5509,3793,1716,13162,9791,3371,7782,6137,1645,3795,3037,758,1404,1200,204,452,362,90,28.6663433,77.067959
NCT OF DELHI,Urban,West Delhi,Water transport,321,260,61,0,0,0,55,43,12,64,48,16,74,58,16,50,45,5,31,25,6,10,8,2,20,19,1,17,14,3,28.6663433,77.067959
NCT OF DELHI,Urban,West Delhi,Any other,13319,9879,3440,0,0,0,1271,933,338,4030,2891,1139,1995,1568,427,2654,1948,706,1771,1269,502,1060,812,248,280,240,40,258,218,40,28.6663433,77.067959
NCT OF DELHI,Urban,West Delhi,No travel,116897,92416,24481,116897,92416,24481,0,0,0,0,0,0,0,0,0,0,0,0,0,0,0,0,0,0,0,0,0,0,0,0,28.6663433,77.067959
NCT OF DELHI,Total,North West Delhi,All Modes,1127927,971619,156308,143954,112907,31047,180951,152836,28115,302660,262662,39998,210174,186623,23551,161599,144095,17504,66537,58597,7940,47663,41014,6649,9357,8423,934,5032,4462,570,28.7186211,77.0685134
NCT OF DELHI,Total,North West Delhi,On foot,270671,225953,44718,0,0,0,146807,122195,24612,100936,84832,16104,22928,18926,4002,0,0,0,0,0,0,0,0,0,0,0,0,0,0,0,28.7186211,77.0685134
NCT OF DELHI,Total,North West Delhi,Bicycle,115902,113241,2661,0,0,0,7715,7493,222,62003,60425,1578,30974,30443,531,10925,10738,187,4285,4142,143,0,0,0,0,0,0,0,0,0,28.7186211,77.0685134
NCT OF DELHI,Total,North West Delhi,Moped/Scooter/Motor Cycle,135592,130897,4695,0,0,0,10869,10432,437,41726,39735,1991,35990,34885,1105,30059,29364,695,9391,9180,211,5463,5312,151,1022,975,47,1072,1014,58,28.7186211,77.0685134
NCT OF DELHI,Total,North West Delhi,Car/Jeep/Van,122179,104400,17779,0,0,0,5877,4960,917,25061,20450,4611,27972,24435,3537,31204,27476,3728,14407,12321,2086,14592,12051,2541,2076,1833,243,990,874,116,28.7186211,77.0685134
NCT OF DELHI,Total,North West Delhi,Tempo/Autorickshaw/Taxi,20789,16520,4269,0,0,0,1732,1409,323,5953,4005,1948,4127,3406,721,3128,2678,450,1907,1650,257,2850,2356,494,628,582,46,464,434,30,28.7186211,77.0685134
NCT OF DELHI,Total,North West Delhi,Bus,261240,219941,41299,0,0,0,5456,4353,1103,58955,46790,12165,79709,67371,12338,67966,58682,9284,27059,23486,3573,17189,14995,2194,3233,2849,384,1673,1415,258,28.7186211,77.0685134
NCT OF DELHI,Total,North West Delhi,Train,41263,34413,6850,0,0,0,920,749,171,2809,2308,501,5593,4629,964,15281,12647,2634,8095,6739,1356,6149,5168,981,2028,1842,186,388,331,57,28.7186211,77.0685134
NCT OF DELHI,Total,North West Delhi,Water transport,568,492,76,0,0,0,69,56,13,105,90,15,124,113,11,119,99,20,47,42,5,29,27,2,25,25,0,50,40,10,28.7186211,77.0685134
NCT OF DELHI,Total,North West Delhi,Any other,15769,12855,2914,0,0,0,1506,1189,317,5112,4027,1085,2757,2415,342,2917,2411,506,1346,1037,309,1391,1105,286,345,317,28,395,354,41,28.7186211,77.0685134
NCT OF DELHI,Total,North West Delhi,No travel,143954,112907,31047,143954,112907,31047,0,0,0,0,0,0,0,0,0,0,0,0,0,0,0,0,0,0,0,0,0,0,0,0,28.7186211,77.0685134
NCT OF DELHI,Rural,North West Delhi,All Modes,54657,47163,7494,7560,5963,1597,6647,5484,1163,13654,11513,2141,8544,7634,910,7782,6944,838,4970,4572,398,4546,4167,379,755,704,51,199,182,17,28.7186211,77.0685134
NCT OF DELHI,Rural,North West Delhi,On foot,13332,10646,2686,0,0,0,5629,4548,1081,6174,4842,1332,1529,1256,273,0,0,0,0,0,0,0,0,0,0,0,0,0,0,0,28.7186211,77.0685134
NCT OF DELHI,Rural,North West Delhi,Bicycle,5948,5700,248,0,0,0,406,391,15,3268,3093,175,1554,1508,46,463,454,9,257,254,3,0,0,0,0,0,0,0,0,0,28.7186211,77.0685134
NCT OF DELHI,Rural,North West Delhi,Moped/Scooter/Motor Cycle,4095,3987,108,0,0,0,168,167,1,1020,968,52,842,820,22,1033,1014,19,534,527,7,411,408,3,62,60,2,25,23,2,28.7186211,77.0685134
NCT OF DELHI,Rural,North West Delhi,Car/Jeep/Van,1541,1379,162,0,0,0,95,84,11,273,223,50,278,259,19,357,324,33,221,201,20,226,204,22,74,68,6,17,16,1,28.7186211,77.0685134
NCT OF DELHI,Rural,North West Delhi,Tempo/Autorickshaw/Taxi,754,705,49,0,0,0,63,57,6,209,187,22,173,161,12,123,117,6,67,67,0,86,84,2,26,25,1,7,7,0,28.7186211,77.0685134
NCT OF DELHI,Rural,North West Delhi,Bus,18112,15936,2176,0,0,0,201,163,38,2419,1941,478,3772,3273,499,4672,4192,480,3311,2988,323,3180,2870,310,434,400,34,123,109,14,28.7186211,77.0685134
NCT OF DELHI,Rural,North West Delhi,Train,2990,2538,452,0,0,0,44,36,8,189,160,29,317,283,34,1086,796,290,554,511,43,638,597,41,139,132,7,23,23,0,28.7186211,77.0685134
NCT OF DELHI,Rural,North West Delhi,Water transport,25,25,0,0,0,0,3,3,0,2,2,0,3,3,0,7,7,0,8,8,0,0,0,0,2,2,0,0,0,0,28.7186211,77.0685134
NCT OF DELHI,Rural,North West Delhi,Any other,300,284,16,0,0,0,38,35,3,100,97,3,76,71,5,41,40,1,18,16,2,5,4,1,18,17,1,4,4,0,28.7186211,77.0685134
NCT OF DELHI,Rural,North West Delhi,No travel,7560,5963,1597,7560,5963,1597,0,0,0,0,0,0,0,0,0,0,0,0,0,0,0,0,0,0,0,0,0,0,0,0,28.7186211,77.0685134
NCT OF DELHI,Urban,North West Delhi,All Modes,1073270,924456,148814,136394,106944,29450,174304,147352,26952,289006,251149,37857,201630,178989,22641,153817,137151,16666,61567,54025,7542,43117,36847,6270,8602,7719,883,4833,4280,553,28.7186211,77.0685134
NCT OF DELHI,Urban,North West Delhi,On foot,257339,215307,42032,0,0,0,141178,117647,23531,94762,79990,14772,21399,17670,3729,0,0,0,0,0,0,0,0,0,0,0,0,0,0,0,28.7186211,77.0685134
NCT OF DELHI,Urban,North West Delhi,Bicycle,109954,107541,2413,0,0,0,7309,7102,207,58735,57332,1403,29420,28935,485,10462,10284,178,4028,3888,140,0,0,0,0,0,0,0,0,0,28.7186211,77.0685134
NCT OF DELHI,Urban,North West Delhi,Moped/Scooter/Motor Cycle,131497,126910,4587,0,0,0,10701,10265,436,40706,38767,1939,35148,34065,1083,29026,28350,676,8857,8653,204,5052,4904,148,960,915,45,1047,991,56,28.7186211,77.0685134
NCT OF DELHI,Urban,North West Delhi,Car/Jeep/Van,120638,103021,17617,0,0,0,5782,4876,906,24788,20227,4561,27694,24176,3518,30847,27152,3695,14186,12120,2066,14366,11847,2519,2002,1765,237,973,858,115,28.7186211,77.0685134
NCT OF DELHI,Urban,North West Delhi,Tempo/Autorickshaw/Taxi,20035,15815,4220,0,0,0,1669,1352,317,5744,3818,1926,3954,3245,709,3005,2561,444,1840,1583,257,2764,2272,492,602,557,45,457,427,30,28.7186211,77.0685134
NCT OF DELHI,Urban,North West Delhi,Bus,243128,204005,39123,0,0,0,5255,4190,1065,56536,44849,11687,75937,64098,11839,63294,54490,8804,23748,20498,3250,14009,12125,1884,2799,2449,350,1550,1306,244,28.7186211,77.0685134
NCT OF DELHI,Urban,North West Delhi,Train,38273,31875,6398,0,0,0,876,713,163,2620,2148,472,5276,4346,930,14195,11851,2344,7541,6228,1313,5511,4571,940,1889,1710,179,365,308,57,28.7186211,77.0685134
NCT OF DELHI,Urban,North West Delhi,Water transport,543,467,76,0,0,0,66,53,13,103,88,15,121,110,11,112,92,20,39,34,5,29,27,2,23,23,0,50,40,10,28.7186211,77.0685134
NCT OF DELHI,Urban,North West Delhi,Any other,15469,12571,2898,0,0,0,1468,1154,314,5012,3930,1082,2681,2344,337,2876,2371,505,1328,1021,307,1386,1101,285,327,300,27,391,350,41,28.7186211,77.0685134
NCT OF DELHI,Urban,North West Delhi,No travel,136394,106944,29450,136394,106944,29450,0,0,0,0,0,0,0,0,0,0,0,0,0,0,0,0,0,0,0,0,0,0,0,0,28.7186211,77.0685134
MADHYA PRADESH,Total,Sehore,All Modes,147837,107594,40243,56619,35800,20819,32684,22669,10015,26461,21644,4817,16047,13130,2917,5393,4868,525,3485,3183,302,2859,2576,283,1813,1667,146,2476,2057,419,23.205012,77.0850781
MADHYA PRADESH,Total,Sehore,On foot,49236,33693,15543,0,0,0,25819,16554,9265,13323,9522,3801,10094,7617,2477,0,0,0,0,0,0,0,0,0,0,0,0,0,0,0,23.205012,77.0850781
MADHYA PRADESH,Total,Sehore,Bicycle,13632,13065,567,0,0,0,2457,2283,174,6295,6077,218,2282,2242,40,1098,1062,36,1500,1401,99,0,0,0,0,0,0,0,0,0,23.205012,77.0850781
MADHYA PRADESH,Total,Sehore,Moped/Scooter/Motor Cycle,15915,14633,1282,0,0,0,3383,3062,321,5090,4666,424,2072,1961,111,1985,1880,105,761,717,44,910,852,58,296,288,8,1418,1207,211,23.205012,77.0850781
MADHYA PRADESH,Total,Sehore,Car/Jeep/Van,1097,960,137,0,0,0,157,126,31,210,174,36,131,117,14,177,156,21,86,84,2,149,133,16,79,72,7,108,98,10,23.205012,77.0850781
MADHYA PRADESH,Total,Sehore,Tempo/Autorickshaw/Taxi,978,817,161,0,0,0,122,91,31,280,221,59,138,124,14,148,135,13,56,51,5,106,95,11,40,34,6,88,66,22,23.205012,77.0850781
MADHYA PRADESH,Total,Sehore,Bus,8287,6880,1407,0,0,0,396,296,100,958,725,233,1098,876,222,1869,1532,337,1004,859,145,1347,1177,170,1055,953,102,560,462,98,23.205012,77.0850781
MADHYA PRADESH,Total,Sehore,Train,1294,1086,208,0,0,0,206,143,63,163,135,28,69,64,5,39,34,5,56,49,7,287,270,17,246,226,20,228,165,63,23.205012,77.0850781
MADHYA PRADESH,Total,Sehore,Water transport,116,89,27,0,0,0,48,35,13,13,12,1,27,21,6,5,3,2,1,1,0,1,1,0,2,2,0,19,14,5,23.205012,77.0850781
MADHYA PRADESH,Total,Sehore,Any other,663,571,92,0,0,0,96,79,17,129,112,17,136,108,28,72,66,6,21,21,0,59,48,11,95,92,3,55,45,10,23.205012,77.0850781
MADHYA PRADESH,Total,Sehore,No travel,56619,35800,20819,56619,35800,20819,0,0,0,0,0,0,0,0,0,0,0,0,0,0,0,0,0,0,0,0,0,0,0,0,23.205012,77.0850781
MADHYA PRADESH,Rural,Sehore,All Modes,82341,52717,29624,40732,23695,17037,15160,7761,7399,10606,7740,2866,8068,6431,1637,3058,2882,176,1554,1451,103,1142,1055,87,959,894,65,1062,808,254,23.205012,77.0850781
MADHYA PRADESH,Rural,Sehore,On foot,24028,12992,11036,0,0,0,13445,6417,7028,6288,3725,2563,4295,2850,1445,0,0,0,0,0,0,0,0,0,0,0,0,0,0,0,23.205012,77.0850781
MADHYA PRADESH,Rural,Sehore,Bicycle,5473,5186,287,0,0,0,580,474,106,2030,1943,87,1628,1601,27,690,670,20,545,498,47,0,0,0,0,0,0,0,0,0,23.205012,77.0850781
MADHYA PRADESH,Rural,Sehore,Moped/Scooter/Motor Cycle,5892,5404,488,0,0,0,631,511,120,1537,1436,101,1180,1136,44,1110,1063,47,373,358,15,366,343,23,153,148,5,542,409,133,23.205012,77.0850781
MADHYA PRADESH,Rural,Sehore,Car/Jeep/Van,474,421,53,0,0,0,57,39,18,72,62,10,82,76,6,84,76,8,41,41,0,68,65,3,36,34,2,34,28,6,23.205012,77.0850781
MADHYA PRADESH,Rural,Sehore,Tempo/Autorickshaw/Taxi,293,275,18,0,0,0,30,27,3,48,47,1,42,42,0,76,70,6,19,18,1,21,21,0,17,17,0,40,33,7,23.205012,77.0850781
MADHYA PRADESH,Rural,Sehore,Bus,4527,4044,483,0,0,0,224,174,50,520,439,81,690,610,80,1042,952,90,555,516,39,608,560,48,628,577,51,260,216,44,23.205012,77.0850781
MADHYA PRADESH,Rural,Sehore,Train,489,362,127,0,0,0,127,76,51,58,45,13,24,21,3,17,17,0,12,11,1,31,29,2,81,76,5,139,87,52,23.205012,77.0850781
MADHYA PRADESH,Rural,Sehore,Water transport,79,56,23,0,0,0,30,18,12,5,4,1,26,20,6,0,0,0,0,0,0,1,1,0,2,2,0,15,11,4,23.205012,77.0850781
MADHYA PRADESH,Rural,Sehore,Any other,354,282,72,0,0,0,36,25,11,48,39,9,101,75,26,39,34,5,9,9,0,47,36,11,42,40,2,32,24,8,23.205012,77.0850781
MADHYA PRADESH,Rural,Sehore,No travel,40732,23695,17037,40732,23695,17037,0,0,0,0,0,0,0,0,0,0,0,0,0,0,0,0,0,0,0,0,0,0,0,0,23.205012,77.0850781
MADHYA PRADESH,Urban,Sehore,All Modes,65496,54877,10619,15887,12105,3782,17524,14908,2616,15855,13904,1951,7979,6699,1280,2335,1986,349,1931,1732,199,1717,1521,196,854,773,81,1414,1249,165,23.205012,77.0850781
MADHYA PRADESH,Urban,Sehore,On foot,25208,20701,4507,0,0,0,12374,10137,2237,7035,5797,1238,5799,4767,1032,0,0,0,0,0,0,0,0,0,0,0,0,0,0,0,23.205012,77.0850781
MADHYA PRADESH,Urban,Sehore,Bicycle,8159,7879,280,0,0,0,1877,1809,68,4265,4134,131,654,641,13,408,392,16,955,903,52,0,0,0,0,0,0,0,0,0,23.205012,77.0850781
MADHYA PRADESH,Urban,Sehore,Moped/Scooter/Motor Cycle,10023,9229,794,0,0,0,2752,2551,201,3553,3230,323,892,825,67,875,817,58,388,359,29,544,509,35,143,140,3,876,798,78,23.205012,77.0850781
MADHYA PRADESH,Urban,Sehore,Car/Jeep/Van,623,539,84,0,0,0,100,87,13,138,112,26,49,41,8,93,80,13,45,43,2,81,68,13,43,38,5,74,70,4,23.205012,77.0850781
MADHYA PRADESH,Urban,Sehore,Tempo/Autorickshaw/Taxi,685,542,143,0,0,0,92,64,28,232,174,58,96,82,14,72,65,7,37,33,4,85,74,11,23,17,6,48,33,15,23.205012,77.0850781
MADHYA PRADESH,Urban,Sehore,Bus,3760,2836,924,0,0,0,172,122,50,438,286,152,408,266,142,827,580,247,449,343,106,739,617,122,427,376,51,300,246,54,23.205012,77.0850781
MADHYA PRADESH,Urban,Sehore,Train,805,724,81,0,0,0,79,67,12,105,90,15,45,43,2,22,17,5,44,38,6,256,241,15,165,150,15,89,78,11,23.205012,77.0850781
MADHYA PRADESH,Urban,Sehore,Water transport,37,33,4,0,0,0,18,17,1,8,8,0,1,1,0,5,3,2,1,1,0,0,0,0,0,0,0,4,3,1,23.205012,77.0850781
MADHYA PRADESH,Urban,Sehore,Any other,309,289,20,0,0,0,60,54,6,81,73,8,35,33,2,33,32,1,12,12,0,12,12,0,53,52,1,23,21,2,23.205012,77.0850781
MADHYA PRADESH,Urban,Sehore,No travel,15887,12105,3782,15887,12105,3782,0,0,0,0,0,0,0,0,0,0,0,0,0,0,0,0,0,0,0,0,0,0,0,0,23.205012,77.0850781
MADHYA PRADESH,Total,Harda,All Modes,55245,44589,10656,22061,16283,5778,10554,8746,1808,10590,9001,1589,5580,4715,865,2149,1932,217,1480,1381,99,953,882,71,705,647,58,1173,1002,171,22.3355446,77.0996085
MADHYA PRADESH,Total,Harda,On foot,15860,12500,3360,0,0,0,7492,5955,1537,5300,4118,1182,3068,2427,641,0,0,0,0,0,0,0,0,0,0,0,0,0,0,0,22.3355446,77.0996085
MADHYA PRADESH,Total,Harda,Bicycle,4893,4723,170,0,0,0,859,818,41,2430,2348,82,620,607,13,289,282,7,695,668,27,0,0,0,0,0,0,0,0,0,22.3355446,77.0996085
MADHYA PRADESH,Total,Harda,Moped/Scooter/Motor Cycle,7651,7001,650,0,0,0,1793,1633,160,2183,1989,194,970,894,76,939,883,56,369,350,19,430,407,23,161,155,6,806,690,116,22.3355446,77.0996085
MADHYA PRADESH,Total,Harda,Car/Jeep/Van,295,260,35,0,0,0,55,47,8,65,54,11,28,24,4,29,25,4,21,20,1,34,29,5,34,34,0,29,27,2,22.3355446,77.0996085
MADHYA PRADESH,Total,Harda,Tempo/Autorickshaw/Taxi,462,393,69,0,0,0,67,50,17,113,94,19,99,89,10,46,42,4,21,18,3,31,28,3,19,18,1,66,54,12,22.3355446,77.0996085
MADHYA PRADESH,Total,Harda,Bus,2566,2154,412,0,0,0,123,95,28,294,217,77,643,558,85,661,551,110,295,253,42,269,239,30,174,148,26,107,93,14,22.3355446,77.0996085
MADHYA PRADESH,Total,Harda,Train,910,838,72,0,0,0,101,92,9,88,77,11,42,38,4,61,56,5,48,45,3,157,150,7,295,272,23,118,108,10,22.3355446,77.0996085
MADHYA PRADESH,Total,Harda,Water transport,213,135,78,0,0,0,12,9,3,44,36,8,75,45,30,58,29,29,8,4,4,5,3,2,0,0,0,11,9,2,22.3355446,77.0996085
MADHYA PRADESH,Total,Harda,Any other,334,302,32,0,0,0,52,47,5,73,68,5,35,33,2,66,64,2,23,23,0,27,26,1,22,20,2,36,21,15,22.3355446,77.0996085
MADHYA PRADESH,Total,Harda,No travel,22061,16283,5778,22061,16283,5778,0,0,0,0,0,0,0,0,0,0,0,0,0,0,0,0,0,0,0,0,0,0,0,0,22.3355446,77.0996085
MADHYA PRADESH,Rural,Harda,All Modes,25305,19214,6091,12866,9013,3853,2685,1932,753,4239,3460,779,2955,2494,461,1130,1040,90,554,513,41,336,310,26,229,207,22,311,245,66,22.3355446,77.0996085
MADHYA PRADESH,Rural,Harda,On foot,5681,4025,1656,0,0,0,2160,1473,687,2275,1641,634,1246,911,335,0,0,0,0,0,0,0,0,0,0,0,0,0,0,0,22.3355446,77.0996085
MADHYA PRADESH,Rural,Harda,Bicycle,1949,1850,99,0,0,0,159,136,23,965,917,48,453,443,10,184,179,5,188,175,13,0,0,0,0,0,0,0,0,0,22.3355446,77.0996085
MADHYA PRADESH,Rural,Harda,Moped/Scooter/Motor Cycle,2458,2280,178,0,0,0,234,216,18,701,651,50,578,535,43,416,396,20,151,147,4,140,135,5,61,58,3,177,142,35,22.3355446,77.0996085
MADHYA PRADESH,Rural,Harda,Car/Jeep/Van,103,89,14,0,0,0,14,10,4,26,22,4,14,11,3,12,11,1,7,6,1,11,11,0,9,9,0,10,9,1,22.3355446,77.0996085
MADHYA PRADESH,Rural,Harda,Tempo/Autorickshaw/Taxi,160,144,16,0,0,0,13,10,3,24,21,3,69,64,5,14,14,0,7,7,0,10,10,0,5,5,0,18,13,5,22.3355446,77.0996085
MADHYA PRADESH,Rural,Harda,Bus,1434,1290,144,0,0,0,52,44,8,134,109,25,483,451,32,359,326,33,158,141,17,126,113,13,81,67,14,41,39,2,22.3355446,77.0996085
MADHYA PRADESH,Rural,Harda,Train,243,217,26,0,0,0,33,29,4,36,33,3,17,15,2,24,23,1,14,12,2,29,24,5,63,60,3,27,21,6,22.3355446,77.0996085
MADHYA PRADESH,Rural,Harda,Water transport,207,129,78,0,0,0,10,7,3,44,36,8,75,45,30,58,29,29,8,4,4,4,2,2,0,0,0,8,6,2,22.3355446,77.0996085
MADHYA PRADESH,Rural,Harda,Any other,204,177,27,0,0,0,10,7,3,34,30,4,20,19,1,63,62,1,21,21,0,16,15,1,10,8,2,30,15,15,22.3355446,77.0996085
MADHYA PRADESH,Rural,Harda,No travel,12866,9013,3853,12866,9013,3853,0,0,0,0,0,0,0,0,0,0,0,0,0,0,0,0,0,0,0,0,0,0,0,0,22.3355446,77.0996085
MADHYA PRADESH,Urban,Harda,All Modes,29940,25375,4565,9195,7270,1925,7869,6814,1055,6351,5541,810,2625,2221,404,1019,892,127,926,868,58,617,572,45,476,440,36,862,757,105,22.3355446,77.0996085
MADHYA PRADESH,Urban,Harda,On foot,10179,8475,1704,0,0,0,5332,4482,850,3025,2477,548,1822,1516,306,0,0,0,0,0,0,0,0,0,0,0,0,0,0,0,22.3355446,77.0996085
MADHYA PRADESH,Urban,Harda,Bicycle,2944,2873,71,0,0,0,700,682,18,1465,1431,34,167,164,3,105,103,2,507,493,14,0,0,0,0,0,0,0,0,0,22.3355446,77.0996085
MADHYA PRADESH,Urban,Harda,Moped/Scooter/Motor Cycle,5193,4721,472,0,0,0,1559,1417,142,1482,1338,144,392,359,33,523,487,36,218,203,15,290,272,18,100,97,3,629,548,81,22.3355446,77.0996085
MADHYA PRADESH,Urban,Harda,Car/Jeep/Van,192,171,21,0,0,0,41,37,4,39,32,7,14,13,1,17,14,3,14,14,0,23,18,5,25,25,0,19,18,1,22.3355446,77.0996085
MADHYA PRADESH,Urban,Harda,Tempo/Autorickshaw/Taxi,302,249,53,0,0,0,54,40,14,89,73,16,30,25,5,32,28,4,14,11,3,21,18,3,14,13,1,48,41,7,22.3355446,77.0996085
MADHYA PRADESH,Urban,Harda,Bus,1132,864,268,0,0,0,71,51,20,160,108,52,160,107,53,302,225,77,137,112,25,143,126,17,93,81,12,66,54,12,22.3355446,77.0996085
MADHYA PRADESH,Urban,Harda,Train,667,621,46,0,0,0,68,63,5,52,44,8,25,23,2,37,33,4,34,33,1,128,126,2,232,212,20,91,87,4,22.3355446,77.0996085
MADHYA PRADESH,Urban,Harda,Water transport,6,6,0,0,0,0,2,2,0,0,0,0,0,0,0,0,0,0,0,0,0,1,1,0,0,0,0,3,3,0,22.3355446,77.0996085
MADHYA PRADESH,Urban,Harda,Any other,130,125,5,0,0,0,42,40,2,39,38,1,15,14,1,3,2,1,2,2,0,11,11,0,12,12,0,6,6,0,22.3355446,77.0996085
MADHYA PRADESH,Urban,Harda,No travel,9195,7270,1925,9195,7270,1925,0,0,0,0,0,0,0,0,0,0,0,0,0,0,0,0,0,0,0,0,0,0,0,0,22.3355446,77.0996085
HIMACHAL PRADESH,Total,Solan,All Modes,142218,115581,26637,38683,27888,10795,35046,28536,6510,31315,26504,4811,16679,14543,2136,8326,7266,1060,3759,3285,474,4485,4026,459,3112,2831,281,813,702,111,30.9084245,77.0999031
HIMACHAL PRADESH,Total,Solan,On foot,56434,46686,9748,0,0,0,31717,25675,6042,17611,14838,2773,7106,6173,933,0,0,0,0,0,0,0,0,0,0,0,0,0,0,0,30.9084245,77.0999031
HIMACHAL PRADESH,Total,Solan,Bicycle,1766,1660,106,0,0,0,262,235,27,899,853,46,328,319,9,108,103,5,169,150,19,0,0,0,0,0,0,0,0,0,30.9084245,77.0999031
HIMACHAL PRADESH,Total,Solan,Moped/Scooter/Motor Cycle,8428,8018,410,0,0,0,1110,1046,64,3698,3490,208,1611,1553,58,1019,983,36,381,369,12,309,302,7,126,118,8,174,157,17,30.9084245,77.0999031
HIMACHAL PRADESH,Total,Solan,Car/Jeep/Van,4953,4345,608,0,0,0,733,599,134,1829,1619,210,724,655,69,585,527,58,275,235,40,396,353,43,304,261,43,107,96,11,30.9084245,77.0999031
HIMACHAL PRADESH,Total,Solan,Tempo/Autorickshaw/Taxi,1115,918,197,0,0,0,108,89,19,427,321,106,233,210,23,111,98,13,67,56,11,70,61,9,62,52,10,37,31,6,30.9084245,77.0999031
HIMACHAL PRADESH,Total,Solan,Bus,29940,25225,4715,0,0,0,1017,801,216,6722,5273,1449,6537,5499,1038,6338,5395,943,2804,2416,388,3635,3237,398,2451,2238,213,436,366,70,30.9084245,77.0999031
HIMACHAL PRADESH,Total,Solan,Train,323,292,31,0,0,0,33,28,5,45,37,8,26,24,2,30,29,1,37,34,3,11,9,2,111,106,5,30,25,5,30.9084245,77.0999031
HIMACHAL PRADESH,Total,Solan,Water transport,53,46,7,0,0,0,8,8,0,4,2,2,12,10,2,15,15,0,3,2,1,3,3,0,3,2,1,5,4,1,30.9084245,77.0999031
HIMACHAL PRADESH,Total,Solan,Any other,523,503,20,0,0,0,58,55,3,80,71,9,102,100,2,120,116,4,23,23,0,61,61,0,55,54,1,24,23,1,30.9084245,77.0999031
HIMACHAL PRADESH,Total,Solan,No travel,38683,27888,10795,38683,27888,10795,0,0,0,0,0,0,0,0,0,0,0,0,0,0,0,0,0,0,0,0,0,0,0,0,30.9084245,77.0999031
HIMACHAL PRADESH,Rural,Solan,All Modes,98822,79865,18957,28364,19715,8649,19886,15685,4201,21068,17999,3069,12413,11013,1400,6939,6189,750,3181,2875,306,3704,3394,310,2663,2461,202,604,534,70,30.9084245,77.0999031
HIMACHAL PRADESH,Rural,Solan,On foot,35005,28493,6512,0,0,0,17973,13978,3995,12558,10562,1996,4474,3953,521,0,0,0,0,0,0,0,0,0,0,0,0,0,0,0,30.9084245,77.0999031
HIMACHAL PRADESH,Rural,Solan,Bicycle,1392,1317,75,0,0,0,191,171,20,687,657,30,270,265,5,100,95,5,144,129,15,0,0,0,0,0,0,0,0,0,30.9084245,77.0999031
HIMACHAL PRADESH,Rural,Solan,Moped/Scooter/Motor Cycle,5765,5546,219,0,0,0,577,551,26,2132,2037,95,1335,1293,42,904,876,28,350,339,11,259,254,5,97,91,6,111,105,6,30.9084245,77.0999031
HIMACHAL PRADESH,Rural,Solan,Car/Jeep/Van,2732,2459,273,0,0,0,297,260,37,835,762,73,506,460,46,431,393,38,168,148,20,229,206,23,211,182,29,55,48,7,30.9084245,77.0999031
HIMACHAL PRADESH,Rural,Solan,Tempo/Autorickshaw/Taxi,640,594,46,0,0,0,50,47,3,186,162,24,181,172,9,72,70,2,50,46,4,41,39,2,38,37,1,22,21,1,30.9084245,77.0999031
HIMACHAL PRADESH,Rural,Solan,Bus,24149,21003,3146,0,0,0,738,623,115,4572,3729,843,5517,4745,772,5269,4596,673,2412,2159,253,3105,2827,278,2166,2006,160,370,318,52,30.9084245,77.0999031
HIMACHAL PRADESH,Rural,Solan,Train,251,235,16,0,0,0,18,15,3,24,23,1,23,21,2,28,28,0,31,29,2,9,7,2,97,93,4,21,19,2,30.9084245,77.0999031
HIMACHAL PRADESH,Rural,Solan,Water transport,47,40,7,0,0,0,6,6,0,4,2,2,10,8,2,15,15,0,3,2,1,2,2,0,3,2,1,4,3,1,30.9084245,77.0999031
HIMACHAL PRADESH,Rural,Solan,Any other,477,463,14,0,0,0,36,34,2,70,65,5,97,96,1,120,116,4,23,23,0,59,59,0,51,50,1,21,20,1,30.9084245,77.0999031
HIMACHAL PRADESH,Rural,Solan,No travel,28364,19715,8649,28364,19715,8649,0,0,0,0,0,0,0,0,0,0,0,0,0,0,0,0,0,0,0,0,0,0,0,0,30.9084245,77.0999031
HIMACHAL PRADESH,Urban,Solan,All Modes,43396,35716,7680,10319,8173,2146,15160,12851,2309,10247,8505,1742,4266,3530,736,1387,1077,310,578,410,168,781,632,149,449,370,79,209,168,41,30.9084245,77.0999031
HIMACHAL PRADESH,Urban,Solan,On foot,21429,18193,3236,0,0,0,13744,11697,2047,5053,4276,777,2632,2220,412,0,0,0,0,0,0,0,0,0,0,0,0,0,0,0,30.9084245,77.0999031
HIMACHAL PRADESH,Urban,Solan,Bicycle,374,343,31,0,0,0,71,64,7,212,196,16,58,54,4,8,8,0,25,21,4,0,0,0,0,0,0,0,0,0,30.9084245,77.0999031
HIMACHAL PRADESH,Urban,Solan,Moped/Scooter/Motor Cycle,2663,2472,191,0,0,0,533,495,38,1566,1453,113,276,260,16,115,107,8,31,30,1,50,48,2,29,27,2,63,52,11,30.9084245,77.0999031
HIMACHAL PRADESH,Urban,Solan,Car/Jeep/Van,2221,1886,335,0,0,0,436,339,97,994,857,137,218,195,23,154,134,20,107,87,20,167,147,20,93,79,14,52,48,4,30.9084245,77.0999031
HIMACHAL PRADESH,Urban,Solan,Tempo/Autorickshaw/Taxi,475,324,151,0,0,0,58,42,16,241,159,82,52,38,14,39,28,11,17,10,7,29,22,7,24,15,9,15,10,5,30.9084245,77.0999031
HIMACHAL PRADESH,Urban,Solan,Bus,5791,4222,1569,0,0,0,279,178,101,2150,1544,606,1020,754,266,1069,799,270,392,257,135,530,410,120,285,232,53,66,48,18,30.9084245,77.0999031
HIMACHAL PRADESH,Urban,Solan,Train,72,57,15,0,0,0,15,13,2,21,14,7,3,3,0,2,1,1,6,5,1,2,2,0,14,13,1,9,6,3,30.9084245,77.0999031
HIMACHAL PRADESH,Urban,Solan,Water transport,6,6,0,0,0,0,2,2,0,0,0,0,2,2,0,0,0,0,0,0,0,1,1,0,0,0,0,1,1,0,30.9084245,77.0999031
HIMACHAL PRADESH,Urban,Solan,Any other,46,40,6,0,0,0,22,21,1,10,6,4,5,4,1,0,0,0,0,0,0,2,2,0,4,4,0,3,3,0,30.9084245,77.0999031
HIMACHAL PRADESH,Urban,Solan,No travel,10319,8173,2146,10319,8173,2146,0,0,0,0,0,0,0,0,0,0,0,0,0,0,0,0,0,0,0,0,0,0,0,0,30.9084245,77.0999031
KERALA,Total,Idukki,All Modes,262860,170588,92272,75783,46303,29480,47089,28467,18622,68684,43656,25028,32612,22998,9614,14233,10391,3842,6418,4872,1546,5387,4152,1235,10812,8342,2470,1842,1407,435,9.9188973,77.1024902
KERALA,Total,Idukki,On foot,91180,51276,39904,0,0,0,41864,24160,17704,39207,21093,18114,10109,6023,4086,0,0,0,0,0,0,0,0,0,0,0,0,0,0,0,9.9188973,77.1024902
KERALA,Total,Idukki,Bicycle,1518,1359,159,0,0,0,171,149,22,891,801,90,275,253,22,73,68,5,108,88,20,0,0,0,0,0,0,0,0,0,9.9188973,77.1024902
KERALA,Total,Idukki,Moped/Scooter/Motor Cycle,12248,11432,816,0,0,0,1277,1191,86,5383,4986,397,2603,2424,179,1633,1540,93,566,541,25,323,313,10,269,256,13,194,181,13,9.9188973,77.1024902
KERALA,Total,Idukki,Car/Jeep/Van,10525,8616,1909,0,0,0,1067,904,163,4018,3195,823,2853,2297,556,1134,934,200,508,438,70,375,344,31,401,356,45,169,148,21,9.9188973,77.1024902
KERALA,Total,Idukki,Tempo/Autorickshaw/Taxi,8437,7254,1183,0,0,0,1068,974,94,4809,4029,780,1610,1374,236,430,395,35,157,145,12,94,89,5,105,96,9,164,152,12,9.9188973,77.1024902
KERALA,Total,Idukki,Bus,60871,42723,18148,0,0,0,1518,989,529,14187,9396,4791,15023,10511,4512,10880,7390,3490,5034,3621,1413,4520,3348,1172,8901,6866,2035,808,602,206,9.9188973,77.1024902
KERALA,Total,Idukki,Train,1393,909,484,0,0,0,46,33,13,75,50,25,70,47,23,39,26,13,18,15,3,34,24,10,914,600,314,197,114,83,9.9188973,77.1024902
KERALA,Total,Idukki,Water transport,47,41,6,0,0,0,2,1,1,10,8,2,6,6,0,5,5,0,2,2,0,2,1,1,15,13,2,5,5,0,9.9188973,77.1024902
KERALA,Total,Idukki,Any other,858,675,183,0,0,0,76,66,10,104,98,6,63,63,0,39,33,6,25,22,3,39,33,6,207,155,52,305,205,100,9.9188973,77.1024902
KERALA,Total,Idukki,No travel,75783,46303,29480,75783,46303,29480,0,0,0,0,0,0,0,0,0,0,0,0,0,0,0,0,0,0,0,0,0,0,0,0,9.9188973,77.1024902
KERALA,Rural,Idukki,All Modes,247239,158833,88406,71807,43392,28415,45190,27048,18142,63351,39519,23832,30675,21530,9145,13458,9874,3584,6089,4640,1449,5086,3921,1165,9923,7656,2267,1660,1253,407,9.9188973,77.1024902
KERALA,Rural,Idukki,On foot,88709,49576,39133,0,0,0,40592,23286,17306,38271,20457,17814,9846,5833,4013,0,0,0,0,0,0,0,0,0,0,0,0,0,0,0,9.9188973,77.1024902
KERALA,Rural,Idukki,Bicycle,1183,1058,125,0,0,0,145,124,21,662,597,65,222,206,16,64,59,5,90,72,18,0,0,0,0,0,0,0,0,0,9.9188973,77.1024902
KERALA,Rural,Idukki,Moped/Scooter/Motor Cycle,9947,9304,643,0,0,0,1015,952,63,4011,3725,286,2226,2073,153,1495,1410,85,524,499,25,292,282,10,238,227,11,146,136,10,9.9188973,77.1024902
KERALA,Rural,Idukki,Car/Jeep/Van,9621,7863,1758,0,0,0,959,818,141,3587,2835,752,2649,2131,518,1067,876,191,490,422,68,353,325,28,361,320,41,155,136,19,9.9188973,77.1024902
KERALA,Rural,Idukki,Tempo/Autorickshaw/Taxi,7632,6563,1069,0,0,0,982,895,87,4337,3630,707,1465,1250,215,397,367,30,143,133,10,85,81,4,83,77,6,140,130,10,9.9188973,77.1024902
KERALA,Rural,Idukki,Bus,56230,39602,16628,0,0,0,1390,886,504,12313,8137,4176,14146,9937,4209,10359,7103,3256,4797,3475,1322,4282,3176,1106,8191,6330,1861,752,558,194,9.9188973,77.1024902
KERALA,Rural,Idukki,Train,1294,835,459,0,0,0,39,28,11,72,47,25,61,40,21,35,24,11,18,15,3,34,24,10,848,551,297,187,106,81,9.9188973,77.1024902
KERALA,Rural,Idukki,Water transport,45,39,6,0,0,0,2,1,1,9,7,2,6,6,0,5,5,0,2,2,0,2,1,1,15,13,2,4,4,0,9.9188973,77.1024902
KERALA,Rural,Idukki,Any other,771,601,170,0,0,0,66,58,8,89,84,5,54,54,0,36,30,6,25,22,3,38,32,6,187,138,49,276,183,93,9.9188973,77.1024902
KERALA,Rural,Idukki,No travel,71807,43392,28415,71807,43392,28415,0,0,0,0,0,0,0,0,0,0,0,0,0,0,0,0,0,0,0,0,0,0,0,0,9.9188973,77.1024902
KERALA,Urban,Idukki,All Modes,15621,11755,3866,3976,2911,1065,1899,1419,480,5333,4137,1196,1937,1468,469,775,517,258,329,232,97,301,231,70,889,686,203,182,154,28,9.9188973,77.1024902
KERALA,Urban,Idukki,On foot,2471,1700,771,0,0,0,1272,874,398,936,636,300,263,190,73,0,0,0,0,0,0,0,0,0,0,0,0,0,0,0,9.9188973,77.1024902
KERALA,Urban,Idukki,Bicycle,335,301,34,0,0,0,26,25,1,229,204,25,53,47,6,9,9,0,18,16,2,0,0,0,0,0,0,0,0,0,9.9188973,77.1024902
KERALA,Urban,Idukki,Moped/Scooter/Motor Cycle,2301,2128,173,0,0,0,262,239,23,1372,1261,111,377,351,26,138,130,8,42,42,0,31,31,0,31,29,2,48,45,3,9.9188973,77.1024902
KERALA,Urban,Idukki,Car/Jeep/Van,904,753,151,0,0,0,108,86,22,431,360,71,204,166,38,67,58,9,18,16,2,22,19,3,40,36,4,14,12,2,9.9188973,77.1024902
KERALA,Urban,Idukki,Tempo/Autorickshaw/Taxi,805,691,114,0,0,0,86,79,7,472,399,73,145,124,21,33,28,5,14,12,2,9,8,1,22,19,3,24,22,2,9.9188973,77.1024902
KERALA,Urban,Idukki,Bus,4641,3121,1520,0,0,0,128,103,25,1874,1259,615,877,574,303,521,287,234,237,146,91,238,172,66,710,536,174,56,44,12,9.9188973,77.1024902
KERALA,Urban,Idukki,Train,99,74,25,0,0,0,7,5,2,3,3,0,9,7,2,4,2,2,0,0,0,0,0,0,66,49,17,10,8,2,9.9188973,77.1024902
KERALA,Urban,Idukki,Water transport,2,2,0,0,0,0,0,0,0,1,1,0,0,0,0,0,0,0,0,0,0,0,0,0,0,0,0,1,1,0,9.9188973,77.1024902
KERALA,Urban,Idukki,Any other,87,74,13,0,0,0,10,8,2,15,14,1,9,9,0,3,3,0,0,0,0,1,1,0,20,17,3,29,22,7,9.9188973,77.1024902
KERALA,Urban,Idukki,No travel,3976,2911,1065,3976,2911,1065,0,0,0,0,0,0,0,0,0,0,0,0,0,0,0,0,0,0,0,0,0,0,0,0,9.9188973,77.1024902
HIMACHAL PRADESH,Total,Kullu,All Modes,56864,43146,13718,20812,15056,5756,10413,7559,2854,10666,8447,2219,8122,6320,1802,2687,2184,503,1160,990,170,981,861,120,1382,1207,175,641,522,119,31.957851,77.1094597
HIMACHAL PRADESH,Total,Kullu,On foot,19689,14674,5015,0,0,0,9183,6541,2642,6106,4769,1337,4400,3364,1036,0,0,0,0,0,0,0,0,0,0,0,0,0,0,0,31.957851,77.1094597
HIMACHAL PRADESH,Total,Kullu,Bicycle,301,242,59,0,0,0,46,33,13,89,76,13,46,37,9,23,18,5,97,78,19,0,0,0,0,0,0,0,0,0,31.957851,77.1094597
HIMACHAL PRADESH,Total,Kullu,Moped/Scooter/Motor Cycle,1560,1424,136,0,0,0,228,204,24,487,457,30,299,285,14,172,161,11,60,58,2,50,44,6,96,80,16,168,135,33,31.957851,77.1094597
HIMACHAL PRADESH,Total,Kullu,Car/Jeep/Van,2495,2248,247,0,0,0,335,295,40,860,770,90,443,399,44,311,274,37,160,147,13,171,163,8,138,132,6,77,68,9,31.957851,77.1094597
HIMACHAL PRADESH,Total,Kullu,Tempo/Autorickshaw/Taxi,462,400,62,0,0,0,57,46,11,170,145,25,81,72,9,58,49,9,10,10,0,12,12,0,29,27,2,45,39,6,31.957851,77.1094597
HIMACHAL PRADESH,Total,Kullu,Bus,11141,8793,2348,0,0,0,501,393,108,2888,2178,710,2763,2100,663,2074,1644,430,830,695,135,733,627,106,1058,918,140,294,238,56,31.957851,77.1094597
HIMACHAL PRADESH,Total,Kullu,Train,186,146,40,0,0,0,31,25,6,25,17,8,23,18,5,19,15,4,2,2,0,8,8,0,35,30,5,43,31,12,31.957851,77.1094597
HIMACHAL PRADESH,Total,Kullu,Water transport,23,17,6,0,0,0,6,3,3,1,0,1,8,6,2,2,2,0,0,0,0,1,1,0,2,2,0,3,3,0,31.957851,77.1094597
HIMACHAL PRADESH,Total,Kullu,Any other,195,146,49,0,0,0,26,19,7,40,35,5,59,39,20,28,21,7,1,0,1,6,6,0,24,18,6,11,8,3,31.957851,77.1094597
HIMACHAL PRADESH,Total,Kullu,No travel,20812,15056,5756,20812,15056,5756,0,0,0,0,0,0,0,0,0,0,0,0,0,0,0,0,0,0,0,0,0,0,0,0,31.957851,77.1094597
HIMACHAL PRADESH,Rural,Kullu,All Modes,42116,31763,10353,15415,10808,4607,6257,4341,1916,8515,6825,1690,6335,4982,1353,2247,1895,352,964,841,123,698,616,82,1170,1031,139,515,424,91,31.957851,77.1094597
HIMACHAL PRADESH,Rural,Kullu,On foot,13950,10230,3720,0,0,0,5474,3704,1770,4989,3893,1096,3487,2633,854,0,0,0,0,0,0,0,0,0,0,0,0,0,0,0,31.957851,77.1094597
HIMACHAL PRADESH,Rural,Kullu,Bicycle,233,191,42,0,0,0,32,22,10,67,58,9,41,34,7,19,16,3,74,61,13,0,0,0,0,0,0,0,0,0,31.957851,77.1094597
HIMACHAL PRADESH,Rural,Kullu,Moped/Scooter/Motor Cycle,1174,1064,110,0,0,0,127,107,20,366,347,19,230,222,8,150,139,11,48,47,1,39,34,5,84,68,16,130,100,30,31.957851,77.1094597
HIMACHAL PRADESH,Rural,Kullu,Car/Jeep/Van,1674,1525,149,0,0,0,138,121,17,637,580,57,287,261,26,237,212,25,112,104,8,103,97,6,101,96,5,59,54,5,31.957851,77.1094597
HIMACHAL PRADESH,Rural,Kullu,Tempo/Autorickshaw/Taxi,319,287,32,0,0,0,31,24,7,110,97,13,64,60,4,42,38,4,8,8,0,9,9,0,23,22,1,32,29,3,31.957851,77.1094597
HIMACHAL PRADESH,Rural,Kullu,Bus,8990,7381,1609,0,0,0,404,325,79,2285,1801,484,2143,1715,428,1751,1453,298,719,619,100,534,463,71,907,801,106,247,204,43,31.957851,77.1094597
HIMACHAL PRADESH,Rural,Kullu,Train,170,137,33,0,0,0,27,22,5,21,15,6,21,16,5,19,15,4,2,2,0,8,8,0,33,28,5,39,31,8,31.957851,77.1094597
HIMACHAL PRADESH,Rural,Kullu,Water transport,17,13,4,0,0,0,5,3,2,1,0,1,5,4,1,2,2,0,0,0,0,0,0,0,2,2,0,2,2,0,31.957851,77.1094597
HIMACHAL PRADESH,Rural,Kullu,Any other,174,127,47,0,0,0,19,13,6,39,34,5,57,37,20,27,20,7,1,0,1,5,5,0,20,14,6,6,4,2,31.957851,77.1094597
HIMACHAL PRADESH,Rural,Kullu,No travel,15415,10808,4607,15415,10808,4607,0,0,0,0,0,0,0,0,0,0,0,0,0,0,0,0,0,0,0,0,0,0,0,0,31.957851,77.1094597
HIMACHAL PRADESH,Urban,Kullu,All Modes,14748,11383,3365,5397,4248,1149,4156,3218,938,2151,1622,529,1787,1338,449,440,289,151,196,149,47,283,245,38,212,176,36,126,98,28,31.957851,77.1094597
HIMACHAL PRADESH,Urban,Kullu,On foot,5739,4444,1295,0,0,0,3709,2837,872,1117,876,241,913,731,182,0,0,0,0,0,0,0,0,0,0,0,0,0,0,0,31.957851,77.1094597
HIMACHAL PRADESH,Urban,Kullu,Bicycle,68,51,17,0,0,0,14,11,3,22,18,4,5,3,2,4,2,2,23,17,6,0,0,0,0,0,0,0,0,0,31.957851,77.1094597
HIMACHAL PRADESH,Urban,Kullu,Moped/Scooter/Motor Cycle,386,360,26,0,0,0,101,97,4,121,110,11,69,63,6,22,22,0,12,11,1,11,10,1,12,12,0,38,35,3,31.957851,77.1094597
HIMACHAL PRADESH,Urban,Kullu,Car/Jeep/Van,821,723,98,0,0,0,197,174,23,223,190,33,156,138,18,74,62,12,48,43,5,68,66,2,37,36,1,18,14,4,31.957851,77.1094597
HIMACHAL PRADESH,Urban,Kullu,Tempo/Autorickshaw/Taxi,143,113,30,0,0,0,26,22,4,60,48,12,17,12,5,16,11,5,2,2,0,3,3,0,6,5,1,13,10,3,31.957851,77.1094597
HIMACHAL PRADESH,Urban,Kullu,Bus,2151,1412,739,0,0,0,97,68,29,603,377,226,620,385,235,323,191,132,111,76,35,199,164,35,151,117,34,47,34,13,31.957851,77.1094597
HIMACHAL PRADESH,Urban,Kullu,Train,16,9,7,0,0,0,4,3,1,4,2,2,2,2,0,0,0,0,0,0,0,0,0,0,2,2,0,4,0,4,31.957851,77.1094597
HIMACHAL PRADESH,Urban,Kullu,Water transport,6,4,2,0,0,0,1,0,1,0,0,0,3,2,1,0,0,0,0,0,0,1,1,0,0,0,0,1,1,0,31.957851,77.1094597
HIMACHAL PRADESH,Urban,Kullu,Any other,21,19,2,0,0,0,7,6,1,1,1,0,2,2,0,1,1,0,0,0,0,1,1,0,4,4,0,5,4,1,31.957851,77.1094597
HIMACHAL PRADESH,Urban,Kullu,No travel,5397,4248,1149,5397,4248,1149,0,0,0,0,0,0,0,0,0,0,0,0,0,0,0,0,0,0,0,0,0,0,0,0,31.957851,77.1094597
KARNATAKA,Total,Tumkur,All Modes,441927,317504,124423,166579,99380,67199,62254,44748,17506,78456,61762,16694,51533,41496,10037,26934,22505,4429,14864,12378,2486,12918,10882,2036,26240,22469,3771,2149,1884,265,13.3378762,77.117325
KARNATAKA,Total,Tumkur,On foot,90409,60834,29575,0,0,0,46172,30620,15552,30276,20559,9717,13961,9655,4306,0,0,0,0,0,0,0,0,0,0,0,0,0,0,0,13.3378762,77.117325
KARNATAKA,Total,Tumkur,Bicycle,25352,24193,1159,0,0,0,3473,3276,197,13161,12571,590,5516,5322,194,1691,1631,60,1511,1393,118,0,0,0,0,0,0,0,0,0,13.3378762,77.117325
KARNATAKA,Total,Tumkur,Moped/Scooter/Motor Cycle,47639,43962,3677,0,0,0,7882,7322,560,19411,17516,1895,10232,9467,765,5309,5044,265,1928,1875,53,1226,1184,42,914,876,38,737,678,59,13.3378762,77.117325
KARNATAKA,Total,Tumkur,Car/Jeep/Van,5566,4938,628,0,0,0,559,475,84,1237,1066,171,1130,997,133,657,588,69,401,359,42,488,452,36,960,880,80,134,121,13,13.3378762,77.117325
KARNATAKA,Total,Tumkur,Tempo/Autorickshaw/Taxi,16576,13336,3240,0,0,0,1056,801,255,5121,3540,1581,5090,4138,952,2272,2030,242,954,898,56,849,797,52,883,819,64,351,313,38,13.3378762,77.117325
KARNATAKA,Total,Tumkur,Bus,80341,62728,17613,0,0,0,2586,1829,757,8451,5822,2629,14938,11327,3611,16513,12775,3738,9703,7536,2167,9706,7865,1841,17855,15092,2763,589,482,107,13.3378762,77.117325
KARNATAKA,Total,Tumkur,Train,6858,5768,1090,0,0,0,259,196,63,370,319,51,257,224,33,229,190,39,182,142,40,464,404,60,5012,4225,787,85,68,17,13.3378762,77.117325
KARNATAKA,Total,Tumkur,Water transport,181,137,44,0,0,0,25,14,11,24,20,4,39,31,8,20,14,6,9,7,2,8,7,1,44,40,4,12,4,8,13.3378762,77.117325
KARNATAKA,Total,Tumkur,Any other,2426,2228,198,0,0,0,242,215,27,405,349,56,370,335,35,243,233,10,176,168,8,177,173,4,572,537,35,241,218,23,13.3378762,77.117325
KARNATAKA,Total,Tumkur,No travel,166579,99380,67199,166579,99380,67199,0,0,0,0,0,0,0,0,0,0,0,0,0,0,0,0,0,0,0,0,0,0,0,0,13.3378762,77.117325
KARNATAKA,Rural,Tumkur,All Modes,241953,164188,77765,110523,62611,47912,24285,15092,9193,28834,21186,7648,29614,23484,6130,17891,15329,2562,8903,7608,1295,7476,6440,1036,13546,11677,1869,881,761,120,13.3378762,77.117325
KARNATAKA,Rural,Tumkur,On foot,40283,23966,16317,0,0,0,19043,10738,8305,12760,7678,5082,8480,5550,2930,0,0,0,0,0,0,0,0,0,0,0,0,0,0,0,13.3378762,77.117325
KARNATAKA,Rural,Tumkur,Bicycle,10541,10032,509,0,0,0,1203,1118,85,4720,4501,219,2788,2689,99,1065,1025,40,765,699,66,0,0,0,0,0,0,0,0,0,13.3378762,77.117325
KARNATAKA,Rural,Tumkur,Moped/Scooter/Motor Cycle,15059,14141,918,0,0,0,1421,1322,99,4066,3686,380,4163,3918,245,3067,2942,125,1052,1029,23,648,634,14,445,429,16,197,181,16,13.3378762,77.117325
KARNATAKA,Rural,Tumkur,Car/Jeep/Van,2114,1868,246,0,0,0,149,116,33,291,241,50,412,353,59,330,299,31,225,205,20,236,218,18,426,397,29,45,39,6,13.3378762,77.117325
KARNATAKA,Rural,Tumkur,Tempo/Autorickshaw/Taxi,7480,6380,1100,0,0,0,419,326,93,1350,1030,320,2705,2274,431,1445,1292,153,541,513,28,412,392,20,472,435,37,136,118,18,13.3378762,77.117325
KARNATAKA,Rural,Tumkur,Bus,52330,42053,10277,0,0,0,1818,1295,523,5355,3796,1559,10676,8356,2320,11649,9470,2179,6062,4932,1130,5839,4887,952,10582,9024,1558,349,293,56,13.3378762,77.117325
KARNATAKA,Rural,Tumkur,Train,2193,1832,361,0,0,0,108,77,31,133,113,20,135,116,19,120,98,22,102,81,21,225,196,29,1341,1130,211,29,21,8,13.3378762,77.117325
KARNATAKA,Rural,Tumkur,Water transport,71,46,25,0,0,0,13,5,8,2,2,0,19,14,5,11,8,3,4,3,1,3,2,1,10,9,1,9,3,6,13.3378762,77.117325
KARNATAKA,Rural,Tumkur,Any other,1359,1259,100,0,0,0,111,95,16,157,139,18,236,214,22,204,195,9,152,146,6,113,111,2,270,253,17,116,106,10,13.3378762,77.117325
KARNATAKA,Rural,Tumkur,No travel,110523,62611,47912,110523,62611,47912,0,0,0,0,0,0,0,0,0,0,0,0,0,0,0,0,0,0,0,0,0,0,0,0,13.3378762,77.117325
KARNATAKA,Urban,Tumkur,All Modes,199974,153316,46658,56056,36769,19287,37969,29656,8313,49622,40576,9046,21919,18012,3907,9043,7176,1867,5961,4770,1191,5442,4442,1000,12694,10792,1902,1268,1123,145,13.3378762,77.117325
KARNATAKA,Urban,Tumkur,On foot,50126,36868,13258,0,0,0,27129,19882,7247,17516,12881,4635,5481,4105,1376,0,0,0,0,0,0,0,0,0,0,0,0,0,0,0,13.3378762,77.117325
KARNATAKA,Urban,Tumkur,Bicycle,14811,14161,650,0,0,0,2270,2158,112,8441,8070,371,2728,2633,95,626,606,20,746,694,52,0,0,0,0,0,0,0,0,0,13.3378762,77.117325
KARNATAKA,Urban,Tumkur,Moped/Scooter/Motor Cycle,32580,29821,2759,0,0,0,6461,6000,461,15345,13830,1515,6069,5549,520,2242,2102,140,876,846,30,578,550,28,469,447,22,540,497,43,13.3378762,77.117325
KARNATAKA,Urban,Tumkur,Car/Jeep/Van,3452,3070,382,0,0,0,410,359,51,946,825,121,718,644,74,327,289,38,176,154,22,252,234,18,534,483,51,89,82,7,13.3378762,77.117325
KARNATAKA,Urban,Tumkur,Tempo/Autorickshaw/Taxi,9096,6956,2140,0,0,0,637,475,162,3771,2510,1261,2385,1864,521,827,738,89,413,385,28,437,405,32,411,384,27,215,195,20,13.3378762,77.117325
KARNATAKA,Urban,Tumkur,Bus,28011,20675,7336,0,0,0,768,534,234,3096,2026,1070,4262,2971,1291,4864,3305,1559,3641,2604,1037,3867,2978,889,7273,6068,1205,240,189,51,13.3378762,77.117325
KARNATAKA,Urban,Tumkur,Train,4665,3936,729,0,0,0,151,119,32,237,206,31,122,108,14,109,92,17,80,61,19,239,208,31,3671,3095,576,56,47,9,13.3378762,77.117325
KARNATAKA,Urban,Tumkur,Water transport,110,91,19,0,0,0,12,9,3,22,18,4,20,17,3,9,6,3,5,4,1,5,5,0,34,31,3,3,1,2,13.3378762,77.117325
KARNATAKA,Urban,Tumkur,Any other,1067,969,98,0,0,0,131,120,11,248,210,38,134,121,13,39,38,1,24,22,2,64,62,2,302,284,18,125,112,13,13.3378762,77.117325
KARNATAKA,Urban,Tumkur,No travel,56056,36769,19287,56056,36769,19287,0,0,0,0,0,0,0,0,0,0,0,0,0,0,0,0,0,0,0,0,0,0,0,0,13.3378762,77.117325
MAHARASHTRA,Total,Washim,All Modes,86877,69911,16966,34898,24289,10609,15839,13599,2240,19035,16972,2063,6707,5688,1019,3990,3583,407,2429,2220,209,1668,1524,144,1746,1544,202,565,492,73,20.1119123,77.1312586
MAHARASHTRA,Total,Washim,On foot,18933,15355,3578,0,0,0,9996,8166,1830,6455,5302,1153,2482,1887,595,0,0,0,0,0,0,0,0,0,0,0,0,0,0,0,20.1119123,77.1312586
MAHARASHTRA,Total,Washim,Bicycle,8814,8552,262,0,0,0,2113,2041,72,5055,4917,138,891,873,18,254,245,9,501,476,25,0,0,0,0,0,0,0,0,0,20.1119123,77.1312586
MAHARASHTRA,Total,Washim,Moped/Scooter/Motor Cycle,15169,13974,1195,0,0,0,3070,2858,212,5945,5433,512,1827,1651,176,2055,1906,149,995,946,49,671,631,40,297,274,23,309,275,34,20.1119123,77.1312586
MAHARASHTRA,Total,Washim,Car/Jeep/Van,754,672,82,0,0,0,100,84,16,165,142,23,95,87,8,111,102,9,88,79,9,77,71,6,88,79,9,30,28,2,20.1119123,77.1312586
MAHARASHTRA,Total,Washim,Tempo/Autorickshaw/Taxi,2817,2400,417,0,0,0,227,182,45,813,661,152,826,720,106,558,499,59,172,148,24,89,80,9,68,58,10,64,52,12,20.1119123,77.1312586
MAHARASHTRA,Total,Washim,Bus,4285,3623,662,0,0,0,147,110,37,300,244,56,451,345,106,875,716,159,619,530,89,771,686,85,1032,913,119,90,79,11,20.1119123,77.1312586
MAHARASHTRA,Total,Washim,Train,565,476,89,0,0,0,82,64,18,112,98,14,43,38,5,28,23,5,16,12,4,35,32,3,196,167,29,53,42,11,20.1119123,77.1312586
MAHARASHTRA,Total,Washim,Water transport,24,23,1,0,0,0,3,3,0,5,5,0,2,2,0,4,4,0,5,5,0,1,1,0,0,0,0,4,3,1,20.1119123,77.1312586
MAHARASHTRA,Total,Washim,Any other,618,547,71,0,0,0,101,91,10,185,170,15,90,85,5,105,88,17,33,24,9,24,23,1,65,53,12,15,13,2,20.1119123,77.1312586
MAHARASHTRA,Total,Washim,No travel,34898,24289,10609,34898,24289,10609,0,0,0,0,0,0,0,0,0,0,0,0,0,0,0,0,0,0,0,0,0,0,0,0,20.1119123,77.1312586
MAHARASHTRA,Rural,Washim,All Modes,40893,30836,10057,20788,13929,6859,5083,3968,1115,4730,3991,739,3869,3157,712,2525,2291,234,1427,1300,127,952,876,76,1155,1007,148,364,317,47,20.1119123,77.1312586
MAHARASHTRA,Rural,Washim,On foot,6796,4908,1888,0,0,0,3693,2723,970,1735,1278,457,1368,907,461,0,0,0,0,0,0,0,0,0,0,0,0,0,0,0,20.1119123,77.1312586
MAHARASHTRA,Rural,Washim,Bicycle,1881,1814,67,0,0,0,337,320,17,845,816,29,384,377,7,147,142,5,168,159,9,0,0,0,0,0,0,0,0,0,20.1119123,77.1312586
MAHARASHTRA,Rural,Washim,Moped/Scooter/Motor Cycle,5922,5476,446,0,0,0,766,713,53,1445,1312,133,1068,979,89,1257,1175,82,645,615,30,386,361,25,164,151,13,191,170,21,20.1119123,77.1312586
MAHARASHTRA,Rural,Washim,Car/Jeep/Van,412,361,51,0,0,0,41,31,10,63,52,11,63,58,5,78,71,7,55,50,5,42,38,4,47,40,7,23,21,2,20.1119123,77.1312586
MAHARASHTRA,Rural,Washim,Tempo/Autorickshaw/Taxi,1897,1633,264,0,0,0,114,88,26,429,358,71,634,554,80,428,383,45,142,122,20,52,48,4,51,42,9,47,38,9,20.1119123,77.1312586
MAHARASHTRA,Rural,Washim,Bus,2646,2256,390,0,0,0,73,51,22,157,128,29,290,225,65,545,459,86,383,328,55,439,399,40,690,605,85,69,61,8,20.1119123,77.1312586
MAHARASHTRA,Rural,Washim,Train,284,231,53,0,0,0,27,14,13,18,15,3,18,16,2,20,17,3,7,5,2,19,17,2,150,127,23,25,20,5,20.1119123,77.1312586
MAHARASHTRA,Rural,Washim,Water transport,16,15,1,0,0,0,3,3,0,2,2,0,1,1,0,3,3,0,3,3,0,0,0,0,0,0,0,4,3,1,20.1119123,77.1312586
MAHARASHTRA,Rural,Washim,Any other,251,213,38,0,0,0,29,25,4,36,30,6,43,40,3,47,41,6,24,18,6,14,13,1,53,42,11,5,4,1,20.1119123,77.1312586
MAHARASHTRA,Rural,Washim,No travel,20788,13929,6859,20788,13929,6859,0,0,0,0,0,0,0,0,0,0,0,0,0,0,0,0,0,0,0,0,0,0,0,0,20.1119123,77.1312586
MAHARASHTRA,Urban,Washim,All Modes,45984,39075,6909,14110,10360,3750,10756,9631,1125,14305,12981,1324,2838,2531,307,1465,1292,173,1002,920,82,716,648,68,591,537,54,201,175,26,20.1119123,77.1312586
MAHARASHTRA,Urban,Washim,On foot,12137,10447,1690,0,0,0,6303,5443,860,4720,4024,696,1114,980,134,0,0,0,0,0,0,0,0,0,0,0,0,0,0,0,20.1119123,77.1312586
MAHARASHTRA,Urban,Washim,Bicycle,6933,6738,195,0,0,0,1776,1721,55,4210,4101,109,507,496,11,107,103,4,333,317,16,0,0,0,0,0,0,0,0,0,20.1119123,77.1312586
MAHARASHTRA,Urban,Washim,Moped/Scooter/Motor Cycle,9247,8498,749,0,0,0,2304,2145,159,4500,4121,379,759,672,87,798,731,67,350,331,19,285,270,15,133,123,10,118,105,13,20.1119123,77.1312586
MAHARASHTRA,Urban,Washim,Car/Jeep/Van,342,311,31,0,0,0,59,53,6,102,90,12,32,29,3,33,31,2,33,29,4,35,33,2,41,39,2,7,7,0,20.1119123,77.1312586
MAHARASHTRA,Urban,Washim,Tempo/Autorickshaw/Taxi,920,767,153,0,0,0,113,94,19,384,303,81,192,166,26,130,116,14,30,26,4,37,32,5,17,16,1,17,14,3,20.1119123,77.1312586
MAHARASHTRA,Urban,Washim,Bus,1639,1367,272,0,0,0,74,59,15,143,116,27,161,120,41,330,257,73,236,202,34,332,287,45,342,308,34,21,18,3,20.1119123,77.1312586
MAHARASHTRA,Urban,Washim,Train,281,245,36,0,0,0,55,50,5,94,83,11,25,22,3,8,6,2,9,7,2,16,15,1,46,40,6,28,22,6,20.1119123,77.1312586
MAHARASHTRA,Urban,Washim,Water transport,8,8,0,0,0,0,0,0,0,3,3,0,1,1,0,1,1,0,2,2,0,1,1,0,0,0,0,0,0,0,20.1119123,77.1312586
MAHARASHTRA,Urban,Washim,Any other,367,334,33,0,0,0,72,66,6,149,140,9,47,45,2,58,47,11,9,6,3,10,10,0,12,11,1,10,9,1,20.1119123,77.1312586
MAHARASHTRA,Urban,Washim,No travel,14110,10360,3750,14110,10360,3750,0,0,0,0,0,0,0,0,0,0,0,0,0,0,0,0,0,0,0,0,0,0,0,0,20.1119123,77.1312586
NCT OF DELHI,Total,North Delhi,All Modes,281440,245050,36390,50891,39779,11112,56038,49120,6918,63920,56490,7430,52492,47015,5477,36410,33101,3309,12880,11657,1223,6062,5393,669,1374,1255,119,1373,1240,133,28.7886037,77.1411602
NCT OF DELHI,Total,North Delhi,On foot,71542,62267,9275,0,0,0,48004,41811,6193,18105,15727,2378,5433,4729,704,0,0,0,0,0,0,0,0,0,0,0,0,0,0,0,28.7886037,77.1411602
NCT OF DELHI,Total,North Delhi,Bicycle,20921,20555,366,0,0,0,1648,1599,49,9878,9707,171,6100,6008,92,2444,2416,28,851,825,26,0,0,0,0,0,0,0,0,0,28.7886037,77.1411602
NCT OF DELHI,Total,North Delhi,Moped/Scooter/Motor Cycle,37199,36175,1024,0,0,0,2798,2707,91,11087,10715,372,10388,10116,272,8638,8447,191,2628,2580,48,1138,1108,30,174,168,6,348,334,14,28.7886037,77.1411602
NCT OF DELHI,Total,North Delhi,Car/Jeep/Van,18631,16089,2542,0,0,0,964,810,154,4224,3582,642,4809,4228,581,4525,3984,541,2243,1905,338,1447,1202,245,230,207,23,189,171,18,28.7886037,77.1411602
NCT OF DELHI,Total,North Delhi,Tempo/Autorickshaw/Taxi,6665,5542,1123,0,0,0,541,475,66,2314,1716,598,1449,1215,234,1111,1002,109,459,409,50,463,417,46,166,160,6,162,148,14,28.7886037,77.1411602
NCT OF DELHI,Total,North Delhi,Bus,64886,55937,8949,0,0,0,1476,1204,272,16020,13148,2872,21559,18514,3045,17184,15280,1904,5475,4954,521,2254,2034,220,452,401,51,466,402,64,28.7886037,77.1411602
NCT OF DELHI,Total,North Delhi,Train,7516,5996,1520,0,0,0,232,191,41,1172,951,221,2177,1706,471,2050,1592,458,905,719,186,561,466,95,305,272,33,114,99,15,28.7886037,77.1411602
NCT OF DELHI,Total,North Delhi,Water transport,128,105,23,0,0,0,15,14,1,29,22,7,36,30,6,24,20,4,10,8,2,6,4,2,3,3,0,5,4,1,28.7886037,77.1411602
NCT OF DELHI,Total,North Delhi,Any other,3061,2605,456,0,0,0,360,309,51,1091,922,169,541,469,72,434,360,74,309,257,52,193,162,31,44,44,0,89,82,7,28.7886037,77.1411602
NCT OF DELHI,Total,North Delhi,No travel,50891,39779,11112,50891,39779,11112,0,0,0,0,0,0,0,0,0,0,0,0,0,0,0,0,0,0,0,0,0,0,0,0,28.7886037,77.1411602
NCT OF DELHI,Rural,North Delhi,All Modes,4063,3767,296,338,271,67,337,286,51,783,719,64,839,787,52,1075,1038,37,430,421,9,186,176,10,47,44,3,28,25,3,28.7886037,77.1411602
NCT OF DELHI,Rural,North Delhi,On foot,568,459,109,0,0,0,250,202,48,236,192,44,82,65,17,0,0,0,0,0,0,0,0,0,0,0,0,0,0,0,28.7886037,77.1411602
NCT OF DELHI,Rural,North Delhi,Bicycle,495,489,6,0,0,0,20,20,0,225,222,3,136,134,2,90,89,1,24,24,0,0,0,0,0,0,0,0,0,0,28.7886037,77.1411602
NCT OF DELHI,Rural,North Delhi,Moped/Scooter/Motor Cycle,679,666,13,0,0,0,25,24,1,134,131,3,170,167,3,221,219,2,82,82,0,32,30,2,5,5,0,10,8,2,28.7886037,77.1411602
NCT OF DELHI,Rural,North Delhi,Car/Jeep/Van,86,82,4,0,0,0,6,6,0,16,16,0,21,19,2,15,13,2,13,13,0,13,13,0,2,2,0,0,0,0,28.7886037,77.1411602
NCT OF DELHI,Rural,North Delhi,Tempo/Autorickshaw/Taxi,114,112,2,0,0,0,5,5,0,37,36,1,31,30,1,22,22,0,12,12,0,4,4,0,3,3,0,0,0,0,28.7886037,77.1411602
NCT OF DELHI,Rural,North Delhi,Bus,1729,1637,92,0,0,0,24,22,2,119,106,13,393,367,26,721,689,32,292,283,9,133,126,7,32,30,2,15,14,1,28.7886037,77.1411602
NCT OF DELHI,Rural,North Delhi,Train,27,24,3,0,0,0,1,1,0,3,3,0,2,1,1,4,4,0,7,7,0,3,2,1,5,4,1,2,2,0,28.7886037,77.1411602
NCT OF DELHI,Rural,North Delhi,Water transport,7,7,0,0,0,0,0,0,0,3,3,0,2,2,0,2,2,0,0,0,0,0,0,0,0,0,0,0,0,0,28.7886037,77.1411602
NCT OF DELHI,Rural,North Delhi,Any other,20,20,0,0,0,0,6,6,0,10,10,0,2,2,0,0,0,0,0,0,0,1,1,0,0,0,0,1,1,0,28.7886037,77.1411602
NCT OF DELHI,Rural,North Delhi,No travel,338,271,67,338,271,67,0,0,0,0,0,0,0,0,0,0,0,0,0,0,0,0,0,0,0,0,0,0,0,0,28.7886037,77.1411602
NCT OF DELHI,Urban,North Delhi,All Modes,277377,241283,36094,50553,39508,11045,55701,48834,6867,63137,55771,7366,51653,46228,5425,35335,32063,3272,12450,11236,1214,5876,5217,659,1327,1211,116,1345,1215,130,28.7886037,77.1411602
NCT OF DELHI,Urban,North Delhi,On foot,70974,61808,9166,0,0,0,47754,41609,6145,17869,15535,2334,5351,4664,687,0,0,0,0,0,0,0,0,0,0,0,0,0,0,0,28.7886037,77.1411602
NCT OF DELHI,Urban,North Delhi,Bicycle,20426,20066,360,0,0,0,1628,1579,49,9653,9485,168,5964,5874,90,2354,2327,27,827,801,26,0,0,0,0,0,0,0,0,0,28.7886037,77.1411602
NCT OF DELHI,Urban,North Delhi,Moped/Scooter/Motor Cycle,36520,35509,1011,0,0,0,2773,2683,90,10953,10584,369,10218,9949,269,8417,8228,189,2546,2498,48,1106,1078,28,169,163,6,338,326,12,28.7886037,77.1411602
NCT OF DELHI,Urban,North Delhi,Car/Jeep/Van,18545,16007,2538,0,0,0,958,804,154,4208,3566,642,4788,4209,579,4510,3971,539,2230,1892,338,1434,1189,245,228,205,23,189,171,18,28.7886037,77.1411602
NCT OF DELHI,Urban,North Delhi,Tempo/Autorickshaw/Taxi,6551,5430,1121,0,0,0,536,470,66,2277,1680,597,1418,1185,233,1089,980,109,447,397,50,459,413,46,163,157,6,162,148,14,28.7886037,77.1411602
NCT OF DELHI,Urban,North Delhi,Bus,63157,54300,8857,0,0,0,1452,1182,270,15901,13042,2859,21166,18147,3019,16463,14591,1872,5183,4671,512,2121,1908,213,420,371,49,451,388,63,28.7886037,77.1411602
NCT OF DELHI,Urban,North Delhi,Train,7489,5972,1517,0,0,0,231,190,41,1169,948,221,2175,1705,470,2046,1588,458,898,712,186,558,464,94,300,268,32,112,97,15,28.7886037,77.1411602
NCT OF DELHI,Urban,North Delhi,Water transport,121,98,23,0,0,0,15,14,1,26,19,7,34,28,6,22,18,4,10,8,2,6,4,2,3,3,0,5,4,1,28.7886037,77.1411602
NCT OF DELHI,Urban,North Delhi,Any other,3041,2585,456,0,0,0,354,303,51,1081,912,169,539,467,72,434,360,74,309,257,52,192,161,31,44,44,0,88,81,7,28.7886037,77.1411602
NCT OF DELHI,Urban,North Delhi,No travel,50553,39508,11045,50553,39508,11045,0,0,0,0,0,0,0,0,0,0,0,0,0,0,0,0,0,0,0,0,0,0,0,0,28.7886037,77.1411602
KARNATAKA,Total,Yadgir,All Modes,140516,101092,39424,66827,44269,22558,20634,15287,5347,24049,17908,6141,13901,10384,3517,5636,4837,799,3163,2822,341,2516,2268,248,2973,2620,353,817,697,120,16.7601963,77.142764
KARNATAKA,Total,Yadgir,On foot,38258,26341,11917,0,0,0,16469,11684,4785,14009,9368,4641,7780,5289,2491,0,0,0,0,0,0,0,0,0,0,0,0,0,0,0,16.7601963,77.142764
KARNATAKA,Total,Yadgir,Bicycle,3396,3094,302,0,0,0,626,551,75,1543,1413,130,467,433,34,267,260,7,493,437,56,0,0,0,0,0,0,0,0,0,16.7601963,77.142764
KARNATAKA,Total,Yadgir,Moped/Scooter/Motor Cycle,8841,8324,517,0,0,0,1983,1862,121,3014,2832,182,1179,1123,56,1135,1090,45,521,498,23,377,357,20,284,262,22,348,300,48,16.7601963,77.142764
KARNATAKA,Total,Yadgir,Car/Jeep/Van,2134,1911,223,0,0,0,241,211,30,416,354,62,325,265,60,406,382,24,233,216,17,218,209,9,219,210,9,76,64,12,16.7601963,77.142764
KARNATAKA,Total,Yadgir,Tempo/Autorickshaw/Taxi,8601,6848,1753,0,0,0,587,413,174,3401,2632,769,2157,1694,463,1347,1121,226,432,385,47,258,236,22,275,249,26,144,118,26,16.7601963,77.142764
KARNATAKA,Total,Yadgir,Bus,10221,8399,1822,0,0,0,475,371,104,1356,1039,317,1797,1406,391,2298,1815,483,1345,1160,185,1423,1251,172,1426,1267,159,101,90,11,16.7601963,77.142764
KARNATAKA,Total,Yadgir,Train,1455,1174,281,0,0,0,158,118,40,153,122,31,71,58,13,92,81,11,87,76,11,157,134,23,666,530,136,71,55,16,16.7601963,77.142764
KARNATAKA,Total,Yadgir,Water transport,41,33,8,0,0,0,12,8,4,5,4,1,4,4,0,5,4,1,3,2,1,3,3,0,5,5,0,4,3,1,16.7601963,77.142764
KARNATAKA,Total,Yadgir,Any other,742,699,43,0,0,0,83,69,14,152,144,8,121,112,9,86,84,2,49,48,1,80,78,2,98,97,1,73,67,6,16.7601963,77.142764
KARNATAKA,Total,Yadgir,No travel,66827,44269,22558,66827,44269,22558,0,0,0,0,0,0,0,0,0,0,0,0,0,0,0,0,0,0,0,0,0,0,0,0,16.7601963,77.142764
KARNATAKA,Rural,Yadgir,All Modes,80750,55309,25441,43123,27514,15609,8146,5279,2867,11193,7683,3510,8846,6450,2396,3762,3327,435,2008,1825,183,1386,1271,115,1866,1609,257,420,351,69,16.7601963,77.142764
KARNATAKA,Rural,Yadgir,On foot,19046,11845,7201,0,0,0,6894,4287,2607,7085,4314,2771,5067,3244,1823,0,0,0,0,0,0,0,0,0,0,0,0,0,0,0,16.7601963,77.142764
KARNATAKA,Rural,Yadgir,Bicycle,1610,1429,181,0,0,0,203,164,39,620,548,72,295,271,24,199,194,5,293,252,41,0,0,0,0,0,0,0,0,0,16.7601963,77.142764
KARNATAKA,Rural,Yadgir,Moped/Scooter/Motor Cycle,3022,2813,209,0,0,0,391,341,50,661,615,46,594,566,28,636,612,24,279,264,15,186,176,10,141,130,11,134,109,25,16.7601963,77.142764
KARNATAKA,Rural,Yadgir,Car/Jeep/Van,1260,1149,111,0,0,0,82,72,10,191,163,28,194,167,27,330,312,18,180,171,9,130,125,5,117,112,5,36,27,9,16.7601963,77.142764
KARNATAKA,Rural,Yadgir,Tempo/Autorickshaw/Taxi,5255,4264,991,0,0,0,241,161,80,1701,1296,405,1444,1164,280,1063,912,151,351,319,32,189,174,15,185,164,21,81,74,7,16.7601963,77.142764
KARNATAKA,Rural,Yadgir,Bus,6061,5158,903,0,0,0,195,154,41,767,603,164,1120,925,195,1408,1178,230,819,738,81,758,682,76,936,827,109,58,51,7,16.7601963,77.142764
KARNATAKA,Rural,Yadgir,Train,850,652,198,0,0,0,79,52,27,78,59,19,43,32,11,57,52,5,46,43,3,71,63,8,425,314,111,51,37,14,16.7601963,77.142764
KARNATAKA,Rural,Yadgir,Water transport,27,21,6,0,0,0,7,4,3,2,1,1,4,4,0,4,4,0,2,1,1,2,2,0,3,3,0,3,2,1,16.7601963,77.142764
KARNATAKA,Rural,Yadgir,Any other,496,464,32,0,0,0,54,44,10,88,84,4,85,77,8,65,63,2,38,37,1,50,49,1,59,59,0,57,51,6,16.7601963,77.142764
KARNATAKA,Rural,Yadgir,No travel,43123,27514,15609,43123,27514,15609,0,0,0,0,0,0,0,0,0,0,0,0,0,0,0,0,0,0,0,0,0,0,0,0,16.7601963,77.142764
KARNATAKA,Urban,Yadgir,All Modes,59766,45783,13983,23704,16755,6949,12488,10008,2480,12856,10225,2631,5055,3934,1121,1874,1510,364,1155,997,158,1130,997,133,1107,1011,96,397,346,51,16.7601963,77.142764
KARNATAKA,Urban,Yadgir,On foot,19212,14496,4716,0,0,0,9575,7397,2178,6924,5054,1870,2713,2045,668,0,0,0,0,0,0,0,0,0,0,0,0,0,0,0,16.7601963,77.142764
KARNATAKA,Urban,Yadgir,Bicycle,1786,1665,121,0,0,0,423,387,36,923,865,58,172,162,10,68,66,2,200,185,15,0,0,0,0,0,0,0,0,0,16.7601963,77.142764
KARNATAKA,Urban,Yadgir,Moped/Scooter/Motor Cycle,5819,5511,308,0,0,0,1592,1521,71,2353,2217,136,585,557,28,499,478,21,242,234,8,191,181,10,143,132,11,214,191,23,16.7601963,77.142764
KARNATAKA,Urban,Yadgir,Car/Jeep/Van,874,762,112,0,0,0,159,139,20,225,191,34,131,98,33,76,70,6,53,45,8,88,84,4,102,98,4,40,37,3,16.7601963,77.142764
KARNATAKA,Urban,Yadgir,Tempo/Autorickshaw/Taxi,3346,2584,762,0,0,0,346,252,94,1700,1336,364,713,530,183,284,209,75,81,66,15,69,62,7,90,85,5,63,44,19,16.7601963,77.142764
KARNATAKA,Urban,Yadgir,Bus,4160,3241,919,0,0,0,280,217,63,589,436,153,677,481,196,890,637,253,526,422,104,665,569,96,490,440,50,43,39,4,16.7601963,77.142764
KARNATAKA,Urban,Yadgir,Train,605,522,83,0,0,0,79,66,13,75,63,12,28,26,2,35,29,6,41,33,8,86,71,15,241,216,25,20,18,2,16.7601963,77.142764
KARNATAKA,Urban,Yadgir,Water transport,14,12,2,0,0,0,5,4,1,3,3,0,0,0,0,1,0,1,1,1,0,1,1,0,2,2,0,1,1,0,16.7601963,77.142764
KARNATAKA,Urban,Yadgir,Any other,246,235,11,0,0,0,29,25,4,64,60,4,36,35,1,21,21,0,11,11,0,30,29,1,39,38,1,16,16,0,16.7601963,77.142764
KARNATAKA,Urban,Yadgir,No travel,23704,16755,6949,23704,16755,6949,0,0,0,0,0,0,0,0,0,0,0,0,0,0,0,0,0,0,0,0,0,0,0,0,16.7601963,77.142764
MAHARASHTRA,Total,Hingoli,All Modes,92818,73334,19484,37748,25852,11896,16255,13620,2635,20354,17741,2613,7876,6714,1162,4390,3861,529,2281,2074,207,1772,1618,154,1580,1356,224,562,498,64,19.7173703,77.1493722
MAHARASHTRA,Total,Hingoli,On foot,25661,20982,4679,0,0,0,12300,10011,2289,9855,8151,1704,3506,2820,686,0,0,0,0,0,0,0,0,0,0,0,0,0,0,0,19.7173703,77.1493722
MAHARASHTRA,Total,Hingoli,Bicycle,5970,5715,255,0,0,0,1097,1032,65,3348,3230,118,859,832,27,263,252,11,403,369,34,0,0,0,0,0,0,0,0,0,19.7173703,77.1493722
MAHARASHTRA,Total,Hingoli,Moped/Scooter/Motor Cycle,12179,11363,816,0,0,0,2137,1991,146,4796,4451,345,1589,1474,115,1797,1680,117,804,765,39,560,538,22,189,179,10,307,285,22,19.7173703,77.1493722
MAHARASHTRA,Total,Hingoli,Car/Jeep/Van,1351,1216,135,0,0,0,138,121,17,245,210,35,228,200,28,290,271,19,129,120,9,165,149,16,101,95,6,55,50,5,19.7173703,77.1493722
MAHARASHTRA,Total,Hingoli,Tempo/Autorickshaw/Taxi,4244,3477,767,0,0,0,321,247,74,1425,1137,288,1057,860,197,893,739,154,235,212,23,143,133,10,98,88,10,72,61,11,19.7173703,77.1493722
MAHARASHTRA,Total,Hingoli,Bus,4420,3645,775,0,0,0,154,125,29,433,348,85,503,412,91,992,795,197,617,528,89,785,686,99,877,706,171,59,45,14,19.7173703,77.1493722
MAHARASHTRA,Total,Hingoli,Train,627,562,65,0,0,0,41,33,8,87,76,11,30,28,2,59,52,7,44,41,3,68,61,7,261,238,23,37,33,4,19.7173703,77.1493722
MAHARASHTRA,Total,Hingoli,Water transport,16,15,1,0,0,0,4,4,0,4,4,0,2,1,1,0,0,0,2,2,0,2,2,0,0,0,0,2,2,0,19.7173703,77.1493722
MAHARASHTRA,Total,Hingoli,Any other,602,507,95,0,0,0,63,56,7,161,134,27,102,87,15,96,72,24,47,37,10,49,49,0,54,50,4,30,22,8,19.7173703,77.1493722
MAHARASHTRA,Total,Hingoli,No travel,37748,25852,11896,37748,25852,11896,0,0,0,0,0,0,0,0,0,0,0,0,0,0,0,0,0,0,0,0,0,0,0,0,19.7173703,77.1493722
MAHARASHTRA,Rural,Hingoli,All Modes,47671,35892,11779,23466,15705,7761,6318,4964,1354,6624,5510,1114,4495,3706,789,2856,2522,334,1404,1286,118,1181,1086,95,1087,902,185,240,211,29,19.7173703,77.1493722
MAHARASHTRA,Rural,Hingoli,On foot,9849,7392,2457,0,0,0,5206,3977,1229,2832,2081,751,1811,1334,477,0,0,0,0,0,0,0,0,0,0,0,0,0,0,0,19.7173703,77.1493722
MAHARASHTRA,Rural,Hingoli,Bicycle,2179,2065,114,0,0,0,233,210,23,1114,1068,46,496,474,22,180,173,7,156,140,16,0,0,0,0,0,0,0,0,0,19.7173703,77.1493722
MAHARASHTRA,Rural,Hingoli,Moped/Scooter/Motor Cycle,5019,4705,314,0,0,0,503,471,32,1372,1278,94,919,853,66,1109,1040,69,527,504,23,377,360,17,112,107,5,100,92,8,19.7173703,77.1493722
MAHARASHTRA,Rural,Hingoli,Car/Jeep/Van,866,793,73,0,0,0,63,55,8,111,95,16,166,151,15,221,211,10,95,87,8,117,107,10,72,67,5,21,20,1,19.7173703,77.1493722
MAHARASHTRA,Rural,Hingoli,Tempo/Autorickshaw/Taxi,2841,2342,499,0,0,0,188,149,39,846,701,145,741,587,154,675,554,121,183,169,14,90,81,9,74,66,8,44,35,9,19.7173703,77.1493722
MAHARASHTRA,Rural,Hingoli,Bus,2780,2319,461,0,0,0,83,68,15,265,219,46,293,252,41,557,457,100,383,338,45,522,468,54,641,490,151,36,27,9,19.7173703,77.1493722
MAHARASHTRA,Rural,Hingoli,Train,285,255,30,0,0,0,9,7,2,19,15,4,7,7,0,29,26,3,20,18,2,34,29,5,141,128,13,26,25,1,19.7173703,77.1493722
MAHARASHTRA,Rural,Hingoli,Water transport,10,10,0,0,0,0,2,2,0,3,3,0,1,1,0,0,0,0,0,0,0,2,2,0,0,0,0,2,2,0,19.7173703,77.1493722
MAHARASHTRA,Rural,Hingoli,Any other,376,306,70,0,0,0,31,25,6,62,50,12,61,47,14,85,61,24,40,30,10,39,39,0,47,44,3,11,10,1,19.7173703,77.1493722
MAHARASHTRA,Rural,Hingoli,No travel,23466,15705,7761,23466,15705,7761,0,0,0,0,0,0,0,0,0,0,0,0,0,0,0,0,0,0,0,0,0,0,0,0,19.7173703,77.1493722
MAHARASHTRA,Urban,Hingoli,All Modes,45147,37442,7705,14282,10147,4135,9937,8656,1281,13730,12231,1499,3381,3008,373,1534,1339,195,877,788,89,591,532,59,493,454,39,322,287,35,19.7173703,77.1493722
MAHARASHTRA,Urban,Hingoli,On foot,15812,13590,2222,0,0,0,7094,6034,1060,7023,6070,953,1695,1486,209,0,0,0,0,0,0,0,0,0,0,0,0,0,0,0,19.7173703,77.1493722
MAHARASHTRA,Urban,Hingoli,Bicycle,3791,3650,141,0,0,0,864,822,42,2234,2162,72,363,358,5,83,79,4,247,229,18,0,0,0,0,0,0,0,0,0,19.7173703,77.1493722
MAHARASHTRA,Urban,Hingoli,Moped/Scooter/Motor Cycle,7160,6658,502,0,0,0,1634,1520,114,3424,3173,251,670,621,49,688,640,48,277,261,16,183,178,5,77,72,5,207,193,14,19.7173703,77.1493722
MAHARASHTRA,Urban,Hingoli,Car/Jeep/Van,485,423,62,0,0,0,75,66,9,134,115,19,62,49,13,69,60,9,34,33,1,48,42,6,29,28,1,34,30,4,19.7173703,77.1493722
MAHARASHTRA,Urban,Hingoli,Tempo/Autorickshaw/Taxi,1403,1135,268,0,0,0,133,98,35,579,436,143,316,273,43,218,185,33,52,43,9,53,52,1,24,22,2,28,26,2,19.7173703,77.1493722
MAHARASHTRA,Urban,Hingoli,Bus,1640,1326,314,0,0,0,71,57,14,168,129,39,210,160,50,435,338,97,234,190,44,263,218,45,236,216,20,23,18,5,19.7173703,77.1493722
MAHARASHTRA,Urban,Hingoli,Train,342,307,35,0,0,0,32,26,6,68,61,7,23,21,2,30,26,4,24,23,1,34,32,2,120,110,10,11,8,3,19.7173703,77.1493722
MAHARASHTRA,Urban,Hingoli,Water transport,6,5,1,0,0,0,2,2,0,1,1,0,1,0,1,0,0,0,2,2,0,0,0,0,0,0,0,0,0,0,19.7173703,77.1493722
MAHARASHTRA,Urban,Hingoli,Any other,226,201,25,0,0,0,32,31,1,99,84,15,41,40,1,11,11,0,7,7,0,10,10,0,7,6,1,19,12,7,19.7173703,77.1493722
MAHARASHTRA,Urban,Hingoli,No travel,14282,10147,4135,14282,10147,4135,0,0,0,0,0,0,0,0,0,0,0,0,0,0,0,0,0,0,0,0,0,0,0,0,19.7173703,77.1493722
HIMACHAL PRADESH,Total,Shimla,All Modes,147059,113414,33645,41192,29353,11839,27275,20799,6476,33136,26113,7023,26350,21307,5043,8558,6966,1592,3866,3171,695,3321,2860,461,2459,2085,374,902,760,142,31.1048145,77.1734033
HIMACHAL PRADESH,Total,Shimla,On foot,52768,41212,11556,0,0,0,25403,19291,6112,18467,14596,3871,8898,7325,1573,0,0,0,0,0,0,0,0,0,0,0,0,0,0,0,31.1048145,77.1734033
HIMACHAL PRADESH,Total,Shimla,Bicycle,561,434,127,0,0,0,151,110,41,168,130,38,99,74,25,41,38,3,102,82,20,0,0,0,0,0,0,0,0,0,31.1048145,77.1734033
HIMACHAL PRADESH,Total,Shimla,Moped/Scooter/Motor Cycle,1696,1571,125,0,0,0,136,119,17,639,591,48,457,424,33,262,248,14,83,80,3,54,52,2,24,21,3,41,36,5,31.1048145,77.1734033
HIMACHAL PRADESH,Total,Shimla,Car/Jeep/Van,7568,6375,1193,0,0,0,553,461,92,2870,2378,492,2073,1748,325,954,809,145,342,291,51,331,302,29,267,231,36,178,155,23,31.1048145,77.1734033
HIMACHAL PRADESH,Total,Shimla,Tempo/Autorickshaw/Taxi,487,414,73,0,0,0,41,37,4,125,100,25,103,89,14,61,52,9,41,31,10,32,30,2,48,44,4,36,31,5,31.1048145,77.1734033
HIMACHAL PRADESH,Total,Shimla,Bus,42268,33614,8654,0,0,0,914,714,200,10794,8255,2539,14625,11569,3056,7203,5793,1410,3278,2672,606,2867,2444,423,2002,1685,317,585,482,103,31.1048145,77.1734033
HIMACHAL PRADESH,Total,Shimla,Train,218,184,34,0,0,0,30,24,6,38,34,4,25,21,4,12,9,3,6,5,1,8,7,1,64,54,10,35,30,5,31.1048145,77.1734033
HIMACHAL PRADESH,Total,Shimla,Water transport,110,87,23,0,0,0,12,11,1,21,17,4,42,33,9,11,6,5,1,1,0,5,3,2,7,5,2,11,11,0,31.1048145,77.1734033
HIMACHAL PRADESH,Total,Shimla,Any other,191,170,21,0,0,0,35,32,3,14,12,2,28,24,4,14,11,3,13,9,4,24,22,2,47,45,2,16,15,1,31.1048145,77.1734033
HIMACHAL PRADESH,Total,Shimla,No travel,41192,29353,11839,41192,29353,11839,0,0,0,0,0,0,0,0,0,0,0,0,0,0,0,0,0,0,0,0,0,0,0,0,31.1048145,77.1734033
HIMACHAL PRADESH,Rural,Shimla,All Modes,70667,53828,16839,23867,16416,7451,10064,6926,3138,13111,10412,2699,11087,9146,1941,5425,4654,771,2831,2472,359,2238,2020,218,1547,1359,188,497,423,74,31.1048145,77.1734033
HIMACHAL PRADESH,Rural,Shimla,On foot,24209,18068,6141,0,0,0,9474,6447,3027,9388,7310,2078,5347,4311,1036,0,0,0,0,0,0,0,0,0,0,0,0,0,0,0,31.1048145,77.1734033
HIMACHAL PRADESH,Rural,Shimla,Bicycle,258,205,53,0,0,0,46,27,19,92,74,18,40,30,10,33,31,2,47,43,4,0,0,0,0,0,0,0,0,0,31.1048145,77.1734033
HIMACHAL PRADESH,Rural,Shimla,Moped/Scooter/Motor Cycle,800,755,45,0,0,0,53,48,5,223,211,12,206,194,12,174,167,7,65,63,2,41,39,2,15,14,1,23,19,4,31.1048145,77.1734033
HIMACHAL PRADESH,Rural,Shimla,Car/Jeep/Van,2376,2078,298,0,0,0,136,115,21,712,621,91,557,476,81,469,413,56,188,162,26,146,140,6,92,85,7,76,66,10,31.1048145,77.1734033
HIMACHAL PRADESH,Rural,Shimla,Tempo/Autorickshaw/Taxi,284,260,24,0,0,0,25,22,3,63,55,8,43,40,3,49,45,4,27,25,2,20,20,0,36,34,2,21,19,2,31.1048145,77.1734033
HIMACHAL PRADESH,Rural,Shimla,Bus,18555,15768,2787,0,0,0,299,240,59,2597,2108,489,4845,4052,793,4678,3980,698,2486,2165,321,2000,1793,207,1311,1144,167,339,286,53,31.1048145,77.1734033
HIMACHAL PRADESH,Rural,Shimla,Train,144,125,19,0,0,0,14,11,3,23,21,2,17,16,1,7,7,0,6,5,1,6,5,1,48,41,7,23,19,4,31.1048145,77.1734033
HIMACHAL PRADESH,Rural,Shimla,Water transport,42,33,9,0,0,0,0,0,0,7,6,1,15,12,3,6,4,2,1,1,0,4,3,1,5,3,2,4,4,0,31.1048145,77.1734033
HIMACHAL PRADESH,Rural,Shimla,Any other,132,120,12,0,0,0,17,16,1,6,6,0,17,15,2,9,7,2,11,8,3,21,20,1,40,38,2,11,10,1,31.1048145,77.1734033
HIMACHAL PRADESH,Rural,Shimla,No travel,23867,16416,7451,23867,16416,7451,0,0,0,0,0,0,0,0,0,0,0,0,0,0,0,0,0,0,0,0,0,0,0,0,31.1048145,77.1734033
HIMACHAL PRADESH,Urban,Shimla,All Modes,76392,59586,16806,17325,12937,4388,17211,13873,3338,20025,15701,4324,15263,12161,3102,3133,2312,821,1035,699,336,1083,840,243,912,726,186,405,337,68,31.1048145,77.1734033
HIMACHAL PRADESH,Urban,Shimla,On foot,28559,23144,5415,0,0,0,15929,12844,3085,9079,7286,1793,3551,3014,537,0,0,0,0,0,0,0,0,0,0,0,0,0,0,0,31.1048145,77.1734033
HIMACHAL PRADESH,Urban,Shimla,Bicycle,303,229,74,0,0,0,105,83,22,76,56,20,59,44,15,8,7,1,55,39,16,0,0,0,0,0,0,0,0,0,31.1048145,77.1734033
HIMACHAL PRADESH,Urban,Shimla,Moped/Scooter/Motor Cycle,896,816,80,0,0,0,83,71,12,416,380,36,251,230,21,88,81,7,18,17,1,13,13,0,9,7,2,18,17,1,31.1048145,77.1734033
HIMACHAL PRADESH,Urban,Shimla,Car/Jeep/Van,5192,4297,895,0,0,0,417,346,71,2158,1757,401,1516,1272,244,485,396,89,154,129,25,185,162,23,175,146,29,102,89,13,31.1048145,77.1734033
HIMACHAL PRADESH,Urban,Shimla,Tempo/Autorickshaw/Taxi,203,154,49,0,0,0,16,15,1,62,45,17,60,49,11,12,7,5,14,6,8,12,10,2,12,10,2,15,12,3,31.1048145,77.1734033
HIMACHAL PRADESH,Urban,Shimla,Bus,23713,17846,5867,0,0,0,615,474,141,8197,6147,2050,9780,7517,2263,2525,1813,712,792,507,285,867,651,216,691,541,150,246,196,50,31.1048145,77.1734033
HIMACHAL PRADESH,Urban,Shimla,Train,74,59,15,0,0,0,16,13,3,15,13,2,8,5,3,5,2,3,0,0,0,2,2,0,16,13,3,12,11,1,31.1048145,77.1734033
HIMACHAL PRADESH,Urban,Shimla,Water transport,68,54,14,0,0,0,12,11,1,14,11,3,27,21,6,5,2,3,0,0,0,1,0,1,2,2,0,7,7,0,31.1048145,77.1734033
HIMACHAL PRADESH,Urban,Shimla,Any other,59,50,9,0,0,0,18,16,2,8,6,2,11,9,2,5,4,1,2,1,1,3,2,1,7,7,0,5,5,0,31.1048145,77.1734033
HIMACHAL PRADESH,Urban,Shimla,No travel,17325,12937,4388,17325,12937,4388,0,0,0,0,0,0,0,0,0,0,0,0,0,0,0,0,0,0,0,0,0,0,0,0,31.1048145,77.1734033
NCT OF DELHI,Total,South Delhi,All Modes,890420,747482,142938,151220,118301,32919,134706,112417,22289,205399,173518,31881,182845,156222,26623,131761,113731,18030,52444,45319,7125,16975,15046,1929,6260,5445,815,8810,7483,1327,28.4816551,77.1872857
NCT OF DELHI,Total,South Delhi,On foot,175046,144203,30843,0,0,0,101982,83888,18094,55914,46357,9557,17150,13958,3192,0,0,0,0,0,0,0,0,0,0,0,0,0,0,0,28.4816551,77.1872857
NCT OF DELHI,Total,South Delhi,Bicycle,68450,66945,1505,0,0,0,5781,5614,167,31894,31157,737,19470,19137,333,7744,7605,139,3561,3432,129,0,0,0,0,0,0,0,0,0,28.4816551,77.1872857
NCT OF DELHI,Total,South Delhi,Moped/Scooter/Motor Cycle,123344,118758,4586,0,0,0,9895,9491,404,33602,31896,1706,34513,33296,1217,28840,28047,793,9968,9739,229,3333,3245,88,1074,1032,42,2119,2012,107,28.4816551,77.1872857
NCT OF DELHI,Total,South Delhi,Car/Jeep/Van,115628,89110,26518,0,0,0,7099,5471,1628,24980,18688,6292,28429,21455,6974,30650,23931,6719,16196,12772,3424,4949,4137,812,1478,1208,270,1847,1448,399,28.4816551,77.1872857
NCT OF DELHI,Total,South Delhi,Tempo/Autorickshaw/Taxi,23060,17261,5799,0,0,0,1691,1334,357,7445,5006,2439,5657,4175,1482,3719,2903,816,2108,1687,421,1293,1140,153,562,503,59,585,513,72,28.4816551,77.1872857
NCT OF DELHI,Total,South Delhi,Bus,214904,178323,36581,0,0,0,7064,5702,1362,48855,38321,10534,74615,61872,12743,55513,47212,8301,16995,14948,2047,6201,5527,674,2184,1868,316,3477,2873,604,28.4816551,77.1872857
NCT OF DELHI,Total,South Delhi,Train,13076,10237,2839,0,0,0,490,368,122,1139,891,248,2145,1636,509,4309,3313,996,2865,2234,631,919,779,140,803,699,104,406,317,89,28.4816551,77.1872857
NCT OF DELHI,Total,South Delhi,Water transport,383,315,68,0,0,0,69,52,17,70,52,18,98,84,14,65,52,13,18,14,4,12,12,0,13,12,1,38,37,1,28.4816551,77.1872857
NCT OF DELHI,Total,South Delhi,Any other,5309,4029,1280,0,0,0,635,497,138,1500,1150,350,768,609,159,921,668,253,733,493,240,268,206,62,146,123,23,338,283,55,28.4816551,77.1872857
NCT OF DELHI,Total,South Delhi,No travel,151220,118301,32919,151220,118301,32919,0,0,0,0,0,0,0,0,0,0,0,0,0,0,0,0,0,0,0,0,0,0,0,0,28.4816551,77.1872857
NCT OF DELHI,Rural,South Delhi,All Modes,3795,3240,555,1345,1128,217,546,461,85,820,704,116,428,358,70,409,360,49,160,150,10,26,23,3,10,10,0,51,46,5,28.4816551,77.1872857
NCT OF DELHI,Rural,South Delhi,On foot,821,647,174,0,0,0,438,365,73,267,194,73,116,88,28,0,0,0,0,0,0,0,0,0,0,0,0,0,0,0,28.4816551,77.1872857
NCT OF DELHI,Rural,South Delhi,Bicycle,341,323,18,0,0,0,46,41,5,220,208,12,31,31,0,16,15,1,28,28,0,0,0,0,0,0,0,0,0,0,28.4816551,77.1872857
NCT OF DELHI,Rural,South Delhi,Moped/Scooter/Motor Cycle,334,319,15,0,0,0,17,16,1,89,86,3,83,79,4,101,95,6,26,25,1,4,4,0,0,0,0,14,14,0,28.4816551,77.1872857
NCT OF DELHI,Rural,South Delhi,Car/Jeep/Van,370,315,55,0,0,0,17,15,2,41,38,3,62,45,17,164,140,24,63,56,7,10,9,1,3,3,0,10,9,1,28.4816551,77.1872857
NCT OF DELHI,Rural,South Delhi,Tempo/Autorickshaw/Taxi,81,77,4,0,0,0,8,7,1,34,34,0,10,10,0,10,7,3,7,7,0,2,2,0,1,1,0,9,9,0,28.4816551,77.1872857
NCT OF DELHI,Rural,South Delhi,Bus,459,395,64,0,0,0,14,11,3,160,135,25,119,99,20,108,100,8,31,29,2,7,5,2,3,3,0,17,13,4,28.4816551,77.1872857
NCT OF DELHI,Rural,South Delhi,Train,32,26,6,0,0,0,5,5,0,6,6,0,3,3,0,9,3,6,5,5,0,3,3,0,1,1,0,0,0,0,28.4816551,77.1872857
NCT OF DELHI,Rural,South Delhi,Water transport,3,2,1,0,0,0,0,0,0,1,1,0,1,1,0,1,0,1,0,0,0,0,0,0,0,0,0,0,0,0,28.4816551,77.1872857
NCT OF DELHI,Rural,South Delhi,Any other,9,8,1,0,0,0,1,1,0,2,2,0,3,2,1,0,0,0,0,0,0,0,0,0,2,2,0,1,1,0,28.4816551,77.1872857
NCT OF DELHI,Rural,South Delhi,No travel,1345,1128,217,1345,1128,217,0,0,0,0,0,0,0,0,0,0,0,0,0,0,0,0,0,0,0,0,0,0,0,0,28.4816551,77.1872857
NCT OF DELHI,Urban,South Delhi,All Modes,886625,744242,142383,149875,117173,32702,134160,111956,22204,204579,172814,31765,182417,155864,26553,131352,113371,17981,52284,45169,7115,16949,15023,1926,6250,5435,815,8759,7437,1322,28.4816551,77.1872857
NCT OF DELHI,Urban,South Delhi,On foot,174225,143556,30669,0,0,0,101544,83523,18021,55647,46163,9484,17034,13870,3164,0,0,0,0,0,0,0,0,0,0,0,0,0,0,0,28.4816551,77.1872857
NCT OF DELHI,Urban,South Delhi,Bicycle,68109,66622,1487,0,0,0,5735,5573,162,31674,30949,725,19439,19106,333,7728,7590,138,3533,3404,129,0,0,0,0,0,0,0,0,0,28.4816551,77.1872857
NCT OF DELHI,Urban,South Delhi,Moped/Scooter/Motor Cycle,123010,118439,4571,0,0,0,9878,9475,403,33513,31810,1703,34430,33217,1213,28739,27952,787,9942,9714,228,3329,3241,88,1074,1032,42,2105,1998,107,28.4816551,77.1872857
NCT OF DELHI,Urban,South Delhi,Car/Jeep/Van,115258,88795,26463,0,0,0,7082,5456,1626,24939,18650,6289,28367,21410,6957,30486,23791,6695,16133,12716,3417,4939,4128,811,1475,1205,270,1837,1439,398,28.4816551,77.1872857
NCT OF DELHI,Urban,South Delhi,Tempo/Autorickshaw/Taxi,22979,17184,5795,0,0,0,1683,1327,356,7411,4972,2439,5647,4165,1482,3709,2896,813,2101,1680,421,1291,1138,153,561,502,59,576,504,72,28.4816551,77.1872857
NCT OF DELHI,Urban,South Delhi,Bus,214445,177928,36517,0,0,0,7050,5691,1359,48695,38186,10509,74496,61773,12723,55405,47112,8293,16964,14919,2045,6194,5522,672,2181,1865,316,3460,2860,600,28.4816551,77.1872857
NCT OF DELHI,Urban,South Delhi,Train,13044,10211,2833,0,0,0,485,363,122,1133,885,248,2142,1633,509,4300,3310,990,2860,2229,631,916,776,140,802,698,104,406,317,89,28.4816551,77.1872857
NCT OF DELHI,Urban,South Delhi,Water transport,380,313,67,0,0,0,69,52,17,69,51,18,97,83,14,64,52,12,18,14,4,12,12,0,13,12,1,38,37,1,28.4816551,77.1872857
NCT OF DELHI,Urban,South Delhi,Any other,5300,4021,1279,0,0,0,634,496,138,1498,1148,350,765,607,158,921,668,253,733,493,240,268,206,62,144,121,23,337,282,55,28.4816551,77.1872857
NCT OF DELHI,Urban,South Delhi,No travel,149875,117173,32702,149875,117173,32702,0,0,0,0,0,0,0,0,0,0,0,0,0,0,0,0,0,0,0,0,0,0,0,0,28.4816551,77.1872857
NCT OF DELHI,Total,New Delhi,All Modes,58115,45948,12167,14237,11212,3025,11157,8594,2563,15913,12909,3004,8246,6476,1770,4356,3409,947,2021,1593,428,1016,813,203,345,285,60,824,657,167,28.6139391,77.2090212
NCT OF DELHI,Total,New Delhi,On foot,13428,10273,3155,0,0,0,8292,6279,2013,3347,2677,670,1789,1317,472,0,0,0,0,0,0,0,0,0,0,0,0,0,0,0,28.6139391,77.2090212
NCT OF DELHI,Total,New Delhi,Bicycle,3829,3699,130,0,0,0,559,532,27,2201,2135,66,604,590,14,184,178,6,281,264,17,0,0,0,0,0,0,0,0,0,28.6139391,77.2090212
NCT OF DELHI,Total,New Delhi,Moped/Scooter/Motor Cycle,4870,4578,292,0,0,0,529,473,56,2105,1970,135,1004,954,50,659,637,22,256,246,10,162,148,14,48,47,1,107,103,4,28.6139391,77.2090212
NCT OF DELHI,Total,New Delhi,Car/Jeep/Van,7856,5713,2143,0,0,0,824,603,221,2922,2196,726,1469,1022,447,1225,841,384,618,451,167,317,236,81,106,83,23,375,281,94,28.6139391,77.2090212
NCT OF DELHI,Total,New Delhi,Tempo/Autorickshaw/Taxi,799,441,358,0,0,0,81,47,34,368,182,186,102,42,60,81,56,25,90,57,33,42,31,11,13,10,3,22,16,6,28.6139391,77.2090212
NCT OF DELHI,Total,New Delhi,Bus,11364,8840,2524,0,0,0,735,557,178,4585,3472,1113,2960,2344,616,1788,1420,368,517,404,113,375,315,60,129,104,25,275,224,51,28.6139391,77.2090212
NCT OF DELHI,Total,New Delhi,Train,1419,983,436,0,0,0,80,64,16,304,221,83,269,175,94,378,256,122,211,139,72,103,69,34,45,38,7,29,21,8,28.6139391,77.2090212
NCT OF DELHI,Total,New Delhi,Water transport,20,13,7,0,0,0,4,3,1,6,2,4,4,4,0,2,1,1,3,2,1,0,0,0,0,0,0,1,1,0,28.6139391,77.2090212
NCT OF DELHI,Total,New Delhi,Any other,293,196,97,0,0,0,53,36,17,75,54,21,45,28,17,39,20,19,45,30,15,17,14,3,4,3,1,15,11,4,28.6139391,77.2090212
NCT OF DELHI,Total,New Delhi,No travel,14237,11212,3025,14237,11212,3025,0,0,0,0,0,0,0,0,0,0,0,0,0,0,0,0,0,0,0,0,0,0,0,0,28.6139391,77.2090212
NCT OF DELHI,Rural,New Delhi,All Modes,0,0,0,0,0,0,0,0,0,0,0,0,0,0,0,0,0,0,0,0,0,0,0,0,0,0,0,0,0,0,28.6139391,77.2090212
NCT OF DELHI,Rural,New Delhi,On foot,0,0,0,0,0,0,0,0,0,0,0,0,0,0,0,0,0,0,0,0,0,0,0,0,0,0,0,0,0,0,28.6139391,77.2090212
NCT OF DELHI,Rural,New Delhi,Bicycle,0,0,0,0,0,0,0,0,0,0,0,0,0,0,0,0,0,0,0,0,0,0,0,0,0,0,0,0,0,0,28.6139391,77.2090212
NCT OF DELHI,Rural,New Delhi,Moped/Scooter/Motor Cycle,0,0,0,0,0,0,0,0,0,0,0,0,0,0,0,0,0,0,0,0,0,0,0,0,0,0,0,0,0,0,28.6139391,77.2090212
NCT OF DELHI,Rural,New Delhi,Car/Jeep/Van,0,0,0,0,0,0,0,0,0,0,0,0,0,0,0,0,0,0,0,0,0,0,0,0,0,0,0,0,0,0,28.6139391,77.2090212
NCT OF DELHI,Rural,New Delhi,Tempo/Autorickshaw/Taxi,0,0,0,0,0,0,0,0,0,0,0,0,0,0,0,0,0,0,0,0,0,0,0,0,0,0,0,0,0,0,28.6139391,77.2090212
NCT OF DELHI,Rural,New Delhi,Bus,0,0,0,0,0,0,0,0,0,0,0,0,0,0,0,0,0,0,0,0,0,0,0,0,0,0,0,0,0,0,28.6139391,77.2090212
NCT OF DELHI,Rural,New Delhi,Train,0,0,0,0,0,0,0,0,0,0,0,0,0,0,0,0,0,0,0,0,0,0,0,0,0,0,0,0,0,0,28.6139391,77.2090212
NCT OF DELHI,Rural,New Delhi,Water transport,0,0,0,0,0,0,0,0,0,0,0,0,0,0,0,0,0,0,0,0,0,0,0,0,0,0,0,0,0,0,28.6139391,77.2090212
NCT OF DELHI,Rural,New Delhi,Any other,0,0,0,0,0,0,0,0,0,0,0,0,0,0,0,0,0,0,0,0,0,0,0,0,0,0,0,0,0,0,28.6139391,77.2090212
NCT OF DELHI,Rural,New Delhi,No travel,0,0,0,0,0,0,0,0,0,0,0,0,0,0,0,0,0,0,0,0,0,0,0,0,0,0,0,0,0,0,28.6139391,77.2090212
NCT OF DELHI,Urban,New Delhi,All Modes,58115,45948,12167,14237,11212,3025,11157,8594,2563,15913,12909,3004,8246,6476,1770,4356,3409,947,2021,1593,428,1016,813,203,345,285,60,824,657,167,28.6139391,77.2090212
NCT OF DELHI,Urban,New Delhi,On foot,13428,10273,3155,0,0,0,8292,6279,2013,3347,2677,670,1789,1317,472,0,0,0,0,0,0,0,0,0,0,0,0,0,0,0,28.6139391,77.2090212
NCT OF DELHI,Urban,New Delhi,Bicycle,3829,3699,130,0,0,0,559,532,27,2201,2135,66,604,590,14,184,178,6,281,264,17,0,0,0,0,0,0,0,0,0,28.6139391,77.2090212
NCT OF DELHI,Urban,New Delhi,Moped/Scooter/Motor Cycle,4870,4578,292,0,0,0,529,473,56,2105,1970,135,1004,954,50,659,637,22,256,246,10,162,148,14,48,47,1,107,103,4,28.6139391,77.2090212
NCT OF DELHI,Urban,New Delhi,Car/Jeep/Van,7856,5713,2143,0,0,0,824,603,221,2922,2196,726,1469,1022,447,1225,841,384,618,451,167,317,236,81,106,83,23,375,281,94,28.6139391,77.2090212
NCT OF DELHI,Urban,New Delhi,Tempo/Autorickshaw/Taxi,799,441,358,0,0,0,81,47,34,368,182,186,102,42,60,81,56,25,90,57,33,42,31,11,13,10,3,22,16,6,28.6139391,77.2090212
NCT OF DELHI,Urban,New Delhi,Bus,11364,8840,2524,0,0,0,735,557,178,4585,3472,1113,2960,2344,616,1788,1420,368,517,404,113,375,315,60,129,104,25,275,224,51,28.6139391,77.2090212
NCT OF DELHI,Urban,New Delhi,Train,1419,983,436,0,0,0,80,64,16,304,221,83,269,175,94,378,256,122,211,139,72,103,69,34,45,38,7,29,21,8,28.6139391,77.2090212
NCT OF DELHI,Urban,New Delhi,Water transport,20,13,7,0,0,0,4,3,1,6,2,4,4,4,0,2,1,1,3,2,1,0,0,0,0,0,0,1,1,0,28.6139391,77.2090212
NCT OF DELHI,Urban,New Delhi,Any other,293,196,97,0,0,0,53,36,17,75,54,21,45,28,17,39,20,19,45,30,15,17,14,3,4,3,1,15,11,4,28.6139391,77.2090212
NCT OF DELHI,Urban,New Delhi,No travel,14237,11212,3025,14237,11212,3025,0,0,0,0,0,0,0,0,0,0,0,0,0,0,0,0,0,0,0,0,0,0,0,0,28.6139391,77.2090212
NCT OF DELHI,Total,Central Delhi,All Modes,195274,167459,27815,42765,34390,8375,58028,52131,5897,47741,41423,6318,23937,20422,3515,13034,10986,2048,5682,4640,1042,1983,1671,312,739,644,95,1365,1152,213,28.6643427,77.2166836
NCT OF DELHI,Total,Central Delhi,On foot,73332,65676,7656,0,0,0,50778,45696,5082,17326,15447,1879,5228,4533,695,0,0,0,0,0,0,0,0,0,0,0,0,0,0,0,28.6643427,77.2166836
NCT OF DELHI,Total,Central Delhi,Bicycle,5882,5693,189,0,0,0,879,838,41,3457,3366,91,981,957,24,257,242,15,308,290,18,0,0,0,0,0,0,0,0,0,28.6643427,77.2166836
NCT OF DELHI,Total,Central Delhi,Moped/Scooter/Motor Cycle,19306,18541,765,0,0,0,2691,2602,89,8415,8034,381,4030,3874,156,2634,2558,76,850,822,28,257,250,7,101,93,8,328,308,20,28.6643427,77.2166836
NCT OF DELHI,Total,Central Delhi,Car/Jeep/Van,14417,11659,2758,0,0,0,1271,1065,206,4099,3367,732,3065,2498,567,2901,2318,583,1958,1495,463,682,547,135,157,135,22,284,234,50,28.6643427,77.2166836
NCT OF DELHI,Total,Central Delhi,Tempo/Autorickshaw/Taxi,3003,2187,816,0,0,0,370,285,85,1074,665,409,515,375,140,466,380,86,258,204,54,165,140,25,78,73,5,77,65,12,28.6643427,77.2166836
NCT OF DELHI,Total,Central Delhi,Bus,29930,24390,5540,0,0,0,1420,1171,249,11683,9285,2398,8866,7288,1578,5352,4470,882,1381,1148,233,527,454,73,213,179,34,488,395,93,28.6643427,77.2166836
NCT OF DELHI,Total,Central Delhi,Train,4280,3144,1136,0,0,0,190,152,38,784,559,225,932,654,278,1139,817,322,683,516,167,270,212,58,170,146,24,112,88,24,28.6643427,77.2166836
NCT OF DELHI,Total,Central Delhi,Water transport,73,55,18,0,0,0,25,20,5,19,14,5,13,10,3,2,0,2,6,4,2,0,0,0,2,2,0,6,5,1,28.6643427,77.2166836
NCT OF DELHI,Total,Central Delhi,Any other,2286,1724,562,0,0,0,404,302,102,884,686,198,307,233,74,283,201,82,238,161,77,82,68,14,18,16,2,70,57,13,28.6643427,77.2166836
NCT OF DELHI,Total,Central Delhi,No travel,42765,34390,8375,42765,34390,8375,0,0,0,0,0,0,0,0,0,0,0,0,0,0,0,0,0,0,0,0,0,0,0,0,28.6643427,77.2166836
NCT OF DELHI,Rural,Central Delhi,All Modes,0,0,0,0,0,0,0,0,0,0,0,0,0,0,0,0,0,0,0,0,0,0,0,0,0,0,0,0,0,0,28.6643427,77.2166836
NCT OF DELHI,Rural,Central Delhi,On foot,0,0,0,0,0,0,0,0,0,0,0,0,0,0,0,0,0,0,0,0,0,0,0,0,0,0,0,0,0,0,28.6643427,77.2166836
NCT OF DELHI,Rural,Central Delhi,Bicycle,0,0,0,0,0,0,0,0,0,0,0,0,0,0,0,0,0,0,0,0,0,0,0,0,0,0,0,0,0,0,28.6643427,77.2166836
NCT OF DELHI,Rural,Central Delhi,Moped/Scooter/Motor Cycle,0,0,0,0,0,0,0,0,0,0,0,0,0,0,0,0,0,0,0,0,0,0,0,0,0,0,0,0,0,0,28.6643427,77.2166836
NCT OF DELHI,Rural,Central Delhi,Car/Jeep/Van,0,0,0,0,0,0,0,0,0,0,0,0,0,0,0,0,0,0,0,0,0,0,0,0,0,0,0,0,0,0,28.6643427,77.2166836
NCT OF DELHI,Rural,Central Delhi,Tempo/Autorickshaw/Taxi,0,0,0,0,0,0,0,0,0,0,0,0,0,0,0,0,0,0,0,0,0,0,0,0,0,0,0,0,0,0,28.6643427,77.2166836
NCT OF DELHI,Rural,Central Delhi,Bus,0,0,0,0,0,0,0,0,0,0,0,0,0,0,0,0,0,0,0,0,0,0,0,0,0,0,0,0,0,0,28.6643427,77.2166836
NCT OF DELHI,Rural,Central Delhi,Train,0,0,0,0,0,0,0,0,0,0,0,0,0,0,0,0,0,0,0,0,0,0,0,0,0,0,0,0,0,0,28.6643427,77.2166836
NCT OF DELHI,Rural,Central Delhi,Water transport,0,0,0,0,0,0,0,0,0,0,0,0,0,0,0,0,0,0,0,0,0,0,0,0,0,0,0,0,0,0,28.6643427,77.2166836
NCT OF DELHI,Rural,Central Delhi,Any other,0,0,0,0,0,0,0,0,0,0,0,0,0,0,0,0,0,0,0,0,0,0,0,0,0,0,0,0,0,0,28.6643427,77.2166836
NCT OF DELHI,Rural,Central Delhi,No travel,0,0,0,0,0,0,0,0,0,0,0,0,0,0,0,0,0,0,0,0,0,0,0,0,0,0,0,0,0,0,28.6643427,77.2166836
NCT OF DELHI,Urban,Central Delhi,All Modes,195274,167459,27815,42765,34390,8375,58028,52131,5897,47741,41423,6318,23937,20422,3515,13034,10986,2048,5682,4640,1042,1983,1671,312,739,644,95,1365,1152,213,28.6643427,77.2166836
NCT OF DELHI,Urban,Central Delhi,On foot,73332,65676,7656,0,0,0,50778,45696,5082,17326,15447,1879,5228,4533,695,0,0,0,0,0,0,0,0,0,0,0,0,0,0,0,28.6643427,77.2166836
NCT OF DELHI,Urban,Central Delhi,Bicycle,5882,5693,189,0,0,0,879,838,41,3457,3366,91,981,957,24,257,242,15,308,290,18,0,0,0,0,0,0,0,0,0,28.6643427,77.2166836
NCT OF DELHI,Urban,Central Delhi,Moped/Scooter/Motor Cycle,19306,18541,765,0,0,0,2691,2602,89,8415,8034,381,4030,3874,156,2634,2558,76,850,822,28,257,250,7,101,93,8,328,308,20,28.6643427,77.2166836
NCT OF DELHI,Urban,Central Delhi,Car/Jeep/Van,14417,11659,2758,0,0,0,1271,1065,206,4099,3367,732,3065,2498,567,2901,2318,583,1958,1495,463,682,547,135,157,135,22,284,234,50,28.6643427,77.2166836
NCT OF DELHI,Urban,Central Delhi,Tempo/Autorickshaw/Taxi,3003,2187,816,0,0,0,370,285,85,1074,665,409,515,375,140,466,380,86,258,204,54,165,140,25,78,73,5,77,65,12,28.6643427,77.2166836
NCT OF DELHI,Urban,Central Delhi,Bus,29930,24390,5540,0,0,0,1420,1171,249,11683,9285,2398,8866,7288,1578,5352,4470,882,1381,1148,233,527,454,73,213,179,34,488,395,93,28.6643427,77.2166836
NCT OF DELHI,Urban,Central Delhi,Train,4280,3144,1136,0,0,0,190,152,38,784,559,225,932,654,278,1139,817,322,683,516,167,270,212,58,170,146,24,112,88,24,28.6643427,77.2166836
NCT OF DELHI,Urban,Central Delhi,Water transport,73,55,18,0,0,0,25,20,5,19,14,5,13,10,3,2,0,2,6,4,2,0,0,0,2,2,0,6,5,1,28.6643427,77.2166836
NCT OF DELHI,Urban,Central Delhi,Any other,2286,1724,562,0,0,0,404,302,102,884,686,198,307,233,74,283,201,82,238,161,77,82,68,14,18,16,2,70,57,13,28.6643427,77.2166836
NCT OF DELHI,Urban,Central Delhi,No travel,42765,34390,8375,42765,34390,8375,0,0,0,0,0,0,0,0,0,0,0,0,0,0,0,0,0,0,0,0,0,0,0,0,28.6643427,77.2166836
UTTAR PRADESH,Total,Baghpat,All Modes,197130,163930,33200,83732,60175,23557,29673,25156,4517,28343,25848,2495,16122,14929,1193,8264,7892,372,7634,7359,275,10696,10368,328,11075,10692,383,1591,1511,80,28.9421618,77.2261452
UTTAR PRADESH,Total,Baghpat,On foot,39829,33252,6577,0,0,0,24572,20347,4225,10274,8651,1623,4983,4254,729,0,0,0,0,0,0,0,0,0,0,0,0,0,0,0,28.9421618,77.2261452
UTTAR PRADESH,Total,Baghpat,Bicycle,25199,24574,625,0,0,0,2757,2664,93,12075,11749,326,6206,6095,111,2125,2089,36,2036,1977,59,0,0,0,0,0,0,0,0,0,28.9421618,77.2261452
UTTAR PRADESH,Total,Baghpat,Moped/Scooter/Motor Cycle,8173,7966,207,0,0,0,918,885,33,2340,2262,78,1200,1174,26,1251,1227,24,800,791,9,924,910,14,481,465,16,259,252,7,28.9421618,77.2261452
UTTAR PRADESH,Total,Baghpat,Car/Jeep/Van,1734,1611,123,0,0,0,158,136,22,243,214,29,179,165,14,229,212,17,167,161,6,333,322,11,346,328,18,79,73,6,28.9421618,77.2261452
UTTAR PRADESH,Total,Baghpat,Tempo/Autorickshaw/Taxi,3163,2876,287,0,0,0,148,116,32,821,692,129,783,727,56,525,492,33,207,201,6,376,355,21,208,206,2,95,87,8,28.9421618,77.2261452
UTTAR PRADESH,Total,Baghpat,Bus,16617,15414,1203,0,0,0,411,352,59,1231,1000,231,1999,1774,225,2696,2489,207,1994,1857,137,3637,3495,142,4172,3998,174,477,449,28,28.9421618,77.2261452
UTTAR PRADESH,Total,Baghpat,Train,15909,15431,478,0,0,0,359,339,20,463,431,32,367,352,15,1101,1066,35,2322,2270,52,5235,5102,133,5515,5348,167,547,523,24,28.9421618,77.2261452
UTTAR PRADESH,Total,Baghpat,Water transport,97,91,6,0,0,0,20,18,2,14,11,3,12,12,0,4,4,0,3,3,0,9,9,0,25,25,0,10,9,1,28.9421618,77.2261452
UTTAR PRADESH,Total,Baghpat,Any other,2677,2540,137,0,0,0,330,299,31,882,838,44,393,376,17,333,313,20,105,99,6,182,175,7,328,322,6,124,118,6,28.9421618,77.2261452
UTTAR PRADESH,Total,Baghpat,No travel,83732,60175,23557,83732,60175,23557,0,0,0,0,0,0,0,0,0,0,0,0,0,0,0,0,0,0,0,0,0,0,0,0,28.9421618,77.2261452
UTTAR PRADESH,Rural,Baghpat,All Modes,136629,109860,26769,65127,45071,20056,14797,11503,3294,16031,14411,1620,11564,10726,838,6351,6112,239,5833,5646,187,7784,7569,215,8002,7742,260,1140,1080,60,28.9421618,77.2261452
UTTAR PRADESH,Rural,Baghpat,On foot,20285,15568,4717,0,0,0,12437,9338,3099,5080,4004,1076,2768,2226,542,0,0,0,0,0,0,0,0,0,0,0,0,0,0,0,28.9421618,77.2261452
UTTAR PRADESH,Rural,Baghpat,Bicycle,17162,16665,497,0,0,0,1319,1238,81,7590,7340,250,4977,4882,95,1703,1676,27,1573,1529,44,0,0,0,0,0,0,0,0,0,28.9421618,77.2261452
UTTAR PRADESH,Rural,Baghpat,Moped/Scooter/Motor Cycle,4875,4756,119,0,0,0,220,203,17,997,957,40,869,855,14,911,895,16,623,617,6,724,717,7,391,377,14,140,135,5,28.9421618,77.2261452
UTTAR PRADESH,Rural,Baghpat,Car/Jeep/Van,999,940,59,0,0,0,69,58,11,105,94,11,129,124,5,151,141,10,90,88,2,214,210,4,195,184,11,46,41,5,28.9421618,77.2261452
UTTAR PRADESH,Rural,Baghpat,Tempo/Autorickshaw/Taxi,2488,2312,176,0,0,0,89,73,16,577,507,70,699,664,35,455,430,25,170,165,5,298,282,16,139,137,2,61,54,7,28.9421618,77.2261452
UTTAR PRADESH,Rural,Baghpat,Bus,12462,11761,701,0,0,0,235,208,27,852,742,110,1554,1427,127,1981,1859,122,1611,1515,96,2724,2641,83,3135,3019,116,370,350,20,28.9421618,77.2261452
UTTAR PRADESH,Rural,Baghpat,Train,11413,11071,342,0,0,0,233,217,16,300,277,23,267,257,10,909,879,30,1677,1646,31,3697,3597,100,3905,3791,114,425,407,18,28.9421618,77.2261452
UTTAR PRADESH,Rural,Baghpat,Water transport,77,73,4,0,0,0,15,13,2,11,9,2,12,12,0,4,4,0,2,2,0,7,7,0,18,18,0,8,8,0,28.9421618,77.2261452
UTTAR PRADESH,Rural,Baghpat,Any other,1741,1643,98,0,0,0,180,155,25,519,481,38,289,279,10,237,228,9,87,84,3,120,115,5,219,216,3,90,85,5,28.9421618,77.2261452
UTTAR PRADESH,Rural,Baghpat,No travel,65127,45071,20056,65127,45071,20056,0,0,0,0,0,0,0,0,0,0,0,0,0,0,0,0,0,0,0,0,0,0,0,0,28.9421618,77.2261452
UTTAR PRADESH,Urban,Baghpat,All Modes,60501,54070,6431,18605,15104,3501,14876,13653,1223,12312,11437,875,4558,4203,355,1913,1780,133,1801,1713,88,2912,2799,113,3073,2950,123,451,431,20,28.9421618,77.2261452
UTTAR PRADESH,Urban,Baghpat,On foot,19544,17684,1860,0,0,0,12135,11009,1126,5194,4647,547,2215,2028,187,0,0,0,0,0,0,0,0,0,0,0,0,0,0,0,28.9421618,77.2261452
UTTAR PRADESH,Urban,Baghpat,Bicycle,8037,7909,128,0,0,0,1438,1426,12,4485,4409,76,1229,1213,16,422,413,9,463,448,15,0,0,0,0,0,0,0,0,0,28.9421618,77.2261452
UTTAR PRADESH,Urban,Baghpat,Moped/Scooter/Motor Cycle,3298,3210,88,0,0,0,698,682,16,1343,1305,38,331,319,12,340,332,8,177,174,3,200,193,7,90,88,2,119,117,2,28.9421618,77.2261452
UTTAR PRADESH,Urban,Baghpat,Car/Jeep/Van,735,671,64,0,0,0,89,78,11,138,120,18,50,41,9,78,71,7,77,73,4,119,112,7,151,144,7,33,32,1,28.9421618,77.2261452
UTTAR PRADESH,Urban,Baghpat,Tempo/Autorickshaw/Taxi,675,564,111,0,0,0,59,43,16,244,185,59,84,63,21,70,62,8,37,36,1,78,73,5,69,69,0,34,33,1,28.9421618,77.2261452
UTTAR PRADESH,Urban,Baghpat,Bus,4155,3653,502,0,0,0,176,144,32,379,258,121,445,347,98,715,630,85,383,342,41,913,854,59,1037,979,58,107,99,8,28.9421618,77.2261452
UTTAR PRADESH,Urban,Baghpat,Train,4496,4360,136,0,0,0,126,122,4,163,154,9,100,95,5,192,187,5,645,624,21,1538,1505,33,1610,1557,53,122,116,6,28.9421618,77.2261452
UTTAR PRADESH,Urban,Baghpat,Water transport,20,18,2,0,0,0,5,5,0,3,2,1,0,0,0,0,0,0,1,1,0,2,2,0,7,7,0,2,1,1,28.9421618,77.2261452
UTTAR PRADESH,Urban,Baghpat,Any other,936,897,39,0,0,0,150,144,6,363,357,6,104,97,7,96,85,11,18,15,3,62,60,2,109,106,3,34,33,1,28.9421618,77.2261452
UTTAR PRADESH,Urban,Baghpat,No travel,18605,15104,3501,18605,15104,3501,0,0,0,0,0,0,0,0,0,0,0,0,0,0,0,0,0,0,0,0,0,0,0,0,28.9421618,77.2261452
NCT OF DELHI,Total,North East Delhi,All Modes,626007,564742,61265,119859,99144,20715,93895,82678,11217,140469,128918,11551,116731,109539,7192,98341,91812,6529,34691,32229,2462,13807,12812,995,4565,4227,338,3649,3383,266,28.7183693,77.2580268
NCT OF DELHI,Total,North East Delhi,On foot,133390,117440,15950,0,0,0,75292,65345,9947,43804,39138,4666,14294,12957,1337,0,0,0,0,0,0,0,0,0,0,0,0,0,0,0,28.7183693,77.2580268
NCT OF DELHI,Total,North East Delhi,Bicycle,91624,90296,1328,0,0,0,5978,5840,138,39111,38470,641,27274,26991,283,14936,14764,172,4325,4231,94,0,0,0,0,0,0,0,0,0,28.7183693,77.2580268
NCT OF DELHI,Total,North East Delhi,Moped/Scooter/Motor Cycle,93733,91293,2440,0,0,0,5871,5652,219,24093,23194,899,24444,23872,572,25501,25002,499,8863,8717,146,3133,3076,57,752,733,19,1076,1047,29,28.7183693,77.2580268
NCT OF DELHI,Total,North East Delhi,Car/Jeep/Van,19433,17092,2341,0,0,0,882,762,120,2860,2422,438,3641,3259,382,5929,5169,760,3115,2780,335,2184,1949,235,550,509,41,272,242,30,28.7183693,77.2580268
NCT OF DELHI,Total,North East Delhi,Tempo/Autorickshaw/Taxi,22604,19552,3052,0,0,0,1505,1271,234,7367,5687,1680,6050,5393,657,3798,3520,278,1521,1415,106,1355,1312,43,500,488,12,508,466,42,28.7183693,77.2580268
NCT OF DELHI,Total,North East Delhi,Bus,122634,110541,12093,0,0,0,3053,2689,364,19001,16362,2639,36827,33276,3551,41221,37634,3587,14010,12791,1219,5519,5061,458,1656,1497,159,1347,1231,116,28.7183693,77.2580268
NCT OF DELHI,Total,North East Delhi,Train,15704,13272,2432,0,0,0,540,463,77,1469,1325,144,2683,2376,307,5984,4867,1117,2466,1973,493,1365,1190,175,946,858,88,251,220,31,28.7183693,77.2580268
NCT OF DELHI,Total,North East Delhi,Water transport,251,221,30,0,0,0,49,45,4,30,24,6,48,45,3,68,60,8,22,18,4,9,8,1,13,11,2,12,10,2,28.7183693,77.2580268
NCT OF DELHI,Total,North East Delhi,Any other,6775,5891,884,0,0,0,725,611,114,2734,2296,438,1470,1370,100,904,796,108,369,304,65,242,216,26,148,131,17,183,167,16,28.7183693,77.2580268
NCT OF DELHI,Total,North East Delhi,No travel,119859,99144,20715,119859,99144,20715,0,0,0,0,0,0,0,0,0,0,0,0,0,0,0,0,0,0,0,0,0,0,0,0,28.7183693,77.2580268
NCT OF DELHI,Rural,North East Delhi,All Modes,4993,4684,309,901,795,106,707,619,88,998,937,61,771,747,24,1113,1092,21,328,322,6,105,105,0,22,22,0,48,45,3,28.7183693,77.2580268
NCT OF DELHI,Rural,North East Delhi,On foot,974,842,132,0,0,0,560,475,85,328,287,41,86,80,6,0,0,0,0,0,0,0,0,0,0,0,0,0,0,0,28.7183693,77.2580268
NCT OF DELHI,Rural,North East Delhi,Bicycle,1105,1095,10,0,0,0,62,61,1,353,348,5,270,270,0,355,351,4,65,65,0,0,0,0,0,0,0,0,0,0,28.7183693,77.2580268
NCT OF DELHI,Rural,North East Delhi,Moped/Scooter/Motor Cycle,798,791,7,0,0,0,39,39,0,156,155,1,178,174,4,280,280,0,89,88,1,33,33,0,9,9,0,14,13,1,28.7183693,77.2580268
NCT OF DELHI,Rural,North East Delhi,Car/Jeep/Van,95,93,2,0,0,0,6,6,0,15,15,0,21,20,1,21,21,0,20,19,1,8,8,0,0,0,0,4,4,0,28.7183693,77.2580268
NCT OF DELHI,Rural,North East Delhi,Tempo/Autorickshaw/Taxi,176,165,11,0,0,0,14,13,1,50,44,6,37,35,2,41,39,2,13,13,0,11,11,0,1,1,0,9,9,0,28.7183693,77.2580268
NCT OF DELHI,Rural,North East Delhi,Bus,844,807,37,0,0,0,9,8,1,59,53,6,166,155,11,394,381,13,139,135,4,50,50,0,7,7,0,20,18,2,28.7183693,77.2580268
NCT OF DELHI,Rural,North East Delhi,Train,42,40,2,0,0,0,3,3,0,13,13,0,5,5,0,11,9,2,2,2,0,2,2,0,5,5,0,1,1,0,28.7183693,77.2580268
NCT OF DELHI,Rural,North East Delhi,Water transport,0,0,0,0,0,0,0,0,0,0,0,0,0,0,0,0,0,0,0,0,0,0,0,0,0,0,0,0,0,0,28.7183693,77.2580268
NCT OF DELHI,Rural,North East Delhi,Any other,58,56,2,0,0,0,14,14,0,24,22,2,8,8,0,11,11,0,0,0,0,1,1,0,0,0,0,0,0,0,28.7183693,77.2580268
NCT OF DELHI,Rural,North East Delhi,No travel,901,795,106,901,795,106,0,0,0,0,0,0,0,0,0,0,0,0,0,0,0,0,0,0,0,0,0,0,0,0,28.7183693,77.2580268
NCT OF DELHI,Urban,North East Delhi,All Modes,621014,560058,60956,118958,98349,20609,93188,82059,11129,139471,127981,11490,115960,108792,7168,97228,90720,6508,34363,31907,2456,13702,12707,995,4543,4205,338,3601,3338,263,28.7183693,77.2580268
NCT OF DELHI,Urban,North East Delhi,On foot,132416,116598,15818,0,0,0,74732,64870,9862,43476,38851,4625,14208,12877,1331,0,0,0,0,0,0,0,0,0,0,0,0,0,0,0,28.7183693,77.2580268
NCT OF DELHI,Urban,North East Delhi,Bicycle,90519,89201,1318,0,0,0,5916,5779,137,38758,38122,636,27004,26721,283,14581,14413,168,4260,4166,94,0,0,0,0,0,0,0,0,0,28.7183693,77.2580268
NCT OF DELHI,Urban,North East Delhi,Moped/Scooter/Motor Cycle,92935,90502,2433,0,0,0,5832,5613,219,23937,23039,898,24266,23698,568,25221,24722,499,8774,8629,145,3100,3043,57,743,724,19,1062,1034,28,28.7183693,77.2580268
NCT OF DELHI,Urban,North East Delhi,Car/Jeep/Van,19338,16999,2339,0,0,0,876,756,120,2845,2407,438,3620,3239,381,5908,5148,760,3095,2761,334,2176,1941,235,550,509,41,268,238,30,28.7183693,77.2580268
NCT OF DELHI,Urban,North East Delhi,Tempo/Autorickshaw/Taxi,22428,19387,3041,0,0,0,1491,1258,233,7317,5643,1674,6013,5358,655,3757,3481,276,1508,1402,106,1344,1301,43,499,487,12,499,457,42,28.7183693,77.2580268
NCT OF DELHI,Urban,North East Delhi,Bus,121790,109734,12056,0,0,0,3044,2681,363,18942,16309,2633,36661,33121,3540,40827,37253,3574,13871,12656,1215,5469,5011,458,1649,1490,159,1327,1213,114,28.7183693,77.2580268
NCT OF DELHI,Urban,North East Delhi,Train,15662,13232,2430,0,0,0,537,460,77,1456,1312,144,2678,2371,307,5973,4858,1115,2464,1971,493,1363,1188,175,941,853,88,250,219,31,28.7183693,77.2580268
NCT OF DELHI,Urban,North East Delhi,Water transport,251,221,30,0,0,0,49,45,4,30,24,6,48,45,3,68,60,8,22,18,4,9,8,1,13,11,2,12,10,2,28.7183693,77.2580268
NCT OF DELHI,Urban,North East Delhi,Any other,6717,5835,882,0,0,0,711,597,114,2710,2274,436,1462,1362,100,893,785,108,369,304,65,241,215,26,148,131,17,183,167,16,28.7183693,77.2580268
NCT OF DELHI,Urban,North East Delhi,No travel,118958,98349,20609,118958,98349,20609,0,0,0,0,0,0,0,0,0,0,0,0,0,0,0,0,0,0,0,0,0,0,0,0,28.7183693,77.2580268
HARYANA,Total,Yamunanagar,All Modes,242179,209522,32657,54157,40649,13508,46852,39773,7079,71463,64881,6582,35929,33011,2918,14950,13941,1009,7377,6929,448,3633,3281,352,5485,4952,533,2333,2105,228,30.1290485,77.2673901
HARYANA,Total,Yamunanagar,On foot,55475,45323,10152,0,0,0,31916,25779,6137,14932,12299,2633,8627,7245,1382,0,0,0,0,0,0,0,0,0,0,0,0,0,0,0,30.1290485,77.2673901
HARYANA,Total,Yamunanagar,Bicycle,63965,62381,1584,0,0,0,7596,7384,212,32919,32026,893,14770,14493,277,5228,5129,99,3452,3349,103,0,0,0,0,0,0,0,0,0,30.1290485,77.2673901
HARYANA,Total,Yamunanagar,Moped/Scooter/Motor Cycle,39925,37216,2709,0,0,0,5612,5214,398,17381,15973,1408,8157,7663,494,5006,4779,227,1510,1463,47,827,784,43,289,273,16,1143,1067,76,30.1290485,77.2673901
HARYANA,Total,Yamunanagar,Car/Jeep/Van,5068,4508,560,0,0,0,637,552,85,2006,1743,263,855,779,76,573,528,45,252,230,22,273,251,22,312,283,29,160,142,18,30.1290485,77.2673901
HARYANA,Total,Yamunanagar,Tempo/Autorickshaw/Taxi,5177,3617,1560,0,0,0,387,252,135,2272,1296,976,1435,1137,298,544,466,78,102,93,9,141,127,14,100,91,9,196,155,41,30.1290485,77.2673901
HARYANA,Total,Yamunanagar,Bus,12710,10485,2225,0,0,0,265,193,72,855,530,325,1373,1014,359,2948,2422,526,1684,1441,243,1771,1540,231,3407,3009,398,407,336,71,30.1290485,77.2673901
HARYANA,Total,Yamunanagar,Train,3189,2966,223,0,0,0,162,144,18,363,336,27,215,200,15,305,280,25,288,273,15,488,449,39,1101,1032,69,267,252,15,30.1290485,77.2673901
HARYANA,Total,Yamunanagar,Water transport,114,102,12,0,0,0,18,16,2,20,17,3,15,13,2,9,8,1,3,3,0,11,10,1,22,20,2,16,15,1,30.1290485,77.2673901
HARYANA,Total,Yamunanagar,Any other,2399,2275,124,0,0,0,259,239,20,715,661,54,482,467,15,337,329,8,86,77,9,122,120,2,254,244,10,144,138,6,30.1290485,77.2673901
HARYANA,Total,Yamunanagar,No travel,54157,40649,13508,54157,40649,13508,0,0,0,0,0,0,0,0,0,0,0,0,0,0,0,0,0,0,0,0,0,0,0,0,30.1290485,77.2673901
HARYANA,Rural,Yamunanagar,All Modes,102068,87775,14293,28124,20472,7652,15570,12286,3284,19723,18281,1442,19649,18450,1199,10219,9904,315,4105,3942,163,1764,1674,90,2170,2059,111,744,707,37,30.1290485,77.2673901
HARYANA,Rural,Yamunanagar,On foot,20158,15457,4701,0,0,0,12238,9115,3123,3927,3098,829,3993,3244,749,0,0,0,0,0,0,0,0,0,0,0,0,0,0,0,30.1290485,77.2673901
HARYANA,Rural,Yamunanagar,Bicycle,28990,28414,576,0,0,0,2157,2096,61,11148,10871,277,9833,9701,132,4230,4166,64,1622,1580,42,0,0,0,0,0,0,0,0,0,30.1290485,77.2673901
HARYANA,Rural,Yamunanagar,Moped/Scooter/Motor Cycle,13683,13202,481,0,0,0,744,701,43,3467,3301,166,3979,3845,134,3536,3449,87,1049,1024,25,445,433,12,138,132,6,325,317,8,30.1290485,77.2673901
HARYANA,Rural,Yamunanagar,Car/Jeep/Van,937,874,63,0,0,0,89,77,12,171,158,13,188,176,12,197,185,12,97,92,5,85,82,3,72,67,5,38,37,1,30.1290485,77.2673901
HARYANA,Rural,Yamunanagar,Tempo/Autorickshaw/Taxi,1245,1105,140,0,0,0,67,52,15,248,195,53,474,437,37,272,252,20,57,52,5,52,51,1,28,27,1,47,39,8,30.1290485,77.2673901
HARYANA,Rural,Yamunanagar,Bus,6385,5794,591,0,0,0,115,96,19,361,270,91,776,655,121,1542,1427,115,1054,975,79,941,873,68,1437,1351,86,159,147,12,30.1290485,77.2673901
HARYANA,Rural,Yamunanagar,Train,1300,1250,50,0,0,0,57,54,3,117,110,7,134,128,6,200,189,11,169,165,4,166,162,4,350,339,11,107,103,4,30.1290485,77.2673901
HARYANA,Rural,Yamunanagar,Water transport,55,48,7,0,0,0,11,9,2,5,5,0,8,6,2,5,5,0,2,2,0,6,5,1,12,11,1,6,5,1,30.1290485,77.2673901
HARYANA,Rural,Yamunanagar,Any other,1191,1159,32,0,0,0,92,86,6,279,273,6,264,258,6,237,231,6,55,52,3,69,68,1,133,132,1,62,59,3,30.1290485,77.2673901
HARYANA,Rural,Yamunanagar,No travel,28124,20472,7652,28124,20472,7652,0,0,0,0,0,0,0,0,0,0,0,0,0,0,0,0,0,0,0,0,0,0,0,0,30.1290485,77.2673901
HARYANA,Urban,Yamunanagar,All Modes,140111,121747,18364,26033,20177,5856,31282,27487,3795,51740,46600,5140,16280,14561,1719,4731,4037,694,3272,2987,285,1869,1607,262,3315,2893,422,1589,1398,191,30.1290485,77.2673901
HARYANA,Urban,Yamunanagar,On foot,35317,29866,5451,0,0,0,19678,16664,3014,11005,9201,1804,4634,4001,633,0,0,0,0,0,0,0,0,0,0,0,0,0,0,0,30.1290485,77.2673901
HARYANA,Urban,Yamunanagar,Bicycle,34975,33967,1008,0,0,0,5439,5288,151,21771,21155,616,4937,4792,145,998,963,35,1830,1769,61,0,0,0,0,0,0,0,0,0,30.1290485,77.2673901
HARYANA,Urban,Yamunanagar,Moped/Scooter/Motor Cycle,26242,24014,2228,0,0,0,4868,4513,355,13914,12672,1242,4178,3818,360,1470,1330,140,461,439,22,382,351,31,151,141,10,818,750,68,30.1290485,77.2673901
HARYANA,Urban,Yamunanagar,Car/Jeep/Van,4131,3634,497,0,0,0,548,475,73,1835,1585,250,667,603,64,376,343,33,155,138,17,188,169,19,240,216,24,122,105,17,30.1290485,77.2673901
HARYANA,Urban,Yamunanagar,Tempo/Autorickshaw/Taxi,3932,2512,1420,0,0,0,320,200,120,2024,1101,923,961,700,261,272,214,58,45,41,4,89,76,13,72,64,8,149,116,33,30.1290485,77.2673901
HARYANA,Urban,Yamunanagar,Bus,6325,4691,1634,0,0,0,150,97,53,494,260,234,597,359,238,1406,995,411,630,466,164,830,667,163,1970,1658,312,248,189,59,30.1290485,77.2673901
HARYANA,Urban,Yamunanagar,Train,1889,1716,173,0,0,0,105,90,15,246,226,20,81,72,9,105,91,14,119,108,11,322,287,35,751,693,58,160,149,11,30.1290485,77.2673901
HARYANA,Urban,Yamunanagar,Water transport,59,54,5,0,0,0,7,7,0,15,12,3,7,7,0,4,3,1,1,1,0,5,5,0,10,9,1,10,10,0,30.1290485,77.2673901
HARYANA,Urban,Yamunanagar,Any other,1208,1116,92,0,0,0,167,153,14,436,388,48,218,209,9,100,98,2,31,25,6,53,52,1,121,112,9,82,79,3,30.1290485,77.2673901
HARYANA,Urban,Yamunanagar,No travel,26033,20177,5856,26033,20177,5856,0,0,0,0,0,0,0,0,0,0,0,0,0,0,0,0,0,0,0,0,0,0,0,0,30.1290485,77.2673901
KARNATAKA,Total,Ramanagara,All Modes,203146,147707,55439,72825,45943,26882,30399,21672,8727,28388,21746,6642,23397,18006,5391,12190,9816,2374,6531,5521,1010,11598,9824,1774,16751,14225,2526,1067,954,113,12.7208614,77.2798963
KARNATAKA,Total,Ramanagara,On foot,44980,30475,14505,0,0,0,24549,16487,8062,11822,7958,3864,8609,6030,2579,0,0,0,0,0,0,0,0,0,0,0,0,0,0,0,12.7208614,77.2798963
KARNATAKA,Total,Ramanagara,Bicycle,7594,7309,285,0,0,0,1147,1106,41,3582,3447,135,1415,1376,39,685,667,18,765,713,52,0,0,0,0,0,0,0,0,0,12.7208614,77.2798963
KARNATAKA,Total,Ramanagara,Moped/Scooter/Motor Cycle,13196,12594,602,0,0,0,2397,2280,117,4490,4226,264,2512,2406,106,1701,1652,49,636,618,18,621,607,14,484,466,18,355,339,16,12.7208614,77.2798963
KARNATAKA,Total,Ramanagara,Car/Jeep/Van,2385,2086,299,0,0,0,203,171,32,413,330,83,324,277,47,253,213,40,154,135,19,431,391,40,526,492,34,81,77,4,12.7208614,77.2798963
KARNATAKA,Total,Ramanagara,Tempo/Autorickshaw/Taxi,6617,5261,1356,0,0,0,480,390,90,2376,1677,699,1527,1215,312,882,747,135,309,264,45,412,374,38,424,401,23,207,193,14,12.7208614,77.2798963
KARNATAKA,Total,Ramanagara,Bus,50464,39703,10761,0,0,0,1353,1016,337,5315,3765,1550,8718,6442,2276,8371,6290,2081,4523,3660,863,9228,7671,1557,12681,10643,2038,275,216,59,12.7208614,77.2798963
KARNATAKA,Total,Ramanagara,Train,4013,3374,639,0,0,0,156,130,26,196,166,30,127,110,17,185,155,30,105,94,11,720,618,102,2444,2039,405,80,62,18,12.7208614,77.2798963
KARNATAKA,Total,Ramanagara,Water transport,75,61,14,0,0,0,5,4,1,12,11,1,21,15,6,7,5,2,1,1,0,10,9,1,15,12,3,4,4,0,12.7208614,77.2798963
KARNATAKA,Total,Ramanagara,Any other,997,901,96,0,0,0,109,88,21,182,166,16,144,135,9,106,87,19,38,36,2,176,154,22,177,172,5,65,63,2,12.7208614,77.2798963
KARNATAKA,Total,Ramanagara,No travel,72825,45943,26882,72825,45943,26882,0,0,0,0,0,0,0,0,0,0,0,0,0,0,0,0,0,0,0,0,0,0,0,0,12.7208614,77.2798963
KARNATAKA,Rural,Ramanagara,All Modes,112022,79105,32917,42978,25637,17341,10260,6708,3552,13350,9796,3554,13687,10440,3247,8533,6908,1625,4524,3835,689,7454,6321,1133,10887,9168,1719,349,292,57,12.7208614,77.2798963
KARNATAKA,Rural,Ramanagara,On foot,17254,10915,6339,0,0,0,8439,5192,3247,4919,3106,1813,3896,2617,1279,0,0,0,0,0,0,0,0,0,0,0,0,0,0,0,12.7208614,77.2798963
KARNATAKA,Rural,Ramanagara,Bicycle,3313,3182,131,0,0,0,251,234,17,1323,1279,44,840,814,26,478,465,13,421,390,31,0,0,0,0,0,0,0,0,0,12.7208614,77.2798963
KARNATAKA,Rural,Ramanagara,Moped/Scooter/Motor Cycle,5587,5342,245,0,0,0,390,369,21,1564,1472,92,1394,1332,62,1031,1003,28,418,405,13,420,408,12,302,292,10,68,61,7,12.7208614,77.2798963
KARNATAKA,Rural,Ramanagara,Car/Jeep/Van,1408,1226,182,0,0,0,71,60,11,220,167,53,208,172,36,174,148,26,103,90,13,291,266,25,318,301,17,23,22,1,12.7208614,77.2798963
KARNATAKA,Rural,Ramanagara,Tempo/Autorickshaw/Taxi,4529,3503,1026,0,0,0,209,169,40,1679,1156,523,1185,914,271,679,557,122,194,170,24,275,255,20,247,231,16,61,51,10,12.7208614,77.2798963
KARNATAKA,Rural,Ramanagara,Bus,34465,27221,7244,0,0,0,778,585,193,3446,2443,1003,6000,4445,1555,5974,4577,1397,3315,2714,601,6105,5086,1019,8701,7256,1445,146,115,31,12.7208614,77.2798963
KARNATAKA,Rural,Ramanagara,Train,1820,1491,329,0,0,0,48,39,9,101,86,15,59,49,10,112,93,19,45,40,5,210,172,38,1219,993,226,26,19,7,12.7208614,77.2798963
KARNATAKA,Rural,Ramanagara,Water transport,48,39,9,0,0,0,2,1,1,7,6,1,17,13,4,6,5,1,1,1,0,5,5,0,9,7,2,1,1,0,12.7208614,77.2798963
KARNATAKA,Rural,Ramanagara,Any other,620,549,71,0,0,0,72,59,13,91,81,10,88,84,4,79,60,19,27,25,2,148,129,19,91,88,3,24,23,1,12.7208614,77.2798963
KARNATAKA,Rural,Ramanagara,No travel,42978,25637,17341,42978,25637,17341,0,0,0,0,0,0,0,0,0,0,0,0,0,0,0,0,0,0,0,0,0,0,0,0,12.7208614,77.2798963
KARNATAKA,Urban,Ramanagara,All Modes,91124,68602,22522,29847,20306,9541,20139,14964,5175,15038,11950,3088,9710,7566,2144,3657,2908,749,2007,1686,321,4144,3503,641,5864,5057,807,718,662,56,12.7208614,77.2798963
KARNATAKA,Urban,Ramanagara,On foot,27726,19560,8166,0,0,0,16110,11295,4815,6903,4852,2051,4713,3413,1300,0,0,0,0,0,0,0,0,0,0,0,0,0,0,0,12.7208614,77.2798963
KARNATAKA,Urban,Ramanagara,Bicycle,4281,4127,154,0,0,0,896,872,24,2259,2168,91,575,562,13,207,202,5,344,323,21,0,0,0,0,0,0,0,0,0,12.7208614,77.2798963
KARNATAKA,Urban,Ramanagara,Moped/Scooter/Motor Cycle,7609,7252,357,0,0,0,2007,1911,96,2926,2754,172,1118,1074,44,670,649,21,218,213,5,201,199,2,182,174,8,287,278,9,12.7208614,77.2798963
KARNATAKA,Urban,Ramanagara,Car/Jeep/Van,977,860,117,0,0,0,132,111,21,193,163,30,116,105,11,79,65,14,51,45,6,140,125,15,208,191,17,58,55,3,12.7208614,77.2798963
KARNATAKA,Urban,Ramanagara,Tempo/Autorickshaw/Taxi,2088,1758,330,0,0,0,271,221,50,697,521,176,342,301,41,203,190,13,115,94,21,137,119,18,177,170,7,146,142,4,12.7208614,77.2798963
KARNATAKA,Urban,Ramanagara,Bus,15999,12482,3517,0,0,0,575,431,144,1869,1322,547,2718,1997,721,2397,1713,684,1208,946,262,3123,2585,538,3980,3387,593,129,101,28,12.7208614,77.2798963
KARNATAKA,Urban,Ramanagara,Train,2193,1883,310,0,0,0,108,91,17,95,80,15,68,61,7,73,62,11,60,54,6,510,446,64,1225,1046,179,54,43,11,12.7208614,77.2798963
KARNATAKA,Urban,Ramanagara,Water transport,27,22,5,0,0,0,3,3,0,5,5,0,4,2,2,1,0,1,0,0,0,5,4,1,6,5,1,3,3,0,12.7208614,77.2798963
KARNATAKA,Urban,Ramanagara,Any other,377,352,25,0,0,0,37,29,8,91,85,6,56,51,5,27,27,0,11,11,0,28,25,3,86,84,2,41,40,1,12.7208614,77.2798963
KARNATAKA,Urban,Ramanagara,No travel,29847,20306,9541,29847,20306,9541,0,0,0,0,0,0,0,0,0,0,0,0,0,0,0,0,0,0,0,0,0,0,0,0,12.7208614,77.2798963
NCT OF DELHI,Total,East Delhi,All Modes,555901,467077,88824,79475,63197,16278,85914,71586,14328,134243,113736,20507,106270,91311,14959,99376,83837,15539,26059,22370,3689,17211,14650,2561,3564,3151,413,3789,3239,550,28.6279559,77.2956273
NCT OF DELHI,Total,East Delhi,On foot,109375,89240,20135,0,0,0,65400,53364,12036,36416,29759,6657,7559,6117,1442,0,0,0,0,0,0,0,0,0,0,0,0,0,0,0,28.6279559,77.2956273
NCT OF DELHI,Total,East Delhi,Bicycle,40626,39414,1212,0,0,0,3714,3595,119,21916,21229,687,9897,9660,237,3571,3457,114,1528,1473,55,0,0,0,0,0,0,0,0,0,28.6279559,77.2956273
NCT OF DELHI,Total,East Delhi,Moped/Scooter/Motor Cycle,103944,99761,4183,0,0,0,9082,8719,363,33555,31833,1722,27572,26542,1030,24171,23368,803,5545,5396,149,2421,2366,55,528,514,14,1070,1023,47,28.6279559,77.2956273
NCT OF DELHI,Total,East Delhi,Car/Jeep/Van,72635,58549,14086,0,0,0,2625,2076,549,12049,9558,2491,17199,13888,3311,25048,20099,4949,6837,5555,1282,7106,5875,1231,930,820,110,841,678,163,28.6279559,77.2956273
NCT OF DELHI,Total,East Delhi,Tempo/Autorickshaw/Taxi,13411,9603,3808,0,0,0,1122,826,296,3859,2257,1602,2821,2029,792,2486,1768,718,1018,853,165,1402,1213,189,352,337,15,351,320,31,28.6279559,77.2956273
NCT OF DELHI,Total,East Delhi,Bus,109415,87072,22343,0,0,0,2688,2082,606,22494,16498,5996,35097,28315,6782,34951,28373,6578,8351,6956,1395,3871,3259,612,956,789,167,1007,800,207,28.6279559,77.2956273
NCT OF DELHI,Total,East Delhi,Train,19451,14921,4530,0,0,0,447,348,99,1479,1109,370,4754,3693,1061,7590,5624,1966,2301,1777,524,1903,1549,354,706,609,97,271,212,59,28.6279559,77.2956273
NCT OF DELHI,Total,East Delhi,Water transport,227,183,44,0,0,0,42,32,10,31,24,7,56,44,12,41,31,10,14,12,2,12,10,2,13,12,1,18,18,0,28.6279559,77.2956273
NCT OF DELHI,Total,East Delhi,Any other,7342,5137,2205,0,0,0,794,544,250,2444,1469,975,1315,1023,292,1518,1117,401,465,348,117,496,378,118,79,70,9,231,188,43,28.6279559,77.2956273
NCT OF DELHI,Total,East Delhi,No travel,79475,63197,16278,79475,63197,16278,0,0,0,0,0,0,0,0,0,0,0,0,0,0,0,0,0,0,0,0,0,0,0,0,28.6279559,77.2956273
NCT OF DELHI,Rural,East Delhi,All Modes,1233,967,266,130,95,35,86,71,15,155,117,38,303,235,68,330,271,59,58,47,11,64,51,13,6,5,1,101,75,26,28.6279559,77.2956273
NCT OF DELHI,Rural,East Delhi,On foot,69,47,22,0,0,0,38,30,8,13,6,7,18,11,7,0,0,0,0,0,0,0,0,0,0,0,0,0,0,0,28.6279559,77.2956273
NCT OF DELHI,Rural,East Delhi,Bicycle,46,45,1,0,0,0,5,5,0,9,8,1,24,24,0,4,4,0,4,4,0,0,0,0,0,0,0,0,0,0,28.6279559,77.2956273
NCT OF DELHI,Rural,East Delhi,Moped/Scooter/Motor Cycle,313,308,5,0,0,0,25,24,1,52,50,2,94,93,1,97,96,1,13,13,0,11,11,0,1,1,0,20,20,0,28.6279559,77.2956273
NCT OF DELHI,Rural,East Delhi,Car/Jeep/Van,272,212,60,0,0,0,10,6,4,33,28,5,63,48,15,92,73,19,15,11,4,21,18,3,3,3,0,35,25,10,28.6279559,77.2956273
NCT OF DELHI,Rural,East Delhi,Tempo/Autorickshaw/Taxi,32,18,14,0,0,0,1,1,0,8,5,3,11,7,4,9,4,5,1,0,1,1,1,0,0,0,0,1,0,1,28.6279559,77.2956273
NCT OF DELHI,Rural,East Delhi,Bus,234,147,87,0,0,0,4,3,1,31,15,16,62,36,26,80,57,23,13,10,3,17,11,6,1,0,1,26,15,11,28.6279559,77.2956273
NCT OF DELHI,Rural,East Delhi,Train,116,84,32,0,0,0,0,0,0,6,4,2,26,13,13,43,35,8,11,9,2,11,8,3,1,1,0,18,14,4,28.6279559,77.2956273
NCT OF DELHI,Rural,East Delhi,Water transport,0,0,0,0,0,0,0,0,0,0,0,0,0,0,0,0,0,0,0,0,0,0,0,0,0,0,0,0,0,0,28.6279559,77.2956273
NCT OF DELHI,Rural,East Delhi,Any other,21,11,10,0,0,0,3,2,1,3,1,2,5,3,2,5,2,3,1,0,1,3,2,1,0,0,0,1,1,0,28.6279559,77.2956273
NCT OF DELHI,Rural,East Delhi,No travel,130,95,35,130,95,35,0,0,0,0,0,0,0,0,0,0,0,0,0,0,0,0,0,0,0,0,0,0,0,0,28.6279559,77.2956273
NCT OF DELHI,Urban,East Delhi,All Modes,554668,466110,88558,79345,63102,16243,85828,71515,14313,134088,113619,20469,105967,91076,14891,99046,83566,15480,26001,22323,3678,17147,14599,2548,3558,3146,412,3688,3164,524,28.6279559,77.2956273
NCT OF DELHI,Urban,East Delhi,On foot,109306,89193,20113,0,0,0,65362,53334,12028,36403,29753,6650,7541,6106,1435,0,0,0,0,0,0,0,0,0,0,0,0,0,0,0,28.6279559,77.2956273
NCT OF DELHI,Urban,East Delhi,Bicycle,40580,39369,1211,0,0,0,3709,3590,119,21907,21221,686,9873,9636,237,3567,3453,114,1524,1469,55,0,0,0,0,0,0,0,0,0,28.6279559,77.2956273
NCT OF DELHI,Urban,East Delhi,Moped/Scooter/Motor Cycle,103631,99453,4178,0,0,0,9057,8695,362,33503,31783,1720,27478,26449,1029,24074,23272,802,5532,5383,149,2410,2355,55,527,513,14,1050,1003,47,28.6279559,77.2956273
NCT OF DELHI,Urban,East Delhi,Car/Jeep/Van,72363,58337,14026,0,0,0,2615,2070,545,12016,9530,2486,17136,13840,3296,24956,20026,4930,6822,5544,1278,7085,5857,1228,927,817,110,806,653,153,28.6279559,77.2956273
NCT OF DELHI,Urban,East Delhi,Tempo/Autorickshaw/Taxi,13379,9585,3794,0,0,0,1121,825,296,3851,2252,1599,2810,2022,788,2477,1764,713,1017,853,164,1401,1212,189,352,337,15,350,320,30,28.6279559,77.2956273
NCT OF DELHI,Urban,East Delhi,Bus,109181,86925,22256,0,0,0,2684,2079,605,22463,16483,5980,35035,28279,6756,34871,28316,6555,8338,6946,1392,3854,3248,606,955,789,166,981,785,196,28.6279559,77.2956273
NCT OF DELHI,Urban,East Delhi,Train,19335,14837,4498,0,0,0,447,348,99,1473,1105,368,4728,3680,1048,7547,5589,1958,2290,1768,522,1892,1541,351,705,608,97,253,198,55,28.6279559,77.2956273
NCT OF DELHI,Urban,East Delhi,Water transport,227,183,44,0,0,0,42,32,10,31,24,7,56,44,12,41,31,10,14,12,2,12,10,2,13,12,1,18,18,0,28.6279559,77.2956273
NCT OF DELHI,Urban,East Delhi,Any other,7321,5126,2195,0,0,0,791,542,249,2441,1468,973,1310,1020,290,1513,1115,398,464,348,116,493,376,117,79,70,9,230,187,43,28.6279559,77.2956273
NCT OF DELHI,Urban,East Delhi,No travel,79345,63102,16243,79345,63102,16243,0,0,0,0,0,0,0,0,0,0,0,0,0,0,0,0,0,0,0,0,0,0,0,0,28.6279559,77.2956273
MADHYA PRADESH,Total,Guna,All Modes,113254,92811,20443,38266,27959,10307,23830,19819,4011,29550,26074,3476,11439,9898,1541,3769,3359,410,2324,2078,246,1874,1634,240,1536,1398,138,666,592,74,24.6348197,77.2979782
MADHYA PRADESH,Total,Guna,On foot,35681,28820,6861,0,0,0,18075,14511,3564,12503,10242,2261,5103,4067,1036,0,0,0,0,0,0,0,0,0,0,0,0,0,0,0,24.6348197,77.2979782
MADHYA PRADESH,Total,Guna,Bicycle,15240,14718,522,0,0,0,1828,1738,90,8724,8452,272,2947,2882,65,854,836,18,887,810,77,0,0,0,0,0,0,0,0,0,24.6348197,77.2979782
MADHYA PRADESH,Total,Guna,Moped/Scooter/Motor Cycle,14057,13014,1043,0,0,0,3237,3007,230,6193,5681,512,1830,1693,137,1236,1152,84,527,502,25,401,387,14,268,253,15,365,339,26,24.6348197,77.2979782
MADHYA PRADESH,Total,Guna,Car/Jeep/Van,1500,1347,153,0,0,0,259,231,28,501,448,53,125,106,19,153,128,25,89,84,5,164,155,9,168,158,10,41,37,4,24.6348197,77.2979782
MADHYA PRADESH,Total,Guna,Tempo/Autorickshaw/Taxi,1877,1541,336,0,0,0,153,103,50,814,614,200,458,408,50,258,242,16,71,62,9,42,38,4,21,20,1,60,54,6,24.6348197,77.2979782
MADHYA PRADESH,Total,Guna,Bus,5205,4191,1014,0,0,0,129,101,28,450,322,128,749,568,181,1084,853,231,713,585,128,1143,944,199,802,709,93,135,109,26,24.6348197,77.2979782
MADHYA PRADESH,Total,Guna,Train,710,636,74,0,0,0,79,67,12,142,129,13,53,46,7,49,43,6,20,20,0,97,85,12,239,221,18,31,25,6,24.6348197,77.2979782
MADHYA PRADESH,Total,Guna,Water transport,31,23,8,0,0,0,5,4,1,4,3,1,13,8,5,1,1,0,1,1,0,2,2,0,3,3,0,2,1,1,24.6348197,77.2979782
MADHYA PRADESH,Total,Guna,Any other,687,562,125,0,0,0,65,57,8,219,183,36,161,120,41,134,104,30,16,14,2,25,23,2,35,34,1,32,27,5,24.6348197,77.2979782
MADHYA PRADESH,Total,Guna,No travel,38266,27959,10307,38266,27959,10307,0,0,0,0,0,0,0,0,0,0,0,0,0,0,0,0,0,0,0,0,0,0,0,0,24.6348197,77.2979782
MADHYA PRADESH,Rural,Guna,All Modes,33906,25658,8248,16076,10963,5113,4508,3315,1193,5108,4172,936,4843,4132,711,1661,1565,96,824,732,92,414,357,57,292,268,24,180,154,26,24.6348197,77.2979782
MADHYA PRADESH,Rural,Guna,On foot,8530,6111,2419,0,0,0,4004,2865,1139,2574,1843,731,1952,1403,549,0,0,0,0,0,0,0,0,0,0,0,0,0,0,0,24.6348197,77.2979782
MADHYA PRADESH,Rural,Guna,Bicycle,4257,4075,182,0,0,0,243,213,30,1502,1449,53,1553,1517,36,595,586,9,364,310,54,0,0,0,0,0,0,0,0,0,24.6348197,77.2979782
MADHYA PRADESH,Rural,Guna,Moped/Scooter/Motor Cycle,2262,2119,143,0,0,0,148,137,11,649,595,54,625,587,38,444,424,20,199,192,7,80,78,2,52,47,5,65,59,6,24.6348197,77.2979782
MADHYA PRADESH,Rural,Guna,Car/Jeep/Van,222,208,14,0,0,0,30,28,2,33,27,6,25,24,1,47,43,4,27,27,0,25,25,0,28,28,0,7,6,1,24.6348197,77.2979782
MADHYA PRADESH,Rural,Guna,Tempo/Autorickshaw/Taxi,532,482,50,0,0,0,15,13,2,85,67,18,236,220,16,116,110,6,35,31,4,8,7,1,2,2,0,35,32,3,24.6348197,77.2979782
MADHYA PRADESH,Rural,Guna,Bus,1715,1465,250,0,0,0,41,38,3,191,143,48,367,319,48,429,378,51,193,166,27,276,225,51,168,154,14,50,42,8,24.6348197,77.2979782
MADHYA PRADESH,Rural,Guna,Train,105,85,20,0,0,0,14,12,2,13,10,3,18,15,3,9,9,0,1,1,0,8,7,1,33,28,5,9,3,6,24.6348197,77.2979782
MADHYA PRADESH,Rural,Guna,Water transport,16,11,5,0,0,0,1,1,0,2,2,0,10,5,5,0,0,0,0,0,0,0,0,0,2,2,0,1,1,0,24.6348197,77.2979782
MADHYA PRADESH,Rural,Guna,Any other,191,139,52,0,0,0,12,8,4,59,36,23,57,42,15,21,15,6,5,5,0,17,15,2,7,7,0,13,11,2,24.6348197,77.2979782
MADHYA PRADESH,Rural,Guna,No travel,16076,10963,5113,16076,10963,5113,0,0,0,0,0,0,0,0,0,0,0,0,0,0,0,0,0,0,0,0,0,0,0,0,24.6348197,77.2979782
MADHYA PRADESH,Urban,Guna,All Modes,79348,67153,12195,22190,16996,5194,19322,16504,2818,24442,21902,2540,6596,5766,830,2108,1794,314,1500,1346,154,1460,1277,183,1244,1130,114,486,438,48,24.6348197,77.2979782
MADHYA PRADESH,Urban,Guna,On foot,27151,22709,4442,0,0,0,14071,11646,2425,9929,8399,1530,3151,2664,487,0,0,0,0,0,0,0,0,0,0,0,0,0,0,0,24.6348197,77.2979782
MADHYA PRADESH,Urban,Guna,Bicycle,10983,10643,340,0,0,0,1585,1525,60,7222,7003,219,1394,1365,29,259,250,9,523,500,23,0,0,0,0,0,0,0,0,0,24.6348197,77.2979782
MADHYA PRADESH,Urban,Guna,Moped/Scooter/Motor Cycle,11795,10895,900,0,0,0,3089,2870,219,5544,5086,458,1205,1106,99,792,728,64,328,310,18,321,309,12,216,206,10,300,280,20,24.6348197,77.2979782
MADHYA PRADESH,Urban,Guna,Car/Jeep/Van,1278,1139,139,0,0,0,229,203,26,468,421,47,100,82,18,106,85,21,62,57,5,139,130,9,140,130,10,34,31,3,24.6348197,77.2979782
MADHYA PRADESH,Urban,Guna,Tempo/Autorickshaw/Taxi,1345,1059,286,0,0,0,138,90,48,729,547,182,222,188,34,142,132,10,36,31,5,34,31,3,19,18,1,25,22,3,24.6348197,77.2979782
MADHYA PRADESH,Urban,Guna,Bus,3490,2726,764,0,0,0,88,63,25,259,179,80,382,249,133,655,475,180,520,419,101,867,719,148,634,555,79,85,67,18,24.6348197,77.2979782
MADHYA PRADESH,Urban,Guna,Train,605,551,54,0,0,0,65,55,10,129,119,10,35,31,4,40,34,6,19,19,0,89,78,11,206,193,13,22,22,0,24.6348197,77.2979782
MADHYA PRADESH,Urban,Guna,Water transport,15,12,3,0,0,0,4,3,1,2,1,1,3,3,0,1,1,0,1,1,0,2,2,0,1,1,0,1,0,1,24.6348197,77.2979782
MADHYA PRADESH,Urban,Guna,Any other,496,423,73,0,0,0,53,49,4,160,147,13,104,78,26,113,89,24,11,9,2,8,8,0,28,27,1,19,16,3,24.6348197,77.2979782
MADHYA PRADESH,Urban,Guna,No travel,22190,16996,5194,22190,16996,5194,0,0,0,0,0,0,0,0,0,0,0,0,0,0,0,0,0,0,0,0,0,0,0,0,24.6348197,77.2979782
HARYANA,Total,Faridabad,All Modes,489950,406543,83407,108800,76465,32335,63521,51663,11858,124749,109082,15667,80193,69860,10333,41437,36957,4480,29433,25950,3483,26365,22831,3534,5300,4804,496,10152,8931,1221,28.4089123,77.3177894
HARYANA,Total,Faridabad,On foot,87893,70224,17669,0,0,0,42878,33266,9612,27762,23091,4671,17253,13867,3386,0,0,0,0,0,0,0,0,0,0,0,0,0,0,0,28.4089123,77.3177894
HARYANA,Total,Faridabad,Bicycle,81299,78203,3096,0,0,0,7669,7293,376,41634,40022,1612,18156,17609,547,6572,6355,217,7268,6924,344,0,0,0,0,0,0,0,0,0,28.4089123,77.3177894
HARYANA,Total,Faridabad,Moped/Scooter/Motor Cycle,88282,82763,5519,0,0,0,7790,7228,562,29111,26856,2255,21442,20174,1268,14046,13404,642,5575,5327,248,4981,4761,220,858,815,43,4479,4198,281,28.4089123,77.3177894
HARYANA,Total,Faridabad,Car/Jeep/Van,48310,40287,8023,0,0,0,2575,2076,499,10762,8961,1801,8823,7403,1420,7417,6152,1265,6957,5728,1229,8911,7488,1423,1071,965,106,1794,1514,280,28.4089123,77.3177894
HARYANA,Total,Faridabad,Tempo/Autorickshaw/Taxi,32846,23962,8884,0,0,0,1428,934,494,11332,7347,3985,9460,7065,2395,5527,4580,947,1610,1318,292,1650,1248,402,324,265,59,1515,1205,310,28.4089123,77.3177894
HARYANA,Total,Faridabad,Bus,24282,18861,5421,0,0,0,512,320,192,2536,1497,1039,3973,2844,1129,5857,4740,1117,4152,3384,768,4774,3972,802,1409,1238,171,1069,866,203,28.4089123,77.3177894
HARYANA,Total,Faridabad,Train,15036,13145,1891,0,0,0,320,278,42,793,664,129,663,552,111,1715,1464,251,3643,3091,552,5669,5051,618,1444,1344,100,789,701,88,28.4089123,77.3177894
HARYANA,Total,Faridabad,Water transport,350,304,46,0,0,0,28,21,7,72,63,9,51,42,9,53,51,2,35,30,5,31,29,2,33,31,2,47,37,10,28.4089123,77.3177894
HARYANA,Total,Faridabad,Any other,2852,2329,523,0,0,0,321,247,74,747,581,166,372,304,68,250,211,39,193,148,45,349,282,67,161,146,15,459,410,49,28.4089123,77.3177894
HARYANA,Total,Faridabad,No travel,108800,76465,32335,108800,76465,32335,0,0,0,0,0,0,0,0,0,0,0,0,0,0,0,0,0,0,0,0,0,0,0,0,28.4089123,77.3177894
HARYANA,Rural,Faridabad,All Modes,61624,52767,8857,20353,14957,5396,7095,5696,1399,7709,6948,761,9632,8971,661,9398,9077,321,3184,3061,123,2520,2404,116,987,953,34,746,700,46,28.4089123,77.3177894
HARYANA,Rural,Faridabad,On foot,10469,8405,2064,0,0,0,6024,4689,1335,2324,1935,389,2121,1781,340,0,0,0,0,0,0,0,0,0,0,0,0,0,0,0,28.4089123,77.3177894
HARYANA,Rural,Faridabad,Bicycle,8005,7765,240,0,0,0,441,428,13,2635,2527,108,2558,2495,63,1800,1763,37,571,552,19,0,0,0,0,0,0,0,0,0,28.4089123,77.3177894
HARYANA,Rural,Faridabad,Moped/Scooter/Motor Cycle,11258,10961,297,0,0,0,414,390,24,1593,1531,62,2769,2700,69,4223,4141,82,1137,1109,28,601,588,13,175,170,5,346,332,14,28.4089123,77.3177894
HARYANA,Rural,Faridabad,Car/Jeep/Van,1649,1567,82,0,0,0,55,53,2,231,213,18,298,285,13,502,481,21,209,197,12,213,202,11,72,72,0,69,64,5,28.4089123,77.3177894
HARYANA,Rural,Faridabad,Tempo/Autorickshaw/Taxi,5107,4625,482,0,0,0,58,48,10,689,532,157,1584,1435,149,1968,1839,129,453,436,17,171,162,9,57,54,3,127,119,8,28.4089123,77.3177894
HARYANA,Rural,Faridabad,Bus,2670,2466,204,0,0,0,45,36,9,128,106,22,194,174,20,643,599,44,540,506,34,731,682,49,295,281,14,94,82,12,28.4089123,77.3177894
HARYANA,Rural,Faridabad,Train,1747,1674,73,0,0,0,24,23,1,39,38,1,40,38,2,184,180,4,251,238,13,765,731,34,361,350,11,83,76,7,28.4089123,77.3177894
HARYANA,Rural,Faridabad,Water transport,33,32,1,0,0,0,2,1,1,4,4,0,3,3,0,15,15,0,4,4,0,2,2,0,3,3,0,0,0,0,28.4089123,77.3177894
HARYANA,Rural,Faridabad,Any other,333,315,18,0,0,0,32,28,4,66,62,4,65,60,5,63,59,4,19,19,0,37,37,0,24,23,1,27,27,0,28.4089123,77.3177894
HARYANA,Rural,Faridabad,No travel,20353,14957,5396,20353,14957,5396,0,0,0,0,0,0,0,0,0,0,0,0,0,0,0,0,0,0,0,0,0,0,0,0,28.4089123,77.3177894
HARYANA,Urban,Faridabad,All Modes,428326,353776,74550,88447,61508,26939,56426,45967,10459,117040,102134,14906,70561,60889,9672,32039,27880,4159,26249,22889,3360,23845,20427,3418,4313,3851,462,9406,8231,1175,28.4089123,77.3177894
HARYANA,Urban,Faridabad,On foot,77424,61819,15605,0,0,0,36854,28577,8277,25438,21156,4282,15132,12086,3046,0,0,0,0,0,0,0,0,0,0,0,0,0,0,0,28.4089123,77.3177894
HARYANA,Urban,Faridabad,Bicycle,73294,70438,2856,0,0,0,7228,6865,363,38999,37495,1504,15598,15114,484,4772,4592,180,6697,6372,325,0,0,0,0,0,0,0,0,0,28.4089123,77.3177894
HARYANA,Urban,Faridabad,Moped/Scooter/Motor Cycle,77024,71802,5222,0,0,0,7376,6838,538,27518,25325,2193,18673,17474,1199,9823,9263,560,4438,4218,220,4380,4173,207,683,645,38,4133,3866,267,28.4089123,77.3177894
HARYANA,Urban,Faridabad,Car/Jeep/Van,46661,38720,7941,0,0,0,2520,2023,497,10531,8748,1783,8525,7118,1407,6915,5671,1244,6748,5531,1217,8698,7286,1412,999,893,106,1725,1450,275,28.4089123,77.3177894
HARYANA,Urban,Faridabad,Tempo/Autorickshaw/Taxi,27739,19337,8402,0,0,0,1370,886,484,10643,6815,3828,7876,5630,2246,3559,2741,818,1157,882,275,1479,1086,393,267,211,56,1388,1086,302,28.4089123,77.3177894
HARYANA,Urban,Faridabad,Bus,21612,16395,5217,0,0,0,467,284,183,2408,1391,1017,3779,2670,1109,5214,4141,1073,3612,2878,734,4043,3290,753,1114,957,157,975,784,191,28.4089123,77.3177894
HARYANA,Urban,Faridabad,Train,13289,11471,1818,0,0,0,296,255,41,754,626,128,623,514,109,1531,1284,247,3392,2853,539,4904,4320,584,1083,994,89,706,625,81,28.4089123,77.3177894
HARYANA,Urban,Faridabad,Water transport,317,272,45,0,0,0,26,20,6,68,59,9,48,39,9,38,36,2,31,26,5,29,27,2,30,28,2,47,37,10,28.4089123,77.3177894
HARYANA,Urban,Faridabad,Any other,2519,2014,505,0,0,0,289,219,70,681,519,162,307,244,63,187,152,35,174,129,45,312,245,67,137,123,14,432,383,49,28.4089123,77.3177894
HARYANA,Urban,Faridabad,No travel,88447,61508,26939,88447,61508,26939,0,0,0,0,0,0,0,0,0,0,0,0,0,0,0,0,0,0,0,0,0,0,0,0,28.4089123,77.3177894
MAHARASHTRA,Total,Nanded,All Modes,384577,305835,78742,138629,96318,42311,57570,47328,10242,89600,77130,12470,45512,38505,7007,18865,16350,2515,9918,8840,1078,9084,8000,1084,10254,8926,1328,5145,4438,707,19.1382514,77.3209555
MAHARASHTRA,Total,Nanded,On foot,104316,84164,20152,0,0,0,44537,35704,8833,40723,33438,7285,19056,15022,4034,0,0,0,0,0,0,0,0,0,0,0,0,0,0,0,19.1382514,77.3209555
MAHARASHTRA,Total,Nanded,Bicycle,25645,24527,1118,0,0,0,2772,2628,144,14571,13958,613,4939,4772,167,1420,1353,67,1943,1816,127,0,0,0,0,0,0,0,0,0,19.1382514,77.3209555
MAHARASHTRA,Total,Nanded,Moped/Scooter/Motor Cycle,47481,43728,3753,0,0,0,6647,6132,515,18794,17227,1567,8267,7592,675,6186,5746,440,2624,2448,176,2335,2177,158,962,898,64,1666,1508,158,19.1382514,77.3209555
MAHARASHTRA,Total,Nanded,Car/Jeep/Van,4946,4348,598,0,0,0,520,456,64,1150,985,165,696,618,78,675,586,89,387,333,54,589,519,70,562,517,45,367,334,33,19.1382514,77.3209555
MAHARASHTRA,Total,Nanded,Tempo/Autorickshaw/Taxi,30554,25449,5105,0,0,0,1833,1446,387,11506,9165,2341,8134,7021,1113,4923,4173,750,1430,1264,166,1024,915,109,720,638,82,984,827,157,19.1382514,77.3209555
MAHARASHTRA,Total,Nanded,Bus,23534,19478,4056,0,0,0,759,587,172,2068,1679,389,3234,2614,620,4379,3539,840,2825,2355,470,4116,3482,634,4998,4274,724,1155,948,207,19.1382514,77.3209555
MAHARASHTRA,Total,Nanded,Train,5822,5159,663,0,0,0,226,185,41,302,265,37,210,188,22,445,394,51,577,517,60,855,777,78,2501,2219,282,706,614,92,19.1382514,77.3209555
MAHARASHTRA,Total,Nanded,Water transport,130,114,16,0,0,0,32,28,4,27,24,3,15,14,1,13,12,1,3,3,0,9,8,1,15,14,1,16,11,5,19.1382514,77.3209555
MAHARASHTRA,Total,Nanded,Any other,3520,2550,970,0,0,0,244,162,82,459,389,70,961,664,297,824,547,277,129,104,25,156,122,34,496,366,130,251,196,55,19.1382514,77.3209555
MAHARASHTRA,Total,Nanded,No travel,138629,96318,42311,138629,96318,42311,0,0,0,0,0,0,0,0,0,0,0,0,0,0,0,0,0,0,0,0,0,0,0,0,19.1382514,77.3209555
MAHARASHTRA,Rural,Nanded,All Modes,147446,109323,38123,73536,48617,24919,15291,11718,3573,16916,13801,3115,16163,12976,3187,9494,8315,1179,4676,4144,532,4395,3835,560,4976,4215,761,1999,1702,297,19.1382514,77.3209555
MAHARASHTRA,Rural,Nanded,On foot,27661,20124,7537,0,0,0,12672,9460,3212,8461,6212,2249,6528,4452,2076,0,0,0,0,0,0,0,0,0,0,0,0,0,0,0,19.1382514,77.3209555
MAHARASHTRA,Rural,Nanded,Bicycle,4877,4647,230,0,0,0,410,380,30,1933,1861,72,1405,1352,53,601,574,27,528,480,48,0,0,0,0,0,0,0,0,0,19.1382514,77.3209555
MAHARASHTRA,Rural,Nanded,Moped/Scooter/Motor Cycle,12436,11530,906,0,0,0,1061,970,91,2689,2486,203,2547,2358,189,2757,2578,179,1323,1236,87,1110,1025,85,474,446,28,475,431,44,19.1382514,77.3209555
MAHARASHTRA,Rural,Nanded,Car/Jeep/Van,1855,1632,223,0,0,0,141,115,26,262,230,32,252,226,26,324,291,33,233,200,33,258,222,36,233,207,26,152,141,11,19.1382514,77.3209555
MAHARASHTRA,Rural,Nanded,Tempo/Autorickshaw/Taxi,10464,9200,1264,0,0,0,440,371,69,2477,2112,365,3152,2831,321,2606,2289,317,729,642,87,457,421,36,305,279,26,298,255,43,19.1382514,77.3209555
MAHARASHTRA,Rural,Nanded,Bus,12297,10277,2020,0,0,0,321,255,66,850,703,147,1404,1174,230,2434,2048,386,1657,1411,246,2268,1902,366,2699,2239,460,664,545,119,19.1382514,77.3209555
MAHARASHTRA,Rural,Nanded,Train,1858,1655,203,0,0,0,67,55,12,74,61,13,87,80,7,202,184,18,122,111,11,193,185,8,875,774,101,238,205,33,19.1382514,77.3209555
MAHARASHTRA,Rural,Nanded,Water transport,40,35,5,0,0,0,13,11,2,3,2,1,5,5,0,4,4,0,1,1,0,4,3,1,4,4,0,6,5,1,19.1382514,77.3209555
MAHARASHTRA,Rural,Nanded,Any other,2422,1606,816,0,0,0,166,101,65,167,134,33,783,498,285,566,347,219,83,63,20,105,77,28,386,266,120,166,120,46,19.1382514,77.3209555
MAHARASHTRA,Rural,Nanded,No travel,73536,48617,24919,73536,48617,24919,0,0,0,0,0,0,0,0,0,0,0,0,0,0,0,0,0,0,0,0,0,0,0,0,19.1382514,77.3209555
MAHARASHTRA,Urban,Nanded,All Modes,237131,196512,40619,65093,47701,17392,42279,35610,6669,72684,63329,9355,29349,25529,3820,9371,8035,1336,5242,4696,546,4689,4165,524,5278,4711,567,3146,2736,410,19.1382514,77.3209555
MAHARASHTRA,Urban,Nanded,On foot,76655,64040,12615,0,0,0,31865,26244,5621,32262,27226,5036,12528,10570,1958,0,0,0,0,0,0,0,0,0,0,0,0,0,0,0,19.1382514,77.3209555
MAHARASHTRA,Urban,Nanded,Bicycle,20768,19880,888,0,0,0,2362,2248,114,12638,12097,541,3534,3420,114,819,779,40,1415,1336,79,0,0,0,0,0,0,0,0,0,19.1382514,77.3209555
MAHARASHTRA,Urban,Nanded,Moped/Scooter/Motor Cycle,35045,32198,2847,0,0,0,5586,5162,424,16105,14741,1364,5720,5234,486,3429,3168,261,1301,1212,89,1225,1152,73,488,452,36,1191,1077,114,19.1382514,77.3209555
MAHARASHTRA,Urban,Nanded,Car/Jeep/Van,3091,2716,375,0,0,0,379,341,38,888,755,133,444,392,52,351,295,56,154,133,21,331,297,34,329,310,19,215,193,22,19.1382514,77.3209555
MAHARASHTRA,Urban,Nanded,Tempo/Autorickshaw/Taxi,20090,16249,3841,0,0,0,1393,1075,318,9029,7053,1976,4982,4190,792,2317,1884,433,701,622,79,567,494,73,415,359,56,686,572,114,19.1382514,77.3209555
MAHARASHTRA,Urban,Nanded,Bus,11237,9201,2036,0,0,0,438,332,106,1218,976,242,1830,1440,390,1945,1491,454,1168,944,224,1848,1580,268,2299,2035,264,491,403,88,19.1382514,77.3209555
MAHARASHTRA,Urban,Nanded,Train,3964,3504,460,0,0,0,159,130,29,228,204,24,123,108,15,243,210,33,455,406,49,662,592,70,1626,1445,181,468,409,59,19.1382514,77.3209555
MAHARASHTRA,Urban,Nanded,Water transport,90,79,11,0,0,0,19,17,2,24,22,2,10,9,1,9,8,1,2,2,0,5,5,0,11,10,1,10,6,4,19.1382514,77.3209555
MAHARASHTRA,Urban,Nanded,Any other,1098,944,154,0,0,0,78,61,17,292,255,37,178,166,12,258,200,58,46,41,5,51,45,6,110,100,10,85,76,9,19.1382514,77.3209555
MAHARASHTRA,Urban,Nanded,No travel,65093,47701,17392,65093,47701,17392,0,0,0,0,0,0,0,0,0,0,0,0,0,0,0,0,0,0,0,0,0,0,0,0,19.1382514,77.3209555
HARYANA,Total,Palwal,All Modes,148806,126414,22392,54284,39791,14493,17253,14709,2544,21241,19218,2023,16148,14610,1538,7984,7461,523,7893,7495,398,9341,9037,304,12668,12227,441,1994,1866,128,28.1472852,77.3259878
HARYANA,Total,Palwal,On foot,26265,21995,4270,0,0,0,13340,11057,2283,6618,5639,979,6307,5299,1008,0,0,0,0,0,0,0,0,0,0,0,0,0,0,0,28.1472852,77.3259878
HARYANA,Total,Palwal,Bicycle,14006,13645,361,0,0,0,1256,1215,41,7253,7065,188,3361,3297,64,966,948,18,1170,1120,50,0,0,0,0,0,0,0,0,0,28.1472852,77.3259878
HARYANA,Total,Palwal,Moped/Scooter/Motor Cycle,13916,13188,728,0,0,0,1786,1689,97,4477,4154,323,2705,2605,100,2204,2115,89,955,920,35,736,711,25,391,379,12,662,615,47,28.1472852,77.3259878
HARYANA,Total,Palwal,Car/Jeep/Van,2076,1934,142,0,0,0,160,144,16,342,313,29,230,211,19,331,307,24,260,247,13,310,294,16,370,350,20,73,68,5,28.1472852,77.3259878
HARYANA,Total,Palwal,Tempo/Autorickshaw/Taxi,8400,7442,958,0,0,0,239,184,55,1596,1233,363,2396,2146,250,2057,1875,182,859,811,48,632,611,21,381,372,9,240,210,30,28.1472852,77.3259878
HARYANA,Total,Palwal,Bus,11862,11079,783,0,0,0,160,128,32,429,325,104,802,724,78,1639,1460,179,1800,1666,134,2774,2656,118,3896,3779,117,362,341,21,28.1472852,77.3259878
HARYANA,Total,Palwal,Train,16872,16261,611,0,0,0,197,181,16,287,272,15,216,207,9,687,659,28,2783,2670,113,4799,4675,124,7348,7066,282,555,531,24,28.1472852,77.3259878
HARYANA,Total,Palwal,Water transport,95,87,8,0,0,0,9,8,1,9,7,2,4,3,1,6,6,0,9,7,2,13,13,0,29,28,1,16,15,1,28.1472852,77.3259878
HARYANA,Total,Palwal,Any other,1030,992,38,0,0,0,106,103,3,230,210,20,127,118,9,94,91,3,57,54,3,77,77,0,253,253,0,86,86,0,28.1472852,77.3259878
HARYANA,Total,Palwal,No travel,54284,39791,14493,54284,39791,14493,0,0,0,0,0,0,0,0,0,0,0,0,0,0,0,0,0,0,0,0,0,0,0,0,28.1472852,77.3259878
HARYANA,Rural,Palwal,All Modes,93509,79516,13993,38034,27664,10370,7894,6498,1396,10543,9786,757,10126,9344,782,6076,5862,214,4361,4236,125,6802,6677,125,8617,8451,166,1056,998,58,28.1472852,77.3259878
HARYANA,Rural,Palwal,On foot,12287,9976,2311,0,0,0,6712,5388,1324,2903,2465,438,2672,2123,549,0,0,0,0,0,0,0,0,0,0,0,0,0,0,0,28.1472852,77.3259878
HARYANA,Rural,Palwal,Bicycle,8859,8680,179,0,0,0,498,485,13,4190,4101,89,2706,2661,45,840,825,15,625,608,17,0,0,0,0,0,0,0,0,0,28.1472852,77.3259878
HARYANA,Rural,Palwal,Moped/Scooter/Motor Cycle,7399,7149,250,0,0,0,301,273,28,1835,1757,78,1872,1837,35,1610,1566,44,667,653,14,568,548,20,270,264,6,276,251,25,28.1472852,77.3259878
HARYANA,Rural,Palwal,Car/Jeep/Van,1016,978,38,0,0,0,39,37,2,109,104,5,156,149,7,216,203,13,118,114,4,169,166,3,177,176,1,32,29,3,28.1472852,77.3259878
HARYANA,Rural,Palwal,Tempo/Autorickshaw/Taxi,6207,5885,322,0,0,0,96,88,8,972,874,98,1849,1751,98,1595,1523,72,645,624,21,567,554,13,327,324,3,156,147,9,28.1472852,77.3259878
HARYANA,Rural,Palwal,Bus,8790,8507,283,0,0,0,97,85,12,274,242,32,633,596,37,1196,1140,56,1090,1051,39,2154,2111,43,3088,3035,53,258,247,11,28.1472852,77.3259878
HARYANA,Rural,Palwal,Train,10100,9890,210,0,0,0,83,77,6,117,114,3,145,141,4,532,521,11,1163,1135,28,3263,3217,46,4525,4423,102,272,262,10,28.1472852,77.3259878
HARYANA,Rural,Palwal,Water transport,52,50,2,0,0,0,6,5,1,2,2,0,2,2,0,5,5,0,5,5,0,9,9,0,13,12,1,10,10,0,28.1472852,77.3259878
HARYANA,Rural,Palwal,Any other,765,737,28,0,0,0,62,60,2,141,127,14,91,84,7,82,79,3,48,46,2,72,72,0,217,217,0,52,52,0,28.1472852,77.3259878
HARYANA,Rural,Palwal,No travel,38034,27664,10370,38034,27664,10370,0,0,0,0,0,0,0,0,0,0,0,0,0,0,0,0,0,0,0,0,0,0,0,0,28.1472852,77.3259878
HARYANA,Urban,Palwal,All Modes,55297,46898,8399,16250,12127,4123,9359,8211,1148,10698,9432,1266,6022,5266,756,1908,1599,309,3532,3259,273,2539,2360,179,4051,3776,275,938,868,70,28.1472852,77.3259878
HARYANA,Urban,Palwal,On foot,13978,12019,1959,0,0,0,6628,5669,959,3715,3174,541,3635,3176,459,0,0,0,0,0,0,0,0,0,0,0,0,0,0,0,28.1472852,77.3259878
HARYANA,Urban,Palwal,Bicycle,5147,4965,182,0,0,0,758,730,28,3063,2964,99,655,636,19,126,123,3,545,512,33,0,0,0,0,0,0,0,0,0,28.1472852,77.3259878
HARYANA,Urban,Palwal,Moped/Scooter/Motor Cycle,6517,6039,478,0,0,0,1485,1416,69,2642,2397,245,833,768,65,594,549,45,288,267,21,168,163,5,121,115,6,386,364,22,28.1472852,77.3259878
HARYANA,Urban,Palwal,Car/Jeep/Van,1060,956,104,0,0,0,121,107,14,233,209,24,74,62,12,115,104,11,142,133,9,141,128,13,193,174,19,41,39,2,28.1472852,77.3259878
HARYANA,Urban,Palwal,Tempo/Autorickshaw/Taxi,2193,1557,636,0,0,0,143,96,47,624,359,265,547,395,152,462,352,110,214,187,27,65,57,8,54,48,6,84,63,21,28.1472852,77.3259878
HARYANA,Urban,Palwal,Bus,3072,2572,500,0,0,0,63,43,20,155,83,72,169,128,41,443,320,123,710,615,95,620,545,75,808,744,64,104,94,10,28.1472852,77.3259878
HARYANA,Urban,Palwal,Train,6772,6371,401,0,0,0,114,104,10,170,158,12,71,66,5,155,138,17,1620,1535,85,1536,1458,78,2823,2643,180,283,269,14,28.1472852,77.3259878
HARYANA,Urban,Palwal,Water transport,43,37,6,0,0,0,3,3,0,7,5,2,2,1,1,1,1,0,4,2,2,4,4,0,16,16,0,6,5,1,28.1472852,77.3259878
HARYANA,Urban,Palwal,Any other,265,255,10,0,0,0,44,43,1,89,83,6,36,34,2,12,12,0,9,8,1,5,5,0,36,36,0,34,34,0,28.1472852,77.3259878
HARYANA,Urban,Palwal,No travel,16250,12127,4123,16250,12127,4123,0,0,0,0,0,0,0,0,0,0,0,0,0,0,0,0,0,0,0,0,0,0,0,0,28.1472852,77.3259878
TAMIL NADU,Total,Tiruppur,All Modes,842999,596471,246528,160051,96774,63277,201678,121553,80125,239434,184708,54726,129004,99424,29580,55874,45709,10165,21376,17875,3501,16639,14062,2577,12675,10960,1715,6268,5406,862,11.1085242,77.3410656
TAMIL NADU,Total,Tiruppur,On foot,233676,124900,108776,0,0,0,152317,78900,73417,54932,30729,24203,26427,15271,11156,0,0,0,0,0,0,0,0,0,0,0,0,0,0,0,11.1085242,77.3410656
TAMIL NADU,Total,Tiruppur,Bicycle,65688,60197,5491,0,0,0,12584,11499,1085,39879,36426,3453,8564,7951,613,2063,1929,134,2598,2392,206,0,0,0,0,0,0,0,0,0,11.1085242,77.3410656
TAMIL NADU,Total,Tiruppur,Moped/Scooter/Motor Cycle,192342,176852,15490,0,0,0,28019,25479,2540,93263,85109,8154,43514,40326,3188,16880,15861,1019,3834,3665,169,2442,2327,115,978,933,45,3412,3152,260,11.1085242,77.3410656
TAMIL NADU,Total,Tiruppur,Car/Jeep/Van,17093,12872,4221,0,0,0,1741,1294,447,5730,3964,1766,3627,2668,959,2292,1715,577,1011,821,190,1189,1054,135,977,892,85,526,464,62,11.1085242,77.3410656
TAMIL NADU,Total,Tiruppur,Tempo/Autorickshaw/Taxi,5720,4886,834,0,0,0,573,515,58,1722,1327,395,1244,1058,186,753,647,106,359,333,26,504,478,26,312,298,14,253,230,23,11.1085242,77.3410656
TAMIL NADU,Total,Tiruppur,Bus,162844,115427,47417,0,0,0,6008,3550,2458,42918,26410,16508,44864,31551,13313,33383,25143,8240,13362,10475,2887,12036,9808,2228,8711,7360,1351,1562,1130,432,11.1085242,77.3410656
TAMIL NADU,Total,Tiruppur,Train,2942,2375,567,0,0,0,190,130,60,432,321,111,313,231,82,201,169,32,90,79,11,252,210,42,1288,1093,195,176,142,34,11.1085242,77.3410656
TAMIL NADU,Total,Tiruppur,Water transport,219,189,30,0,0,0,15,14,1,71,60,11,45,36,9,27,25,2,8,7,1,11,9,2,16,15,1,26,23,3,11.1085242,77.3410656
TAMIL NADU,Total,Tiruppur,Any other,2424,1999,425,0,0,0,231,172,59,487,362,125,406,332,74,275,220,55,114,103,11,205,176,29,393,369,24,313,265,48,11.1085242,77.3410656
TAMIL NADU,Total,Tiruppur,No travel,160051,96774,63277,160051,96774,63277,0,0,0,0,0,0,0,0,0,0,0,0,0,0,0,0,0,0,0,0,0,0,0,0,11.1085242,77.3410656
TAMIL NADU,Rural,Tiruppur,All Modes,212106,146136,65970,59110,36697,22413,30350,17943,12407,38997,26371,12626,32161,23367,8794,26041,20696,5345,11805,9595,2210,7574,6319,1255,4548,3882,666,1520,1266,254,11.1085242,77.3410656
TAMIL NADU,Rural,Tiruppur,On foot,40629,20752,19877,0,0,0,23550,12399,11151,10597,4728,5869,6482,3625,2857,0,0,0,0,0,0,0,0,0,0,0,0,0,0,0,11.1085242,77.3410656
TAMIL NADU,Rural,Tiruppur,Bicycle,12998,11517,1481,0,0,0,2150,1906,244,7188,6288,900,2168,1966,202,787,729,58,705,628,77,0,0,0,0,0,0,0,0,0,11.1085242,77.3410656
TAMIL NADU,Rural,Tiruppur,Moped/Scooter/Motor Cycle,30641,27868,2773,0,0,0,2758,2436,322,10192,9031,1161,8146,7467,679,6000,5586,414,1742,1650,92,853,810,43,258,250,8,692,638,54,11.1085242,77.3410656
TAMIL NADU,Rural,Tiruppur,Car/Jeep/Van,4955,3181,1774,0,0,0,244,143,101,1129,547,582,1108,643,465,1016,682,334,495,364,131,500,411,89,338,289,49,125,102,23,11.1085242,77.3410656
TAMIL NADU,Rural,Tiruppur,Tempo/Autorickshaw/Taxi,1645,1305,340,0,0,0,79,66,13,450,292,158,295,230,65,295,230,65,170,152,18,187,177,10,99,96,3,70,62,8,11.1085242,77.3410656
TAMIL NADU,Rural,Tiruppur,Bus,60781,43736,17045,0,0,0,1504,945,559,9300,5397,3903,13795,9322,4473,17723,13295,4428,8591,6710,1881,5913,4820,1093,3437,2880,557,518,367,151,11.1085242,77.3410656
TAMIL NADU,Rural,Tiruppur,Train,653,514,139,0,0,0,29,20,9,58,34,24,69,43,26,76,65,11,32,28,4,51,39,12,297,250,47,41,35,6,11.1085242,77.3410656
TAMIL NADU,Rural,Tiruppur,Water transport,59,46,13,0,0,0,1,0,1,8,5,3,17,12,5,12,12,0,3,2,1,6,5,1,4,4,0,8,6,2,11.1085242,77.3410656
TAMIL NADU,Rural,Tiruppur,Any other,635,520,115,0,0,0,35,28,7,75,49,26,81,59,22,132,97,35,67,61,6,64,57,7,115,113,2,66,56,10,11.1085242,77.3410656
TAMIL NADU,Rural,Tiruppur,No travel,59110,36697,22413,59110,36697,22413,0,0,0,0,0,0,0,0,0,0,0,0,0,0,0,0,0,0,0,0,0,0,0,0,11.1085242,77.3410656
TAMIL NADU,Urban,Tiruppur,All Modes,630893,450335,180558,100941,60077,40864,171328,103610,67718,200437,158337,42100,96843,76057,20786,29833,25013,4820,9571,8280,1291,9065,7743,1322,8127,7078,1049,4748,4140,608,11.1085242,77.3410656
TAMIL NADU,Urban,Tiruppur,On foot,193047,104148,88899,0,0,0,128767,66501,62266,44335,26001,18334,19945,11646,8299,0,0,0,0,0,0,0,0,0,0,0,0,0,0,0,11.1085242,77.3410656
TAMIL NADU,Urban,Tiruppur,Bicycle,52690,48680,4010,0,0,0,10434,9593,841,32691,30138,2553,6396,5985,411,1276,1200,76,1893,1764,129,0,0,0,0,0,0,0,0,0,11.1085242,77.3410656
TAMIL NADU,Urban,Tiruppur,Moped/Scooter/Motor Cycle,161701,148984,12717,0,0,0,25261,23043,2218,83071,76078,6993,35368,32859,2509,10880,10275,605,2092,2015,77,1589,1517,72,720,683,37,2720,2514,206,11.1085242,77.3410656
TAMIL NADU,Urban,Tiruppur,Car/Jeep/Van,12138,9691,2447,0,0,0,1497,1151,346,4601,3417,1184,2519,2025,494,1276,1033,243,516,457,59,689,643,46,639,603,36,401,362,39,11.1085242,77.3410656
TAMIL NADU,Urban,Tiruppur,Tempo/Autorickshaw/Taxi,4075,3581,494,0,0,0,494,449,45,1272,1035,237,949,828,121,458,417,41,189,181,8,317,301,16,213,202,11,183,168,15,11.1085242,77.3410656
TAMIL NADU,Urban,Tiruppur,Bus,102063,71691,30372,0,0,0,4504,2605,1899,33618,21013,12605,31069,22229,8840,15660,11848,3812,4771,3765,1006,6123,4988,1135,5274,4480,794,1044,763,281,11.1085242,77.3410656
TAMIL NADU,Urban,Tiruppur,Train,2289,1861,428,0,0,0,161,110,51,374,287,87,244,188,56,125,104,21,58,51,7,201,171,30,991,843,148,135,107,28,11.1085242,77.3410656
TAMIL NADU,Urban,Tiruppur,Water transport,160,143,17,0,0,0,14,14,0,63,55,8,28,24,4,15,13,2,5,5,0,5,4,1,12,11,1,18,17,1,11.1085242,77.3410656
TAMIL NADU,Urban,Tiruppur,Any other,1789,1479,310,0,0,0,196,144,52,412,313,99,325,273,52,143,123,20,47,42,5,141,119,22,278,256,22,247,209,38,11.1085242,77.3410656
TAMIL NADU,Urban,Tiruppur,No travel,100941,60077,40864,100941,60077,40864,0,0,0,0,0,0,0,0,0,0,0,0,0,0,0,0,0,0,0,0,0,0,0,0,11.1085242,77.3410656
KARNATAKA,Total,Raichur,All Modes,255493,184996,70497,102985,65912,37073,44203,32619,11584,58698,45715,12983,24855,19104,5751,9813,8309,1504,5141,4538,603,3188,2840,348,3754,3418,336,2856,2541,315,16.2076287,77.3462705
KARNATAKA,Total,Raichur,On foot,68335,44947,23388,0,0,0,31894,21454,10440,25022,15838,9184,11419,7655,3764,0,0,0,0,0,0,0,0,0,0,0,0,0,0,0,16.2076287,77.3462705
KARNATAKA,Total,Raichur,Bicycle,19680,18635,1045,0,0,0,3918,3718,200,11053,10469,584,2512,2410,102,675,633,42,1522,1405,117,0,0,0,0,0,0,0,0,0,16.2076287,77.3462705
KARNATAKA,Total,Raichur,Moped/Scooter/Motor Cycle,30574,28774,1800,0,0,0,5998,5646,352,14554,13615,939,4251,4009,242,2556,2443,113,832,806,26,663,631,32,322,306,16,1398,1318,80,16.2076287,77.3462705
KARNATAKA,Total,Raichur,Car/Jeep/Van,4062,3469,593,0,0,0,465,392,73,1083,885,198,680,540,140,731,626,105,305,285,20,286,265,21,301,287,14,211,189,22,16.2076287,77.3462705
KARNATAKA,Total,Raichur,Tempo/Autorickshaw/Taxi,8509,6349,2160,0,0,0,736,520,216,2631,1637,994,2190,1682,508,1617,1346,271,325,285,40,259,223,36,216,200,16,535,456,79,16.2076287,77.3462705
KARNATAKA,Total,Raichur,Bus,18816,14750,4066,0,0,0,877,642,235,3838,2848,990,3554,2600,954,3962,3019,943,2014,1629,385,1794,1551,243,2297,2064,233,480,397,83,16.2076287,77.3462705
KARNATAKA,Total,Raichur,Train,1338,1126,212,0,0,0,176,138,38,222,177,45,90,77,13,120,105,15,70,57,13,107,94,13,448,398,50,105,80,25,16.2076287,77.3462705
KARNATAKA,Total,Raichur,Water transport,121,92,29,0,0,0,18,9,9,24,20,4,17,7,10,8,8,0,5,5,0,6,6,0,23,22,1,20,15,5,16.2076287,77.3462705
KARNATAKA,Total,Raichur,Any other,1073,942,131,0,0,0,121,100,21,271,226,45,142,124,18,144,129,15,68,66,2,73,70,3,147,141,6,107,86,21,16.2076287,77.3462705
KARNATAKA,Total,Raichur,No travel,102985,65912,37073,102985,65912,37073,0,0,0,0,0,0,0,0,0,0,0,0,0,0,0,0,0,0,0,0,0,0,0,0,16.2076287,77.3462705
KARNATAKA,Rural,Raichur,All Modes,109625,74052,35573,57965,35395,22570,14476,9495,4981,13312,9476,3836,11125,8385,2740,5968,5219,749,2591,2325,266,1689,1525,164,1902,1749,153,597,483,114,16.2076287,77.3462705
KARNATAKA,Rural,Raichur,On foot,24992,15364,9628,0,0,0,12297,7651,4646,7580,4502,3078,5115,3211,1904,0,0,0,0,0,0,0,0,0,0,0,0,0,0,0,16.2076287,77.3462705
KARNATAKA,Rural,Raichur,Bicycle,4216,3939,277,0,0,0,551,494,57,1792,1684,108,1033,992,41,384,361,23,456,408,48,0,0,0,0,0,0,0,0,0,16.2076287,77.3462705
KARNATAKA,Rural,Raichur,Moped/Scooter/Motor Cycle,6106,5811,295,0,0,0,696,643,53,1591,1509,82,1464,1395,69,1400,1347,53,403,397,6,286,276,10,127,118,9,139,126,13,16.2076287,77.3462705
KARNATAKA,Rural,Raichur,Car/Jeep/Van,1656,1396,260,0,0,0,122,95,27,237,189,48,323,249,74,477,404,73,189,178,11,139,127,12,121,115,6,48,39,9,16.2076287,77.3462705
KARNATAKA,Rural,Raichur,Tempo/Autorickshaw/Taxi,4214,3393,821,0,0,0,264,209,55,784,566,218,1271,1007,264,1264,1072,192,217,192,25,172,145,27,125,119,6,117,83,34,16.2076287,77.3462705
KARNATAKA,Rural,Raichur,Bus,9343,7780,1563,0,0,0,395,294,101,1178,899,279,1792,1422,370,2243,1850,393,1227,1061,166,1006,895,111,1315,1200,115,187,159,28,16.2076287,77.3462705
KARNATAKA,Rural,Raichur,Train,506,422,84,0,0,0,75,54,21,67,52,15,45,40,5,88,80,8,38,30,8,32,30,2,114,103,11,47,33,14,16.2076287,77.3462705
KARNATAKA,Rural,Raichur,Water transport,64,45,19,0,0,0,13,6,7,6,4,2,10,5,5,5,5,0,3,3,0,5,5,0,14,13,1,8,4,4,16.2076287,77.3462705
KARNATAKA,Rural,Raichur,Any other,563,507,56,0,0,0,63,49,14,77,71,6,72,64,8,107,100,7,58,56,2,49,47,2,86,81,5,51,39,12,16.2076287,77.3462705
KARNATAKA,Rural,Raichur,No travel,57965,35395,22570,57965,35395,22570,0,0,0,0,0,0,0,0,0,0,0,0,0,0,0,0,0,0,0,0,0,0,0,0,16.2076287,77.3462705
KARNATAKA,Urban,Raichur,All Modes,145868,110944,34924,45020,30517,14503,29727,23124,6603,45386,36239,9147,13730,10719,3011,3845,3090,755,2550,2213,337,1499,1315,184,1852,1669,183,2259,2058,201,16.2076287,77.3462705
KARNATAKA,Urban,Raichur,On foot,43343,29583,13760,0,0,0,19597,13803,5794,17442,11336,6106,6304,4444,1860,0,0,0,0,0,0,0,0,0,0,0,0,0,0,0,16.2076287,77.3462705
KARNATAKA,Urban,Raichur,Bicycle,15464,14696,768,0,0,0,3367,3224,143,9261,8785,476,1479,1418,61,291,272,19,1066,997,69,0,0,0,0,0,0,0,0,0,16.2076287,77.3462705
KARNATAKA,Urban,Raichur,Moped/Scooter/Motor Cycle,24468,22963,1505,0,0,0,5302,5003,299,12963,12106,857,2787,2614,173,1156,1096,60,429,409,20,377,355,22,195,188,7,1259,1192,67,16.2076287,77.3462705
KARNATAKA,Urban,Raichur,Car/Jeep/Van,2406,2073,333,0,0,0,343,297,46,846,696,150,357,291,66,254,222,32,116,107,9,147,138,9,180,172,8,163,150,13,16.2076287,77.3462705
KARNATAKA,Urban,Raichur,Tempo/Autorickshaw/Taxi,4295,2956,1339,0,0,0,472,311,161,1847,1071,776,919,675,244,353,274,79,108,93,15,87,78,9,91,81,10,418,373,45,16.2076287,77.3462705
KARNATAKA,Urban,Raichur,Bus,9473,6970,2503,0,0,0,482,348,134,2660,1949,711,1762,1178,584,1719,1169,550,787,568,219,788,656,132,982,864,118,293,238,55,16.2076287,77.3462705
KARNATAKA,Urban,Raichur,Train,832,704,128,0,0,0,101,84,17,155,125,30,45,37,8,32,25,7,32,27,5,75,64,11,334,295,39,58,47,11,16.2076287,77.3462705
KARNATAKA,Urban,Raichur,Water transport,57,47,10,0,0,0,5,3,2,18,16,2,7,2,5,3,3,0,2,2,0,1,1,0,9,9,0,12,11,1,16.2076287,77.3462705
KARNATAKA,Urban,Raichur,Any other,510,435,75,0,0,0,58,51,7,194,155,39,70,60,10,37,29,8,10,10,0,24,23,1,61,60,1,56,47,9,16.2076287,77.3462705
KARNATAKA,Urban,Raichur,No travel,45020,30517,14503,45020,30517,14503,0,0,0,0,0,0,0,0,0,0,0,0,0,0,0,0,0,0,0,0,0,0,0,0,16.2076287,77.3462705
HIMACHAL PRADESH,Total,Lahul & Spiti,All Modes,7329,5434,1895,3537,2681,856,1471,991,480,944,684,260,881,670,211,211,172,39,74,63,11,105,85,20,73,62,11,33,26,7,32.6192107,77.3783789
HIMACHAL PRADESH,Total,Lahul & Spiti,On foot,2786,1925,861,0,0,0,1423,950,473,777,535,242,586,440,146,0,0,0,0,0,0,0,0,0,0,0,0,0,0,0,32.6192107,77.3783789
HIMACHAL PRADESH,Total,Lahul & Spiti,Bicycle,11,11,0,0,0,0,1,1,0,1,1,0,3,3,0,2,2,0,4,4,0,0,0,0,0,0,0,0,0,0,32.6192107,77.3783789
HIMACHAL PRADESH,Total,Lahul & Spiti,Moped/Scooter/Motor Cycle,135,131,4,0,0,0,8,8,0,50,49,1,36,36,0,21,19,2,6,6,0,9,9,0,3,3,0,2,1,1,32.6192107,77.3783789
HIMACHAL PRADESH,Total,Lahul & Spiti,Car/Jeep/Van,136,115,21,0,0,0,17,13,4,26,23,3,21,18,3,34,29,5,7,5,2,13,11,2,14,13,1,4,3,1,32.6192107,77.3783789
HIMACHAL PRADESH,Total,Lahul & Spiti,Tempo/Autorickshaw/Taxi,28,20,8,0,0,0,4,3,1,0,0,0,6,5,1,3,1,2,5,2,3,2,2,0,5,4,1,3,3,0,32.6192107,77.3783789
HIMACHAL PRADESH,Total,Lahul & Spiti,Bus,617,495,122,0,0,0,11,11,0,85,72,13,176,130,46,145,117,28,52,46,6,80,63,17,51,42,9,17,14,3,32.6192107,77.3783789
HIMACHAL PRADESH,Total,Lahul & Spiti,Train,10,9,1,0,0,0,4,4,0,2,2,0,0,0,0,2,2,0,0,0,0,0,0,0,0,0,0,2,1,1,32.6192107,77.3783789
HIMACHAL PRADESH,Total,Lahul & Spiti,Water transport,0,0,0,0,0,0,0,0,0,0,0,0,0,0,0,0,0,0,0,0,0,0,0,0,0,0,0,0,0,0,32.6192107,77.3783789
HIMACHAL PRADESH,Total,Lahul & Spiti,Any other,69,47,22,0,0,0,3,1,2,3,2,1,53,38,15,4,2,2,0,0,0,1,0,1,0,0,0,5,4,1,32.6192107,77.3783789
HIMACHAL PRADESH,Total,Lahul & Spiti,No travel,3537,2681,856,3537,2681,856,0,0,0,0,0,0,0,0,0,0,0,0,0,0,0,0,0,0,0,0,0,0,0,0,32.6192107,77.3783789
HIMACHAL PRADESH,Rural,Lahul & Spiti,All Modes,7329,5434,1895,3537,2681,856,1471,991,480,944,684,260,881,670,211,211,172,39,74,63,11,105,85,20,73,62,11,33,26,7,32.6192107,77.3783789
HIMACHAL PRADESH,Rural,Lahul & Spiti,On foot,2786,1925,861,0,0,0,1423,950,473,777,535,242,586,440,146,0,0,0,0,0,0,0,0,0,0,0,0,0,0,0,32.6192107,77.3783789
HIMACHAL PRADESH,Rural,Lahul & Spiti,Bicycle,11,11,0,0,0,0,1,1,0,1,1,0,3,3,0,2,2,0,4,4,0,0,0,0,0,0,0,0,0,0,32.6192107,77.3783789
HIMACHAL PRADESH,Rural,Lahul & Spiti,Moped/Scooter/Motor Cycle,135,131,4,0,0,0,8,8,0,50,49,1,36,36,0,21,19,2,6,6,0,9,9,0,3,3,0,2,1,1,32.6192107,77.3783789
HIMACHAL PRADESH,Rural,Lahul & Spiti,Car/Jeep/Van,136,115,21,0,0,0,17,13,4,26,23,3,21,18,3,34,29,5,7,5,2,13,11,2,14,13,1,4,3,1,32.6192107,77.3783789
HIMACHAL PRADESH,Rural,Lahul & Spiti,Tempo/Autorickshaw/Taxi,28,20,8,0,0,0,4,3,1,0,0,0,6,5,1,3,1,2,5,2,3,2,2,0,5,4,1,3,3,0,32.6192107,77.3783789
HIMACHAL PRADESH,Rural,Lahul & Spiti,Bus,617,495,122,0,0,0,11,11,0,85,72,13,176,130,46,145,117,28,52,46,6,80,63,17,51,42,9,17,14,3,32.6192107,77.3783789
HIMACHAL PRADESH,Rural,Lahul & Spiti,Train,10,9,1,0,0,0,4,4,0,2,2,0,0,0,0,2,2,0,0,0,0,0,0,0,0,0,0,2,1,1,32.6192107,77.3783789
HIMACHAL PRADESH,Rural,Lahul & Spiti,Water transport,0,0,0,0,0,0,0,0,0,0,0,0,0,0,0,0,0,0,0,0,0,0,0,0,0,0,0,0,0,0,32.6192107,77.3783789
HIMACHAL PRADESH,Rural,Lahul & Spiti,Any other,69,47,22,0,0,0,3,1,2,3,2,1,53,38,15,4,2,2,0,0,0,1,0,1,0,0,0,5,4,1,32.6192107,77.3783789
HIMACHAL PRADESH,Rural,Lahul & Spiti,No travel,3537,2681,856,3537,2681,856,0,0,0,0,0,0,0,0,0,0,0,0,0,0,0,0,0,0,0,0,0,0,0,0,32.6192107,77.3783789
HIMACHAL PRADESH,Urban,Lahul & Spiti,All Modes,0,0,0,0,0,0,0,0,0,0,0,0,0,0,0,0,0,0,0,0,0,0,0,0,0,0,0,0,0,0,32.6192107,77.3783789
HIMACHAL PRADESH,Urban,Lahul & Spiti,On foot,0,0,0,0,0,0,0,0,0,0,0,0,0,0,0,0,0,0,0,0,0,0,0,0,0,0,0,0,0,0,32.6192107,77.3783789
HIMACHAL PRADESH,Urban,Lahul & Spiti,Bicycle,0,0,0,0,0,0,0,0,0,0,0,0,0,0,0,0,0,0,0,0,0,0,0,0,0,0,0,0,0,0,32.6192107,77.3783789
HIMACHAL PRADESH,Urban,Lahul & Spiti,Moped/Scooter/Motor Cycle,0,0,0,0,0,0,0,0,0,0,0,0,0,0,0,0,0,0,0,0,0,0,0,0,0,0,0,0,0,0,32.6192107,77.3783789
HIMACHAL PRADESH,Urban,Lahul & Spiti,Car/Jeep/Van,0,0,0,0,0,0,0,0,0,0,0,0,0,0,0,0,0,0,0,0,0,0,0,0,0,0,0,0,0,0,32.6192107,77.3783789
HIMACHAL PRADESH,Urban,Lahul & Spiti,Tempo/Autorickshaw/Taxi,0,0,0,0,0,0,0,0,0,0,0,0,0,0,0,0,0,0,0,0,0,0,0,0,0,0,0,0,0,0,32.6192107,77.3783789
HIMACHAL PRADESH,Urban,Lahul & Spiti,Bus,0,0,0,0,0,0,0,0,0,0,0,0,0,0,0,0,0,0,0,0,0,0,0,0,0,0,0,0,0,0,32.6192107,77.3783789
HIMACHAL PRADESH,Urban,Lahul & Spiti,Train,0,0,0,0,0,0,0,0,0,0,0,0,0,0,0,0,0,0,0,0,0,0,0,0,0,0,0,0,0,0,32.6192107,77.3783789
HIMACHAL PRADESH,Urban,Lahul & Spiti,Water transport,0,0,0,0,0,0,0,0,0,0,0,0,0,0,0,0,0,0,0,0,0,0,0,0,0,0,0,0,0,0,32.6192107,77.3783789
HIMACHAL PRADESH,Urban,Lahul & Spiti,Any other,0,0,0,0,0,0,0,0,0,0,0,0,0,0,0,0,0,0,0,0,0,0,0,0,0,0,0,0,0,0,32.6192107,77.3783789
HIMACHAL PRADESH,Urban,Lahul & Spiti,No travel,0,0,0,0,0,0,0,0,0,0,0,0,0,0,0,0,0,0,0,0,0,0,0,0,0,0,0,0,0,0,32.6192107,77.3783789
MADHYA PRADESH,Total,Bhopal,All Modes,664184,517770,146414,151692,100037,51655,78925,58474,20451,192499,156111,36388,137935,115338,22597,50499,42955,7544,17111,15111,2000,8670,7171,1499,6341,5415,926,20512,17158,3354,23.2599333,77.412615
MADHYA PRADESH,Total,Bhopal,On foot,154385,111953,42432,0,0,0,53619,37173,16446,63812,45991,17821,36954,28789,8165,0,0,0,0,0,0,0,0,0,0,0,0,0,0,0,23.2599333,77.412615
MADHYA PRADESH,Total,Bhopal,Bicycle,68458,65011,3447,0,0,0,4997,4573,424,32094,30546,1548,17728,17030,698,6304,6032,272,7335,6830,505,0,0,0,0,0,0,0,0,0,23.2599333,77.412615
MADHYA PRADESH,Total,Bhopal,Moped/Scooter/Motor Cycle,163023,143626,19397,0,0,0,13756,11963,1793,60243,52700,7543,47368,41696,5672,22699,20358,2341,3729,3449,280,3359,3002,357,1258,1124,134,10611,9334,1277,23.2599333,77.412615
MADHYA PRADESH,Total,Bhopal,Car/Jeep/Van,27628,21603,6025,0,0,0,1948,1439,509,8817,6765,2052,8021,6313,1708,4486,3549,937,1032,881,151,1016,816,200,541,470,71,1767,1370,397,23.2599333,77.412615
MADHYA PRADESH,Total,Bhopal,Tempo/Autorickshaw/Taxi,19102,15346,3756,0,0,0,1072,826,246,6820,5142,1678,5385,4405,980,2650,2229,421,708,643,65,578,510,68,266,244,22,1623,1347,276,23.2599333,77.412615
MADHYA PRADESH,Total,Bhopal,Bus,71130,52850,18280,0,0,0,2811,1927,884,19514,13980,5534,21457,16237,5220,13701,10247,3454,4054,3093,961,3144,2362,782,1783,1442,341,4666,3562,1104,23.2599333,77.412615
MADHYA PRADESH,Total,Bhopal,Train,6702,5625,1077,0,0,0,519,408,111,716,590,126,560,474,86,365,310,55,194,161,33,490,404,86,2374,2030,344,1484,1248,236,23.2599333,77.412615
MADHYA PRADESH,Total,Bhopal,Water transport,390,301,89,0,0,0,47,32,15,89,73,16,90,70,20,45,34,11,15,11,4,14,11,3,22,18,4,68,52,16,23.2599333,77.412615
MADHYA PRADESH,Total,Bhopal,Any other,1674,1418,256,0,0,0,156,133,23,394,324,70,372,324,48,249,196,53,44,43,1,69,66,3,97,87,10,293,245,48,23.2599333,77.412615
MADHYA PRADESH,Total,Bhopal,No travel,151692,100037,51655,151692,100037,51655,0,0,0,0,0,0,0,0,0,0,0,0,0,0,0,0,0,0,0,0,0,0,0,0,23.2599333,77.412615
MADHYA PRADESH,Rural,Bhopal,All Modes,36742,27517,9225,16234,10770,5464,4429,3152,1277,5056,4120,936,4949,4120,829,2920,2607,313,1282,1165,117,579,517,62,345,305,40,948,761,187,23.2599333,77.412615
MADHYA PRADESH,Rural,Bhopal,On foot,7058,4860,2198,0,0,0,3285,2197,1088,1818,1258,560,1955,1405,550,0,0,0,0,0,0,0,0,0,0,0,0,0,0,0,23.2599333,77.412615
MADHYA PRADESH,Rural,Bhopal,Bicycle,3159,2961,198,0,0,0,295,263,32,1129,1039,90,786,753,33,506,486,20,443,420,23,0,0,0,0,0,0,0,0,0,23.2599333,77.412615
MADHYA PRADESH,Rural,Bhopal,Moped/Scooter/Motor Cycle,4944,4475,469,0,0,0,480,415,65,1064,967,97,1054,984,70,1060,988,72,392,370,22,226,205,21,109,98,11,559,448,111,23.2599333,77.412615
MADHYA PRADESH,Rural,Bhopal,Car/Jeep/Van,482,393,89,0,0,0,53,43,10,85,63,22,102,80,22,143,123,20,33,29,4,25,22,3,11,10,1,30,23,7,23.2599333,77.412615
MADHYA PRADESH,Rural,Bhopal,Tempo/Autorickshaw/Taxi,807,667,140,0,0,0,58,41,17,150,126,24,183,161,22,214,168,46,47,40,7,41,37,4,26,24,2,88,70,18,23.2599333,77.412615
MADHYA PRADESH,Rural,Bhopal,Bus,3575,2991,584,0,0,0,193,147,46,743,610,133,805,682,123,933,786,147,341,282,59,253,224,29,134,117,17,173,143,30,23.2599333,77.412615
MADHYA PRADESH,Rural,Bhopal,Train,332,271,61,0,0,0,45,31,14,45,38,7,22,20,2,30,28,2,20,18,2,19,15,4,60,51,9,91,70,21,23.2599333,77.412615
MADHYA PRADESH,Rural,Bhopal,Water transport,15,10,5,0,0,0,6,2,4,2,2,0,2,2,0,0,0,0,0,0,0,3,2,1,0,0,0,2,2,0,23.2599333,77.412615
MADHYA PRADESH,Rural,Bhopal,Any other,136,119,17,0,0,0,14,13,1,20,17,3,40,33,7,34,28,6,6,6,0,12,12,0,5,5,0,5,5,0,23.2599333,77.412615
MADHYA PRADESH,Rural,Bhopal,No travel,16234,10770,5464,16234,10770,5464,0,0,0,0,0,0,0,0,0,0,0,0,0,0,0,0,0,0,0,0,0,0,0,0,23.2599333,77.412615
MADHYA PRADESH,Urban,Bhopal,All Modes,627442,490253,137189,135458,89267,46191,74496,55322,19174,187443,151991,35452,132986,111218,21768,47579,40348,7231,15829,13946,1883,8091,6654,1437,5996,5110,886,19564,16397,3167,23.2599333,77.412615
MADHYA PRADESH,Urban,Bhopal,On foot,147327,107093,40234,0,0,0,50334,34976,15358,61994,44733,17261,34999,27384,7615,0,0,0,0,0,0,0,0,0,0,0,0,0,0,0,23.2599333,77.412615
MADHYA PRADESH,Urban,Bhopal,Bicycle,65299,62050,3249,0,0,0,4702,4310,392,30965,29507,1458,16942,16277,665,5798,5546,252,6892,6410,482,0,0,0,0,0,0,0,0,0,23.2599333,77.412615
MADHYA PRADESH,Urban,Bhopal,Moped/Scooter/Motor Cycle,158079,139151,18928,0,0,0,13276,11548,1728,59179,51733,7446,46314,40712,5602,21639,19370,2269,3337,3079,258,3133,2797,336,1149,1026,123,10052,8886,1166,23.2599333,77.412615
MADHYA PRADESH,Urban,Bhopal,Car/Jeep/Van,27146,21210,5936,0,0,0,1895,1396,499,8732,6702,2030,7919,6233,1686,4343,3426,917,999,852,147,991,794,197,530,460,70,1737,1347,390,23.2599333,77.412615
MADHYA PRADESH,Urban,Bhopal,Tempo/Autorickshaw/Taxi,18295,14679,3616,0,0,0,1014,785,229,6670,5016,1654,5202,4244,958,2436,2061,375,661,603,58,537,473,64,240,220,20,1535,1277,258,23.2599333,77.412615
MADHYA PRADESH,Urban,Bhopal,Bus,67555,49859,17696,0,0,0,2618,1780,838,18771,13370,5401,20652,15555,5097,12768,9461,3307,3713,2811,902,2891,2138,753,1649,1325,324,4493,3419,1074,23.2599333,77.412615
MADHYA PRADESH,Urban,Bhopal,Train,6370,5354,1016,0,0,0,474,377,97,671,552,119,538,454,84,335,282,53,174,143,31,471,389,82,2314,1979,335,1393,1178,215,23.2599333,77.412615
MADHYA PRADESH,Urban,Bhopal,Water transport,375,291,84,0,0,0,41,30,11,87,71,16,88,68,20,45,34,11,15,11,4,11,9,2,22,18,4,66,50,16,23.2599333,77.412615
MADHYA PRADESH,Urban,Bhopal,Any other,1538,1299,239,0,0,0,142,120,22,374,307,67,332,291,41,215,168,47,38,37,1,57,54,3,92,82,10,288,240,48,23.2599333,77.412615
MADHYA PRADESH,Urban,Bhopal,No travel,135458,89267,46191,135458,89267,46191,0,0,0,0,0,0,0,0,0,0,0,0,0,0,0,0,0,0,0,0,0,0,0,0,23.2599333,77.412615
UTTAR PRADESH,Total,Ghaziabad,All Modes,1154318,946790,207528,342162,228785,113377,131364,109294,22070,195618,174163,21455,160655,141004,19651,106068,95836,10232,85426,78900,6526,39913,36542,3371,18314,16987,1327,74798,65279,9519,28.6691565,77.4537578
UTTAR PRADESH,Total,Ghaziabad,On foot,202637,166233,36404,0,0,0,91675,73886,17789,55259,46832,8427,55703,45515,10188,0,0,0,0,0,0,0,0,0,0,0,0,0,0,0,28.6691565,77.4537578
UTTAR PRADESH,Total,Ghaziabad,Bicycle,169395,163652,5743,0,0,0,15319,14548,771,66925,64789,2136,36778,35812,966,17600,17134,466,32773,31369,1404,0,0,0,0,0,0,0,0,0,28.6691565,77.4537578
UTTAR PRADESH,Total,Ghaziabad,Moped/Scooter/Motor Cycle,141599,133989,7610,0,0,0,11190,10463,727,33525,31385,2140,24393,23108,1285,26723,25599,1124,12617,12081,536,7287,6977,310,1907,1820,87,23957,22556,1401,28.6691565,77.4537578
UTTAR PRADESH,Total,Ghaziabad,Car/Jeep/Van,69258,57830,11428,0,0,0,3561,2824,737,10379,8470,1909,9435,7741,1694,14489,12067,2422,8591,7359,1232,6283,5495,788,2176,1940,236,14344,11934,2410,28.6691565,77.4537578
UTTAR PRADESH,Total,Ghaziabad,Tempo/Autorickshaw/Taxi,55950,44549,11401,0,0,0,3109,2231,878,15245,11118,4127,13634,11210,2424,10224,8746,1478,2853,2464,389,1668,1427,241,625,554,71,8592,6799,1793,28.6691565,77.4537578
UTTAR PRADESH,Total,Ghaziabad,Bus,110863,95349,15514,0,0,0,3324,2606,718,8562,6471,2091,15215,12656,2559,25751,22187,3564,17813,15803,2010,16313,14851,1462,7522,6944,578,16363,13831,2532,28.6691565,77.4537578
UTTAR PRADESH,Total,Ghaziabad,Train,51300,46520,4780,0,0,0,1897,1630,267,2742,2414,328,3726,3334,392,10078,9032,1046,10214,9327,887,7773,7257,516,5602,5271,331,9268,8255,1013,28.6691565,77.4537578
UTTAR PRADESH,Total,Ghaziabad,Water transport,894,753,141,0,0,0,127,93,34,103,86,17,123,100,23,114,104,10,67,61,6,63,56,7,46,43,3,251,210,41,28.6691565,77.4537578
UTTAR PRADESH,Total,Ghaziabad,Any other,10260,9130,1130,0,0,0,1162,1013,149,2878,2598,280,1648,1528,120,1089,967,122,498,436,62,526,479,47,436,415,21,2023,1694,329,28.6691565,77.4537578
UTTAR PRADESH,Total,Ghaziabad,No travel,342162,228785,113377,342162,228785,113377,0,0,0,0,0,0,0,0,0,0,0,0,0,0,0,0,0,0,0,0,0,0,0,0,28.6691565,77.4537578
UTTAR PRADESH,Rural,Ghaziabad,All Modes,238672,188690,49982,99374,62035,37339,22397,16934,5463,30496,27976,2520,30625,27847,2778,17330,16826,504,14454,13991,463,10206,9883,323,6260,6064,196,7530,7134,396,28.6691565,77.4537578
UTTAR PRADESH,Rural,Ghaziabad,On foot,33448,24701,8747,0,0,0,17167,12086,5081,7969,6342,1627,8312,6273,2039,0,0,0,0,0,0,0,0,0,0,0,0,0,0,0,28.6691565,77.4537578
UTTAR PRADESH,Rural,Ghaziabad,Bicycle,41056,40135,921,0,0,0,2729,2603,126,15046,14715,331,12200,11997,203,4866,4792,74,6215,6028,187,0,0,0,0,0,0,0,0,0,28.6691565,77.4537578
UTTAR PRADESH,Rural,Ghaziabad,Moped/Scooter/Motor Cycle,17714,17193,521,0,0,0,860,805,55,3085,2982,103,3448,3349,99,3976,3890,86,2070,2021,49,1864,1816,48,546,535,11,1865,1795,70,28.6691565,77.4537578
UTTAR PRADESH,Rural,Ghaziabad,Car/Jeep/Van,2625,2477,148,0,0,0,131,120,11,338,313,25,369,349,20,444,431,13,311,297,14,466,445,21,227,215,12,339,307,32,28.6691565,77.4537578
UTTAR PRADESH,Rural,Ghaziabad,Tempo/Autorickshaw/Taxi,9368,8683,685,0,0,0,304,259,45,1880,1644,236,2746,2542,204,2325,2233,92,652,633,19,367,350,17,165,160,5,929,862,67,28.6691565,77.4537578
UTTAR PRADESH,Rural,Ghaziabad,Bus,25277,24096,1181,0,0,0,617,542,75,1231,1101,130,2701,2515,186,4874,4654,220,4100,3940,160,5487,5307,180,3536,3430,106,2731,2607,124,28.6691565,77.4537578
UTTAR PRADESH,Rural,Ghaziabad,Train,6762,6492,270,0,0,0,258,236,22,236,219,17,219,211,8,470,456,14,968,940,28,1828,1776,52,1571,1511,60,1212,1143,69,28.6691565,77.4537578
UTTAR PRADESH,Rural,Ghaziabad,Water transport,168,140,28,0,0,0,36,23,13,5,5,0,16,15,1,17,17,0,18,17,1,23,21,2,14,13,1,39,29,10,28.6691565,77.4537578
UTTAR PRADESH,Rural,Ghaziabad,Any other,2880,2738,142,0,0,0,295,260,35,706,655,51,614,596,18,358,353,5,120,115,5,171,168,3,201,200,1,415,391,24,28.6691565,77.4537578
UTTAR PRADESH,Rural,Ghaziabad,No travel,99374,62035,37339,99374,62035,37339,0,0,0,0,0,0,0,0,0,0,0,0,0,0,0,0,0,0,0,0,0,0,0,0,28.6691565,77.4537578
UTTAR PRADESH,Urban,Ghaziabad,All Modes,915646,758100,157546,242788,166750,76038,108967,92360,16607,165122,146187,18935,130030,113157,16873,88738,79010,9728,70972,64909,6063,29707,26659,3048,12054,10923,1131,67268,58145,9123,28.6691565,77.4537578
UTTAR PRADESH,Urban,Ghaziabad,On foot,169189,141532,27657,0,0,0,74508,61800,12708,47290,40490,6800,47391,39242,8149,0,0,0,0,0,0,0,0,0,0,0,0,0,0,0,28.6691565,77.4537578
UTTAR PRADESH,Urban,Ghaziabad,Bicycle,128339,123517,4822,0,0,0,12590,11945,645,51879,50074,1805,24578,23815,763,12734,12342,392,26558,25341,1217,0,0,0,0,0,0,0,0,0,28.6691565,77.4537578
UTTAR PRADESH,Urban,Ghaziabad,Moped/Scooter/Motor Cycle,123885,116796,7089,0,0,0,10330,9658,672,30440,28403,2037,20945,19759,1186,22747,21709,1038,10547,10060,487,5423,5161,262,1361,1285,76,22092,20761,1331,28.6691565,77.4537578
UTTAR PRADESH,Urban,Ghaziabad,Car/Jeep/Van,66633,55353,11280,0,0,0,3430,2704,726,10041,8157,1884,9066,7392,1674,14045,11636,2409,8280,7062,1218,5817,5050,767,1949,1725,224,14005,11627,2378,28.6691565,77.4537578
UTTAR PRADESH,Urban,Ghaziabad,Tempo/Autorickshaw/Taxi,46582,35866,10716,0,0,0,2805,1972,833,13365,9474,3891,10888,8668,2220,7899,6513,1386,2201,1831,370,1301,1077,224,460,394,66,7663,5937,1726,28.6691565,77.4537578
UTTAR PRADESH,Urban,Ghaziabad,Bus,85586,71253,14333,0,0,0,2707,2064,643,7331,5370,1961,12514,10141,2373,20877,17533,3344,13713,11863,1850,10826,9544,1282,3986,3514,472,13632,11224,2408,28.6691565,77.4537578
UTTAR PRADESH,Urban,Ghaziabad,Train,44538,40028,4510,0,0,0,1639,1394,245,2506,2195,311,3507,3123,384,9608,8576,1032,9246,8387,859,5945,5481,464,4031,3760,271,8056,7112,944,28.6691565,77.4537578
UTTAR PRADESH,Urban,Ghaziabad,Water transport,726,613,113,0,0,0,91,70,21,98,81,17,107,85,22,97,87,10,49,44,5,40,35,5,32,30,2,212,181,31,28.6691565,77.4537578
UTTAR PRADESH,Urban,Ghaziabad,Any other,7380,6392,988,0,0,0,867,753,114,2172,1943,229,1034,932,102,731,614,117,378,321,57,355,311,44,235,215,20,1608,1303,305,28.6691565,77.4537578
UTTAR PRADESH,Urban,Ghaziabad,No travel,242788,166750,76038,242788,166750,76038,0,0,0,0,0,0,0,0,0,0,0,0,0,0,0,0,0,0,0,0,0,0,0,0,28.6691565,77.4537578
HIMACHAL PRADESH,Total,Sirmaur,All Modes,81082,65112,15970,24190,17024,7166,16377,12686,3691,18140,15667,2473,10862,9614,1248,5568,4968,600,2143,1869,274,1739,1504,235,1832,1586,246,231,194,37,30.5628455,77.4701972
HIMACHAL PRADESH,Total,Sirmaur,On foot,27034,21665,5369,0,0,0,13846,10484,3362,8962,7575,1387,4226,3606,620,0,0,0,0,0,0,0,0,0,0,0,0,0,0,0,30.5628455,77.4701972
HIMACHAL PRADESH,Total,Sirmaur,Bicycle,5843,5711,132,0,0,0,566,545,21,2840,2763,77,1620,1599,21,584,581,3,233,223,10,0,0,0,0,0,0,0,0,0,30.5628455,77.4701972
HIMACHAL PRADESH,Total,Sirmaur,Moped/Scooter/Motor Cycle,7476,7021,455,0,0,0,959,869,90,2917,2710,207,1716,1647,69,1195,1155,40,332,314,18,192,183,9,102,95,7,63,48,15,30.5628455,77.4701972
HIMACHAL PRADESH,Total,Sirmaur,Car/Jeep/Van,1751,1556,195,0,0,0,243,212,31,589,496,93,254,231,23,309,286,23,125,117,8,94,88,6,110,100,10,27,26,1,30.5628455,77.4701972
HIMACHAL PRADESH,Total,Sirmaur,Tempo/Autorickshaw/Taxi,1391,1090,301,0,0,0,87,63,24,576,398,178,342,300,42,157,133,24,131,117,14,43,37,6,43,32,11,12,10,2,30.5628455,77.4701972
HIMACHAL PRADESH,Total,Sirmaur,Bus,12758,10456,2302,0,0,0,580,431,149,2081,1563,518,2599,2133,466,3244,2741,503,1302,1079,223,1378,1164,214,1485,1270,215,89,75,14,30.5628455,77.4701972
HIMACHAL PRADESH,Total,Sirmaur,Train,286,262,24,0,0,0,44,35,9,59,57,2,47,43,4,30,26,4,6,6,0,13,13,0,63,61,2,24,21,3,30.5628455,77.4701972
HIMACHAL PRADESH,Total,Sirmaur,Water transport,24,20,4,0,0,0,3,3,0,6,5,1,2,1,1,4,2,2,2,2,0,3,3,0,3,3,0,1,1,0,30.5628455,77.4701972
HIMACHAL PRADESH,Total,Sirmaur,Any other,329,307,22,0,0,0,49,44,5,110,100,10,56,54,2,45,44,1,12,11,1,16,16,0,26,25,1,15,13,2,30.5628455,77.4701972
HIMACHAL PRADESH,Total,Sirmaur,No travel,24190,17024,7166,24190,17024,7166,0,0,0,0,0,0,0,0,0,0,0,0,0,0,0,0,0,0,0,0,0,0,0,0,30.5628455,77.4701972
HIMACHAL PRADESH,Rural,Sirmaur,All Modes,62740,50568,12172,18521,12641,5880,11633,8841,2792,14402,12677,1725,9277,8361,916,4351,4007,344,1788,1609,179,1280,1122,158,1366,1209,157,122,101,21,30.5628455,77.4701972
HIMACHAL PRADESH,Rural,Sirmaur,On foot,21281,17102,4179,0,0,0,10113,7497,2616,7646,6536,1110,3522,3069,453,0,0,0,0,0,0,0,0,0,0,0,0,0,0,0,30.5628455,77.4701972
HIMACHAL PRADESH,Rural,Sirmaur,Bicycle,5295,5188,107,0,0,0,470,452,18,2549,2490,59,1522,1503,19,546,543,3,208,200,8,0,0,0,0,0,0,0,0,0,30.5628455,77.4701972
HIMACHAL PRADESH,Rural,Sirmaur,Moped/Scooter/Motor Cycle,5110,4900,210,0,0,0,448,400,48,1746,1669,77,1417,1381,36,994,973,21,269,260,9,136,130,6,75,71,4,25,16,9,30.5628455,77.4701972
HIMACHAL PRADESH,Rural,Sirmaur,Car/Jeep/Van,876,790,86,0,0,0,78,67,11,285,238,47,163,150,13,153,148,5,89,85,4,48,46,2,52,48,4,8,8,0,30.5628455,77.4701972
HIMACHAL PRADESH,Rural,Sirmaur,Tempo/Autorickshaw/Taxi,993,803,190,0,0,0,51,38,13,367,263,104,252,223,29,132,111,21,122,111,11,30,27,3,32,25,7,7,5,2,30.5628455,77.4701972
HIMACHAL PRADESH,Rural,Sirmaur,Bus,10129,8637,1492,0,0,0,405,330,75,1658,1332,326,2308,1948,360,2456,2166,290,1083,937,146,1037,890,147,1125,985,140,57,49,8,30.5628455,77.4701972
HIMACHAL PRADESH,Rural,Sirmaur,Train,251,231,20,0,0,0,31,23,8,55,54,1,44,40,4,27,24,3,6,6,0,13,13,0,57,55,2,18,16,2,30.5628455,77.4701972
HIMACHAL PRADESH,Rural,Sirmaur,Water transport,14,11,3,0,0,0,1,1,0,5,4,1,2,1,1,3,2,1,1,1,0,1,1,0,1,1,0,0,0,0,30.5628455,77.4701972
HIMACHAL PRADESH,Rural,Sirmaur,Any other,270,265,5,0,0,0,36,33,3,91,91,0,47,46,1,40,40,0,10,9,1,15,15,0,24,24,0,7,7,0,30.5628455,77.4701972
HIMACHAL PRADESH,Rural,Sirmaur,No travel,18521,12641,5880,18521,12641,5880,0,0,0,0,0,0,0,0,0,0,0,0,0,0,0,0,0,0,0,0,0,0,0,0,30.5628455,77.4701972
HIMACHAL PRADESH,Urban,Sirmaur,All Modes,18342,14544,3798,5669,4383,1286,4744,3845,899,3738,2990,748,1585,1253,332,1217,961,256,355,260,95,459,382,77,466,377,89,109,93,16,30.5628455,77.4701972
HIMACHAL PRADESH,Urban,Sirmaur,On foot,5753,4563,1190,0,0,0,3733,2987,746,1316,1039,277,704,537,167,0,0,0,0,0,0,0,0,0,0,0,0,0,0,0,30.5628455,77.4701972
HIMACHAL PRADESH,Urban,Sirmaur,Bicycle,548,523,25,0,0,0,96,93,3,291,273,18,98,96,2,38,38,0,25,23,2,0,0,0,0,0,0,0,0,0,30.5628455,77.4701972
HIMACHAL PRADESH,Urban,Sirmaur,Moped/Scooter/Motor Cycle,2366,2121,245,0,0,0,511,469,42,1171,1041,130,299,266,33,201,182,19,63,54,9,56,53,3,27,24,3,38,32,6,30.5628455,77.4701972
HIMACHAL PRADESH,Urban,Sirmaur,Car/Jeep/Van,875,766,109,0,0,0,165,145,20,304,258,46,91,81,10,156,138,18,36,32,4,46,42,4,58,52,6,19,18,1,30.5628455,77.4701972
HIMACHAL PRADESH,Urban,Sirmaur,Tempo/Autorickshaw/Taxi,398,287,111,0,0,0,36,25,11,209,135,74,90,77,13,25,22,3,9,6,3,13,10,3,11,7,4,5,5,0,30.5628455,77.4701972
HIMACHAL PRADESH,Urban,Sirmaur,Bus,2629,1819,810,0,0,0,175,101,74,423,231,192,291,185,106,788,575,213,219,142,77,341,274,67,360,285,75,32,26,6,30.5628455,77.4701972
HIMACHAL PRADESH,Urban,Sirmaur,Train,35,31,4,0,0,0,13,12,1,4,3,1,3,3,0,3,2,1,0,0,0,0,0,0,6,6,0,6,5,1,30.5628455,77.4701972
HIMACHAL PRADESH,Urban,Sirmaur,Water transport,10,9,1,0,0,0,2,2,0,1,1,0,0,0,0,1,0,1,1,1,0,2,2,0,2,2,0,1,1,0,30.5628455,77.4701972
HIMACHAL PRADESH,Urban,Sirmaur,Any other,59,42,17,0,0,0,13,11,2,19,9,10,9,8,1,5,4,1,2,2,0,1,1,0,2,1,1,8,6,2,30.5628455,77.4701972
HIMACHAL PRADESH,Urban,Sirmaur,No travel,5669,4383,1286,5669,4383,1286,0,0,0,0,0,0,0,0,0,0,0,0,0,0,0,0,0,0,0,0,0,0,0,0,30.5628455,77.4701972
TAMIL NADU,Total,Theni,All Modes,223175,168719,54456,69436,47402,22034,40789,29747,11042,45523,35708,9815,28368,22147,6221,14615,11989,2626,6859,5874,985,5310,4653,657,9870,9111,759,2405,2088,317,10.0103658,77.4768115
TAMIL NADU,Total,Theni,On foot,48956,32320,16636,0,0,0,27275,18067,9208,12892,8250,4642,8789,6003,2786,0,0,0,0,0,0,0,0,0,0,0,0,0,0,0,10.0103658,77.4768115
TAMIL NADU,Total,Theni,Bicycle,18420,17737,683,0,0,0,4247,4092,155,9666,9312,354,2378,2308,70,823,777,46,1306,1248,58,0,0,0,0,0,0,0,0,0,10.0103658,77.4768115
TAMIL NADU,Total,Theni,Moped/Scooter/Motor Cycle,21886,20715,1171,0,0,0,4962,4725,237,8472,7942,530,3968,3775,193,2155,2049,106,694,662,32,557,534,23,431,417,14,647,611,36,10.0103658,77.4768115
TAMIL NADU,Total,Theni,Car/Jeep/Van,4527,3635,892,0,0,0,472,341,131,1124,810,314,747,575,172,680,555,125,370,308,62,459,413,46,538,516,22,137,117,20,10.0103658,77.4768115
TAMIL NADU,Total,Theni,Tempo/Autorickshaw/Taxi,3274,2823,451,0,0,0,381,313,68,982,786,196,711,603,108,455,424,31,200,187,13,198,187,11,244,235,9,103,88,15,10.0103658,77.4768115
TAMIL NADU,Total,Theni,Bus,54161,41736,12425,0,0,0,3270,2038,1232,12001,8266,3735,11528,8671,2857,10327,8025,2302,4209,3392,817,3954,3386,568,7643,6961,682,1229,997,232,10.0103658,77.4768115
TAMIL NADU,Total,Theni,Train,1215,1117,98,0,0,0,78,71,7,140,121,19,89,72,17,71,60,11,27,24,3,55,48,7,595,566,29,160,155,5,10.0103658,77.4768115
TAMIL NADU,Total,Theni,Water transport,62,56,6,0,0,0,7,6,1,8,7,1,7,5,2,1,1,0,1,1,0,5,5,0,21,20,1,12,11,1,10.0103658,77.4768115
TAMIL NADU,Total,Theni,Any other,1238,1178,60,0,0,0,97,94,3,238,214,24,151,135,16,103,98,5,52,52,0,82,80,2,398,396,2,117,109,8,10.0103658,77.4768115
TAMIL NADU,Total,Theni,No travel,69436,47402,22034,69436,47402,22034,0,0,0,0,0,0,0,0,0,0,0,0,0,0,0,0,0,0,0,0,0,0,0,0,10.0103658,77.4768115
TAMIL NADU,Rural,Theni,All Modes,73841,54338,19503,26824,18217,8607,8407,5395,3012,11604,8441,3163,11349,8774,2575,5901,4876,1025,2832,2429,403,2049,1799,250,3884,3547,337,991,860,131,10.0103658,77.4768115
TAMIL NADU,Rural,Theni,On foot,12186,7278,4908,0,0,0,6184,3634,2550,2880,1610,1270,3122,2034,1088,0,0,0,0,0,0,0,0,0,0,0,0,0,0,0,10.0103658,77.4768115
TAMIL NADU,Rural,Theni,Bicycle,3702,3509,193,0,0,0,489,466,23,1847,1746,101,677,654,23,290,266,24,399,377,22,0,0,0,0,0,0,0,0,0,10.0103658,77.4768115
TAMIL NADU,Rural,Theni,Moped/Scooter/Motor Cycle,5010,4673,337,0,0,0,602,565,37,1694,1540,154,1283,1221,62,709,671,38,264,250,14,186,178,8,127,119,8,145,129,16,10.0103658,77.4768115
TAMIL NADU,Rural,Theni,Car/Jeep/Van,1356,1031,325,0,0,0,95,61,34,341,214,127,256,189,67,247,196,51,128,113,15,108,97,11,124,117,7,57,44,13,10.0103658,77.4768115
TAMIL NADU,Rural,Theni,Tempo/Autorickshaw/Taxi,1177,989,188,0,0,0,87,65,22,323,226,97,275,240,35,202,183,19,84,82,2,72,67,5,85,82,3,49,44,5,10.0103658,77.4768115
TAMIL NADU,Rural,Theni,Bus,22524,17651,4873,0,0,0,904,560,344,4410,3012,1398,5623,4342,1281,4373,3489,884,1918,1570,348,1615,1393,222,3096,2791,305,585,494,91,10.0103658,77.4768115
TAMIL NADU,Rural,Theni,Train,535,490,45,0,0,0,26,24,2,34,26,8,38,29,9,26,20,6,14,12,2,22,19,3,282,269,13,93,91,2,10.0103658,77.4768115
TAMIL NADU,Rural,Theni,Water transport,28,25,3,0,0,0,3,3,0,2,1,1,4,3,1,0,0,0,1,1,0,2,2,0,9,8,1,7,7,0,10.0103658,77.4768115
TAMIL NADU,Rural,Theni,Any other,499,475,24,0,0,0,17,17,0,73,66,7,71,62,9,54,51,3,24,24,0,44,43,1,161,161,0,55,51,4,10.0103658,77.4768115
TAMIL NADU,Rural,Theni,No travel,26824,18217,8607,26824,18217,8607,0,0,0,0,0,0,0,0,0,0,0,0,0,0,0,0,0,0,0,0,0,0,0,0,10.0103658,77.4768115
TAMIL NADU,Urban,Theni,All Modes,149334,114381,34953,42612,29185,13427,32382,24352,8030,33919,27267,6652,17019,13373,3646,8714,7113,1601,4027,3445,582,3261,2854,407,5986,5564,422,1414,1228,186,10.0103658,77.4768115
TAMIL NADU,Urban,Theni,On foot,36770,25042,11728,0,0,0,21091,14433,6658,10012,6640,3372,5667,3969,1698,0,0,0,0,0,0,0,0,0,0,0,0,0,0,0,10.0103658,77.4768115
TAMIL NADU,Urban,Theni,Bicycle,14718,14228,490,0,0,0,3758,3626,132,7819,7566,253,1701,1654,47,533,511,22,907,871,36,0,0,0,0,0,0,0,0,0,10.0103658,77.4768115
TAMIL NADU,Urban,Theni,Moped/Scooter/Motor Cycle,16876,16042,834,0,0,0,4360,4160,200,6778,6402,376,2685,2554,131,1446,1378,68,430,412,18,371,356,15,304,298,6,502,482,20,10.0103658,77.4768115
TAMIL NADU,Urban,Theni,Car/Jeep/Van,3171,2604,567,0,0,0,377,280,97,783,596,187,491,386,105,433,359,74,242,195,47,351,316,35,414,399,15,80,73,7,10.0103658,77.4768115
TAMIL NADU,Urban,Theni,Tempo/Autorickshaw/Taxi,2097,1834,263,0,0,0,294,248,46,659,560,99,436,363,73,253,241,12,116,105,11,126,120,6,159,153,6,54,44,10,10.0103658,77.4768115
TAMIL NADU,Urban,Theni,Bus,31637,24085,7552,0,0,0,2366,1478,888,7591,5254,2337,5905,4329,1576,5954,4536,1418,2291,1822,469,2339,1993,346,4547,4170,377,644,503,141,10.0103658,77.4768115
TAMIL NADU,Urban,Theni,Train,680,627,53,0,0,0,52,47,5,106,95,11,51,43,8,45,40,5,13,12,1,33,29,4,313,297,16,67,64,3,10.0103658,77.4768115
TAMIL NADU,Urban,Theni,Water transport,34,31,3,0,0,0,4,3,1,6,6,0,3,2,1,1,1,0,0,0,0,3,3,0,12,12,0,5,4,1,10.0103658,77.4768115
TAMIL NADU,Urban,Theni,Any other,739,703,36,0,0,0,80,77,3,165,148,17,80,73,7,49,47,2,28,28,0,38,37,1,237,235,2,62,58,4,10.0103658,77.4768115
TAMIL NADU,Urban,Theni,No travel,42612,29185,13427,42612,29185,13427,0,0,0,0,0,0,0,0,0,0,0,0,0,0,0,0,0,0,0,0,0,0,0,0,10.0103658,77.4768115
RAJASTHAN,Total,Bharatpur,All Modes,306198,236862,69336,124856,75633,49223,45454,36369,9085,56229,50773,5456,31283,28618,2665,15051,14136,915,7893,7360,533,7064,6586,478,13738,13054,684,4630,4333,297,27.2151863,77.5029996
RAJASTHAN,Total,Bharatpur,On foot,64782,51402,13380,0,0,0,36471,28096,8375,20215,16675,3540,8096,6631,1465,0,0,0,0,0,0,0,0,0,0,0,0,0,0,0,27.2151863,77.5029996
RAJASTHAN,Total,Bharatpur,Bicycle,41516,40501,1015,0,0,0,3568,3390,178,19691,19224,467,11072,10869,203,4216,4153,63,2969,2865,104,0,0,0,0,0,0,0,0,0,27.2151863,77.5029996
RAJASTHAN,Total,Bharatpur,Moped/Scooter/Motor Cycle,33950,31937,2013,0,0,0,3680,3449,231,12498,11659,839,7133,6698,435,5329,5065,264,1824,1735,89,1513,1463,50,643,616,27,1330,1252,78,27.2151863,77.5029996
RAJASTHAN,Total,Bharatpur,Car/Jeep/Van,2359,2129,230,0,0,0,274,233,41,508,456,52,426,390,36,366,327,39,140,127,13,235,225,10,266,242,24,144,129,15,27.2151863,77.5029996
RAJASTHAN,Total,Bharatpur,Tempo/Autorickshaw/Taxi,3531,2946,585,0,0,0,228,190,38,1160,881,279,1055,888,167,623,567,56,106,98,8,101,96,5,125,116,9,133,110,23,27.2151863,77.5029996
RAJASTHAN,Total,Bharatpur,Bus,25282,22855,2427,0,0,0,683,541,142,1361,1141,220,2921,2577,344,3851,3376,475,2428,2128,300,4157,3794,363,8058,7600,458,1823,1698,125,27.2151863,77.5029996
RAJASTHAN,Total,Bharatpur,Train,7919,7570,349,0,0,0,267,231,36,314,285,29,234,230,4,455,443,12,299,283,16,909,863,46,4398,4238,160,1043,997,46,27.2151863,77.5029996
RAJASTHAN,Total,Bharatpur,Water transport,134,113,21,0,0,0,49,32,17,6,6,0,6,5,1,8,8,0,5,5,0,10,10,0,32,32,0,18,15,3,27.2151863,77.5029996
RAJASTHAN,Total,Bharatpur,Any other,1869,1776,93,0,0,0,234,207,27,476,446,30,340,330,10,203,197,6,122,119,3,139,135,4,216,210,6,139,132,7,27.2151863,77.5029996
RAJASTHAN,Total,Bharatpur,No travel,124856,75633,49223,124856,75633,49223,0,0,0,0,0,0,0,0,0,0,0,0,0,0,0,0,0,0,0,0,0,0,0,0,27.2151863,77.5029996
RAJASTHAN,Rural,Bharatpur,All Modes,187175,134159,53016,90228,48737,41491,18779,12740,6039,22338,19884,2454,20689,19138,1551,11217,10825,392,5653,5382,271,4881,4607,274,10138,9747,391,3252,3099,153,27.2151863,77.5029996
RAJASTHAN,Rural,Bharatpur,On foot,29807,21048,8759,0,0,0,16028,10299,5729,9185,7224,1961,4594,3525,1069,0,0,0,0,0,0,0,0,0,0,0,0,0,0,0,27.2151863,77.5029996
RAJASTHAN,Rural,Bharatpur,Bicycle,22572,22082,490,0,0,0,1030,941,89,7781,7607,174,8223,8102,121,3515,3468,47,2023,1964,59,0,0,0,0,0,0,0,0,0,27.2151863,77.5029996
RAJASTHAN,Rural,Bharatpur,Moped/Scooter/Motor Cycle,15356,14765,591,0,0,0,738,683,55,3400,3257,143,4182,4023,159,3583,3475,108,1278,1226,52,1010,975,35,430,415,15,735,711,24,27.2151863,77.5029996
RAJASTHAN,Rural,Bharatpur,Car/Jeep/Van,1193,1106,87,0,0,0,75,60,15,146,130,16,271,258,13,254,237,17,74,70,4,138,134,4,159,150,9,76,67,9,27.2151863,77.5029996
RAJASTHAN,Rural,Bharatpur,Tempo/Autorickshaw/Taxi,1877,1768,109,0,0,0,82,74,8,398,364,34,582,551,31,501,481,20,80,77,3,73,70,3,91,87,4,70,64,6,27.2151863,77.5029996
RAJASTHAN,Rural,Bharatpur,Bus,19300,18052,1248,0,0,0,505,414,91,1029,928,101,2437,2285,152,2784,2595,189,1829,1686,143,2970,2759,211,6251,5965,286,1495,1420,75,27.2151863,77.5029996
RAJASTHAN,Rural,Bharatpur,Train,5517,5338,179,0,0,0,182,159,23,168,151,17,173,173,0,396,388,8,251,243,8,565,545,20,3012,2940,72,770,739,31,27.2151863,77.5029996
RAJASTHAN,Rural,Bharatpur,Water transport,92,76,16,0,0,0,34,20,14,3,3,0,2,2,0,6,6,0,4,4,0,7,7,0,24,24,0,12,10,2,27.2151863,77.5029996
RAJASTHAN,Rural,Bharatpur,Any other,1233,1187,46,0,0,0,105,90,15,228,220,8,225,219,6,178,175,3,114,112,2,118,117,1,171,166,5,94,88,6,27.2151863,77.5029996
RAJASTHAN,Rural,Bharatpur,No travel,90228,48737,41491,90228,48737,41491,0,0,0,0,0,0,0,0,0,0,0,0,0,0,0,0,0,0,0,0,0,0,0,0,27.2151863,77.5029996
RAJASTHAN,Urban,Bharatpur,All Modes,119023,102703,16320,34628,26896,7732,26675,23629,3046,33891,30889,3002,10594,9480,1114,3834,3311,523,2240,1978,262,2183,1979,204,3600,3307,293,1378,1234,144,27.2151863,77.5029996
RAJASTHAN,Urban,Bharatpur,On foot,34975,30354,4621,0,0,0,20443,17797,2646,11030,9451,1579,3502,3106,396,0,0,0,0,0,0,0,0,0,0,0,0,0,0,0,27.2151863,77.5029996
RAJASTHAN,Urban,Bharatpur,Bicycle,18944,18419,525,0,0,0,2538,2449,89,11910,11617,293,2849,2767,82,701,685,16,946,901,45,0,0,0,0,0,0,0,0,0,27.2151863,77.5029996
RAJASTHAN,Urban,Bharatpur,Moped/Scooter/Motor Cycle,18594,17172,1422,0,0,0,2942,2766,176,9098,8402,696,2951,2675,276,1746,1590,156,546,509,37,503,488,15,213,201,12,595,541,54,27.2151863,77.5029996
RAJASTHAN,Urban,Bharatpur,Car/Jeep/Van,1166,1023,143,0,0,0,199,173,26,362,326,36,155,132,23,112,90,22,66,57,9,97,91,6,107,92,15,68,62,6,27.2151863,77.5029996
RAJASTHAN,Urban,Bharatpur,Tempo/Autorickshaw/Taxi,1654,1178,476,0,0,0,146,116,30,762,517,245,473,337,136,122,86,36,26,21,5,28,26,2,34,29,5,63,46,17,27.2151863,77.5029996
RAJASTHAN,Urban,Bharatpur,Bus,5982,4803,1179,0,0,0,178,127,51,332,213,119,484,292,192,1067,781,286,599,442,157,1187,1035,152,1807,1635,172,328,278,50,27.2151863,77.5029996
RAJASTHAN,Urban,Bharatpur,Train,2402,2232,170,0,0,0,85,72,13,146,134,12,61,57,4,59,55,4,48,40,8,344,318,26,1386,1298,88,273,258,15,27.2151863,77.5029996
RAJASTHAN,Urban,Bharatpur,Water transport,42,37,5,0,0,0,15,12,3,3,3,0,4,3,1,2,2,0,1,1,0,3,3,0,8,8,0,6,5,1,27.2151863,77.5029996
RAJASTHAN,Urban,Bharatpur,Any other,636,589,47,0,0,0,129,117,12,248,226,22,115,111,4,25,22,3,8,7,1,21,18,3,45,44,1,45,44,1,27.2151863,77.5029996
RAJASTHAN,Urban,Bharatpur,No travel,34628,26896,7732,34628,26896,7732,0,0,0,0,0,0,0,0,0,0,0,0,0,0,0,0,0,0,0,0,0,0,0,0,27.2151863,77.5029996
KARNATAKA,Total,Bidar,All Modes,263120,205242,57878,104152,73811,30341,35536,26815,8721,48145,39488,8657,32872,27347,5525,16325,14242,2083,9247,8265,982,6975,6185,790,7681,7128,553,2187,1961,226,17.9148799,77.5046101
KARNATAKA,Total,Bidar,On foot,55475,39624,15851,0,0,0,26411,18747,7664,17741,12480,5261,11323,8397,2926,0,0,0,0,0,0,0,0,0,0,0,0,0,0,0,17.9148799,77.5046101
KARNATAKA,Total,Bidar,Bicycle,20366,19433,933,0,0,0,2752,2586,166,10425,9966,459,4093,3951,142,1349,1302,47,1747,1628,119,0,0,0,0,0,0,0,0,0,17.9148799,77.5046101
KARNATAKA,Total,Bidar,Moped/Scooter/Motor Cycle,24548,23173,1375,0,0,0,3521,3302,219,10008,9330,678,4520,4316,204,2878,2761,117,1243,1201,42,956,919,37,477,456,21,945,888,57,17.9148799,77.5046101
KARNATAKA,Total,Bidar,Car/Jeep/Van,3959,3560,399,0,0,0,333,285,48,843,714,129,667,593,74,649,588,61,400,372,28,397,373,24,483,465,18,187,170,17,17.9148799,77.5046101
KARNATAKA,Total,Bidar,Tempo/Autorickshaw/Taxi,14317,11680,2637,0,0,0,812,547,265,4487,3326,1161,4423,3731,692,2527,2216,311,729,640,89,488,452,36,576,535,41,275,233,42,17.9148799,77.5046101
KARNATAKA,Total,Bidar,Bus,35609,30316,5293,0,0,0,1197,941,256,3879,3083,796,6801,5694,1107,7991,6769,1222,4976,4294,682,4925,4239,686,5305,4854,451,535,442,93,17.9148799,77.5046101
KARNATAKA,Total,Bidar,Train,1064,980,84,0,0,0,134,107,27,248,224,24,106,100,6,70,66,4,36,34,2,75,71,4,333,323,10,62,55,7,17.9148799,77.5046101
KARNATAKA,Total,Bidar,Water transport,107,92,15,0,0,0,13,7,6,11,11,0,11,11,0,24,20,4,8,4,4,9,9,0,13,13,0,18,17,1,17.9148799,77.5046101
KARNATAKA,Total,Bidar,Any other,3523,2573,950,0,0,0,363,293,70,503,354,149,928,554,374,837,520,317,108,92,16,125,122,3,494,482,12,165,156,9,17.9148799,77.5046101
KARNATAKA,Total,Bidar,No travel,104152,73811,30341,104152,73811,30341,0,0,0,0,0,0,0,0,0,0,0,0,0,0,0,0,0,0,0,0,0,0,0,0,17.9148799,77.5046101
KARNATAKA,Rural,Bidar,All Modes,146776,112418,34358,67233,46872,20361,15063,10249,4814,16360,12964,3396,19388,16015,3373,12274,11049,1225,6069,5584,485,4377,4022,355,5255,4984,271,757,679,78,17.9148799,77.5046101
KARNATAKA,Rural,Bidar,On foot,26119,17369,8750,0,0,0,12497,8075,4422,7072,4612,2460,6550,4682,1868,0,0,0,0,0,0,0,0,0,0,0,0,0,0,0,17.9148799,77.5046101
KARNATAKA,Rural,Bidar,Bicycle,7130,6753,377,0,0,0,610,538,72,2790,2649,141,2037,1966,71,944,908,36,749,692,57,0,0,0,0,0,0,0,0,0,17.9148799,77.5046101
KARNATAKA,Rural,Bidar,Moped/Scooter/Motor Cycle,7247,6948,299,0,0,0,469,440,29,1503,1432,71,1859,1788,71,1764,1699,65,740,718,22,513,494,19,258,244,14,141,133,8,17.9148799,77.5046101
KARNATAKA,Rural,Bidar,Car/Jeep/Van,2229,2054,175,0,0,0,122,108,14,238,203,35,410,372,38,518,479,39,315,300,15,244,229,15,280,269,11,102,94,8,17.9148799,77.5046101
KARNATAKA,Rural,Bidar,Tempo/Autorickshaw/Taxi,8641,7746,895,0,0,0,373,302,71,1895,1709,186,2882,2507,375,2109,1918,191,528,487,41,324,320,4,407,391,16,123,112,11,17.9148799,77.5046101
KARNATAKA,Rural,Bidar,Bus,24712,22145,2567,0,0,0,775,638,137,2438,2062,376,4722,4141,581,6054,5478,576,3603,3272,331,3138,2827,311,3684,3470,214,298,257,41,17.9148799,77.5046101
KARNATAKA,Rural,Bidar,Train,622,571,51,0,0,0,61,48,13,92,80,12,72,67,5,60,56,4,30,28,2,49,46,3,224,218,6,34,28,6,17.9148799,77.5046101
KARNATAKA,Rural,Bidar,Water transport,62,56,6,0,0,0,7,5,2,4,4,0,8,8,0,19,17,2,5,3,2,4,4,0,12,12,0,3,3,0,17.9148799,77.5046101
KARNATAKA,Rural,Bidar,Any other,2781,1904,877,0,0,0,149,95,54,328,213,115,848,484,364,806,494,312,99,84,15,105,102,3,390,380,10,56,52,4,17.9148799,77.5046101
KARNATAKA,Rural,Bidar,No travel,67233,46872,20361,67233,46872,20361,0,0,0,0,0,0,0,0,0,0,0,0,0,0,0,0,0,0,0,0,0,0,0,0,17.9148799,77.5046101
KARNATAKA,Urban,Bidar,All Modes,116344,92824,23520,36919,26939,9980,20473,16566,3907,31785,26524,5261,13484,11332,2152,4051,3193,858,3178,2681,497,2598,2163,435,2426,2144,282,1430,1282,148,17.9148799,77.5046101
KARNATAKA,Urban,Bidar,On foot,29356,22255,7101,0,0,0,13914,10672,3242,10669,7868,2801,4773,3715,1058,0,0,0,0,0,0,0,0,0,0,0,0,0,0,0,17.9148799,77.5046101
KARNATAKA,Urban,Bidar,Bicycle,13236,12680,556,0,0,0,2142,2048,94,7635,7317,318,2056,1985,71,405,394,11,998,936,62,0,0,0,0,0,0,0,0,0,17.9148799,77.5046101
KARNATAKA,Urban,Bidar,Moped/Scooter/Motor Cycle,17301,16225,1076,0,0,0,3052,2862,190,8505,7898,607,2661,2528,133,1114,1062,52,503,483,20,443,425,18,219,212,7,804,755,49,17.9148799,77.5046101
KARNATAKA,Urban,Bidar,Car/Jeep/Van,1730,1506,224,0,0,0,211,177,34,605,511,94,257,221,36,131,109,22,85,72,13,153,144,9,203,196,7,85,76,9,17.9148799,77.5046101
KARNATAKA,Urban,Bidar,Tempo/Autorickshaw/Taxi,5676,3934,1742,0,0,0,439,245,194,2592,1617,975,1541,1224,317,418,298,120,201,153,48,164,132,32,169,144,25,152,121,31,17.9148799,77.5046101
KARNATAKA,Urban,Bidar,Bus,10897,8171,2726,0,0,0,422,303,119,1441,1021,420,2079,1553,526,1937,1291,646,1373,1022,351,1787,1412,375,1621,1384,237,237,185,52,17.9148799,77.5046101
KARNATAKA,Urban,Bidar,Train,442,409,33,0,0,0,73,59,14,156,144,12,34,33,1,10,10,0,6,6,0,26,25,1,109,105,4,28,27,1,17.9148799,77.5046101
KARNATAKA,Urban,Bidar,Water transport,45,36,9,0,0,0,6,2,4,7,7,0,3,3,0,5,3,2,3,1,2,5,5,0,1,1,0,15,14,1,17.9148799,77.5046101
KARNATAKA,Urban,Bidar,Any other,742,669,73,0,0,0,214,198,16,175,141,34,80,70,10,31,26,5,9,8,1,20,20,0,104,102,2,109,104,5,17.9148799,77.5046101
KARNATAKA,Urban,Bidar,No travel,36919,26939,9980,36919,26939,9980,0,0,0,0,0,0,0,0,0,0,0,0,0,0,0,0,0,0,0,0,0,0,0,0,17.9148799,77.5046101
TAMIL NADU,Total,Kanniyakumari,All Modes,555354,437808,117546,126440,82713,43727,84166,63804,20362,138380,114197,24183,93168,78842,14326,45021,37916,7105,19182,16567,2615,15909,14169,1740,24176,21757,2419,8912,7843,1069,8.0883064,77.5384507
TAMIL NADU,Total,Kanniyakumari,On foot,126186,93115,33071,0,0,0,66044,47661,18383,43915,32696,11219,16227,12758,3469,0,0,0,0,0,0,0,0,0,0,0,0,0,0,0,8.0883064,77.5384507
TAMIL NADU,Total,Kanniyakumari,Bicycle,42329,41261,1068,0,0,0,4382,4237,145,24935,24383,552,8859,8658,201,1840,1785,55,2313,2198,115,0,0,0,0,0,0,0,0,0,8.0883064,77.5384507
TAMIL NADU,Total,Kanniyakumari,Moped/Scooter/Motor Cycle,65678,62520,3158,0,0,0,6495,6129,366,25233,23815,1418,17975,17239,736,9439,9069,370,2659,2554,105,1337,1294,43,647,619,28,1893,1801,92,8.0883064,77.5384507
TAMIL NADU,Total,Kanniyakumari,Car/Jeep/Van,8287,6590,1697,0,0,0,914,720,194,2520,1881,639,1810,1376,434,1233,1001,232,580,502,78,470,423,47,427,396,31,333,291,42,8.0883064,77.5384507
TAMIL NADU,Total,Kanniyakumari,Tempo/Autorickshaw/Taxi,6096,5569,527,0,0,0,722,656,66,1774,1565,209,1361,1241,120,818,751,67,397,378,19,340,327,13,334,320,14,350,331,19,8.0883064,77.5384507
TAMIL NADU,Total,Kanniyakumari,Bus,152934,120167,32767,0,0,0,4343,3234,1109,38311,28291,10020,45094,35832,9262,29096,22838,6258,11111,8894,2217,8951,7478,1473,12435,10739,1696,3593,2861,732,8.0883064,77.5384507
TAMIL NADU,Total,Kanniyakumari,Train,10794,9676,1118,0,0,0,302,251,51,385,321,64,424,354,70,527,438,89,638,578,60,1621,1487,134,6244,5666,578,653,581,72,8.0883064,77.5384507
TAMIL NADU,Total,Kanniyakumari,Water transport,15244,15031,213,0,0,0,867,850,17,1193,1165,28,1299,1279,20,2010,1985,25,1445,1425,20,3114,3088,26,3805,3755,50,1511,1484,27,8.0883064,77.5384507
TAMIL NADU,Total,Kanniyakumari,Any other,1366,1166,200,0,0,0,97,66,31,114,80,34,119,105,14,58,49,9,39,38,1,76,72,4,284,262,22,579,494,85,8.0883064,77.5384507
TAMIL NADU,Total,Kanniyakumari,No travel,126440,82713,43727,126440,82713,43727,0,0,0,0,0,0,0,0,0,0,0,0,0,0,0,0,0,0,0,0,0,0,0,0,8.0883064,77.5384507
TAMIL NADU,Rural,Kanniyakumari,All Modes,94764,74315,20449,20081,12929,7152,16467,12665,3802,19885,15478,4407,16094,13377,2717,8436,7226,1210,3371,3003,368,2829,2600,229,6151,5772,379,1450,1265,185,8.0883064,77.5384507
TAMIL NADU,Rural,Kanniyakumari,On foot,24209,17478,6731,0,0,0,14223,10705,3518,6979,4525,2454,3007,2248,759,0,0,0,0,0,0,0,0,0,0,0,0,0,0,0,8.0883064,77.5384507
TAMIL NADU,Rural,Kanniyakumari,Bicycle,6087,5916,171,0,0,0,491,465,26,3537,3456,81,1457,1422,35,327,309,18,275,264,11,0,0,0,0,0,0,0,0,0,8.0883064,77.5384507
TAMIL NADU,Rural,Kanniyakumari,Moped/Scooter/Motor Cycle,9075,8690,385,0,0,0,512,492,20,2813,2676,137,3101,2971,130,1660,1604,56,404,386,18,216,210,6,114,111,3,255,240,15,8.0883064,77.5384507
TAMIL NADU,Rural,Kanniyakumari,Car/Jeep/Van,1203,847,356,0,0,0,130,86,44,347,225,122,309,191,118,184,142,42,73,62,11,51,46,5,58,55,3,51,40,11,8.0883064,77.5384507
TAMIL NADU,Rural,Kanniyakumari,Tempo/Autorickshaw/Taxi,889,826,63,0,0,0,73,72,1,186,160,26,210,192,18,146,136,10,68,66,2,63,61,2,88,86,2,55,53,2,8.0883064,77.5384507
TAMIL NADU,Rural,Kanniyakumari,Bus,24395,19098,5297,0,0,0,630,460,170,5454,3894,1560,7363,5721,1642,4835,3777,1058,1604,1296,308,1225,1032,193,2637,2401,236,647,517,130,8.0883064,77.5384507
TAMIL NADU,Rural,Kanniyakumari,Train,1964,1791,173,0,0,0,59,50,9,63,53,10,34,27,7,52,42,10,66,60,6,180,163,17,1410,1307,103,100,89,11,8.0883064,77.5384507
TAMIL NADU,Rural,Kanniyakumari,Water transport,6700,6606,94,0,0,0,343,332,11,493,481,12,594,591,3,1226,1212,14,876,864,12,1086,1081,5,1802,1773,29,280,272,8,8.0883064,77.5384507
TAMIL NADU,Rural,Kanniyakumari,Any other,161,134,27,0,0,0,6,3,3,13,8,5,19,14,5,6,4,2,5,5,0,8,7,1,42,39,3,62,54,8,8.0883064,77.5384507
TAMIL NADU,Rural,Kanniyakumari,No travel,20081,12929,7152,20081,12929,7152,0,0,0,0,0,0,0,0,0,0,0,0,0,0,0,0,0,0,0,0,0,0,0,0,8.0883064,77.5384507
TAMIL NADU,Urban,Kanniyakumari,All Modes,460590,363493,97097,106359,69784,36575,67699,51139,16560,118495,98719,19776,77074,65465,11609,36585,30690,5895,15811,13564,2247,13080,11569,1511,18025,15985,2040,7462,6578,884,8.0883064,77.5384507
TAMIL NADU,Urban,Kanniyakumari,On foot,101977,75637,26340,0,0,0,51821,36956,14865,36936,28171,8765,13220,10510,2710,0,0,0,0,0,0,0,0,0,0,0,0,0,0,0,8.0883064,77.5384507
TAMIL NADU,Urban,Kanniyakumari,Bicycle,36242,35345,897,0,0,0,3891,3772,119,21398,20927,471,7402,7236,166,1513,1476,37,2038,1934,104,0,0,0,0,0,0,0,0,0,8.0883064,77.5384507
TAMIL NADU,Urban,Kanniyakumari,Moped/Scooter/Motor Cycle,56603,53830,2773,0,0,0,5983,5637,346,22420,21139,1281,14874,14268,606,7779,7465,314,2255,2168,87,1121,1084,37,533,508,25,1638,1561,77,8.0883064,77.5384507
TAMIL NADU,Urban,Kanniyakumari,Car/Jeep/Van,7084,5743,1341,0,0,0,784,634,150,2173,1656,517,1501,1185,316,1049,859,190,507,440,67,419,377,42,369,341,28,282,251,31,8.0883064,77.5384507
TAMIL NADU,Urban,Kanniyakumari,Tempo/Autorickshaw/Taxi,5207,4743,464,0,0,0,649,584,65,1588,1405,183,1151,1049,102,672,615,57,329,312,17,277,266,11,246,234,12,295,278,17,8.0883064,77.5384507
TAMIL NADU,Urban,Kanniyakumari,Bus,128539,101069,27470,0,0,0,3713,2774,939,32857,24397,8460,37731,30111,7620,24261,19061,5200,9507,7598,1909,7726,6446,1280,9798,8338,1460,2946,2344,602,8.0883064,77.5384507
TAMIL NADU,Urban,Kanniyakumari,Train,8830,7885,945,0,0,0,243,201,42,322,268,54,390,327,63,475,396,79,572,518,54,1441,1324,117,4834,4359,475,553,492,61,8.0883064,77.5384507
TAMIL NADU,Urban,Kanniyakumari,Water transport,8544,8425,119,0,0,0,524,518,6,700,684,16,705,688,17,784,773,11,569,561,8,2028,2007,21,2003,1982,21,1231,1212,19,8.0883064,77.5384507
TAMIL NADU,Urban,Kanniyakumari,Any other,1205,1032,173,0,0,0,91,63,28,101,72,29,100,91,9,52,45,7,34,33,1,68,65,3,242,223,19,517,440,77,8.0883064,77.5384507
TAMIL NADU,Urban,Kanniyakumari,No travel,106359,69784,36575,106359,69784,36575,0,0,0,0,0,0,0,0,0,0,0,0,0,0,0,0,0,0,0,0,0,0,0,0,8.0883064,77.5384507
UTTAR PRADESH,Total,Gautam Buddha Nagar,All Modes,412196,327305,84891,121340,79198,42142,58208,48201,10007,78798,67255,11543,59950,50549,9401,39225,34026,5199,23191,20256,2935,14471,12810,1661,5823,5387,436,11190,9623,1567,28.358983,77.550762
UTTAR PRADESH,Total,Gautam Buddha Nagar,On foot,80069,65425,14644,0,0,0,42900,34999,7901,21160,17674,3486,16009,12752,3257,0,0,0,0,0,0,0,0,0,0,0,0,0,0,0,28.358983,77.550762
UTTAR PRADESH,Total,Gautam Buddha Nagar,Bicycle,38527,36812,1715,0,0,0,4125,3908,217,18044,17248,796,8197,7897,300,3618,3496,122,4543,4263,280,0,0,0,0,0,0,0,0,0,28.358983,77.550762
UTTAR PRADESH,Total,Gautam Buddha Nagar,Moped/Scooter/Motor Cycle,46859,44197,2662,0,0,0,4093,3810,283,13861,12878,983,10383,9814,569,8775,8419,356,3481,3370,111,2232,2170,62,689,667,22,3345,3069,276,28.358983,77.550762
UTTAR PRADESH,Total,Gautam Buddha Nagar,Car/Jeep/Van,55107,43714,11393,0,0,0,3594,2779,815,11857,9168,2689,11494,8869,2625,12190,9790,2400,6946,5659,1287,4778,3964,814,1193,1026,167,3055,2459,596,28.358983,77.550762
UTTAR PRADESH,Total,Gautam Buddha Nagar,Tempo/Autorickshaw/Taxi,11260,8283,2977,0,0,0,816,542,274,4216,2827,1389,2764,2082,682,1628,1332,296,507,414,93,434,356,78,153,132,21,742,598,144,28.358983,77.550762
UTTAR PRADESH,Total,Gautam Buddha Nagar,Bus,44462,37125,7337,0,0,0,1892,1518,374,8298,6358,1940,9967,8204,1763,10981,9407,1574,5523,4763,760,3604,3187,417,1544,1425,119,2653,2263,390,28.358983,77.550762
UTTAR PRADESH,Total,Gautam Buddha Nagar,Train,11921,10343,1578,0,0,0,440,362,78,631,526,105,685,539,146,1706,1312,394,1988,1616,372,3253,2993,260,2128,2027,101,1090,968,122,28.358983,77.550762
UTTAR PRADESH,Total,Gautam Buddha Nagar,Water transport,276,238,38,0,0,0,35,30,5,31,25,6,57,49,8,51,42,9,26,24,2,14,11,3,22,21,1,40,36,4,28.358983,77.550762
UTTAR PRADESH,Total,Gautam Buddha Nagar,Any other,2375,1970,405,0,0,0,313,253,60,700,551,149,394,343,51,276,228,48,177,147,30,156,129,27,94,89,5,265,230,35,28.358983,77.550762
UTTAR PRADESH,Total,Gautam Buddha Nagar,No travel,121340,79198,42142,121340,79198,42142,0,0,0,0,0,0,0,0,0,0,0,0,0,0,0,0,0,0,0,0,0,0,0,0,28.358983,77.550762
UTTAR PRADESH,Rural,Gautam Buddha Nagar,All Modes,100324,77345,22979,47516,29618,17898,7456,5717,1739,10417,9473,944,10851,9447,1404,8401,8102,299,5400,5168,232,4886,4734,152,2839,2747,92,2558,2339,219,28.358983,77.550762
UTTAR PRADESH,Rural,Gautam Buddha Nagar,On foot,11681,8514,3167,0,0,0,5181,3601,1580,2677,2164,513,3823,2749,1074,0,0,0,0,0,0,0,0,0,0,0,0,0,0,0,28.358983,77.550762
UTTAR PRADESH,Rural,Gautam Buddha Nagar,Bicycle,11095,10646,449,0,0,0,835,783,52,3997,3852,145,2806,2709,97,1728,1684,44,1729,1618,111,0,0,0,0,0,0,0,0,0,28.358983,77.550762
UTTAR PRADESH,Rural,Gautam Buddha Nagar,Moped/Scooter/Motor Cycle,10498,10153,345,0,0,0,632,600,32,1787,1733,54,1913,1860,53,2613,2552,61,1241,1212,29,1019,1001,18,348,339,9,945,856,89,28.358983,77.550762
UTTAR PRADESH,Rural,Gautam Buddha Nagar,Car/Jeep/Van,2297,2176,121,0,0,0,131,122,9,303,276,27,297,271,26,595,580,15,320,313,7,297,289,8,134,129,5,220,196,24,28.358983,77.550762
UTTAR PRADESH,Rural,Gautam Buddha Nagar,Tempo/Autorickshaw/Taxi,2031,1846,185,0,0,0,103,90,13,399,357,42,441,399,42,588,535,53,140,131,9,145,140,5,41,38,3,174,156,18,28.358983,77.550762
UTTAR PRADESH,Rural,Gautam Buddha Nagar,Bus,8715,8179,536,0,0,0,310,281,29,880,744,136,1191,1102,89,2345,2236,109,1286,1240,46,1336,1287,49,805,774,31,562,515,47,28.358983,77.550762
UTTAR PRADESH,Rural,Gautam Buddha Nagar,Train,5851,5611,240,0,0,0,190,173,17,217,203,14,230,211,19,459,446,13,650,620,30,2046,1974,72,1469,1425,44,590,559,31,28.358983,77.550762
UTTAR PRADESH,Rural,Gautam Buddha Nagar,Water transport,78,71,7,0,0,0,10,8,2,3,2,1,15,15,0,15,13,2,9,9,0,3,3,0,12,12,0,11,9,2,28.358983,77.550762
UTTAR PRADESH,Rural,Gautam Buddha Nagar,Any other,562,531,31,0,0,0,64,59,5,154,142,12,135,131,4,58,56,2,25,25,0,40,40,0,30,30,0,56,48,8,28.358983,77.550762
UTTAR PRADESH,Rural,Gautam Buddha Nagar,No travel,47516,29618,17898,47516,29618,17898,0,0,0,0,0,0,0,0,0,0,0,0,0,0,0,0,0,0,0,0,0,0,0,0,28.358983,77.550762
UTTAR PRADESH,Urban,Gautam Buddha Nagar,All Modes,311872,249960,61912,73824,49580,24244,50752,42484,8268,68381,57782,10599,49099,41102,7997,30824,25924,4900,17791,15088,2703,9585,8076,1509,2984,2640,344,8632,7284,1348,28.358983,77.550762
UTTAR PRADESH,Urban,Gautam Buddha Nagar,On foot,68388,56911,11477,0,0,0,37719,31398,6321,18483,15510,2973,12186,10003,2183,0,0,0,0,0,0,0,0,0,0,0,0,0,0,0,28.358983,77.550762
UTTAR PRADESH,Urban,Gautam Buddha Nagar,Bicycle,27432,26166,1266,0,0,0,3290,3125,165,14047,13396,651,5391,5188,203,1890,1812,78,2814,2645,169,0,0,0,0,0,0,0,0,0,28.358983,77.550762
UTTAR PRADESH,Urban,Gautam Buddha Nagar,Moped/Scooter/Motor Cycle,36361,34044,2317,0,0,0,3461,3210,251,12074,11145,929,8470,7954,516,6162,5867,295,2240,2158,82,1213,1169,44,341,328,13,2400,2213,187,28.358983,77.550762
UTTAR PRADESH,Urban,Gautam Buddha Nagar,Car/Jeep/Van,52810,41538,11272,0,0,0,3463,2657,806,11554,8892,2662,11197,8598,2599,11595,9210,2385,6626,5346,1280,4481,3675,806,1059,897,162,2835,2263,572,28.358983,77.550762
UTTAR PRADESH,Urban,Gautam Buddha Nagar,Tempo/Autorickshaw/Taxi,9229,6437,2792,0,0,0,713,452,261,3817,2470,1347,2323,1683,640,1040,797,243,367,283,84,289,216,73,112,94,18,568,442,126,28.358983,77.550762
UTTAR PRADESH,Urban,Gautam Buddha Nagar,Bus,35747,28946,6801,0,0,0,1582,1237,345,7418,5614,1804,8776,7102,1674,8636,7171,1465,4237,3523,714,2268,1900,368,739,651,88,2091,1748,343,28.358983,77.550762
UTTAR PRADESH,Urban,Gautam Buddha Nagar,Train,6070,4732,1338,0,0,0,250,189,61,414,323,91,455,328,127,1247,866,381,1338,996,342,1207,1019,188,659,602,57,500,409,91,28.358983,77.550762
UTTAR PRADESH,Urban,Gautam Buddha Nagar,Water transport,198,167,31,0,0,0,25,22,3,28,23,5,42,34,8,36,29,7,17,15,2,11,8,3,10,9,1,29,27,2,28.358983,77.550762
UTTAR PRADESH,Urban,Gautam Buddha Nagar,Any other,1813,1439,374,0,0,0,249,194,55,546,409,137,259,212,47,218,172,46,152,122,30,116,89,27,64,59,5,209,182,27,28.358983,77.550762
UTTAR PRADESH,Urban,Gautam Buddha Nagar,No travel,73824,49580,24244,73824,49580,24244,0,0,0,0,0,0,0,0,0,0,0,0,0,0,0,0,0,0,0,0,0,0,0,0,28.358983,77.550762
UTTAR PRADESH,Total,Saharanpur,All Modes,508695,441056,67639,178566,136553,42013,82101,71373,10728,101965,94718,7247,66690,62557,4133,29358,28287,1071,20550,19729,821,8798,8401,397,13149,12490,659,7518,6948,570,29.9680035,77.5552066
UTTAR PRADESH,Total,Saharanpur,On foot,101740,85999,15741,0,0,0,57979,48394,9585,24277,20649,3628,19484,16956,2528,0,0,0,0,0,0,0,0,0,0,0,0,0,0,0,29.9680035,77.5552066
UTTAR PRADESH,Total,Saharanpur,Bicycle,112288,110104,2184,0,0,0,13133,12767,366,46899,45884,1015,28292,27950,342,12133,12024,109,11831,11479,352,0,0,0,0,0,0,0,0,0,29.9680035,77.5552066
UTTAR PRADESH,Total,Saharanpur,Moped/Scooter/Motor Cycle,52711,50658,2053,0,0,0,7646,7326,320,21168,20230,938,8948,8635,313,6206,6055,151,2438,2372,66,2064,1999,65,971,947,24,3270,3094,176,29.9680035,77.5552066
UTTAR PRADESH,Total,Saharanpur,Car/Jeep/Van,4294,3799,495,0,0,0,427,347,80,1062,883,179,646,579,67,518,467,51,362,336,26,444,425,19,483,455,28,352,307,45,29.9680035,77.5552066
UTTAR PRADESH,Total,Saharanpur,Tempo/Autorickshaw/Taxi,13416,11268,2148,0,0,0,736,551,185,3395,2391,1004,4154,3668,486,3087,2832,255,792,735,57,359,320,39,324,301,23,569,470,99,29.9680035,77.5552066
UTTAR PRADESH,Total,Saharanpur,Bus,23895,21952,1943,0,0,0,600,527,73,1765,1473,292,2953,2618,335,5364,4920,444,3924,3641,283,3889,3689,200,4161,3955,206,1239,1129,110,29.9680035,77.5552066
UTTAR PRADESH,Total,Saharanpur,Train,14779,13999,780,0,0,0,711,653,58,1041,979,62,768,737,31,1385,1338,47,998,964,34,1714,1648,66,6673,6303,370,1489,1377,112,29.9680035,77.5552066
UTTAR PRADESH,Total,Saharanpur,Water transport,196,172,24,0,0,0,51,40,11,14,11,3,30,27,3,12,9,3,7,6,1,9,9,0,36,36,0,37,34,3,29.9680035,77.5552066
UTTAR PRADESH,Total,Saharanpur,Any other,6810,6552,258,0,0,0,818,768,50,2344,2218,126,1415,1387,28,653,642,11,198,196,2,319,311,8,501,493,8,562,537,25,29.9680035,77.5552066
UTTAR PRADESH,Total,Saharanpur,No travel,178566,136553,42013,178566,136553,42013,0,0,0,0,0,0,0,0,0,0,0,0,0,0,0,0,0,0,0,0,0,0,0,0,29.9680035,77.5552066
UTTAR PRADESH,Rural,Saharanpur,All Modes,234739,198482,36257,89703,64880,24823,26780,20908,5872,34687,32152,2535,36315,34604,1711,21727,21260,467,10666,10364,302,5171,5016,155,7152,6904,248,2538,2394,144,29.9680035,77.5552066
UTTAR PRADESH,Rural,Saharanpur,On foot,34156,25758,8398,0,0,0,20165,14633,5532,7958,6233,1725,6033,4892,1141,0,0,0,0,0,0,0,0,0,0,0,0,0,0,0,29.9680035,77.5552066
UTTAR PRADESH,Rural,Saharanpur,Bicycle,57927,57020,907,0,0,0,4224,4077,147,19000,18645,355,19886,19684,202,9908,9830,78,4909,4784,125,0,0,0,0,0,0,0,0,0,29.9680035,77.5552066
UTTAR PRADESH,Rural,Saharanpur,Moped/Scooter/Motor Cycle,17076,16606,470,0,0,0,1107,1039,68,3755,3611,144,4164,4086,78,4115,4045,70,1672,1634,38,1092,1064,28,518,508,10,653,619,34,29.9680035,77.5552066
UTTAR PRADESH,Rural,Saharanpur,Car/Jeep/Van,1417,1323,94,0,0,0,98,78,20,184,163,21,230,217,13,230,217,13,160,156,4,216,208,8,205,196,9,94,88,6,29.9680035,77.5552066
UTTAR PRADESH,Rural,Saharanpur,Tempo/Autorickshaw/Taxi,7601,7151,450,0,0,0,246,224,22,1146,1024,122,2728,2581,147,2355,2248,107,570,548,22,195,187,8,153,147,6,208,192,16,29.9680035,77.5552066
UTTAR PRADESH,Rural,Saharanpur,Bus,15539,14774,765,0,0,0,327,293,34,1100,986,114,1892,1787,105,3601,3430,171,2593,2494,99,2632,2539,93,2639,2532,107,755,713,42,29.9680035,77.5552066
UTTAR PRADESH,Rural,Saharanpur,Train,7554,7295,259,0,0,0,250,224,26,425,405,20,494,480,14,1042,1020,22,618,606,12,808,794,14,3304,3192,112,613,574,39,29.9680035,77.5552066
UTTAR PRADESH,Rural,Saharanpur,Water transport,97,84,13,0,0,0,16,10,6,6,5,1,18,16,2,5,4,1,4,3,1,4,4,0,21,21,0,23,21,2,29.9680035,77.5552066
UTTAR PRADESH,Rural,Saharanpur,Any other,3669,3591,78,0,0,0,347,330,17,1113,1080,33,870,861,9,471,466,5,140,139,1,224,220,4,312,308,4,192,187,5,29.9680035,77.5552066
UTTAR PRADESH,Rural,Saharanpur,No travel,89703,64880,24823,89703,64880,24823,0,0,0,0,0,0,0,0,0,0,0,0,0,0,0,0,0,0,0,0,0,0,0,0,29.9680035,77.5552066
UTTAR PRADESH,Urban,Saharanpur,All Modes,273956,242574,31382,88863,71673,17190,55321,50465,4856,67278,62566,4712,30375,27953,2422,7631,7027,604,9884,9365,519,3627,3385,242,5997,5586,411,4980,4554,426,29.9680035,77.5552066
UTTAR PRADESH,Urban,Saharanpur,On foot,67584,60241,7343,0,0,0,37814,33761,4053,16319,14416,1903,13451,12064,1387,0,0,0,0,0,0,0,0,0,0,0,0,0,0,0,29.9680035,77.5552066
UTTAR PRADESH,Urban,Saharanpur,Bicycle,54361,53084,1277,0,0,0,8909,8690,219,27899,27239,660,8406,8266,140,2225,2194,31,6922,6695,227,0,0,0,0,0,0,0,0,0,29.9680035,77.5552066
UTTAR PRADESH,Urban,Saharanpur,Moped/Scooter/Motor Cycle,35635,34052,1583,0,0,0,6539,6287,252,17413,16619,794,4784,4549,235,2091,2010,81,766,738,28,972,935,37,453,439,14,2617,2475,142,29.9680035,77.5552066
UTTAR PRADESH,Urban,Saharanpur,Car/Jeep/Van,2877,2476,401,0,0,0,329,269,60,878,720,158,416,362,54,288,250,38,202,180,22,228,217,11,278,259,19,258,219,39,29.9680035,77.5552066
UTTAR PRADESH,Urban,Saharanpur,Tempo/Autorickshaw/Taxi,5815,4117,1698,0,0,0,490,327,163,2249,1367,882,1426,1087,339,732,584,148,222,187,35,164,133,31,171,154,17,361,278,83,29.9680035,77.5552066
UTTAR PRADESH,Urban,Saharanpur,Bus,8356,7178,1178,0,0,0,273,234,39,665,487,178,1061,831,230,1763,1490,273,1331,1147,184,1257,1150,107,1522,1423,99,484,416,68,29.9680035,77.5552066
UTTAR PRADESH,Urban,Saharanpur,Train,7225,6704,521,0,0,0,461,429,32,616,574,42,274,257,17,343,318,25,380,358,22,906,854,52,3369,3111,258,876,803,73,29.9680035,77.5552066
UTTAR PRADESH,Urban,Saharanpur,Water transport,99,88,11,0,0,0,35,30,5,8,6,2,12,11,1,7,5,2,3,3,0,5,5,0,15,15,0,14,13,1,29.9680035,77.5552066
UTTAR PRADESH,Urban,Saharanpur,Any other,3141,2961,180,0,0,0,471,438,33,1231,1138,93,545,526,19,182,176,6,58,57,1,95,91,4,189,185,4,370,350,20,29.9680035,77.5552066
UTTAR PRADESH,Urban,Saharanpur,No travel,88863,71673,17190,88863,71673,17190,0,0,0,0,0,0,0,0,0,0,0,0,0,0,0,0,0,0,0,0,0,0,0,0,29.9680035,77.5552066
JAMMU & KASHMIR,Total,Leh(Ladakh),All Modes,51545,42419,9126,35345,31794,3551,3828,2691,1137,3551,2181,1370,3308,2087,1221,1565,1020,545,798,512,286,804,455,349,1652,1123,529,694,556,138,34.167544,77.586243
JAMMU & KASHMIR,Total,Leh(Ladakh),On foot,6495,4241,2254,0,0,0,3203,2196,1007,1744,1026,718,1548,1019,529,0,0,0,0,0,0,0,0,0,0,0,0,0,0,0,34.167544,77.586243
JAMMU & KASHMIR,Total,Leh(Ladakh),Bicycle,90,65,25,0,0,0,21,18,3,23,16,7,8,5,3,10,7,3,28,19,9,0,0,0,0,0,0,0,0,0,34.167544,77.586243
JAMMU & KASHMIR,Total,Leh(Ladakh),Moped/Scooter/Motor Cycle,225,187,38,0,0,0,29,27,2,57,47,10,63,49,14,31,26,5,14,10,4,6,6,0,9,8,1,16,14,2,34.167544,77.586243
JAMMU & KASHMIR,Total,Leh(Ladakh),Car/Jeep/Van,2303,1794,509,0,0,0,283,234,49,803,607,196,426,325,101,259,204,55,133,107,26,108,71,37,193,162,31,98,84,14,34.167544,77.586243
JAMMU & KASHMIR,Total,Leh(Ladakh),Tempo/Autorickshaw/Taxi,311,264,47,0,0,0,18,16,2,54,45,9,42,30,12,37,31,6,10,5,5,27,25,2,81,74,7,42,38,4,34.167544,77.586243
JAMMU & KASHMIR,Total,Leh(Ladakh),Bus,5568,3155,2413,0,0,0,193,130,63,703,343,360,1045,561,484,1092,659,433,552,322,230,599,308,291,1140,676,464,244,156,88,34.167544,77.586243
JAMMU & KASHMIR,Total,Leh(Ladakh),Train,170,138,32,0,0,0,28,20,8,12,10,2,3,2,1,8,5,3,10,8,2,17,9,8,69,65,4,23,19,4,34.167544,77.586243
JAMMU & KASHMIR,Total,Leh(Ladakh),Water transport,31,13,18,0,0,0,4,4,0,6,1,5,2,1,1,3,2,1,0,0,0,1,1,0,6,4,2,9,0,9,34.167544,77.586243
JAMMU & KASHMIR,Total,Leh(Ladakh),Any other,1007,768,239,0,0,0,49,46,3,149,86,63,171,95,76,125,86,39,51,41,10,46,35,11,154,134,20,262,245,17,34.167544,77.586243
JAMMU & KASHMIR,Total,Leh(Ladakh),No travel,35345,31794,3551,35345,31794,3551,0,0,0,0,0,0,0,0,0,0,0,0,0,0,0,0,0,0,0,0,0,0,0,0,34.167544,77.586243
JAMMU & KASHMIR,Rural,Leh(Ladakh),All Modes,25889,20736,5153,16593,14491,2102,1984,1351,633,1302,801,501,2006,1319,687,1297,896,401,667,448,219,611,376,235,1093,799,294,336,255,81,34.167544,77.586243
JAMMU & KASHMIR,Rural,Leh(Ladakh),On foot,3687,2414,1273,0,0,0,1764,1180,584,748,444,304,1175,790,385,0,0,0,0,0,0,0,0,0,0,0,0,0,0,0,34.167544,77.586243
JAMMU & KASHMIR,Rural,Leh(Ladakh),Bicycle,54,41,13,0,0,0,13,11,2,14,11,3,4,3,1,9,7,2,14,9,5,0,0,0,0,0,0,0,0,0,34.167544,77.586243
JAMMU & KASHMIR,Rural,Leh(Ladakh),Moped/Scooter/Motor Cycle,120,109,11,0,0,0,14,14,0,18,14,4,29,29,0,23,20,3,12,10,2,6,6,0,8,8,0,10,8,2,34.167544,77.586243
JAMMU & KASHMIR,Rural,Leh(Ladakh),Car/Jeep/Van,1014,804,210,0,0,0,66,52,14,155,121,34,195,146,49,213,170,43,119,96,23,80,57,23,127,110,17,59,52,7,34.167544,77.586243
JAMMU & KASHMIR,Rural,Leh(Ladakh),Tempo/Autorickshaw/Taxi,194,178,16,0,0,0,5,5,0,12,10,2,11,10,1,29,27,2,8,4,4,25,24,1,71,66,5,33,32,1,34.167544,77.586243
JAMMU & KASHMIR,Rural,Leh(Ladakh),Bus,3524,2212,1312,0,0,0,85,58,27,258,149,109,470,276,194,893,583,310,459,286,173,443,250,193,752,496,256,164,114,50,34.167544,77.586243
JAMMU & KASHMIR,Rural,Leh(Ladakh),Train,69,47,22,0,0,0,11,8,3,5,5,0,1,0,1,5,3,2,6,4,2,16,8,8,17,14,3,8,5,3,34.167544,77.586243
JAMMU & KASHMIR,Rural,Leh(Ladakh),Water transport,21,9,12,0,0,0,3,3,0,2,0,2,1,0,1,3,2,1,0,0,0,1,1,0,3,3,0,8,0,8,34.167544,77.586243
JAMMU & KASHMIR,Rural,Leh(Ladakh),Any other,613,431,182,0,0,0,23,20,3,90,47,43,120,65,55,122,84,38,49,39,10,40,30,10,115,102,13,54,44,10,34.167544,77.586243
JAMMU & KASHMIR,Rural,Leh(Ladakh),No travel,16593,14491,2102,16593,14491,2102,0,0,0,0,0,0,0,0,0,0,0,0,0,0,0,0,0,0,0,0,0,0,0,0,34.167544,77.586243
JAMMU & KASHMIR,Urban,Leh(Ladakh),All Modes,25656,21683,3973,18752,17303,1449,1844,1340,504,2249,1380,869,1302,768,534,268,124,144,131,64,67,193,79,114,559,324,235,358,301,57,34.167544,77.586243
JAMMU & KASHMIR,Urban,Leh(Ladakh),On foot,2808,1827,981,0,0,0,1439,1016,423,996,582,414,373,229,144,0,0,0,0,0,0,0,0,0,0,0,0,0,0,0,34.167544,77.586243
JAMMU & KASHMIR,Urban,Leh(Ladakh),Bicycle,36,24,12,0,0,0,8,7,1,9,5,4,4,2,2,1,0,1,14,10,4,0,0,0,0,0,0,0,0,0,34.167544,77.586243
JAMMU & KASHMIR,Urban,Leh(Ladakh),Moped/Scooter/Motor Cycle,105,78,27,0,0,0,15,13,2,39,33,6,34,20,14,8,6,2,2,0,2,0,0,0,1,0,1,6,6,0,34.167544,77.586243
JAMMU & KASHMIR,Urban,Leh(Ladakh),Car/Jeep/Van,1289,990,299,0,0,0,217,182,35,648,486,162,231,179,52,46,34,12,14,11,3,28,14,14,66,52,14,39,32,7,34.167544,77.586243
JAMMU & KASHMIR,Urban,Leh(Ladakh),Tempo/Autorickshaw/Taxi,117,86,31,0,0,0,13,11,2,42,35,7,31,20,11,8,4,4,2,1,1,2,1,1,10,8,2,9,6,3,34.167544,77.586243
JAMMU & KASHMIR,Urban,Leh(Ladakh),Bus,2044,943,1101,0,0,0,108,72,36,445,194,251,575,285,290,199,76,123,93,36,57,156,58,98,388,180,208,80,42,38,34.167544,77.586243
JAMMU & KASHMIR,Urban,Leh(Ladakh),Train,101,91,10,0,0,0,17,12,5,7,5,2,2,2,0,3,2,1,4,4,0,1,1,0,52,51,1,15,14,1,34.167544,77.586243
JAMMU & KASHMIR,Urban,Leh(Ladakh),Water transport,10,4,6,0,0,0,1,1,0,4,1,3,1,1,0,0,0,0,0,0,0,0,0,0,3,1,2,1,0,1,34.167544,77.586243
JAMMU & KASHMIR,Urban,Leh(Ladakh),Any other,394,337,57,0,0,0,26,26,0,59,39,20,51,30,21,3,2,1,2,2,0,6,5,1,39,32,7,208,201,7,34.167544,77.586243
JAMMU & KASHMIR,Urban,Leh(Ladakh),No travel,18752,17303,1449,18752,17303,1449,0,0,0,0,0,0,0,0,0,0,0,0,0,0,0,0,0,0,0,0,0,0,0,0,34.167544,77.586243
KARNATAKA,Total,Bangalore,All Modes,3944496,2912060,1032436,709237,463979,245258,631633,428649,202984,891010,643860,247150,811886,626002,185884,504368,412826,91542,187546,158525,29021,104009,88316,15693,43123,38148,4975,61684,51755,9929,12.9715987,77.5945627
KARNATAKA,Total,Bangalore,On foot,948965,604089,344876,0,0,0,457342,287943,169399,300518,186934,113584,191105,129212,61893,0,0,0,0,0,0,0,0,0,0,0,0,0,0,0,12.9715987,77.5945627
KARNATAKA,Total,Bangalore,Bicycle,170400,151207,19193,0,0,0,18704,16293,2411,63300,56594,6706,40754,36280,4474,25856,22768,3088,21786,19272,2514,0,0,0,0,0,0,0,0,0,12.9715987,77.5945627
KARNATAKA,Total,Bangalore,Moped/Scooter/Motor Cycle,700627,630849,69778,0,0,0,69614,62305,7309,202711,179467,23244,189198,170009,19189,146073,133088,12985,39567,36779,2788,26033,24087,1946,7796,7268,528,19635,17846,1789,12.9715987,77.5945627
KARNATAKA,Total,Bangalore,Car/Jeep/Van,319585,254511,65074,0,0,0,20161,15702,4459,59249,45062,14187,75608,59422,16186,89325,71226,18099,37477,30594,6883,20571,17473,3098,8438,7697,741,8756,7335,1421,12.9715987,77.5945627
KARNATAKA,Total,Bangalore,Tempo/Autorickshaw/Taxi,107465,85534,21931,0,0,0,8534,6884,1650,20980,13559,7421,19474,14340,5134,20275,16349,3926,13200,11384,1816,10717,9746,971,6794,6510,284,7491,6762,729,12.9715987,77.5945627
KARNATAKA,Total,Bangalore,Bus,933567,677961,255606,0,0,0,50784,34600,16184,232001,152658,79343,284929,208057,76872,213389,161839,51550,71703,57366,14337,43450,34265,9185,15854,12928,2926,21457,16248,5209,12.9715987,77.5945627
KARNATAKA,Total,Bangalore,Train,33873,27363,6510,0,0,0,4184,3103,1081,8277,6574,1703,6873,5588,1285,5639,4609,1030,1925,1620,305,1864,1574,290,3235,2820,415,1876,1475,401,12.9715987,77.5945627
KARNATAKA,Total,Bangalore,Water transport,4015,3039,976,0,0,0,474,345,129,926,673,253,1104,834,270,669,506,163,256,205,51,168,135,33,125,104,21,293,237,56,12.9715987,77.5945627
KARNATAKA,Total,Bangalore,Any other,16762,13528,3234,0,0,0,1836,1474,362,3048,2339,709,2841,2260,581,3142,2441,701,1632,1305,327,1206,1036,170,881,821,60,2176,1852,324,12.9715987,77.5945627
KARNATAKA,Total,Bangalore,No travel,709237,463979,245258,709237,463979,245258,0,0,0,0,0,0,0,0,0,0,0,0,0,0,0,0,0,0,0,0,0,0,0,0,12.9715987,77.5945627
KARNATAKA,Rural,Bangalore,All Modes,292930,216619,76311,64382,42679,21703,53390,37905,15485,65419,47694,17725,49223,37056,12167,31003,25645,5358,16079,14079,2000,8597,7391,1206,2339,2084,255,2498,2086,412,12.9715987,77.5945627
KARNATAKA,Rural,Bangalore,On foot,90414,62637,27777,0,0,0,43275,29830,13445,30943,21380,9563,16196,11427,4769,0,0,0,0,0,0,0,0,0,0,0,0,0,0,0,12.9715987,77.5945627
KARNATAKA,Rural,Bangalore,Bicycle,8950,8320,630,0,0,0,1039,941,98,3988,3728,260,1639,1526,113,1101,1035,66,1183,1090,93,0,0,0,0,0,0,0,0,0,12.9715987,77.5945627
KARNATAKA,Rural,Bangalore,Moped/Scooter/Motor Cycle,23936,22590,1346,0,0,0,2501,2331,170,6987,6505,482,5155,4876,279,4902,4695,207,2239,2151,88,1258,1204,54,286,269,17,608,559,49,12.9715987,77.5945627
KARNATAKA,Rural,Bangalore,Car/Jeep/Van,8075,6648,1427,0,0,0,707,573,134,1820,1343,477,1521,1231,290,1747,1479,268,1112,965,147,655,576,79,292,281,11,221,200,21,12.9715987,77.5945627
KARNATAKA,Rural,Bangalore,Tempo/Autorickshaw/Taxi,5521,4670,851,0,0,0,429,353,76,1181,895,286,977,799,178,1117,983,134,765,712,53,578,497,81,235,213,22,239,218,21,12.9715987,77.5945627
KARNATAKA,Rural,Bangalore,Bus,88890,66699,22191,0,0,0,5058,3572,1486,19833,13285,6548,23276,16803,6473,21734,17105,4629,10514,8920,1594,5859,4886,973,1356,1163,193,1260,965,295,12.9715987,77.5945627
KARNATAKA,Rural,Bangalore,Train,1525,1313,212,0,0,0,243,185,58,407,355,52,247,221,26,199,175,24,136,119,17,137,124,13,75,71,4,81,63,18,12.9715987,77.5945627
KARNATAKA,Rural,Bangalore,Water transport,182,146,36,0,0,0,21,17,4,33,22,11,55,43,12,29,23,6,15,13,2,12,11,1,4,4,0,13,13,0,12.9715987,77.5945627
KARNATAKA,Rural,Bangalore,Any other,1055,917,138,0,0,0,117,103,14,227,181,46,157,130,27,174,150,24,115,109,6,98,93,5,91,83,8,76,68,8,12.9715987,77.5945627
KARNATAKA,Rural,Bangalore,No travel,64382,42679,21703,64382,42679,21703,0,0,0,0,0,0,0,0,0,0,0,0,0,0,0,0,0,0,0,0,0,0,0,0,12.9715987,77.5945627
KARNATAKA,Urban,Bangalore,All Modes,3651566,2695441,956125,644855,421300,223555,578243,390744,187499,825591,596166,229425,762663,588946,173717,473365,387181,86184,171467,144446,27021,95412,80925,14487,40784,36064,4720,59186,49669,9517,12.9715987,77.5945627
KARNATAKA,Urban,Bangalore,On foot,858551,541452,317099,0,0,0,414067,258113,155954,269575,165554,104021,174909,117785,57124,0,0,0,0,0,0,0,0,0,0,0,0,0,0,0,12.9715987,77.5945627
KARNATAKA,Urban,Bangalore,Bicycle,161450,142887,18563,0,0,0,17665,15352,2313,59312,52866,6446,39115,34754,4361,24755,21733,3022,20603,18182,2421,0,0,0,0,0,0,0,0,0,12.9715987,77.5945627
KARNATAKA,Urban,Bangalore,Moped/Scooter/Motor Cycle,676691,608259,68432,0,0,0,67113,59974,7139,195724,172962,22762,184043,165133,18910,141171,128393,12778,37328,34628,2700,24775,22883,1892,7510,6999,511,19027,17287,1740,12.9715987,77.5945627
KARNATAKA,Urban,Bangalore,Car/Jeep/Van,311510,247863,63647,0,0,0,19454,15129,4325,57429,43719,13710,74087,58191,15896,87578,69747,17831,36365,29629,6736,19916,16897,3019,8146,7416,730,8535,7135,1400,12.9715987,77.5945627
KARNATAKA,Urban,Bangalore,Tempo/Autorickshaw/Taxi,101944,80864,21080,0,0,0,8105,6531,1574,19799,12664,7135,18497,13541,4956,19158,15366,3792,12435,10672,1763,10139,9249,890,6559,6297,262,7252,6544,708,12.9715987,77.5945627
KARNATAKA,Urban,Bangalore,Bus,844677,611262,233415,0,0,0,45726,31028,14698,212168,139373,72795,261653,191254,70399,191655,144734,46921,61189,48446,12743,37591,29379,8212,14498,11765,2733,20197,15283,4914,12.9715987,77.5945627
KARNATAKA,Urban,Bangalore,Train,32348,26050,6298,0,0,0,3941,2918,1023,7870,6219,1651,6626,5367,1259,5440,4434,1006,1789,1501,288,1727,1450,277,3160,2749,411,1795,1412,383,12.9715987,77.5945627
KARNATAKA,Urban,Bangalore,Water transport,3833,2893,940,0,0,0,453,328,125,893,651,242,1049,791,258,640,483,157,241,192,49,156,124,32,121,100,21,280,224,56,12.9715987,77.5945627
KARNATAKA,Urban,Bangalore,Any other,15707,12611,3096,0,0,0,1719,1371,348,2821,2158,663,2684,2130,554,2968,2291,677,1517,1196,321,1108,943,165,790,738,52,2100,1784,316,12.9715987,77.5945627
KARNATAKA,Urban,Bangalore,No travel,644855,421300,223555,644855,421300,223555,0,0,0,0,0,0,0,0,0,0,0,0,0,0,0,0,0,0,0,0,0,0,0,0,12.9715987,77.5945627
ANDHRA PRADESH,Total,Anantapur,All Modes,638033,474255,163778,280876,188713,92163,88606,67017,21589,119673,95809,23864,61781,48780,13001,25156,21392,3764,17371,14974,2397,13607,11357,2250,17873,15293,2580,13090,10920,2170,14.6818877,77.6005911
ANDHRA PRADESH,Total,Anantapur,On foot,136681,94776,41905,0,0,0,62948,44067,18881,46095,31232,14863,27638,19477,8161,0,0,0,0,0,0,0,0,0,0,0,0,0,0,0,14.6818877,77.6005911
ANDHRA PRADESH,Total,Anantapur,Bicycle,44926,42521,2405,0,0,0,7773,7345,428,24578,23380,1198,5333,5073,260,1496,1399,97,5746,5324,422,0,0,0,0,0,0,0,0,0,14.6818877,77.6005911
ANDHRA PRADESH,Total,Anantapur,Moped/Scooter/Motor Cycle,56858,53525,3333,0,0,0,10930,10322,608,24623,23137,1486,7790,7370,420,4553,4325,228,1682,1609,73,2028,1897,131,1116,1062,54,4136,3803,333,14.6818877,77.6005911
ANDHRA PRADESH,Total,Anantapur,Car/Jeep/Van,6110,5470,640,0,0,0,640,534,106,1286,1098,188,861,765,96,732,677,55,349,326,23,590,553,37,1018,966,52,634,551,83,14.6818877,77.6005911
ANDHRA PRADESH,Total,Anantapur,Tempo/Autorickshaw/Taxi,40533,31346,9187,0,0,0,2693,1966,727,14367,10357,4010,10486,8375,2111,5928,4936,992,1522,1298,224,1607,1275,332,1184,1015,169,2746,2124,622,14.6818877,77.6005911
ANDHRA PRADESH,Total,Anantapur,Bus,59153,46832,12321,0,0,0,2392,1771,621,6405,4690,1715,8389,6611,1778,11619,9326,2293,7452,5858,1594,8170,6577,1593,10809,8963,1846,3917,3036,881,14.6818877,77.6005911
ANDHRA PRADESH,Total,Anantapur,Train,7126,6077,1049,0,0,0,568,471,97,849,729,120,387,345,42,359,307,52,331,289,42,799,678,121,2795,2381,414,1038,877,161,14.6818877,77.6005911
ANDHRA PRADESH,Total,Anantapur,Water transport,226,190,36,0,0,0,45,31,14,32,27,5,26,24,2,19,18,1,13,10,3,13,12,1,51,47,4,27,21,6,14.6818877,77.6005911
ANDHRA PRADESH,Total,Anantapur,Any other,5544,4805,739,0,0,0,617,510,107,1438,1159,279,871,740,131,450,404,46,276,260,16,400,365,35,900,859,41,592,508,84,14.6818877,77.6005911
ANDHRA PRADESH,Total,Anantapur,No travel,280876,188713,92163,280876,188713,92163,0,0,0,0,0,0,0,0,0,0,0,0,0,0,0,0,0,0,0,0,0,0,0,0,14.6818877,77.6005911
ANDHRA PRADESH,Rural,Anantapur,All Modes,296994,212649,84345,156167,102663,53504,29210,20249,8961,37079,27599,9480,29243,23233,6010,15454,13505,1949,8373,7257,1116,7012,5949,1063,9201,7844,1357,5255,4350,905,14.6818877,77.6005911
ANDHRA PRADESH,Rural,Anantapur,On foot,52298,34564,17734,0,0,0,23039,15090,7949,17528,11241,6287,11731,8233,3498,0,0,0,0,0,0,0,0,0,0,0,0,0,0,0,14.6818877,77.6005911
ANDHRA PRADESH,Rural,Anantapur,Bicycle,9713,9040,673,0,0,0,1228,1114,114,4623,4318,305,1799,1718,81,655,619,36,1408,1271,137,0,0,0,0,0,0,0,0,0,14.6818877,77.6005911
ANDHRA PRADESH,Rural,Anantapur,Moped/Scooter/Motor Cycle,12697,11969,728,0,0,0,1614,1489,125,3472,3258,214,2660,2513,147,2157,2062,95,846,813,33,719,686,33,371,358,13,858,790,68,14.6818877,77.6005911
ANDHRA PRADESH,Rural,Anantapur,Car/Jeep/Van,2781,2494,287,0,0,0,202,161,41,357,291,66,437,380,57,456,421,35,192,178,14,316,300,16,530,511,19,291,252,39,14.6818877,77.6005911
ANDHRA PRADESH,Rural,Anantapur,Tempo/Autorickshaw/Taxi,21810,17792,4018,0,0,0,1181,909,272,6434,4911,1523,6308,5229,1079,3887,3388,499,1049,924,125,964,774,190,711,618,93,1276,1039,237,14.6818877,77.6005911
ANDHRA PRADESH,Rural,Anantapur,Bus,36104,29589,6515,0,0,0,1479,1114,365,3785,2899,886,5639,4598,1041,7806,6584,1222,4594,3817,777,4500,3767,733,6090,5052,1038,2211,1758,453,14.6818877,77.6005911
ANDHRA PRADESH,Rural,Anantapur,Train,2540,2116,424,0,0,0,190,154,36,265,226,39,160,142,18,189,157,32,113,98,15,293,221,72,1001,838,163,329,280,49,14.6818877,77.6005911
ANDHRA PRADESH,Rural,Anantapur,Water transport,110,92,18,0,0,0,17,13,4,10,8,2,19,17,2,10,9,1,10,8,2,8,8,0,24,21,3,12,8,4,14.6818877,77.6005911
ANDHRA PRADESH,Rural,Anantapur,Any other,2774,2330,444,0,0,0,260,205,55,605,447,158,490,403,87,294,265,29,161,148,13,212,193,19,474,446,28,278,223,55,14.6818877,77.6005911
ANDHRA PRADESH,Rural,Anantapur,No travel,156167,102663,53504,156167,102663,53504,0,0,0,0,0,0,0,0,0,0,0,0,0,0,0,0,0,0,0,0,0,0,0,0,14.6818877,77.6005911
ANDHRA PRADESH,Urban,Anantapur,All Modes,341039,261606,79433,124709,86050,38659,59396,46768,12628,82594,68210,14384,32538,25547,6991,9702,7887,1815,8998,7717,1281,6595,5408,1187,8672,7449,1223,7835,6570,1265,14.6818877,77.6005911
ANDHRA PRADESH,Urban,Anantapur,On foot,84383,60212,24171,0,0,0,39909,28977,10932,28567,19991,8576,15907,11244,4663,0,0,0,0,0,0,0,0,0,0,0,0,0,0,0,14.6818877,77.6005911
ANDHRA PRADESH,Urban,Anantapur,Bicycle,35213,33481,1732,0,0,0,6545,6231,314,19955,19062,893,3534,3355,179,841,780,61,4338,4053,285,0,0,0,0,0,0,0,0,0,14.6818877,77.6005911
ANDHRA PRADESH,Urban,Anantapur,Moped/Scooter/Motor Cycle,44161,41556,2605,0,0,0,9316,8833,483,21151,19879,1272,5130,4857,273,2396,2263,133,836,796,40,1309,1211,98,745,704,41,3278,3013,265,14.6818877,77.6005911
ANDHRA PRADESH,Urban,Anantapur,Car/Jeep/Van,3329,2976,353,0,0,0,438,373,65,929,807,122,424,385,39,276,256,20,157,148,9,274,253,21,488,455,33,343,299,44,14.6818877,77.6005911
ANDHRA PRADESH,Urban,Anantapur,Tempo/Autorickshaw/Taxi,18723,13554,5169,0,0,0,1512,1057,455,7933,5446,2487,4178,3146,1032,2041,1548,493,473,374,99,643,501,142,473,397,76,1470,1085,385,14.6818877,77.6005911
ANDHRA PRADESH,Urban,Anantapur,Bus,23049,17243,5806,0,0,0,913,657,256,2620,1791,829,2750,2013,737,3813,2742,1071,2858,2041,817,3670,2810,860,4719,3911,808,1706,1278,428,14.6818877,77.6005911
ANDHRA PRADESH,Urban,Anantapur,Train,4586,3961,625,0,0,0,378,317,61,584,503,81,227,203,24,170,150,20,218,191,27,506,457,49,1794,1543,251,709,597,112,14.6818877,77.6005911
ANDHRA PRADESH,Urban,Anantapur,Water transport,116,98,18,0,0,0,28,18,10,22,19,3,7,7,0,9,9,0,3,2,1,5,4,1,27,26,1,15,13,2,14.6818877,77.6005911
ANDHRA PRADESH,Urban,Anantapur,Any other,2770,2475,295,0,0,0,357,305,52,833,712,121,381,337,44,156,139,17,115,112,3,188,172,16,426,413,13,314,285,29,14.6818877,77.6005911
ANDHRA PRADESH,Urban,Anantapur,No travel,124709,86050,38659,124709,86050,38659,0,0,0,0,0,0,0,0,0,0,0,0,0,0,0,0,0,0,0,0,0,0,0,0,14.6818877,77.6005911
MADHYA PRADESH,Total,Shivpuri,All Modes,142422,111297,31125,54313,39102,15211,25645,19919,5726,35018,29090,5928,14740,11883,2857,4680,4134,546,2691,2376,315,2058,1837,221,2289,2099,190,988,857,131,25.4357869,77.665066
MADHYA PRADESH,Total,Shivpuri,On foot,46513,34501,12012,0,0,0,20641,15368,5273,18479,13880,4599,7393,5253,2140,0,0,0,0,0,0,0,0,0,0,0,0,0,0,0,25.4357869,77.665066
MADHYA PRADESH,Total,Shivpuri,Bicycle,15228,14543,685,0,0,0,1795,1683,112,8066,7746,320,3249,3123,126,1197,1148,49,921,843,78,0,0,0,0,0,0,0,0,0,25.4357869,77.665066
MADHYA PRADESH,Total,Shivpuri,Moped/Scooter/Motor Cycle,14568,13465,1103,0,0,0,2448,2268,180,6673,6127,546,2159,1997,162,1542,1432,110,564,532,32,435,422,13,248,235,13,499,452,47,25.4357869,77.665066
MADHYA PRADESH,Total,Shivpuri,Car/Jeep/Van,1197,1063,134,0,0,0,157,127,30,315,280,35,138,109,29,122,105,17,68,63,5,154,153,1,174,164,10,69,62,7,25.4357869,77.665066
MADHYA PRADESH,Total,Shivpuri,Tempo/Autorickshaw/Taxi,1276,1017,259,0,0,0,84,67,17,405,283,122,341,293,48,229,202,27,76,62,14,64,49,15,26,19,7,51,42,9,25.4357869,77.665066
MADHYA PRADESH,Total,Shivpuri,Bus,7009,5734,1275,0,0,0,288,214,74,509,342,167,975,757,218,1347,1075,272,937,763,174,1282,1095,187,1462,1317,145,209,171,38,25.4357869,77.665066
MADHYA PRADESH,Total,Shivpuri,Train,699,646,53,0,0,0,98,84,14,168,159,9,73,69,4,47,41,6,8,7,1,17,16,1,236,225,11,52,45,7,25.4357869,77.665066
MADHYA PRADESH,Total,Shivpuri,Water transport,37,32,5,0,0,0,12,9,3,4,3,1,3,3,0,3,3,0,2,2,0,1,1,0,5,5,0,7,6,1,25.4357869,77.665066
MADHYA PRADESH,Total,Shivpuri,Any other,1582,1194,388,0,0,0,122,99,23,399,270,129,409,279,130,193,128,65,115,104,11,105,101,4,138,134,4,101,79,22,25.4357869,77.665066
MADHYA PRADESH,Total,Shivpuri,No travel,54313,39102,15211,54313,39102,15211,0,0,0,0,0,0,0,0,0,0,0,0,0,0,0,0,0,0,0,0,0,0,0,0,25.4357869,77.665066
MADHYA PRADESH,Rural,Shivpuri,All Modes,64315,45766,18549,31748,21179,10569,9414,6325,3089,9885,7287,2598,7557,5795,1762,2467,2230,237,1152,1046,106,788,727,61,986,916,70,318,261,57,25.4357869,77.665066
MADHYA PRADESH,Rural,Shivpuri,On foot,18298,11785,6513,0,0,0,8258,5311,2947,6332,4154,2178,3708,2320,1388,0,0,0,0,0,0,0,0,0,0,0,0,0,0,0,25.4357869,77.665066
MADHYA PRADESH,Rural,Shivpuri,Bicycle,5623,5291,332,0,0,0,508,461,47,1913,1773,140,1911,1832,79,861,829,32,430,396,34,0,0,0,0,0,0,0,0,0,25.4357869,77.665066
MADHYA PRADESH,Rural,Shivpuri,Moped/Scooter/Motor Cycle,3041,2802,239,0,0,0,335,308,27,893,806,87,773,718,55,527,489,38,202,190,12,139,136,3,75,72,3,97,83,14,25.4357869,77.665066
MADHYA PRADESH,Rural,Shivpuri,Car/Jeep/Van,338,285,53,0,0,0,42,32,10,45,36,9,56,41,15,56,48,8,20,18,2,37,37,0,66,58,8,16,15,1,25.4357869,77.665066
MADHYA PRADESH,Rural,Shivpuri,Tempo/Autorickshaw/Taxi,616,508,108,0,0,0,22,19,3,124,96,28,174,150,24,157,140,17,61,48,13,45,32,13,15,11,4,18,12,6,25.4357869,77.665066
MADHYA PRADESH,Rural,Shivpuri,Bus,3018,2675,343,0,0,0,123,98,25,208,174,34,546,466,80,655,581,74,326,290,36,476,436,40,606,560,46,78,70,8,25.4357869,77.665066
MADHYA PRADESH,Rural,Shivpuri,Train,345,315,30,0,0,0,40,33,7,46,42,4,41,38,3,28,25,3,4,4,0,14,13,1,144,138,6,28,22,6,25.4357869,77.665066
MADHYA PRADESH,Rural,Shivpuri,Water transport,22,17,5,0,0,0,7,4,3,2,1,1,3,3,0,1,1,0,2,2,0,0,0,0,3,3,0,4,3,1,25.4357869,77.665066
MADHYA PRADESH,Rural,Shivpuri,Any other,1266,909,357,0,0,0,79,59,20,322,205,117,345,227,118,182,117,65,107,98,9,77,73,4,77,74,3,77,56,21,25.4357869,77.665066
MADHYA PRADESH,Rural,Shivpuri,No travel,31748,21179,10569,31748,21179,10569,0,0,0,0,0,0,0,0,0,0,0,0,0,0,0,0,0,0,0,0,0,0,0,0,25.4357869,77.665066
MADHYA PRADESH,Urban,Shivpuri,All Modes,78107,65531,12576,22565,17923,4642,16231,13594,2637,25133,21803,3330,7183,6088,1095,2213,1904,309,1539,1330,209,1270,1110,160,1303,1183,120,670,596,74,25.4357869,77.665066
MADHYA PRADESH,Urban,Shivpuri,On foot,28215,22716,5499,0,0,0,12383,10057,2326,12147,9726,2421,3685,2933,752,0,0,0,0,0,0,0,0,0,0,0,0,0,0,0,25.4357869,77.665066
MADHYA PRADESH,Urban,Shivpuri,Bicycle,9605,9252,353,0,0,0,1287,1222,65,6153,5973,180,1338,1291,47,336,319,17,491,447,44,0,0,0,0,0,0,0,0,0,25.4357869,77.665066
MADHYA PRADESH,Urban,Shivpuri,Moped/Scooter/Motor Cycle,11527,10663,864,0,0,0,2113,1960,153,5780,5321,459,1386,1279,107,1015,943,72,362,342,20,296,286,10,173,163,10,402,369,33,25.4357869,77.665066
MADHYA PRADESH,Urban,Shivpuri,Car/Jeep/Van,859,778,81,0,0,0,115,95,20,270,244,26,82,68,14,66,57,9,48,45,3,117,116,1,108,106,2,53,47,6,25.4357869,77.665066
MADHYA PRADESH,Urban,Shivpuri,Tempo/Autorickshaw/Taxi,660,509,151,0,0,0,62,48,14,281,187,94,167,143,24,72,62,10,15,14,1,19,17,2,11,8,3,33,30,3,25.4357869,77.665066
MADHYA PRADESH,Urban,Shivpuri,Bus,3991,3059,932,0,0,0,165,116,49,301,168,133,429,291,138,692,494,198,611,473,138,806,659,147,856,757,99,131,101,30,25.4357869,77.665066
MADHYA PRADESH,Urban,Shivpuri,Train,354,331,23,0,0,0,58,51,7,122,117,5,32,31,1,19,16,3,4,3,1,3,3,0,92,87,5,24,23,1,25.4357869,77.665066
MADHYA PRADESH,Urban,Shivpuri,Water transport,15,15,0,0,0,0,5,5,0,2,2,0,0,0,0,2,2,0,0,0,0,1,1,0,2,2,0,3,3,0,25.4357869,77.665066
MADHYA PRADESH,Urban,Shivpuri,Any other,316,285,31,0,0,0,43,40,3,77,65,12,64,52,12,11,11,0,8,6,2,28,28,0,61,60,1,24,23,1,25.4357869,77.665066
MADHYA PRADESH,Urban,Shivpuri,No travel,22565,17923,4642,22565,17923,4642,0,0,0,0,0,0,0,0,0,0,0,0,0,0,0,0,0,0,0,0,0,0,0,0,25.4357869,77.665066
UTTAR PRADESH,Total,Mathura,All Modes,381352,309321,72031,173490,121231,52259,46287,39595,6692,56687,51784,4903,46437,41495,4942,16803,15995,808,14669,14022,647,5401,4986,415,8247,7863,384,13331,12350,981,27.4924134,77.673673
UTTAR PRADESH,Total,Mathura,On foot,70873,59023,11850,0,0,0,34441,28563,5878,16837,14370,2467,19595,16090,3505,0,0,0,0,0,0,0,0,0,0,0,0,0,0,0,27.4924134,77.673673
UTTAR PRADESH,Total,Mathura,Bicycle,51560,50065,1495,0,0,0,4888,4694,194,19659,19068,591,12035,11754,281,5510,5409,101,9468,9140,328,0,0,0,0,0,0,0,0,0,27.4924134,77.673673
UTTAR PRADESH,Total,Mathura,Moped/Scooter/Motor Cycle,34978,33340,1638,0,0,0,3826,3616,210,12578,11977,601,6665,6391,274,4180,4031,149,1611,1552,59,1141,1106,35,546,522,24,4431,4145,286,27.4924134,77.673673
UTTAR PRADESH,Total,Mathura,Car/Jeep/Van,4077,3668,409,0,0,0,417,352,65,999,869,130,860,781,79,526,485,41,191,172,19,257,236,21,258,241,17,569,532,37,27.4924134,77.673673
UTTAR PRADESH,Total,Mathura,Tempo/Autorickshaw/Taxi,17923,15676,2247,0,0,0,939,785,154,4535,3726,809,4615,4015,600,3362,3091,271,1213,1138,75,688,646,42,248,234,14,2323,2041,282,27.4924134,77.673673
UTTAR PRADESH,Total,Mathura,Bus,13948,12609,1339,0,0,0,581,481,100,1075,904,171,1915,1743,172,2439,2230,209,1643,1498,145,2131,1871,260,2097,1971,126,2067,1911,156,27.4924134,77.673673
UTTAR PRADESH,Total,Mathura,Train,11983,11403,580,0,0,0,871,821,50,476,433,43,362,346,16,469,441,28,431,416,15,1098,1043,55,4919,4718,201,3357,3185,172,27.4924134,77.673673
UTTAR PRADESH,Total,Mathura,Water transport,175,142,33,0,0,0,38,28,10,13,10,3,25,20,5,9,9,0,3,3,0,11,10,1,26,26,0,50,36,14,27.4924134,77.673673
UTTAR PRADESH,Total,Mathura,Any other,2345,2164,181,0,0,0,286,255,31,515,427,88,365,355,10,308,299,9,109,103,6,75,74,1,153,151,2,534,500,34,27.4924134,77.673673
UTTAR PRADESH,Total,Mathura,No travel,173490,121231,52259,173490,121231,52259,0,0,0,0,0,0,0,0,0,0,0,0,0,0,0,0,0,0,0,0,0,0,0,0,27.4924134,77.673673
UTTAR PRADESH,Rural,Mathura,All Modes,192056,145827,46229,98083,61394,36689,14384,10818,3566,20042,18111,1931,22940,20364,2576,11712,11390,322,9898,9590,308,3408,3172,236,4288,4128,160,7301,6860,441,27.4924134,77.673673
UTTAR PRADESH,Rural,Mathura,On foot,23765,17188,6577,0,0,0,10284,7054,3230,5615,4369,1246,7866,5765,2101,0,0,0,0,0,0,0,0,0,0,0,0,0,0,0,27.4924134,77.673673
UTTAR PRADESH,Rural,Mathura,Bicycle,30900,30138,762,0,0,0,2035,1929,106,9013,8764,249,8664,8498,166,4699,4633,66,6489,6314,175,0,0,0,0,0,0,0,0,0,27.4924134,77.673673
UTTAR PRADESH,Rural,Mathura,Moped/Scooter/Motor Cycle,12656,12127,529,0,0,0,760,694,66,2768,2655,113,2564,2492,72,2371,2306,65,1002,975,27,710,691,19,313,300,13,2168,2014,154,27.4924134,77.673673
UTTAR PRADESH,Rural,Mathura,Car/Jeep/Van,1427,1310,117,0,0,0,118,99,19,269,237,32,249,225,24,216,204,12,102,95,7,132,124,8,101,92,9,240,234,6,27.4924134,77.673673
UTTAR PRADESH,Rural,Mathura,Tempo/Autorickshaw/Taxi,8912,8321,591,0,0,0,366,320,46,1466,1308,158,2114,1967,147,2168,2076,92,798,772,26,540,516,24,179,173,6,1281,1189,92,27.4924134,77.673673
UTTAR PRADESH,Rural,Mathura,Bus,8890,8287,603,0,0,0,321,274,47,492,434,58,1084,1028,56,1751,1674,77,1119,1056,63,1408,1242,166,1299,1238,61,1416,1341,75,27.4924134,77.673673
UTTAR PRADESH,Rural,Mathura,Train,6119,5893,226,0,0,0,386,364,22,215,198,17,177,172,5,265,260,5,318,310,8,557,539,18,2264,2194,70,1937,1856,81,27.4924134,77.673673
UTTAR PRADESH,Rural,Mathura,Water transport,91,72,19,0,0,0,19,11,8,0,0,0,15,13,2,4,4,0,2,2,0,7,7,0,15,15,0,29,20,9,27.4924134,77.673673
UTTAR PRADESH,Rural,Mathura,Any other,1213,1097,116,0,0,0,95,73,22,204,146,58,207,204,3,238,233,5,68,66,2,54,53,1,117,116,1,230,206,24,27.4924134,77.673673
UTTAR PRADESH,Rural,Mathura,No travel,98083,61394,36689,98083,61394,36689,0,0,0,0,0,0,0,0,0,0,0,0,0,0,0,0,0,0,0,0,0,0,0,0,27.4924134,77.673673
UTTAR PRADESH,Urban,Mathura,All Modes,189296,163494,25802,75407,59837,15570,31903,28777,3126,36645,33673,2972,23497,21131,2366,5091,4605,486,4771,4432,339,1993,1814,179,3959,3735,224,6030,5490,540,27.4924134,77.673673
UTTAR PRADESH,Urban,Mathura,On foot,47108,41835,5273,0,0,0,24157,21509,2648,11222,10001,1221,11729,10325,1404,0,0,0,0,0,0,0,0,0,0,0,0,0,0,0,27.4924134,77.673673
UTTAR PRADESH,Urban,Mathura,Bicycle,20660,19927,733,0,0,0,2853,2765,88,10646,10304,342,3371,3256,115,811,776,35,2979,2826,153,0,0,0,0,0,0,0,0,0,27.4924134,77.673673
UTTAR PRADESH,Urban,Mathura,Moped/Scooter/Motor Cycle,22322,21213,1109,0,0,0,3066,2922,144,9810,9322,488,4101,3899,202,1809,1725,84,609,577,32,431,415,16,233,222,11,2263,2131,132,27.4924134,77.673673
UTTAR PRADESH,Urban,Mathura,Car/Jeep/Van,2650,2358,292,0,0,0,299,253,46,730,632,98,611,556,55,310,281,29,89,77,12,125,112,13,157,149,8,329,298,31,27.4924134,77.673673
UTTAR PRADESH,Urban,Mathura,Tempo/Autorickshaw/Taxi,9011,7355,1656,0,0,0,573,465,108,3069,2418,651,2501,2048,453,1194,1015,179,415,366,49,148,130,18,69,61,8,1042,852,190,27.4924134,77.673673
UTTAR PRADESH,Urban,Mathura,Bus,5058,4322,736,0,0,0,260,207,53,583,470,113,831,715,116,688,556,132,524,442,82,723,629,94,798,733,65,651,570,81,27.4924134,77.673673
UTTAR PRADESH,Urban,Mathura,Train,5864,5510,354,0,0,0,485,457,28,261,235,26,185,174,11,204,181,23,113,106,7,541,504,37,2655,2524,131,1420,1329,91,27.4924134,77.673673
UTTAR PRADESH,Urban,Mathura,Water transport,84,70,14,0,0,0,19,17,2,13,10,3,10,7,3,5,5,0,1,1,0,4,3,1,11,11,0,21,16,5,27.4924134,77.673673
UTTAR PRADESH,Urban,Mathura,Any other,1132,1067,65,0,0,0,191,182,9,311,281,30,158,151,7,70,66,4,41,37,4,21,21,0,36,35,1,304,294,10,27.4924134,77.673673
UTTAR PRADESH,Urban,Mathura,No travel,75407,59837,15570,75407,59837,15570,0,0,0,0,0,0,0,0,0,0,0,0,0,0,0,0,0,0,0,0,0,0,0,0,27.4924134,77.673673
UTTAR PRADESH,Total,Meerut,All Modes,677380,565192,112188,266365,192229,74136,82121,71085,11036,133347,121719,11628,86420,78589,7831,40703,38357,2346,24857,23531,1326,10459,9710,749,19590,17884,1706,13518,12088,1430,28.9844618,77.7064137
UTTAR PRADESH,Total,Meerut,On foot,102983,86478,16505,0,0,0,54069,45076,8993,27944,23677,4267,20970,17725,3245,0,0,0,0,0,0,0,0,0,0,0,0,0,0,0,28.9844618,77.7064137
UTTAR PRADESH,Total,Meerut,Bicycle,127036,123650,3386,0,0,0,13734,13235,499,56367,54824,1543,29351,28789,562,14161,13908,253,13423,12894,529,0,0,0,0,0,0,0,0,0,28.9844618,77.7064137
UTTAR PRADESH,Total,Meerut,Moped/Scooter/Motor Cycle,80793,75949,4844,0,0,0,8546,8009,537,31761,29712,2049,19179,17998,1181,9762,9333,429,2832,2716,116,1831,1758,73,1273,1214,59,5609,5209,400,28.9844618,77.7064137
UTTAR PRADESH,Total,Meerut,Car/Jeep/Van,13339,11417,1922,0,0,0,1356,1126,230,3488,2924,564,2778,2352,426,1696,1499,197,736,676,60,808,725,83,1407,1228,179,1070,887,183,28.9844618,77.7064137
UTTAR PRADESH,Total,Meerut,Tempo/Autorickshaw/Taxi,19665,15837,3828,0,0,0,1124,791,333,5768,3980,1788,5483,4491,992,4261,3924,337,942,890,52,415,379,36,343,308,35,1329,1074,255,28.9844618,77.7064137
UTTAR PRADESH,Total,Meerut,Bus,46604,40547,6057,0,0,0,1583,1313,270,4501,3402,1099,6140,4896,1244,9299,8228,1071,6103,5573,530,5763,5286,477,10491,9479,1012,2724,2370,354,28.9844618,77.7064137
UTTAR PRADESH,Total,Meerut,Train,11328,10524,804,0,0,0,593,530,63,744,685,59,575,531,44,567,534,33,459,430,29,1374,1305,69,5571,5175,396,1445,1334,111,28.9844618,77.7064137
UTTAR PRADESH,Total,Meerut,Water transport,387,333,54,0,0,0,47,39,8,53,43,10,62,48,14,39,35,4,10,10,0,26,24,2,66,63,3,84,71,13,28.9844618,77.7064137
UTTAR PRADESH,Total,Meerut,Any other,8880,8228,652,0,0,0,1069,966,103,2721,2472,249,1882,1759,123,918,896,22,352,342,10,242,233,9,439,417,22,1257,1143,114,28.9844618,77.7064137
UTTAR PRADESH,Total,Meerut,No travel,266365,192229,74136,266365,192229,74136,0,0,0,0,0,0,0,0,0,0,0,0,0,0,0,0,0,0,0,0,0,0,0,0,28.9844618,77.7064137
UTTAR PRADESH,Rural,Meerut,All Modes,212081,168764,43317,102372,68050,34322,17231,13565,3666,22311,20346,1965,24332,22420,1912,21949,21361,588,9937,9643,294,4263,4110,153,6576,6358,218,3110,2911,199,28.9844618,77.7064137
UTTAR PRADESH,Rural,Meerut,On foot,23602,17793,5809,0,0,0,12475,9121,3354,5428,4218,1210,5699,4454,1245,0,0,0,0,0,0,0,0,0,0,0,0,0,0,0,28.9844618,77.7064137
UTTAR PRADESH,Rural,Meerut,Bicycle,38110,37358,752,0,0,0,2554,2459,95,11209,10951,258,10943,10809,134,9152,9005,147,4252,4134,118,0,0,0,0,0,0,0,0,0,28.9844618,77.7064137
UTTAR PRADESH,Rural,Meerut,Moped/Scooter/Motor Cycle,10975,10671,304,0,0,0,636,605,31,1979,1907,72,2269,2212,57,3256,3183,73,1129,1109,20,668,653,15,390,383,7,648,619,29,28.9844618,77.7064137
UTTAR PRADESH,Rural,Meerut,Car/Jeep/Van,1578,1476,102,0,0,0,126,111,15,176,160,16,173,162,11,330,311,19,193,187,6,176,168,8,250,237,13,154,140,14,28.9844618,77.7064137
UTTAR PRADESH,Rural,Meerut,Tempo/Autorickshaw/Taxi,7738,7133,605,0,0,0,305,271,34,1166,976,190,1922,1723,199,2967,2865,102,612,595,17,198,187,11,127,121,6,441,395,46,28.9844618,77.7064137
UTTAR PRADESH,Rural,Meerut,Bus,21059,20008,1051,0,0,0,677,604,73,1485,1327,158,2414,2218,196,5457,5226,231,3390,3269,121,2615,2519,96,3932,3816,116,1089,1029,60,28.9844618,77.7064137
UTTAR PRADESH,Rural,Meerut,Train,3782,3612,170,0,0,0,187,164,23,235,222,13,255,247,8,310,303,7,191,183,8,473,458,15,1690,1616,74,441,419,22,28.9844618,77.7064137
UTTAR PRADESH,Rural,Meerut,Water transport,102,89,13,0,0,0,9,5,4,7,5,2,8,6,2,15,14,1,5,5,0,12,12,0,24,23,1,22,19,3,28.9844618,77.7064137
UTTAR PRADESH,Rural,Meerut,Any other,2763,2574,189,0,0,0,262,225,37,626,580,46,649,589,60,462,454,8,165,161,4,121,113,8,163,162,1,315,290,25,28.9844618,77.7064137
UTTAR PRADESH,Rural,Meerut,No travel,102372,68050,34322,102372,68050,34322,0,0,0,0,0,0,0,0,0,0,0,0,0,0,0,0,0,0,0,0,0,0,0,0,28.9844618,77.7064137
UTTAR PRADESH,Urban,Meerut,All Modes,465299,396428,68871,163993,124179,39814,64890,57520,7370,111036,101373,9663,62088,56169,5919,18754,16996,1758,14920,13888,1032,6196,5600,596,13014,11526,1488,10408,9177,1231,28.9844618,77.7064137
UTTAR PRADESH,Urban,Meerut,On foot,79381,68685,10696,0,0,0,41594,35955,5639,22516,19459,3057,15271,13271,2000,0,0,0,0,0,0,0,0,0,0,0,0,0,0,0,28.9844618,77.7064137
UTTAR PRADESH,Urban,Meerut,Bicycle,88926,86292,2634,0,0,0,11180,10776,404,45158,43873,1285,18408,17980,428,5009,4903,106,9171,8760,411,0,0,0,0,0,0,0,0,0,28.9844618,77.7064137
UTTAR PRADESH,Urban,Meerut,Moped/Scooter/Motor Cycle,69818,65278,4540,0,0,0,7910,7404,506,29782,27805,1977,16910,15786,1124,6506,6150,356,1703,1607,96,1163,1105,58,883,831,52,4961,4590,371,28.9844618,77.7064137
UTTAR PRADESH,Urban,Meerut,Car/Jeep/Van,11761,9941,1820,0,0,0,1230,1015,215,3312,2764,548,2605,2190,415,1366,1188,178,543,489,54,632,557,75,1157,991,166,916,747,169,28.9844618,77.7064137
UTTAR PRADESH,Urban,Meerut,Tempo/Autorickshaw/Taxi,11927,8704,3223,0,0,0,819,520,299,4602,3004,1598,3561,2768,793,1294,1059,235,330,295,35,217,192,25,216,187,29,888,679,209,28.9844618,77.7064137
UTTAR PRADESH,Urban,Meerut,Bus,25545,20539,5006,0,0,0,906,709,197,3016,2075,941,3726,2678,1048,3842,3002,840,2713,2304,409,3148,2767,381,6559,5663,896,1635,1341,294,28.9844618,77.7064137
UTTAR PRADESH,Urban,Meerut,Train,7546,6912,634,0,0,0,406,366,40,509,463,46,320,284,36,257,231,26,268,247,21,901,847,54,3881,3559,322,1004,915,89,28.9844618,77.7064137
UTTAR PRADESH,Urban,Meerut,Water transport,285,244,41,0,0,0,38,34,4,46,38,8,54,42,12,24,21,3,5,5,0,14,12,2,42,40,2,62,52,10,28.9844618,77.7064137
UTTAR PRADESH,Urban,Meerut,Any other,6117,5654,463,0,0,0,807,741,66,2095,1892,203,1233,1170,63,456,442,14,187,181,6,121,120,1,276,255,21,942,853,89,28.9844618,77.7064137
UTTAR PRADESH,Urban,Meerut,No travel,163993,124179,39814,163993,124179,39814,0,0,0,0,0,0,0,0,0,0,0,0,0,0,0,0,0,0,0,0,0,0,0,0,28.9844618,77.7064137
UTTAR PRADESH,Total,Muzaffarnagar,All Modes,586002,486182,99820,224617,154394,70223,93586,80849,12737,119780,111412,8368,63884,59135,4749,28258,27044,1214,20377,19600,777,10126,9678,448,19668,18750,918,5706,5320,386,29.4726817,77.7085091
UTTAR PRADESH,Total,Muzaffarnagar,On foot,117718,98570,19148,0,0,0,67956,56519,11437,30754,26162,4592,19008,15889,3119,0,0,0,0,0,0,0,0,0,0,0,0,0,0,0,29.4726817,77.7085091
UTTAR PRADESH,Total,Muzaffarnagar,Bicycle,114295,111949,2346,0,0,0,13836,13487,349,55381,54178,1203,24926,24572,354,9668,9547,121,10484,10165,319,0,0,0,0,0,0,0,0,0,29.4726817,77.7085091
UTTAR PRADESH,Total,Muzaffarnagar,Moped/Scooter/Motor Cycle,43888,42354,1534,0,0,0,6790,6497,293,19128,18394,734,6857,6676,181,4617,4482,135,1884,1842,42,1709,1661,48,1050,1032,18,1853,1770,83,29.4726817,77.7085091
UTTAR PRADESH,Total,Muzaffarnagar,Car/Jeep/Van,6658,6023,635,0,0,0,614,527,87,1547,1367,180,1008,920,88,1047,898,149,489,472,17,691,665,26,899,847,52,363,327,36,29.4726817,77.7085091
UTTAR PRADESH,Total,Muzaffarnagar,Tempo/Autorickshaw/Taxi,7607,6398,1209,0,0,0,515,371,144,2758,2081,677,1954,1744,210,1056,1000,56,279,264,15,344,314,30,366,338,28,335,286,49,29.4726817,77.7085091
UTTAR PRADESH,Total,Muzaffarnagar,Bus,44935,41542,3393,0,0,0,1476,1320,156,4546,3895,651,7016,6329,687,10052,9348,704,6225,5871,354,5795,5505,290,8238,7832,406,1587,1442,145,29.4726817,77.7085091
UTTAR PRADESH,Total,Muzaffarnagar,Train,15031,14301,730,0,0,0,760,687,73,1551,1476,75,870,827,43,771,743,28,610,587,23,1153,1106,47,8345,7951,394,971,924,47,29.4726817,77.7085091
UTTAR PRADESH,Total,Muzaffarnagar,Water transport,251,229,22,0,0,0,44,39,5,38,32,6,17,17,0,29,26,3,11,11,0,14,14,0,66,64,2,32,26,6,29.4726817,77.7085091
UTTAR PRADESH,Total,Muzaffarnagar,Any other,11002,10422,580,0,0,0,1595,1402,193,4077,3827,250,2228,2161,67,1018,1000,18,395,388,7,420,413,7,704,686,18,565,545,20,29.4726817,77.7085091
UTTAR PRADESH,Total,Muzaffarnagar,No travel,224617,154394,70223,224617,154394,70223,0,0,0,0,0,0,0,0,0,0,0,0,0,0,0,0,0,0,0,0,0,0,0,0,29.4726817,77.7085091
UTTAR PRADESH,Rural,Muzaffarnagar,All Modes,307501,237133,70368,145365,91260,54105,33494,25608,7886,45503,41627,3876,35591,32770,2821,18105,17545,560,11017,10681,336,5417,5216,201,10506,10099,407,2503,2327,176,29.4726817,77.7085091
UTTAR PRADESH,Rural,Muzaffarnagar,On foot,44194,32199,11995,0,0,0,25642,18191,7451,10005,7507,2498,8547,6501,2046,0,0,0,0,0,0,0,0,0,0,0,0,0,0,0,29.4726817,77.7085091
UTTAR PRADESH,Rural,Muzaffarnagar,Bicycle,57979,56746,1233,0,0,0,4791,4645,146,24769,24166,603,15958,15716,242,6915,6834,81,5546,5385,161,0,0,0,0,0,0,0,0,0,29.4726817,77.7085091
UTTAR PRADESH,Rural,Muzaffarnagar,Moped/Scooter/Motor Cycle,13744,13288,456,0,0,0,1016,932,84,3872,3743,129,3218,3151,67,2628,2550,78,1076,1053,23,847,822,25,567,556,11,520,481,39,29.4726817,77.7085091
UTTAR PRADESH,Rural,Muzaffarnagar,Car/Jeep/Van,2937,2658,279,0,0,0,196,164,32,533,477,56,455,426,29,666,556,110,223,216,7,324,316,8,342,326,16,198,177,21,29.4726817,77.7085091
UTTAR PRADESH,Rural,Muzaffarnagar,Tempo/Autorickshaw/Taxi,4157,3861,296,0,0,0,210,186,24,1180,1045,135,1236,1167,69,771,746,25,164,157,7,195,183,12,219,209,10,182,168,14,29.4726817,77.7085091
UTTAR PRADESH,Rural,Muzaffarnagar,Bus,26916,25447,1469,0,0,0,852,788,64,2841,2520,321,4597,4291,306,6157,5917,240,3517,3390,127,3261,3127,134,4803,4586,217,888,828,60,29.4726817,77.7085091
UTTAR PRADESH,Rural,Muzaffarnagar,Train,7415,7104,311,0,0,0,335,299,36,729,689,40,516,491,25,411,396,15,260,254,6,552,536,16,4128,3986,142,484,453,31,29.4726817,77.7085091
UTTAR PRADESH,Rural,Muzaffarnagar,Water transport,134,125,9,0,0,0,24,21,3,20,18,2,12,12,0,16,16,0,6,6,0,6,6,0,38,37,1,12,9,3,29.4726817,77.7085091
UTTAR PRADESH,Rural,Muzaffarnagar,Any other,4660,4445,215,0,0,0,428,382,46,1554,1462,92,1052,1015,37,541,530,11,225,220,5,232,226,6,409,399,10,219,211,8,29.4726817,77.7085091
UTTAR PRADESH,Rural,Muzaffarnagar,No travel,145365,91260,54105,145365,91260,54105,0,0,0,0,0,0,0,0,0,0,0,0,0,0,0,0,0,0,0,0,0,0,0,0,29.4726817,77.7085091
UTTAR PRADESH,Urban,Muzaffarnagar,All Modes,278501,249049,29452,79252,63134,16118,60092,55241,4851,74277,69785,4492,28293,26365,1928,10153,9499,654,9360,8919,441,4709,4462,247,9162,8651,511,3203,2993,210,29.4726817,77.7085091
UTTAR PRADESH,Urban,Muzaffarnagar,On foot,73524,66371,7153,0,0,0,42314,38328,3986,20749,18655,2094,10461,9388,1073,0,0,0,0,0,0,0,0,0,0,0,0,0,0,0,29.4726817,77.7085091
UTTAR PRADESH,Urban,Muzaffarnagar,Bicycle,56316,55203,1113,0,0,0,9045,8842,203,30612,30012,600,8968,8856,112,2753,2713,40,4938,4780,158,0,0,0,0,0,0,0,0,0,29.4726817,77.7085091
UTTAR PRADESH,Urban,Muzaffarnagar,Moped/Scooter/Motor Cycle,30144,29066,1078,0,0,0,5774,5565,209,15256,14651,605,3639,3525,114,1989,1932,57,808,789,19,862,839,23,483,476,7,1333,1289,44,29.4726817,77.7085091
UTTAR PRADESH,Urban,Muzaffarnagar,Car/Jeep/Van,3721,3365,356,0,0,0,418,363,55,1014,890,124,553,494,59,381,342,39,266,256,10,367,349,18,557,521,36,165,150,15,29.4726817,77.7085091
UTTAR PRADESH,Urban,Muzaffarnagar,Tempo/Autorickshaw/Taxi,3450,2537,913,0,0,0,305,185,120,1578,1036,542,718,577,141,285,254,31,115,107,8,149,131,18,147,129,18,153,118,35,29.4726817,77.7085091
UTTAR PRADESH,Urban,Muzaffarnagar,Bus,18019,16095,1924,0,0,0,624,532,92,1705,1375,330,2419,2038,381,3895,3431,464,2708,2481,227,2534,2378,156,3435,3246,189,699,614,85,29.4726817,77.7085091
UTTAR PRADESH,Urban,Muzaffarnagar,Train,7616,7197,419,0,0,0,425,388,37,822,787,35,354,336,18,360,347,13,350,333,17,601,570,31,4217,3965,252,487,471,16,29.4726817,77.7085091
UTTAR PRADESH,Urban,Muzaffarnagar,Water transport,117,104,13,0,0,0,20,18,2,18,14,4,5,5,0,13,10,3,5,5,0,8,8,0,28,27,1,20,17,3,29.4726817,77.7085091
UTTAR PRADESH,Urban,Muzaffarnagar,Any other,6342,5977,365,0,0,0,1167,1020,147,2523,2365,158,1176,1146,30,477,470,7,170,168,2,188,187,1,295,287,8,346,334,12,29.4726817,77.7085091
UTTAR PRADESH,Urban,Muzaffarnagar,No travel,79252,63134,16118,79252,63134,16118,0,0,0,0,0,0,0,0,0,0,0,0,0,0,0,0,0,0,0,0,0,0,0,0,29.4726817,77.7085091
TAMIL NADU,Total,Erode,All Modes,593069,421883,171186,113554,68303,45251,106922,66829,40093,154034,112374,41660,85385,64395,20990,48633,38661,9972,28316,23221,5095,27617,23189,4428,24945,21820,3125,3663,3091,572,11.3410364,77.7171642
TAMIL NADU,Total,Erode,On foot,109697,53383,56314,0,0,0,70084,35024,35060,28852,12572,16280,10761,5787,4974,0,0,0,0,0,0,0,0,0,0,0,0,0,0,0,11.3410364,77.7171642
TAMIL NADU,Total,Erode,Bicycle,69377,62760,6617,0,0,0,13920,12642,1278,40321,36191,4130,10504,9628,876,2315,2179,136,2317,2120,197,0,0,0,0,0,0,0,0,0,11.3410364,77.7171642
TAMIL NADU,Total,Erode,Moped/Scooter/Motor Cycle,119476,108492,10984,0,0,0,17741,15924,1817,51095,45688,5407,27132,24809,2323,12852,11977,875,4509,4265,244,3137,3004,133,1466,1407,59,1544,1418,126,11.3410364,77.7171642
TAMIL NADU,Total,Erode,Car/Jeep/Van,12960,9795,3165,0,0,0,958,744,214,3090,2067,1023,2308,1615,693,1767,1280,487,1287,967,320,1660,1402,258,1618,1482,136,272,238,34,11.3410364,77.7171642
TAMIL NADU,Total,Erode,Tempo/Autorickshaw/Taxi,5949,5181,768,0,0,0,444,390,54,1399,1012,387,1054,934,120,689,623,66,505,466,39,819,785,34,870,815,55,169,156,13,11.3410364,77.7171642
TAMIL NADU,Total,Erode,Bus,152476,105691,46785,0,0,0,3415,1828,1587,28557,14294,14263,33025,21148,11877,30626,22282,8344,19346,15102,4244,20989,17075,3914,15301,13090,2211,1217,872,345,11.3410364,77.7171642
TAMIL NADU,Total,Erode,Train,6381,5379,1002,0,0,0,186,128,58,222,149,73,171,121,50,190,152,38,221,179,42,708,634,74,4496,3860,636,187,156,31,11.3410364,77.7171642
TAMIL NADU,Total,Erode,Water transport,327,250,77,0,0,0,25,17,8,61,44,17,140,101,39,25,17,8,13,11,2,14,14,0,31,31,0,18,15,3,11.3410364,77.7171642
TAMIL NADU,Total,Erode,Any other,2872,2649,223,0,0,0,149,132,17,437,357,80,290,252,38,169,151,18,118,111,7,290,275,15,1163,1135,28,256,236,20,11.3410364,77.7171642
TAMIL NADU,Total,Erode,No travel,113554,68303,45251,113554,68303,45251,0,0,0,0,0,0,0,0,0,0,0,0,0,0,0,0,0,0,0,0,0,0,0,0,11.3410364,77.7171642
TAMIL NADU,Rural,Erode,All Modes,197404,137803,59601,47774,28825,18949,22244,12875,9369,38204,25357,12847,32396,24030,8366,21496,17082,4414,12913,10586,2327,12169,10185,1984,8987,7819,1168,1221,1044,177,11.3410364,77.7171642
TAMIL NADU,Rural,Erode,On foot,29042,12958,16084,0,0,0,15670,7513,8157,8855,3161,5694,4517,2284,2233,0,0,0,0,0,0,0,0,0,0,0,0,0,0,0,11.3410364,77.7171642
TAMIL NADU,Rural,Erode,Bicycle,18532,16014,2518,0,0,0,2726,2328,398,10133,8566,1567,3833,3432,401,1008,931,77,832,757,75,0,0,0,0,0,0,0,0,0,11.3410364,77.7171642
TAMIL NADU,Rural,Erode,Moped/Scooter/Motor Cycle,32706,29406,3300,0,0,0,2587,2248,339,10340,8975,1365,9797,8885,912,5808,5358,450,2005,1886,119,1205,1158,47,491,470,21,473,426,47,11.3410364,77.7171642
TAMIL NADU,Rural,Erode,Car/Jeep/Van,4833,3317,1516,0,0,0,206,133,73,902,460,442,894,557,337,758,503,255,692,492,200,737,585,152,550,498,52,94,89,5,11.3410364,77.7171642
TAMIL NADU,Rural,Erode,Tempo/Autorickshaw/Taxi,1983,1735,248,0,0,0,70,66,4,288,209,79,347,305,42,270,237,33,207,186,21,361,336,25,378,339,39,62,57,5,11.3410364,77.7171642
TAMIL NADU,Rural,Erode,Bus,60114,43473,16641,0,0,0,924,542,382,7529,3868,3661,12832,8431,4401,13505,9936,3569,9041,7147,1894,9580,7855,1725,6247,5342,905,456,352,104,11.3410364,77.7171642
TAMIL NADU,Rural,Erode,Train,1458,1213,245,0,0,0,37,26,11,58,38,20,47,35,12,65,48,17,79,67,12,168,146,22,953,812,141,51,41,10,11.3410364,77.7171642
TAMIL NADU,Rural,Erode,Water transport,111,82,29,0,0,0,7,3,4,22,17,5,43,28,15,11,9,2,8,6,2,4,4,0,9,9,0,7,6,1,11.3410364,77.7171642
TAMIL NADU,Rural,Erode,Any other,851,780,71,0,0,0,17,16,1,77,63,14,86,73,13,71,60,11,49,45,4,114,101,13,359,349,10,78,73,5,11.3410364,77.7171642
TAMIL NADU,Rural,Erode,No travel,47774,28825,18949,47774,28825,18949,0,0,0,0,0,0,0,0,0,0,0,0,0,0,0,0,0,0,0,0,0,0,0,0,11.3410364,77.7171642
TAMIL NADU,Urban,Erode,All Modes,395665,284080,111585,65780,39478,26302,84678,53954,30724,115830,87017,28813,52989,40365,12624,27137,21579,5558,15403,12635,2768,15448,13004,2444,15958,14001,1957,2442,2047,395,11.3410364,77.7171642
TAMIL NADU,Urban,Erode,On foot,80655,40425,40230,0,0,0,54414,27511,26903,19997,9411,10586,6244,3503,2741,0,0,0,0,0,0,0,0,0,0,0,0,0,0,0,11.3410364,77.7171642
TAMIL NADU,Urban,Erode,Bicycle,50845,46746,4099,0,0,0,11194,10314,880,30188,27625,2563,6671,6196,475,1307,1248,59,1485,1363,122,0,0,0,0,0,0,0,0,0,11.3410364,77.7171642
TAMIL NADU,Urban,Erode,Moped/Scooter/Motor Cycle,86770,79086,7684,0,0,0,15154,13676,1478,40755,36713,4042,17335,15924,1411,7044,6619,425,2504,2379,125,1932,1846,86,975,937,38,1071,992,79,11.3410364,77.7171642
TAMIL NADU,Urban,Erode,Car/Jeep/Van,8127,6478,1649,0,0,0,752,611,141,2188,1607,581,1414,1058,356,1009,777,232,595,475,120,923,817,106,1068,984,84,178,149,29,11.3410364,77.7171642
TAMIL NADU,Urban,Erode,Tempo/Autorickshaw/Taxi,3966,3446,520,0,0,0,374,324,50,1111,803,308,707,629,78,419,386,33,298,280,18,458,449,9,492,476,16,107,99,8,11.3410364,77.7171642
TAMIL NADU,Urban,Erode,Bus,92362,62218,30144,0,0,0,2491,1286,1205,21028,10426,10602,20193,12717,7476,17121,12346,4775,10305,7955,2350,11409,9220,2189,9054,7748,1306,761,520,241,11.3410364,77.7171642
TAMIL NADU,Urban,Erode,Train,4923,4166,757,0,0,0,149,102,47,164,111,53,124,86,38,125,104,21,142,112,30,540,488,52,3543,3048,495,136,115,21,11.3410364,77.7171642
TAMIL NADU,Urban,Erode,Water transport,216,168,48,0,0,0,18,14,4,39,27,12,97,73,24,14,8,6,5,5,0,10,10,0,22,22,0,11,9,2,11.3410364,77.7171642
TAMIL NADU,Urban,Erode,Any other,2021,1869,152,0,0,0,132,116,16,360,294,66,204,179,25,98,91,7,69,66,3,176,174,2,804,786,18,178,163,15,11.3410364,77.7171642
TAMIL NADU,Urban,Erode,No travel,65780,39478,26302,65780,39478,26302,0,0,0,0,0,0,0,0,0,0,0,0,0,0,0,0,0,0,0,0,0,0,0,0,11.3410364,77.7171642
KARNATAKA,Total,Chikkaballapura,All Modes,200337,141482,58855,91531,57266,34265,32179,22795,9384,24459,18781,5678,19860,15113,4747,8825,7289,1536,5125,4282,843,5918,4960,958,11304,10009,1295,1136,987,149,13.4354985,77.7315344
KARNATAKA,Total,Chikkaballapura,On foot,45411,30444,14967,0,0,0,25754,17081,8673,11096,7553,3543,8561,5810,2751,0,0,0,0,0,0,0,0,0,0,0,0,0,0,0,13.4354985,77.7315344
KARNATAKA,Total,Chikkaballapura,Bicycle,6543,6058,485,0,0,0,1307,1203,104,3051,2841,210,1015,960,55,395,366,29,775,688,87,0,0,0,0,0,0,0,0,0,13.4354985,77.7315344
KARNATAKA,Total,Chikkaballapura,Moped/Scooter/Motor Cycle,13927,13024,903,0,0,0,3160,2996,164,4639,4257,382,2328,2179,149,1797,1694,103,595,567,28,514,488,26,425,402,23,469,441,28,13.4354985,77.7315344
KARNATAKA,Total,Chikkaballapura,Car/Jeep/Van,2094,1784,310,0,0,0,215,181,34,288,232,56,246,210,36,236,210,26,165,126,39,308,254,54,561,504,57,75,67,8,13.4354985,77.7315344
KARNATAKA,Total,Chikkaballapura,Tempo/Autorickshaw/Taxi,5018,4129,889,0,0,0,426,365,61,1466,1108,358,1301,1058,243,641,514,127,247,216,31,340,315,25,468,450,18,129,103,26,13.4354985,77.7315344
KARNATAKA,Total,Chikkaballapura,Bus,32211,25745,6466,0,0,0,1033,746,287,3555,2485,1070,6199,4716,1483,5602,4364,1238,3210,2577,633,4184,3471,713,8117,7131,986,311,255,56,13.4354985,77.7315344
KARNATAKA,Total,Chikkaballapura,Train,2687,2206,481,0,0,0,167,120,47,161,125,36,90,73,17,83,74,9,103,80,23,513,378,135,1503,1308,195,67,48,19,13.4354985,77.7315344
KARNATAKA,Total,Chikkaballapura,Water transport,70,56,14,0,0,0,23,16,7,4,2,2,6,6,0,7,6,1,2,2,0,4,2,2,17,16,1,7,6,1,13.4354985,77.7315344
KARNATAKA,Total,Chikkaballapura,Any other,845,770,75,0,0,0,94,87,7,199,178,21,114,101,13,64,61,3,28,26,2,55,52,3,213,198,15,78,67,11,13.4354985,77.7315344
KARNATAKA,Total,Chikkaballapura,No travel,91531,57266,34265,91531,57266,34265,0,0,0,0,0,0,0,0,0,0,0,0,0,0,0,0,0,0,0,0,0,0,0,0,13.4354985,77.7315344
KARNATAKA,Rural,Chikkaballapura,All Modes,110431,73915,36516,55716,32357,23359,11140,6607,4533,11360,8315,3045,11810,9188,2622,5996,5061,935,3233,2720,513,3887,3242,645,6882,6098,784,407,327,80,13.4354985,77.7315344
KARNATAKA,Rural,Chikkaballapura,On foot,18306,10810,7496,0,0,0,9519,5284,4235,4897,3007,1890,3890,2519,1371,0,0,0,0,0,0,0,0,0,0,0,0,0,0,0,13.4354985,77.7315344
KARNATAKA,Rural,Chikkaballapura,Bicycle,2885,2626,259,0,0,0,323,281,42,1285,1181,104,626,590,36,283,259,24,368,315,53,0,0,0,0,0,0,0,0,0,13.4354985,77.7315344
KARNATAKA,Rural,Chikkaballapura,Moped/Scooter/Motor Cycle,5403,5025,378,0,0,0,422,396,26,1619,1460,159,1338,1252,86,1049,1000,49,338,320,18,323,305,18,242,226,16,72,66,6,13.4354985,77.7315344
KARNATAKA,Rural,Chikkaballapura,Car/Jeep/Van,1226,1009,217,0,0,0,66,51,15,138,104,34,174,148,26,164,143,21,112,84,28,209,165,44,333,291,42,30,23,7,13.4354985,77.7315344
KARNATAKA,Rural,Chikkaballapura,Tempo/Autorickshaw/Taxi,3391,2770,621,0,0,0,174,139,35,951,742,209,994,812,182,504,389,115,195,170,25,232,209,23,278,265,13,63,44,19,13.4354985,77.7315344
KARNATAKA,Rural,Chikkaballapura,Bus,21403,17591,3812,0,0,0,511,370,141,2288,1671,617,4645,3743,902,3874,3159,715,2133,1762,371,2745,2286,459,5018,4443,575,189,157,32,13.4354985,77.7315344
KARNATAKA,Rural,Chikkaballapura,Train,1679,1341,338,0,0,0,84,52,32,102,78,24,68,54,14,71,62,9,69,51,18,343,245,98,903,774,129,39,25,14,13.4354985,77.7315344
KARNATAKA,Rural,Chikkaballapura,Water transport,34,25,9,0,0,0,13,7,6,1,0,1,4,4,0,4,4,0,0,0,0,3,2,1,6,6,0,3,2,1,13.4354985,77.7315344
KARNATAKA,Rural,Chikkaballapura,Any other,388,361,27,0,0,0,28,27,1,79,72,7,71,66,5,47,45,2,18,18,0,32,30,2,102,93,9,11,10,1,13.4354985,77.7315344
KARNATAKA,Rural,Chikkaballapura,No travel,55716,32357,23359,55716,32357,23359,0,0,0,0,0,0,0,0,0,0,0,0,0,0,0,0,0,0,0,0,0,0,0,0,13.4354985,77.7315344
KARNATAKA,Urban,Chikkaballapura,All Modes,89906,67567,22339,35815,24909,10906,21039,16188,4851,13099,10466,2633,8050,5925,2125,2829,2228,601,1892,1562,330,2031,1718,313,4422,3911,511,729,660,69,13.4354985,77.7315344
KARNATAKA,Urban,Chikkaballapura,On foot,27105,19634,7471,0,0,0,16235,11797,4438,6199,4546,1653,4671,3291,1380,0,0,0,0,0,0,0,0,0,0,0,0,0,0,0,13.4354985,77.7315344
KARNATAKA,Urban,Chikkaballapura,Bicycle,3658,3432,226,0,0,0,984,922,62,1766,1660,106,389,370,19,112,107,5,407,373,34,0,0,0,0,0,0,0,0,0,13.4354985,77.7315344
KARNATAKA,Urban,Chikkaballapura,Moped/Scooter/Motor Cycle,8524,7999,525,0,0,0,2738,2600,138,3020,2797,223,990,927,63,748,694,54,257,247,10,191,183,8,183,176,7,397,375,22,13.4354985,77.7315344
KARNATAKA,Urban,Chikkaballapura,Car/Jeep/Van,868,775,93,0,0,0,149,130,19,150,128,22,72,62,10,72,67,5,53,42,11,99,89,10,228,213,15,45,44,1,13.4354985,77.7315344
KARNATAKA,Urban,Chikkaballapura,Tempo/Autorickshaw/Taxi,1627,1359,268,0,0,0,252,226,26,515,366,149,307,246,61,137,125,12,52,46,6,108,106,2,190,185,5,66,59,7,13.4354985,77.7315344
KARNATAKA,Urban,Chikkaballapura,Bus,10808,8154,2654,0,0,0,522,376,146,1267,814,453,1554,973,581,1728,1205,523,1077,815,262,1439,1185,254,3099,2688,411,122,98,24,13.4354985,77.7315344
KARNATAKA,Urban,Chikkaballapura,Train,1008,865,143,0,0,0,83,68,15,59,47,12,22,19,3,12,12,0,34,29,5,170,133,37,600,534,66,28,23,5,13.4354985,77.7315344
KARNATAKA,Urban,Chikkaballapura,Water transport,36,31,5,0,0,0,10,9,1,3,2,1,2,2,0,3,2,1,2,2,0,1,0,1,11,10,1,4,4,0,13.4354985,77.7315344
KARNATAKA,Urban,Chikkaballapura,Any other,457,409,48,0,0,0,66,60,6,120,106,14,43,35,8,17,16,1,10,8,2,23,22,1,111,105,6,67,57,10,13.4354985,77.7315344
KARNATAKA,Urban,Chikkaballapura,No travel,35815,24909,10906,35815,24909,10906,0,0,0,0,0,0,0,0,0,0,0,0,0,0,0,0,0,0,0,0,0,0,0,0,13.4354985,77.7315344
MADHYA PRADESH,Total,Ashoknagar,All Modes,65411,53211,12200,25301,18716,6585,14854,12496,2358,14697,12831,1866,5850,4949,901,2014,1808,206,973,879,94,789,704,85,573,520,53,360,308,52,24.5775148,77.7318495
MADHYA PRADESH,Total,Ashoknagar,On foot,25843,21398,4445,0,0,0,12629,10408,2221,9824,8264,1560,3390,2726,664,0,0,0,0,0,0,0,0,0,0,0,0,0,0,0,24.5775148,77.7318495
MADHYA PRADESH,Total,Ashoknagar,Bicycle,5250,5072,178,0,0,0,752,719,33,2597,2525,72,1192,1148,44,398,386,12,311,294,17,0,0,0,0,0,0,0,0,0,24.5775148,77.7318495
MADHYA PRADESH,Total,Ashoknagar,Moped/Scooter/Motor Cycle,4958,4651,307,0,0,0,1190,1131,59,1675,1559,116,687,636,51,716,676,40,236,220,16,205,192,13,62,61,1,187,176,11,24.5775148,77.7318495
MADHYA PRADESH,Total,Ashoknagar,Car/Jeep/Van,306,274,32,0,0,0,49,44,5,72,57,15,19,15,4,71,69,2,16,16,0,33,29,4,34,34,0,12,10,2,24.5775148,77.7318495
MADHYA PRADESH,Total,Ashoknagar,Tempo/Autorickshaw/Taxi,175,147,28,0,0,0,19,14,5,89,78,11,24,18,6,15,11,4,3,3,0,8,8,0,3,3,0,14,12,2,24.5775148,77.7318495
MADHYA PRADESH,Total,Ashoknagar,Bus,2515,1981,534,0,0,0,94,76,18,286,205,81,413,296,117,681,544,137,315,258,57,380,325,55,260,220,40,86,57,29,24.5775148,77.7318495
MADHYA PRADESH,Total,Ashoknagar,Train,699,645,54,0,0,0,54,48,6,62,56,6,43,41,2,69,63,6,82,78,4,142,132,10,197,185,12,50,42,8,24.5775148,77.7318495
MADHYA PRADESH,Total,Ashoknagar,Water transport,16,11,5,0,0,0,8,5,3,2,1,1,2,1,1,0,0,0,0,0,0,0,0,0,2,2,0,2,2,0,24.5775148,77.7318495
MADHYA PRADESH,Total,Ashoknagar,Any other,348,316,32,0,0,0,59,51,8,90,86,4,80,68,12,64,59,5,10,10,0,21,18,3,15,15,0,9,9,0,24.5775148,77.7318495
MADHYA PRADESH,Total,Ashoknagar,No travel,25301,18716,6585,25301,18716,6585,0,0,0,0,0,0,0,0,0,0,0,0,0,0,0,0,0,0,0,0,0,0,0,0,24.5775148,77.7318495
MADHYA PRADESH,Rural,Ashoknagar,All Modes,27003,20659,6344,12667,8727,3940,3869,2899,970,4877,4105,772,3310,2821,489,1064,1004,60,528,489,39,318,283,35,254,232,22,116,99,17,24.5775148,77.7318495
MADHYA PRADESH,Rural,Ashoknagar,On foot,8075,6114,1961,0,0,0,3469,2545,924,2926,2271,655,1680,1298,382,0,0,0,0,0,0,0,0,0,0,0,0,0,0,0,24.5775148,77.7318495
MADHYA PRADESH,Rural,Ashoknagar,Bicycle,2813,2696,117,0,0,0,196,176,20,1139,1098,41,961,927,34,325,315,10,192,180,12,0,0,0,0,0,0,0,0,0,24.5775148,77.7318495
MADHYA PRADESH,Rural,Ashoknagar,Moped/Scooter/Motor Cycle,1681,1578,103,0,0,0,117,110,7,581,547,34,348,327,21,341,323,18,117,108,9,94,86,8,33,33,0,50,44,6,24.5775148,77.7318495
MADHYA PRADESH,Rural,Ashoknagar,Car/Jeep/Van,116,98,18,0,0,0,7,4,3,29,22,7,17,13,4,26,24,2,11,11,0,10,9,1,10,10,0,6,5,1,24.5775148,77.7318495
MADHYA PRADESH,Rural,Ashoknagar,Tempo/Autorickshaw/Taxi,35,29,6,0,0,0,3,2,1,15,14,1,4,3,1,8,6,2,0,0,0,3,3,0,1,1,0,1,0,1,24.5775148,77.7318495
MADHYA PRADESH,Rural,Ashoknagar,Bus,1079,930,149,0,0,0,36,30,6,141,112,29,207,174,33,260,239,21,147,131,16,142,123,19,108,90,18,38,31,7,24.5775148,77.7318495
MADHYA PRADESH,Rural,Ashoknagar,Train,338,319,19,0,0,0,14,13,1,30,28,2,30,29,1,44,41,3,53,51,2,56,52,4,96,92,4,15,13,2,24.5775148,77.7318495
MADHYA PRADESH,Rural,Ashoknagar,Water transport,11,8,3,0,0,0,7,5,2,0,0,0,1,0,1,0,0,0,0,0,0,0,0,0,1,1,0,2,2,0,24.5775148,77.7318495
MADHYA PRADESH,Rural,Ashoknagar,Any other,188,160,28,0,0,0,20,14,6,16,13,3,62,50,12,60,56,4,8,8,0,13,10,3,5,5,0,4,4,0,24.5775148,77.7318495
MADHYA PRADESH,Rural,Ashoknagar,No travel,12667,8727,3940,12667,8727,3940,0,0,0,0,0,0,0,0,0,0,0,0,0,0,0,0,0,0,0,0,0,0,0,0,24.5775148,77.7318495
MADHYA PRADESH,Urban,Ashoknagar,All Modes,38408,32552,5856,12634,9989,2645,10985,9597,1388,9820,8726,1094,2540,2128,412,950,804,146,445,390,55,471,421,50,319,288,31,244,209,35,24.5775148,77.7318495
MADHYA PRADESH,Urban,Ashoknagar,On foot,17768,15284,2484,0,0,0,9160,7863,1297,6898,5993,905,1710,1428,282,0,0,0,0,0,0,0,0,0,0,0,0,0,0,0,24.5775148,77.7318495
MADHYA PRADESH,Urban,Ashoknagar,Bicycle,2437,2376,61,0,0,0,556,543,13,1458,1427,31,231,221,10,73,71,2,119,114,5,0,0,0,0,0,0,0,0,0,24.5775148,77.7318495
MADHYA PRADESH,Urban,Ashoknagar,Moped/Scooter/Motor Cycle,3277,3073,204,0,0,0,1073,1021,52,1094,1012,82,339,309,30,375,353,22,119,112,7,111,106,5,29,28,1,137,132,5,24.5775148,77.7318495
MADHYA PRADESH,Urban,Ashoknagar,Car/Jeep/Van,190,176,14,0,0,0,42,40,2,43,35,8,2,2,0,45,45,0,5,5,0,23,20,3,24,24,0,6,5,1,24.5775148,77.7318495
MADHYA PRADESH,Urban,Ashoknagar,Tempo/Autorickshaw/Taxi,140,118,22,0,0,0,16,12,4,74,64,10,20,15,5,7,5,2,3,3,0,5,5,0,2,2,0,13,12,1,24.5775148,77.7318495
MADHYA PRADESH,Urban,Ashoknagar,Bus,1436,1051,385,0,0,0,58,46,12,145,93,52,206,122,84,421,305,116,168,127,41,238,202,36,152,130,22,48,26,22,24.5775148,77.7318495
MADHYA PRADESH,Urban,Ashoknagar,Train,361,326,35,0,0,0,40,35,5,32,28,4,13,12,1,25,22,3,29,27,2,86,80,6,101,93,8,35,29,6,24.5775148,77.7318495
MADHYA PRADESH,Urban,Ashoknagar,Water transport,5,3,2,0,0,0,1,0,1,2,1,1,1,1,0,0,0,0,0,0,0,0,0,0,1,1,0,0,0,0,24.5775148,77.7318495
MADHYA PRADESH,Urban,Ashoknagar,Any other,160,156,4,0,0,0,39,37,2,74,73,1,18,18,0,4,3,1,2,2,0,8,8,0,10,10,0,5,5,0,24.5775148,77.7318495
MADHYA PRADESH,Urban,Ashoknagar,No travel,12634,9989,2645,12634,9989,2645,0,0,0,0,0,0,0,0,0,0,0,0,0,0,0,0,0,0,0,0,0,0,0,0,24.5775148,77.7318495
MADHYA PRADESH,Total,Hoshangabad,All Modes,169693,136452,33241,49495,35625,13870,36122,29035,7087,44418,37593,6825,18793,15576,3217,6200,5522,678,5138,4699,439,2493,2150,343,3858,3497,361,3176,2755,421,22.7438944,77.7359224
MADHYA PRADESH,Total,Hoshangabad,On foot,55419,41825,13594,0,0,0,25783,19508,6275,19313,14458,4855,10323,7859,2464,0,0,0,0,0,0,0,0,0,0,0,0,0,0,0,22.7438944,77.7359224
MADHYA PRADESH,Total,Hoshangabad,Bicycle,24899,24116,783,0,0,0,4041,3907,134,12953,12555,398,3649,3561,88,1518,1476,42,2738,2617,121,0,0,0,0,0,0,0,0,0,22.7438944,77.7359224
MADHYA PRADESH,Total,Hoshangabad,Moped/Scooter/Motor Cycle,24124,21973,2151,0,0,0,5172,4734,438,9966,8978,988,2851,2611,240,2175,2025,150,911,862,49,891,819,72,334,316,18,1824,1628,196,22.7438944,77.7359224
MADHYA PRADESH,Total,Hoshangabad,Car/Jeep/Van,1481,1241,240,0,0,0,270,223,47,346,266,80,159,137,22,222,190,32,100,83,17,107,96,11,152,142,10,125,104,21,22.7438944,77.7359224
MADHYA PRADESH,Total,Hoshangabad,Tempo/Autorickshaw/Taxi,2415,1881,534,0,0,0,246,178,68,811,553,258,549,452,97,301,266,35,156,137,19,109,91,18,70,66,4,173,138,35,22.7438944,77.7359224
MADHYA PRADESH,Total,Hoshangabad,Bus,5866,4459,1407,0,0,0,235,172,63,573,372,201,968,707,261,1460,1100,360,832,638,194,834,661,173,609,533,76,355,276,79,22.7438944,77.7359224
MADHYA PRADESH,Total,Hoshangabad,Train,5357,4774,583,0,0,0,289,243,46,297,269,28,181,152,29,464,410,54,363,325,38,502,440,62,2626,2382,244,635,553,82,22.7438944,77.7359224
MADHYA PRADESH,Total,Hoshangabad,Water transport,100,79,21,0,0,0,22,14,8,14,12,2,30,21,9,12,12,0,4,4,0,5,4,1,8,7,1,5,5,0,22.7438944,77.7359224
MADHYA PRADESH,Total,Hoshangabad,Any other,537,479,58,0,0,0,64,56,8,145,130,15,83,76,7,48,43,5,34,33,1,45,39,6,59,51,8,59,51,8,22.7438944,77.7359224
MADHYA PRADESH,Total,Hoshangabad,No travel,49495,35625,13870,49495,35625,13870,0,0,0,0,0,0,0,0,0,0,0,0,0,0,0,0,0,0,0,0,0,0,0,0,22.7438944,77.7359224
MADHYA PRADESH,Rural,Hoshangabad,All Modes,57439,43738,13701,24727,16919,7808,8590,6321,2269,9669,7954,1715,7728,6394,1334,2760,2580,180,1696,1571,125,723,635,88,842,774,68,704,590,114,22.7438944,77.7359224
MADHYA PRADESH,Rural,Hoshangabad,On foot,15391,10765,4626,0,0,0,6918,4792,2126,4774,3370,1404,3699,2603,1096,0,0,0,0,0,0,0,0,0,0,0,0,0,0,0,22.7438944,77.7359224
MADHYA PRADESH,Rural,Hoshangabad,Bicycle,8238,8005,233,0,0,0,816,781,35,3214,3120,94,2261,2221,40,1059,1035,24,888,848,40,0,0,0,0,0,0,0,0,0,22.7438944,77.7359224
MADHYA PRADESH,Rural,Hoshangabad,Moped/Scooter/Motor Cycle,4366,3989,377,0,0,0,545,500,45,1142,1024,118,977,908,69,779,727,52,289,269,20,197,184,13,78,72,6,359,305,54,22.7438944,77.7359224
MADHYA PRADESH,Rural,Hoshangabad,Car/Jeep/Van,363,312,51,0,0,0,54,43,11,48,40,8,41,36,5,74,65,9,43,35,8,42,36,6,39,37,2,22,20,2,22.7438944,77.7359224
MADHYA PRADESH,Rural,Hoshangabad,Tempo/Autorickshaw/Taxi,608,518,90,0,0,0,56,48,8,127,93,34,197,167,30,121,116,5,46,42,4,19,16,3,16,14,2,26,22,4,22.7438944,77.7359224
MADHYA PRADESH,Rural,Hoshangabad,Bus,2230,1894,336,0,0,0,102,84,18,244,198,46,439,365,74,568,493,75,270,234,36,273,227,46,194,178,16,140,115,25,22.7438944,77.7359224
MADHYA PRADESH,Rural,Hoshangabad,Train,1250,1121,129,0,0,0,56,44,12,82,75,7,61,52,9,141,127,14,145,129,16,157,143,14,481,447,34,127,104,23,22.7438944,77.7359224
MADHYA PRADESH,Rural,Hoshangabad,Water transport,53,33,20,0,0,0,18,10,8,6,4,2,23,14,9,1,1,0,2,2,0,1,0,1,0,0,0,2,2,0,22.7438944,77.7359224
MADHYA PRADESH,Rural,Hoshangabad,Any other,213,182,31,0,0,0,25,19,6,32,30,2,30,28,2,17,16,1,13,12,1,34,29,5,34,26,8,28,22,6,22.7438944,77.7359224
MADHYA PRADESH,Rural,Hoshangabad,No travel,24727,16919,7808,24727,16919,7808,0,0,0,0,0,0,0,0,0,0,0,0,0,0,0,0,0,0,0,0,0,0,0,0,22.7438944,77.7359224
MADHYA PRADESH,Urban,Hoshangabad,All Modes,112254,92714,19540,24768,18706,6062,27532,22714,4818,34749,29639,5110,11065,9182,1883,3440,2942,498,3442,3128,314,1770,1515,255,3016,2723,293,2472,2165,307,22.7438944,77.7359224
MADHYA PRADESH,Urban,Hoshangabad,On foot,40028,31060,8968,0,0,0,18865,14716,4149,14539,11088,3451,6624,5256,1368,0,0,0,0,0,0,0,0,0,0,0,0,0,0,0,22.7438944,77.7359224
MADHYA PRADESH,Urban,Hoshangabad,Bicycle,16661,16111,550,0,0,0,3225,3126,99,9739,9435,304,1388,1340,48,459,441,18,1850,1769,81,0,0,0,0,0,0,0,0,0,22.7438944,77.7359224
MADHYA PRADESH,Urban,Hoshangabad,Moped/Scooter/Motor Cycle,19758,17984,1774,0,0,0,4627,4234,393,8824,7954,870,1874,1703,171,1396,1298,98,622,593,29,694,635,59,256,244,12,1465,1323,142,22.7438944,77.7359224
MADHYA PRADESH,Urban,Hoshangabad,Car/Jeep/Van,1118,929,189,0,0,0,216,180,36,298,226,72,118,101,17,148,125,23,57,48,9,65,60,5,113,105,8,103,84,19,22.7438944,77.7359224
MADHYA PRADESH,Urban,Hoshangabad,Tempo/Autorickshaw/Taxi,1807,1363,444,0,0,0,190,130,60,684,460,224,352,285,67,180,150,30,110,95,15,90,75,15,54,52,2,147,116,31,22.7438944,77.7359224
MADHYA PRADESH,Urban,Hoshangabad,Bus,3636,2565,1071,0,0,0,133,88,45,329,174,155,529,342,187,892,607,285,562,404,158,561,434,127,415,355,60,215,161,54,22.7438944,77.7359224
MADHYA PRADESH,Urban,Hoshangabad,Train,4107,3653,454,0,0,0,233,199,34,215,194,21,120,100,20,323,283,40,218,196,22,345,297,48,2145,1935,210,508,449,59,22.7438944,77.7359224
MADHYA PRADESH,Urban,Hoshangabad,Water transport,47,46,1,0,0,0,4,4,0,8,8,0,7,7,0,11,11,0,2,2,0,4,4,0,8,7,1,3,3,0,22.7438944,77.7359224
MADHYA PRADESH,Urban,Hoshangabad,Any other,324,297,27,0,0,0,39,37,2,113,100,13,53,48,5,31,27,4,21,21,0,11,10,1,25,25,0,31,29,2,22.7438944,77.7359224
MADHYA PRADESH,Urban,Hoshangabad,No travel,24768,18706,6062,24768,18706,6062,0,0,0,0,0,0,0,0,0,0,0,0,0,0,0,0,0,0,0,0,0,0,0,0,22.7438944,77.7359224
MAHARASHTRA,Total,Amravati,All Modes,348588,286240,62348,99795,73988,25807,48613,38991,9622,99997,86073,13924,48335,41771,6564,17032,14994,2038,12076,10719,1357,8480,7226,1254,7359,6433,926,6901,6045,856,20.9319821,77.7523039
MAHARASHTRA,Total,Amravati,On foot,70777,52738,18039,0,0,0,31776,23672,8104,26343,19466,6877,12658,9600,3058,0,0,0,0,0,0,0,0,0,0,0,0,0,0,0,20.9319821,77.7523039
MAHARASHTRA,Total,Amravati,Bicycle,59610,57699,1911,0,0,0,6113,5881,232,33131,32065,1066,12590,12237,353,3141,3065,76,4635,4451,184,0,0,0,0,0,0,0,0,0,20.9319821,77.7523039
MAHARASHTRA,Total,Amravati,Moped/Scooter/Motor Cycle,74307,66163,8144,0,0,0,9088,8131,957,32068,28127,3941,15158,13485,1673,7633,6888,745,3212,2946,266,2885,2703,182,1014,960,54,3249,2923,326,20.9319821,77.7523039
MAHARASHTRA,Total,Amravati,Car/Jeep/Van,3972,3424,548,0,0,0,290,245,45,960,823,137,633,543,90,481,404,77,364,293,71,542,478,64,398,370,28,304,268,36,20.9319821,77.7523039
MAHARASHTRA,Total,Amravati,Tempo/Autorickshaw/Taxi,13933,10985,2948,0,0,0,604,452,152,4669,3166,1503,3960,3212,748,2312,2043,269,768,697,71,572,504,68,310,284,26,738,627,111,20.9319821,77.7523039
MAHARASHTRA,Total,Amravati,Bus,18187,13842,4345,0,0,0,278,195,83,1051,723,328,2211,1613,598,2760,1934,826,2760,2029,731,3847,2965,882,3847,3200,647,1433,1183,250,20.9319821,77.7523039
MAHARASHTRA,Total,Amravati,Train,3724,3331,393,0,0,0,135,112,23,223,205,18,260,236,24,198,181,17,146,129,17,415,374,41,1521,1367,154,826,727,99,20.9319821,77.7523039
MAHARASHTRA,Total,Amravati,Water transport,100,84,16,0,0,0,16,14,2,18,16,2,11,10,1,12,10,2,0,0,0,9,7,2,18,16,2,16,11,5,20.9319821,77.7523039
MAHARASHTRA,Total,Amravati,Any other,4183,3986,197,0,0,0,313,289,24,1534,1482,52,854,835,19,495,469,26,191,174,17,210,195,15,251,236,15,335,306,29,20.9319821,77.7523039
MAHARASHTRA,Total,Amravati,No travel,99795,73988,25807,99795,73988,25807,0,0,0,0,0,0,0,0,0,0,0,0,0,0,0,0,0,0,0,0,0,0,0,0,20.9319821,77.7523039
MAHARASHTRA,Rural,Amravati,All Modes,91326,70228,21098,42775,29848,12927,10382,7822,2560,10515,8924,1591,10518,8522,1996,6430,5728,702,3670,3258,412,2809,2431,378,2176,1891,285,2051,1804,247,20.9319821,77.7523039
MAHARASHTRA,Rural,Amravati,On foot,16325,11704,4621,0,0,0,8090,5743,2347,3899,2984,915,4336,2977,1359,0,0,0,0,0,0,0,0,0,0,0,0,0,0,0,20.9319821,77.7523039
MAHARASHTRA,Rural,Amravati,Bicycle,7122,6848,274,0,0,0,808,775,33,2735,2620,115,1820,1761,59,967,944,23,792,748,44,0,0,0,0,0,0,0,0,0,20.9319821,77.7523039
MAHARASHTRA,Rural,Amravati,Moped/Scooter/Motor Cycle,11874,10774,1100,0,0,0,1082,986,96,2612,2324,288,2301,2062,239,2625,2393,232,1188,1093,95,952,888,64,330,312,18,784,716,68,20.9319821,77.7523039
MAHARASHTRA,Rural,Amravati,Car/Jeep/Van,851,743,108,0,0,0,50,43,7,72,61,11,104,92,12,159,131,28,98,86,12,159,142,17,98,90,8,111,98,13,20.9319821,77.7523039
MAHARASHTRA,Rural,Amravati,Tempo/Autorickshaw/Taxi,3853,3397,456,0,0,0,149,125,24,687,541,146,1029,901,128,1147,1060,87,336,316,20,182,169,13,86,75,11,237,210,27,20.9319821,77.7523039
MAHARASHTRA,Rural,Amravati,Bus,6878,5431,1447,0,0,0,120,84,36,376,271,105,811,620,191,1299,985,314,1129,906,223,1322,1060,262,1220,1010,210,601,495,106,20.9319821,77.7523039
MAHARASHTRA,Rural,Amravati,Train,891,806,85,0,0,0,33,24,9,25,24,1,34,31,3,59,55,4,44,40,4,101,91,10,356,327,29,239,214,25,20.9319821,77.7523039
MAHARASHTRA,Rural,Amravati,Water transport,36,30,6,0,0,0,3,2,1,4,4,0,2,1,1,7,7,0,0,0,0,6,5,1,7,6,1,7,5,2,20.9319821,77.7523039
MAHARASHTRA,Rural,Amravati,Any other,721,647,74,0,0,0,47,40,7,105,95,10,81,77,4,167,153,14,83,69,14,87,76,11,79,71,8,72,66,6,20.9319821,77.7523039
MAHARASHTRA,Rural,Amravati,No travel,42775,29848,12927,42775,29848,12927,0,0,0,0,0,0,0,0,0,0,0,0,0,0,0,0,0,0,0,0,0,0,0,0,20.9319821,77.7523039
MAHARASHTRA,Urban,Amravati,All Modes,257262,216012,41250,57020,44140,12880,38231,31169,7062,89482,77149,12333,37817,33249,4568,10602,9266,1336,8406,7461,945,5671,4795,876,5183,4542,641,4850,4241,609,20.9319821,77.7523039
MAHARASHTRA,Urban,Amravati,On foot,54452,41034,13418,0,0,0,23686,17929,5757,22444,16482,5962,8322,6623,1699,0,0,0,0,0,0,0,0,0,0,0,0,0,0,0,20.9319821,77.7523039
MAHARASHTRA,Urban,Amravati,Bicycle,52488,50851,1637,0,0,0,5305,5106,199,30396,29445,951,10770,10476,294,2174,2121,53,3843,3703,140,0,0,0,0,0,0,0,0,0,20.9319821,77.7523039
MAHARASHTRA,Urban,Amravati,Moped/Scooter/Motor Cycle,62433,55389,7044,0,0,0,8006,7145,861,29456,25803,3653,12857,11423,1434,5008,4495,513,2024,1853,171,1933,1815,118,684,648,36,2465,2207,258,20.9319821,77.7523039
MAHARASHTRA,Urban,Amravati,Car/Jeep/Van,3121,2681,440,0,0,0,240,202,38,888,762,126,529,451,78,322,273,49,266,207,59,383,336,47,300,280,20,193,170,23,20.9319821,77.7523039
MAHARASHTRA,Urban,Amravati,Tempo/Autorickshaw/Taxi,10080,7588,2492,0,0,0,455,327,128,3982,2625,1357,2931,2311,620,1165,983,182,432,381,51,390,335,55,224,209,15,501,417,84,20.9319821,77.7523039
MAHARASHTRA,Urban,Amravati,Bus,11309,8411,2898,0,0,0,158,111,47,675,452,223,1400,993,407,1461,949,512,1631,1123,508,2525,1905,620,2627,2190,437,832,688,144,20.9319821,77.7523039
MAHARASHTRA,Urban,Amravati,Train,2833,2525,308,0,0,0,102,88,14,198,181,17,226,205,21,139,126,13,102,89,13,314,283,31,1165,1040,125,587,513,74,20.9319821,77.7523039
MAHARASHTRA,Urban,Amravati,Water transport,64,54,10,0,0,0,13,12,1,14,12,2,9,9,0,5,3,2,0,0,0,3,2,1,11,10,1,9,6,3,20.9319821,77.7523039
MAHARASHTRA,Urban,Amravati,Any other,3462,3339,123,0,0,0,266,249,17,1429,1387,42,773,758,15,328,316,12,108,105,3,123,119,4,172,165,7,263,240,23,20.9319821,77.7523039
MAHARASHTRA,Urban,Amravati,No travel,57020,44140,12880,57020,44140,12880,0,0,0,0,0,0,0,0,0,0,0,0,0,0,0,0,0,0,0,0,0,0,0,0,20.9319821,77.7523039
TAMIL NADU,Total,Tirunelveli,All Modes,701312,534885,166427,181726,117035,64691,120496,86060,34436,163777,132218,31559,106313,87414,18899,48429,40900,7529,27064,23634,3430,22900,20064,2836,25218,22818,2400,5389,4742,647,8.7139126,77.7566523
TAMIL NADU,Total,Tirunelveli,On foot,135255,82436,52819,0,0,0,79938,48683,31255,35011,20132,14879,20306,13621,6685,0,0,0,0,0,0,0,0,0,0,0,0,0,0,0,8.7139126,77.7566523
TAMIL NADU,Total,Tirunelveli,Bicycle,114601,110805,3796,0,0,0,22504,21768,736,61334,59104,2230,20604,20084,520,4997,4899,98,5162,4950,212,0,0,0,0,0,0,0,0,0,8.7139126,77.7566523
TAMIL NADU,Total,Tirunelveli,Moped/Scooter/Motor Cycle,86862,81589,5273,0,0,0,11934,11146,788,32762,30246,2516,22279,21104,1175,10676,10235,441,3753,3638,115,2546,2447,99,1154,1114,40,1758,1659,99,8.7139126,77.7566523
TAMIL NADU,Total,Tirunelveli,Car/Jeep/Van,16100,11624,4476,0,0,0,1226,945,281,3892,2453,1439,3460,2319,1141,2654,1689,965,1477,1155,322,1693,1513,180,1292,1217,75,406,333,73,8.7139126,77.7566523
TAMIL NADU,Total,Tirunelveli,Tempo/Autorickshaw/Taxi,9176,7958,1218,0,0,0,817,701,116,2479,1837,642,1805,1576,229,1349,1236,113,867,811,56,909,884,25,665,644,21,285,269,16,8.7139126,77.7566523
TAMIL NADU,Total,Tirunelveli,Bus,144986,111854,33132,0,0,0,3577,2381,1196,26946,17267,9679,36347,27317,9030,27278,21459,5819,15071,12387,2684,16764,14320,2444,17188,15304,1884,1815,1419,396,8.7139126,77.7566523
TAMIL NADU,Total,Tirunelveli,Train,6908,6142,766,0,0,0,249,205,44,457,372,85,432,366,66,337,272,65,274,243,31,603,534,69,4198,3834,364,358,316,42,8.7139126,77.7566523
TAMIL NADU,Total,Tirunelveli,Water transport,2859,2807,52,0,0,0,66,59,7,500,483,17,695,683,12,907,899,8,317,314,3,114,112,2,60,59,1,200,198,2,8.7139126,77.7566523
TAMIL NADU,Total,Tirunelveli,Any other,2839,2635,204,0,0,0,185,172,13,396,324,72,385,344,41,231,211,20,143,136,7,271,254,17,661,646,15,567,548,19,8.7139126,77.7566523
TAMIL NADU,Total,Tirunelveli,No travel,181726,117035,64691,181726,117035,64691,0,0,0,0,0,0,0,0,0,0,0,0,0,0,0,0,0,0,0,0,0,0,0,0,8.7139126,77.7566523
TAMIL NADU,Rural,Tirunelveli,All Modes,276583,203306,73277,81185,51650,29535,33882,20837,13045,54493,40801,13692,47550,38473,9077,25952,21900,4052,12782,11117,1665,9563,8465,1098,9148,8304,844,2028,1759,269,8.7139126,77.7566523
TAMIL NADU,Rural,Tirunelveli,On foot,48611,25802,22809,0,0,0,25906,13765,12141,14450,6945,7505,8255,5092,3163,0,0,0,0,0,0,0,0,0,0,0,0,0,0,0,8.7139126,77.7566523
TAMIL NADU,Rural,Tirunelveli,Bicycle,37415,35915,1500,0,0,0,4044,3845,199,19555,18635,920,9617,9365,252,2549,2501,48,1650,1569,81,0,0,0,0,0,0,0,0,0,8.7139126,77.7566523
TAMIL NADU,Rural,Tirunelveli,Moped/Scooter/Motor Cycle,28406,26832,1574,0,0,0,2034,1885,149,8241,7599,642,8804,8378,426,5354,5128,226,1898,1852,46,1126,1080,46,494,480,14,455,430,25,8.7139126,77.7566523
TAMIL NADU,Rural,Tirunelveli,Car/Jeep/Van,7350,4743,2607,0,0,0,273,184,89,1497,764,733,1718,994,724,1570,881,689,811,609,202,836,737,99,482,450,32,163,124,39,8.7139126,77.7566523
TAMIL NADU,Rural,Tirunelveli,Tempo/Autorickshaw/Taxi,3876,3385,491,0,0,0,189,154,35,820,577,243,853,755,98,745,683,62,426,396,30,419,411,8,303,295,8,121,114,7,8.7139126,77.7566523
TAMIL NADU,Rural,Tirunelveli,Bus,65347,51028,14319,0,0,0,1283,878,405,9497,5943,3554,17840,13482,4358,15143,12162,2981,7763,6472,1291,6776,5873,903,6267,5603,664,778,615,163,8.7139126,77.7566523
TAMIL NADU,Rural,Tirunelveli,Train,2249,1972,277,0,0,0,73,55,18,163,134,29,157,134,23,135,108,27,101,89,12,206,177,29,1276,1158,118,138,117,21,8.7139126,77.7566523
TAMIL NADU,Rural,Tirunelveli,Water transport,748,718,30,0,0,0,25,21,4,26,20,6,81,73,8,313,305,8,53,53,0,60,59,1,22,21,1,168,166,2,8.7139126,77.7566523
TAMIL NADU,Rural,Tirunelveli,Any other,1396,1261,135,0,0,0,55,50,5,244,184,60,225,200,25,143,132,11,80,77,3,140,128,12,304,297,7,205,193,12,8.7139126,77.7566523
TAMIL NADU,Rural,Tirunelveli,No travel,81185,51650,29535,81185,51650,29535,0,0,0,0,0,0,0,0,0,0,0,0,0,0,0,0,0,0,0,0,0,0,0,0,8.7139126,77.7566523
TAMIL NADU,Urban,Tirunelveli,All Modes,424729,331579,93150,100541,65385,35156,86614,65223,21391,109284,91417,17867,58763,48941,9822,22477,19000,3477,14282,12517,1765,13337,11599,1738,16070,14514,1556,3361,2983,378,8.7139126,77.7566523
TAMIL NADU,Urban,Tirunelveli,On foot,86644,56634,30010,0,0,0,54032,34918,19114,20561,13187,7374,12051,8529,3522,0,0,0,0,0,0,0,0,0,0,0,0,0,0,0,8.7139126,77.7566523
TAMIL NADU,Urban,Tirunelveli,Bicycle,77186,74890,2296,0,0,0,18460,17923,537,41779,40469,1310,10987,10719,268,2448,2398,50,3512,3381,131,0,0,0,0,0,0,0,0,0,8.7139126,77.7566523
TAMIL NADU,Urban,Tirunelveli,Moped/Scooter/Motor Cycle,58456,54757,3699,0,0,0,9900,9261,639,24521,22647,1874,13475,12726,749,5322,5107,215,1855,1786,69,1420,1367,53,660,634,26,1303,1229,74,8.7139126,77.7566523
TAMIL NADU,Urban,Tirunelveli,Car/Jeep/Van,8750,6881,1869,0,0,0,953,761,192,2395,1689,706,1742,1325,417,1084,808,276,666,546,120,857,776,81,810,767,43,243,209,34,8.7139126,77.7566523
TAMIL NADU,Urban,Tirunelveli,Tempo/Autorickshaw/Taxi,5300,4573,727,0,0,0,628,547,81,1659,1260,399,952,821,131,604,553,51,441,415,26,490,473,17,362,349,13,164,155,9,8.7139126,77.7566523
TAMIL NADU,Urban,Tirunelveli,Bus,79639,60826,18813,0,0,0,2294,1503,791,17449,11324,6125,18507,13835,4672,12135,9297,2838,7308,5915,1393,9988,8447,1541,10921,9701,1220,1037,804,233,8.7139126,77.7566523
TAMIL NADU,Urban,Tirunelveli,Train,4659,4170,489,0,0,0,176,150,26,294,238,56,275,232,43,202,164,38,173,154,19,397,357,40,2922,2676,246,220,199,21,8.7139126,77.7566523
TAMIL NADU,Urban,Tirunelveli,Water transport,2111,2089,22,0,0,0,41,38,3,474,463,11,614,610,4,594,594,0,264,261,3,54,53,1,38,38,0,32,32,0,8.7139126,77.7566523
TAMIL NADU,Urban,Tirunelveli,Any other,1443,1374,69,0,0,0,130,122,8,152,140,12,160,144,16,88,79,9,63,59,4,131,126,5,357,349,8,362,355,7,8.7139126,77.7566523
TAMIL NADU,Urban,Tirunelveli,No travel,100541,65385,35156,100541,65385,35156,0,0,0,0,0,0,0,0,0,0,0,0,0,0,0,0,0,0,0,0,0,0,0,0,8.7139126,77.7566523
MADHYA PRADESH,Total,Raisen,All Modes,133646,108645,25001,45445,33493,11952,31457,26104,5353,30437,26418,4019,13506,11352,2154,5212,4517,695,2611,2351,260,2323,2089,234,1598,1393,205,1057,928,129,23.3301074,77.7842851
MADHYA PRADESH,Total,Raisen,On foot,51501,41922,9579,0,0,0,26655,21645,5010,17683,14597,3086,7163,5680,1483,0,0,0,0,0,0,0,0,0,0,0,0,0,0,0,23.3301074,77.7842851
MADHYA PRADESH,Total,Raisen,Bicycle,11219,10866,353,0,0,0,1590,1519,71,6020,5842,178,2074,2031,43,858,823,35,677,651,26,0,0,0,0,0,0,0,0,0,23.3301074,77.7842851
MADHYA PRADESH,Total,Raisen,Moped/Scooter/Motor Cycle,11448,10769,679,0,0,0,2445,2315,130,4099,3874,225,1894,1765,129,1457,1354,103,510,486,24,419,395,24,170,160,10,454,420,34,23.3301074,77.7842851
MADHYA PRADESH,Total,Raisen,Car/Jeep/Van,995,838,157,0,0,0,183,152,31,213,177,36,114,93,21,133,105,28,84,70,14,113,107,6,95,84,11,60,50,10,23.3301074,77.7842851
MADHYA PRADESH,Total,Raisen,Tempo/Autorickshaw/Taxi,971,782,189,0,0,0,86,64,22,298,215,83,288,248,40,157,132,25,60,55,5,23,21,2,12,9,3,47,38,9,23.3301074,77.7842851
MADHYA PRADESH,Total,Raisen,Bus,10244,8385,1859,0,0,0,337,263,74,1893,1519,374,1829,1407,422,2314,1894,420,1092,920,172,1365,1186,179,1043,887,156,371,309,62,23.3301074,77.7842851
MADHYA PRADESH,Total,Raisen,Train,867,708,159,0,0,0,78,72,6,89,73,16,25,22,3,179,103,76,62,53,9,205,189,16,159,139,20,70,57,13,23.3301074,77.7842851
MADHYA PRADESH,Total,Raisen,Water transport,40,36,4,0,0,0,11,9,2,10,9,1,4,4,0,1,1,0,0,0,0,6,5,1,3,3,0,5,5,0,23.3301074,77.7842851
MADHYA PRADESH,Total,Raisen,Any other,916,846,70,0,0,0,72,65,7,132,112,20,115,102,13,113,105,8,126,116,10,192,186,6,116,111,5,50,49,1,23.3301074,77.7842851
MADHYA PRADESH,Total,Raisen,No travel,45445,33493,11952,45445,33493,11952,0,0,0,0,0,0,0,0,0,0,0,0,0,0,0,0,0,0,0,0,0,0,0,0,23.3301074,77.7842851
MADHYA PRADESH,Rural,Raisen,All Modes,55955,42609,13346,26057,18114,7943,8695,6436,2259,8298,6951,1347,6539,5457,1082,2730,2428,302,1284,1160,124,1096,1001,95,794,666,128,462,396,66,23.3301074,77.7842851
MADHYA PRADESH,Rural,Raisen,On foot,15517,11422,4095,0,0,0,7742,5594,2148,4528,3449,1079,3247,2379,868,0,0,0,0,0,0,0,0,0,0,0,0,0,0,0,23.3301074,77.7842851
MADHYA PRADESH,Rural,Raisen,Bicycle,4476,4295,181,0,0,0,421,383,38,1872,1802,70,1290,1262,28,602,572,30,291,276,15,0,0,0,0,0,0,0,0,0,23.3301074,77.7842851
MADHYA PRADESH,Rural,Raisen,Moped/Scooter/Motor Cycle,3618,3381,237,0,0,0,307,279,28,1104,1029,75,944,889,55,663,623,40,188,180,8,177,166,11,65,62,3,170,153,17,23.3301074,77.7842851
MADHYA PRADESH,Rural,Raisen,Car/Jeep/Van,288,240,48,0,0,0,49,39,10,43,29,14,44,39,5,54,45,9,30,26,4,22,22,0,27,23,4,19,17,2,23.3301074,77.7842851
MADHYA PRADESH,Rural,Raisen,Tempo/Autorickshaw/Taxi,465,420,45,0,0,0,21,17,4,86,77,9,170,157,13,113,103,10,32,28,4,13,12,1,4,3,1,26,23,3,23.3301074,77.7842851
MADHYA PRADESH,Rural,Raisen,Bus,4533,3897,636,0,0,0,95,72,23,587,505,82,767,667,100,1088,951,137,596,518,78,659,579,80,558,454,104,183,151,32,23.3301074,77.7842851
MADHYA PRADESH,Rural,Raisen,Train,472,349,123,0,0,0,28,25,3,30,22,8,12,11,1,159,84,75,41,33,8,78,77,1,93,77,16,31,20,11,23.3301074,77.7842851
MADHYA PRADESH,Rural,Raisen,Water transport,19,17,2,0,0,0,5,4,1,7,6,1,2,2,0,0,0,0,0,0,0,2,2,0,2,2,0,1,1,0,23.3301074,77.7842851
MADHYA PRADESH,Rural,Raisen,Any other,510,474,36,0,0,0,27,23,4,41,32,9,63,51,12,51,50,1,106,99,7,145,143,2,45,45,0,32,31,1,23.3301074,77.7842851
MADHYA PRADESH,Rural,Raisen,No travel,26057,18114,7943,26057,18114,7943,0,0,0,0,0,0,0,0,0,0,0,0,0,0,0,0,0,0,0,0,0,0,0,0,23.3301074,77.7842851
MADHYA PRADESH,Urban,Raisen,All Modes,77691,66036,11655,19388,15379,4009,22762,19668,3094,22139,19467,2672,6967,5895,1072,2482,2089,393,1327,1191,136,1227,1088,139,804,727,77,595,532,63,23.3301074,77.7842851
MADHYA PRADESH,Urban,Raisen,On foot,35984,30500,5484,0,0,0,18913,16051,2862,13155,11148,2007,3916,3301,615,0,0,0,0,0,0,0,0,0,0,0,0,0,0,0,23.3301074,77.7842851
MADHYA PRADESH,Urban,Raisen,Bicycle,6743,6571,172,0,0,0,1169,1136,33,4148,4040,108,784,769,15,256,251,5,386,375,11,0,0,0,0,0,0,0,0,0,23.3301074,77.7842851
MADHYA PRADESH,Urban,Raisen,Moped/Scooter/Motor Cycle,7830,7388,442,0,0,0,2138,2036,102,2995,2845,150,950,876,74,794,731,63,322,306,16,242,229,13,105,98,7,284,267,17,23.3301074,77.7842851
MADHYA PRADESH,Urban,Raisen,Car/Jeep/Van,707,598,109,0,0,0,134,113,21,170,148,22,70,54,16,79,60,19,54,44,10,91,85,6,68,61,7,41,33,8,23.3301074,77.7842851
MADHYA PRADESH,Urban,Raisen,Tempo/Autorickshaw/Taxi,506,362,144,0,0,0,65,47,18,212,138,74,118,91,27,44,29,15,28,27,1,10,9,1,8,6,2,21,15,6,23.3301074,77.7842851
MADHYA PRADESH,Urban,Raisen,Bus,5711,4488,1223,0,0,0,242,191,51,1306,1014,292,1062,740,322,1226,943,283,496,402,94,706,607,99,485,433,52,188,158,30,23.3301074,77.7842851
MADHYA PRADESH,Urban,Raisen,Train,395,359,36,0,0,0,50,47,3,59,51,8,13,11,2,20,19,1,21,20,1,127,112,15,66,62,4,39,37,2,23.3301074,77.7842851
MADHYA PRADESH,Urban,Raisen,Water transport,21,19,2,0,0,0,6,5,1,3,3,0,2,2,0,1,1,0,0,0,0,4,3,1,1,1,0,4,4,0,23.3301074,77.7842851
MADHYA PRADESH,Urban,Raisen,Any other,406,372,34,0,0,0,45,42,3,91,80,11,52,51,1,62,55,7,20,17,3,47,43,4,71,66,5,18,18,0,23.3301074,77.7842851
MADHYA PRADESH,Urban,Raisen,No travel,19388,15379,4009,19388,15379,4009,0,0,0,0,0,0,0,0,0,0,0,0,0,0,0,0,0,0,0,0,0,0,0,0,23.3301074,77.7842851
MADHYA PRADESH,Total,Vidisha,All Modes,141071,112860,28211,44538,31646,12892,32509,25973,6536,37410,32322,5088,12196,10371,1825,4404,3782,622,2981,2594,387,2494,2146,348,3674,3259,415,865,767,98,23.526194,77.8225891
MADHYA PRADESH,Total,Vidisha,On foot,55764,44655,11109,0,0,0,26667,20678,5989,22656,18835,3821,6441,5142,1299,0,0,0,0,0,0,0,0,0,0,0,0,0,0,0,23.526194,77.8225891
MADHYA PRADESH,Total,Vidisha,Bicycle,13356,12856,500,0,0,0,1857,1757,100,7294,7017,277,2535,2484,51,869,848,21,801,750,51,0,0,0,0,0,0,0,0,0,23.526194,77.8225891
MADHYA PRADESH,Total,Vidisha,Moped/Scooter/Motor Cycle,15096,13778,1318,0,0,0,3354,3082,272,6022,5370,652,1861,1708,153,1653,1522,131,823,787,36,641,609,32,307,291,16,435,409,26,23.526194,77.8225891
MADHYA PRADESH,Total,Vidisha,Car/Jeep/Van,755,642,113,0,0,0,142,114,28,176,140,36,88,71,17,58,52,6,65,57,8,74,68,6,114,106,8,38,34,4,23.526194,77.8225891
MADHYA PRADESH,Total,Vidisha,Tempo/Autorickshaw/Taxi,755,548,207,0,0,0,125,68,57,332,217,115,126,112,14,55,48,7,26,23,3,19,18,1,28,27,1,44,35,9,23.526194,77.8225891
MADHYA PRADESH,Total,Vidisha,Bus,5760,4298,1462,0,0,0,114,66,48,444,306,138,884,624,260,1551,1124,427,979,731,248,984,778,206,675,572,103,129,97,32,23.526194,77.8225891
MADHYA PRADESH,Total,Vidisha,Train,4290,3755,535,0,0,0,153,125,28,260,233,27,101,82,19,143,119,24,248,212,36,733,635,98,2475,2191,284,177,158,19,23.526194,77.8225891
MADHYA PRADESH,Total,Vidisha,Water transport,46,37,9,0,0,0,17,11,6,9,8,1,1,1,0,3,2,1,1,1,0,1,1,0,8,8,0,6,5,1,23.526194,77.8225891
MADHYA PRADESH,Total,Vidisha,Any other,711,645,66,0,0,0,80,72,8,217,196,21,159,147,12,72,67,5,38,33,5,42,37,5,67,64,3,36,29,7,23.526194,77.8225891
MADHYA PRADESH,Total,Vidisha,No travel,44538,31646,12892,44538,31646,12892,0,0,0,0,0,0,0,0,0,0,0,0,0,0,0,0,0,0,0,0,0,0,0,0,23.526194,77.8225891
MADHYA PRADESH,Rural,Vidisha,All Modes,51148,38379,12769,22684,14989,7695,7667,5412,2255,10848,9228,1620,5598,4782,816,1986,1827,159,863,792,71,590,528,62,757,683,74,155,138,17,23.526194,77.8225891
MADHYA PRADESH,Rural,Vidisha,On foot,16824,12555,4269,0,0,0,7134,4930,2204,7207,5799,1408,2483,1826,657,0,0,0,0,0,0,0,0,0,0,0,0,0,0,0,23.526194,77.8225891
MADHYA PRADESH,Rural,Vidisha,Bicycle,5056,4927,129,0,0,0,259,241,18,2180,2123,57,1748,1719,29,622,611,11,247,233,14,0,0,0,0,0,0,0,0,0,23.526194,77.8225891
MADHYA PRADESH,Rural,Vidisha,Moped/Scooter/Motor Cycle,3073,2869,204,0,0,0,157,144,13,1066,979,87,804,755,49,555,523,32,201,197,4,146,138,8,81,75,6,63,58,5,23.526194,77.8225891
MADHYA PRADESH,Rural,Vidisha,Car/Jeep/Van,188,169,19,0,0,0,13,12,1,30,25,5,28,27,1,30,27,3,22,20,2,22,19,3,33,30,3,10,9,1,23.526194,77.8225891
MADHYA PRADESH,Rural,Vidisha,Tempo/Autorickshaw/Taxi,108,95,13,0,0,0,7,6,1,29,22,7,21,19,2,21,19,2,11,10,1,4,4,0,7,7,0,8,8,0,23.526194,77.8225891
MADHYA PRADESH,Rural,Vidisha,Bus,2214,1880,334,0,0,0,34,25,9,227,180,47,390,325,65,669,567,102,308,265,43,303,270,33,246,216,30,37,32,5,23.526194,77.8225891
MADHYA PRADESH,Rural,Vidisha,Train,694,625,69,0,0,0,30,27,3,57,53,4,37,34,3,45,41,4,56,51,5,92,79,13,354,320,34,23,20,3,23.526194,77.8225891
MADHYA PRADESH,Rural,Vidisha,Water transport,15,10,5,0,0,0,9,5,4,1,1,0,1,1,0,0,0,0,0,0,0,0,0,0,3,3,0,1,0,1,23.526194,77.8225891
MADHYA PRADESH,Rural,Vidisha,Any other,292,260,32,0,0,0,24,22,2,51,46,5,86,76,10,44,39,5,18,16,2,23,18,5,33,32,1,13,11,2,23.526194,77.8225891
MADHYA PRADESH,Rural,Vidisha,No travel,22684,14989,7695,22684,14989,7695,0,0,0,0,0,0,0,0,0,0,0,0,0,0,0,0,0,0,0,0,0,0,0,0,23.526194,77.8225891
MADHYA PRADESH,Urban,Vidisha,All Modes,89923,74481,15442,21854,16657,5197,24842,20561,4281,26562,23094,3468,6598,5589,1009,2418,1955,463,2118,1802,316,1904,1618,286,2917,2576,341,710,629,81,23.526194,77.8225891
MADHYA PRADESH,Urban,Vidisha,On foot,38940,32100,6840,0,0,0,19533,15748,3785,15449,13036,2413,3958,3316,642,0,0,0,0,0,0,0,0,0,0,0,0,0,0,0,23.526194,77.8225891
MADHYA PRADESH,Urban,Vidisha,Bicycle,8300,7929,371,0,0,0,1598,1516,82,5114,4894,220,787,765,22,247,237,10,554,517,37,0,0,0,0,0,0,0,0,0,23.526194,77.8225891
MADHYA PRADESH,Urban,Vidisha,Moped/Scooter/Motor Cycle,12023,10909,1114,0,0,0,3197,2938,259,4956,4391,565,1057,953,104,1098,999,99,622,590,32,495,471,24,226,216,10,372,351,21,23.526194,77.8225891
MADHYA PRADESH,Urban,Vidisha,Car/Jeep/Van,567,473,94,0,0,0,129,102,27,146,115,31,60,44,16,28,25,3,43,37,6,52,49,3,81,76,5,28,25,3,23.526194,77.8225891
MADHYA PRADESH,Urban,Vidisha,Tempo/Autorickshaw/Taxi,647,453,194,0,0,0,118,62,56,303,195,108,105,93,12,34,29,5,15,13,2,15,14,1,21,20,1,36,27,9,23.526194,77.8225891
MADHYA PRADESH,Urban,Vidisha,Bus,3546,2418,1128,0,0,0,80,41,39,217,126,91,494,299,195,882,557,325,671,466,205,681,508,173,429,356,73,92,65,27,23.526194,77.8225891
MADHYA PRADESH,Urban,Vidisha,Train,3596,3130,466,0,0,0,123,98,25,203,180,23,64,48,16,98,78,20,192,161,31,641,556,85,2121,1871,250,154,138,16,23.526194,77.8225891
MADHYA PRADESH,Urban,Vidisha,Water transport,31,27,4,0,0,0,8,6,2,8,7,1,0,0,0,3,2,1,1,1,0,1,1,0,5,5,0,5,5,0,23.526194,77.8225891
MADHYA PRADESH,Urban,Vidisha,Any other,419,385,34,0,0,0,56,50,6,166,150,16,73,71,2,28,28,0,20,17,3,19,19,0,34,32,2,23,18,5,23.526194,77.8225891
MADHYA PRADESH,Urban,Vidisha,No travel,21854,16657,5197,21854,16657,5197,0,0,0,0,0,0,0,0,0,0,0,0,0,0,0,0,0,0,0,0,0,0,0,0,23.526194,77.8225891
ANDHRA PRADESH,Total,Rangareddy,All Modes,1502734,1126528,376206,445236,280407,164829,143316,99867,43449,235557,182257,53300,241241,189572,51669,174550,148609,25941,83297,72091,11206,39872,34276,5596,19087,16661,2426,120578,102788,17790,17.3891379,77.8367282
ANDHRA PRADESH,Total,Rangareddy,On foot,256738,167937,88801,0,0,0,100125,63794,36331,76704,50646,26058,79909,53497,26412,0,0,0,0,0,0,0,0,0,0,0,0,0,0,0,17.3891379,77.8367282
ANDHRA PRADESH,Total,Rangareddy,Bicycle,74253,67429,6824,0,0,0,6719,6004,715,27125,24918,2207,13051,11926,1125,8559,7720,839,18799,16861,1938,0,0,0,0,0,0,0,0,0,17.3891379,77.8367282
ANDHRA PRADESH,Total,Rangareddy,Moped/Scooter/Motor Cycle,278422,257717,20705,0,0,0,19124,17477,1647,56653,52025,4628,56677,52430,4247,64247,59621,4626,20870,19613,1257,10878,10238,640,3103,2903,200,46870,43410,3460,17.3891379,77.8367282
ANDHRA PRADESH,Total,Rangareddy,Car/Jeep/Van,60463,50046,10417,0,0,0,2947,2323,624,8353,6597,1756,10736,8964,1772,14647,12174,2473,7077,5770,1307,4422,3731,691,1695,1550,145,10586,8937,1649,17.3891379,77.8367282
ANDHRA PRADESH,Total,Rangareddy,Tempo/Autorickshaw/Taxi,59025,45693,13332,0,0,0,3034,2176,858,16602,11547,5055,12022,9368,2654,8952,7298,1654,3552,3073,479,3046,2604,442,1327,1219,108,10490,8408,2082,17.3891379,77.8367282
ANDHRA PRADESH,Total,Rangareddy,Bus,301196,234871,66325,0,0,0,9855,6977,2878,46473,33748,12725,64947,50244,14703,73400,57914,15486,30722,24886,5836,19779,16238,3541,9589,8049,1540,46431,36815,9616,17.3891379,77.8367282
ANDHRA PRADESH,Total,Rangareddy,Train,18329,15068,3261,0,0,0,902,657,245,2065,1598,467,2505,2049,456,3307,2710,597,1497,1239,258,1099,916,183,2866,2470,396,4088,3429,659,17.3891379,77.8367282
ANDHRA PRADESH,Total,Rangareddy,Water transport,1382,1121,261,0,0,0,112,81,31,193,148,45,239,192,47,281,226,55,90,78,12,81,65,16,61,57,4,325,274,51,17.3891379,77.8367282
ANDHRA PRADESH,Total,Rangareddy,Any other,7690,6239,1451,0,0,0,498,378,120,1389,1030,359,1155,902,253,1157,946,211,690,571,119,567,484,83,446,413,33,1788,1515,273,17.3891379,77.8367282
ANDHRA PRADESH,Total,Rangareddy,No travel,445236,280407,164829,445236,280407,164829,0,0,0,0,0,0,0,0,0,0,0,0,0,0,0,0,0,0,0,0,0,0,0,0,17.3891379,77.8367282
ANDHRA PRADESH,Rural,Rangareddy,All Modes,212724,157573,55151,86196,57837,28359,21268,14140,7128,27634,20426,7208,26051,19597,6454,15683,13674,2009,10715,9625,1090,7863,7103,760,5017,4493,524,12297,10678,1619,17.3891379,77.8367282
ANDHRA PRADESH,Rural,Rangareddy,On foot,42853,27253,15600,0,0,0,17264,10776,6488,12549,7908,4641,13040,8569,4471,0,0,0,0,0,0,0,0,0,0,0,0,0,0,0,17.3891379,77.8367282
ANDHRA PRADESH,Rural,Rangareddy,Bicycle,7886,7340,546,0,0,0,756,686,70,3142,2959,183,1220,1140,80,655,621,34,2113,1934,179,0,0,0,0,0,0,0,0,0,17.3891379,77.8367282
ANDHRA PRADESH,Rural,Rangareddy,Moped/Scooter/Motor Cycle,16148,15413,735,0,0,0,1186,1104,82,3481,3310,171,2660,2534,126,3094,2964,130,1623,1568,55,1213,1179,34,392,365,27,2499,2389,110,17.3891379,77.8367282
ANDHRA PRADESH,Rural,Rangareddy,Car/Jeep/Van,2816,2405,411,0,0,0,172,143,29,374,265,109,363,302,61,511,444,67,287,258,29,333,302,31,276,259,17,500,432,68,17.3891379,77.8367282
ANDHRA PRADESH,Rural,Rangareddy,Tempo/Autorickshaw/Taxi,9588,7589,1999,0,0,0,505,378,127,2699,1945,754,1908,1497,411,1784,1477,307,556,513,43,497,452,45,216,193,23,1423,1134,289,17.3891379,77.8367282
ANDHRA PRADESH,Rural,Rangareddy,Bus,42736,36057,6679,0,0,0,1149,875,274,4702,3564,1138,6360,5158,1202,9230,7816,1414,5836,5086,750,5394,4803,591,3186,2874,312,6879,5881,998,17.3891379,77.8367282
ANDHRA PRADESH,Rural,Rangareddy,Train,2390,2025,365,0,0,0,108,85,23,163,124,39,161,140,21,195,176,19,163,143,20,264,228,36,805,674,131,531,455,76,17.3891379,77.8367282
ANDHRA PRADESH,Rural,Rangareddy,Water transport,118,97,21,0,0,0,13,9,4,15,10,5,15,13,2,18,12,6,7,6,1,12,12,0,12,12,0,26,23,3,17.3891379,77.8367282
ANDHRA PRADESH,Rural,Rangareddy,Any other,1993,1557,436,0,0,0,115,84,31,509,341,168,324,244,80,196,164,32,130,117,13,150,127,23,130,116,14,439,364,75,17.3891379,77.8367282
ANDHRA PRADESH,Rural,Rangareddy,No travel,86196,57837,28359,86196,57837,28359,0,0,0,0,0,0,0,0,0,0,0,0,0,0,0,0,0,0,0,0,0,0,0,0,17.3891379,77.8367282
ANDHRA PRADESH,Urban,Rangareddy,All Modes,1290010,968955,321055,359040,222570,136470,122048,85727,36321,207923,161831,46092,215190,169975,45215,158867,134935,23932,72582,62466,10116,32009,27173,4836,14070,12168,1902,108281,92110,16171,17.3891379,77.8367282
ANDHRA PRADESH,Urban,Rangareddy,On foot,213885,140684,73201,0,0,0,82861,53018,29843,64155,42738,21417,66869,44928,21941,0,0,0,0,0,0,0,0,0,0,0,0,0,0,0,17.3891379,77.8367282
ANDHRA PRADESH,Urban,Rangareddy,Bicycle,66367,60089,6278,0,0,0,5963,5318,645,23983,21959,2024,11831,10786,1045,7904,7099,805,16686,14927,1759,0,0,0,0,0,0,0,0,0,17.3891379,77.8367282
ANDHRA PRADESH,Urban,Rangareddy,Moped/Scooter/Motor Cycle,262274,242304,19970,0,0,0,17938,16373,1565,53172,48715,4457,54017,49896,4121,61153,56657,4496,19247,18045,1202,9665,9059,606,2711,2538,173,44371,41021,3350,17.3891379,77.8367282
ANDHRA PRADESH,Urban,Rangareddy,Car/Jeep/Van,57647,47641,10006,0,0,0,2775,2180,595,7979,6332,1647,10373,8662,1711,14136,11730,2406,6790,5512,1278,4089,3429,660,1419,1291,128,10086,8505,1581,17.3891379,77.8367282
ANDHRA PRADESH,Urban,Rangareddy,Tempo/Autorickshaw/Taxi,49437,38104,11333,0,0,0,2529,1798,731,13903,9602,4301,10114,7871,2243,7168,5821,1347,2996,2560,436,2549,2152,397,1111,1026,85,9067,7274,1793,17.3891379,77.8367282
ANDHRA PRADESH,Urban,Rangareddy,Bus,258460,198814,59646,0,0,0,8706,6102,2604,41771,30184,11587,58587,45086,13501,64170,50098,14072,24886,19800,5086,14385,11435,2950,6403,5175,1228,39552,30934,8618,17.3891379,77.8367282
ANDHRA PRADESH,Urban,Rangareddy,Train,15939,13043,2896,0,0,0,794,572,222,1902,1474,428,2344,1909,435,3112,2534,578,1334,1096,238,835,688,147,2061,1796,265,3557,2974,583,17.3891379,77.8367282
ANDHRA PRADESH,Urban,Rangareddy,Water transport,1264,1024,240,0,0,0,99,72,27,178,138,40,224,179,45,263,214,49,83,72,11,69,53,16,49,45,4,299,251,48,17.3891379,77.8367282
ANDHRA PRADESH,Urban,Rangareddy,Any other,5697,4682,1015,0,0,0,383,294,89,880,689,191,831,658,173,961,782,179,560,454,106,417,357,60,316,297,19,1349,1151,198,17.3891379,77.8367282
ANDHRA PRADESH,Urban,Rangareddy,No travel,359040,222570,136470,359040,222570,136470,0,0,0,0,0,0,0,0,0,0,0,0,0,0,0,0,0,0,0,0,0,0,0,0,17.3891379,77.8367282
UTTAR PRADESH,Total,Bulandshahr,All Modes,533711,416141,117570,232001,139913,92088,80656,68765,11891,93104,85869,7235,53695,50228,3467,19226,18423,803,14417,13827,590,12874,12395,479,22580,21916,664,5158,4805,353,28.406963,77.8498292
UTTAR PRADESH,Total,Bulandshahr,On foot,102703,85844,16859,0,0,0,61232,50635,10597,26666,22434,4232,14805,12775,2030,0,0,0,0,0,0,0,0,0,0,0,0,0,0,0,28.406963,77.8498292
UTTAR PRADESH,Total,Bulandshahr,Bicycle,87444,85342,2102,0,0,0,10106,9709,397,43312,42313,999,21144,20788,356,5761,5675,86,7121,6857,264,0,0,0,0,0,0,0,0,0,28.406963,77.8498292
UTTAR PRADESH,Total,Bulandshahr,Moped/Scooter/Motor Cycle,35680,34145,1535,0,0,0,5149,4867,282,12354,11776,578,6452,6162,290,4320,4178,142,1946,1886,60,2255,2195,60,1522,1497,25,1682,1584,98,28.406963,77.8498292
UTTAR PRADESH,Total,Bulandshahr,Car/Jeep/Van,4561,4184,377,0,0,0,525,434,91,901,807,94,545,516,29,490,470,20,249,236,13,655,622,33,900,832,68,296,267,29,28.406963,77.8498292
UTTAR PRADESH,Total,Bulandshahr,Tempo/Autorickshaw/Taxi,7775,6750,1025,0,0,0,614,492,122,2791,2214,577,2191,2001,190,1062,1006,56,274,261,13,299,281,18,254,248,6,290,247,43,28.406963,77.8498292
UTTAR PRADESH,Total,Bulandshahr,Bus,45841,43098,2743,0,0,0,1495,1316,179,4010,3523,487,6777,6273,504,6735,6254,481,4304,4078,226,7488,7156,332,13331,12907,424,1701,1591,110,28.406963,77.8498292
UTTAR PRADESH,Total,Bulandshahr,Train,12220,11865,355,0,0,0,637,564,73,1006,963,43,705,685,20,434,428,6,387,375,12,1973,1939,34,6217,6082,135,861,829,32,28.406963,77.8498292
UTTAR PRADESH,Total,Bulandshahr,Water transport,256,204,52,0,0,0,68,39,29,24,21,3,33,32,1,13,12,1,13,13,0,15,14,1,47,46,1,43,27,16,28.406963,77.8498292
UTTAR PRADESH,Total,Bulandshahr,Any other,5230,4796,434,0,0,0,830,709,121,2040,1818,222,1043,996,47,411,400,11,123,121,2,189,188,1,309,304,5,285,260,25,28.406963,77.8498292
UTTAR PRADESH,Total,Bulandshahr,No travel,232001,139913,92088,232001,139913,92088,0,0,0,0,0,0,0,0,0,0,0,0,0,0,0,0,0,0,0,0,0,0,0,0,28.406963,77.8498292
UTTAR PRADESH,Rural,Bulandshahr,All Modes,327250,234662,92588,165839,88053,77786,28771,21061,7710,47570,43748,3822,35226,33304,1922,13758,13411,347,9243,8937,306,8882,8653,229,15741,15425,316,2220,2070,150,28.406963,77.8498292
UTTAR PRADESH,Rural,Bulandshahr,On foot,37563,26881,10682,0,0,0,21389,14344,7045,10674,8157,2517,5500,4380,1120,0,0,0,0,0,0,0,0,0,0,0,0,0,0,0,28.406963,77.8498292
UTTAR PRADESH,Rural,Bulandshahr,Bicycle,56794,55505,1289,0,0,0,4114,3905,209,26328,25762,566,17427,17138,289,4685,4621,64,4240,4079,161,0,0,0,0,0,0,0,0,0,28.406963,77.8498292
UTTAR PRADESH,Rural,Bulandshahr,Moped/Scooter/Motor Cycle,16166,15601,565,0,0,0,987,880,107,4042,3890,152,4094,3970,124,2861,2797,64,1301,1263,38,1446,1411,35,1008,996,12,427,394,33,28.406963,77.8498292
UTTAR PRADESH,Rural,Bulandshahr,Car/Jeep/Van,2190,2060,130,0,0,0,201,155,46,362,339,23,325,314,11,271,264,7,137,135,2,329,322,7,445,425,20,120,106,14,28.406963,77.8498292
UTTAR PRADESH,Rural,Bulandshahr,Tempo/Autorickshaw/Taxi,5073,4757,316,0,0,0,313,274,39,1452,1320,132,1729,1639,90,842,819,23,226,218,8,209,201,8,164,162,2,138,124,14,28.406963,77.8498292
UTTAR PRADESH,Rural,Bulandshahr,Bus,30873,29663,1210,0,0,0,930,839,91,2827,2595,232,4746,4509,237,4445,4270,175,2914,2825,89,4985,4832,153,9126,8940,186,900,853,47,28.406963,77.8498292
UTTAR PRADESH,Rural,Bulandshahr,Train,9229,8995,234,0,0,0,341,291,50,670,648,22,580,565,15,338,334,4,329,322,7,1755,1730,25,4722,4631,91,494,474,20,28.406963,77.8498292
UTTAR PRADESH,Rural,Bulandshahr,Water transport,154,120,34,0,0,0,38,16,22,16,16,0,22,21,1,11,10,1,7,7,0,7,6,1,33,33,0,20,11,9,28.406963,77.8498292
UTTAR PRADESH,Rural,Bulandshahr,Any other,3369,3027,342,0,0,0,458,357,101,1199,1021,178,803,768,35,305,296,9,89,88,1,151,151,0,243,238,5,121,108,13,28.406963,77.8498292
UTTAR PRADESH,Rural,Bulandshahr,No travel,165839,88053,77786,165839,88053,77786,0,0,0,0,0,0,0,0,0,0,0,0,0,0,0,0,0,0,0,0,0,0,0,0,28.406963,77.8498292
UTTAR PRADESH,Urban,Bulandshahr,All Modes,206461,181479,24982,66162,51860,14302,51885,47704,4181,45534,42121,3413,18469,16924,1545,5468,5012,456,5174,4890,284,3992,3742,250,6839,6491,348,2938,2735,203,28.406963,77.8498292
UTTAR PRADESH,Urban,Bulandshahr,On foot,65140,58963,6177,0,0,0,39843,36291,3552,15992,14277,1715,9305,8395,910,0,0,0,0,0,0,0,0,0,0,0,0,0,0,0,28.406963,77.8498292
UTTAR PRADESH,Urban,Bulandshahr,Bicycle,30650,29837,813,0,0,0,5992,5804,188,16984,16551,433,3717,3650,67,1076,1054,22,2881,2778,103,0,0,0,0,0,0,0,0,0,28.406963,77.8498292
UTTAR PRADESH,Urban,Bulandshahr,Moped/Scooter/Motor Cycle,19514,18544,970,0,0,0,4162,3987,175,8312,7886,426,2358,2192,166,1459,1381,78,645,623,22,809,784,25,514,501,13,1255,1190,65,28.406963,77.8498292
UTTAR PRADESH,Urban,Bulandshahr,Car/Jeep/Van,2371,2124,247,0,0,0,324,279,45,539,468,71,220,202,18,219,206,13,112,101,11,326,300,26,455,407,48,176,161,15,28.406963,77.8498292
UTTAR PRADESH,Urban,Bulandshahr,Tempo/Autorickshaw/Taxi,2702,1993,709,0,0,0,301,218,83,1339,894,445,462,362,100,220,187,33,48,43,5,90,80,10,90,86,4,152,123,29,28.406963,77.8498292
UTTAR PRADESH,Urban,Bulandshahr,Bus,14968,13435,1533,0,0,0,565,477,88,1183,928,255,2031,1764,267,2290,1984,306,1390,1253,137,2503,2324,179,4205,3967,238,801,738,63,28.406963,77.8498292
UTTAR PRADESH,Urban,Bulandshahr,Train,2991,2870,121,0,0,0,296,273,23,336,315,21,125,120,5,96,94,2,58,53,5,218,209,9,1495,1451,44,367,355,12,28.406963,77.8498292
UTTAR PRADESH,Urban,Bulandshahr,Water transport,102,84,18,0,0,0,30,23,7,8,5,3,11,11,0,2,2,0,6,6,0,8,8,0,14,13,1,23,16,7,28.406963,77.8498292
UTTAR PRADESH,Urban,Bulandshahr,Any other,1861,1769,92,0,0,0,372,352,20,841,797,44,240,228,12,106,104,2,34,33,1,38,37,1,66,66,0,164,152,12,28.406963,77.8498292
UTTAR PRADESH,Urban,Bulandshahr,No travel,66162,51860,14302,66162,51860,14302,0,0,0,0,0,0,0,0,0,0,0,0,0,0,0,0,0,0,0,0,0,0,0,0,28.406963,77.8498292
KARNATAKA,Total,Bangalore Rural,All Modes,228556,170599,57957,75230,49673,25557,37849,27991,9858,37597,28649,8948,30497,23800,6697,18276,15101,3175,12769,11002,1767,11657,10266,1391,3945,3492,453,736,625,111,13.1535064,77.8524505
KARNATAKA,Total,Bangalore Rural,On foot,52735,37239,15496,0,0,0,30103,21341,8762,14842,10204,4638,7790,5694,2096,0,0,0,0,0,0,0,0,0,0,0,0,0,0,0,13.1535064,77.8524505
KARNATAKA,Total,Bangalore Rural,Bicycle,9644,9171,473,0,0,0,1302,1219,83,4468,4274,194,2170,2079,91,821,779,42,883,820,63,0,0,0,0,0,0,0,0,0,13.1535064,77.8524505
KARNATAKA,Total,Bangalore Rural,Moped/Scooter/Motor Cycle,20960,19888,1072,0,0,0,3216,3009,207,6386,5961,425,4612,4416,196,3348,3229,119,1563,1504,59,1168,1128,40,407,392,15,260,249,11,13.1535064,77.8524505
KARNATAKA,Total,Bangalore Rural,Car/Jeep/Van,5351,4362,989,0,0,0,447,375,72,1124,851,273,1252,949,303,908,737,171,575,500,75,672,617,55,297,274,23,76,59,17,13.1535064,77.8524505
KARNATAKA,Total,Bangalore Rural,Tempo/Autorickshaw/Taxi,6235,5022,1213,0,0,0,474,399,75,1771,1318,453,1448,1100,348,969,794,175,544,467,77,574,527,47,351,328,23,104,89,15,13.1535064,77.8524505
KARNATAKA,Total,Bangalore Rural,Bus,55278,42513,12765,0,0,0,2022,1420,602,8586,5679,2907,12935,9308,3627,11880,9254,2626,8789,7341,1448,8353,7214,1139,2507,2146,361,206,151,55,13.1535064,77.8524505
KARNATAKA,Total,Bangalore Rural,Train,1978,1666,312,0,0,0,168,119,49,190,160,30,116,94,22,185,153,32,290,249,41,757,653,104,236,212,24,36,26,10,13.1535064,77.8524505
KARNATAKA,Total,Bangalore Rural,Water transport,73,54,19,0,0,0,12,9,3,17,8,9,11,10,1,8,7,1,3,2,1,13,10,3,4,3,1,5,5,0,13.1535064,77.8524505
KARNATAKA,Total,Bangalore Rural,Any other,1072,1011,61,0,0,0,105,100,5,213,194,19,163,150,13,157,148,9,122,119,3,120,117,3,143,137,6,49,46,3,13.1535064,77.8524505
KARNATAKA,Total,Bangalore Rural,No travel,75230,49673,25557,75230,49673,25557,0,0,0,0,0,0,0,0,0,0,0,0,0,0,0,0,0,0,0,0,0,0,0,0,13.1535064,77.8524505
KARNATAKA,Rural,Bangalore Rural,All Modes,136179,99461,36718,45819,28445,17374,18295,12537,5758,21926,16658,5268,18598,14736,3862,13063,10868,2195,7905,6819,1086,7686,6834,852,2551,2282,269,336,282,54,13.1535064,77.8524505
KARNATAKA,Rural,Bangalore Rural,On foot,28199,18662,9537,0,0,0,15254,10026,5228,8604,5615,2989,4341,3021,1320,0,0,0,0,0,0,0,0,0,0,0,0,0,0,0,13.1535064,77.8524505
KARNATAKA,Rural,Bangalore Rural,Bicycle,6123,5817,306,0,0,0,578,527,51,2744,2625,119,1617,1552,65,640,611,29,544,502,42,0,0,0,0,0,0,0,0,0,13.1535064,77.8524505
KARNATAKA,Rural,Bangalore Rural,Moped/Scooter/Motor Cycle,11760,11221,539,0,0,0,903,831,72,3342,3147,195,3048,2919,129,2386,2316,70,978,945,33,780,754,26,226,216,10,97,93,4,13.1535064,77.8524505
KARNATAKA,Rural,Bangalore Rural,Car/Jeep/Van,3046,2363,683,0,0,0,195,151,44,638,469,169,665,449,216,585,450,135,349,291,58,415,376,39,167,152,15,32,25,7,13.1535064,77.8524505
KARNATAKA,Rural,Bangalore Rural,Tempo/Autorickshaw/Taxi,4292,3511,781,0,0,0,228,186,42,1228,949,279,1006,793,213,777,641,136,401,337,64,393,367,26,214,203,11,45,35,10,13.1535064,77.8524505
KARNATAKA,Rural,Bangalore Rural,Bus,34569,27383,7186,0,0,0,1005,716,289,5090,3619,1471,7739,5848,1891,8386,6597,1789,5264,4417,847,5305,4645,660,1670,1458,212,110,83,27,13.1535064,77.8524505
KARNATAKA,Rural,Bangalore Rural,Train,1631,1374,257,0,0,0,76,47,29,133,110,23,91,73,18,157,128,29,264,225,39,710,612,98,177,162,15,23,17,6,13.1535064,77.8524505
KARNATAKA,Rural,Bangalore Rural,Water transport,54,40,14,0,0,0,6,4,2,15,7,8,7,7,0,4,4,0,3,2,1,11,9,2,3,2,1,5,5,0,13.1535064,77.8524505
KARNATAKA,Rural,Bangalore Rural,Any other,686,645,41,0,0,0,50,49,1,132,117,15,84,74,10,128,121,7,102,100,2,72,71,1,94,89,5,24,24,0,13.1535064,77.8524505
KARNATAKA,Rural,Bangalore Rural,No travel,45819,28445,17374,45819,28445,17374,0,0,0,0,0,0,0,0,0,0,0,0,0,0,0,0,0,0,0,0,0,0,0,0,13.1535064,77.8524505
KARNATAKA,Urban,Bangalore Rural,All Modes,92377,71138,21239,29411,21228,8183,19554,15454,4100,15671,11991,3680,11899,9064,2835,5213,4233,980,4864,4183,681,3971,3432,539,1394,1210,184,400,343,57,13.1535064,77.8524505
KARNATAKA,Urban,Bangalore Rural,On foot,24536,18577,5959,0,0,0,14849,11315,3534,6238,4589,1649,3449,2673,776,0,0,0,0,0,0,0,0,0,0,0,0,0,0,0,13.1535064,77.8524505
KARNATAKA,Urban,Bangalore Rural,Bicycle,3521,3354,167,0,0,0,724,692,32,1724,1649,75,553,527,26,181,168,13,339,318,21,0,0,0,0,0,0,0,0,0,13.1535064,77.8524505
KARNATAKA,Urban,Bangalore Rural,Moped/Scooter/Motor Cycle,9200,8667,533,0,0,0,2313,2178,135,3044,2814,230,1564,1497,67,962,913,49,585,559,26,388,374,14,181,176,5,163,156,7,13.1535064,77.8524505
KARNATAKA,Urban,Bangalore Rural,Car/Jeep/Van,2305,1999,306,0,0,0,252,224,28,486,382,104,587,500,87,323,287,36,226,209,17,257,241,16,130,122,8,44,34,10,13.1535064,77.8524505
KARNATAKA,Urban,Bangalore Rural,Tempo/Autorickshaw/Taxi,1943,1511,432,0,0,0,246,213,33,543,369,174,442,307,135,192,153,39,143,130,13,181,160,21,137,125,12,59,54,5,13.1535064,77.8524505
KARNATAKA,Urban,Bangalore Rural,Bus,20709,15130,5579,0,0,0,1017,704,313,3496,2060,1436,5196,3460,1736,3494,2657,837,3525,2924,601,3048,2569,479,837,688,149,96,68,28,13.1535064,77.8524505
KARNATAKA,Urban,Bangalore Rural,Train,347,292,55,0,0,0,92,72,20,57,50,7,25,21,4,28,25,3,26,24,2,47,41,6,59,50,9,13,9,4,13.1535064,77.8524505
KARNATAKA,Urban,Bangalore Rural,Water transport,19,14,5,0,0,0,6,5,1,2,1,1,4,3,1,4,3,1,0,0,0,2,1,1,1,1,0,0,0,0,13.1535064,77.8524505
KARNATAKA,Urban,Bangalore Rural,Any other,386,366,20,0,0,0,55,51,4,81,77,4,79,76,3,29,27,2,20,19,1,48,46,2,49,48,1,25,22,3,13.1535064,77.8524505
KARNATAKA,Urban,Bangalore Rural,No travel,29411,21228,8183,29411,21228,8183,0,0,0,0,0,0,0,0,0,0,0,0,0,0,0,0,0,0,0,0,0,0,0,0,13.1535064,77.8524505
RAJASTHAN,Total,Dhaulpur,All Modes,206213,127285,78928,105613,38882,66731,31038,23493,7545,32689,29795,2894,13354,12475,879,9352,8969,383,3960,3786,174,3560,3410,150,5860,5749,111,787,726,61,26.7017837,77.8901382
RAJASTHAN,Total,Dhaulpur,On foot,45677,35848,9829,0,0,0,26437,19365,7072,16024,13762,2262,3216,2721,495,0,0,0,0,0,0,0,0,0,0,0,0,0,0,0,26.7017837,77.8901382
RAJASTHAN,Total,Dhaulpur,Bicycle,21336,20956,380,0,0,0,1914,1814,100,9920,9750,170,5430,5369,61,3169,3148,21,903,875,28,0,0,0,0,0,0,0,0,0,26.7017837,77.8901382
RAJASTHAN,Total,Dhaulpur,Moped/Scooter/Motor Cycle,11961,11384,577,0,0,0,1578,1446,132,4652,4446,206,2201,2096,105,1920,1840,80,709,686,23,520,506,14,196,189,7,185,175,10,26.7017837,77.8901382
RAJASTHAN,Total,Dhaulpur,Car/Jeep/Van,1141,1047,94,0,0,0,114,96,18,238,217,21,191,172,19,198,184,14,158,153,5,136,129,7,79,74,5,27,22,5,26.7017837,77.8901382
RAJASTHAN,Total,Dhaulpur,Tempo/Autorickshaw/Taxi,2587,2311,276,0,0,0,171,120,51,541,420,121,691,637,54,831,800,31,154,153,1,96,91,5,66,64,2,37,26,11,26.7017837,77.8901382
RAJASTHAN,Total,Dhaulpur,Bus,12777,12010,767,0,0,0,446,350,96,883,797,86,1379,1243,136,2892,2678,214,1811,1730,81,2425,2338,87,2724,2672,52,217,202,15,26.7017837,77.8901382
RAJASTHAN,Total,Dhaulpur,Train,3847,3731,116,0,0,0,180,145,35,157,146,11,74,72,2,200,197,3,118,114,4,245,238,7,2611,2570,41,262,249,13,26.7017837,77.8901382
RAJASTHAN,Total,Dhaulpur,Water transport,94,68,26,0,0,0,51,29,22,6,4,2,3,3,0,5,5,0,2,2,0,3,2,1,19,19,0,5,4,1,26.7017837,77.8901382
RAJASTHAN,Total,Dhaulpur,Any other,1180,1048,132,0,0,0,147,128,19,268,253,15,169,162,7,137,117,20,105,73,32,135,106,29,165,161,4,54,48,6,26.7017837,77.8901382
RAJASTHAN,Total,Dhaulpur,No travel,105613,38882,66731,105613,38882,66731,0,0,0,0,0,0,0,0,0,0,0,0,0,0,0,0,0,0,0,0,0,0,0,0,26.7017837,77.8901382
RAJASTHAN,Rural,Dhaulpur,All Modes,148069,77733,70336,89168,27485,61683,14719,8818,5901,16547,14648,1899,9567,9047,520,7604,7477,127,2883,2822,61,2509,2455,54,4541,4488,53,531,493,38,26.7017837,77.8901382
RAJASTHAN,Rural,Dhaulpur,On foot,23686,16038,7648,0,0,0,12895,7307,5588,8904,7207,1697,1887,1524,363,0,0,0,0,0,0,0,0,0,0,0,0,0,0,0,26.7017837,77.8901382
RAJASTHAN,Rural,Dhaulpur,Bicycle,13887,13679,208,0,0,0,744,673,71,5051,4981,70,4504,4469,35,2960,2942,18,628,614,14,0,0,0,0,0,0,0,0,0,26.7017837,77.8901382
RAJASTHAN,Rural,Dhaulpur,Moped/Scooter/Motor Cycle,5050,4812,238,0,0,0,422,339,83,1358,1303,55,1223,1181,42,1115,1091,24,424,409,15,307,298,9,137,132,5,64,59,5,26.7017837,77.8901382
RAJASTHAN,Rural,Dhaulpur,Car/Jeep/Van,686,649,37,0,0,0,44,33,11,94,87,7,134,127,7,149,145,4,124,122,2,78,76,2,51,49,2,12,10,2,26.7017837,77.8901382
RAJASTHAN,Rural,Dhaulpur,Tempo/Autorickshaw/Taxi,2069,1976,93,0,0,0,112,85,27,315,290,25,576,558,18,751,739,12,149,148,1,84,82,2,54,53,1,28,21,7,26.7017837,77.8901382
RAJASTHAN,Rural,Dhaulpur,Bus,9950,9644,306,0,0,0,280,218,62,644,610,34,1107,1052,55,2356,2293,63,1452,1425,27,1794,1757,37,2136,2116,20,181,173,8,26.7017837,77.8901382
RAJASTHAN,Rural,Dhaulpur,Train,2953,2871,82,0,0,0,133,103,30,94,85,9,50,50,0,177,176,1,73,71,2,195,192,3,2013,1989,24,218,205,13,26.7017837,77.8901382
RAJASTHAN,Rural,Dhaulpur,Water transport,75,49,26,0,0,0,46,24,22,3,1,2,1,1,0,3,3,0,2,2,0,3,2,1,13,13,0,4,3,1,26.7017837,77.8901382
RAJASTHAN,Rural,Dhaulpur,Any other,545,530,15,0,0,0,43,36,7,84,84,0,85,85,0,93,88,5,31,31,0,48,48,0,137,136,1,24,22,2,26.7017837,77.8901382
RAJASTHAN,Rural,Dhaulpur,No travel,89168,27485,61683,89168,27485,61683,0,0,0,0,0,0,0,0,0,0,0,0,0,0,0,0,0,0,0,0,0,0,0,0,26.7017837,77.8901382
RAJASTHAN,Urban,Dhaulpur,All Modes,58144,49552,8592,16445,11397,5048,16319,14675,1644,16142,15147,995,3787,3428,359,1748,1492,256,1077,964,113,1051,955,96,1319,1261,58,256,233,23,26.7017837,77.8901382
RAJASTHAN,Urban,Dhaulpur,On foot,21991,19810,2181,0,0,0,13542,12058,1484,7120,6555,565,1329,1197,132,0,0,0,0,0,0,0,0,0,0,0,0,0,0,0,26.7017837,77.8901382
RAJASTHAN,Urban,Dhaulpur,Bicycle,7449,7277,172,0,0,0,1170,1141,29,4869,4769,100,926,900,26,209,206,3,275,261,14,0,0,0,0,0,0,0,0,0,26.7017837,77.8901382
RAJASTHAN,Urban,Dhaulpur,Moped/Scooter/Motor Cycle,6911,6572,339,0,0,0,1156,1107,49,3294,3143,151,978,915,63,805,749,56,285,277,8,213,208,5,59,57,2,121,116,5,26.7017837,77.8901382
RAJASTHAN,Urban,Dhaulpur,Car/Jeep/Van,455,398,57,0,0,0,70,63,7,144,130,14,57,45,12,49,39,10,34,31,3,58,53,5,28,25,3,15,12,3,26.7017837,77.8901382
RAJASTHAN,Urban,Dhaulpur,Tempo/Autorickshaw/Taxi,518,335,183,0,0,0,59,35,24,226,130,96,115,79,36,80,61,19,5,5,0,12,9,3,12,11,1,9,5,4,26.7017837,77.8901382
RAJASTHAN,Urban,Dhaulpur,Bus,2827,2366,461,0,0,0,166,132,34,239,187,52,272,191,81,536,385,151,359,305,54,631,581,50,588,556,32,36,29,7,26.7017837,77.8901382
RAJASTHAN,Urban,Dhaulpur,Train,894,860,34,0,0,0,47,42,5,63,61,2,24,22,2,23,21,2,45,43,2,50,46,4,598,581,17,44,44,0,26.7017837,77.8901382
RAJASTHAN,Urban,Dhaulpur,Water transport,19,19,0,0,0,0,5,5,0,3,3,0,2,2,0,2,2,0,0,0,0,0,0,0,6,6,0,1,1,0,26.7017837,77.8901382
RAJASTHAN,Urban,Dhaulpur,Any other,635,518,117,0,0,0,104,92,12,184,169,15,84,77,7,44,29,15,74,42,32,87,58,29,28,25,3,30,26,4,26.7017837,77.8901382
RAJASTHAN,Urban,Dhaulpur,No travel,16445,11397,5048,16445,11397,5048,0,0,0,0,0,0,0,0,0,0,0,0,0,0,0,0,0,0,0,0,0,0,0,0,26.7017837,77.8901382
MADHYA PRADESH,Total,Betul,All Modes,163372,123711,39661,44772,29808,14964,34595,25367,9228,44704,35442,9262,18636,14906,3730,7209,6354,855,4496,3994,502,3689,3214,475,3097,2759,338,2174,1867,307,21.9011601,77.8960201
MADHYA PRADESH,Total,Betul,On foot,53604,35048,18556,0,0,0,24660,16250,8410,20438,13139,7299,8506,5659,2847,0,0,0,0,0,0,0,0,0,0,0,0,0,0,0,21.9011601,77.8960201
MADHYA PRADESH,Total,Betul,Bicycle,21016,20078,938,0,0,0,3236,3074,162,10960,10465,495,3690,3574,116,1415,1361,54,1715,1604,111,0,0,0,0,0,0,0,0,0,21.9011601,77.8960201
MADHYA PRADESH,Total,Betul,Moped/Scooter/Motor Cycle,27098,25141,1957,0,0,0,5615,5192,423,10865,10034,831,4189,3929,260,2559,2426,133,991,932,59,1173,1096,77,457,433,24,1249,1099,150,21.9011601,77.8960201
MADHYA PRADESH,Total,Betul,Car/Jeep/Van,1638,1440,198,0,0,0,294,250,44,450,379,71,169,142,27,180,164,16,112,105,7,178,168,10,181,171,10,74,61,13,21.9011601,77.8960201
MADHYA PRADESH,Total,Betul,Tempo/Autorickshaw/Taxi,2109,1797,312,0,0,0,195,156,39,618,470,148,429,376,53,376,347,29,130,123,7,159,147,12,84,79,5,118,99,19,21.9011601,77.8960201
MADHYA PRADESH,Total,Betul,Bus,9931,7502,2429,0,0,0,368,256,112,1012,640,372,1436,1031,405,2409,1819,590,1257,965,292,1790,1439,351,1249,1037,212,410,315,95,21.9011601,77.8960201
MADHYA PRADESH,Total,Betul,Train,2424,2181,243,0,0,0,136,109,27,152,132,20,108,96,12,174,148,26,252,226,26,307,285,22,1015,931,84,280,254,26,21.9011601,77.8960201
MADHYA PRADESH,Total,Betul,Water transport,56,47,9,0,0,0,13,11,2,28,24,4,3,3,0,1,1,0,0,0,0,4,3,1,3,2,1,4,3,1,21.9011601,77.8960201
MADHYA PRADESH,Total,Betul,Any other,724,669,55,0,0,0,78,69,9,181,159,22,106,96,10,95,88,7,39,39,0,78,76,2,108,106,2,39,36,3,21.9011601,77.8960201
MADHYA PRADESH,Total,Betul,No travel,44772,29808,14964,44772,29808,14964,0,0,0,0,0,0,0,0,0,0,0,0,0,0,0,0,0,0,0,0,0,0,0,0,21.9011601,77.8960201
MADHYA PRADESH,Rural,Betul,All Modes,75450,51361,24089,27840,17401,10439,11261,6411,4850,16905,11694,5211,9649,7243,2406,3739,3335,404,2147,1914,233,1418,1216,202,1469,1289,180,1022,858,164,21.9011601,77.8960201
MADHYA PRADESH,Rural,Betul,On foot,25174,13960,11214,0,0,0,9591,4967,4624,10540,5962,4578,5043,3031,2012,0,0,0,0,0,0,0,0,0,0,0,0,0,0,0,21.9011601,77.8960201
MADHYA PRADESH,Rural,Betul,Bicycle,8339,7846,493,0,0,0,680,613,67,3596,3354,242,2213,2134,79,1003,964,39,847,781,66,0,0,0,0,0,0,0,0,0,21.9011601,77.8960201
MADHYA PRADESH,Rural,Betul,Moped/Scooter/Motor Cycle,6800,6216,584,0,0,0,670,589,81,1957,1779,178,1400,1287,113,1137,1083,54,486,454,32,455,416,39,163,151,12,532,457,75,21.9011601,77.8960201
MADHYA PRADESH,Rural,Betul,Car/Jeep/Van,396,333,63,0,0,0,45,33,12,67,55,12,53,43,10,69,58,11,34,30,4,53,50,3,51,45,6,24,19,5,21.9011601,77.8960201
MADHYA PRADESH,Rural,Betul,Tempo/Autorickshaw/Taxi,583,499,84,0,0,0,33,26,7,109,86,23,141,127,14,133,123,10,42,35,7,41,34,7,31,29,2,53,39,14,21.9011601,77.8960201
MADHYA PRADESH,Rural,Betul,Bus,4766,3707,1059,0,0,0,150,111,39,484,332,152,686,524,162,1233,969,264,645,527,118,688,545,143,651,523,128,229,176,53,21.9011601,77.8960201
MADHYA PRADESH,Rural,Betul,Train,1179,1063,116,0,0,0,62,46,16,77,65,12,58,48,10,101,81,20,72,66,6,133,125,8,519,488,31,157,144,13,21.9011601,77.8960201
MADHYA PRADESH,Rural,Betul,Water transport,19,14,5,0,0,0,10,8,2,2,1,1,1,1,0,1,1,0,0,0,0,2,1,1,0,0,0,3,2,1,21.9011601,77.8960201
MADHYA PRADESH,Rural,Betul,Any other,354,322,32,0,0,0,20,18,2,73,60,13,54,48,6,62,56,6,21,21,0,46,45,1,54,53,1,24,21,3,21.9011601,77.8960201
MADHYA PRADESH,Rural,Betul,No travel,27840,17401,10439,27840,17401,10439,0,0,0,0,0,0,0,0,0,0,0,0,0,0,0,0,0,0,0,0,0,0,0,0,21.9011601,77.8960201
MADHYA PRADESH,Urban,Betul,All Modes,87922,72350,15572,16932,12407,4525,23334,18956,4378,27799,23748,4051,8987,7663,1324,3470,3019,451,2349,2080,269,2271,1998,273,1628,1470,158,1152,1009,143,21.9011601,77.8960201
MADHYA PRADESH,Urban,Betul,On foot,28430,21088,7342,0,0,0,15069,11283,3786,9898,7177,2721,3463,2628,835,0,0,0,0,0,0,0,0,0,0,0,0,0,0,0,21.9011601,77.8960201
MADHYA PRADESH,Urban,Betul,Bicycle,12677,12232,445,0,0,0,2556,2461,95,7364,7111,253,1477,1440,37,412,397,15,868,823,45,0,0,0,0,0,0,0,0,0,21.9011601,77.8960201
MADHYA PRADESH,Urban,Betul,Moped/Scooter/Motor Cycle,20298,18925,1373,0,0,0,4945,4603,342,8908,8255,653,2789,2642,147,1422,1343,79,505,478,27,718,680,38,294,282,12,717,642,75,21.9011601,77.8960201
MADHYA PRADESH,Urban,Betul,Car/Jeep/Van,1242,1107,135,0,0,0,249,217,32,383,324,59,116,99,17,111,106,5,78,75,3,125,118,7,130,126,4,50,42,8,21.9011601,77.8960201
MADHYA PRADESH,Urban,Betul,Tempo/Autorickshaw/Taxi,1526,1298,228,0,0,0,162,130,32,509,384,125,288,249,39,243,224,19,88,88,0,118,113,5,53,50,3,65,60,5,21.9011601,77.8960201
MADHYA PRADESH,Urban,Betul,Bus,5165,3795,1370,0,0,0,218,145,73,528,308,220,750,507,243,1176,850,326,612,438,174,1102,894,208,598,514,84,181,139,42,21.9011601,77.8960201
MADHYA PRADESH,Urban,Betul,Train,1245,1118,127,0,0,0,74,63,11,75,67,8,50,48,2,73,67,6,180,160,20,174,160,14,496,443,53,123,110,13,21.9011601,77.8960201
MADHYA PRADESH,Urban,Betul,Water transport,37,33,4,0,0,0,3,3,0,26,23,3,2,2,0,0,0,0,0,0,0,2,2,0,3,2,1,1,1,0,21.9011601,77.8960201
MADHYA PRADESH,Urban,Betul,Any other,370,347,23,0,0,0,58,51,7,108,99,9,52,48,4,33,32,1,18,18,0,32,31,1,54,53,1,15,15,0,21.9011601,77.8960201
MADHYA PRADESH,Urban,Betul,No travel,16932,12407,4525,16932,12407,4525,0,0,0,0,0,0,0,0,0,0,0,0,0,0,0,0,0,0,0,0,0,0,0,0,21.9011601,77.8960201
TAMIL NADU,Total,Virudhunagar,All Modes,649005,433478,215527,126818,71878,54940,144802,79620,65182,192431,139145,53286,94420,68543,25877,40745,31768,8977,19928,16736,3192,11645,9714,1931,14518,12910,1608,3698,3164,534,9.5680116,77.9624435
TAMIL NADU,Total,Virudhunagar,On foot,155703,66053,89650,0,0,0,97774,39663,58111,39747,16951,22796,18182,9439,8743,0,0,0,0,0,0,0,0,0,0,0,0,0,0,0,9.5680116,77.9624435
TAMIL NADU,Total,Virudhunagar,Bicycle,133550,124794,8756,0,0,0,28346,26120,2226,78185,72875,5310,18590,17786,804,3409,3270,139,5020,4743,277,0,0,0,0,0,0,0,0,0,9.5680116,77.9624435
TAMIL NADU,Total,Virudhunagar,Moped/Scooter/Motor Cycle,65654,60353,5301,0,0,0,11507,10554,953,30738,27757,2981,13767,12837,930,5704,5423,281,1452,1401,51,779,759,20,468,441,27,1239,1181,58,9.5680116,77.9624435
TAMIL NADU,Total,Virudhunagar,Car/Jeep/Van,24732,11198,13534,0,0,0,1692,606,1086,10851,3962,6889,6652,3120,3532,2919,1547,1372,912,570,342,745,568,177,662,611,51,299,214,85,9.5680116,77.9624435
TAMIL NADU,Total,Virudhunagar,Tempo/Autorickshaw/Taxi,5032,3501,1531,0,0,0,495,300,195,1806,1078,728,1281,887,394,695,540,155,215,192,23,227,216,11,171,163,8,142,125,17,9.5680116,77.9624435
TAMIL NADU,Total,Virudhunagar,Bus,130516,89617,40899,0,0,0,4621,2109,2512,30248,15879,14369,35241,23882,11359,27543,20609,6934,12016,9553,2463,9293,7631,1662,10178,8907,1271,1376,1047,329,9.5680116,77.9624435
TAMIL NADU,Total,Virudhunagar,Train,4831,4125,706,0,0,0,212,141,71,494,348,146,326,250,76,265,206,59,204,172,32,436,383,53,2563,2325,238,331,300,31,9.5680116,77.9624435
TAMIL NADU,Total,Virudhunagar,Water transport,178,150,28,0,0,0,17,13,4,28,22,6,37,31,6,17,11,6,4,3,1,11,9,2,43,43,0,21,18,3,9.5680116,77.9624435
TAMIL NADU,Total,Virudhunagar,Any other,1991,1809,182,0,0,0,138,114,24,334,273,61,344,311,33,193,162,31,105,102,3,154,148,6,433,420,13,290,279,11,9.5680116,77.9624435
TAMIL NADU,Total,Virudhunagar,No travel,126818,71878,54940,126818,71878,54940,0,0,0,0,0,0,0,0,0,0,0,0,0,0,0,0,0,0,0,0,0,0,0,0,9.5680116,77.9624435
TAMIL NADU,Rural,Virudhunagar,All Modes,272431,170603,101828,61321,34049,27272,46964,21112,25852,67162,41677,25485,48827,34714,14113,25044,19568,5476,9904,8179,1725,5706,4784,922,6176,5429,747,1327,1091,236,9.5680116,77.9624435
TAMIL NADU,Rural,Virudhunagar,On foot,64453,25588,38865,0,0,0,37044,13955,23089,18201,7008,11193,9208,4625,4583,0,0,0,0,0,0,0,0,0,0,0,0,0,0,0,9.5680116,77.9624435
TAMIL NADU,Rural,Virudhunagar,Bicycle,36399,33707,2692,0,0,0,4799,4340,459,20330,18593,1737,8087,7724,363,1804,1743,61,1379,1307,72,0,0,0,0,0,0,0,0,0,9.5680116,77.9624435
TAMIL NADU,Rural,Virudhunagar,Moped/Scooter/Motor Cycle,19405,17640,1765,0,0,0,1543,1357,186,7233,6256,977,6121,5714,407,3046,2911,135,698,670,28,341,330,11,177,166,11,246,236,10,9.5680116,77.9624435
TAMIL NADU,Rural,Virudhunagar,Car/Jeep/Van,14792,6032,8760,0,0,0,931,233,698,6144,1924,4220,4211,1887,2324,2024,982,1042,610,339,271,390,283,107,310,277,33,172,107,65,9.5680116,77.9624435
TAMIL NADU,Rural,Virudhunagar,Tempo/Autorickshaw/Taxi,2294,1492,802,0,0,0,149,74,75,740,381,359,625,408,217,454,338,116,101,90,11,109,99,10,67,63,4,49,39,10,9.5680116,77.9624435
TAMIL NADU,Rural,Virudhunagar,Bus,71045,49692,21353,0,0,0,2399,1071,1328,14221,7293,6928,20193,14023,6170,17449,13376,4073,6965,5640,1325,4660,3880,780,4572,3957,615,586,452,134,9.5680116,77.9624435
TAMIL NADU,Rural,Virudhunagar,Train,1653,1426,227,0,0,0,49,42,7,152,107,45,166,134,32,136,108,28,72,58,14,90,81,9,831,753,78,157,143,14,9.5680116,77.9624435
TAMIL NADU,Rural,Virudhunagar,Water transport,77,60,17,0,0,0,7,4,3,4,2,2,25,19,6,12,8,4,1,0,1,5,4,1,18,18,0,5,5,0,9.5680116,77.9624435
TAMIL NADU,Rural,Virudhunagar,Any other,992,917,75,0,0,0,43,36,7,137,113,24,191,180,11,119,102,17,78,75,3,111,107,4,201,195,6,112,109,3,9.5680116,77.9624435
TAMIL NADU,Rural,Virudhunagar,No travel,61321,34049,27272,61321,34049,27272,0,0,0,0,0,0,0,0,0,0,0,0,0,0,0,0,0,0,0,0,0,0,0,0,9.5680116,77.9624435
TAMIL NADU,Urban,Virudhunagar,All Modes,376574,262875,113699,65497,37829,27668,97838,58508,39330,125269,97468,27801,45593,33829,11764,15701,12200,3501,10024,8557,1467,5939,4930,1009,8342,7481,861,2371,2073,298,9.5680116,77.9624435
TAMIL NADU,Urban,Virudhunagar,On foot,91250,40465,50785,0,0,0,60730,25708,35022,21546,9943,11603,8974,4814,4160,0,0,0,0,0,0,0,0,0,0,0,0,0,0,0,9.5680116,77.9624435
TAMIL NADU,Urban,Virudhunagar,Bicycle,97151,91087,6064,0,0,0,23547,21780,1767,57855,54282,3573,10503,10062,441,1605,1527,78,3641,3436,205,0,0,0,0,0,0,0,0,0,9.5680116,77.9624435
TAMIL NADU,Urban,Virudhunagar,Moped/Scooter/Motor Cycle,46249,42713,3536,0,0,0,9964,9197,767,23505,21501,2004,7646,7123,523,2658,2512,146,754,731,23,438,429,9,291,275,16,993,945,48,9.5680116,77.9624435
TAMIL NADU,Urban,Virudhunagar,Car/Jeep/Van,9940,5166,4774,0,0,0,761,373,388,4707,2038,2669,2441,1233,1208,895,565,330,302,231,71,355,285,70,352,334,18,127,107,20,9.5680116,77.9624435
TAMIL NADU,Urban,Virudhunagar,Tempo/Autorickshaw/Taxi,2738,2009,729,0,0,0,346,226,120,1066,697,369,656,479,177,241,202,39,114,102,12,118,117,1,104,100,4,93,86,7,9.5680116,77.9624435
TAMIL NADU,Urban,Virudhunagar,Bus,59471,39925,19546,0,0,0,2222,1038,1184,16027,8586,7441,15048,9859,5189,10094,7233,2861,5051,3913,1138,4633,3751,882,5606,4950,656,790,595,195,9.5680116,77.9624435
TAMIL NADU,Urban,Virudhunagar,Train,3178,2699,479,0,0,0,163,99,64,342,241,101,160,116,44,129,98,31,132,114,18,346,302,44,1732,1572,160,174,157,17,9.5680116,77.9624435
TAMIL NADU,Urban,Virudhunagar,Water transport,101,90,11,0,0,0,10,9,1,24,20,4,12,12,0,5,3,2,3,3,0,6,5,1,25,25,0,16,13,3,9.5680116,77.9624435
TAMIL NADU,Urban,Virudhunagar,Any other,999,892,107,0,0,0,95,78,17,197,160,37,153,131,22,74,60,14,27,27,0,43,41,2,232,225,7,178,170,8,9.5680116,77.9624435
TAMIL NADU,Urban,Virudhunagar,No travel,65497,37829,27668,65497,37829,27668,0,0,0,0,0,0,0,0,0,0,0,0,0,0,0,0,0,0,0,0,0,0,0,0,9.5680116,77.9624435
TAMIL NADU,Total,Dindigul,All Modes,440962,320633,120329,113209,72127,41082,66964,46766,20198,110826,82001,28825,66327,50023,16304,32310,25914,6396,18627,15539,3088,12496,10635,1861,16710,14644,2066,3493,2984,509,10.3673123,77.9802906
TAMIL NADU,Total,Dindigul,On foot,90799,53818,36981,0,0,0,43237,26605,16632,32027,17553,14474,15535,9660,5875,0,0,0,0,0,0,0,0,0,0,0,0,0,0,0,10.3673123,77.9802906
TAMIL NADU,Total,Dindigul,Bicycle,47860,45120,2740,0,0,0,8003,7525,478,26376,24801,1575,7944,7562,382,2367,2226,141,3170,3006,164,0,0,0,0,0,0,0,0,0,10.3673123,77.9802906
TAMIL NADU,Total,Dindigul,Moped/Scooter/Motor Cycle,58045,53681,4364,0,0,0,9408,8659,749,24963,22771,2192,11704,10916,788,5893,5573,320,2320,2196,124,1575,1513,62,1005,963,42,1177,1090,87,10.3673123,77.9802906
TAMIL NADU,Total,Dindigul,Car/Jeep/Van,12020,7934,4086,0,0,0,972,617,355,3407,2019,1388,2611,1604,1007,2141,1323,818,899,647,252,800,697,103,887,797,90,303,230,73,10.3673123,77.9802906
TAMIL NADU,Total,Dindigul,Tempo/Autorickshaw/Taxi,5768,4761,1007,0,0,0,580,472,108,1712,1263,449,1136,963,173,732,634,98,497,441,56,512,446,66,422,388,34,177,154,23,10.3673123,77.9802906
TAMIL NADU,Total,Dindigul,Bus,107986,78613,29373,0,0,0,4368,2571,1797,21613,13027,8586,26822,18833,7989,20771,15803,4968,11501,9052,2449,9262,7669,1593,12270,10567,1703,1379,1091,288,10.3673123,77.9802906
TAMIL NADU,Total,Dindigul,Train,3168,2648,520,0,0,0,180,124,56,333,219,114,266,214,52,186,148,38,122,95,27,186,159,27,1648,1464,184,247,225,22,10.3673123,77.9802906
TAMIL NADU,Total,Dindigul,Water transport,142,117,25,0,0,0,13,11,2,25,19,6,33,23,10,17,16,1,3,1,2,9,6,3,29,29,0,13,12,1,10.3673123,77.9802906
TAMIL NADU,Total,Dindigul,Any other,1965,1814,151,0,0,0,203,182,21,370,329,41,276,248,28,203,191,12,115,101,14,152,145,7,449,436,13,197,182,15,10.3673123,77.9802906
TAMIL NADU,Total,Dindigul,No travel,113209,72127,41082,113209,72127,41082,0,0,0,0,0,0,0,0,0,0,0,0,0,0,0,0,0,0,0,0,0,0,0,0,10.3673123,77.9802906
TAMIL NADU,Rural,Dindigul,All Modes,195713,136422,59291,60388,37820,22568,18910,11130,7780,37871,24797,13074,33150,24463,8687,19628,15926,3702,10767,9151,1616,6535,5702,833,7001,6219,782,1463,1214,249,10.3673123,77.9802906
TAMIL NADU,Rural,Dindigul,On foot,31584,15398,16186,0,0,0,12901,6658,6243,11862,5029,6833,6821,3711,3110,0,0,0,0,0,0,0,0,0,0,0,0,0,0,0,10.3673123,77.9802906
TAMIL NADU,Rural,Dindigul,Bicycle,15639,14499,1140,0,0,0,1585,1416,169,7622,7020,602,3645,3453,192,1336,1252,84,1451,1358,93,0,0,0,0,0,0,0,0,0,10.3673123,77.9802906
TAMIL NADU,Rural,Dindigul,Moped/Scooter/Motor Cycle,18641,17125,1516,0,0,0,1598,1427,171,5786,5128,658,5175,4804,371,3120,2948,172,1279,1218,61,764,743,21,489,466,23,430,391,39,10.3673123,77.9802906
TAMIL NADU,Rural,Dindigul,Car/Jeep/Van,6263,3704,2559,0,0,0,323,142,181,1349,621,728,1543,852,691,1534,897,637,569,415,154,418,353,65,389,337,52,138,87,51,10.3673123,77.9802906
TAMIL NADU,Rural,Dindigul,Tempo/Autorickshaw/Taxi,2444,2034,410,0,0,0,144,113,31,696,500,196,538,466,72,380,325,55,252,226,26,197,187,10,172,165,7,65,52,13,10.3673123,77.9802906
TAMIL NADU,Rural,Dindigul,Bus,58578,43962,14616,0,0,0,2221,1268,953,10294,6316,3978,15120,10920,4200,12996,10273,2723,7074,5815,1259,4976,4257,719,5239,4585,654,658,528,130,10.3673123,77.9802906
TAMIL NADU,Rural,Dindigul,Train,1230,1005,225,0,0,0,77,51,26,142,78,64,157,126,31,115,93,22,71,56,15,84,69,15,483,444,39,101,88,13,10.3673123,77.9802906
TAMIL NADU,Rural,Dindigul,Water transport,62,52,10,0,0,0,3,3,0,7,5,2,16,12,4,8,7,1,1,0,1,4,3,1,18,18,0,5,4,1,10.3673123,77.9802906
TAMIL NADU,Rural,Dindigul,Any other,884,823,61,0,0,0,58,52,6,113,100,13,135,119,16,139,131,8,70,63,7,92,90,2,211,204,7,66,64,2,10.3673123,77.9802906
TAMIL NADU,Rural,Dindigul,No travel,60388,37820,22568,60388,37820,22568,0,0,0,0,0,0,0,0,0,0,0,0,0,0,0,0,0,0,0,0,0,0,0,0,10.3673123,77.9802906
TAMIL NADU,Urban,Dindigul,All Modes,245249,184211,61038,52821,34307,18514,48054,35636,12418,72955,57204,15751,33177,25560,7617,12682,9988,2694,7860,6388,1472,5961,4933,1028,9709,8425,1284,2030,1770,260,10.3673123,77.9802906
TAMIL NADU,Urban,Dindigul,On foot,59215,38420,20795,0,0,0,30336,19947,10389,20165,12524,7641,8714,5949,2765,0,0,0,0,0,0,0,0,0,0,0,0,0,0,0,10.3673123,77.9802906
TAMIL NADU,Urban,Dindigul,Bicycle,32221,30621,1600,0,0,0,6418,6109,309,18754,17781,973,4299,4109,190,1031,974,57,1719,1648,71,0,0,0,0,0,0,0,0,0,10.3673123,77.9802906
TAMIL NADU,Urban,Dindigul,Moped/Scooter/Motor Cycle,39404,36556,2848,0,0,0,7810,7232,578,19177,17643,1534,6529,6112,417,2773,2625,148,1041,978,63,811,770,41,516,497,19,747,699,48,10.3673123,77.9802906
TAMIL NADU,Urban,Dindigul,Car/Jeep/Van,5757,4230,1527,0,0,0,649,475,174,2058,1398,660,1068,752,316,607,426,181,330,232,98,382,344,38,498,460,38,165,143,22,10.3673123,77.9802906
TAMIL NADU,Urban,Dindigul,Tempo/Autorickshaw/Taxi,3324,2727,597,0,0,0,436,359,77,1016,763,253,598,497,101,352,309,43,245,215,30,315,259,56,250,223,27,112,102,10,10.3673123,77.9802906
TAMIL NADU,Urban,Dindigul,Bus,49408,34651,14757,0,0,0,2147,1303,844,11319,6711,4608,11702,7913,3789,7775,5530,2245,4427,3237,1190,4286,3412,874,7031,5982,1049,721,563,158,10.3673123,77.9802906
TAMIL NADU,Urban,Dindigul,Train,1938,1643,295,0,0,0,103,73,30,191,141,50,109,88,21,71,55,16,51,39,12,102,90,12,1165,1020,145,146,137,9,10.3673123,77.9802906
TAMIL NADU,Urban,Dindigul,Water transport,80,65,15,0,0,0,10,8,2,18,14,4,17,11,6,9,9,0,2,1,1,5,3,2,11,11,0,8,8,0,10.3673123,77.9802906
TAMIL NADU,Urban,Dindigul,Any other,1081,991,90,0,0,0,145,130,15,257,229,28,141,129,12,64,60,4,45,38,7,60,55,5,238,232,6,131,118,13,10.3673123,77.9802906
TAMIL NADU,Urban,Dindigul,No travel,52821,34307,18514,52821,34307,18514,0,0,0,0,0,0,0,0,0,0,0,0,0,0,0,0,0,0,0,0,0,0,0,0,10.3673123,77.9802906
MADHYA PRADESH,Total,Morena,All Modes,206743,145873,60870,96448,46048,50400,35603,30056,5547,39025,36683,2342,16870,15403,1467,7921,7496,425,3740,3528,212,2827,2656,171,3398,3212,186,911,791,120,26.4947172,77.9940222
MADHYA PRADESH,Total,Morena,On foot,52366,44935,7431,0,0,0,28658,23765,4893,16646,15141,1505,7062,6029,1033,0,0,0,0,0,0,0,0,0,0,0,0,0,0,0,26.4947172,77.9940222
MADHYA PRADESH,Total,Morena,Bicycle,27657,27111,546,0,0,0,3443,3310,133,14969,14736,233,5881,5781,100,2113,2089,24,1251,1195,56,0,0,0,0,0,0,0,0,0,26.4947172,77.9940222
MADHYA PRADESH,Total,Morena,Moped/Scooter/Motor Cycle,11435,10739,696,0,0,0,2157,1944,213,4389,4168,221,1816,1722,94,1631,1573,58,541,515,26,377,362,15,197,176,21,327,279,48,26.4947172,77.9940222
MADHYA PRADESH,Total,Morena,Car/Jeep/Van,1194,1096,98,0,0,0,164,152,12,290,260,30,143,120,23,196,182,14,80,78,2,149,144,5,128,123,5,44,37,7,26.4947172,77.9940222
MADHYA PRADESH,Total,Morena,Tempo/Autorickshaw/Taxi,2373,1997,376,0,0,0,279,214,65,815,634,181,399,358,41,647,599,48,68,57,11,65,57,8,57,48,9,43,30,13,26.4947172,77.9940222
MADHYA PRADESH,Total,Morena,Bus,11489,10447,1042,0,0,0,505,393,112,1212,1073,139,1295,1140,155,3071,2804,267,1692,1581,111,1783,1662,121,1718,1613,105,213,181,32,26.4947172,77.9940222
MADHYA PRADESH,Total,Morena,Train,2910,2711,199,0,0,0,249,177,72,406,388,18,185,173,12,175,164,11,84,78,6,411,390,21,1171,1125,46,229,216,13,26.4947172,77.9940222
MADHYA PRADESH,Total,Morena,Water transport,103,57,46,0,0,0,42,9,33,19,17,2,12,7,5,7,6,1,2,2,0,1,0,1,12,12,0,8,4,4,26.4947172,77.9940222
MADHYA PRADESH,Total,Morena,Any other,768,732,36,0,0,0,106,92,14,279,266,13,77,73,4,81,79,2,22,22,0,41,41,0,115,115,0,47,44,3,26.4947172,77.9940222
MADHYA PRADESH,Total,Morena,No travel,96448,46048,50400,96448,46048,50400,0,0,0,0,0,0,0,0,0,0,0,0,0,0,0,0,0,0,0,0,0,0,0,0,26.4947172,77.9940222
MADHYA PRADESH,Rural,Morena,All Modes,105955,55730,50225,65349,20901,44448,9071,5531,3540,12710,11859,851,8855,7990,865,4626,4453,173,1867,1774,93,1239,1161,78,1849,1750,99,389,311,78,26.4947172,77.9940222
MADHYA PRADESH,Rural,Morena,On foot,15046,10655,4391,0,0,0,7331,4236,3095,5007,4380,627,2708,2039,669,0,0,0,0,0,0,0,0,0,0,0,0,0,0,0,26.4947172,77.9940222
MADHYA PRADESH,Rural,Morena,Bicycle,13208,12925,283,0,0,0,941,849,92,5910,5826,84,4110,4050,60,1600,1586,14,647,614,33,0,0,0,0,0,0,0,0,0,26.4947172,77.9940222
MADHYA PRADESH,Rural,Morena,Moped/Scooter/Motor Cycle,3448,3139,309,0,0,0,304,161,143,846,799,47,834,801,33,820,798,22,286,271,15,169,164,5,99,87,12,90,58,32,26.4947172,77.9940222
MADHYA PRADESH,Rural,Morena,Car/Jeep/Van,415,381,34,0,0,0,28,22,6,63,58,5,59,48,11,108,105,3,39,38,1,54,51,3,51,47,4,13,12,1,26.4947172,77.9940222
MADHYA PRADESH,Rural,Morena,Tempo/Autorickshaw/Taxi,1110,980,130,0,0,0,78,47,31,175,146,29,260,242,18,492,464,28,36,29,7,22,17,5,22,18,4,25,17,8,26.4947172,77.9940222
MADHYA PRADESH,Rural,Morena,Bus,5611,5156,455,0,0,0,192,121,71,482,435,47,707,646,61,1454,1354,100,812,776,36,864,804,60,993,933,60,107,87,20,26.4947172,77.9940222
MADHYA PRADESH,Rural,Morena,Train,1415,1302,113,0,0,0,131,71,60,153,144,9,127,120,7,98,95,3,36,35,1,110,106,4,631,612,19,129,119,10,26.4947172,77.9940222
MADHYA PRADESH,Rural,Morena,Water transport,66,23,43,0,0,0,34,2,32,3,2,1,7,3,4,6,5,1,2,2,0,1,0,1,8,8,0,5,1,4,26.4947172,77.9940222
MADHYA PRADESH,Rural,Morena,Any other,287,268,19,0,0,0,32,22,10,71,69,2,43,41,2,48,46,2,9,9,0,19,19,0,45,45,0,20,17,3,26.4947172,77.9940222
MADHYA PRADESH,Rural,Morena,No travel,65349,20901,44448,65349,20901,44448,0,0,0,0,0,0,0,0,0,0,0,0,0,0,0,0,0,0,0,0,0,0,0,0,26.4947172,77.9940222
MADHYA PRADESH,Urban,Morena,All Modes,100788,90143,10645,31099,25147,5952,26532,24525,2007,26315,24824,1491,8015,7413,602,3295,3043,252,1873,1754,119,1588,1495,93,1549,1462,87,522,480,42,26.4947172,77.9940222
MADHYA PRADESH,Urban,Morena,On foot,37320,34280,3040,0,0,0,21327,19529,1798,11639,10761,878,4354,3990,364,0,0,0,0,0,0,0,0,0,0,0,0,0,0,0,26.4947172,77.9940222
MADHYA PRADESH,Urban,Morena,Bicycle,14449,14186,263,0,0,0,2502,2461,41,9059,8910,149,1771,1731,40,513,503,10,604,581,23,0,0,0,0,0,0,0,0,0,26.4947172,77.9940222
MADHYA PRADESH,Urban,Morena,Moped/Scooter/Motor Cycle,7987,7600,387,0,0,0,1853,1783,70,3543,3369,174,982,921,61,811,775,36,255,244,11,208,198,10,98,89,9,237,221,16,26.4947172,77.9940222
MADHYA PRADESH,Urban,Morena,Car/Jeep/Van,779,715,64,0,0,0,136,130,6,227,202,25,84,72,12,88,77,11,41,40,1,95,93,2,77,76,1,31,25,6,26.4947172,77.9940222
MADHYA PRADESH,Urban,Morena,Tempo/Autorickshaw/Taxi,1263,1017,246,0,0,0,201,167,34,640,488,152,139,116,23,155,135,20,32,28,4,43,40,3,35,30,5,18,13,5,26.4947172,77.9940222
MADHYA PRADESH,Urban,Morena,Bus,5878,5291,587,0,0,0,313,272,41,730,638,92,588,494,94,1617,1450,167,880,805,75,919,858,61,725,680,45,106,94,12,26.4947172,77.9940222
MADHYA PRADESH,Urban,Morena,Train,1495,1409,86,0,0,0,118,106,12,253,244,9,58,53,5,77,69,8,48,43,5,301,284,17,540,513,27,100,97,3,26.4947172,77.9940222
MADHYA PRADESH,Urban,Morena,Water transport,37,34,3,0,0,0,8,7,1,16,15,1,5,4,1,1,1,0,0,0,0,0,0,0,4,4,0,3,3,0,26.4947172,77.9940222
MADHYA PRADESH,Urban,Morena,Any other,481,464,17,0,0,0,74,70,4,208,197,11,34,32,2,33,33,0,13,13,0,22,22,0,70,70,0,27,27,0,26.4947172,77.9940222
MADHYA PRADESH,Urban,Morena,No travel,31099,25147,5952,31099,25147,5952,0,0,0,0,0,0,0,0,0,0,0,0,0,0,0,0,0,0,0,0,0,0,0,0,26.4947172,77.9940222
UTTAR PRADESH,Total,Agra,All Modes,775734,630278,145456,329409,226257,103152,78541,66942,11599,123558,112229,11329,103172,92482,10690,42153,39973,2180,43465,41315,2150,8229,7663,566,8238,7714,524,38969,35703,3266,27.1766701,78.0080745
UTTAR PRADESH,Total,Agra,On foot,125256,104761,20495,0,0,0,56208,46730,9478,30087,25825,4262,38961,32206,6755,0,0,0,0,0,0,0,0,0,0,0,0,0,0,0,27.1766701,78.0080745
UTTAR PRADESH,Total,Agra,Bicycle,134392,128684,5708,0,0,0,10351,9702,649,47739,45467,2272,27223,26374,849,17036,16573,463,32043,30568,1475,0,0,0,0,0,0,0,0,0,27.1766701,78.0080745
UTTAR PRADESH,Total,Agra,Moped/Scooter/Motor Cycle,99095,92597,6498,0,0,0,7425,6776,649,30309,28212,2097,23237,21814,1423,12326,11678,648,3234,3054,180,2070,1962,108,912,862,50,19582,18239,1343,27.1766701,78.0080745
UTTAR PRADESH,Total,Agra,Car/Jeep/Van,11857,10264,1593,0,0,0,850,678,172,2866,2393,473,2380,2121,259,1575,1390,185,596,541,55,617,554,63,355,314,41,2618,2273,345,27.1766701,78.0080745
UTTAR PRADESH,Total,Agra,Tempo/Autorickshaw/Taxi,32364,27897,4467,0,0,0,1626,1297,329,9397,7656,1741,7567,6571,996,5502,5065,437,1606,1504,102,711,657,54,305,275,30,5650,4872,778,27.1766701,78.0080745
UTTAR PRADESH,Total,Agra,Bus,26857,24307,2550,0,0,0,959,783,176,1699,1351,348,2601,2280,321,4564,4170,394,4871,4566,305,3762,3445,317,3256,3004,252,5145,4708,437,27.1766701,78.0080745
UTTAR PRADESH,Total,Agra,Train,13503,12794,709,0,0,0,852,765,87,930,856,74,755,710,45,822,783,39,972,946,26,910,890,20,3185,3039,146,5077,4805,272,27.1766701,78.0080745
UTTAR PRADESH,Total,Agra,Water transport,353,292,61,0,0,0,42,26,16,53,44,9,49,42,7,39,37,2,17,16,1,7,6,1,25,22,3,121,99,22,27.1766701,78.0080745
UTTAR PRADESH,Total,Agra,Any other,2648,2425,223,0,0,0,228,185,43,478,425,53,399,364,35,289,277,12,126,120,6,152,149,3,200,198,2,776,707,69,27.1766701,78.0080745
UTTAR PRADESH,Total,Agra,No travel,329409,226257,103152,329409,226257,103152,0,0,0,0,0,0,0,0,0,0,0,0,0,0,0,0,0,0,0,0,0,0,0,0,27.1766701,78.0080745
UTTAR PRADESH,Rural,Agra,All Modes,222842,177670,45172,105934,69895,36039,16041,12503,3538,20453,18758,1695,22634,20335,2299,21434,20930,504,17525,17070,455,4325,4220,105,4484,4367,117,10012,9592,420,27.1766701,78.0080745
UTTAR PRADESH,Rural,Agra,On foot,25514,19407,6107,0,0,0,11287,8080,3207,5663,4635,1028,8564,6692,1872,0,0,0,0,0,0,0,0,0,0,0,0,0,0,0,27.1766701,78.0080745
UTTAR PRADESH,Rural,Agra,Bicycle,43895,42790,1105,0,0,0,2643,2519,124,10406,10058,348,9234,9066,168,11094,10916,178,10518,10231,287,0,0,0,0,0,0,0,0,0,27.1766701,78.0080745
UTTAR PRADESH,Rural,Agra,Moped/Scooter/Motor Cycle,15210,14607,603,0,0,0,903,823,80,2465,2335,130,2458,2366,92,3904,3811,93,1561,1532,29,846,825,21,297,284,13,2776,2631,145,27.1766701,78.0080745
UTTAR PRADESH,Rural,Agra,Car/Jeep/Van,1702,1569,133,0,0,0,93,81,12,183,162,21,189,167,22,313,296,17,205,195,10,193,186,7,112,106,6,414,376,38,27.1766701,78.0080745
UTTAR PRADESH,Rural,Agra,Tempo/Autorickshaw/Taxi,6876,6509,367,0,0,0,250,223,27,601,519,82,938,863,75,2550,2474,76,1006,978,28,347,343,4,128,122,6,1056,987,69,27.1766701,78.0080745
UTTAR PRADESH,Rural,Agra,Bus,15307,14713,594,0,0,0,421,370,51,602,540,62,830,773,57,2811,2692,119,3551,3461,90,2305,2241,64,1921,1866,55,2866,2770,96,27.1766701,78.0080745
UTTAR PRADESH,Rural,Agra,Train,7135,6961,174,0,0,0,348,326,22,383,368,15,307,297,10,575,558,17,584,576,8,499,491,8,1864,1830,34,2575,2515,60,27.1766701,78.0080745
UTTAR PRADESH,Rural,Agra,Water transport,92,74,18,0,0,0,12,4,8,2,1,1,11,9,2,9,9,0,12,12,0,5,5,0,15,13,2,26,21,5,27.1766701,78.0080745
UTTAR PRADESH,Rural,Agra,Any other,1177,1145,32,0,0,0,84,77,7,148,140,8,103,102,1,178,174,4,88,85,3,130,129,1,147,146,1,299,292,7,27.1766701,78.0080745
UTTAR PRADESH,Rural,Agra,No travel,105934,69895,36039,105934,69895,36039,0,0,0,0,0,0,0,0,0,0,0,0,0,0,0,0,0,0,0,0,0,0,0,0,27.1766701,78.0080745
UTTAR PRADESH,Urban,Agra,All Modes,552892,452608,100284,223475,156362,67113,62500,54439,8061,103105,93471,9634,80538,72147,8391,20719,19043,1676,25940,24245,1695,3904,3443,461,3754,3347,407,28957,26111,2846,27.1766701,78.0080745
UTTAR PRADESH,Urban,Agra,On foot,99742,85354,14388,0,0,0,44921,38650,6271,24424,21190,3234,30397,25514,4883,0,0,0,0,0,0,0,0,0,0,0,0,0,0,0,27.1766701,78.0080745
UTTAR PRADESH,Urban,Agra,Bicycle,90497,85894,4603,0,0,0,7708,7183,525,37333,35409,1924,17989,17308,681,5942,5657,285,21525,20337,1188,0,0,0,0,0,0,0,0,0,27.1766701,78.0080745
UTTAR PRADESH,Urban,Agra,Moped/Scooter/Motor Cycle,83885,77990,5895,0,0,0,6522,5953,569,27844,25877,1967,20779,19448,1331,8422,7867,555,1673,1522,151,1224,1137,87,615,578,37,16806,15608,1198,27.1766701,78.0080745
UTTAR PRADESH,Urban,Agra,Car/Jeep/Van,10155,8695,1460,0,0,0,757,597,160,2683,2231,452,2191,1954,237,1262,1094,168,391,346,45,424,368,56,243,208,35,2204,1897,307,27.1766701,78.0080745
UTTAR PRADESH,Urban,Agra,Tempo/Autorickshaw/Taxi,25488,21388,4100,0,0,0,1376,1074,302,8796,7137,1659,6629,5708,921,2952,2591,361,600,526,74,364,314,50,177,153,24,4594,3885,709,27.1766701,78.0080745
UTTAR PRADESH,Urban,Agra,Bus,11550,9594,1956,0,0,0,538,413,125,1097,811,286,1771,1507,264,1753,1478,275,1320,1105,215,1457,1204,253,1335,1138,197,2279,1938,341,27.1766701,78.0080745
UTTAR PRADESH,Urban,Agra,Train,6368,5833,535,0,0,0,504,439,65,547,488,59,448,413,35,247,225,22,388,370,18,411,399,12,1321,1209,112,2502,2290,212,27.1766701,78.0080745
UTTAR PRADESH,Urban,Agra,Water transport,261,218,43,0,0,0,30,22,8,51,43,8,38,33,5,30,28,2,5,4,1,2,1,1,10,9,1,95,78,17,27.1766701,78.0080745
UTTAR PRADESH,Urban,Agra,Any other,1471,1280,191,0,0,0,144,108,36,330,285,45,296,262,34,111,103,8,38,35,3,22,20,2,53,52,1,477,415,62,27.1766701,78.0080745
UTTAR PRADESH,Urban,Agra,No travel,223475,156362,67113,223475,156362,67113,0,0,0,0,0,0,0,0,0,0,0,0,0,0,0,0,0,0,0,0,0,0,0,0,27.1766701,78.0080745
UTTAR PRADESH,Total,Mahamaya Nagar,All Modes,172762,139916,32846,76928,52188,24740,23647,20161,3486,30490,28176,2314,19078,17654,1424,7298,6966,332,5049,4885,164,3811,3701,110,4871,4715,156,1590,1470,120,27.4985811,78.0195387
UTTAR PRADESH,Total,Mahamaya Nagar,On foot,31328,25887,5441,0,0,0,18037,14869,3168,8053,6690,1363,5238,4328,910,0,0,0,0,0,0,0,0,0,0,0,0,0,0,0,27.4985811,78.0195387
UTTAR PRADESH,Total,Mahamaya Nagar,Bicycle,32947,32172,775,0,0,0,3262,3135,127,15763,15375,388,8777,8634,143,2834,2783,51,2311,2245,66,0,0,0,0,0,0,0,0,0,27.4985811,78.0195387
UTTAR PRADESH,Total,Mahamaya Nagar,Moped/Scooter/Motor Cycle,12745,12088,657,0,0,0,1638,1566,72,4654,4383,271,2609,2467,142,1796,1703,93,647,622,25,619,612,7,269,261,8,513,474,39,27.4985811,78.0195387
UTTAR PRADESH,Total,Mahamaya Nagar,Car/Jeep/Van,1216,1120,96,0,0,0,100,86,14,252,221,31,190,171,19,160,153,7,105,100,5,210,202,8,107,101,6,92,86,6,27.4985811,78.0195387
UTTAR PRADESH,Total,Mahamaya Nagar,Tempo/Autorickshaw/Taxi,2594,2210,384,0,0,0,115,83,32,638,467,171,953,843,110,426,380,46,207,204,3,108,105,3,55,52,3,92,76,16,27.4985811,78.0195387
UTTAR PRADESH,Total,Mahamaya Nagar,Bus,7137,6626,511,0,0,0,192,149,43,372,316,56,601,520,81,1109,998,111,1032,980,52,1943,1869,74,1599,1536,63,289,258,31,27.4985811,78.0195387
UTTAR PRADESH,Total,Mahamaya Nagar,Train,6383,6201,182,0,0,0,176,166,10,306,291,15,319,308,11,793,774,19,715,703,12,865,848,17,2708,2634,74,501,477,24,27.4985811,78.0195387
UTTAR PRADESH,Total,Mahamaya Nagar,Water transport,75,70,5,0,0,0,11,9,2,7,7,0,5,5,0,8,8,0,5,5,0,9,9,0,15,15,0,15,12,3,27.4985811,78.0195387
UTTAR PRADESH,Total,Mahamaya Nagar,Any other,1409,1354,55,0,0,0,116,98,18,445,426,19,386,378,8,172,167,5,27,26,1,57,56,1,118,116,2,88,87,1,27.4985811,78.0195387
UTTAR PRADESH,Total,Mahamaya Nagar,No travel,76928,52188,24740,76928,52188,24740,0,0,0,0,0,0,0,0,0,0,0,0,0,0,0,0,0,0,0,0,0,0,0,0,27.4985811,78.0195387
UTTAR PRADESH,Rural,Mahamaya Nagar,All Modes,99319,75217,24102,49761,30369,19392,7143,4961,2182,14184,13002,1182,12180,11292,888,5581,5410,171,3462,3373,89,2594,2538,56,3716,3620,96,698,652,46,27.4985811,78.0195387
UTTAR PRADESH,Rural,Mahamaya Nagar,On foot,10666,7195,3471,0,0,0,5508,3459,2049,3038,2262,776,2120,1474,646,0,0,0,0,0,0,0,0,0,0,0,0,0,0,0,27.4985811,78.0195387
UTTAR PRADESH,Rural,Mahamaya Nagar,Bicycle,20513,20076,437,0,0,0,1066,1012,54,8623,8423,200,7042,6937,105,2417,2378,39,1365,1326,39,0,0,0,0,0,0,0,0,0,27.4985811,78.0195387
UTTAR PRADESH,Rural,Mahamaya Nagar,Moped/Scooter/Motor Cycle,5556,5280,276,0,0,0,260,235,25,1457,1355,102,1508,1450,58,1083,1030,53,449,433,16,449,445,4,206,201,5,144,131,13,27.4985811,78.0195387
UTTAR PRADESH,Rural,Mahamaya Nagar,Car/Jeep/Van,590,562,28,0,0,0,31,26,5,76,69,7,96,93,3,97,95,2,66,63,3,124,120,4,69,68,1,31,28,3,27.4985811,78.0195387
UTTAR PRADESH,Rural,Mahamaya Nagar,Tempo/Autorickshaw/Taxi,1528,1387,141,0,0,0,33,28,5,313,257,56,480,438,42,345,321,24,189,187,2,89,87,2,45,42,3,34,27,7,27.4985811,78.0195387
UTTAR PRADESH,Rural,Mahamaya Nagar,Bus,4889,4670,219,0,0,0,96,69,27,218,193,25,391,366,25,781,744,37,768,748,20,1289,1253,36,1196,1159,37,150,138,12,27.4985811,78.0195387
UTTAR PRADESH,Rural,Mahamaya Nagar,Train,4832,4725,107,0,0,0,93,89,4,189,180,9,253,247,6,729,715,14,603,595,8,593,584,9,2097,2049,48,275,266,9,27.4985811,78.0195387
UTTAR PRADESH,Rural,Mahamaya Nagar,Water transport,45,42,3,0,0,0,6,4,2,3,3,0,3,3,0,3,3,0,4,4,0,7,7,0,13,13,0,6,5,1,27.4985811,78.0195387
UTTAR PRADESH,Rural,Mahamaya Nagar,Any other,939,911,28,0,0,0,50,39,11,267,260,7,287,284,3,126,124,2,18,17,1,43,42,1,90,88,2,58,57,1,27.4985811,78.0195387
UTTAR PRADESH,Rural,Mahamaya Nagar,No travel,49761,30369,19392,49761,30369,19392,0,0,0,0,0,0,0,0,0,0,0,0,0,0,0,0,0,0,0,0,0,0,0,0,27.4985811,78.0195387
UTTAR PRADESH,Urban,Mahamaya Nagar,All Modes,73443,64699,8744,27167,21819,5348,16504,15200,1304,16306,15174,1132,6898,6362,536,1717,1556,161,1587,1512,75,1217,1163,54,1155,1095,60,892,818,74,27.4985811,78.0195387
UTTAR PRADESH,Urban,Mahamaya Nagar,On foot,20662,18692,1970,0,0,0,12529,11410,1119,5015,4428,587,3118,2854,264,0,0,0,0,0,0,0,0,0,0,0,0,0,0,0,27.4985811,78.0195387
UTTAR PRADESH,Urban,Mahamaya Nagar,Bicycle,12434,12096,338,0,0,0,2196,2123,73,7140,6952,188,1735,1697,38,417,405,12,946,919,27,0,0,0,0,0,0,0,0,0,27.4985811,78.0195387
UTTAR PRADESH,Urban,Mahamaya Nagar,Moped/Scooter/Motor Cycle,7189,6808,381,0,0,0,1378,1331,47,3197,3028,169,1101,1017,84,713,673,40,198,189,9,170,167,3,63,60,3,369,343,26,27.4985811,78.0195387
UTTAR PRADESH,Urban,Mahamaya Nagar,Car/Jeep/Van,626,558,68,0,0,0,69,60,9,176,152,24,94,78,16,63,58,5,39,37,2,86,82,4,38,33,5,61,58,3,27.4985811,78.0195387
UTTAR PRADESH,Urban,Mahamaya Nagar,Tempo/Autorickshaw/Taxi,1066,823,243,0,0,0,82,55,27,325,210,115,473,405,68,81,59,22,18,17,1,19,18,1,10,10,0,58,49,9,27.4985811,78.0195387
UTTAR PRADESH,Urban,Mahamaya Nagar,Bus,2248,1956,292,0,0,0,96,80,16,154,123,31,210,154,56,328,254,74,264,232,32,654,616,38,403,377,26,139,120,19,27.4985811,78.0195387
UTTAR PRADESH,Urban,Mahamaya Nagar,Train,1551,1476,75,0,0,0,83,77,6,117,111,6,66,61,5,64,59,5,112,108,4,272,264,8,611,585,26,226,211,15,27.4985811,78.0195387
UTTAR PRADESH,Urban,Mahamaya Nagar,Water transport,30,28,2,0,0,0,5,5,0,4,4,0,2,2,0,5,5,0,1,1,0,2,2,0,2,2,0,9,7,2,27.4985811,78.0195387
UTTAR PRADESH,Urban,Mahamaya Nagar,Any other,470,443,27,0,0,0,66,59,7,178,166,12,99,94,5,46,43,3,9,9,0,14,14,0,28,28,0,30,30,0,27.4985811,78.0195387
UTTAR PRADESH,Urban,Mahamaya Nagar,No travel,27167,21819,5348,27167,21819,5348,0,0,0,0,0,0,0,0,0,0,0,0,0,0,0,0,0,0,0,0,0,0,0,0,27.4985811,78.0195387
UTTARAKHAND,Total,Dehradun,All Modes,444405,365400,79005,129372,98705,30667,69397,54968,14429,118482,101129,17353,65063,56261,8802,25362,22105,3257,12194,10770,1424,8380,7265,1115,10413,9113,1300,5742,5084,658,30.3164945,78.0321918
UTTARAKHAND,Total,Dehradun,On foot,96844,75057,21787,0,0,0,48322,36164,12158,33897,26964,6933,14625,11929,2696,0,0,0,0,0,0,0,0,0,0,0,0,0,0,0,30.3164945,78.0321918
UTTARAKHAND,Total,Dehradun,Bicycle,47162,45333,1829,0,0,0,5208,4914,294,24729,23802,927,10969,10630,339,3238,3129,109,3018,2858,160,0,0,0,0,0,0,0,0,0,30.3164945,78.0321918
UTTARAKHAND,Total,Dehradun,Moped/Scooter/Motor Cycle,85334,77390,7944,0,0,0,11341,10345,996,37426,33368,4058,20092,18251,1841,9117,8496,621,2547,2424,123,1666,1594,72,954,881,73,2191,2031,160,30.3164945,78.0321918
UTTARAKHAND,Total,Dehradun,Car/Jeep/Van,18367,15648,2719,0,0,0,1975,1612,363,6324,5323,1001,4023,3434,589,2137,1829,308,960,826,134,1120,1001,119,1159,1037,122,669,586,83,30.3164945,78.0321918
UTTARAKHAND,Total,Dehradun,Tempo/Autorickshaw/Taxi,18145,13651,4494,0,0,0,941,697,244,7727,5360,2367,5471,4256,1215,2153,1755,398,629,558,71,316,267,49,306,252,54,602,506,96,30.3164945,78.0321918
UTTARAKHAND,Total,Dehradun,Bus,42079,33168,8911,0,0,0,1033,747,286,6731,4850,1881,8796,6759,2037,8168,6385,1783,4737,3827,910,4932,4086,846,6201,5297,904,1481,1217,264,30.3164945,78.0321918
UTTARAKHAND,Total,Dehradun,Train,5156,4612,544,0,0,0,380,315,65,1151,1001,150,654,586,68,364,333,31,224,202,22,258,230,28,1588,1451,137,537,494,43,30.3164945,78.0321918
UTTARAKHAND,Total,Dehradun,Water transport,280,241,39,0,0,0,46,36,10,40,33,7,39,31,8,26,20,6,10,8,2,5,4,1,37,35,2,77,74,3,30.3164945,78.0321918
UTTARAKHAND,Total,Dehradun,Any other,1666,1595,71,0,0,0,151,138,13,457,428,29,394,385,9,159,158,1,69,67,2,83,83,0,168,160,8,185,176,9,30.3164945,78.0321918
UTTARAKHAND,Total,Dehradun,No travel,129372,98705,30667,129372,98705,30667,0,0,0,0,0,0,0,0,0,0,0,0,0,0,0,0,0,0,0,0,0,0,0,0,30.3164945,78.0321918
UTTARAKHAND,Rural,Dehradun,All Modes,149046,121902,27144,46989,34543,12446,18897,14137,4760,31655,27205,4450,23185,20429,2756,12549,11307,1242,5868,5327,541,3841,3494,347,4505,4075,430,1557,1385,172,30.3164945,78.0321918
UTTARAKHAND,Rural,Dehradun,On foot,30842,23127,7715,0,0,0,14713,10393,4320,10903,8476,2427,5226,4258,968,0,0,0,0,0,0,0,0,0,0,0,0,0,0,0,30.3164945,78.0321918
UTTARAKHAND,Rural,Dehradun,Bicycle,18026,17469,557,0,0,0,1414,1346,68,8724,8448,276,4984,4866,118,1785,1744,41,1119,1065,54,0,0,0,0,0,0,0,0,0,30.3164945,78.0321918
UTTARAKHAND,Rural,Dehradun,Moped/Scooter/Motor Cycle,21629,20226,1403,0,0,0,1655,1523,132,6650,6095,555,5993,5603,390,4317,4109,208,1400,1358,42,800,780,20,361,338,23,453,420,33,30.3164945,78.0321918
UTTARAKHAND,Rural,Dehradun,Car/Jeep/Van,3751,3328,423,0,0,0,340,272,68,694,601,93,863,766,97,700,640,60,331,302,29,335,309,26,340,310,30,148,128,20,30.3164945,78.0321918
UTTARAKHAND,Rural,Dehradun,Tempo/Autorickshaw/Taxi,5084,3999,1085,0,0,0,190,144,46,1652,1196,456,1756,1395,361,913,763,150,223,199,24,114,105,9,98,87,11,138,110,28,30.3164945,78.0321918
UTTARAKHAND,Rural,Dehradun,Bus,20098,16755,3343,0,0,0,416,315,101,2489,1893,596,4002,3199,803,4557,3783,774,2650,2267,383,2457,2171,286,2964,2646,318,563,481,82,30.3164945,78.0321918
UTTARAKHAND,Rural,Dehradun,Train,1761,1623,138,0,0,0,99,84,15,308,272,36,186,173,13,168,161,7,104,95,9,79,74,5,647,602,45,170,162,8,30.3164945,78.0321918
UTTARAKHAND,Rural,Dehradun,Water transport,77,63,14,0,0,0,12,6,6,8,6,2,19,16,3,10,8,2,6,6,0,4,3,1,13,13,0,5,5,0,30.3164945,78.0321918
UTTARAKHAND,Rural,Dehradun,Any other,789,769,20,0,0,0,58,54,4,227,218,9,156,153,3,99,99,0,35,35,0,52,52,0,82,79,3,80,79,1,30.3164945,78.0321918
UTTARAKHAND,Rural,Dehradun,No travel,46989,34543,12446,46989,34543,12446,0,0,0,0,0,0,0,0,0,0,0,0,0,0,0,0,0,0,0,0,0,0,0,0,30.3164945,78.0321918
UTTARAKHAND,Urban,Dehradun,All Modes,295359,243498,51861,82383,64162,18221,50500,40831,9669,86827,73924,12903,41878,35832,6046,12813,10798,2015,6326,5443,883,4539,3771,768,5908,5038,870,4185,3699,486,30.3164945,78.0321918
UTTARAKHAND,Urban,Dehradun,On foot,66002,51930,14072,0,0,0,33609,25771,7838,22994,18488,4506,9399,7671,1728,0,0,0,0,0,0,0,0,0,0,0,0,0,0,0,30.3164945,78.0321918
UTTARAKHAND,Urban,Dehradun,Bicycle,29136,27864,1272,0,0,0,3794,3568,226,16005,15354,651,5985,5764,221,1453,1385,68,1899,1793,106,0,0,0,0,0,0,0,0,0,30.3164945,78.0321918
UTTARAKHAND,Urban,Dehradun,Moped/Scooter/Motor Cycle,63705,57164,6541,0,0,0,9686,8822,864,30776,27273,3503,14099,12648,1451,4800,4387,413,1147,1066,81,866,814,52,593,543,50,1738,1611,127,30.3164945,78.0321918
UTTARAKHAND,Urban,Dehradun,Car/Jeep/Van,14616,12320,2296,0,0,0,1635,1340,295,5630,4722,908,3160,2668,492,1437,1189,248,629,524,105,785,692,93,819,727,92,521,458,63,30.3164945,78.0321918
UTTARAKHAND,Urban,Dehradun,Tempo/Autorickshaw/Taxi,13061,9652,3409,0,0,0,751,553,198,6075,4164,1911,3715,2861,854,1240,992,248,406,359,47,202,162,40,208,165,43,464,396,68,30.3164945,78.0321918
UTTARAKHAND,Urban,Dehradun,Bus,21981,16413,5568,0,0,0,617,432,185,4242,2957,1285,4794,3560,1234,3611,2602,1009,2087,1560,527,2475,1915,560,3237,2651,586,918,736,182,30.3164945,78.0321918
UTTARAKHAND,Urban,Dehradun,Train,3395,2989,406,0,0,0,281,231,50,843,729,114,468,413,55,196,172,24,120,107,13,179,156,23,941,849,92,367,332,35,30.3164945,78.0321918
UTTARAKHAND,Urban,Dehradun,Water transport,203,178,25,0,0,0,34,30,4,32,27,5,20,15,5,16,12,4,4,2,2,1,1,0,24,22,2,72,69,3,30.3164945,78.0321918
UTTARAKHAND,Urban,Dehradun,Any other,877,826,51,0,0,0,93,84,9,230,210,20,238,232,6,60,59,1,34,32,2,31,31,0,86,81,5,105,97,8,30.3164945,78.0321918
UTTARAKHAND,Urban,Dehradun,No travel,82383,64162,18221,82383,64162,18221,0,0,0,0,0,0,0,0,0,0,0,0,0,0,0,0,0,0,0,0,0,0,0,0,30.3164945,78.0321918
ANDHRA PRADESH,Total,Kurnool,All Modes,620378,459854,160524,241911,158873,83038,93645,69092,24553,141523,112153,29370,65722,52144,13578,24005,20654,3351,18208,16056,2152,11614,9919,1695,13257,11729,1528,10493,9234,1259,15.8281257,78.0372792
ANDHRA PRADESH,Total,Kurnool,On foot,151324,100962,50362,0,0,0,67860,45601,22259,55938,36564,19374,27526,18797,8729,0,0,0,0,0,0,0,0,0,0,0,0,0,0,0,15.8281257,78.0372792
ANDHRA PRADESH,Total,Kurnool,Bicycle,68237,65123,3114,0,0,0,12176,11643,533,38352,36587,1765,8445,8127,318,2072,1982,90,7192,6784,408,0,0,0,0,0,0,0,0,0,15.8281257,78.0372792
ANDHRA PRADESH,Total,Kurnool,Moped/Scooter/Motor Cycle,53588,50644,2944,0,0,0,8625,8149,476,24544,23019,1525,8880,8461,419,4155,3989,166,1517,1455,62,1790,1694,96,782,745,37,3295,3132,163,15.8281257,78.0372792
ANDHRA PRADESH,Total,Kurnool,Car/Jeep/Van,5768,4976,792,0,0,0,572,469,103,1580,1280,300,893,778,115,667,583,84,427,377,50,444,411,33,680,630,50,505,448,57,15.8281257,78.0372792
ANDHRA PRADESH,Total,Kurnool,Tempo/Autorickshaw/Taxi,35037,26600,8437,0,0,0,2038,1368,670,13408,8819,4589,9448,7669,1779,4971,4306,665,1470,1309,161,1214,1024,190,708,642,66,1780,1463,317,15.8281257,78.0372792
ANDHRA PRADESH,Total,Kurnool,Bus,50577,40910,9667,0,0,0,1282,954,328,4532,3380,1152,8442,6678,1764,11149,8914,2235,6960,5589,1371,6862,5645,1217,8004,6923,1081,3346,2827,519,15.8281257,78.0372792
ANDHRA PRADESH,Total,Kurnool,Train,6309,5426,883,0,0,0,439,373,66,965,841,124,403,349,54,414,358,56,364,298,66,844,711,133,2091,1828,263,789,668,121,15.8281257,78.0372792
ANDHRA PRADESH,Total,Kurnool,Water transport,800,554,246,0,0,0,64,39,25,191,136,55,326,196,130,78,70,8,21,20,1,37,25,12,44,37,7,39,31,8,15.8281257,78.0372792
ANDHRA PRADESH,Total,Kurnool,Any other,6827,5786,1041,0,0,0,589,496,93,2013,1527,486,1359,1089,270,499,452,47,257,224,33,423,409,14,948,924,24,739,665,74,15.8281257,78.0372792
ANDHRA PRADESH,Total,Kurnool,No travel,241911,158873,83038,241911,158873,83038,0,0,0,0,0,0,0,0,0,0,0,0,0,0,0,0,0,0,0,0,0,0,0,0,15.8281257,78.0372792
ANDHRA PRADESH,Rural,Kurnool,All Modes,265134,195052,70082,129576,88062,41514,34123,24356,9767,36244,27103,9141,26305,20996,5309,14181,12462,1719,8107,7232,875,5879,5242,637,6215,5617,598,4504,3982,522,15.8281257,78.0372792
ANDHRA PRADESH,Rural,Kurnool,On foot,59671,39710,19961,0,0,0,27863,18678,9185,19946,12875,7071,11862,8157,3705,0,0,0,0,0,0,0,0,0,0,0,0,0,0,0,15.8281257,78.0372792
ANDHRA PRADESH,Rural,Kurnool,Bicycle,14073,13322,751,0,0,0,2838,2684,154,6407,6030,377,2312,2234,78,881,852,29,1635,1522,113,0,0,0,0,0,0,0,0,0,15.8281257,78.0372792
ANDHRA PRADESH,Rural,Kurnool,Moped/Scooter/Motor Cycle,10772,10220,552,0,0,0,1616,1542,74,3047,2816,231,2146,2055,91,1748,1688,60,650,629,21,554,525,29,301,289,12,710,676,34,15.8281257,78.0372792
ANDHRA PRADESH,Rural,Kurnool,Car/Jeep/Van,1797,1563,234,0,0,0,135,104,31,307,233,74,211,190,21,274,239,35,266,236,30,191,181,10,244,222,22,169,158,11,15.8281257,78.0372792
ANDHRA PRADESH,Rural,Kurnool,Tempo/Autorickshaw/Taxi,13088,11327,1761,0,0,0,507,411,96,2923,2321,602,3794,3350,444,3203,2853,350,951,864,87,559,503,56,334,309,25,817,716,101,15.8281257,78.0372792
ANDHRA PRADESH,Rural,Kurnool,Bus,29499,25164,4335,0,0,0,715,561,154,2347,1852,495,5000,4201,799,7428,6245,1183,4216,3648,568,3893,3413,480,3898,3507,391,2002,1737,265,15.8281257,78.0372792
ANDHRA PRADESH,Rural,Kurnool,Train,2710,2336,374,0,0,0,132,111,21,212,183,29,155,136,19,242,210,32,184,161,23,425,378,47,944,811,133,416,346,70,15.8281257,78.0372792
ANDHRA PRADESH,Rural,Kurnool,Water transport,354,281,73,0,0,0,25,19,6,132,95,37,54,44,10,67,64,3,12,11,1,19,11,8,26,23,3,19,14,5,15.8281257,78.0372792
ANDHRA PRADESH,Rural,Kurnool,Any other,3594,3067,527,0,0,0,292,246,46,923,698,225,771,629,142,338,311,27,193,161,32,238,231,7,468,456,12,371,335,36,15.8281257,78.0372792
ANDHRA PRADESH,Rural,Kurnool,No travel,129576,88062,41514,129576,88062,41514,0,0,0,0,0,0,0,0,0,0,0,0,0,0,0,0,0,0,0,0,0,0,0,0,15.8281257,78.0372792
ANDHRA PRADESH,Urban,Kurnool,All Modes,355244,264802,90442,112335,70811,41524,59522,44736,14786,105279,85050,20229,39417,31148,8269,9824,8192,1632,10101,8824,1277,5735,4677,1058,7042,6112,930,5989,5252,737,15.8281257,78.0372792
ANDHRA PRADESH,Urban,Kurnool,On foot,91653,61252,30401,0,0,0,39997,26923,13074,35992,23689,12303,15664,10640,5024,0,0,0,0,0,0,0,0,0,0,0,0,0,0,0,15.8281257,78.0372792
ANDHRA PRADESH,Urban,Kurnool,Bicycle,54164,51801,2363,0,0,0,9338,8959,379,31945,30557,1388,6133,5893,240,1191,1130,61,5557,5262,295,0,0,0,0,0,0,0,0,0,15.8281257,78.0372792
ANDHRA PRADESH,Urban,Kurnool,Moped/Scooter/Motor Cycle,42816,40424,2392,0,0,0,7009,6607,402,21497,20203,1294,6734,6406,328,2407,2301,106,867,826,41,1236,1169,67,481,456,25,2585,2456,129,15.8281257,78.0372792
ANDHRA PRADESH,Urban,Kurnool,Car/Jeep/Van,3971,3413,558,0,0,0,437,365,72,1273,1047,226,682,588,94,393,344,49,161,141,20,253,230,23,436,408,28,336,290,46,15.8281257,78.0372792
ANDHRA PRADESH,Urban,Kurnool,Tempo/Autorickshaw/Taxi,21949,15273,6676,0,0,0,1531,957,574,10485,6498,3987,5654,4319,1335,1768,1453,315,519,445,74,655,521,134,374,333,41,963,747,216,15.8281257,78.0372792
ANDHRA PRADESH,Urban,Kurnool,Bus,21078,15746,5332,0,0,0,567,393,174,2185,1528,657,3442,2477,965,3721,2669,1052,2744,1941,803,2969,2232,737,4106,3416,690,1344,1090,254,15.8281257,78.0372792
ANDHRA PRADESH,Urban,Kurnool,Train,3599,3090,509,0,0,0,307,262,45,753,658,95,248,213,35,172,148,24,180,137,43,419,333,86,1147,1017,130,373,322,51,15.8281257,78.0372792
ANDHRA PRADESH,Urban,Kurnool,Water transport,446,273,173,0,0,0,39,20,19,59,41,18,272,152,120,11,6,5,9,9,0,18,14,4,18,14,4,20,17,3,15.8281257,78.0372792
ANDHRA PRADESH,Urban,Kurnool,Any other,3233,2719,514,0,0,0,297,250,47,1090,829,261,588,460,128,161,141,20,64,63,1,185,178,7,480,468,12,368,330,38,15.8281257,78.0372792
ANDHRA PRADESH,Urban,Kurnool,No travel,112335,70811,41524,112335,70811,41524,0,0,0,0,0,0,0,0,0,0,0,0,0,0,0,0,0,0,0,0,0,0,0,0,15.8281257,78.0372792
TAMIL NADU,Total,Karur,All Modes,245249,178071,67178,40960,25459,15501,35618,22996,12622,68625,49511,19114,36513,27498,9015,24207,18968,5239,13749,11366,2383,13549,11461,2088,10808,9765,1043,1220,1047,173,10.9600778,78.0766036
TAMIL NADU,Total,Karur,On foot,38376,18670,19706,0,0,0,22592,11661,10931,11738,4852,6886,4046,2157,1889,0,0,0,0,0,0,0,0,0,0,0,0,0,0,0,10.9600778,78.0766036
TAMIL NADU,Total,Karur,Bicycle,25770,23358,2412,0,0,0,4315,3907,408,14977,13463,1514,4456,4111,345,1071,1011,60,951,866,85,0,0,0,0,0,0,0,0,0,10.9600778,78.0766036
TAMIL NADU,Total,Karur,Moped/Scooter/Motor Cycle,52098,47796,4302,0,0,0,6625,6110,515,23544,21381,2163,11981,10971,1010,5943,5542,401,1943,1844,99,1109,1061,48,451,421,30,502,466,36,10.9600778,78.0766036
TAMIL NADU,Total,Karur,Car/Jeep/Van,4460,3505,955,0,0,0,424,365,59,1120,833,287,707,540,167,543,409,134,510,377,133,593,475,118,484,439,45,79,67,12,10.9600778,78.0766036
TAMIL NADU,Total,Karur,Tempo/Autorickshaw/Taxi,1872,1613,259,0,0,0,125,107,18,446,372,74,417,344,73,270,227,43,149,136,13,246,217,29,176,174,2,43,36,7,10.9600778,78.0766036
TAMIL NADU,Total,Karur,Bus,76060,52786,23274,0,0,0,1420,749,671,16420,8314,8106,14649,9156,5493,15997,11482,4515,9912,7908,2004,10263,8687,1576,6974,6173,801,425,317,108,10.9600778,78.0766036
TAMIL NADU,Total,Karur,Train,4355,3685,670,0,0,0,59,47,12,166,112,54,100,74,26,243,172,71,202,165,37,1214,902,312,2284,2133,151,87,80,7,10.9600778,78.0766036
TAMIL NADU,Total,Karur,Water transport,103,80,23,0,0,0,4,4,0,34,28,6,12,8,4,29,21,8,4,3,1,5,3,2,8,6,2,7,7,0,10.9600778,78.0766036
TAMIL NADU,Total,Karur,Any other,1195,1119,76,0,0,0,54,46,8,180,156,24,145,137,8,111,104,7,78,67,11,119,116,3,431,419,12,77,74,3,10.9600778,78.0766036
TAMIL NADU,Total,Karur,No travel,40960,25459,15501,40960,25459,15501,0,0,0,0,0,0,0,0,0,0,0,0,0,0,0,0,0,0,0,0,0,0,0,0,10.9600778,78.0766036
TAMIL NADU,Rural,Karur,All Modes,97662,69888,27774,19321,12259,7062,10311,6097,4214,15118,9759,5359,14725,10827,3898,16488,12923,3565,9208,7517,1691,8224,6866,1358,3885,3324,561,382,316,66,10.9600778,78.0766036
TAMIL NADU,Rural,Karur,On foot,13572,6194,7378,0,0,0,7630,3901,3729,4448,1576,2872,1494,717,777,0,0,0,0,0,0,0,0,0,0,0,0,0,0,0,10.9600778,78.0766036
TAMIL NADU,Rural,Karur,Bicycle,7923,6858,1065,0,0,0,1031,891,140,3963,3320,643,1898,1695,203,637,593,44,394,359,35,0,0,0,0,0,0,0,0,0,10.9600778,78.0766036
TAMIL NADU,Rural,Karur,Moped/Scooter/Motor Cycle,14379,13035,1344,0,0,0,1000,877,123,3678,3195,483,4053,3670,383,3512,3288,224,1183,1118,65,626,594,32,209,191,18,118,102,16,10.9600778,78.0766036
TAMIL NADU,Rural,Karur,Car/Jeep/Van,1692,1152,540,0,0,0,100,80,20,230,118,112,272,172,100,270,182,88,280,192,88,295,203,92,220,184,36,25,21,4,10.9600778,78.0766036
TAMIL NADU,Rural,Karur,Tempo/Autorickshaw/Taxi,810,646,164,0,0,0,33,27,6,104,75,29,157,110,47,166,129,37,93,81,12,160,132,28,81,79,2,16,13,3,10.9600778,78.0766036
TAMIL NADU,Rural,Karur,Bus,38248,28321,9927,0,0,0,491,296,195,2621,1417,1204,6778,4399,2379,11659,8543,3116,7100,5646,1454,6618,5532,1086,2801,2348,453,180,140,40,10.9600778,78.0766036
TAMIL NADU,Rural,Karur,Train,1176,922,254,0,0,0,9,9,0,22,12,10,24,16,8,170,118,52,105,80,25,449,334,115,379,337,42,18,16,2,10.9600778,78.0766036
TAMIL NADU,Rural,Karur,Water transport,27,19,8,0,0,0,0,0,0,6,4,2,3,2,1,11,10,1,2,1,1,4,2,2,1,0,1,0,0,0,10.9600778,78.0766036
TAMIL NADU,Rural,Karur,Any other,514,482,32,0,0,0,17,16,1,46,42,4,46,46,0,63,60,3,51,40,11,72,69,3,194,185,9,25,24,1,10.9600778,78.0766036
TAMIL NADU,Rural,Karur,No travel,19321,12259,7062,19321,12259,7062,0,0,0,0,0,0,0,0,0,0,0,0,0,0,0,0,0,0,0,0,0,0,0,0,10.9600778,78.0766036
TAMIL NADU,Urban,Karur,All Modes,147587,108183,39404,21639,13200,8439,25307,16899,8408,53507,39752,13755,21788,16671,5117,7719,6045,1674,4541,3849,692,5325,4595,730,6923,6441,482,838,731,107,10.9600778,78.0766036
TAMIL NADU,Urban,Karur,On foot,24804,12476,12328,0,0,0,14962,7760,7202,7290,3276,4014,2552,1440,1112,0,0,0,0,0,0,0,0,0,0,0,0,0,0,0,10.9600778,78.0766036
TAMIL NADU,Urban,Karur,Bicycle,17847,16500,1347,0,0,0,3284,3016,268,11014,10143,871,2558,2416,142,434,418,16,557,507,50,0,0,0,0,0,0,0,0,0,10.9600778,78.0766036
TAMIL NADU,Urban,Karur,Moped/Scooter/Motor Cycle,37719,34761,2958,0,0,0,5625,5233,392,19866,18186,1680,7928,7301,627,2431,2254,177,760,726,34,483,467,16,242,230,12,384,364,20,10.9600778,78.0766036
TAMIL NADU,Urban,Karur,Car/Jeep/Van,2768,2353,415,0,0,0,324,285,39,890,715,175,435,368,67,273,227,46,230,185,45,298,272,26,264,255,9,54,46,8,10.9600778,78.0766036
TAMIL NADU,Urban,Karur,Tempo/Autorickshaw/Taxi,1062,967,95,0,0,0,92,80,12,342,297,45,260,234,26,104,98,6,56,55,1,86,85,1,95,95,0,27,23,4,10.9600778,78.0766036
TAMIL NADU,Urban,Karur,Bus,37812,24465,13347,0,0,0,929,453,476,13799,6897,6902,7871,4757,3114,4338,2939,1399,2812,2262,550,3645,3155,490,4173,3825,348,245,177,68,10.9600778,78.0766036
TAMIL NADU,Urban,Karur,Train,3179,2763,416,0,0,0,50,38,12,144,100,44,76,58,18,73,54,19,97,85,12,765,568,197,1905,1796,109,69,64,5,10.9600778,78.0766036
TAMIL NADU,Urban,Karur,Water transport,76,61,15,0,0,0,4,4,0,28,24,4,9,6,3,18,11,7,2,2,0,1,1,0,7,6,1,7,7,0,10.9600778,78.0766036
TAMIL NADU,Urban,Karur,Any other,681,637,44,0,0,0,37,30,7,134,114,20,99,91,8,48,44,4,27,27,0,47,47,0,237,234,3,52,50,2,10.9600778,78.0766036
TAMIL NADU,Urban,Karur,No travel,21639,13200,8439,21639,13200,8439,0,0,0,0,0,0,0,0,0,0,0,0,0,0,0,0,0,0,0,0,0,0,0,0,10.9600778,78.0766036
UTTAR PRADESH,Total,Aligarh,All Modes,547097,437028,110069,228079,148820,79259,69673,58276,11397,112984,103701,9283,61787,56112,5675,23625,22579,1046,21783,20563,1220,6048,5615,433,12329,11781,548,10789,9581,1208,27.8973944,78.0880129
UTTAR PRADESH,Total,Aligarh,On foot,96850,79309,17541,0,0,0,47077,37400,9677,28500,24432,4068,21273,17477,3796,0,0,0,0,0,0,0,0,0,0,0,0,0,0,0,27.8973944,78.0880129
UTTAR PRADESH,Total,Aligarh,Bicycle,117485,113648,3837,0,0,0,12785,12203,582,54040,52224,1816,24813,24278,535,11120,10931,189,14727,14012,715,0,0,0,0,0,0,0,0,0,27.8973944,78.0880129
UTTAR PRADESH,Total,Aligarh,Moped/Scooter/Motor Cycle,51486,48104,3382,0,0,0,6228,5771,457,21467,19947,1520,9019,8525,494,5126,4880,246,2145,2060,85,1593,1519,74,820,782,38,5088,4620,468,27.8973944,78.0880129
UTTAR PRADESH,Total,Aligarh,Car/Jeep/Van,4935,4194,741,0,0,0,635,510,125,1621,1331,290,690,598,92,459,418,41,237,214,23,307,272,35,388,343,45,598,508,90,27.8973944,78.0880129
UTTAR PRADESH,Total,Aligarh,Tempo/Autorickshaw/Taxi,9638,7596,2042,0,0,0,714,477,237,3166,2145,1021,2175,1809,366,1745,1633,112,495,457,38,263,235,28,208,190,18,872,650,222,27.8973944,78.0880129
UTTAR PRADESH,Total,Aligarh,Bus,22607,20317,2290,0,0,0,898,736,162,1926,1553,373,2334,2020,314,4147,3722,425,3725,3391,334,3238,2968,270,4540,4350,190,1799,1577,222,27.8973944,78.0880129
UTTAR PRADESH,Total,Aligarh,Train,11626,10955,671,0,0,0,834,743,91,855,781,74,526,486,40,534,517,17,315,295,20,521,498,23,6095,5849,246,1946,1786,160,27.8973944,78.0880129
UTTAR PRADESH,Total,Aligarh,Water transport,253,211,42,0,0,0,40,26,14,38,31,7,22,18,4,18,13,5,15,14,1,11,10,1,50,45,5,59,54,5,27.8973944,78.0880129
UTTAR PRADESH,Total,Aligarh,Any other,4138,3874,264,0,0,0,462,410,52,1371,1257,114,935,901,34,476,465,11,124,120,4,115,113,2,228,222,6,427,386,41,27.8973944,78.0880129
UTTAR PRADESH,Total,Aligarh,No travel,228079,148820,79259,228079,148820,79259,0,0,0,0,0,0,0,0,0,0,0,0,0,0,0,0,0,0,0,0,0,0,0,0,27.8973944,78.0880129
UTTAR PRADESH,Rural,Aligarh,All Modes,248000,180855,67145,124942,70520,54422,21262,15050,6212,31454,28877,2577,28348,25852,2496,17488,17021,467,10331,9906,425,3656,3513,143,7406,7221,185,3113,2895,218,27.8973944,78.0880129
UTTAR PRADESH,Rural,Aligarh,On foot,31254,22041,9213,0,0,0,15948,10192,5756,8375,6797,1578,6931,5052,1879,0,0,0,0,0,0,0,0,0,0,0,0,0,0,0,27.8973944,78.0880129
UTTAR PRADESH,Rural,Aligarh,Bicycle,50650,49220,1430,0,0,0,3358,3145,213,17467,16887,580,14921,14661,260,9074,8949,125,5830,5578,252,0,0,0,0,0,0,0,0,0,27.8973944,78.0880129
UTTAR PRADESH,Rural,Aligarh,Moped/Scooter/Motor Cycle,12524,11968,556,0,0,0,842,763,79,2799,2626,173,2827,2719,108,2913,2820,93,1180,1147,33,858,835,23,372,365,7,733,693,40,27.8973944,78.0880129
UTTAR PRADESH,Rural,Aligarh,Car/Jeep/Van,1147,1049,98,0,0,0,93,75,18,157,143,14,200,181,19,234,225,9,99,95,4,113,106,7,151,139,12,100,85,15,27.8973944,78.0880129
UTTAR PRADESH,Rural,Aligarh,Tempo/Autorickshaw/Taxi,4251,3954,297,0,0,0,171,142,29,746,649,97,1117,1041,76,1377,1335,42,336,328,8,140,131,9,114,109,5,250,219,31,27.8973944,78.0880129
UTTAR PRADESH,Rural,Aligarh,Bus,14755,13975,780,0,0,0,369,321,48,968,881,87,1530,1410,120,3109,2930,179,2600,2478,122,2179,2085,94,3071,2995,76,929,875,54,27.8973944,78.0880129
UTTAR PRADESH,Rural,Aligarh,Train,6079,5826,253,0,0,0,294,253,41,268,249,19,269,247,22,380,370,10,196,191,5,279,271,8,3499,3420,79,894,825,69,27.8973944,78.0880129
UTTAR PRADESH,Rural,Aligarh,Water transport,124,109,15,0,0,0,17,13,4,10,9,1,13,11,2,13,10,3,10,10,0,6,6,0,34,31,3,21,19,2,27.8973944,78.0880129
UTTAR PRADESH,Rural,Aligarh,Any other,2274,2193,81,0,0,0,170,146,24,664,636,28,540,530,10,388,382,6,80,79,1,81,79,2,165,162,3,186,179,7,27.8973944,78.0880129
UTTAR PRADESH,Rural,Aligarh,No travel,124942,70520,54422,124942,70520,54422,0,0,0,0,0,0,0,0,0,0,0,0,0,0,0,0,0,0,0,0,0,0,0,0,27.8973944,78.0880129
UTTAR PRADESH,Urban,Aligarh,All Modes,299097,256173,42924,103137,78300,24837,48411,43226,5185,81530,74824,6706,33439,30260,3179,6137,5558,579,11452,10657,795,2392,2102,290,4923,4560,363,7676,6686,990,27.8973944,78.0880129
UTTAR PRADESH,Urban,Aligarh,On foot,65596,57268,8328,0,0,0,31129,27208,3921,20125,17635,2490,14342,12425,1917,0,0,0,0,0,0,0,0,0,0,0,0,0,0,0,27.8973944,78.0880129
UTTAR PRADESH,Urban,Aligarh,Bicycle,66835,64428,2407,0,0,0,9427,9058,369,36573,35337,1236,9892,9617,275,2046,1982,64,8897,8434,463,0,0,0,0,0,0,0,0,0,27.8973944,78.0880129
UTTAR PRADESH,Urban,Aligarh,Moped/Scooter/Motor Cycle,38962,36136,2826,0,0,0,5386,5008,378,18668,17321,1347,6192,5806,386,2213,2060,153,965,913,52,735,684,51,448,417,31,4355,3927,428,27.8973944,78.0880129
UTTAR PRADESH,Urban,Aligarh,Car/Jeep/Van,3788,3145,643,0,0,0,542,435,107,1464,1188,276,490,417,73,225,193,32,138,119,19,194,166,28,237,204,33,498,423,75,27.8973944,78.0880129
UTTAR PRADESH,Urban,Aligarh,Tempo/Autorickshaw/Taxi,5387,3642,1745,0,0,0,543,335,208,2420,1496,924,1058,768,290,368,298,70,159,129,30,123,104,19,94,81,13,622,431,191,27.8973944,78.0880129
UTTAR PRADESH,Urban,Aligarh,Bus,7852,6342,1510,0,0,0,529,415,114,958,672,286,804,610,194,1038,792,246,1125,913,212,1059,883,176,1469,1355,114,870,702,168,27.8973944,78.0880129
UTTAR PRADESH,Urban,Aligarh,Train,5547,5129,418,0,0,0,540,490,50,587,532,55,257,239,18,154,147,7,119,104,15,242,227,15,2596,2429,167,1052,961,91,27.8973944,78.0880129
UTTAR PRADESH,Urban,Aligarh,Water transport,129,102,27,0,0,0,23,13,10,28,22,6,9,7,2,5,3,2,5,4,1,5,4,1,16,14,2,38,35,3,27.8973944,78.0880129
UTTAR PRADESH,Urban,Aligarh,Any other,1864,1681,183,0,0,0,292,264,28,707,621,86,395,371,24,88,83,5,44,41,3,34,34,0,63,60,3,241,207,34,27.8973944,78.0880129
UTTAR PRADESH,Urban,Aligarh,No travel,103137,78300,24837,103137,78300,24837,0,0,0,0,0,0,0,0,0,0,0,0,0,0,0,0,0,0,0,0,0,0,0,0,27.8973944,78.0880129
ANDHRA PRADESH,Total,Mahbubnagar,All Modes,524429,384998,139431,242041,163046,78995,64109,45987,18122,73912,57682,16230,51374,40289,11085,27839,23210,4629,15344,12924,2420,13527,11354,2173,30244,25440,4804,6039,5066,973,16.3841436,78.1108279
ANDHRA PRADESH,Total,Mahbubnagar,On foot,104052,71049,33003,0,0,0,50751,34138,16613,32558,22042,10516,20743,14869,5874,0,0,0,0,0,0,0,0,0,0,0,0,0,0,0,16.3841436,78.1108279
ANDHRA PRADESH,Total,Mahbubnagar,Bicycle,20299,19056,1243,0,0,0,3101,2891,210,10922,10358,564,3063,2868,195,1042,968,74,2171,1971,200,0,0,0,0,0,0,0,0,0,16.3841436,78.1108279
ANDHRA PRADESH,Total,Mahbubnagar,Moped/Scooter/Motor Cycle,37242,35462,1780,0,0,0,6209,5934,275,13945,13220,725,6267,5962,305,4695,4494,201,1842,1774,68,1404,1348,56,993,936,57,1887,1794,93,16.3841436,78.1108279
ANDHRA PRADESH,Total,Mahbubnagar,Car/Jeep/Van,6924,6087,837,0,0,0,497,431,66,1221,1006,215,1055,867,188,1060,950,110,652,601,51,744,686,58,1320,1205,115,375,341,34,16.3841436,78.1108279
ANDHRA PRADESH,Total,Mahbubnagar,Tempo/Autorickshaw/Taxi,26632,20655,5977,0,0,0,1269,861,408,7901,5534,2367,8177,6377,1800,5076,4245,831,1441,1256,185,873,784,89,1060,965,95,835,633,202,16.3841436,78.1108279
ANDHRA PRADESH,Total,Mahbubnagar,Bus,77715,61605,16110,0,0,0,1793,1328,465,6441,4738,1703,11383,8755,2628,15263,11951,3312,8735,6889,1846,9695,7815,1880,22145,18394,3751,2260,1735,525,16.3841436,78.1108279
ANDHRA PRADESH,Total,Mahbubnagar,Train,6878,5658,1220,0,0,0,278,225,53,432,357,75,310,256,54,424,355,69,305,249,56,611,530,81,4099,3350,749,419,336,83,16.3841436,78.1108279
ANDHRA PRADESH,Total,Mahbubnagar,Water transport,299,249,50,0,0,0,18,12,6,73,61,12,53,44,9,28,26,2,12,9,3,20,19,1,68,60,8,27,18,9,16.3841436,78.1108279
ANDHRA PRADESH,Total,Mahbubnagar,Any other,2347,2131,216,0,0,0,193,167,26,419,366,53,323,291,32,251,221,30,186,175,11,180,172,8,559,530,29,236,209,27,16.3841436,78.1108279
ANDHRA PRADESH,Total,Mahbubnagar,No travel,242041,163046,78995,242041,163046,78995,0,0,0,0,0,0,0,0,0,0,0,0,0,0,0,0,0,0,0,0,0,0,0,0,16.3841436,78.1108279
ANDHRA PRADESH,Rural,Mahbubnagar,All Modes,344351,251082,93269,173748,117013,56735,33658,23133,10525,34604,26376,8228,35219,27858,7361,20879,17686,3193,10971,9425,1546,9190,7931,1259,22867,19057,3810,3215,2603,612,16.3841436,78.1108279
ANDHRA PRADESH,Rural,Mahbubnagar,On foot,59625,40634,18991,0,0,0,28704,18905,9799,17260,11799,5461,13661,9930,3731,0,0,0,0,0,0,0,0,0,0,0,0,0,0,0,16.3841436,78.1108279
ANDHRA PRADESH,Rural,Mahbubnagar,Bicycle,8934,8311,623,0,0,0,1088,1001,87,3981,3751,230,1916,1797,119,794,741,53,1155,1021,134,0,0,0,0,0,0,0,0,0,16.3841436,78.1108279
ANDHRA PRADESH,Rural,Mahbubnagar,Moped/Scooter/Motor Cycle,14098,13407,691,0,0,0,1468,1397,71,3350,3162,188,3116,2963,153,2904,2774,130,1189,1151,38,827,795,32,590,552,38,654,613,41,16.3841436,78.1108279
ANDHRA PRADESH,Rural,Mahbubnagar,Car/Jeep/Van,4539,3970,569,0,0,0,230,194,36,572,452,120,756,606,150,795,708,87,514,475,39,568,529,39,921,839,82,183,167,16,16.3841436,78.1108279
ANDHRA PRADESH,Rural,Mahbubnagar,Tempo/Autorickshaw/Taxi,19152,15651,3501,0,0,0,673,505,168,4256,3245,1011,6319,5070,1249,4464,3796,668,1299,1149,150,706,653,53,912,829,83,523,404,119,16.3841436,78.1108279
ANDHRA PRADESH,Rural,Mahbubnagar,Bus,58462,47314,11148,0,0,0,1256,939,317,4694,3548,1146,8965,7062,1903,11387,9213,2174,6401,5270,1131,6623,5531,1092,17620,14597,3023,1516,1154,362,16.3841436,78.1108279
ANDHRA PRADESH,Rural,Mahbubnagar,Train,3992,3139,853,0,0,0,131,102,29,216,173,43,220,185,35,294,242,52,236,192,44,316,278,38,2365,1809,556,214,158,56,16.3841436,78.1108279
ANDHRA PRADESH,Rural,Mahbubnagar,Water transport,227,191,36,0,0,0,13,9,4,64,53,11,43,36,7,23,22,1,7,5,2,15,14,1,44,41,3,18,11,7,16.3841436,78.1108279
ANDHRA PRADESH,Rural,Mahbubnagar,Any other,1574,1452,122,0,0,0,95,81,14,211,193,18,223,209,14,218,190,28,170,162,8,135,131,4,415,390,25,107,96,11,16.3841436,78.1108279
ANDHRA PRADESH,Rural,Mahbubnagar,No travel,173748,117013,56735,173748,117013,56735,0,0,0,0,0,0,0,0,0,0,0,0,0,0,0,0,0,0,0,0,0,0,0,0,16.3841436,78.1108279
ANDHRA PRADESH,Urban,Mahbubnagar,All Modes,180078,133916,46162,68293,46033,22260,30451,22854,7597,39308,31306,8002,16155,12431,3724,6960,5524,1436,4373,3499,874,4337,3423,914,7377,6383,994,2824,2463,361,16.3841436,78.1108279
ANDHRA PRADESH,Urban,Mahbubnagar,On foot,44427,30415,14012,0,0,0,22047,15233,6814,15298,10243,5055,7082,4939,2143,0,0,0,0,0,0,0,0,0,0,0,0,0,0,0,16.3841436,78.1108279
ANDHRA PRADESH,Urban,Mahbubnagar,Bicycle,11365,10745,620,0,0,0,2013,1890,123,6941,6607,334,1147,1071,76,248,227,21,1016,950,66,0,0,0,0,0,0,0,0,0,16.3841436,78.1108279
ANDHRA PRADESH,Urban,Mahbubnagar,Moped/Scooter/Motor Cycle,23144,22055,1089,0,0,0,4741,4537,204,10595,10058,537,3151,2999,152,1791,1720,71,653,623,30,577,553,24,403,384,19,1233,1181,52,16.3841436,78.1108279
ANDHRA PRADESH,Urban,Mahbubnagar,Car/Jeep/Van,2385,2117,268,0,0,0,267,237,30,649,554,95,299,261,38,265,242,23,138,126,12,176,157,19,399,366,33,192,174,18,16.3841436,78.1108279
ANDHRA PRADESH,Urban,Mahbubnagar,Tempo/Autorickshaw/Taxi,7480,5004,2476,0,0,0,596,356,240,3645,2289,1356,1858,1307,551,612,449,163,142,107,35,167,131,36,148,136,12,312,229,83,16.3841436,78.1108279
ANDHRA PRADESH,Urban,Mahbubnagar,Bus,19253,14291,4962,0,0,0,537,389,148,1747,1190,557,2418,1693,725,3876,2738,1138,2334,1619,715,3072,2284,788,4525,3797,728,744,581,163,16.3841436,78.1108279
ANDHRA PRADESH,Urban,Mahbubnagar,Train,2886,2519,367,0,0,0,147,123,24,216,184,32,90,71,19,130,113,17,69,57,12,295,252,43,1734,1541,193,205,178,27,16.3841436,78.1108279
ANDHRA PRADESH,Urban,Mahbubnagar,Water transport,72,58,14,0,0,0,5,3,2,9,8,1,10,8,2,5,4,1,5,4,1,5,5,0,24,19,5,9,7,2,16.3841436,78.1108279
ANDHRA PRADESH,Urban,Mahbubnagar,Any other,773,679,94,0,0,0,98,86,12,208,173,35,100,82,18,33,31,2,16,13,3,45,41,4,144,140,4,129,113,16,16.3841436,78.1108279
ANDHRA PRADESH,Urban,Mahbubnagar,No travel,68293,46033,22260,68293,46033,22260,0,0,0,0,0,0,0,0,0,0,0,0,0,0,0,0,0,0,0,0,0,0,0,0,16.3841436,78.1108279
TAMIL NADU,Total,Madurai,All Modes,841792,641155,200637,164283,104465,59818,128579,87103,41476,239568,190989,48579,152011,124096,27915,70475,59272,11203,33664,29218,4446,20819,17882,2937,24132,20938,3194,8261,7192,1069,9.9252007,78.1197754
TAMIL NADU,Total,Madurai,On foot,161087,96140,64947,0,0,0,88849,51702,37147,49503,29210,20293,22735,15228,7507,0,0,0,0,0,0,0,0,0,0,0,0,0,0,0,9.9252007,78.1197754
TAMIL NADU,Total,Madurai,Bicycle,119843,115169,4674,0,0,0,16990,16212,778,69659,66887,2772,23078,22349,729,5136,4970,166,4980,4751,229,0,0,0,0,0,0,0,0,0,9.9252007,78.1197754
TAMIL NADU,Total,Madurai,Moped/Scooter/Motor Cycle,143036,133684,9352,0,0,0,14657,13572,1085,61031,56571,4460,39471,36929,2542,16207,15392,815,4585,4433,152,2728,2636,92,1345,1296,49,3012,2855,157,9.9252007,78.1197754
TAMIL NADU,Total,Madurai,Car/Jeep/Van,19620,15066,4554,0,0,0,1272,945,327,5823,4018,1805,4667,3508,1159,3057,2331,726,1307,1066,241,1402,1268,134,1501,1403,98,591,527,64,9.9252007,78.1197754
TAMIL NADU,Total,Madurai,Tempo/Autorickshaw/Taxi,11689,9703,1986,0,0,0,1011,833,178,3863,2725,1138,2676,2261,415,1550,1408,142,789,758,31,744,722,22,566,539,27,490,457,33,9.9252007,78.1197754
TAMIL NADU,Total,Madurai,Bus,211902,157936,53966,0,0,0,5315,3445,1870,48195,30363,17832,58150,42782,15368,43730,34510,9220,21432,17702,3730,15190,12576,2614,16520,13939,2581,3370,2619,751,9.9252007,78.1197754
TAMIL NADU,Total,Madurai,Train,6825,5813,1012,0,0,0,262,201,61,742,568,174,623,502,121,414,330,84,367,317,50,525,461,64,3529,3111,418,363,323,40,9.9252007,78.1197754
TAMIL NADU,Total,Madurai,Water transport,342,280,62,0,0,0,20,17,3,63,45,18,69,51,18,41,32,9,20,17,3,11,7,4,53,50,3,65,61,4,9.9252007,78.1197754
TAMIL NADU,Total,Madurai,Any other,3165,2899,266,0,0,0,203,176,27,689,602,87,542,486,56,340,299,41,184,174,10,219,212,7,618,600,18,370,350,20,9.9252007,78.1197754
TAMIL NADU,Total,Madurai,No travel,164283,104465,59818,164283,104465,59818,0,0,0,0,0,0,0,0,0,0,0,0,0,0,0,0,0,0,0,0,0,0,0,0,9.9252007,78.1197754
TAMIL NADU,Rural,Madurai,All Modes,191752,140858,50894,51579,33602,17977,20194,11966,8228,33387,23047,10340,31690,24708,6982,25371,21509,3862,13336,11777,1559,7834,6960,874,6738,5926,812,1623,1363,260,9.9252007,78.1197754
TAMIL NADU,Rural,Madurai,On foot,32165,17078,15087,0,0,0,15839,8361,7478,10665,5261,5404,5661,3456,2205,0,0,0,0,0,0,0,0,0,0,0,0,0,0,0,9.9252007,78.1197754
TAMIL NADU,Rural,Madurai,Bicycle,12376,11701,675,0,0,0,1411,1326,85,6719,6329,390,2722,2599,123,892,859,33,632,588,44,0,0,0,0,0,0,0,0,0,9.9252007,78.1197754
TAMIL NADU,Rural,Madurai,Moped/Scooter/Motor Cycle,15132,14296,836,0,0,0,1115,1001,114,4322,4015,307,4197,3967,230,3246,3134,112,1201,1175,26,543,520,23,192,186,6,316,298,18,9.9252007,78.1197754
TAMIL NADU,Rural,Madurai,Car/Jeep/Van,4563,2844,1719,0,0,0,215,131,84,1074,516,558,982,560,422,992,570,422,449,312,137,393,333,60,361,340,21,97,82,15,9.9252007,78.1197754
TAMIL NADU,Rural,Madurai,Tempo/Autorickshaw/Taxi,2010,1727,283,0,0,0,112,100,12,555,411,144,504,440,64,338,301,37,166,159,7,149,143,6,113,109,4,73,64,9,9.9252007,78.1197754
TAMIL NADU,Rural,Madurai,Bus,71791,57677,14114,0,0,0,1428,990,438,9863,6348,3515,17388,13485,3903,19675,16442,3233,10730,9401,1329,6592,5816,776,5193,4474,719,922,721,201,9.9252007,78.1197754
TAMIL NADU,Rural,Madurai,Train,1175,1049,126,0,0,0,36,29,7,60,53,7,103,88,15,92,78,14,68,56,12,61,56,5,655,600,55,100,89,11,9.9252007,78.1197754
TAMIL NADU,Rural,Madurai,Water transport,83,68,15,0,0,0,3,2,1,7,4,3,22,14,8,16,16,0,8,8,0,6,4,2,13,12,1,8,8,0,9.9252007,78.1197754
TAMIL NADU,Rural,Madurai,Any other,878,816,62,0,0,0,35,26,9,122,110,12,111,99,12,120,109,11,82,78,4,90,88,2,211,205,6,107,101,6,9.9252007,78.1197754
TAMIL NADU,Rural,Madurai,No travel,51579,33602,17977,51579,33602,17977,0,0,0,0,0,0,0,0,0,0,0,0,0,0,0,0,0,0,0,0,0,0,0,0,9.9252007,78.1197754
TAMIL NADU,Urban,Madurai,All Modes,650040,500297,149743,112704,70863,41841,108385,75137,33248,206181,167942,38239,120321,99388,20933,45104,37763,7341,20328,17441,2887,12985,10922,2063,17394,15012,2382,6638,5829,809,9.9252007,78.1197754
TAMIL NADU,Urban,Madurai,On foot,128922,79062,49860,0,0,0,73010,43341,29669,38838,23949,14889,17074,11772,5302,0,0,0,0,0,0,0,0,0,0,0,0,0,0,0,9.9252007,78.1197754
TAMIL NADU,Urban,Madurai,Bicycle,107467,103468,3999,0,0,0,15579,14886,693,62940,60558,2382,20356,19750,606,4244,4111,133,4348,4163,185,0,0,0,0,0,0,0,0,0,9.9252007,78.1197754
TAMIL NADU,Urban,Madurai,Moped/Scooter/Motor Cycle,127904,119388,8516,0,0,0,13542,12571,971,56709,52556,4153,35274,32962,2312,12961,12258,703,3384,3258,126,2185,2116,69,1153,1110,43,2696,2557,139,9.9252007,78.1197754
TAMIL NADU,Urban,Madurai,Car/Jeep/Van,15057,12222,2835,0,0,0,1057,814,243,4749,3502,1247,3685,2948,737,2065,1761,304,858,754,104,1009,935,74,1140,1063,77,494,445,49,9.9252007,78.1197754
TAMIL NADU,Urban,Madurai,Tempo/Autorickshaw/Taxi,9679,7976,1703,0,0,0,899,733,166,3308,2314,994,2172,1821,351,1212,1107,105,623,599,24,595,579,16,453,430,23,417,393,24,9.9252007,78.1197754
TAMIL NADU,Urban,Madurai,Bus,140111,100259,39852,0,0,0,3887,2455,1432,38332,24015,14317,40762,29297,11465,24055,18068,5987,10702,8301,2401,8598,6760,1838,11327,9465,1862,2448,1898,550,9.9252007,78.1197754
TAMIL NADU,Urban,Madurai,Train,5650,4764,886,0,0,0,226,172,54,682,515,167,520,414,106,322,252,70,299,261,38,464,405,59,2874,2511,363,263,234,29,9.9252007,78.1197754
TAMIL NADU,Urban,Madurai,Water transport,259,212,47,0,0,0,17,15,2,56,41,15,47,37,10,25,16,9,12,9,3,5,3,2,40,38,2,57,53,4,9.9252007,78.1197754
TAMIL NADU,Urban,Madurai,Any other,2287,2083,204,0,0,0,168,150,18,567,492,75,431,387,44,220,190,30,102,96,6,129,124,5,407,395,12,263,249,14,9.9252007,78.1197754
TAMIL NADU,Urban,Madurai,No travel,112704,70863,41841,112704,70863,41841,0,0,0,0,0,0,0,0,0,0,0,0,0,0,0,0,0,0,0,0,0,0,0,0,9.9252007,78.1197754
MAHARASHTRA,Total,Yavatmal,All Modes,264878,211818,53060,86680,60525,26155,49507,40248,9259,69959,59933,10026,24591,20959,3632,11828,10487,1341,8557,7529,1028,6609,5801,808,5548,4908,640,1599,1428,171,20.3887937,78.1204073
MAHARASHTRA,Total,Yavatmal,On foot,61555,45998,15557,0,0,0,31517,23731,7786,22034,16246,5788,8004,6021,1983,0,0,0,0,0,0,0,0,0,0,0,0,0,0,0,20.3887937,78.1204073
MAHARASHTRA,Total,Yavatmal,Bicycle,33895,32705,1190,0,0,0,6110,5871,239,20095,19396,699,4818,4692,126,1096,1061,35,1776,1685,91,0,0,0,0,0,0,0,0,0,20.3887937,78.1204073
MAHARASHTRA,Total,Yavatmal,Moped/Scooter/Motor Cycle,50877,46275,4602,0,0,0,9813,8907,906,21991,19548,2443,6824,6266,558,5567,5242,325,2791,2664,127,2206,2085,121,848,797,51,837,766,71,20.3887937,78.1204073
MAHARASHTRA,Total,Yavatmal,Car/Jeep/Van,3139,2840,299,0,0,0,393,346,47,847,759,88,340,308,32,338,311,27,302,272,30,394,354,40,404,375,29,121,115,6,20.3887937,78.1204073
MAHARASHTRA,Total,Yavatmal,Tempo/Autorickshaw/Taxi,9192,7733,1459,0,0,0,789,675,114,2834,2258,576,2468,2051,417,1670,1457,213,629,562,67,373,348,25,214,194,20,215,188,27,20.3887937,78.1204073
MAHARASHTRA,Total,Yavatmal,Bus,16590,13077,3513,0,0,0,480,356,124,1258,893,365,1765,1288,477,2930,2214,716,2898,2198,700,3399,2790,609,3580,3107,473,280,231,49,20.3887937,78.1204073
MAHARASHTRA,Total,Yavatmal,Train,921,785,136,0,0,0,125,103,22,234,203,31,83,72,11,42,39,3,25,19,6,38,33,5,315,266,49,59,50,9,20.3887937,78.1204073
MAHARASHTRA,Total,Yavatmal,Water transport,67,57,10,0,0,0,15,14,1,12,11,1,12,9,3,7,7,0,7,6,1,5,4,1,5,3,2,4,3,1,20.3887937,78.1204073
MAHARASHTRA,Total,Yavatmal,Any other,1962,1823,139,0,0,0,265,245,20,654,619,35,277,252,25,178,156,22,129,123,6,194,187,7,182,166,16,83,75,8,20.3887937,78.1204073
MAHARASHTRA,Total,Yavatmal,No travel,86680,60525,26155,86680,60525,26155,0,0,0,0,0,0,0,0,0,0,0,0,0,0,0,0,0,0,0,0,0,0,0,0,20.3887937,78.1204073
MAHARASHTRA,Rural,Yavatmal,All Modes,106072,82131,23941,47360,32708,14652,15158,11471,3687,16797,14391,2406,12020,10231,1789,6022,5507,515,3516,3172,344,2493,2247,246,2085,1838,247,621,566,55,20.3887937,78.1204073
MAHARASHTRA,Rural,Yavatmal,On foot,21490,15342,6148,0,0,0,11623,8218,3405,5972,4353,1619,3895,2771,1124,0,0,0,0,0,0,0,0,0,0,0,0,0,0,0,20.3887937,78.1204073
MAHARASHTRA,Rural,Yavatmal,Bicycle,8733,8453,280,0,0,0,944,892,52,4430,4298,132,2241,2187,54,617,604,13,501,472,29,0,0,0,0,0,0,0,0,0,20.3887937,78.1204073
MAHARASHTRA,Rural,Yavatmal,Moped/Scooter/Motor Cycle,14098,13293,805,0,0,0,1878,1757,121,4156,3862,294,2946,2769,177,2458,2342,116,1183,1134,49,852,827,25,319,304,15,306,298,8,20.3887937,78.1204073
MAHARASHTRA,Rural,Yavatmal,Car/Jeep/Van,1186,1089,97,0,0,0,116,100,16,255,234,21,162,149,13,188,174,14,142,135,7,145,132,13,129,119,10,49,46,3,20.3887937,78.1204073
MAHARASHTRA,Rural,Yavatmal,Tempo/Autorickshaw/Taxi,5006,4453,553,0,0,0,281,253,28,1163,999,164,1534,1352,182,1221,1114,107,386,346,40,206,196,10,120,110,10,95,83,12,20.3887937,78.1204073
MAHARASHTRA,Rural,Yavatmal,Bus,6886,5620,1266,0,0,0,205,155,50,557,402,155,1049,834,215,1395,1149,246,1192,982,210,1145,954,191,1234,1060,174,109,84,25,20.3887937,78.1204073
MAHARASHTRA,Rural,Yavatmal,Train,416,357,59,0,0,0,45,37,8,51,45,6,48,41,7,29,27,2,12,8,4,21,18,3,186,161,25,24,20,4,20.3887937,78.1204073
MAHARASHTRA,Rural,Yavatmal,Water transport,35,31,4,0,0,0,7,6,1,5,5,0,7,6,1,3,3,0,5,5,0,1,1,0,4,3,1,3,2,1,20.3887937,78.1204073
MAHARASHTRA,Rural,Yavatmal,Any other,862,785,77,0,0,0,59,53,6,208,193,15,138,122,16,111,94,17,95,90,5,123,119,4,93,81,12,35,33,2,20.3887937,78.1204073
MAHARASHTRA,Rural,Yavatmal,No travel,47360,32708,14652,47360,32708,14652,0,0,0,0,0,0,0,0,0,0,0,0,0,0,0,0,0,0,0,0,0,0,0,0,20.3887937,78.1204073
MAHARASHTRA,Urban,Yavatmal,All Modes,158806,129687,29119,39320,27817,11503,34349,28777,5572,53162,45542,7620,12571,10728,1843,5806,4980,826,5041,4357,684,4116,3554,562,3463,3070,393,978,862,116,20.3887937,78.1204073
MAHARASHTRA,Urban,Yavatmal,On foot,40065,30656,9409,0,0,0,19894,15513,4381,16062,11893,4169,4109,3250,859,0,0,0,0,0,0,0,0,0,0,0,0,0,0,0,20.3887937,78.1204073
MAHARASHTRA,Urban,Yavatmal,Bicycle,25162,24252,910,0,0,0,5166,4979,187,15665,15098,567,2577,2505,72,479,457,22,1275,1213,62,0,0,0,0,0,0,0,0,0,20.3887937,78.1204073
MAHARASHTRA,Urban,Yavatmal,Moped/Scooter/Motor Cycle,36779,32982,3797,0,0,0,7935,7150,785,17835,15686,2149,3878,3497,381,3109,2900,209,1608,1530,78,1354,1258,96,529,493,36,531,468,63,20.3887937,78.1204073
MAHARASHTRA,Urban,Yavatmal,Car/Jeep/Van,1953,1751,202,0,0,0,277,246,31,592,525,67,178,159,19,150,137,13,160,137,23,249,222,27,275,256,19,72,69,3,20.3887937,78.1204073
MAHARASHTRA,Urban,Yavatmal,Tempo/Autorickshaw/Taxi,4186,3280,906,0,0,0,508,422,86,1671,1259,412,934,699,235,449,343,106,243,216,27,167,152,15,94,84,10,120,105,15,20.3887937,78.1204073
MAHARASHTRA,Urban,Yavatmal,Bus,9704,7457,2247,0,0,0,275,201,74,701,491,210,716,454,262,1535,1065,470,1706,1216,490,2254,1836,418,2346,2047,299,171,147,24,20.3887937,78.1204073
MAHARASHTRA,Urban,Yavatmal,Train,505,428,77,0,0,0,80,66,14,183,158,25,35,31,4,13,12,1,13,11,2,17,15,2,129,105,24,35,30,5,20.3887937,78.1204073
MAHARASHTRA,Urban,Yavatmal,Water transport,32,26,6,0,0,0,8,8,0,7,6,1,5,3,2,4,4,0,2,1,1,4,3,1,1,0,1,1,1,0,20.3887937,78.1204073
MAHARASHTRA,Urban,Yavatmal,Any other,1100,1038,62,0,0,0,206,192,14,446,426,20,139,130,9,67,62,5,34,33,1,71,68,3,89,85,4,48,42,6,20.3887937,78.1204073
MAHARASHTRA,Urban,Yavatmal,No travel,39320,27817,11503,39320,27817,11503,0,0,0,0,0,0,0,0,0,0,0,0,0,0,0,0,0,0,0,0,0,0,0,0,20.3887937,78.1204073
KARNATAKA,Total,Kolar,All Modes,309404,225740,83664,117737,71882,45855,44068,32647,11421,44875,35624,9251,35296,27726,7570,16954,13920,3034,9453,7949,1504,8809,7549,1260,30345,26778,3567,1867,1665,202,13.1362143,78.1290986
KARNATAKA,Total,Kolar,On foot,61135,42424,18711,0,0,0,32749,22610,10139,16313,11303,5010,12073,8511,3562,0,0,0,0,0,0,0,0,0,0,0,0,0,0,0,13.1362143,78.1290986
KARNATAKA,Total,Kolar,Bicycle,14095,13422,673,0,0,0,2306,2194,112,6785,6504,281,2747,2605,142,880,840,40,1377,1279,98,0,0,0,0,0,0,0,0,0,13.1362143,78.1290986
KARNATAKA,Total,Kolar,Moped/Scooter/Motor Cycle,25300,23754,1546,0,0,0,4800,4564,236,9768,9096,672,4540,4206,334,2858,2715,143,1067,1016,51,775,747,28,811,764,47,681,646,35,13.1362143,78.1290986
KARNATAKA,Total,Kolar,Car/Jeep/Van,3340,2910,430,0,0,0,368,304,64,817,687,130,429,357,72,355,311,44,224,208,16,320,291,29,705,644,61,122,108,14,13.1362143,78.1290986
KARNATAKA,Total,Kolar,Tempo/Autorickshaw/Taxi,8730,7193,1537,0,0,0,846,678,168,2860,2044,816,1924,1643,281,990,874,116,502,463,39,556,515,41,778,732,46,274,244,30,13.1362143,78.1290986
KARNATAKA,Total,Kolar,Bus,54651,42544,12107,0,0,0,2094,1534,560,7136,4954,2182,12690,9626,3064,11130,8548,2582,5717,4497,1220,5100,4190,910,10334,8827,1507,450,368,82,13.1362143,78.1290986
KARNATAKA,Total,Kolar,Train,23008,20354,2654,0,0,0,729,611,118,889,783,106,706,611,95,591,500,91,500,423,77,1955,1710,245,17397,15507,1890,241,209,32,13.1362143,78.1290986
KARNATAKA,Total,Kolar,Water transport,119,99,20,0,0,0,17,13,4,13,11,2,25,22,3,10,5,5,8,8,0,8,5,3,33,31,2,5,4,1,13.1362143,78.1290986
KARNATAKA,Total,Kolar,Any other,1289,1158,131,0,0,0,159,139,20,294,242,52,162,145,17,140,127,13,58,55,3,95,91,4,287,273,14,94,86,8,13.1362143,78.1290986
KARNATAKA,Total,Kolar,No travel,117737,71882,45855,117737,71882,45855,0,0,0,0,0,0,0,0,0,0,0,0,0,0,0,0,0,0,0,0,0,0,0,0,13.1362143,78.1290986
KARNATAKA,Rural,Kolar,All Modes,159490,108136,51354,73364,41343,32021,15790,9719,6071,15804,11399,4405,20341,15850,4491,11172,9597,1575,5488,4735,753,5238,4555,683,11731,10450,1281,562,488,74,13.1362143,78.1290986
KARNATAKA,Rural,Kolar,On foot,26282,15517,10765,0,0,0,13140,7557,5583,6981,4062,2919,6161,3898,2263,0,0,0,0,0,0,0,0,0,0,0,0,0,0,0,13.1362143,78.1290986
KARNATAKA,Rural,Kolar,Bicycle,5532,5188,344,0,0,0,459,414,45,2067,1957,110,1781,1673,108,630,598,32,595,546,49,0,0,0,0,0,0,0,0,0,13.1362143,78.1290986
KARNATAKA,Rural,Kolar,Moped/Scooter/Motor Cycle,8858,8300,558,0,0,0,540,494,46,2233,2067,166,2624,2429,195,1865,1785,80,684,654,30,449,431,18,358,341,17,105,99,6,13.1362143,78.1290986
KARNATAKA,Rural,Kolar,Car/Jeep/Van,1405,1221,184,0,0,0,78,55,23,160,125,35,218,182,36,244,219,25,131,120,11,181,159,22,364,334,30,29,27,2,13.1362143,78.1290986
KARNATAKA,Rural,Kolar,Tempo/Autorickshaw/Taxi,3640,3209,431,0,0,0,213,185,28,729,578,151,1001,874,127,613,559,54,262,244,18,344,322,22,394,375,19,84,72,12,13.1362143,78.1290986
KARNATAKA,Rural,Kolar,Bus,33904,27537,6367,0,0,0,1173,866,307,3289,2326,963,8197,6475,1722,7423,6085,1338,3504,2897,607,3398,2880,518,6684,5810,874,236,198,38,13.1362143,78.1290986
KARNATAKA,Rural,Kolar,Train,5778,5187,591,0,0,0,126,98,28,198,169,29,245,220,25,278,248,30,268,233,35,794,696,98,3804,3469,335,65,54,11,13.1362143,78.1290986
KARNATAKA,Rural,Kolar,Water transport,51,41,10,0,0,0,5,3,2,3,3,0,14,13,1,5,2,3,6,6,0,2,1,1,15,13,2,1,0,1,13.1362143,78.1290986
KARNATAKA,Rural,Kolar,Any other,676,593,83,0,0,0,56,47,9,144,112,32,100,86,14,114,101,13,38,35,3,70,66,4,112,108,4,42,38,4,13.1362143,78.1290986
KARNATAKA,Rural,Kolar,No travel,73364,41343,32021,73364,41343,32021,0,0,0,0,0,0,0,0,0,0,0,0,0,0,0,0,0,0,0,0,0,0,0,0,13.1362143,78.1290986
KARNATAKA,Urban,Kolar,All Modes,149914,117604,32310,44373,30539,13834,28278,22928,5350,29071,24225,4846,14955,11876,3079,5782,4323,1459,3965,3214,751,3571,2994,577,18614,16328,2286,1305,1177,128,13.1362143,78.1290986
KARNATAKA,Urban,Kolar,On foot,34853,26907,7946,0,0,0,19609,15053,4556,9332,7241,2091,5912,4613,1299,0,0,0,0,0,0,0,0,0,0,0,0,0,0,0,13.1362143,78.1290986
KARNATAKA,Urban,Kolar,Bicycle,8563,8234,329,0,0,0,1847,1780,67,4718,4547,171,966,932,34,250,242,8,782,733,49,0,0,0,0,0,0,0,0,0,13.1362143,78.1290986
KARNATAKA,Urban,Kolar,Moped/Scooter/Motor Cycle,16442,15454,988,0,0,0,4260,4070,190,7535,7029,506,1916,1777,139,993,930,63,383,362,21,326,316,10,453,423,30,576,547,29,13.1362143,78.1290986
KARNATAKA,Urban,Kolar,Car/Jeep/Van,1935,1689,246,0,0,0,290,249,41,657,562,95,211,175,36,111,92,19,93,88,5,139,132,7,341,310,31,93,81,12,13.1362143,78.1290986
KARNATAKA,Urban,Kolar,Tempo/Autorickshaw/Taxi,5090,3984,1106,0,0,0,633,493,140,2131,1466,665,923,769,154,377,315,62,240,219,21,212,193,19,384,357,27,190,172,18,13.1362143,78.1290986
KARNATAKA,Urban,Kolar,Bus,20747,15007,5740,0,0,0,921,668,253,3847,2628,1219,4493,3151,1342,3707,2463,1244,2213,1600,613,1702,1310,392,3650,3017,633,214,170,44,13.1362143,78.1290986
KARNATAKA,Urban,Kolar,Train,17230,15167,2063,0,0,0,603,513,90,691,614,77,461,391,70,313,252,61,232,190,42,1161,1014,147,13593,12038,1555,176,155,21,13.1362143,78.1290986
KARNATAKA,Urban,Kolar,Water transport,68,58,10,0,0,0,12,10,2,10,8,2,11,9,2,5,3,2,2,2,0,6,4,2,18,18,0,4,4,0,13.1362143,78.1290986
KARNATAKA,Urban,Kolar,Any other,613,565,48,0,0,0,103,92,11,150,130,20,62,59,3,26,26,0,20,20,0,25,25,0,175,165,10,52,48,4,13.1362143,78.1290986
KARNATAKA,Urban,Kolar,No travel,44373,30539,13834,44373,30539,13834,0,0,0,0,0,0,0,0,0,0,0,0,0,0,0,0,0,0,0,0,0,0,0,0,13.1362143,78.1290986
TAMIL NADU,Total,Thoothukkudi,All Modes,476073,359713,116360,86475,55963,30512,92969,61973,30996,135762,107696,28066,72913,58440,14473,34785,29251,5534,20976,18119,2857,14865,12867,1998,12785,11382,1403,4543,4022,521,8.7641661,78.1348361
TAMIL NADU,Total,Thoothukkudi,On foot,104512,56614,47898,0,0,0,62078,33620,28458,29865,15712,14153,12569,7282,5287,0,0,0,0,0,0,0,0,0,0,0,0,0,0,0,8.7641661,78.1348361
TAMIL NADU,Total,Thoothukkudi,Bicycle,94471,90159,4312,0,0,0,16810,16014,796,53886,51137,2749,16124,15620,504,3646,3559,87,4005,3829,176,0,0,0,0,0,0,0,0,0,8.7641661,78.1348361
TAMIL NADU,Total,Thoothukkudi,Moped/Scooter/Motor Cycle,71086,66162,4924,0,0,0,9707,8965,742,31670,28855,2815,16586,15688,898,7334,7069,265,2222,2172,50,1466,1422,44,561,541,20,1540,1450,90,8.7641661,78.1348361
TAMIL NADU,Total,Thoothukkudi,Car/Jeep/Van,13526,8475,5051,0,0,0,976,686,290,3869,2206,1663,3203,1788,1415,2189,1228,961,1155,729,426,1091,906,185,735,690,45,308,242,66,8.7641661,78.1348361
TAMIL NADU,Total,Thoothukkudi,Tempo/Autorickshaw/Taxi,4477,3714,763,0,0,0,368,296,72,1201,835,366,932,789,143,686,589,97,468,428,40,384,362,22,268,254,14,170,161,9,8.7641661,78.1348361
TAMIL NADU,Total,Thoothukkudi,Bus,88661,66554,22107,0,0,0,1741,1170,571,14350,8188,6162,21634,15519,6115,19091,15038,4053,11712,9617,2095,10391,8695,1696,8368,7265,1103,1374,1062,312,8.7641661,78.1348361
TAMIL NADU,Total,Thoothukkudi,Train,3710,3171,539,0,0,0,161,121,40,282,208,74,242,189,53,191,147,44,210,160,50,378,330,48,1925,1721,204,321,295,26,8.7641661,78.1348361
TAMIL NADU,Total,Thoothukkudi,Water transport,6930,6860,70,0,0,0,981,966,15,284,274,10,1280,1271,9,1474,1463,11,1043,1032,11,943,941,2,411,404,7,514,509,5,8.7641661,78.1348361
TAMIL NADU,Total,Thoothukkudi,Any other,2225,2041,184,0,0,0,147,135,12,355,281,74,343,294,49,174,158,16,161,152,9,212,211,1,517,507,10,316,303,13,8.7641661,78.1348361
TAMIL NADU,Total,Thoothukkudi,No travel,86475,55963,30512,86475,55963,30512,0,0,0,0,0,0,0,0,0,0,0,0,0,0,0,0,0,0,0,0,0,0,0,0,8.7641661,78.1348361
TAMIL NADU,Rural,Thoothukkudi,All Modes,178550,129607,48943,41893,26731,15162,25138,15742,9396,38712,27047,11665,29014,22513,6501,18217,15248,2969,11254,9701,1553,7282,6344,938,5603,5069,534,1437,1212,225,8.7641661,78.1348361
TAMIL NADU,Rural,Thoothukkudi,On foot,39552,21022,18530,0,0,0,19981,11161,8820,13998,6711,7287,5573,3150,2423,0,0,0,0,0,0,0,0,0,0,0,0,0,0,0,8.7641661,78.1348361
TAMIL NADU,Rural,Thoothukkudi,Bicycle,23375,22037,1338,0,0,0,2382,2255,127,12633,11719,914,5666,5478,188,1486,1451,35,1208,1134,74,0,0,0,0,0,0,0,0,0,8.7641661,78.1348361
TAMIL NADU,Rural,Thoothukkudi,Moped/Scooter/Motor Cycle,14259,13399,860,0,0,0,1039,964,75,4447,4048,399,4124,3901,223,2576,2470,106,1000,982,18,585,571,14,179,175,4,309,288,21,8.7641661,78.1348361
TAMIL NADU,Rural,Thoothukkudi,Car/Jeep/Van,6000,3007,2993,0,0,0,288,143,145,1352,638,714,1504,648,856,1211,481,730,733,378,355,508,375,133,299,274,25,105,70,35,8.7641661,78.1348361
TAMIL NADU,Rural,Thoothukkudi,Tempo/Autorickshaw/Taxi,1710,1394,316,0,0,0,82,70,12,327,207,120,329,266,63,331,266,65,275,247,28,177,165,12,110,100,10,79,73,6,8.7641661,78.1348361
TAMIL NADU,Rural,Thoothukkudi,Bus,45985,36575,9410,0,0,0,735,541,194,5507,3352,2155,10783,8083,2700,11332,9335,1997,7336,6291,1045,5579,4822,757,4012,3594,418,701,557,144,8.7641661,78.1348361
TAMIL NADU,Rural,Thoothukkudi,Train,1412,1211,201,0,0,0,52,39,13,114,86,28,95,79,16,96,78,18,105,84,21,171,150,21,682,611,71,97,84,13,8.7641661,78.1348361
TAMIL NADU,Rural,Thoothukkudi,Water transport,3430,3406,24,0,0,0,534,531,3,199,195,4,828,825,3,1084,1080,4,491,486,5,135,134,1,81,79,2,78,76,2,8.7641661,78.1348361
TAMIL NADU,Rural,Thoothukkudi,Any other,934,825,109,0,0,0,45,38,7,135,91,44,112,83,29,101,87,14,106,99,7,127,127,0,240,236,4,68,64,4,8.7641661,78.1348361
TAMIL NADU,Rural,Thoothukkudi,No travel,41893,26731,15162,41893,26731,15162,0,0,0,0,0,0,0,0,0,0,0,0,0,0,0,0,0,0,0,0,0,0,0,0,8.7641661,78.1348361
TAMIL NADU,Urban,Thoothukkudi,All Modes,297523,230106,67417,44582,29232,15350,67831,46231,21600,97050,80649,16401,43899,35927,7972,16568,14003,2565,9722,8418,1304,7583,6523,1060,7182,6313,869,3106,2810,296,8.7641661,78.1348361
TAMIL NADU,Urban,Thoothukkudi,On foot,64960,35592,29368,0,0,0,42097,22459,19638,15867,9001,6866,6996,4132,2864,0,0,0,0,0,0,0,0,0,0,0,0,0,0,0,8.7641661,78.1348361
TAMIL NADU,Urban,Thoothukkudi,Bicycle,71096,68122,2974,0,0,0,14428,13759,669,41253,39418,1835,10458,10142,316,2160,2108,52,2797,2695,102,0,0,0,0,0,0,0,0,0,8.7641661,78.1348361
TAMIL NADU,Urban,Thoothukkudi,Moped/Scooter/Motor Cycle,56827,52763,4064,0,0,0,8668,8001,667,27223,24807,2416,12462,11787,675,4758,4599,159,1222,1190,32,881,851,30,382,366,16,1231,1162,69,8.7641661,78.1348361
TAMIL NADU,Urban,Thoothukkudi,Car/Jeep/Van,7526,5468,2058,0,0,0,688,543,145,2517,1568,949,1699,1140,559,978,747,231,422,351,71,583,531,52,436,416,20,203,172,31,8.7641661,78.1348361
TAMIL NADU,Urban,Thoothukkudi,Tempo/Autorickshaw/Taxi,2767,2320,447,0,0,0,286,226,60,874,628,246,603,523,80,355,323,32,193,181,12,207,197,10,158,154,4,91,88,3,8.7641661,78.1348361
TAMIL NADU,Urban,Thoothukkudi,Bus,42676,29979,12697,0,0,0,1006,629,377,8843,4836,4007,10851,7436,3415,7759,5703,2056,4376,3326,1050,4812,3873,939,4356,3671,685,673,505,168,8.7641661,78.1348361
TAMIL NADU,Urban,Thoothukkudi,Train,2298,1960,338,0,0,0,109,82,27,168,122,46,147,110,37,95,69,26,105,76,29,207,180,27,1243,1110,133,224,211,13,8.7641661,78.1348361
TAMIL NADU,Urban,Thoothukkudi,Water transport,3500,3454,46,0,0,0,447,435,12,85,79,6,452,446,6,390,383,7,552,546,6,808,807,1,330,325,5,436,433,3,8.7641661,78.1348361
TAMIL NADU,Urban,Thoothukkudi,Any other,1291,1216,75,0,0,0,102,97,5,220,190,30,231,211,20,73,71,2,55,53,2,85,84,1,277,271,6,248,239,9,8.7641661,78.1348361
TAMIL NADU,Urban,Thoothukkudi,No travel,44582,29232,15350,44582,29232,15350,0,0,0,0,0,0,0,0,0,0,0,0,0,0,0,0,0,0,0,0,0,0,0,0,8.7641661,78.1348361
UTTAR PRADESH,Total,Bijnor,All Modes,491840,414533,77307,202551,148415,54136,85391,74432,10959,87930,82407,5523,53876,49947,3929,17497,16724,773,15384,14783,601,7350,7007,343,13742,13238,504,8119,7580,539,29.3731673,78.1350904
UTTAR PRADESH,Total,Bijnor,On foot,101917,86838,15079,0,0,0,61185,51388,9797,22440,19688,2752,18292,15762,2530,0,0,0,0,0,0,0,0,0,0,0,0,0,0,0,29.3731673,78.1350904
UTTAR PRADESH,Total,Bijnor,Bicycle,94963,93163,1800,0,0,0,13583,13221,362,45006,44218,788,20874,20583,291,6064,5983,81,9436,9158,278,0,0,0,0,0,0,0,0,0,29.3731673,78.1350904
UTTAR PRADESH,Total,Bijnor,Moped/Scooter/Motor Cycle,33956,32485,1471,0,0,0,6229,5962,267,11630,11004,626,5971,5727,244,4103,3979,124,1745,1700,45,1403,1364,39,549,529,20,2326,2220,106,29.3731673,78.1350904
UTTAR PRADESH,Total,Bijnor,Car/Jeep/Van,4100,3640,460,0,0,0,556,488,68,798,646,152,494,441,53,555,518,37,330,307,23,471,447,24,418,398,20,478,395,83,29.3731673,78.1350904
UTTAR PRADESH,Total,Bijnor,Tempo/Autorickshaw/Taxi,7135,5942,1193,0,0,0,535,404,131,2051,1483,568,2205,1933,272,1187,1106,81,269,250,19,265,250,15,167,159,8,456,357,99,29.3731673,78.1350904
UTTAR PRADESH,Total,Bijnor,Bus,30008,27591,2417,0,0,0,1549,1364,185,2654,2212,442,4326,3844,482,4692,4271,421,2900,2686,214,4005,3786,219,7413,7124,289,2469,2304,165,29.3731673,78.1350904
UTTAR PRADESH,Total,Bijnor,Train,10214,9822,392,0,0,0,721,676,45,566,532,34,415,394,21,428,417,11,551,531,20,969,932,37,4811,4656,155,1753,1684,69,29.3731673,78.1350904
UTTAR PRADESH,Total,Bijnor,Water transport,194,176,18,0,0,0,47,38,9,19,18,1,22,21,1,18,16,2,8,7,1,13,13,0,31,29,2,36,34,2,29.3731673,78.1350904
UTTAR PRADESH,Total,Bijnor,Any other,6802,6461,341,0,0,0,986,891,95,2766,2606,160,1277,1242,35,450,434,16,145,144,1,224,215,9,353,343,10,601,586,15,29.3731673,78.1350904
UTTAR PRADESH,Total,Bijnor,No travel,202551,148415,54136,202551,148415,54136,0,0,0,0,0,0,0,0,0,0,0,0,0,0,0,0,0,0,0,0,0,0,0,0,29.3731673,78.1350904
UTTAR PRADESH,Rural,Bijnor,All Modes,281056,226971,54085,121339,81910,39429,32538,25397,7141,48953,45619,3334,34946,32466,2480,13154,12689,465,9807,9422,385,4820,4584,236,10407,10079,328,5092,4805,287,29.3731673,78.1350904
UTTAR PRADESH,Rural,Bijnor,On foot,41515,31396,10119,0,0,0,23108,16540,6568,10767,8876,1891,7640,5980,1660,0,0,0,0,0,0,0,0,0,0,0,0,0,0,0,29.3731673,78.1350904
UTTAR PRADESH,Rural,Bijnor,Bicycle,60763,59533,1230,0,0,0,5543,5319,224,27604,27084,520,16913,16674,239,4968,4899,69,5735,5557,178,0,0,0,0,0,0,0,0,0,29.3731673,78.1350904
UTTAR PRADESH,Rural,Bijnor,Moped/Scooter/Motor Cycle,18095,17309,786,0,0,0,1669,1573,96,5319,5006,313,4127,3980,147,3127,3034,93,1339,1301,38,1001,971,30,408,392,16,1105,1052,53,29.3731673,78.1350904
UTTAR PRADESH,Rural,Bijnor,Car/Jeep/Van,1942,1770,172,0,0,0,155,132,23,309,255,54,279,257,22,286,268,18,197,183,14,255,245,10,261,253,8,200,177,23,29.3731673,78.1350904
UTTAR PRADESH,Rural,Bijnor,Tempo/Autorickshaw/Taxi,5167,4531,636,0,0,0,297,246,51,1344,1066,278,1728,1566,162,987,935,52,210,195,15,173,162,11,122,116,6,306,245,61,29.3731673,78.1350904
UTTAR PRADESH,Rural,Bijnor,Bus,20317,19083,1234,0,0,0,853,765,88,1710,1528,182,2930,2714,216,3144,2931,213,1948,1815,133,2568,2423,145,5450,5281,169,1714,1626,88,29.3731673,78.1350904
UTTAR PRADESH,Rural,Bijnor,Train,7672,7394,278,0,0,0,433,400,33,383,364,19,324,314,10,323,317,6,266,260,6,659,627,32,3925,3804,121,1359,1308,51,29.3731673,78.1350904
UTTAR PRADESH,Rural,Bijnor,Water transport,130,119,11,0,0,0,30,23,7,8,8,0,12,12,0,11,10,1,7,7,0,10,10,0,26,25,1,26,24,2,29.3731673,78.1350904
UTTAR PRADESH,Rural,Bijnor,Any other,4116,3926,190,0,0,0,450,399,51,1509,1432,77,993,969,24,308,295,13,105,104,1,154,146,8,215,208,7,382,373,9,29.3731673,78.1350904
UTTAR PRADESH,Rural,Bijnor,No travel,121339,81910,39429,121339,81910,39429,0,0,0,0,0,0,0,0,0,0,0,0,0,0,0,0,0,0,0,0,0,0,0,0,29.3731673,78.1350904
UTTAR PRADESH,Urban,Bijnor,All Modes,210784,187562,23222,81212,66505,14707,52853,49035,3818,38977,36788,2189,18930,17481,1449,4343,4035,308,5577,5361,216,2530,2423,107,3335,3159,176,3027,2775,252,29.3731673,78.1350904
UTTAR PRADESH,Urban,Bijnor,On foot,60402,55442,4960,0,0,0,38077,34848,3229,11673,10812,861,10652,9782,870,0,0,0,0,0,0,0,0,0,0,0,0,0,0,0,29.3731673,78.1350904
UTTAR PRADESH,Urban,Bijnor,Bicycle,34200,33630,570,0,0,0,8040,7902,138,17402,17134,268,3961,3909,52,1096,1084,12,3701,3601,100,0,0,0,0,0,0,0,0,0,29.3731673,78.1350904
UTTAR PRADESH,Urban,Bijnor,Moped/Scooter/Motor Cycle,15861,15176,685,0,0,0,4560,4389,171,6311,5998,313,1844,1747,97,976,945,31,406,399,7,402,393,9,141,137,4,1221,1168,53,29.3731673,78.1350904
UTTAR PRADESH,Urban,Bijnor,Car/Jeep/Van,2158,1870,288,0,0,0,401,356,45,489,391,98,215,184,31,269,250,19,133,124,9,216,202,14,157,145,12,278,218,60,29.3731673,78.1350904
UTTAR PRADESH,Urban,Bijnor,Tempo/Autorickshaw/Taxi,1968,1411,557,0,0,0,238,158,80,707,417,290,477,367,110,200,171,29,59,55,4,92,88,4,45,43,2,150,112,38,29.3731673,78.1350904
UTTAR PRADESH,Urban,Bijnor,Bus,9691,8508,1183,0,0,0,696,599,97,944,684,260,1396,1130,266,1548,1340,208,952,871,81,1437,1363,74,1963,1843,120,755,678,77,29.3731673,78.1350904
UTTAR PRADESH,Urban,Bijnor,Train,2542,2428,114,0,0,0,288,276,12,183,168,15,91,80,11,105,100,5,285,271,14,310,305,5,886,852,34,394,376,18,29.3731673,78.1350904
UTTAR PRADESH,Urban,Bijnor,Water transport,64,57,7,0,0,0,17,15,2,11,10,1,10,9,1,7,6,1,1,0,1,3,3,0,5,4,1,10,10,0,29.3731673,78.1350904
UTTAR PRADESH,Urban,Bijnor,Any other,2686,2535,151,0,0,0,536,492,44,1257,1174,83,284,273,11,142,139,3,40,40,0,70,69,1,138,135,3,219,213,6,29.3731673,78.1350904
UTTAR PRADESH,Urban,Bijnor,No travel,81212,66505,14707,81212,66505,14707,0,0,0,0,0,0,0,0,0,0,0,0,0,0,0,0,0,0,0,0,0,0,0,0,29.3731673,78.1350904
TAMIL NADU,Total,Salem,All Modes,841443,639328,202115,183046,123468,59578,134954,91206,43748,216371,166123,50248,130654,105179,25475,68038,58033,10005,36038,31554,4484,30088,26647,3441,36206,31805,4401,6048,5313,735,11.664325,78.1460142
TAMIL NADU,Total,Salem,On foot,157822,89478,68344,0,0,0,91380,52857,38523,48175,25179,22996,18267,11442,6825,0,0,0,0,0,0,0,0,0,0,0,0,0,0,0,11.664325,78.1460142
TAMIL NADU,Total,Salem,Bicycle,96594,90480,6114,0,0,0,16311,15278,1033,55471,51697,3774,17146,16287,859,3722,3561,161,3944,3657,287,0,0,0,0,0,0,0,0,0,11.664325,78.1460142
TAMIL NADU,Total,Salem,Moped/Scooter/Motor Cycle,148810,137697,11113,0,0,0,18794,17205,1589,64108,58533,5575,36711,34142,2569,16292,15465,827,4926,4727,199,3561,3411,150,1670,1612,58,2748,2602,146,11.664325,78.1460142
TAMIL NADU,Total,Salem,Car/Jeep/Van,16546,12891,3655,0,0,0,1144,857,287,4693,3292,1401,3587,2673,914,2326,1756,570,1225,1016,209,1506,1360,146,1737,1648,89,328,289,39,11.664325,78.1460142
TAMIL NADU,Total,Salem,Tempo/Autorickshaw/Taxi,15423,11993,3430,0,0,0,1078,796,282,4287,2810,1477,3945,2950,995,2342,1954,388,1173,1037,136,1132,1073,59,1163,1109,54,303,264,39,11.664325,78.1460142
TAMIL NADU,Total,Salem,Bus,209563,161297,48266,0,0,0,5755,3807,1948,38527,23744,14783,49845,36735,13110,42562,34615,7947,24224,20613,3611,22598,19591,3007,24122,20715,3407,1930,1477,453,11.664325,78.1460142
TAMIL NADU,Total,Salem,Train,7527,6265,1262,0,0,0,218,158,60,482,339,143,513,399,114,368,300,68,254,221,33,560,501,59,4815,4063,752,317,284,33,11.664325,78.1460142
TAMIL NADU,Total,Salem,Water transport,320,260,60,0,0,0,37,30,7,73,52,21,83,63,20,29,26,3,14,14,0,18,15,3,45,43,2,21,17,4,11.664325,78.1460142
TAMIL NADU,Total,Salem,Any other,5792,5499,293,0,0,0,237,218,19,555,477,78,557,488,69,397,356,41,278,269,9,713,696,17,2654,2615,39,401,380,21,11.664325,78.1460142
TAMIL NADU,Total,Salem,No travel,183046,123468,59578,183046,123468,59578,0,0,0,0,0,0,0,0,0,0,0,0,0,0,0,0,0,0,0,0,0,0,0,0,11.664325,78.1460142
TAMIL NADU,Rural,Salem,All Modes,287515,216780,70735,69276,46823,22453,31174,19074,12100,55716,38831,16885,45952,36800,9152,34172,29878,4294,18829,16764,2065,14823,13254,1569,16225,14195,2030,1348,1161,187,11.664325,78.1460142
TAMIL NADU,Rural,Salem,On foot,47771,24429,23342,0,0,0,23107,12279,10828,17678,7991,9687,6986,4159,2827,0,0,0,0,0,0,0,0,0,0,0,0,0,0,0,11.664325,78.1460142
TAMIL NADU,Rural,Salem,Bicycle,22494,20578,1916,0,0,0,2885,2590,295,12174,11018,1156,4798,4508,290,1517,1451,66,1120,1011,109,0,0,0,0,0,0,0,0,0,11.664325,78.1460142
TAMIL NADU,Rural,Salem,Moped/Scooter/Motor Cycle,35087,32655,2432,0,0,0,2523,2280,243,11162,10106,1056,10097,9453,644,6795,6498,297,2243,2147,96,1327,1282,45,657,636,21,283,253,30,11.664325,78.1460142
TAMIL NADU,Rural,Salem,Car/Jeep/Van,5104,3598,1506,0,0,0,207,137,70,1118,659,459,1107,711,396,1017,651,366,482,370,112,527,467,60,577,545,32,69,58,11,11.664325,78.1460142
TAMIL NADU,Rural,Salem,Tempo/Autorickshaw/Taxi,4924,3702,1222,0,0,0,206,143,63,830,538,292,1654,1081,573,926,738,188,411,362,49,433,404,29,410,393,17,54,43,11,11.664325,78.1460142
TAMIL NADU,Rural,Salem,Bus,97514,80173,17341,0,0,0,2089,1519,570,12409,8254,4155,20926,16567,4359,23553,20220,3333,14286,12607,1679,11892,10492,1400,11710,9978,1732,649,536,113,11.664325,78.1460142
TAMIL NADU,Rural,Salem,Train,2385,2015,370,0,0,0,73,48,25,134,100,34,179,137,42,140,120,20,123,108,15,228,206,22,1401,1200,201,107,96,11,11.664325,78.1460142
TAMIL NADU,Rural,Salem,Water transport,147,117,30,0,0,0,17,13,4,32,21,11,33,27,6,20,17,3,11,11,0,9,7,2,14,13,1,11,8,3,11.664325,78.1460142
TAMIL NADU,Rural,Salem,Any other,2813,2690,123,0,0,0,67,65,2,179,144,35,172,157,15,204,183,21,153,148,5,407,396,11,1456,1430,26,175,167,8,11.664325,78.1460142
TAMIL NADU,Rural,Salem,No travel,69276,46823,22453,69276,46823,22453,0,0,0,0,0,0,0,0,0,0,0,0,0,0,0,0,0,0,0,0,0,0,0,0,11.664325,78.1460142
TAMIL NADU,Urban,Salem,All Modes,553928,422548,131380,113770,76645,37125,103780,72132,31648,160655,127292,33363,84702,68379,16323,33866,28155,5711,17209,14790,2419,15265,13393,1872,19981,17610,2371,4700,4152,548,11.664325,78.1460142
TAMIL NADU,Urban,Salem,On foot,110051,65049,45002,0,0,0,68273,40578,27695,30497,17188,13309,11281,7283,3998,0,0,0,0,0,0,0,0,0,0,0,0,0,0,0,11.664325,78.1460142
TAMIL NADU,Urban,Salem,Bicycle,74100,69902,4198,0,0,0,13426,12688,738,43297,40679,2618,12348,11779,569,2205,2110,95,2824,2646,178,0,0,0,0,0,0,0,0,0,11.664325,78.1460142
TAMIL NADU,Urban,Salem,Moped/Scooter/Motor Cycle,113723,105042,8681,0,0,0,16271,14925,1346,52946,48427,4519,26614,24689,1925,9497,8967,530,2683,2580,103,2234,2129,105,1013,976,37,2465,2349,116,11.664325,78.1460142
TAMIL NADU,Urban,Salem,Car/Jeep/Van,11442,9293,2149,0,0,0,937,720,217,3575,2633,942,2480,1962,518,1309,1105,204,743,646,97,979,893,86,1160,1103,57,259,231,28,11.664325,78.1460142
TAMIL NADU,Urban,Salem,Tempo/Autorickshaw/Taxi,10499,8291,2208,0,0,0,872,653,219,3457,2272,1185,2291,1869,422,1416,1216,200,762,675,87,699,669,30,753,716,37,249,221,28,11.664325,78.1460142
TAMIL NADU,Urban,Salem,Bus,112049,81124,30925,0,0,0,3666,2288,1378,26118,15490,10628,28919,20168,8751,19009,14395,4614,9938,8006,1932,10706,9099,1607,12412,10737,1675,1281,941,340,11.664325,78.1460142
TAMIL NADU,Urban,Salem,Train,5142,4250,892,0,0,0,145,110,35,348,239,109,334,262,72,228,180,48,131,113,18,332,295,37,3414,2863,551,210,188,22,11.664325,78.1460142
TAMIL NADU,Urban,Salem,Water transport,173,143,30,0,0,0,20,17,3,41,31,10,50,36,14,9,9,0,3,3,0,9,8,1,31,30,1,10,9,1,11.664325,78.1460142
TAMIL NADU,Urban,Salem,Any other,2979,2809,170,0,0,0,170,153,17,376,333,43,385,331,54,193,173,20,125,121,4,306,300,6,1198,1185,13,226,213,13,11.664325,78.1460142
TAMIL NADU,Urban,Salem,No travel,113770,76645,37125,113770,76645,37125,0,0,0,0,0,0,0,0,0,0,0,0,0,0,0,0,0,0,0,0,0,0,0,0,11.664325,78.1460142
TAMIL NADU,Total,Dharmapuri,All Modes,267156,200572,66584,69057,44778,24279,29029,19367,9662,48021,34534,13487,35656,27934,7722,23149,19425,3724,13885,12001,1884,14260,12561,1699,32260,28379,3881,1839,1593,246,12.1210997,78.1582143
TAMIL NADU,Total,Dharmapuri,On foot,38149,21599,16550,0,0,0,17574,10080,7494,12670,6390,6280,7905,5129,2776,0,0,0,0,0,0,0,0,0,0,0,0,0,0,0,12.1210997,78.1582143
TAMIL NADU,Total,Dharmapuri,Bicycle,18707,17070,1637,0,0,0,2808,2535,273,9344,8371,973,3485,3276,209,1311,1249,62,1759,1639,120,0,0,0,0,0,0,0,0,0,12.1210997,78.1582143
TAMIL NADU,Total,Dharmapuri,Moped/Scooter/Motor Cycle,33644,30827,2817,0,0,0,4818,4341,477,12186,10903,1283,7038,6480,558,4412,4170,242,1767,1692,75,1547,1475,72,1339,1275,64,537,491,46,12.1210997,78.1582143
TAMIL NADU,Total,Dharmapuri,Car/Jeep/Van,3319,2772,547,0,0,0,273,194,79,672,449,223,489,417,72,465,402,63,326,278,48,330,306,24,693,657,36,71,69,2,12.1210997,78.1582143
TAMIL NADU,Total,Dharmapuri,Tempo/Autorickshaw/Taxi,4781,3942,839,0,0,0,310,233,77,1055,722,333,1022,818,204,674,574,100,371,332,39,450,423,27,831,780,51,68,60,8,12.1210997,78.1582143
TAMIL NADU,Total,Dharmapuri,Bus,92699,73458,19241,0,0,0,2936,1732,1204,11613,7314,4299,15284,11441,3843,15881,12664,3217,9387,7806,1581,11304,9771,1533,25337,21951,3386,957,779,178,12.1210997,78.1582143
TAMIL NADU,Total,Dharmapuri,Train,4234,3672,562,0,0,0,161,119,42,235,168,67,224,186,38,208,175,33,140,124,16,365,325,40,2793,2472,321,108,103,5,12.1210997,78.1582143
TAMIL NADU,Total,Dharmapuri,Water transport,137,116,21,0,0,0,25,21,4,46,39,7,12,11,1,7,5,2,6,5,1,1,1,0,33,28,5,7,6,1,12.1210997,78.1582143
TAMIL NADU,Total,Dharmapuri,Any other,2429,2338,91,0,0,0,124,112,12,200,178,22,197,176,21,191,186,5,129,125,4,263,260,3,1234,1216,18,91,85,6,12.1210997,78.1582143
TAMIL NADU,Total,Dharmapuri,No travel,69057,44778,24279,69057,44778,24279,0,0,0,0,0,0,0,0,0,0,0,0,0,0,0,0,0,0,0,0,0,0,0,0,12.1210997,78.1582143
TAMIL NADU,Rural,Dharmapuri,All Modes,187925,141358,46567,47688,30869,16819,13939,8241,5698,30466,20931,9535,27390,21672,5718,18825,16067,2758,10339,9044,1295,11181,9969,1212,26867,23508,3359,1230,1057,173,12.1210997,78.1582143
TAMIL NADU,Rural,Dharmapuri,On foot,23364,11979,11385,0,0,0,9345,4759,4586,8928,4041,4887,5091,3179,1912,0,0,0,0,0,0,0,0,0,0,0,0,0,0,0,12.1210997,78.1582143
TAMIL NADU,Rural,Dharmapuri,Bicycle,11776,10603,1173,0,0,0,1067,929,138,5741,5026,715,2670,2500,170,1047,994,53,1251,1154,97,0,0,0,0,0,0,0,0,0,12.1210997,78.1582143
TAMIL NADU,Rural,Dharmapuri,Moped/Scooter/Motor Cycle,20310,18718,1592,0,0,0,1388,1218,170,6559,5854,705,5270,4883,387,3445,3285,160,1305,1247,58,1156,1108,48,950,911,39,237,212,25,12.1210997,78.1582143
TAMIL NADU,Rural,Dharmapuri,Car/Jeep/Van,2256,1913,343,0,0,0,95,72,23,392,261,131,369,316,53,366,312,54,255,220,35,227,209,18,507,478,29,45,45,0,12.1210997,78.1582143
TAMIL NADU,Rural,Dharmapuri,Tempo/Autorickshaw/Taxi,3402,2851,551,0,0,0,126,96,30,581,411,170,836,665,171,566,483,83,277,246,31,368,348,20,601,560,41,47,42,5,12.1210997,78.1582143
TAMIL NADU,Rural,Dharmapuri,Bus,73982,59776,14206,0,0,0,1728,1019,709,7948,5082,2866,12787,9813,2974,13062,10679,2383,7030,5973,1057,8945,7846,1099,21737,18753,2984,745,611,134,12.1210997,78.1582143
TAMIL NADU,Rural,Dharmapuri,Train,3099,2689,410,0,0,0,90,61,29,136,94,42,190,155,35,158,139,19,104,92,12,265,240,25,2066,1822,244,90,86,4,12.1210997,78.1582143
TAMIL NADU,Rural,Dharmapuri,Water transport,123,104,19,0,0,0,23,19,4,43,37,6,11,10,1,7,5,2,6,5,1,1,1,0,27,23,4,5,4,1,12.1210997,78.1582143
TAMIL NADU,Rural,Dharmapuri,Any other,1925,1856,69,0,0,0,77,68,9,138,125,13,166,151,15,174,170,4,111,107,4,219,217,2,979,961,18,61,57,4,12.1210997,78.1582143
TAMIL NADU,Rural,Dharmapuri,No travel,47688,30869,16819,47688,30869,16819,0,0,0,0,0,0,0,0,0,0,0,0,0,0,0,0,0,0,0,0,0,0,0,0,12.1210997,78.1582143
TAMIL NADU,Urban,Dharmapuri,All Modes,79231,59214,20017,21369,13909,7460,15090,11126,3964,17555,13603,3952,8266,6262,2004,4324,3358,966,3546,2957,589,3079,2592,487,5393,4871,522,609,536,73,12.1210997,78.1582143
TAMIL NADU,Urban,Dharmapuri,On foot,14785,9620,5165,0,0,0,8229,5321,2908,3742,2349,1393,2814,1950,864,0,0,0,0,0,0,0,0,0,0,0,0,0,0,0,12.1210997,78.1582143
TAMIL NADU,Urban,Dharmapuri,Bicycle,6931,6467,464,0,0,0,1741,1606,135,3603,3345,258,815,776,39,264,255,9,508,485,23,0,0,0,0,0,0,0,0,0,12.1210997,78.1582143
TAMIL NADU,Urban,Dharmapuri,Moped/Scooter/Motor Cycle,13334,12109,1225,0,0,0,3430,3123,307,5627,5049,578,1768,1597,171,967,885,82,462,445,17,391,367,24,389,364,25,300,279,21,12.1210997,78.1582143
TAMIL NADU,Urban,Dharmapuri,Car/Jeep/Van,1063,859,204,0,0,0,178,122,56,280,188,92,120,101,19,99,90,9,71,58,13,103,97,6,186,179,7,26,24,2,12.1210997,78.1582143
TAMIL NADU,Urban,Dharmapuri,Tempo/Autorickshaw/Taxi,1379,1091,288,0,0,0,184,137,47,474,311,163,186,153,33,108,91,17,94,86,8,82,75,7,230,220,10,21,18,3,12.1210997,78.1582143
TAMIL NADU,Urban,Dharmapuri,Bus,18717,13682,5035,0,0,0,1208,713,495,3665,2232,1433,2497,1628,869,2819,1985,834,2357,1833,524,2359,1925,434,3600,3198,402,212,168,44,12.1210997,78.1582143
TAMIL NADU,Urban,Dharmapuri,Train,1135,983,152,0,0,0,71,58,13,99,74,25,34,31,3,50,36,14,36,32,4,100,85,15,727,650,77,18,17,1,12.1210997,78.1582143
TAMIL NADU,Urban,Dharmapuri,Water transport,14,12,2,0,0,0,2,2,0,3,2,1,1,1,0,0,0,0,0,0,0,0,0,0,6,5,1,2,2,0,12.1210997,78.1582143
TAMIL NADU,Urban,Dharmapuri,Any other,504,482,22,0,0,0,47,44,3,62,53,9,31,25,6,17,16,1,18,18,0,44,43,1,255,255,0,30,28,2,12.1210997,78.1582143
TAMIL NADU,Urban,Dharmapuri,No travel,21369,13909,7460,21369,13909,7460,0,0,0,0,0,0,0,0,0,0,0,0,0,0,0,0,0,0,0,0,0,0,0,0,12.1210997,78.1582143
UTTARAKHAND,Total,Hardwar,All Modes,361391,311202,50189,98672,74849,23823,55601,47242,8359,93045,84029,9016,61308,56080,5228,27193,25272,1921,11218,10504,714,5005,4631,374,6212,5722,490,3137,2873,264,29.9456906,78.1642478
UTTARAKHAND,Total,Hardwar,On foot,68452,55409,13043,0,0,0,39368,32006,7362,19391,15473,3918,9693,7930,1763,0,0,0,0,0,0,0,0,0,0,0,0,0,0,0,29.9456906,78.1642478
UTTARAKHAND,Total,Hardwar,Bicycle,82738,80799,1939,0,0,0,7693,7447,246,37551,36520,1031,24526,24131,395,9062,8934,128,3906,3767,139,0,0,0,0,0,0,0,0,0,29.9456906,78.1642478
UTTARAKHAND,Total,Hardwar,Moped/Scooter/Motor Cycle,60315,57117,3198,0,0,0,6197,5843,354,25205,23566,1639,14566,13874,692,8742,8424,318,2536,2456,80,1214,1187,27,608,587,21,1247,1180,67,29.9456906,78.1642478
UTTARAKHAND,Total,Hardwar,Car/Jeep/Van,7394,6623,771,0,0,0,847,730,117,2294,1995,299,1391,1247,144,1128,1033,95,489,459,30,402,373,29,586,548,38,257,238,19,29.9456906,78.1642478
UTTARAKHAND,Total,Hardwar,Tempo/Autorickshaw/Taxi,13833,10104,3729,0,0,0,459,330,129,4363,2942,1421,5072,3653,1419,2580,1992,588,600,526,74,273,241,32,210,192,18,276,228,48,29.9456906,78.1642478
UTTARAKHAND,Total,Hardwar,Bus,18460,15436,3024,0,0,0,319,235,84,1657,1112,545,3764,3039,725,4510,3769,741,2804,2457,347,2088,1853,235,2966,2673,293,352,298,54,29.9456906,78.1642478
UTTARAKHAND,Total,Hardwar,Train,6105,5694,411,0,0,0,293,268,25,945,877,68,761,718,43,596,561,35,732,691,41,892,842,50,1576,1460,116,310,277,33,29.9456906,78.1642478
UTTARAKHAND,Total,Hardwar,Water transport,185,159,26,0,0,0,26,20,6,43,34,9,38,34,4,23,20,3,11,10,1,6,6,0,20,20,0,18,15,3,29.9456906,78.1642478
UTTARAKHAND,Total,Hardwar,Any other,5237,5012,225,0,0,0,399,363,36,1596,1510,86,1497,1454,43,552,539,13,140,138,2,130,129,1,246,242,4,677,637,40,29.9456906,78.1642478
UTTARAKHAND,Total,Hardwar,No travel,98672,74849,23823,98672,74849,23823,0,0,0,0,0,0,0,0,0,0,0,0,0,0,0,0,0,0,0,0,0,0,0,0,29.9456906,78.1642478
UTTARAKHAND,Rural,Hardwar,All Modes,160385,136654,23731,47324,33466,13858,20559,16623,3936,33665,30796,2869,29665,27803,1862,16696,16042,654,6225,5966,259,2509,2396,113,2499,2397,102,1243,1165,78,29.9456906,78.1642478
UTTARAKHAND,Rural,Hardwar,On foot,28526,22305,6221,0,0,0,16604,12872,3732,8065,6393,1672,3857,3040,817,0,0,0,0,0,0,0,0,0,0,0,0,0,0,0,29.9456906,78.1642478
UTTARAKHAND,Rural,Hardwar,Bicycle,44574,43813,761,0,0,0,2476,2404,72,17282,16947,335,15410,15203,207,7208,7129,79,2198,2130,68,0,0,0,0,0,0,0,0,0,29.9456906,78.1642478
UTTARAKHAND,Rural,Hardwar,Moped/Scooter/Motor Cycle,18764,18273,491,0,0,0,858,828,30,4804,4610,194,5688,5564,124,4699,4615,84,1486,1455,31,621,611,10,265,257,8,343,333,10,29.9456906,78.1642478
UTTARAKHAND,Rural,Hardwar,Car/Jeep/Van,1580,1469,111,0,0,0,115,99,16,255,223,32,279,256,23,401,381,20,161,157,4,153,146,7,157,151,6,59,56,3,29.9456906,78.1642478
UTTARAKHAND,Rural,Hardwar,Tempo/Autorickshaw/Taxi,5029,4047,982,0,0,0,114,89,25,1266,944,322,1693,1311,382,1281,1097,184,351,302,49,145,138,7,110,106,4,69,60,9,29.9456906,78.1642478
UTTARAKHAND,Rural,Hardwar,Bus,8729,7650,1079,0,0,0,105,77,28,852,590,262,1529,1258,271,2360,2086,274,1485,1393,92,1061,984,77,1196,1140,56,141,122,19,29.9456906,78.1642478
UTTARAKHAND,Rural,Hardwar,Train,2958,2832,126,0,0,0,107,94,13,406,386,20,497,477,20,353,343,10,423,410,13,440,428,12,613,587,26,119,107,12,29.9456906,78.1642478
UTTARAKHAND,Rural,Hardwar,Water transport,87,77,10,0,0,0,8,4,4,20,16,4,24,22,2,11,11,0,6,6,0,3,3,0,11,11,0,4,4,0,29.9456906,78.1642478
UTTARAKHAND,Rural,Hardwar,Any other,2814,2722,92,0,0,0,172,156,16,715,687,28,688,672,16,383,380,3,115,113,2,86,86,0,147,145,2,508,483,25,29.9456906,78.1642478
UTTARAKHAND,Rural,Hardwar,No travel,47324,33466,13858,47324,33466,13858,0,0,0,0,0,0,0,0,0,0,0,0,0,0,0,0,0,0,0,0,0,0,0,0,29.9456906,78.1642478
UTTARAKHAND,Urban,Hardwar,All Modes,201006,174548,26458,51348,41383,9965,35042,30619,4423,59380,53233,6147,31643,28277,3366,10497,9230,1267,4993,4538,455,2496,2235,261,3713,3325,388,1894,1708,186,29.9456906,78.1642478
UTTARAKHAND,Urban,Hardwar,On foot,39926,33104,6822,0,0,0,22764,19134,3630,11326,9080,2246,5836,4890,946,0,0,0,0,0,0,0,0,0,0,0,0,0,0,0,29.9456906,78.1642478
UTTARAKHAND,Urban,Hardwar,Bicycle,38164,36986,1178,0,0,0,5217,5043,174,20269,19573,696,9116,8928,188,1854,1805,49,1708,1637,71,0,0,0,0,0,0,0,0,0,29.9456906,78.1642478
UTTARAKHAND,Urban,Hardwar,Moped/Scooter/Motor Cycle,41551,38844,2707,0,0,0,5339,5015,324,20401,18956,1445,8878,8310,568,4043,3809,234,1050,1001,49,593,576,17,343,330,13,904,847,57,29.9456906,78.1642478
UTTARAKHAND,Urban,Hardwar,Car/Jeep/Van,5814,5154,660,0,0,0,732,631,101,2039,1772,267,1112,991,121,727,652,75,328,302,26,249,227,22,429,397,32,198,182,16,29.9456906,78.1642478
UTTARAKHAND,Urban,Hardwar,Tempo/Autorickshaw/Taxi,8804,6057,2747,0,0,0,345,241,104,3097,1998,1099,3379,2342,1037,1299,895,404,249,224,25,128,103,25,100,86,14,207,168,39,29.9456906,78.1642478
UTTARAKHAND,Urban,Hardwar,Bus,9731,7786,1945,0,0,0,214,158,56,805,522,283,2235,1781,454,2150,1683,467,1319,1064,255,1027,869,158,1770,1533,237,211,176,35,29.9456906,78.1642478
UTTARAKHAND,Urban,Hardwar,Train,3147,2862,285,0,0,0,186,174,12,539,491,48,264,241,23,243,218,25,309,281,28,452,414,38,963,873,90,191,170,21,29.9456906,78.1642478
UTTARAKHAND,Urban,Hardwar,Water transport,98,82,16,0,0,0,18,16,2,23,18,5,14,12,2,12,9,3,5,4,1,3,3,0,9,9,0,14,11,3,29.9456906,78.1642478
UTTARAKHAND,Urban,Hardwar,Any other,2423,2290,133,0,0,0,227,207,20,881,823,58,809,782,27,169,159,10,25,25,0,44,43,1,99,97,2,169,154,15,29.9456906,78.1642478
UTTARAKHAND,Urban,Hardwar,No travel,51348,41383,9965,51348,41383,9965,0,0,0,0,0,0,0,0,0,0,0,0,0,0,0,0,0,0,0,0,0,0,0,0,29.9456906,78.1642478
TAMIL NADU,Total,Namakkal,All Modes,447249,316053,131196,96486,59822,36664,106981,64359,42622,97300,72277,25023,60525,45816,14709,35853,29905,5948,17540,14798,2742,12830,11189,1641,17132,15643,1489,2602,2244,358,11.2194391,78.1677236
TAMIL NADU,Total,Namakkal,On foot,108486,55443,53043,0,0,0,80037,41231,38806,17518,8149,9369,10931,6063,4868,0,0,0,0,0,0,0,0,0,0,0,0,0,0,0,11.2194391,78.1677236
TAMIL NADU,Total,Namakkal,Bicycle,43045,37602,5443,0,0,0,10879,9570,1309,23540,20312,3228,5483,4929,554,1544,1392,152,1599,1399,200,0,0,0,0,0,0,0,0,0,11.2194391,78.1677236
TAMIL NADU,Total,Namakkal,Moped/Scooter/Motor Cycle,81559,73152,8407,0,0,0,12634,11221,1413,34161,30209,3952,18118,16306,1812,9830,9006,824,2813,2650,163,1858,1754,104,1075,1028,47,1070,978,92,11.2194391,78.1677236
TAMIL NADU,Total,Namakkal,Car/Jeep/Van,6910,5237,1673,0,0,0,564,410,154,1863,1136,727,1295,940,355,941,708,233,492,411,81,618,555,63,971,925,46,166,152,14,11.2194391,78.1677236
TAMIL NADU,Total,Namakkal,Tempo/Autorickshaw/Taxi,3127,2779,348,0,0,0,187,163,24,630,505,125,591,500,91,466,410,56,259,239,20,358,346,12,552,538,14,84,78,6,11.2194391,78.1677236
TAMIL NADU,Total,Namakkal,Bus,99429,74489,24940,0,0,0,2288,1454,834,19051,11551,7500,23595,16647,6948,22632,18011,4621,12068,9824,2244,9433,8001,1432,9602,8455,1147,760,546,214,11.2194391,78.1677236
TAMIL NADU,Total,Namakkal,Train,3066,2637,429,0,0,0,151,104,47,242,184,58,204,159,45,159,130,29,105,87,18,137,116,21,1951,1757,194,117,100,17,11.2194391,78.1677236
TAMIL NADU,Total,Namakkal,Water transport,188,152,36,0,0,0,26,19,7,39,29,10,30,24,6,18,15,3,17,13,4,13,12,1,33,31,2,12,9,3,11.2194391,78.1677236
TAMIL NADU,Total,Namakkal,Any other,4953,4740,213,0,0,0,215,187,28,256,202,54,278,248,30,263,233,30,187,175,12,413,405,8,2948,2909,39,393,381,12,11.2194391,78.1677236
TAMIL NADU,Total,Namakkal,No travel,96486,59822,36664,96486,59822,36664,0,0,0,0,0,0,0,0,0,0,0,0,0,0,0,0,0,0,0,0,0,0,0,0,11.2194391,78.1677236
TAMIL NADU,Rural,Namakkal,All Modes,195174,140304,54870,48908,31017,17891,28864,16000,12864,37375,26591,10784,31859,24834,7025,21791,18514,3277,9397,8057,1340,6829,6001,828,8929,8215,714,1222,1075,147,11.2194391,78.1677236
TAMIL NADU,Rural,Namakkal,On foot,33393,15658,17735,0,0,0,22197,10591,11606,6784,2671,4113,4412,2396,2016,0,0,0,0,0,0,0,0,0,0,0,0,0,0,0,11.2194391,78.1677236
TAMIL NADU,Rural,Namakkal,Bicycle,16438,13885,2553,0,0,0,2765,2295,470,9174,7572,1602,2879,2590,289,889,805,84,731,623,108,0,0,0,0,0,0,0,0,0,11.2194391,78.1677236
TAMIL NADU,Rural,Namakkal,Moped/Scooter/Motor Cycle,34928,31114,3814,0,0,0,2693,2294,399,12337,10674,1663,10113,9111,1002,6176,5646,530,1585,1487,98,1015,959,56,614,587,27,395,356,39,11.2194391,78.1677236
TAMIL NADU,Rural,Namakkal,Car/Jeep/Van,3074,2224,850,0,0,0,137,87,50,671,365,306,629,418,211,583,415,168,247,199,48,297,260,37,423,402,21,87,78,9,11.2194391,78.1677236
TAMIL NADU,Rural,Namakkal,Tempo/Autorickshaw/Taxi,1470,1301,169,0,0,0,41,35,6,257,199,58,272,226,46,252,221,31,125,115,10,178,171,7,309,302,7,36,32,4,11.2194391,78.1677236
TAMIL NADU,Rural,Namakkal,Bus,52369,40863,11506,0,0,0,859,567,292,7885,4912,2973,13235,9815,3420,13595,11170,2425,6514,5461,1053,5019,4310,709,4901,4344,557,361,284,77,11.2194391,78.1677236
TAMIL NADU,Rural,Namakkal,Train,1578,1354,224,0,0,0,72,45,27,127,92,35,132,105,27,103,82,21,67,57,10,78,65,13,924,844,80,75,64,11,11.2194391,78.1677236
TAMIL NADU,Rural,Namakkal,Water transport,113,86,27,0,0,0,12,7,5,23,16,7,20,16,4,14,11,3,15,11,4,8,7,1,17,15,2,4,3,1,11.2194391,78.1677236
TAMIL NADU,Rural,Namakkal,Any other,2903,2802,101,0,0,0,88,79,9,117,90,27,167,157,10,179,164,15,113,104,9,234,229,5,1741,1721,20,264,258,6,11.2194391,78.1677236
TAMIL NADU,Rural,Namakkal,No travel,48908,31017,17891,48908,31017,17891,0,0,0,0,0,0,0,0,0,0,0,0,0,0,0,0,0,0,0,0,0,0,0,0,11.2194391,78.1677236
TAMIL NADU,Urban,Namakkal,All Modes,252075,175749,76326,47578,28805,18773,78117,48359,29758,59925,45686,14239,28666,20982,7684,14062,11391,2671,8143,6741,1402,6001,5188,813,8203,7428,775,1380,1169,211,11.2194391,78.1677236
TAMIL NADU,Urban,Namakkal,On foot,75093,39785,35308,0,0,0,57840,30640,27200,10734,5478,5256,6519,3667,2852,0,0,0,0,0,0,0,0,0,0,0,0,0,0,0,11.2194391,78.1677236
TAMIL NADU,Urban,Namakkal,Bicycle,26607,23717,2890,0,0,0,8114,7275,839,14366,12740,1626,2604,2339,265,655,587,68,868,776,92,0,0,0,0,0,0,0,0,0,11.2194391,78.1677236
TAMIL NADU,Urban,Namakkal,Moped/Scooter/Motor Cycle,46631,42038,4593,0,0,0,9941,8927,1014,21824,19535,2289,8005,7195,810,3654,3360,294,1228,1163,65,843,795,48,461,441,20,675,622,53,11.2194391,78.1677236
TAMIL NADU,Urban,Namakkal,Car/Jeep/Van,3836,3013,823,0,0,0,427,323,104,1192,771,421,666,522,144,358,293,65,245,212,33,321,295,26,548,523,25,79,74,5,11.2194391,78.1677236
TAMIL NADU,Urban,Namakkal,Tempo/Autorickshaw/Taxi,1657,1478,179,0,0,0,146,128,18,373,306,67,319,274,45,214,189,25,134,124,10,180,175,5,243,236,7,48,46,2,11.2194391,78.1677236
TAMIL NADU,Urban,Namakkal,Bus,47060,33626,13434,0,0,0,1429,887,542,11166,6639,4527,10360,6832,3528,9037,6841,2196,5554,4363,1191,4414,3691,723,4701,4111,590,399,262,137,11.2194391,78.1677236
TAMIL NADU,Urban,Namakkal,Train,1488,1283,205,0,0,0,79,59,20,115,92,23,72,54,18,56,48,8,38,30,8,59,51,8,1027,913,114,42,36,6,11.2194391,78.1677236
TAMIL NADU,Urban,Namakkal,Water transport,75,66,9,0,0,0,14,12,2,16,13,3,10,8,2,4,4,0,2,2,0,5,5,0,16,16,0,8,6,2,11.2194391,78.1677236
TAMIL NADU,Urban,Namakkal,Any other,2050,1938,112,0,0,0,127,108,19,139,112,27,111,91,20,84,69,15,74,71,3,179,176,3,1207,1188,19,129,123,6,11.2194391,78.1677236
TAMIL NADU,Urban,Namakkal,No travel,47578,28805,18773,47578,28805,18773,0,0,0,0,0,0,0,0,0,0,0,0,0,0,0,0,0,0,0,0,0,0,0,0,11.2194391,78.1677236
MADHYA PRADESH,Total,Gwalior,All Modes,411785,350563,61222,110565,84443,26122,57554,47095,10459,124609,110571,14038,64815,58265,6550,22724,21254,1470,12550,11867,683,6095,5496,599,7682,6968,714,5191,4604,587,26.2182871,78.1828308
MADHYA PRADESH,Total,Gwalior,On foot,93751,74813,18938,0,0,0,38263,29583,8680,38290,31068,7222,17198,14162,3036,0,0,0,0,0,0,0,0,0,0,0,0,0,0,0,26.2182871,78.1828308
MADHYA PRADESH,Total,Gwalior,Bicycle,80718,78549,2169,0,0,0,7637,7367,270,42006,40881,1125,19125,18719,406,6196,6065,131,5754,5517,237,0,0,0,0,0,0,0,0,0,26.2182871,78.1828308
MADHYA PRADESH,Total,Gwalior,Moped/Scooter/Motor Cycle,71607,66327,5280,0,0,0,8164,7453,711,31342,28834,2508,17961,16738,1223,7024,6675,349,1774,1694,80,1358,1271,87,1286,1174,112,2698,2488,210,26.2182871,78.1828308
MADHYA PRADESH,Total,Gwalior,Car/Jeep/Van,7658,6545,1113,0,0,0,756,586,170,2270,1885,385,1658,1417,241,1088,953,135,602,560,42,533,476,57,463,418,45,288,250,38,26.2182871,78.1828308
MADHYA PRADESH,Total,Gwalior,Tempo/Autorickshaw/Taxi,17852,13469,4383,0,0,0,1184,793,391,7006,4790,2216,5847,4654,1193,2094,1829,265,434,400,34,271,228,43,370,297,73,646,478,168,26.2182871,78.1828308
MADHYA PRADESH,Total,Gwalior,Bus,20450,18022,2428,0,0,0,782,630,152,1944,1533,411,2079,1694,385,5806,5255,551,3687,3420,267,2916,2592,324,2596,2348,248,640,550,90,26.2182871,78.1828308
MADHYA PRADESH,Total,Gwalior,Train,7203,6574,629,0,0,0,483,424,59,1124,1024,100,626,577,49,349,320,29,226,209,17,938,855,83,2755,2531,224,702,634,68,26.2182871,78.1828308
MADHYA PRADESH,Total,Gwalior,Water transport,169,143,26,0,0,0,38,33,5,26,20,6,23,18,5,17,14,3,11,11,0,4,4,0,23,21,2,27,22,5,26.2182871,78.1828308
MADHYA PRADESH,Total,Gwalior,Any other,1812,1678,134,0,0,0,247,226,21,601,536,65,298,286,12,150,143,7,62,56,6,75,70,5,189,179,10,190,182,8,26.2182871,78.1828308
MADHYA PRADESH,Total,Gwalior,No travel,110565,84443,26122,110565,84443,26122,0,0,0,0,0,0,0,0,0,0,0,0,0,0,0,0,0,0,0,0,0,0,0,0,26.2182871,78.1828308
MADHYA PRADESH,Rural,Gwalior,All Modes,57269,45703,11566,21043,14424,6619,6848,5082,1766,12404,10534,1870,8041,7177,864,4536,4358,178,2168,2071,97,940,874,66,923,845,78,366,338,28,26.2182871,78.1828308
MADHYA PRADESH,Rural,Gwalior,On foot,14356,10503,3853,0,0,0,5623,3963,1660,5984,4416,1568,2749,2124,625,0,0,0,0,0,0,0,0,0,0,0,0,0,0,0,26.2182871,78.1828308
MADHYA PRADESH,Rural,Gwalior,Bicycle,12704,12358,346,0,0,0,739,702,37,4793,4649,144,3442,3364,78,2596,2546,50,1134,1097,37,0,0,0,0,0,0,0,0,0,26.2182871,78.1828308
MADHYA PRADESH,Rural,Gwalior,Moped/Scooter/Motor Cycle,3400,3240,160,0,0,0,214,195,19,886,838,48,845,812,33,777,748,29,304,294,10,189,176,13,67,66,1,118,111,7,26.2182871,78.1828308
MADHYA PRADESH,Rural,Gwalior,Car/Jeep/Van,1001,818,183,0,0,0,43,29,14,111,87,24,229,179,50,228,183,45,149,140,9,137,108,29,77,66,11,27,26,1,26.2182871,78.1828308
MADHYA PRADESH,Rural,Gwalior,Tempo/Autorickshaw/Taxi,986,885,101,0,0,0,48,39,9,208,175,33,328,291,37,279,269,10,38,35,3,24,23,1,12,12,0,49,41,8,26.2182871,78.1828308
MADHYA PRADESH,Rural,Gwalior,Bus,2466,2272,194,0,0,0,76,66,10,156,129,27,246,211,35,508,472,36,498,463,35,535,516,19,386,361,25,61,54,7,26.2182871,78.1828308
MADHYA PRADESH,Rural,Gwalior,Train,906,834,72,0,0,0,59,50,9,165,153,12,151,146,5,102,99,3,27,26,1,31,29,2,300,263,37,71,68,3,26.2182871,78.1828308
MADHYA PRADESH,Rural,Gwalior,Water transport,17,15,2,0,0,0,5,4,1,1,1,0,2,2,0,3,2,1,0,0,0,0,0,0,6,6,0,0,0,0,26.2182871,78.1828308
MADHYA PRADESH,Rural,Gwalior,Any other,390,354,36,0,0,0,41,34,7,100,86,14,49,48,1,43,39,4,18,16,2,24,22,2,75,71,4,40,38,2,26.2182871,78.1828308
MADHYA PRADESH,Rural,Gwalior,No travel,21043,14424,6619,21043,14424,6619,0,0,0,0,0,0,0,0,0,0,0,0,0,0,0,0,0,0,0,0,0,0,0,0,26.2182871,78.1828308
MADHYA PRADESH,Urban,Gwalior,All Modes,354516,304860,49656,89522,70019,19503,50706,42013,8693,112205,100037,12168,56774,51088,5686,18188,16896,1292,10382,9796,586,5155,4622,533,6759,6123,636,4825,4266,559,26.2182871,78.1828308
MADHYA PRADESH,Urban,Gwalior,On foot,79395,64310,15085,0,0,0,32640,25620,7020,32306,26652,5654,14449,12038,2411,0,0,0,0,0,0,0,0,0,0,0,0,0,0,0,26.2182871,78.1828308
MADHYA PRADESH,Urban,Gwalior,Bicycle,68014,66191,1823,0,0,0,6898,6665,233,37213,36232,981,15683,15355,328,3600,3519,81,4620,4420,200,0,0,0,0,0,0,0,0,0,26.2182871,78.1828308
MADHYA PRADESH,Urban,Gwalior,Moped/Scooter/Motor Cycle,68207,63087,5120,0,0,0,7950,7258,692,30456,27996,2460,17116,15926,1190,6247,5927,320,1470,1400,70,1169,1095,74,1219,1108,111,2580,2377,203,26.2182871,78.1828308
MADHYA PRADESH,Urban,Gwalior,Car/Jeep/Van,6657,5727,930,0,0,0,713,557,156,2159,1798,361,1429,1238,191,860,770,90,453,420,33,396,368,28,386,352,34,261,224,37,26.2182871,78.1828308
MADHYA PRADESH,Urban,Gwalior,Tempo/Autorickshaw/Taxi,16866,12584,4282,0,0,0,1136,754,382,6798,4615,2183,5519,4363,1156,1815,1560,255,396,365,31,247,205,42,358,285,73,597,437,160,26.2182871,78.1828308
MADHYA PRADESH,Urban,Gwalior,Bus,17984,15750,2234,0,0,0,706,564,142,1788,1404,384,1833,1483,350,5298,4783,515,3189,2957,232,2381,2076,305,2210,1987,223,579,496,83,26.2182871,78.1828308
MADHYA PRADESH,Urban,Gwalior,Train,6297,5740,557,0,0,0,424,374,50,959,871,88,475,431,44,247,221,26,199,183,16,907,826,81,2455,2268,187,631,566,65,26.2182871,78.1828308
MADHYA PRADESH,Urban,Gwalior,Water transport,152,128,24,0,0,0,33,29,4,25,19,6,21,16,5,14,12,2,11,11,0,4,4,0,17,15,2,27,22,5,26.2182871,78.1828308
MADHYA PRADESH,Urban,Gwalior,Any other,1422,1324,98,0,0,0,206,192,14,501,450,51,249,238,11,107,104,3,44,40,4,51,48,3,114,108,6,150,144,6,26.2182871,78.1828308
MADHYA PRADESH,Urban,Gwalior,No travel,89522,70019,19503,89522,70019,19503,0,0,0,0,0,0,0,0,0,0,0,0,0,0,0,0,0,0,0,0,0,0,0,0,26.2182871,78.1828308
TAMIL NADU,Total,Krishnagiri,All Modes,356495,271093,85402,88232,57937,30295,51639,36711,14928,78958,59013,19945,53787,43918,9869,27033,22919,4114,17268,15086,2182,16991,15112,1879,20385,18445,1940,2202,1952,250,12.5295725,78.2063545
TAMIL NADU,Total,Krishnagiri,On foot,70904,44139,26765,0,0,0,34219,21955,12264,25224,14356,10868,11461,7828,3633,0,0,0,0,0,0,0,0,0,0,0,0,0,0,0,12.5295725,78.2063545
TAMIL NADU,Total,Krishnagiri,Bicycle,21101,19495,1606,0,0,0,3460,3215,245,10490,9542,948,4204,3940,264,1256,1196,60,1691,1602,89,0,0,0,0,0,0,0,0,0,12.5295725,78.2063545
TAMIL NADU,Total,Krishnagiri,Moped/Scooter/Motor Cycle,57692,53560,4132,0,0,0,8747,8024,723,22717,20752,1965,13134,12340,794,6216,5872,344,2694,2572,122,2232,2154,78,1180,1120,60,772,726,46,12.5295725,78.2063545
TAMIL NADU,Total,Krishnagiri,Car/Jeep/Van,7681,6535,1146,0,0,0,623,490,133,1817,1395,422,1419,1211,208,986,853,133,655,583,72,1039,932,107,962,905,57,180,166,14,12.5295725,78.2063545
TAMIL NADU,Total,Krishnagiri,Tempo/Autorickshaw/Taxi,5743,5039,704,0,0,0,449,377,72,1326,1022,304,1269,1104,165,746,672,74,497,464,33,577,547,30,755,735,20,124,118,6,12.5295725,78.2063545
TAMIL NADU,Total,Krishnagiri,Bus,101255,80812,20443,0,0,0,3940,2474,1466,16972,11590,5382,21904,17145,4759,17522,14052,3470,11521,9674,1847,12644,11014,1630,15881,14155,1726,871,708,163,12.5295725,78.2063545
TAMIL NADU,Total,Krishnagiri,Train,2103,1893,210,0,0,0,126,106,20,217,185,32,153,135,18,129,110,19,99,88,11,303,274,29,950,880,70,126,115,11,12.5295725,78.2063545
TAMIL NADU,Total,Krishnagiri,Water transport,140,125,15,0,0,0,1,1,0,23,16,7,27,25,2,27,23,4,6,5,1,18,18,0,28,27,1,10,10,0,12.5295725,78.2063545
TAMIL NADU,Total,Krishnagiri,Any other,1644,1558,86,0,0,0,74,69,5,172,155,17,216,190,26,151,141,10,105,98,7,178,173,5,629,623,6,119,109,10,12.5295725,78.2063545
TAMIL NADU,Total,Krishnagiri,No travel,88232,57937,30295,88232,57937,30295,0,0,0,0,0,0,0,0,0,0,0,0,0,0,0,0,0,0,0,0,0,0,0,0,12.5295725,78.2063545
TAMIL NADU,Rural,Krishnagiri,All Modes,211668,156936,54732,63537,41629,21908,23123,15076,8047,37629,25578,12051,30816,24424,6392,18132,15600,2532,11386,10153,1233,10483,9482,1001,15353,13928,1425,1209,1066,143,12.5295725,78.2063545
TAMIL NADU,Rural,Krishnagiri,On foot,38411,21586,16825,0,0,0,16688,9897,6791,14137,6704,7433,7586,4985,2601,0,0,0,0,0,0,0,0,0,0,0,0,0,0,0,12.5295725,78.2063545
TAMIL NADU,Rural,Krishnagiri,Bicycle,11854,10786,1068,0,0,0,1360,1214,146,5462,4864,598,2963,2746,217,919,873,46,1150,1089,61,0,0,0,0,0,0,0,0,0,12.5295725,78.2063545
TAMIL NADU,Rural,Krishnagiri,Moped/Scooter/Motor Cycle,23961,22122,1839,0,0,0,2424,2171,253,7954,7135,819,6062,5642,420,3735,3540,195,1609,1540,69,1125,1096,29,712,676,36,340,322,18,12.5295725,78.2063545
TAMIL NADU,Rural,Krishnagiri,Car/Jeep/Van,3223,2605,618,0,0,0,207,145,62,631,428,203,491,363,128,495,413,82,300,260,40,466,407,59,539,503,36,94,86,8,12.5295725,78.2063545
TAMIL NADU,Rural,Krishnagiri,Tempo/Autorickshaw/Taxi,3377,2989,388,0,0,0,176,150,26,613,480,133,799,687,112,481,425,56,346,323,23,354,333,21,544,531,13,64,60,4,12.5295725,78.2063545
TAMIL NADU,Rural,Krishnagiri,Bus,64690,52792,11898,0,0,0,2129,1375,754,8587,5756,2831,12632,9750,2882,12280,10149,2131,7823,6795,1028,8291,7409,882,12395,11106,1289,553,452,101,12.5295725,78.2063545
TAMIL NADU,Rural,Krishnagiri,Train,1339,1217,122,0,0,0,84,71,13,118,98,20,97,86,11,96,84,12,77,71,6,104,98,6,682,636,46,81,73,8,12.5295725,78.2063545
TAMIL NADU,Rural,Krishnagiri,Water transport,48,43,5,0,0,0,0,0,0,8,7,1,12,11,1,4,3,1,3,2,1,6,6,0,12,11,1,3,3,0,12.5295725,78.2063545
TAMIL NADU,Rural,Krishnagiri,Any other,1228,1167,61,0,0,0,55,53,2,119,106,13,174,154,20,122,113,9,78,73,5,137,133,4,469,465,4,74,70,4,12.5295725,78.2063545
TAMIL NADU,Rural,Krishnagiri,No travel,63537,41629,21908,63537,41629,21908,0,0,0,0,0,0,0,0,0,0,0,0,0,0,0,0,0,0,0,0,0,0,0,0,12.5295725,78.2063545
TAMIL NADU,Urban,Krishnagiri,All Modes,144827,114157,30670,24695,16308,8387,28516,21635,6881,41329,33435,7894,22971,19494,3477,8901,7319,1582,5882,4933,949,6508,5630,878,5032,4517,515,993,886,107,12.5295725,78.2063545
TAMIL NADU,Urban,Krishnagiri,On foot,32493,22553,9940,0,0,0,17531,12058,5473,11087,7652,3435,3875,2843,1032,0,0,0,0,0,0,0,0,0,0,0,0,0,0,0,12.5295725,78.2063545
TAMIL NADU,Urban,Krishnagiri,Bicycle,9247,8709,538,0,0,0,2100,2001,99,5028,4678,350,1241,1194,47,337,323,14,541,513,28,0,0,0,0,0,0,0,0,0,12.5295725,78.2063545
TAMIL NADU,Urban,Krishnagiri,Moped/Scooter/Motor Cycle,33731,31438,2293,0,0,0,6323,5853,470,14763,13617,1146,7072,6698,374,2481,2332,149,1085,1032,53,1107,1058,49,468,444,24,432,404,28,12.5295725,78.2063545
TAMIL NADU,Urban,Krishnagiri,Car/Jeep/Van,4458,3930,528,0,0,0,416,345,71,1186,967,219,928,848,80,491,440,51,355,323,32,573,525,48,423,402,21,86,80,6,12.5295725,78.2063545
TAMIL NADU,Urban,Krishnagiri,Tempo/Autorickshaw/Taxi,2366,2050,316,0,0,0,273,227,46,713,542,171,470,417,53,265,247,18,151,141,10,223,214,9,211,204,7,60,58,2,12.5295725,78.2063545
TAMIL NADU,Urban,Krishnagiri,Bus,36565,28020,8545,0,0,0,1811,1099,712,8385,5834,2551,9272,7395,1877,5242,3903,1339,3698,2879,819,4353,3605,748,3486,3049,437,318,256,62,12.5295725,78.2063545
TAMIL NADU,Urban,Krishnagiri,Train,764,676,88,0,0,0,42,35,7,99,87,12,56,49,7,33,26,7,22,17,5,199,176,23,268,244,24,45,42,3,12.5295725,78.2063545
TAMIL NADU,Urban,Krishnagiri,Water transport,92,82,10,0,0,0,1,1,0,15,9,6,15,14,1,23,20,3,3,3,0,12,12,0,16,16,0,7,7,0,12.5295725,78.2063545
TAMIL NADU,Urban,Krishnagiri,Any other,416,391,25,0,0,0,19,16,3,53,49,4,42,36,6,29,28,1,27,25,2,41,40,1,160,158,2,45,39,6,12.5295725,78.2063545
TAMIL NADU,Urban,Krishnagiri,No travel,24695,16308,8387,24695,16308,8387,0,0,0,0,0,0,0,0,0,0,0,0,0,0,0,0,0,0,0,0,0,0,0,0,12.5295725,78.2063545
ANDHRA PRADESH,Total,Medak,All Modes,450211,339046,111165,173065,114589,58476,64981,46300,18681,93052,76457,16595,44829,36737,8092,30817,26887,3930,15269,13313,1956,10831,9465,1366,13527,11897,1630,3840,3401,439,18.0529357,78.261853
ANDHRA PRADESH,Total,Medak,On foot,93135,61219,31916,0,0,0,49084,31760,17324,31620,21299,10321,12431,8160,4271,0,0,0,0,0,0,0,0,0,0,0,0,0,0,0,18.0529357,78.261853
ANDHRA PRADESH,Total,Medak,Bicycle,38543,37214,1329,0,0,0,5529,5333,196,23404,22668,736,5339,5192,147,1841,1748,93,2430,2273,157,0,0,0,0,0,0,0,0,0,18.0529357,78.261853
ANDHRA PRADESH,Total,Medak,Moped/Scooter/Motor Cycle,48476,46341,2135,0,0,0,6907,6609,298,18797,17953,844,7980,7654,326,7658,7309,349,2884,2770,114,1787,1712,75,919,882,37,1544,1452,92,18.0529357,78.261853
ANDHRA PRADESH,Total,Medak,Car/Jeep/Van,6041,5300,741,0,0,0,424,357,67,1366,1189,177,820,720,100,1237,1029,208,498,433,65,600,543,57,807,768,39,289,261,28,18.0529357,78.261853
ANDHRA PRADESH,Total,Medak,Tempo/Autorickshaw/Taxi,29953,23860,6093,0,0,0,1358,1015,343,10498,7571,2927,8384,6847,1537,5981,5109,872,1617,1439,178,912,820,92,576,527,49,627,532,95,18.0529357,78.261853
ANDHRA PRADESH,Total,Medak,Bus,56810,46856,9954,0,0,0,1315,931,384,6638,5142,1496,9416,7753,1663,13473,11145,2328,7384,6004,1380,7149,6059,1090,10289,8881,1408,1146,941,205,18.0529357,78.261853
ANDHRA PRADESH,Total,Medak,Train,2250,1904,346,0,0,0,145,108,37,353,301,52,214,191,23,308,251,57,315,261,54,244,202,42,571,501,70,100,89,11,18.0529357,78.261853
ANDHRA PRADESH,Total,Medak,Water transport,126,106,20,0,0,0,31,23,8,30,27,3,20,17,3,18,15,3,8,7,1,5,4,1,10,9,1,4,4,0,18.0529357,78.261853
ANDHRA PRADESH,Total,Medak,Any other,1812,1657,155,0,0,0,188,164,24,346,307,39,225,203,22,301,281,20,133,126,7,134,125,9,355,329,26,130,122,8,18.0529357,78.261853
ANDHRA PRADESH,Total,Medak,No travel,173065,114589,58476,173065,114589,58476,0,0,0,0,0,0,0,0,0,0,0,0,0,0,0,0,0,0,0,0,0,0,0,0,18.0529357,78.261853
ANDHRA PRADESH,Rural,Medak,All Modes,230524,167458,63066,110003,71426,38577,26824,17212,9612,30059,23997,6062,23442,19130,4312,16801,14927,1874,7515,6668,847,6239,5569,670,8599,7603,996,1042,926,116,18.0529357,78.261853
ANDHRA PRADESH,Rural,Medak,On foot,38660,23350,15310,0,0,0,22011,12872,9139,10642,6784,3858,6007,3694,2313,0,0,0,0,0,0,0,0,0,0,0,0,0,0,0,18.0529357,78.261853
ANDHRA PRADESH,Rural,Medak,Bicycle,14730,14247,483,0,0,0,1815,1751,64,7810,7585,225,2932,2864,68,1225,1162,63,948,885,63,0,0,0,0,0,0,0,0,0,18.0529357,78.261853
ANDHRA PRADESH,Rural,Medak,Moped/Scooter/Motor Cycle,16294,15723,571,0,0,0,1613,1552,61,4265,4107,158,3713,3589,124,3504,3390,114,1374,1328,46,969,937,32,545,526,19,311,294,17,18.0529357,78.261853
ANDHRA PRADESH,Rural,Medak,Car/Jeep/Van,2050,1859,191,0,0,0,113,90,23,317,277,40,294,262,32,336,306,30,196,181,15,304,283,21,419,398,21,71,62,9,18.0529357,78.261853
ANDHRA PRADESH,Rural,Medak,Tempo/Autorickshaw/Taxi,18019,14904,3115,0,0,0,533,407,126,4343,3152,1191,5744,4793,951,4819,4221,598,1294,1161,133,673,617,56,379,345,34,234,208,26,18.0529357,78.261853
ANDHRA PRADESH,Rural,Medak,Bus,28634,24025,4609,0,0,0,597,426,171,2457,1897,560,4472,3662,810,6561,5515,1046,3503,2927,576,4071,3531,540,6641,5795,846,332,272,60,18.0529357,78.261853
ANDHRA PRADESH,Rural,Medak,Train,1107,952,155,0,0,0,58,39,19,105,85,20,136,126,10,141,125,16,102,91,11,138,118,20,397,340,57,30,28,2,18.0529357,78.261853
ANDHRA PRADESH,Rural,Medak,Water transport,75,64,11,0,0,0,27,20,7,16,15,1,11,11,0,9,7,2,4,3,1,1,1,0,6,6,0,1,1,0,18.0529357,78.261853
ANDHRA PRADESH,Rural,Medak,Any other,952,908,44,0,0,0,57,55,2,104,95,9,133,129,4,206,201,5,94,92,2,83,82,1,212,193,19,63,61,2,18.0529357,78.261853
ANDHRA PRADESH,Rural,Medak,No travel,110003,71426,38577,110003,71426,38577,0,0,0,0,0,0,0,0,0,0,0,0,0,0,0,0,0,0,0,0,0,0,0,0,18.0529357,78.261853
ANDHRA PRADESH,Urban,Medak,All Modes,219687,171588,48099,63062,43163,19899,38157,29088,9069,62993,52460,10533,21387,17607,3780,14016,11960,2056,7754,6645,1109,4592,3896,696,4928,4294,634,2798,2475,323,18.0529357,78.261853
ANDHRA PRADESH,Urban,Medak,On foot,54475,37869,16606,0,0,0,27073,18888,8185,20978,14515,6463,6424,4466,1958,0,0,0,0,0,0,0,0,0,0,0,0,0,0,0,18.0529357,78.261853
ANDHRA PRADESH,Urban,Medak,Bicycle,23813,22967,846,0,0,0,3714,3582,132,15594,15083,511,2407,2328,79,616,586,30,1482,1388,94,0,0,0,0,0,0,0,0,0,18.0529357,78.261853
ANDHRA PRADESH,Urban,Medak,Moped/Scooter/Motor Cycle,32182,30618,1564,0,0,0,5294,5057,237,14532,13846,686,4267,4065,202,4154,3919,235,1510,1442,68,818,775,43,374,356,18,1233,1158,75,18.0529357,78.261853
ANDHRA PRADESH,Urban,Medak,Car/Jeep/Van,3991,3441,550,0,0,0,311,267,44,1049,912,137,526,458,68,901,723,178,302,252,50,296,260,36,388,370,18,218,199,19,18.0529357,78.261853
ANDHRA PRADESH,Urban,Medak,Tempo/Autorickshaw/Taxi,11934,8956,2978,0,0,0,825,608,217,6155,4419,1736,2640,2054,586,1162,888,274,323,278,45,239,203,36,197,182,15,393,324,69,18.0529357,78.261853
ANDHRA PRADESH,Urban,Medak,Bus,28176,22831,5345,0,0,0,718,505,213,4181,3245,936,4944,4091,853,6912,5630,1282,3881,3077,804,3078,2528,550,3648,3086,562,814,669,145,18.0529357,78.261853
ANDHRA PRADESH,Urban,Medak,Train,1143,952,191,0,0,0,87,69,18,248,216,32,78,65,13,167,126,41,213,170,43,106,84,22,174,161,13,70,61,9,18.0529357,78.261853
ANDHRA PRADESH,Urban,Medak,Water transport,51,42,9,0,0,0,4,3,1,14,12,2,9,6,3,9,8,1,4,4,0,4,3,1,4,3,1,3,3,0,18.0529357,78.261853
ANDHRA PRADESH,Urban,Medak,Any other,860,749,111,0,0,0,131,109,22,242,212,30,92,74,18,95,80,15,39,34,5,51,43,8,143,136,7,67,61,6,18.0529357,78.261853
ANDHRA PRADESH,Urban,Medak,No travel,63062,43163,19899,63062,43163,19899,0,0,0,0,0,0,0,0,0,0,0,0,0,0,0,0,0,0,0,0,0,0,0,0,18.0529357,78.261853
UTTAR PRADESH,Total,Jyotiba Phule Nagar,All Modes,217940,172650,45290,99545,63550,35995,35531,31047,4484,36594,34384,2210,20569,19060,1509,7535,7182,353,5280,5037,243,2641,2526,115,8230,7989,241,2015,1875,140,28.7715965,78.3387066
UTTAR PRADESH,Total,Jyotiba Phule Nagar,On foot,44990,38833,6157,0,0,0,26940,22882,4058,10768,9665,1103,7282,6286,996,0,0,0,0,0,0,0,0,0,0,0,0,0,0,0,28.7715965,78.3387066
UTTAR PRADESH,Total,Jyotiba Phule Nagar,Bicycle,33742,33028,714,0,0,0,4882,4740,142,16633,16307,326,7463,7341,122,2130,2101,29,2634,2539,95,0,0,0,0,0,0,0,0,0,28.7715965,78.3387066
UTTAR PRADESH,Total,Jyotiba Phule Nagar,Moped/Scooter/Motor Cycle,13809,13236,573,0,0,0,2105,2025,80,4925,4689,236,2527,2436,91,1947,1873,74,823,788,35,619,601,18,325,315,10,538,509,29,28.7715965,78.3387066
UTTAR PRADESH,Total,Jyotiba Phule Nagar,Car/Jeep/Van,1485,1344,141,0,0,0,183,163,20,320,282,38,215,189,26,216,197,19,83,76,7,141,131,10,204,196,8,123,110,13,28.7715965,78.3387066
UTTAR PRADESH,Total,Jyotiba Phule Nagar,Tempo/Autorickshaw/Taxi,3725,3118,607,0,0,0,270,187,83,1366,1052,314,986,884,102,658,602,56,136,123,13,99,94,5,65,62,3,145,114,31,28.7715965,78.3387066
UTTAR PRADESH,Total,Jyotiba Phule Nagar,Bus,10222,9463,759,0,0,0,358,315,43,986,851,135,1366,1216,150,1838,1687,151,1071,991,80,1081,1021,60,3108,2999,109,414,383,31,28.7715965,78.3387066
UTTAR PRADESH,Total,Jyotiba Phule Nagar,Train,7101,6881,220,0,0,0,301,286,15,348,335,13,211,206,5,436,419,17,447,434,13,585,563,22,4225,4117,108,548,521,27,28.7715965,78.3387066
UTTAR PRADESH,Total,Jyotiba Phule Nagar,Water transport,112,102,10,0,0,0,29,22,7,4,4,0,12,11,1,6,6,0,0,0,0,8,8,0,39,37,2,14,14,0,28.7715965,78.3387066
UTTAR PRADESH,Total,Jyotiba Phule Nagar,Any other,3209,3095,114,0,0,0,463,427,36,1244,1199,45,507,491,16,304,297,7,86,86,0,108,108,0,264,263,1,233,224,9,28.7715965,78.3387066
UTTAR PRADESH,Total,Jyotiba Phule Nagar,No travel,99545,63550,35995,99545,63550,35995,0,0,0,0,0,0,0,0,0,0,0,0,0,0,0,0,0,0,0,0,0,0,0,0,28.7715965,78.3387066
UTTAR PRADESH,Rural,Jyotiba Phule Nagar,All Modes,111327,80098,31229,58852,32905,25947,10264,7391,2873,15091,13978,1113,11278,10539,739,5179,4988,191,2966,2849,117,1742,1673,69,5058,4931,127,897,844,53,28.7715965,78.3387066
UTTAR PRADESH,Rural,Jyotiba Phule Nagar,On foot,12710,8919,3791,0,0,0,7676,4973,2703,3141,2534,607,1893,1412,481,0,0,0,0,0,0,0,0,0,0,0,0,0,0,0,28.7715965,78.3387066
UTTAR PRADESH,Rural,Jyotiba Phule Nagar,Bicycle,18188,17831,357,0,0,0,1473,1412,61,8290,8129,161,5692,5606,86,1618,1603,15,1115,1081,34,0,0,0,0,0,0,0,0,0,28.7715965,78.3387066
UTTAR PRADESH,Rural,Jyotiba Phule Nagar,Moped/Scooter/Motor Cycle,6603,6282,321,0,0,0,524,491,33,1780,1648,132,1618,1564,54,1290,1244,46,578,551,27,444,431,13,216,207,9,153,146,7,28.7715965,78.3387066
UTTAR PRADESH,Rural,Jyotiba Phule Nagar,Car/Jeep/Van,600,548,52,0,0,0,50,40,10,102,90,12,121,110,11,104,96,8,33,30,3,74,73,1,87,84,3,29,25,4,28.7715965,78.3387066
UTTAR PRADESH,Rural,Jyotiba Phule Nagar,Tempo/Autorickshaw/Taxi,2075,1839,236,0,0,0,87,73,14,636,511,125,643,605,38,473,437,36,82,75,7,65,62,3,38,37,1,51,39,12,28.7715965,78.3387066
UTTAR PRADESH,Rural,Jyotiba Phule Nagar,Bus,6787,6431,356,0,0,0,172,152,20,607,547,60,867,813,54,1207,1135,72,766,726,40,766,728,38,2130,2075,55,272,255,17,28.7715965,78.3387066
UTTAR PRADESH,Rural,Jyotiba Phule Nagar,Train,4069,3949,120,0,0,0,135,125,10,160,153,7,161,157,4,318,308,10,337,331,6,311,297,14,2366,2309,57,281,269,12,28.7715965,78.3387066
UTTAR PRADESH,Rural,Jyotiba Phule Nagar,Water transport,65,58,7,0,0,0,12,8,4,1,1,0,6,5,1,2,2,0,0,0,0,8,8,0,27,25,2,9,9,0,28.7715965,78.3387066
UTTAR PRADESH,Rural,Jyotiba Phule Nagar,Any other,1378,1336,42,0,0,0,135,117,18,374,365,9,277,267,10,167,163,4,55,55,0,74,74,0,194,194,0,102,101,1,28.7715965,78.3387066
UTTAR PRADESH,Rural,Jyotiba Phule Nagar,No travel,58852,32905,25947,58852,32905,25947,0,0,0,0,0,0,0,0,0,0,0,0,0,0,0,0,0,0,0,0,0,0,0,0,28.7715965,78.3387066
UTTAR PRADESH,Urban,Jyotiba Phule Nagar,All Modes,106613,92552,14061,40693,30645,10048,25267,23656,1611,21503,20406,1097,9291,8521,770,2356,2194,162,2314,2188,126,899,853,46,3172,3058,114,1118,1031,87,28.7715965,78.3387066
UTTAR PRADESH,Urban,Jyotiba Phule Nagar,On foot,32280,29914,2366,0,0,0,19264,17909,1355,7627,7131,496,5389,4874,515,0,0,0,0,0,0,0,0,0,0,0,0,0,0,0,28.7715965,78.3387066
UTTAR PRADESH,Urban,Jyotiba Phule Nagar,Bicycle,15554,15197,357,0,0,0,3409,3328,81,8343,8178,165,1771,1735,36,512,498,14,1519,1458,61,0,0,0,0,0,0,0,0,0,28.7715965,78.3387066
UTTAR PRADESH,Urban,Jyotiba Phule Nagar,Moped/Scooter/Motor Cycle,7206,6954,252,0,0,0,1581,1534,47,3145,3041,104,909,872,37,657,629,28,245,237,8,175,170,5,109,108,1,385,363,22,28.7715965,78.3387066
UTTAR PRADESH,Urban,Jyotiba Phule Nagar,Car/Jeep/Van,885,796,89,0,0,0,133,123,10,218,192,26,94,79,15,112,101,11,50,46,4,67,58,9,117,112,5,94,85,9,28.7715965,78.3387066
UTTAR PRADESH,Urban,Jyotiba Phule Nagar,Tempo/Autorickshaw/Taxi,1650,1279,371,0,0,0,183,114,69,730,541,189,343,279,64,185,165,20,54,48,6,34,32,2,27,25,2,94,75,19,28.7715965,78.3387066
UTTAR PRADESH,Urban,Jyotiba Phule Nagar,Bus,3435,3032,403,0,0,0,186,163,23,379,304,75,499,403,96,631,552,79,305,265,40,315,293,22,978,924,54,142,128,14,28.7715965,78.3387066
UTTAR PRADESH,Urban,Jyotiba Phule Nagar,Train,3032,2932,100,0,0,0,166,161,5,188,182,6,50,49,1,118,111,7,110,103,7,274,266,8,1859,1808,51,267,252,15,28.7715965,78.3387066
UTTAR PRADESH,Urban,Jyotiba Phule Nagar,Water transport,47,44,3,0,0,0,17,14,3,3,3,0,6,6,0,4,4,0,0,0,0,0,0,0,12,12,0,5,5,0,28.7715965,78.3387066
UTTAR PRADESH,Urban,Jyotiba Phule Nagar,Any other,1831,1759,72,0,0,0,328,310,18,870,834,36,230,224,6,137,134,3,31,31,0,34,34,0,70,69,1,131,123,8,28.7715965,78.3387066
UTTAR PRADESH,Urban,Jyotiba Phule Nagar,No travel,40693,30645,10048,40693,30645,10048,0,0,0,0,0,0,0,0,0,0,0,0,0,0,0,0,0,0,0,0,0,0,0,0,28.7715965,78.3387066
UTTAR PRADESH,Total,Firozabad,All Modes,366763,290565,76198,162359,104748,57611,46122,38460,7662,72233,66846,5387,42646,39017,3629,19037,18396,641,11861,11320,541,3280,3113,167,6111,5873,238,3114,2792,322,27.1591961,78.3957331
UTTAR PRADESH,Total,Firozabad,On foot,67117,55307,11810,0,0,0,33141,26541,6600,20582,17841,2741,13394,10925,2469,0,0,0,0,0,0,0,0,0,0,0,0,0,0,0,27.1591961,78.3957331
UTTAR PRADESH,Total,Firozabad,Bicycle,83460,80715,2745,0,0,0,8259,7729,530,37436,36092,1344,20398,19998,400,10199,10058,141,7168,6838,330,0,0,0,0,0,0,0,0,0,27.1591961,78.3957331
UTTAR PRADESH,Total,Firozabad,Moped/Scooter/Motor Cycle,21399,20215,1184,0,0,0,2863,2670,193,8461,7996,465,4068,3834,234,2738,2616,122,992,962,30,703,683,20,367,347,20,1207,1107,100,27.1591961,78.3957331
UTTAR PRADESH,Total,Firozabad,Car/Jeep/Van,2934,2705,229,0,0,0,250,215,35,654,588,66,360,331,29,806,781,25,212,196,16,207,194,13,184,176,8,261,224,37,27.1591961,78.3957331
UTTAR PRADESH,Total,Firozabad,Tempo/Autorickshaw/Taxi,10495,9176,1319,0,0,0,559,433,126,2987,2414,573,2623,2274,349,2489,2334,155,976,941,35,260,249,11,173,164,9,428,367,61,27.1591961,78.3957331
UTTAR PRADESH,Total,Firozabad,Bus,9208,8361,847,0,0,0,366,282,84,540,435,105,847,732,115,1848,1670,178,1868,1756,112,1614,1505,109,1766,1686,80,359,295,64,27.1591961,78.3957331
UTTAR PRADESH,Total,Firozabad,Train,7521,7194,327,0,0,0,378,331,47,889,835,54,537,516,21,659,643,16,577,560,17,400,389,11,3448,3334,114,633,586,47,27.1591961,78.3957331
UTTAR PRADESH,Total,Firozabad,Water transport,172,145,27,0,0,0,51,37,14,23,20,3,26,24,2,6,6,0,4,4,0,12,12,0,24,20,4,26,22,4,27.1591961,78.3957331
UTTAR PRADESH,Total,Firozabad,Any other,2098,1999,99,0,0,0,255,222,33,661,625,36,393,383,10,292,288,4,64,63,1,84,81,3,149,146,3,200,191,9,27.1591961,78.3957331
UTTAR PRADESH,Total,Firozabad,No travel,162359,104748,57611,162359,104748,57611,0,0,0,0,0,0,0,0,0,0,0,0,0,0,0,0,0,0,0,0,0,0,0,0,27.1591961,78.3957331
UTTAR PRADESH,Rural,Firozabad,All Modes,154482,122266,32216,65405,40432,24973,12400,8998,3402,23305,21526,1779,25391,24040,1351,15023,14721,302,6199,6031,168,1946,1875,71,3868,3766,102,945,877,68,27.1591961,78.3957331
UTTAR PRADESH,Rural,Firozabad,On foot,17266,12227,5039,0,0,0,8602,5444,3158,4922,3830,1092,3742,2953,789,0,0,0,0,0,0,0,0,0,0,0,0,0,0,0,27.1591961,78.3957331
UTTAR PRADESH,Rural,Firozabad,Bicycle,47001,46054,947,0,0,0,2495,2371,124,14779,14390,389,16833,16606,227,9483,9374,109,3411,3313,98,0,0,0,0,0,0,0,0,0,27.1591961,78.3957331
UTTAR PRADESH,Rural,Firozabad,Moped/Scooter/Motor Cycle,7199,6905,294,0,0,0,684,652,32,1779,1674,105,1817,1754,63,1547,1500,47,570,560,10,380,370,10,197,188,9,225,207,18,27.1591961,78.3957331
UTTAR PRADESH,Rural,Firozabad,Car/Jeep/Van,1498,1430,68,0,0,0,77,67,10,158,145,13,187,179,8,629,618,11,127,120,7,121,117,4,110,105,5,89,79,10,27.1591961,78.3957331
UTTAR PRADESH,Rural,Firozabad,Tempo/Autorickshaw/Taxi,5097,4667,430,0,0,0,156,132,24,665,558,107,1531,1337,194,1666,1593,73,676,659,17,176,171,5,110,110,0,117,107,10,27.1591961,78.3957331
UTTAR PRADESH,Rural,Firozabad,Bus,4945,4658,287,0,0,0,131,100,31,271,236,35,531,480,51,961,909,52,973,945,28,926,881,45,1025,994,31,127,113,14,27.1591961,78.3957331
UTTAR PRADESH,Rural,Firozabad,Train,4839,4701,138,0,0,0,170,157,13,495,472,23,441,428,13,478,472,6,386,378,8,271,265,6,2312,2257,55,286,272,14,27.1591961,78.3957331
UTTAR PRADESH,Rural,Firozabad,Water transport,66,57,9,0,0,0,14,9,5,5,4,1,12,11,1,5,5,0,3,3,0,9,9,0,11,10,1,7,6,1,27.1591961,78.3957331
UTTAR PRADESH,Rural,Firozabad,Any other,1166,1135,31,0,0,0,71,66,5,231,217,14,297,292,5,254,250,4,53,53,0,63,62,1,103,102,1,94,93,1,27.1591961,78.3957331
UTTAR PRADESH,Rural,Firozabad,No travel,65405,40432,24973,65405,40432,24973,0,0,0,0,0,0,0,0,0,0,0,0,0,0,0,0,0,0,0,0,0,0,0,0,27.1591961,78.3957331
UTTAR PRADESH,Urban,Firozabad,All Modes,212281,168299,43982,96954,64316,32638,33722,29462,4260,48928,45320,3608,17255,14977,2278,4014,3675,339,5662,5289,373,1334,1238,96,2243,2107,136,2169,1915,254,27.1591961,78.3957331
UTTAR PRADESH,Urban,Firozabad,On foot,49851,43080,6771,0,0,0,24539,21097,3442,15660,14011,1649,9652,7972,1680,0,0,0,0,0,0,0,0,0,0,0,0,0,0,0,27.1591961,78.3957331
UTTAR PRADESH,Urban,Firozabad,Bicycle,36459,34661,1798,0,0,0,5764,5358,406,22657,21702,955,3565,3392,173,716,684,32,3757,3525,232,0,0,0,0,0,0,0,0,0,27.1591961,78.3957331
UTTAR PRADESH,Urban,Firozabad,Moped/Scooter/Motor Cycle,14200,13310,890,0,0,0,2179,2018,161,6682,6322,360,2251,2080,171,1191,1116,75,422,402,20,323,313,10,170,159,11,982,900,82,27.1591961,78.3957331
UTTAR PRADESH,Urban,Firozabad,Car/Jeep/Van,1436,1275,161,0,0,0,173,148,25,496,443,53,173,152,21,177,163,14,85,76,9,86,77,9,74,71,3,172,145,27,27.1591961,78.3957331
UTTAR PRADESH,Urban,Firozabad,Tempo/Autorickshaw/Taxi,5398,4509,889,0,0,0,403,301,102,2322,1856,466,1092,937,155,823,741,82,300,282,18,84,78,6,63,54,9,311,260,51,27.1591961,78.3957331
UTTAR PRADESH,Urban,Firozabad,Bus,4263,3703,560,0,0,0,235,182,53,269,199,70,316,252,64,887,761,126,895,811,84,688,624,64,741,692,49,232,182,50,27.1591961,78.3957331
UTTAR PRADESH,Urban,Firozabad,Train,2682,2493,189,0,0,0,208,174,34,394,363,31,96,88,8,181,171,10,191,182,9,129,124,5,1136,1077,59,347,314,33,27.1591961,78.3957331
UTTAR PRADESH,Urban,Firozabad,Water transport,106,88,18,0,0,0,37,28,9,18,16,2,14,13,1,1,1,0,1,1,0,3,3,0,13,10,3,19,16,3,27.1591961,78.3957331
UTTAR PRADESH,Urban,Firozabad,Any other,932,864,68,0,0,0,184,156,28,430,408,22,96,91,5,38,38,0,11,10,1,21,19,2,46,44,2,106,98,8,27.1591961,78.3957331
UTTAR PRADESH,Urban,Firozabad,No travel,96954,64316,32638,96954,64316,32638,0,0,0,0,0,0,0,0,0,0,0,0,0,0,0,0,0,0,0,0,0,0,0,0,27.1591961,78.3957331
UTTAR PRADESH,Total,Lalitpur,All Modes,89535,70015,19520,35633,24924,10709,15632,12340,3292,21681,18356,3325,7850,6563,1287,2629,2267,362,1961,1754,207,1385,1267,118,2092,1946,146,672,598,74,24.6911707,78.4138183
UTTAR PRADESH,Total,Lalitpur,On foot,26383,19800,6583,0,0,0,11982,8912,3070,10439,7848,2591,3962,3040,922,0,0,0,0,0,0,0,0,0,0,0,0,0,0,0,24.6911707,78.4138183
UTTAR PRADESH,Total,Lalitpur,Bicycle,10596,10258,338,0,0,0,1311,1257,54,6092,5904,188,1883,1848,35,530,515,15,780,734,46,0,0,0,0,0,0,0,0,0,24.6911707,78.4138183
UTTAR PRADESH,Total,Lalitpur,Moped/Scooter/Motor Cycle,9138,8591,547,0,0,0,1845,1769,76,3793,3581,212,1154,1041,113,912,848,64,446,423,23,445,424,21,222,214,8,321,291,30,24.6911707,78.4138183
UTTAR PRADESH,Total,Lalitpur,Car/Jeep/Van,729,647,82,0,0,0,109,97,12,191,173,18,67,59,8,72,54,18,36,29,7,57,54,3,92,88,4,105,93,12,24.6911707,78.4138183
UTTAR PRADESH,Total,Lalitpur,Tempo/Autorickshaw/Taxi,1588,1030,558,0,0,0,118,76,42,547,349,198,365,238,127,361,230,131,102,63,39,32,24,8,26,20,6,37,30,7,24.6911707,78.4138183
UTTAR PRADESH,Total,Lalitpur,Bus,2911,2405,506,0,0,0,109,88,21,294,208,86,282,215,67,628,506,122,471,391,80,594,519,75,472,429,43,61,49,12,24.6911707,78.4138183
UTTAR PRADESH,Total,Lalitpur,Train,2271,2103,168,0,0,0,120,107,13,250,228,22,84,75,9,102,92,10,109,97,12,245,235,10,1239,1155,84,122,114,8,24.6911707,78.4138183
UTTAR PRADESH,Total,Lalitpur,Water transport,15,11,4,0,0,0,8,6,2,3,1,2,0,0,0,0,0,0,2,2,0,0,0,0,0,0,0,2,2,0,24.6911707,78.4138183
UTTAR PRADESH,Total,Lalitpur,Any other,271,246,25,0,0,0,30,28,2,72,64,8,53,47,6,24,22,2,15,15,0,12,11,1,41,40,1,24,19,5,24.6911707,78.4138183
UTTAR PRADESH,Total,Lalitpur,No travel,35633,24924,10709,35633,24924,10709,0,0,0,0,0,0,0,0,0,0,0,0,0,0,0,0,0,0,0,0,0,0,0,0,24.6911707,78.4138183
UTTAR PRADESH,Rural,Lalitpur,All Modes,45905,33538,12367,22312,14816,7496,6816,4798,2018,8209,6377,1832,4220,3533,687,1533,1397,136,888,831,57,627,591,36,1066,990,76,234,205,29,24.6911707,78.4138183
UTTAR PRADESH,Rural,Lalitpur,On foot,12045,8020,4025,0,0,0,5781,3843,1938,4277,2738,1539,1987,1439,548,0,0,0,0,0,0,0,0,0,0,0,0,0,0,0,24.6911707,78.4138183
UTTAR PRADESH,Rural,Lalitpur,Bicycle,5046,4881,165,0,0,0,483,454,29,2618,2526,92,1243,1222,21,358,350,8,344,329,15,0,0,0,0,0,0,0,0,0,24.6911707,78.4138183
UTTAR PRADESH,Rural,Lalitpur,Moped/Scooter/Motor Cycle,2648,2419,229,0,0,0,354,330,24,806,713,93,566,514,52,447,414,33,163,156,7,144,136,8,86,83,3,82,73,9,24.6911707,78.4138183
UTTAR PRADESH,Rural,Lalitpur,Car/Jeep/Van,246,209,37,0,0,0,35,25,10,68,58,10,32,28,4,25,20,5,10,10,0,16,16,0,26,24,2,34,28,6,24.6911707,78.4138183
UTTAR PRADESH,Rural,Lalitpur,Tempo/Autorickshaw/Taxi,560,425,135,0,0,0,33,29,4,95,55,40,138,107,31,201,158,43,50,40,10,14,12,2,13,11,2,16,13,3,24.6911707,78.4138183
UTTAR PRADESH,Rural,Lalitpur,Bus,1708,1522,186,0,0,0,72,65,7,189,145,44,192,165,27,423,380,43,249,226,23,279,260,19,266,249,17,38,32,6,24.6911707,78.4138183
UTTAR PRADESH,Rural,Lalitpur,Train,1185,1102,83,0,0,0,45,40,5,113,103,10,41,39,2,61,57,4,60,58,2,166,160,6,649,597,52,50,48,2,24.6911707,78.4138183
UTTAR PRADESH,Rural,Lalitpur,Water transport,3,2,1,0,0,0,1,1,0,1,0,1,0,0,0,0,0,0,1,1,0,0,0,0,0,0,0,0,0,0,24.6911707,78.4138183
UTTAR PRADESH,Rural,Lalitpur,Any other,152,142,10,0,0,0,12,11,1,42,39,3,21,19,2,18,18,0,11,11,0,8,7,1,26,26,0,14,11,3,24.6911707,78.4138183
UTTAR PRADESH,Rural,Lalitpur,No travel,22312,14816,7496,22312,14816,7496,0,0,0,0,0,0,0,0,0,0,0,0,0,0,0,0,0,0,0,0,0,0,0,0,24.6911707,78.4138183
UTTAR PRADESH,Urban,Lalitpur,All Modes,43630,36477,7153,13321,10108,3213,8816,7542,1274,13472,11979,1493,3630,3030,600,1096,870,226,1073,923,150,758,676,82,1026,956,70,438,393,45,24.6911707,78.4138183
UTTAR PRADESH,Urban,Lalitpur,On foot,14338,11780,2558,0,0,0,6201,5069,1132,6162,5110,1052,1975,1601,374,0,0,0,0,0,0,0,0,0,0,0,0,0,0,0,24.6911707,78.4138183
UTTAR PRADESH,Urban,Lalitpur,Bicycle,5550,5377,173,0,0,0,828,803,25,3474,3378,96,640,626,14,172,165,7,436,405,31,0,0,0,0,0,0,0,0,0,24.6911707,78.4138183
UTTAR PRADESH,Urban,Lalitpur,Moped/Scooter/Motor Cycle,6490,6172,318,0,0,0,1491,1439,52,2987,2868,119,588,527,61,465,434,31,283,267,16,301,288,13,136,131,5,239,218,21,24.6911707,78.4138183
UTTAR PRADESH,Urban,Lalitpur,Car/Jeep/Van,483,438,45,0,0,0,74,72,2,123,115,8,35,31,4,47,34,13,26,19,7,41,38,3,66,64,2,71,65,6,24.6911707,78.4138183
UTTAR PRADESH,Urban,Lalitpur,Tempo/Autorickshaw/Taxi,1028,605,423,0,0,0,85,47,38,452,294,158,227,131,96,160,72,88,52,23,29,18,12,6,13,9,4,21,17,4,24.6911707,78.4138183
UTTAR PRADESH,Urban,Lalitpur,Bus,1203,883,320,0,0,0,37,23,14,105,63,42,90,50,40,205,126,79,222,165,57,315,259,56,206,180,26,23,17,6,24.6911707,78.4138183
UTTAR PRADESH,Urban,Lalitpur,Train,1086,1001,85,0,0,0,75,67,8,137,125,12,43,36,7,41,35,6,49,39,10,79,75,4,590,558,32,72,66,6,24.6911707,78.4138183
UTTAR PRADESH,Urban,Lalitpur,Water transport,12,9,3,0,0,0,7,5,2,2,1,1,0,0,0,0,0,0,1,1,0,0,0,0,0,0,0,2,2,0,24.6911707,78.4138183
UTTAR PRADESH,Urban,Lalitpur,Any other,119,104,15,0,0,0,18,17,1,30,25,5,32,28,4,6,4,2,4,4,0,4,4,0,15,14,1,10,8,2,24.6911707,78.4138183
UTTAR PRADESH,Urban,Lalitpur,No travel,13321,10108,3213,13321,10108,3213,0,0,0,0,0,0,0,0,0,0,0,0,0,0,0,0,0,0,0,0,0,0,0,0,24.6911707,78.4138183
UTTARAKHAND,Total,Uttarkashi,All Modes,32503,25412,7091,14608,10994,3614,7108,5446,1662,4583,3723,860,2961,2440,521,1332,1129,203,619,539,80,531,457,74,625,575,50,136,109,27,30.7268307,78.4354042
UTTARAKHAND,Total,Uttarkashi,On foot,11407,8814,2593,0,0,0,6722,5098,1624,3104,2447,657,1581,1269,312,0,0,0,0,0,0,0,0,0,0,0,0,0,0,0,30.7268307,78.4354042
UTTARAKHAND,Total,Uttarkashi,Bicycle,158,132,26,0,0,0,29,21,8,65,58,7,27,20,7,13,13,0,24,20,4,0,0,0,0,0,0,0,0,0,30.7268307,78.4354042
UTTARAKHAND,Total,Uttarkashi,Moped/Scooter/Motor Cycle,1088,1041,47,0,0,0,128,123,5,490,466,24,204,196,8,147,143,4,47,47,0,34,30,4,20,20,0,18,16,2,30.7268307,78.4354042
UTTARAKHAND,Total,Uttarkashi,Car/Jeep/Van,1183,979,204,0,0,0,93,86,7,214,182,32,256,203,53,299,245,54,124,97,27,115,93,22,57,53,4,25,20,5,30.7268307,78.4354042
UTTARAKHAND,Total,Uttarkashi,Tempo/Autorickshaw/Taxi,661,514,147,0,0,0,23,19,4,115,92,23,124,94,30,190,147,43,80,64,16,72,57,15,26,23,3,31,18,13,30.7268307,78.4354042
UTTARAKHAND,Total,Uttarkashi,Bus,3240,2795,445,0,0,0,102,89,13,569,456,113,757,649,108,637,540,97,336,303,33,306,273,33,483,441,42,50,44,6,30.7268307,78.4354042
UTTARAKHAND,Total,Uttarkashi,Train,96,89,7,0,0,0,8,7,1,13,11,2,5,4,1,17,16,1,3,3,0,3,3,0,36,35,1,11,10,1,30.7268307,78.4354042
UTTARAKHAND,Total,Uttarkashi,Water transport,6,6,0,0,0,0,2,2,0,3,3,0,0,0,0,0,0,0,0,0,0,0,0,0,0,0,0,1,1,0,30.7268307,78.4354042
UTTARAKHAND,Total,Uttarkashi,Any other,56,48,8,0,0,0,1,1,0,10,8,2,7,5,2,29,25,4,5,5,0,1,1,0,3,3,0,0,0,0,30.7268307,78.4354042
UTTARAKHAND,Total,Uttarkashi,No travel,14608,10994,3614,14608,10994,3614,0,0,0,0,0,0,0,0,0,0,0,0,0,0,0,0,0,0,0,0,0,0,0,0,30.7268307,78.4354042
UTTARAKHAND,Rural,Uttarkashi,All Modes,25506,19800,5706,12000,8853,3147,4905,3689,1216,3599,2896,703,2436,2068,368,1035,914,121,470,423,47,431,383,48,531,492,39,99,82,17,30.7268307,78.4354042
UTTARAKHAND,Rural,Uttarkashi,On foot,8516,6518,1998,0,0,0,4628,3443,1185,2580,2012,568,1308,1063,245,0,0,0,0,0,0,0,0,0,0,0,0,0,0,0,30.7268307,78.4354042
UTTARAKHAND,Rural,Uttarkashi,Bicycle,118,100,18,0,0,0,17,10,7,49,43,6,21,18,3,12,12,0,19,17,2,0,0,0,0,0,0,0,0,0,30.7268307,78.4354042
UTTARAKHAND,Rural,Uttarkashi,Moped/Scooter/Motor Cycle,724,696,28,0,0,0,86,82,4,283,272,11,164,157,7,105,102,3,35,35,0,29,26,3,13,13,0,9,9,0,30.7268307,78.4354042
UTTARAKHAND,Rural,Uttarkashi,Car/Jeep/Van,859,751,108,0,0,0,65,60,5,146,127,19,186,162,24,228,199,29,79,65,14,88,76,12,49,46,3,18,16,2,30.7268307,78.4354042
UTTARAKHAND,Rural,Uttarkashi,Tempo/Autorickshaw/Taxi,427,360,67,0,0,0,15,12,3,49,38,11,84,75,9,132,112,20,59,51,8,42,37,5,20,20,0,26,15,11,30.7268307,78.4354042
UTTARAKHAND,Rural,Uttarkashi,Bus,2723,2395,328,0,0,0,88,76,12,472,386,86,662,585,77,514,450,64,271,248,23,268,240,28,413,378,35,35,32,3,30.7268307,78.4354042
UTTARAKHAND,Rural,Uttarkashi,Train,79,75,4,0,0,0,4,4,0,7,7,0,4,3,1,15,14,1,2,2,0,3,3,0,34,33,1,10,9,1,30.7268307,78.4354042
UTTARAKHAND,Rural,Uttarkashi,Water transport,5,5,0,0,0,0,1,1,0,3,3,0,0,0,0,0,0,0,0,0,0,0,0,0,0,0,0,1,1,0,30.7268307,78.4354042
UTTARAKHAND,Rural,Uttarkashi,Any other,55,47,8,0,0,0,1,1,0,10,8,2,7,5,2,29,25,4,5,5,0,1,1,0,2,2,0,0,0,0,30.7268307,78.4354042
UTTARAKHAND,Rural,Uttarkashi,No travel,12000,8853,3147,12000,8853,3147,0,0,0,0,0,0,0,0,0,0,0,0,0,0,0,0,0,0,0,0,0,0,0,0,30.7268307,78.4354042
UTTARAKHAND,Urban,Uttarkashi,All Modes,6997,5612,1385,2608,2141,467,2203,1757,446,984,827,157,525,372,153,297,215,82,149,116,33,100,74,26,94,83,11,37,27,10,30.7268307,78.4354042
UTTARAKHAND,Urban,Uttarkashi,On foot,2891,2296,595,0,0,0,2094,1655,439,524,435,89,273,206,67,0,0,0,0,0,0,0,0,0,0,0,0,0,0,0,30.7268307,78.4354042
UTTARAKHAND,Urban,Uttarkashi,Bicycle,40,32,8,0,0,0,12,11,1,16,15,1,6,2,4,1,1,0,5,3,2,0,0,0,0,0,0,0,0,0,30.7268307,78.4354042
UTTARAKHAND,Urban,Uttarkashi,Moped/Scooter/Motor Cycle,364,345,19,0,0,0,42,41,1,207,194,13,40,39,1,42,41,1,12,12,0,5,4,1,7,7,0,9,7,2,30.7268307,78.4354042
UTTARAKHAND,Urban,Uttarkashi,Car/Jeep/Van,324,228,96,0,0,0,28,26,2,68,55,13,70,41,29,71,46,25,45,32,13,27,17,10,8,7,1,7,4,3,30.7268307,78.4354042
UTTARAKHAND,Urban,Uttarkashi,Tempo/Autorickshaw/Taxi,234,154,80,0,0,0,8,7,1,66,54,12,40,19,21,58,35,23,21,13,8,30,20,10,6,3,3,5,3,2,30.7268307,78.4354042
UTTARAKHAND,Urban,Uttarkashi,Bus,517,400,117,0,0,0,14,13,1,97,70,27,95,64,31,123,90,33,65,55,10,38,33,5,70,63,7,15,12,3,30.7268307,78.4354042
UTTARAKHAND,Urban,Uttarkashi,Train,17,14,3,0,0,0,4,3,1,6,4,2,1,1,0,2,2,0,1,1,0,0,0,0,2,2,0,1,1,0,30.7268307,78.4354042
UTTARAKHAND,Urban,Uttarkashi,Water transport,1,1,0,0,0,0,1,1,0,0,0,0,0,0,0,0,0,0,0,0,0,0,0,0,0,0,0,0,0,0,30.7268307,78.4354042
UTTARAKHAND,Urban,Uttarkashi,Any other,1,1,0,0,0,0,0,0,0,0,0,0,0,0,0,0,0,0,0,0,0,0,0,0,1,1,0,0,0,0,30.7268307,78.4354042
UTTARAKHAND,Urban,Uttarkashi,No travel,2608,2141,467,2608,2141,467,0,0,0,0,0,0,0,0,0,0,0,0,0,0,0,0,0,0,0,0,0,0,0,0,30.7268307,78.4354042
MADHYA PRADESH,Total,Datia,All Modes,67674,54016,13658,23600,15870,7730,13963,11493,2470,15047,13244,1803,6914,6018,896,3658,3291,367,1843,1669,174,859,779,80,1448,1346,102,342,306,36,25.6653262,78.4609393
MADHYA PRADESH,Total,Datia,On foot,20357,16302,4055,0,0,0,11296,8997,2299,6353,5154,1199,2708,2151,557,0,0,0,0,0,0,0,0,0,0,0,0,0,0,0,25.6653262,78.4609393
MADHYA PRADESH,Total,Datia,Bicycle,9448,9221,227,0,0,0,1107,1075,32,4585,4484,101,2090,2044,46,1171,1141,30,495,477,18,0,0,0,0,0,0,0,0,0,25.6653262,78.4609393
MADHYA PRADESH,Total,Datia,Moped/Scooter/Motor Cycle,6637,6299,338,0,0,0,1081,1035,46,2788,2639,149,1022,966,56,885,843,42,368,348,20,197,188,9,135,131,4,161,149,12,25.6653262,78.4609393
MADHYA PRADESH,Total,Datia,Car/Jeep/Van,449,403,46,0,0,0,78,68,10,105,86,19,43,39,4,48,47,1,58,55,3,46,43,3,60,55,5,11,10,1,25.6653262,78.4609393
MADHYA PRADESH,Total,Datia,Tempo/Autorickshaw/Taxi,1146,850,296,0,0,0,85,60,25,578,378,200,175,142,33,197,176,21,43,41,2,30,25,5,23,19,4,15,9,6,25.6653262,78.4609393
MADHYA PRADESH,Total,Datia,Bus,4522,3700,822,0,0,0,186,146,40,403,293,110,679,514,165,1260,996,264,789,667,122,484,429,55,654,601,53,67,54,13,25.6653262,78.4609393
MADHYA PRADESH,Total,Datia,Train,1093,1015,78,0,0,0,73,62,11,115,107,8,64,60,4,51,48,3,82,74,8,90,83,7,552,518,34,66,63,3,25.6653262,78.4609393
MADHYA PRADESH,Total,Datia,Water transport,30,25,5,0,0,0,7,5,2,3,2,1,3,2,1,2,2,0,0,0,0,0,0,0,4,4,0,11,10,1,25.6653262,78.4609393
MADHYA PRADESH,Total,Datia,Any other,392,331,61,0,0,0,50,45,5,117,101,16,130,100,30,44,38,6,8,7,1,12,11,1,20,18,2,11,11,0,25.6653262,78.4609393
MADHYA PRADESH,Total,Datia,No travel,23600,15870,7730,23600,15870,7730,0,0,0,0,0,0,0,0,0,0,0,0,0,0,0,0,0,0,0,0,0,0,0,0,25.6653262,78.4609393
MADHYA PRADESH,Rural,Datia,All Modes,24020,17445,6575,11996,7312,4684,2784,1866,918,2523,2149,374,2749,2387,362,2140,2011,129,697,653,44,428,399,29,597,572,25,106,96,10,25.6653262,78.4609393
MADHYA PRADESH,Rural,Datia,On foot,4339,2917,1422,0,0,0,2444,1571,873,1114,821,293,781,525,256,0,0,0,0,0,0,0,0,0,0,0,0,0,0,0,25.6653262,78.4609393
MADHYA PRADESH,Rural,Datia,Bicycle,3361,3253,108,0,0,0,151,138,13,887,857,30,1210,1177,33,882,859,23,231,222,9,0,0,0,0,0,0,0,0,0,25.6653262,78.4609393
MADHYA PRADESH,Rural,Datia,Moped/Scooter/Motor Cycle,1311,1239,72,0,0,0,76,65,11,282,267,15,318,297,21,350,339,11,130,125,5,70,67,3,49,48,1,36,31,5,25.6653262,78.4609393
MADHYA PRADESH,Rural,Datia,Car/Jeep/Van,92,85,7,0,0,0,7,7,0,11,9,2,9,8,1,21,21,0,11,10,1,15,13,2,16,15,1,2,2,0,25.6653262,78.4609393
MADHYA PRADESH,Rural,Datia,Tempo/Autorickshaw/Taxi,250,226,24,0,0,0,12,8,4,23,20,3,56,51,5,124,113,11,19,19,0,8,8,0,5,5,0,3,2,1,25.6653262,78.4609393
MADHYA PRADESH,Rural,Datia,Bus,2120,1900,220,0,0,0,62,50,12,146,125,21,337,296,41,721,638,83,273,245,28,250,231,19,303,290,13,28,25,3,25.6653262,78.4609393
MADHYA PRADESH,Rural,Datia,Train,454,433,21,0,0,0,17,15,2,29,28,1,24,23,1,33,32,1,31,30,1,79,74,5,213,204,9,28,27,1,25.6653262,78.4609393
MADHYA PRADESH,Rural,Datia,Water transport,12,10,2,0,0,0,3,2,1,2,2,0,1,0,1,1,1,0,0,0,0,0,0,0,3,3,0,2,2,0,25.6653262,78.4609393
MADHYA PRADESH,Rural,Datia,Any other,85,70,15,0,0,0,12,10,2,29,20,9,13,10,3,8,8,0,2,2,0,6,6,0,8,7,1,7,7,0,25.6653262,78.4609393
MADHYA PRADESH,Rural,Datia,No travel,11996,7312,4684,11996,7312,4684,0,0,0,0,0,0,0,0,0,0,0,0,0,0,0,0,0,0,0,0,0,0,0,0,25.6653262,78.4609393
MADHYA PRADESH,Urban,Datia,All Modes,43654,36571,7083,11604,8558,3046,11179,9627,1552,12524,11095,1429,4165,3631,534,1518,1280,238,1146,1016,130,431,380,51,851,774,77,236,210,26,25.6653262,78.4609393
MADHYA PRADESH,Urban,Datia,On foot,16018,13385,2633,0,0,0,8852,7426,1426,5239,4333,906,1927,1626,301,0,0,0,0,0,0,0,0,0,0,0,0,0,0,0,25.6653262,78.4609393
MADHYA PRADESH,Urban,Datia,Bicycle,6087,5968,119,0,0,0,956,937,19,3698,3627,71,880,867,13,289,282,7,264,255,9,0,0,0,0,0,0,0,0,0,25.6653262,78.4609393
MADHYA PRADESH,Urban,Datia,Moped/Scooter/Motor Cycle,5326,5060,266,0,0,0,1005,970,35,2506,2372,134,704,669,35,535,504,31,238,223,15,127,121,6,86,83,3,125,118,7,25.6653262,78.4609393
MADHYA PRADESH,Urban,Datia,Car/Jeep/Van,357,318,39,0,0,0,71,61,10,94,77,17,34,31,3,27,26,1,47,45,2,31,30,1,44,40,4,9,8,1,25.6653262,78.4609393
MADHYA PRADESH,Urban,Datia,Tempo/Autorickshaw/Taxi,896,624,272,0,0,0,73,52,21,555,358,197,119,91,28,73,63,10,24,22,2,22,17,5,18,14,4,12,7,5,25.6653262,78.4609393
MADHYA PRADESH,Urban,Datia,Bus,2402,1800,602,0,0,0,124,96,28,257,168,89,342,218,124,539,358,181,516,422,94,234,198,36,351,311,40,39,29,10,25.6653262,78.4609393
MADHYA PRADESH,Urban,Datia,Train,639,582,57,0,0,0,56,47,9,86,79,7,40,37,3,18,16,2,51,44,7,11,9,2,339,314,25,38,36,2,25.6653262,78.4609393
MADHYA PRADESH,Urban,Datia,Water transport,18,15,3,0,0,0,4,3,1,1,0,1,2,2,0,1,1,0,0,0,0,0,0,0,1,1,0,9,8,1,25.6653262,78.4609393
MADHYA PRADESH,Urban,Datia,Any other,307,261,46,0,0,0,38,35,3,88,81,7,117,90,27,36,30,6,6,5,1,6,5,1,12,11,1,4,4,0,25.6653262,78.4609393
MADHYA PRADESH,Urban,Datia,No travel,11604,8558,3046,11604,8558,3046,0,0,0,0,0,0,0,0,0,0,0,0,0,0,0,0,0,0,0,0,0,0,0,0,25.6653262,78.4609393
HIMACHAL PRADESH,Total,Kinnaur,All Modes,19797,16273,3524,7308,6086,1222,6132,4812,1320,3758,3178,580,1702,1394,308,603,548,55,99,88,11,77,67,10,68,55,13,50,45,5,31.6509576,78.4751945
HIMACHAL PRADESH,Total,Kinnaur,On foot,8913,6936,1977,0,0,0,5967,4665,1302,2090,1611,479,856,660,196,0,0,0,0,0,0,0,0,0,0,0,0,0,0,0,31.6509576,78.4751945
HIMACHAL PRADESH,Total,Kinnaur,Bicycle,23,18,5,0,0,0,8,7,1,5,3,2,4,2,2,2,2,0,4,4,0,0,0,0,0,0,0,0,0,0,31.6509576,78.4751945
HIMACHAL PRADESH,Total,Kinnaur,Moped/Scooter/Motor Cycle,63,54,9,0,0,0,5,2,3,29,26,3,14,12,2,8,8,0,1,1,0,0,0,0,2,2,0,4,3,1,31.6509576,78.4751945
HIMACHAL PRADESH,Total,Kinnaur,Car/Jeep/Van,466,415,51,0,0,0,55,49,6,155,135,20,106,91,15,89,87,2,19,17,2,14,13,1,15,12,3,13,11,2,31.6509576,78.4751945
HIMACHAL PRADESH,Total,Kinnaur,Tempo/Autorickshaw/Taxi,38,30,8,0,0,0,1,1,0,6,5,1,16,12,4,13,11,2,1,0,1,1,1,0,0,0,0,0,0,0,31.6509576,78.4751945
HIMACHAL PRADESH,Total,Kinnaur,Bus,2907,2666,241,0,0,0,88,82,6,1439,1371,68,678,590,88,489,438,51,74,66,8,59,51,8,49,39,10,31,29,2,31.6509576,78.4751945
HIMACHAL PRADESH,Total,Kinnaur,Train,12,8,4,0,0,0,5,3,2,4,2,2,1,1,0,0,0,0,0,0,0,1,1,0,0,0,0,1,1,0,31.6509576,78.4751945
HIMACHAL PRADESH,Total,Kinnaur,Water transport,7,7,0,0,0,0,0,0,0,2,2,0,0,0,0,2,2,0,0,0,0,0,0,0,2,2,0,1,1,0,31.6509576,78.4751945
HIMACHAL PRADESH,Total,Kinnaur,Any other,60,53,7,0,0,0,3,3,0,28,23,5,27,26,1,0,0,0,0,0,0,2,1,1,0,0,0,0,0,0,31.6509576,78.4751945
HIMACHAL PRADESH,Total,Kinnaur,No travel,7308,6086,1222,7308,6086,1222,0,0,0,0,0,0,0,0,0,0,0,0,0,0,0,0,0,0,0,0,0,0,0,0,31.6509576,78.4751945
HIMACHAL PRADESH,Rural,Kinnaur,All Modes,19797,16273,3524,7308,6086,1222,6132,4812,1320,3758,3178,580,1702,1394,308,603,548,55,99,88,11,77,67,10,68,55,13,50,45,5,31.6509576,78.4751945
HIMACHAL PRADESH,Rural,Kinnaur,On foot,8913,6936,1977,0,0,0,5967,4665,1302,2090,1611,479,856,660,196,0,0,0,0,0,0,0,0,0,0,0,0,0,0,0,31.6509576,78.4751945
HIMACHAL PRADESH,Rural,Kinnaur,Bicycle,23,18,5,0,0,0,8,7,1,5,3,2,4,2,2,2,2,0,4,4,0,0,0,0,0,0,0,0,0,0,31.6509576,78.4751945
HIMACHAL PRADESH,Rural,Kinnaur,Moped/Scooter/Motor Cycle,63,54,9,0,0,0,5,2,3,29,26,3,14,12,2,8,8,0,1,1,0,0,0,0,2,2,0,4,3,1,31.6509576,78.4751945
HIMACHAL PRADESH,Rural,Kinnaur,Car/Jeep/Van,466,415,51,0,0,0,55,49,6,155,135,20,106,91,15,89,87,2,19,17,2,14,13,1,15,12,3,13,11,2,31.6509576,78.4751945
HIMACHAL PRADESH,Rural,Kinnaur,Tempo/Autorickshaw/Taxi,38,30,8,0,0,0,1,1,0,6,5,1,16,12,4,13,11,2,1,0,1,1,1,0,0,0,0,0,0,0,31.6509576,78.4751945
HIMACHAL PRADESH,Rural,Kinnaur,Bus,2907,2666,241,0,0,0,88,82,6,1439,1371,68,678,590,88,489,438,51,74,66,8,59,51,8,49,39,10,31,29,2,31.6509576,78.4751945
HIMACHAL PRADESH,Rural,Kinnaur,Train,12,8,4,0,0,0,5,3,2,4,2,2,1,1,0,0,0,0,0,0,0,1,1,0,0,0,0,1,1,0,31.6509576,78.4751945
HIMACHAL PRADESH,Rural,Kinnaur,Water transport,7,7,0,0,0,0,0,0,0,2,2,0,0,0,0,2,2,0,0,0,0,0,0,0,2,2,0,1,1,0,31.6509576,78.4751945
HIMACHAL PRADESH,Rural,Kinnaur,Any other,60,53,7,0,0,0,3,3,0,28,23,5,27,26,1,0,0,0,0,0,0,2,1,1,0,0,0,0,0,0,31.6509576,78.4751945
HIMACHAL PRADESH,Rural,Kinnaur,No travel,7308,6086,1222,7308,6086,1222,0,0,0,0,0,0,0,0,0,0,0,0,0,0,0,0,0,0,0,0,0,0,0,0,31.6509576,78.4751945
HIMACHAL PRADESH,Urban,Kinnaur,All Modes,0,0,0,0,0,0,0,0,0,0,0,0,0,0,0,0,0,0,0,0,0,0,0,0,0,0,0,0,0,0,31.6509576,78.4751945
HIMACHAL PRADESH,Urban,Kinnaur,On foot,0,0,0,0,0,0,0,0,0,0,0,0,0,0,0,0,0,0,0,0,0,0,0,0,0,0,0,0,0,0,31.6509576,78.4751945
HIMACHAL PRADESH,Urban,Kinnaur,Bicycle,0,0,0,0,0,0,0,0,0,0,0,0,0,0,0,0,0,0,0,0,0,0,0,0,0,0,0,0,0,0,31.6509576,78.4751945
HIMACHAL PRADESH,Urban,Kinnaur,Moped/Scooter/Motor Cycle,0,0,0,0,0,0,0,0,0,0,0,0,0,0,0,0,0,0,0,0,0,0,0,0,0,0,0,0,0,0,31.6509576,78.4751945
HIMACHAL PRADESH,Urban,Kinnaur,Car/Jeep/Van,0,0,0,0,0,0,0,0,0,0,0,0,0,0,0,0,0,0,0,0,0,0,0,0,0,0,0,0,0,0,31.6509576,78.4751945
HIMACHAL PRADESH,Urban,Kinnaur,Tempo/Autorickshaw/Taxi,0,0,0,0,0,0,0,0,0,0,0,0,0,0,0,0,0,0,0,0,0,0,0,0,0,0,0,0,0,0,31.6509576,78.4751945
HIMACHAL PRADESH,Urban,Kinnaur,Bus,0,0,0,0,0,0,0,0,0,0,0,0,0,0,0,0,0,0,0,0,0,0,0,0,0,0,0,0,0,0,31.6509576,78.4751945
HIMACHAL PRADESH,Urban,Kinnaur,Train,0,0,0,0,0,0,0,0,0,0,0,0,0,0,0,0,0,0,0,0,0,0,0,0,0,0,0,0,0,0,31.6509576,78.4751945
HIMACHAL PRADESH,Urban,Kinnaur,Water transport,0,0,0,0,0,0,0,0,0,0,0,0,0,0,0,0,0,0,0,0,0,0,0,0,0,0,0,0,0,0,31.6509576,78.4751945
HIMACHAL PRADESH,Urban,Kinnaur,Any other,0,0,0,0,0,0,0,0,0,0,0,0,0,0,0,0,0,0,0,0,0,0,0,0,0,0,0,0,0,0,31.6509576,78.4751945
HIMACHAL PRADESH,Urban,Kinnaur,No travel,0,0,0,0,0,0,0,0,0,0,0,0,0,0,0,0,0,0,0,0,0,0,0,0,0,0,0,0,0,0,31.6509576,78.4751945
TAMIL NADU,Total,Sivaganga,All Modes,264949,195687,69262,68716,44336,24380,37080,25105,11975,67583,49575,18008,37136,29679,7457,22360,18765,3595,11520,9898,1622,8349,7275,1074,9334,8510,824,2871,2544,327,9.8432999,78.4808775
TAMIL NADU,Total,Sivaganga,On foot,49389,24551,24838,0,0,0,22840,12366,10474,18955,7711,11244,7594,4474,3120,0,0,0,0,0,0,0,0,0,0,0,0,0,0,0,9.8432999,78.4808775
TAMIL NADU,Total,Sivaganga,Bicycle,41196,38377,2819,0,0,0,7084,6514,570,22213,20545,1668,7181,6860,321,2218,2119,99,2500,2339,161,0,0,0,0,0,0,0,0,0,9.8432999,78.4808775
TAMIL NADU,Total,Sivaganga,Moped/Scooter/Motor Cycle,39955,36942,3013,0,0,0,5256,4804,452,16947,15380,1567,8573,8024,549,4913,4658,255,1682,1617,65,1085,1054,31,410,387,23,1089,1018,71,9.8432999,78.4808775
TAMIL NADU,Total,Sivaganga,Car/Jeep/Van,4739,3613,1126,0,0,0,411,329,82,1289,859,430,874,650,224,764,537,227,326,257,69,528,469,59,406,389,17,141,123,18,9.8432999,78.4808775
TAMIL NADU,Total,Sivaganga,Tempo/Autorickshaw/Taxi,2652,2124,528,0,0,0,188,157,31,811,545,266,501,404,97,410,356,54,212,183,29,205,184,21,194,172,22,131,123,8,9.8432999,78.4808775
TAMIL NADU,Total,Sivaganga,Bus,55008,42932,12076,0,0,0,1148,800,348,7041,4297,2744,12076,9011,3065,13767,10861,2906,6655,5387,1268,6155,5271,884,7208,6546,662,958,759,199,9.8432999,78.4808775
TAMIL NADU,Total,Sivaganga,Train,1881,1607,274,0,0,0,66,51,15,140,108,32,191,147,44,175,144,31,88,70,18,251,204,47,854,781,73,116,102,14,9.8432999,78.4808775
TAMIL NADU,Total,Sivaganga,Water transport,131,116,15,0,0,0,11,11,0,20,14,6,13,12,1,8,6,2,8,7,1,3,3,0,36,33,3,32,30,2,9.8432999,78.4808775
TAMIL NADU,Total,Sivaganga,Any other,1282,1089,193,0,0,0,76,73,3,167,116,51,133,97,36,105,84,21,49,38,11,122,90,32,226,202,24,404,389,15,9.8432999,78.4808775
TAMIL NADU,Total,Sivaganga,No travel,68716,44336,24380,68716,44336,24380,0,0,0,0,0,0,0,0,0,0,0,0,0,0,0,0,0,0,0,0,0,0,0,0,9.8432999,78.4808775
TAMIL NADU,Rural,Sivaganga,All Modes,135017,92479,42538,40297,24967,15330,15324,8308,7016,30410,18563,11847,20139,15620,4519,12750,10803,1947,6171,5348,823,4329,3815,514,4353,3963,390,1244,1092,152,9.8432999,78.4808775
TAMIL NADU,Rural,Sivaganga,On foot,28251,11147,17104,0,0,0,11417,4970,6447,12511,3974,8537,4323,2203,2120,0,0,0,0,0,0,0,0,0,0,0,0,0,0,0,9.8432999,78.4808775
TAMIL NADU,Rural,Sivaganga,Bicycle,15594,14267,1327,0,0,0,1819,1616,203,7907,7121,786,3740,3540,200,1142,1080,62,986,910,76,0,0,0,0,0,0,0,0,0,9.8432999,78.4808775
TAMIL NADU,Rural,Sivaganga,Moped/Scooter/Motor Cycle,14003,12954,1049,0,0,0,1245,1116,129,4759,4255,504,3593,3391,202,2499,2367,132,887,850,37,502,492,10,195,183,12,323,300,23,9.8432999,78.4808775
TAMIL NADU,Rural,Sivaganga,Car/Jeep/Van,2213,1549,664,0,0,0,108,76,32,524,305,219,472,335,137,422,257,165,181,131,50,278,236,42,167,158,9,61,51,10,9.8432999,78.4808775
TAMIL NADU,Rural,Sivaganga,Tempo/Autorickshaw/Taxi,1399,1035,364,0,0,0,72,53,19,428,253,175,307,233,74,253,213,40,113,91,22,95,80,15,84,65,19,47,47,0,9.8432999,78.4808775
TAMIL NADU,Rural,Sivaganga,Bus,31662,25215,6447,0,0,0,595,419,176,4134,2547,1587,7501,5763,1738,8273,6756,1517,3929,3306,623,3280,2879,401,3404,3102,302,546,443,103,9.8432999,78.4808775
TAMIL NADU,Rural,Sivaganga,Train,908,784,124,0,0,0,34,25,9,69,55,14,130,104,26,104,89,15,42,33,9,86,71,15,382,352,30,61,55,6,9.8432999,78.4808775
TAMIL NADU,Rural,Sivaganga,Water transport,58,54,4,0,0,0,5,5,0,5,2,3,7,6,1,1,1,0,6,6,0,0,0,0,14,14,0,20,20,0,9.8432999,78.4808775
TAMIL NADU,Rural,Sivaganga,Any other,632,507,125,0,0,0,29,28,1,73,51,22,66,45,21,56,40,16,27,21,6,88,57,31,107,89,18,186,176,10,9.8432999,78.4808775
TAMIL NADU,Rural,Sivaganga,No travel,40297,24967,15330,40297,24967,15330,0,0,0,0,0,0,0,0,0,0,0,0,0,0,0,0,0,0,0,0,0,0,0,0,9.8432999,78.4808775
TAMIL NADU,Urban,Sivaganga,All Modes,129932,103208,26724,28419,19369,9050,21756,16797,4959,37173,31012,6161,16997,14059,2938,9610,7962,1648,5349,4550,799,4020,3460,560,4981,4547,434,1627,1452,175,9.8432999,78.4808775
TAMIL NADU,Urban,Sivaganga,On foot,21138,13404,7734,0,0,0,11423,7396,4027,6444,3737,2707,3271,2271,1000,0,0,0,0,0,0,0,0,0,0,0,0,0,0,0,9.8432999,78.4808775
TAMIL NADU,Urban,Sivaganga,Bicycle,25602,24110,1492,0,0,0,5265,4898,367,14306,13424,882,3441,3320,121,1076,1039,37,1514,1429,85,0,0,0,0,0,0,0,0,0,9.8432999,78.4808775
TAMIL NADU,Urban,Sivaganga,Moped/Scooter/Motor Cycle,25952,23988,1964,0,0,0,4011,3688,323,12188,11125,1063,4980,4633,347,2414,2291,123,795,767,28,583,562,21,215,204,11,766,718,48,9.8432999,78.4808775
TAMIL NADU,Urban,Sivaganga,Car/Jeep/Van,2526,2064,462,0,0,0,303,253,50,765,554,211,402,315,87,342,280,62,145,126,19,250,233,17,239,231,8,80,72,8,9.8432999,78.4808775
TAMIL NADU,Urban,Sivaganga,Tempo/Autorickshaw/Taxi,1253,1089,164,0,0,0,116,104,12,383,292,91,194,171,23,157,143,14,99,92,7,110,104,6,110,107,3,84,76,8,9.8432999,78.4808775
TAMIL NADU,Urban,Sivaganga,Bus,23346,17717,5629,0,0,0,553,381,172,2907,1750,1157,4575,3248,1327,5494,4105,1389,2726,2081,645,2875,2392,483,3804,3444,360,412,316,96,9.8432999,78.4808775
TAMIL NADU,Urban,Sivaganga,Train,973,823,150,0,0,0,32,26,6,71,53,18,61,43,18,71,55,16,46,37,9,165,133,32,472,429,43,55,47,8,9.8432999,78.4808775
TAMIL NADU,Urban,Sivaganga,Water transport,73,62,11,0,0,0,6,6,0,15,12,3,6,6,0,7,5,2,2,1,1,3,3,0,22,19,3,12,10,2,9.8432999,78.4808775
TAMIL NADU,Urban,Sivaganga,Any other,650,582,68,0,0,0,47,45,2,94,65,29,67,52,15,49,44,5,22,17,5,34,33,1,119,113,6,218,213,5,9.8432999,78.4808775
TAMIL NADU,Urban,Sivaganga,No travel,28419,19369,9050,28419,19369,9050,0,0,0,0,0,0,0,0,0,0,0,0,0,0,0,0,0,0,0,0,0,0,0,0,9.8432999,78.4808775
ANDHRA PRADESH,Total,Hyderabad,All Modes,1315803,988549,327254,445651,284489,161162,118722,84362,34360,215342,172428,42914,223210,178572,44638,97507,82849,14658,53789,46931,6858,16037,13752,2285,9069,7904,1165,136476,117262,19214,17.385044,78.486671
ANDHRA PRADESH,Total,Hyderabad,On foot,200601,136436,64165,0,0,0,76130,49333,26797,49997,34403,15594,74474,52700,21774,0,0,0,0,0,0,0,0,0,0,0,0,0,0,0,17.385044,78.486671
ANDHRA PRADESH,Total,Hyderabad,Bicycle,84130,76736,7394,0,0,0,7092,6294,798,27155,24901,2254,14366,13255,1111,7191,6581,610,28326,25705,2621,0,0,0,0,0,0,0,0,0,17.385044,78.486671
ANDHRA PRADESH,Total,Hyderabad,Moped/Scooter/Motor Cycle,273193,251134,22059,0,0,0,19784,17726,2058,70750,64610,6140,61306,56566,4740,39185,36383,2802,9217,8477,740,5939,5521,418,2853,2656,197,64159,59195,4964,17.385044,78.486671
ANDHRA PRADESH,Total,Hyderabad,Car/Jeep/Van,63256,51057,12199,0,0,0,3638,2810,828,12159,9632,2527,13646,11066,2580,12281,9834,2447,4540,3627,913,2402,2031,371,1160,1019,141,13430,11038,2392,17.385044,78.486671
ANDHRA PRADESH,Total,Hyderabad,Tempo/Autorickshaw/Taxi,45625,35072,10553,0,0,0,2930,2046,884,10870,7105,3765,7919,5970,1949,5469,4330,1139,2289,1911,378,2089,1843,246,1115,1016,99,12944,10851,2093,17.385044,78.486671
ANDHRA PRADESH,Total,Hyderabad,Bus,182606,136817,45789,0,0,0,7839,5203,2636,41059,29165,11894,48118,36271,11847,30411,23328,7083,8345,6369,1976,4934,3799,1135,2974,2388,586,38926,30294,8632,17.385044,78.486671
ANDHRA PRADESH,Total,Hyderabad,Train,12094,9923,2171,0,0,0,702,522,180,1811,1447,364,2063,1683,380,1914,1582,332,679,537,142,434,355,79,783,669,114,3708,3128,580,17.385044,78.486671
ANDHRA PRADESH,Total,Hyderabad,Water transport,1483,1177,306,0,0,0,101,70,31,260,199,61,286,227,59,184,145,39,53,43,10,33,28,5,33,29,4,533,436,97,17.385044,78.486671
ANDHRA PRADESH,Total,Hyderabad,Any other,7164,5708,1456,0,0,0,506,358,148,1281,966,315,1032,834,198,872,666,206,340,262,78,206,175,31,151,127,24,2776,2320,456,17.385044,78.486671
ANDHRA PRADESH,Total,Hyderabad,No travel,445651,284489,161162,445651,284489,161162,0,0,0,0,0,0,0,0,0,0,0,0,0,0,0,0,0,0,0,0,0,0,0,0,17.385044,78.486671
ANDHRA PRADESH,Rural,Hyderabad,All Modes,0,0,0,0,0,0,0,0,0,0,0,0,0,0,0,0,0,0,0,0,0,0,0,0,0,0,0,0,0,0,17.385044,78.486671
ANDHRA PRADESH,Rural,Hyderabad,On foot,0,0,0,0,0,0,0,0,0,0,0,0,0,0,0,0,0,0,0,0,0,0,0,0,0,0,0,0,0,0,17.385044,78.486671
ANDHRA PRADESH,Rural,Hyderabad,Bicycle,0,0,0,0,0,0,0,0,0,0,0,0,0,0,0,0,0,0,0,0,0,0,0,0,0,0,0,0,0,0,17.385044,78.486671
ANDHRA PRADESH,Rural,Hyderabad,Moped/Scooter/Motor Cycle,0,0,0,0,0,0,0,0,0,0,0,0,0,0,0,0,0,0,0,0,0,0,0,0,0,0,0,0,0,0,17.385044,78.486671
ANDHRA PRADESH,Rural,Hyderabad,Car/Jeep/Van,0,0,0,0,0,0,0,0,0,0,0,0,0,0,0,0,0,0,0,0,0,0,0,0,0,0,0,0,0,0,17.385044,78.486671
ANDHRA PRADESH,Rural,Hyderabad,Tempo/Autorickshaw/Taxi,0,0,0,0,0,0,0,0,0,0,0,0,0,0,0,0,0,0,0,0,0,0,0,0,0,0,0,0,0,0,17.385044,78.486671
ANDHRA PRADESH,Rural,Hyderabad,Bus,0,0,0,0,0,0,0,0,0,0,0,0,0,0,0,0,0,0,0,0,0,0,0,0,0,0,0,0,0,0,17.385044,78.486671
ANDHRA PRADESH,Rural,Hyderabad,Train,0,0,0,0,0,0,0,0,0,0,0,0,0,0,0,0,0,0,0,0,0,0,0,0,0,0,0,0,0,0,17.385044,78.486671
ANDHRA PRADESH,Rural,Hyderabad,Water transport,0,0,0,0,0,0,0,0,0,0,0,0,0,0,0,0,0,0,0,0,0,0,0,0,0,0,0,0,0,0,17.385044,78.486671
ANDHRA PRADESH,Rural,Hyderabad,Any other,0,0,0,0,0,0,0,0,0,0,0,0,0,0,0,0,0,0,0,0,0,0,0,0,0,0,0,0,0,0,17.385044,78.486671
ANDHRA PRADESH,Rural,Hyderabad,No travel,0,0,0,0,0,0,0,0,0,0,0,0,0,0,0,0,0,0,0,0,0,0,0,0,0,0,0,0,0,0,17.385044,78.486671
ANDHRA PRADESH,Urban,Hyderabad,All Modes,1315803,988549,327254,445651,284489,161162,118722,84362,34360,215342,172428,42914,223210,178572,44638,97507,82849,14658,53789,46931,6858,16037,13752,2285,9069,7904,1165,136476,117262,19214,17.385044,78.486671
ANDHRA PRADESH,Urban,Hyderabad,On foot,200601,136436,64165,0,0,0,76130,49333,26797,49997,34403,15594,74474,52700,21774,0,0,0,0,0,0,0,0,0,0,0,0,0,0,0,17.385044,78.486671
ANDHRA PRADESH,Urban,Hyderabad,Bicycle,84130,76736,7394,0,0,0,7092,6294,798,27155,24901,2254,14366,13255,1111,7191,6581,610,28326,25705,2621,0,0,0,0,0,0,0,0,0,17.385044,78.486671
ANDHRA PRADESH,Urban,Hyderabad,Moped/Scooter/Motor Cycle,273193,251134,22059,0,0,0,19784,17726,2058,70750,64610,6140,61306,56566,4740,39185,36383,2802,9217,8477,740,5939,5521,418,2853,2656,197,64159,59195,4964,17.385044,78.486671
ANDHRA PRADESH,Urban,Hyderabad,Car/Jeep/Van,63256,51057,12199,0,0,0,3638,2810,828,12159,9632,2527,13646,11066,2580,12281,9834,2447,4540,3627,913,2402,2031,371,1160,1019,141,13430,11038,2392,17.385044,78.486671
ANDHRA PRADESH,Urban,Hyderabad,Tempo/Autorickshaw/Taxi,45625,35072,10553,0,0,0,2930,2046,884,10870,7105,3765,7919,5970,1949,5469,4330,1139,2289,1911,378,2089,1843,246,1115,1016,99,12944,10851,2093,17.385044,78.486671
ANDHRA PRADESH,Urban,Hyderabad,Bus,182606,136817,45789,0,0,0,7839,5203,2636,41059,29165,11894,48118,36271,11847,30411,23328,7083,8345,6369,1976,4934,3799,1135,2974,2388,586,38926,30294,8632,17.385044,78.486671
ANDHRA PRADESH,Urban,Hyderabad,Train,12094,9923,2171,0,0,0,702,522,180,1811,1447,364,2063,1683,380,1914,1582,332,679,537,142,434,355,79,783,669,114,3708,3128,580,17.385044,78.486671
ANDHRA PRADESH,Urban,Hyderabad,Water transport,1483,1177,306,0,0,0,101,70,31,260,199,61,286,227,59,184,145,39,53,43,10,33,28,5,33,29,4,533,436,97,17.385044,78.486671
ANDHRA PRADESH,Urban,Hyderabad,Any other,7164,5708,1456,0,0,0,506,358,148,1281,966,315,1032,834,198,872,666,206,340,262,78,206,175,31,151,127,24,2776,2320,456,17.385044,78.486671
ANDHRA PRADESH,Urban,Hyderabad,No travel,445651,284489,161162,445651,284489,161162,0,0,0,0,0,0,0,0,0,0,0,0,0,0,0,0,0,0,0,0,0,0,0,0,17.385044,78.486671
ANDHRA PRADESH,Total,Adilabad,All Modes,390357,285542,104815,171636,109174,62462,54364,39296,15068,78636,64373,14263,39511,31425,8086,15529,13908,1621,10833,9932,901,6890,6047,843,5936,5185,751,7022,6202,820,19.6640542,78.531961
ANDHRA PRADESH,Total,Adilabad,On foot,91566,60518,31048,0,0,0,38964,25000,13964,33169,22332,10837,19433,13186,6247,0,0,0,0,0,0,0,0,0,0,0,0,0,0,0,19.6640542,78.531961
ANDHRA PRADESH,Total,Adilabad,Bicycle,32672,31602,1070,0,0,0,5448,5255,193,18182,17611,571,3786,3689,97,1233,1198,35,4023,3849,174,0,0,0,0,0,0,0,0,0,19.6640542,78.531961
ANDHRA PRADESH,Total,Adilabad,Moped/Scooter/Motor Cycle,45181,43531,1650,0,0,0,7236,6933,303,17878,17197,681,7972,7746,226,5224,5065,159,1705,1642,63,1491,1436,55,590,571,19,3085,2941,144,19.6640542,78.531961
ANDHRA PRADESH,Total,Adilabad,Car/Jeep/Van,3698,3385,313,0,0,0,454,393,61,837,729,108,462,427,35,510,477,33,317,309,8,426,404,22,327,318,9,365,328,37,19.6640542,78.531961
ANDHRA PRADESH,Total,Adilabad,Tempo/Autorickshaw/Taxi,15167,12161,3006,0,0,0,1016,743,273,5069,3786,1283,3679,3004,675,2461,2108,353,902,783,119,671,599,72,341,312,29,1028,826,202,19.6640542,78.531961
ANDHRA PRADESH,Total,Adilabad,Bus,26448,21680,4768,0,0,0,892,674,218,2883,2188,695,3831,3075,756,5775,4773,1002,3683,3169,514,3969,3322,647,3573,2982,591,1842,1497,345,19.6640542,78.531961
ANDHRA PRADESH,Total,Adilabad,Train,2415,2091,324,0,0,0,207,173,34,344,292,52,121,106,15,135,116,19,105,86,19,202,164,38,887,793,94,414,361,53,19.6640542,78.531961
ANDHRA PRADESH,Total,Adilabad,Water transport,165,138,27,0,0,0,21,17,4,23,20,3,24,18,6,26,22,4,6,6,0,9,8,1,21,20,1,35,27,8,19.6640542,78.531961
ANDHRA PRADESH,Total,Adilabad,Any other,1409,1262,147,0,0,0,126,108,18,251,218,33,203,174,29,165,149,16,92,88,4,122,114,8,197,189,8,253,222,31,19.6640542,78.531961
ANDHRA PRADESH,Total,Adilabad,No travel,171636,109174,62462,171636,109174,62462,0,0,0,0,0,0,0,0,0,0,0,0,0,0,0,0,0,0,0,0,0,0,0,0,19.6640542,78.531961
ANDHRA PRADESH,Rural,Adilabad,All Modes,175441,116234,59207,97630,58417,39213,19445,11606,7839,22259,16339,5920,16464,12304,4160,7170,6499,671,3938,3572,366,3041,2725,316,3047,2683,364,2447,2089,358,19.6640542,78.531961
ANDHRA PRADESH,Rural,Adilabad,On foot,37468,21724,15744,0,0,0,16259,8784,7475,12195,7310,4885,9014,5630,3384,0,0,0,0,0,0,0,0,0,0,0,0,0,0,0,19.6640542,78.531961
ANDHRA PRADESH,Rural,Adilabad,Bicycle,8294,7934,360,0,0,0,1101,1033,68,4134,3959,175,1539,1507,32,562,546,16,958,889,69,0,0,0,0,0,0,0,0,0,19.6640542,78.531961
ANDHRA PRADESH,Rural,Adilabad,Moped/Scooter/Motor Cycle,9372,9020,352,0,0,0,1056,1007,49,2401,2301,100,1960,1893,67,1855,1802,53,689,670,19,555,541,14,213,206,7,643,600,43,19.6640542,78.531961
ANDHRA PRADESH,Rural,Adilabad,Car/Jeep/Van,1284,1164,120,0,0,0,105,82,23,186,155,31,180,163,17,214,204,10,124,120,4,194,185,9,148,141,7,133,114,19,19.6640542,78.531961
ANDHRA PRADESH,Rural,Adilabad,Tempo/Autorickshaw/Taxi,7169,6015,1154,0,0,0,374,287,87,1854,1461,393,1818,1530,288,1532,1346,186,521,459,62,383,354,29,219,200,19,468,378,90,19.6640542,78.531961
ANDHRA PRADESH,Rural,Adilabad,Bus,12261,10238,2023,0,0,0,413,310,103,1273,971,302,1768,1429,339,2809,2425,384,1519,1321,198,1749,1504,245,1882,1587,295,848,691,157,19.6640542,78.531961
ANDHRA PRADESH,Rural,Adilabad,Train,1111,972,139,0,0,0,88,67,21,91,76,15,54,44,10,74,66,8,57,46,11,82,70,12,451,419,32,214,184,30,19.6640542,78.531961
ANDHRA PRADESH,Rural,Adilabad,Water transport,68,51,17,0,0,0,9,5,4,11,9,2,8,5,3,7,6,1,3,3,0,2,2,0,8,8,0,20,13,7,19.6640542,78.531961
ANDHRA PRADESH,Rural,Adilabad,Any other,784,699,85,0,0,0,40,31,9,114,97,17,123,103,20,117,104,13,67,64,3,76,69,7,126,122,4,121,109,12,19.6640542,78.531961
ANDHRA PRADESH,Rural,Adilabad,No travel,97630,58417,39213,97630,58417,39213,0,0,0,0,0,0,0,0,0,0,0,0,0,0,0,0,0,0,0,0,0,0,0,0,19.6640542,78.531961
ANDHRA PRADESH,Urban,Adilabad,All Modes,214916,169308,45608,74006,50757,23249,34919,27690,7229,56377,48034,8343,23047,19121,3926,8359,7409,950,6895,6360,535,3849,3322,527,2889,2502,387,4575,4113,462,19.6640542,78.531961
ANDHRA PRADESH,Urban,Adilabad,On foot,54098,38794,15304,0,0,0,22705,16216,6489,20974,15022,5952,10419,7556,2863,0,0,0,0,0,0,0,0,0,0,0,0,0,0,0,19.6640542,78.531961
ANDHRA PRADESH,Urban,Adilabad,Bicycle,24378,23668,710,0,0,0,4347,4222,125,14048,13652,396,2247,2182,65,671,652,19,3065,2960,105,0,0,0,0,0,0,0,0,0,19.6640542,78.531961
ANDHRA PRADESH,Urban,Adilabad,Moped/Scooter/Motor Cycle,35809,34511,1298,0,0,0,6180,5926,254,15477,14896,581,6012,5853,159,3369,3263,106,1016,972,44,936,895,41,377,365,12,2442,2341,101,19.6640542,78.531961
ANDHRA PRADESH,Urban,Adilabad,Car/Jeep/Van,2414,2221,193,0,0,0,349,311,38,651,574,77,282,264,18,296,273,23,193,189,4,232,219,13,179,177,2,232,214,18,19.6640542,78.531961
ANDHRA PRADESH,Urban,Adilabad,Tempo/Autorickshaw/Taxi,7998,6146,1852,0,0,0,642,456,186,3215,2325,890,1861,1474,387,929,762,167,381,324,57,288,245,43,122,112,10,560,448,112,19.6640542,78.531961
ANDHRA PRADESH,Urban,Adilabad,Bus,14187,11442,2745,0,0,0,479,364,115,1610,1217,393,2063,1646,417,2966,2348,618,2164,1848,316,2220,1818,402,1691,1395,296,994,806,188,19.6640542,78.531961
ANDHRA PRADESH,Urban,Adilabad,Train,1304,1119,185,0,0,0,119,106,13,253,216,37,67,62,5,61,50,11,48,40,8,120,94,26,436,374,62,200,177,23,19.6640542,78.531961
ANDHRA PRADESH,Urban,Adilabad,Water transport,97,87,10,0,0,0,12,12,0,12,11,1,16,13,3,19,16,3,3,3,0,7,6,1,13,12,1,15,14,1,19.6640542,78.531961
ANDHRA PRADESH,Urban,Adilabad,Any other,625,563,62,0,0,0,86,77,9,137,121,16,80,71,9,48,45,3,25,24,1,46,45,1,71,67,4,132,113,19,19.6640542,78.531961
ANDHRA PRADESH,Urban,Adilabad,No travel,74006,50757,23249,74006,50757,23249,0,0,0,0,0,0,0,0,0,0,0,0,0,0,0,0,0,0,0,0,0,0,0,0,19.6640542,78.531961
UTTARAKHAND,Total,Tehri Garhwal,All Modes,81171,63951,17220,26225,18642,7583,19608,14818,4790,17978,14800,3178,7522,6654,868,3196,2844,352,1792,1622,170,1598,1459,139,2808,2699,109,444,413,31,30.3011858,78.5660852
UTTARAKHAND,Total,Tehri Garhwal,On foot,34620,26646,7974,0,0,0,17943,13276,4667,12800,10046,2754,3877,3324,553,0,0,0,0,0,0,0,0,0,0,0,0,0,0,0,30.3011858,78.5660852
UTTARAKHAND,Total,Tehri Garhwal,Bicycle,937,908,29,0,0,0,185,173,12,535,526,9,95,94,1,47,46,1,75,69,6,0,0,0,0,0,0,0,0,0,30.3011858,78.5660852
UTTARAKHAND,Total,Tehri Garhwal,Moped/Scooter/Motor Cycle,4481,4261,220,0,0,0,745,710,35,1968,1864,104,722,691,31,520,487,33,198,192,6,160,153,7,80,79,1,88,85,3,30.3011858,78.5660852
UTTARAKHAND,Total,Tehri Garhwal,Car/Jeep/Van,3877,3471,406,0,0,0,363,325,38,807,714,93,777,698,79,831,738,93,478,426,52,333,309,24,224,205,19,64,56,8,30.3011858,78.5660852
UTTARAKHAND,Total,Tehri Garhwal,Tempo/Autorickshaw/Taxi,955,813,142,0,0,0,80,68,12,397,350,47,157,134,23,139,112,27,57,40,17,56,46,10,45,41,4,24,22,2,30.3011858,78.5660852
UTTARAKHAND,Total,Tehri Garhwal,Bus,9390,8551,839,0,0,0,256,231,25,1412,1248,164,1849,1671,178,1599,1407,192,809,722,87,1008,912,96,2237,2156,81,220,204,16,30.3011858,78.5660852
UTTARAKHAND,Total,Tehri Garhwal,Train,293,280,13,0,0,0,21,20,1,27,22,5,21,20,1,14,12,2,12,11,1,9,9,0,165,163,2,24,23,1,30.3011858,78.5660852
UTTARAKHAND,Total,Tehri Garhwal,Water transport,36,31,5,0,0,0,2,2,0,9,9,0,5,4,1,3,2,1,1,1,0,4,4,0,7,5,2,5,4,1,30.3011858,78.5660852
UTTARAKHAND,Total,Tehri Garhwal,Any other,357,348,9,0,0,0,13,13,0,23,21,2,19,18,1,43,40,3,162,161,1,28,26,2,50,50,0,19,19,0,30.3011858,78.5660852
UTTARAKHAND,Total,Tehri Garhwal,No travel,26225,18642,7583,26225,18642,7583,0,0,0,0,0,0,0,0,0,0,0,0,0,0,0,0,0,0,0,0,0,0,0,0,30.3011858,78.5660852
UTTARAKHAND,Rural,Tehri Garhwal,All Modes,59097,45065,14032,20505,14108,6397,13331,9296,4035,12583,9922,2661,5806,5162,644,2163,2033,130,1161,1106,55,1020,976,44,2231,2177,54,297,285,12,30.3011858,78.5660852
UTTARAKHAND,Rural,Tehri Garhwal,On foot,25866,18978,6888,0,0,0,12789,8798,3991,9985,7535,2450,3092,2645,447,0,0,0,0,0,0,0,0,0,0,0,0,0,0,0,30.3011858,78.5660852
UTTARAKHAND,Rural,Tehri Garhwal,Bicycle,349,328,21,0,0,0,51,41,10,171,165,6,47,47,0,32,31,1,48,44,4,0,0,0,0,0,0,0,0,0,30.3011858,78.5660852
UTTARAKHAND,Rural,Tehri Garhwal,Moped/Scooter/Motor Cycle,2063,1973,90,0,0,0,201,192,9,787,750,37,507,482,25,308,294,14,112,111,1,72,68,4,35,35,0,41,41,0,30.3011858,78.5660852
UTTARAKHAND,Rural,Tehri Garhwal,Car/Jeep/Van,2427,2244,183,0,0,0,113,105,8,407,357,50,591,538,53,600,567,33,287,269,18,236,227,9,161,150,11,32,31,1,30.3011858,78.5660852
UTTARAKHAND,Rural,Tehri Garhwal,Tempo/Autorickshaw/Taxi,467,425,42,0,0,0,26,22,4,151,138,13,101,89,12,82,76,6,30,27,3,34,33,1,29,26,3,14,14,0,30.3011858,78.5660852
UTTARAKHAND,Rural,Tehri Garhwal,Bus,6825,6436,389,0,0,0,132,120,12,1035,936,99,1424,1320,104,1088,1017,71,513,486,27,644,616,28,1817,1778,39,172,163,9,30.3011858,78.5660852
UTTARAKHAND,Rural,Tehri Garhwal,Train,239,228,11,0,0,0,12,11,1,18,14,4,20,19,1,10,8,2,9,8,1,7,7,0,142,141,1,21,20,1,30.3011858,78.5660852
UTTARAKHAND,Rural,Tehri Garhwal,Water transport,27,25,2,0,0,0,2,2,0,9,9,0,5,4,1,1,1,0,1,1,0,2,2,0,3,3,0,4,3,1,30.3011858,78.5660852
UTTARAKHAND,Rural,Tehri Garhwal,Any other,329,320,9,0,0,0,5,5,0,20,18,2,19,18,1,42,39,3,161,160,1,25,23,2,44,44,0,13,13,0,30.3011858,78.5660852
UTTARAKHAND,Rural,Tehri Garhwal,No travel,20505,14108,6397,20505,14108,6397,0,0,0,0,0,0,0,0,0,0,0,0,0,0,0,0,0,0,0,0,0,0,0,0,30.3011858,78.5660852
UTTARAKHAND,Urban,Tehri Garhwal,All Modes,22074,18886,3188,5720,4534,1186,6277,5522,755,5395,4878,517,1716,1492,224,1033,811,222,631,516,115,578,483,95,577,522,55,147,128,19,30.3011858,78.5660852
UTTARAKHAND,Urban,Tehri Garhwal,On foot,8754,7668,1086,0,0,0,5154,4478,676,2815,2511,304,785,679,106,0,0,0,0,0,0,0,0,0,0,0,0,0,0,0,30.3011858,78.5660852
UTTARAKHAND,Urban,Tehri Garhwal,Bicycle,588,580,8,0,0,0,134,132,2,364,361,3,48,47,1,15,15,0,27,25,2,0,0,0,0,0,0,0,0,0,30.3011858,78.5660852
UTTARAKHAND,Urban,Tehri Garhwal,Moped/Scooter/Motor Cycle,2418,2288,130,0,0,0,544,518,26,1181,1114,67,215,209,6,212,193,19,86,81,5,88,85,3,45,44,1,47,44,3,30.3011858,78.5660852
UTTARAKHAND,Urban,Tehri Garhwal,Car/Jeep/Van,1450,1227,223,0,0,0,250,220,30,400,357,43,186,160,26,231,171,60,191,157,34,97,82,15,63,55,8,32,25,7,30.3011858,78.5660852
UTTARAKHAND,Urban,Tehri Garhwal,Tempo/Autorickshaw/Taxi,488,388,100,0,0,0,54,46,8,246,212,34,56,45,11,57,36,21,27,13,14,22,13,9,16,15,1,10,8,2,30.3011858,78.5660852
UTTARAKHAND,Urban,Tehri Garhwal,Bus,2565,2115,450,0,0,0,124,111,13,377,312,65,425,351,74,511,390,121,296,236,60,364,296,68,420,378,42,48,41,7,30.3011858,78.5660852
UTTARAKHAND,Urban,Tehri Garhwal,Train,54,52,2,0,0,0,9,9,0,9,8,1,1,1,0,4,4,0,3,3,0,2,2,0,23,22,1,3,3,0,30.3011858,78.5660852
UTTARAKHAND,Urban,Tehri Garhwal,Water transport,9,6,3,0,0,0,0,0,0,0,0,0,0,0,0,2,1,1,0,0,0,2,2,0,4,2,2,1,1,0,30.3011858,78.5660852
UTTARAKHAND,Urban,Tehri Garhwal,Any other,28,28,0,0,0,0,8,8,0,3,3,0,0,0,0,1,1,0,1,1,0,3,3,0,6,6,0,6,6,0,30.3011858,78.5660852
UTTARAKHAND,Urban,Tehri Garhwal,No travel,5720,4534,1186,5720,4534,1186,0,0,0,0,0,0,0,0,0,0,0,0,0,0,0,0,0,0,0,0,0,0,0,0,30.3011858,78.5660852
UTTAR PRADESH,Total,Jhansi,All Modes,289313,229591,59722,123462,85658,37804,41026,33978,7048,68870,60536,8334,29132,25358,3774,8630,7747,883,5887,5339,548,2152,1906,246,5879,5284,595,4275,3785,490,25.4484257,78.5684594
UTTAR PRADESH,Total,Jhansi,On foot,60301,47753,12548,0,0,0,29034,22918,6116,21385,17011,4374,9882,7824,2058,0,0,0,0,0,0,0,0,0,0,0,0,0,0,0,25.4484257,78.5684594
UTTAR PRADESH,Total,Jhansi,Bicycle,36629,35112,1517,0,0,0,4673,4454,219,19759,18965,794,7006,6770,236,2073,2015,58,3118,2908,210,0,0,0,0,0,0,0,0,0,25.4484257,78.5684594
UTTAR PRADESH,Total,Jhansi,Moped/Scooter/Motor Cycle,40574,37956,2618,0,0,0,5206,4880,326,20485,19146,1339,7662,7125,537,2868,2709,159,855,808,47,643,615,28,593,559,34,2262,2114,148,25.4484257,78.5684594
UTTAR PRADESH,Total,Jhansi,Car/Jeep/Van,3081,2679,402,0,0,0,542,480,62,1129,966,163,495,418,77,264,234,30,116,103,13,131,122,9,212,194,18,192,162,30,25.4484257,78.5684594
UTTAR PRADESH,Total,Jhansi,Tempo/Autorickshaw/Taxi,11406,8514,2892,0,0,0,774,572,202,4589,3180,1409,2906,2265,641,1916,1525,391,463,393,70,132,113,19,129,100,29,497,366,131,25.4484257,78.5684594
UTTAR PRADESH,Total,Jhansi,Bus,7176,5942,1234,0,0,0,302,239,63,586,444,142,725,543,182,1270,1047,223,1173,978,195,1007,842,165,1838,1625,213,275,224,51,25.4484257,78.5684594
UTTAR PRADESH,Total,Jhansi,Train,5497,4886,611,0,0,0,356,313,43,671,583,88,253,226,27,158,143,15,143,130,13,217,195,22,2982,2688,294,717,608,109,25.4484257,78.5684594
UTTAR PRADESH,Total,Jhansi,Water transport,104,78,26,0,0,0,17,13,4,21,15,6,15,11,4,3,3,0,1,1,0,2,1,1,19,18,1,26,16,10,25.4484257,78.5684594
UTTAR PRADESH,Total,Jhansi,Any other,1083,1013,70,0,0,0,122,109,13,245,226,19,188,176,12,78,71,7,18,18,0,20,18,2,106,100,6,306,295,11,25.4484257,78.5684594
UTTAR PRADESH,Total,Jhansi,No travel,123462,85658,37804,123462,85658,37804,0,0,0,0,0,0,0,0,0,0,0,0,0,0,0,0,0,0,0,0,0,0,0,0,25.4484257,78.5684594
UTTAR PRADESH,Rural,Jhansi,All Modes,72920,51091,21829,38303,22952,15351,9274,6567,2707,10044,8007,2037,6985,5821,1164,3189,2997,192,1638,1534,104,880,830,50,2211,2026,185,396,357,39,25.4484257,78.5684594
UTTAR PRADESH,Rural,Jhansi,On foot,14702,9724,4978,0,0,0,7745,5194,2551,4490,2915,1575,2467,1615,852,0,0,0,0,0,0,0,0,0,0,0,0,0,0,0,25.4484257,78.5684594
UTTAR PRADESH,Rural,Jhansi,Bicycle,8462,8034,428,0,0,0,775,713,62,3395,3201,194,2381,2287,94,1149,1108,41,762,725,37,0,0,0,0,0,0,0,0,0,25.4484257,78.5684594
UTTAR PRADESH,Rural,Jhansi,Moped/Scooter/Motor Cycle,4445,4206,239,0,0,0,425,397,28,1251,1163,88,915,868,47,933,902,31,298,284,14,230,222,8,224,215,9,169,155,14,25.4484257,78.5684594
UTTAR PRADESH,Rural,Jhansi,Car/Jeep/Van,311,268,43,0,0,0,38,30,8,49,37,12,62,54,8,40,37,3,18,16,2,33,32,1,57,51,6,14,11,3,25.4484257,78.5684594
UTTAR PRADESH,Rural,Jhansi,Tempo/Autorickshaw/Taxi,2029,1720,309,0,0,0,100,77,23,458,347,111,652,552,100,572,517,55,134,125,9,40,39,1,30,26,4,43,37,6,25.4484257,78.5684594
UTTAR PRADESH,Rural,Jhansi,Bus,2753,2466,287,0,0,0,81,66,15,214,183,31,288,236,52,424,366,58,389,350,39,487,451,36,809,760,49,61,54,7,25.4484257,78.5684594
UTTAR PRADESH,Rural,Jhansi,Train,1586,1414,172,0,0,0,78,62,16,135,116,19,95,87,8,46,43,3,33,30,3,82,79,3,1022,909,113,95,88,7,25.4484257,78.5684594
UTTAR PRADESH,Rural,Jhansi,Water transport,20,17,3,0,0,0,6,4,2,1,1,0,3,3,0,1,1,0,1,1,0,0,0,0,7,7,0,1,0,1,25.4484257,78.5684594
UTTAR PRADESH,Rural,Jhansi,Any other,309,290,19,0,0,0,26,24,2,51,44,7,122,119,3,24,23,1,3,3,0,8,7,1,62,58,4,13,12,1,25.4484257,78.5684594
UTTAR PRADESH,Rural,Jhansi,No travel,38303,22952,15351,38303,22952,15351,0,0,0,0,0,0,0,0,0,0,0,0,0,0,0,0,0,0,0,0,0,0,0,0,25.4484257,78.5684594
UTTAR PRADESH,Urban,Jhansi,All Modes,216393,178500,37893,85159,62706,22453,31752,27411,4341,58826,52529,6297,22147,19537,2610,5441,4750,691,4249,3805,444,1272,1076,196,3668,3258,410,3879,3428,451,25.4484257,78.5684594
UTTAR PRADESH,Urban,Jhansi,On foot,45599,38029,7570,0,0,0,21289,17724,3565,16895,14096,2799,7415,6209,1206,0,0,0,0,0,0,0,0,0,0,0,0,0,0,0,25.4484257,78.5684594
UTTAR PRADESH,Urban,Jhansi,Bicycle,28167,27078,1089,0,0,0,3898,3741,157,16364,15764,600,4625,4483,142,924,907,17,2356,2183,173,0,0,0,0,0,0,0,0,0,25.4484257,78.5684594
UTTAR PRADESH,Urban,Jhansi,Moped/Scooter/Motor Cycle,36129,33750,2379,0,0,0,4781,4483,298,19234,17983,1251,6747,6257,490,1935,1807,128,557,524,33,413,393,20,369,344,25,2093,1959,134,25.4484257,78.5684594
UTTAR PRADESH,Urban,Jhansi,Car/Jeep/Van,2770,2411,359,0,0,0,504,450,54,1080,929,151,433,364,69,224,197,27,98,87,11,98,90,8,155,143,12,178,151,27,25.4484257,78.5684594
UTTAR PRADESH,Urban,Jhansi,Tempo/Autorickshaw/Taxi,9377,6794,2583,0,0,0,674,495,179,4131,2833,1298,2254,1713,541,1344,1008,336,329,268,61,92,74,18,99,74,25,454,329,125,25.4484257,78.5684594
UTTAR PRADESH,Urban,Jhansi,Bus,4423,3476,947,0,0,0,221,173,48,372,261,111,437,307,130,846,681,165,784,628,156,520,391,129,1029,865,164,214,170,44,25.4484257,78.5684594
UTTAR PRADESH,Urban,Jhansi,Train,3911,3472,439,0,0,0,278,251,27,536,467,69,158,139,19,112,100,12,110,100,10,135,116,19,1960,1779,181,622,520,102,25.4484257,78.5684594
UTTAR PRADESH,Urban,Jhansi,Water transport,84,61,23,0,0,0,11,9,2,20,14,6,12,8,4,2,2,0,0,0,0,2,1,1,12,11,1,25,16,9,25.4484257,78.5684594
UTTAR PRADESH,Urban,Jhansi,Any other,774,723,51,0,0,0,96,85,11,194,182,12,66,57,9,54,48,6,15,15,0,12,11,1,44,42,2,293,283,10,25.4484257,78.5684594
UTTAR PRADESH,Urban,Jhansi,No travel,85159,62706,22453,85159,62706,22453,0,0,0,0,0,0,0,0,0,0,0,0,0,0,0,0,0,0,0,0,0,0,0,0,25.4484257,78.5684594
MAHARASHTRA,Total,Wardha,All Modes,179291,146494,32797,45665,33636,12029,30040,23928,6112,53743,45133,8610,20760,18007,2753,10876,9552,1324,5525,4920,605,5398,4777,621,5982,5364,618,1302,1177,125,20.745319,78.6021946
MAHARASHTRA,Total,Wardha,On foot,39597,28083,11514,0,0,0,18533,13380,5153,16288,11157,5131,4776,3546,1230,0,0,0,0,0,0,0,0,0,0,0,0,0,0,0,20.745319,78.6021946
MAHARASHTRA,Total,Wardha,Bicycle,31050,30086,964,0,0,0,4604,4464,140,18509,17866,643,5417,5291,126,1338,1319,19,1182,1146,36,0,0,0,0,0,0,0,0,0,20.745319,78.6021946
MAHARASHTRA,Total,Wardha,Moped/Scooter/Motor Cycle,35233,31610,3623,0,0,0,5711,5102,609,14873,13049,1824,5681,5066,615,4462,4117,345,1759,1659,100,1477,1419,58,597,573,24,673,625,48,20.745319,78.6021946
MAHARASHTRA,Total,Wardha,Car/Jeep/Van,2143,1892,251,0,0,0,314,257,57,507,419,88,306,272,34,271,253,18,114,103,11,197,178,19,360,346,14,74,64,10,20.745319,78.6021946
MAHARASHTRA,Total,Wardha,Tempo/Autorickshaw/Taxi,7540,6094,1446,0,0,0,358,278,80,2178,1467,711,2236,1877,359,1576,1381,195,487,447,40,344,314,30,169,159,10,192,171,21,20.745319,78.6021946
MAHARASHTRA,Total,Wardha,Bus,12021,9597,2424,0,0,0,330,280,50,864,685,179,2030,1672,358,2931,2219,712,1500,1108,392,2047,1643,404,2131,1828,303,188,162,26,20.745319,78.6021946
MAHARASHTRA,Total,Wardha,Train,4854,4385,469,0,0,0,77,64,13,140,127,13,101,90,11,161,133,28,417,393,24,1248,1140,108,2578,2319,259,132,119,13,20.745319,78.6021946
MAHARASHTRA,Total,Wardha,Water transport,38,33,5,0,0,0,6,6,0,6,4,2,5,5,0,4,4,0,1,1,0,4,3,1,10,9,1,2,1,1,20.745319,78.6021946
MAHARASHTRA,Total,Wardha,Any other,1150,1078,72,0,0,0,107,97,10,378,359,19,208,188,20,133,126,7,65,63,2,81,80,1,137,130,7,41,35,6,20.745319,78.6021946
MAHARASHTRA,Total,Wardha,No travel,45665,33636,12029,45665,33636,12029,0,0,0,0,0,0,0,0,0,0,0,0,0,0,0,0,0,0,0,0,0,0,0,0,20.745319,78.6021946
MAHARASHTRA,Rural,Wardha,All Modes,63812,51153,12659,23451,16677,6774,9940,7583,2357,11729,10120,1609,7822,6915,907,4867,4437,430,2206,2018,188,1786,1598,188,1546,1383,163,465,422,43,20.745319,78.6021946
MAHARASHTRA,Rural,Wardha,On foot,12932,9250,3682,0,0,0,7242,5103,2139,3778,2726,1052,1912,1421,491,0,0,0,0,0,0,0,0,0,0,0,0,0,0,0,20.745319,78.6021946
MAHARASHTRA,Rural,Wardha,Bicycle,8582,8318,264,0,0,0,937,899,38,4334,4179,155,2179,2131,48,760,753,7,372,356,16,0,0,0,0,0,0,0,0,0,20.745319,78.6021946
MAHARASHTRA,Rural,Wardha,Moped/Scooter/Motor Cycle,8862,8277,585,0,0,0,1275,1163,112,2447,2262,185,1830,1708,122,1750,1639,111,664,637,27,507,491,16,198,195,3,191,182,9,20.745319,78.6021946
MAHARASHTRA,Rural,Wardha,Car/Jeep/Van,614,570,44,0,0,0,119,102,17,71,64,7,87,79,8,105,103,2,53,53,0,75,68,7,76,73,3,28,28,0,20.745319,78.6021946
MAHARASHTRA,Rural,Wardha,Tempo/Autorickshaw/Taxi,3554,3151,403,0,0,0,132,109,23,670,530,140,1114,1006,108,1002,918,84,298,280,18,168,152,16,73,68,5,97,88,9,20.745319,78.6021946
MAHARASHTRA,Rural,Wardha,Bus,4295,3521,774,0,0,0,174,156,18,258,192,66,590,465,125,1120,904,216,659,543,116,720,597,123,691,595,96,83,69,14,20.745319,78.6021946
MAHARASHTRA,Rural,Wardha,Train,1003,897,106,0,0,0,20,13,7,28,28,0,30,28,2,42,36,6,117,107,10,281,255,26,445,394,51,40,36,4,20.745319,78.6021946
MAHARASHTRA,Rural,Wardha,Water transport,12,11,1,0,0,0,4,4,0,0,0,0,3,3,0,0,0,0,0,0,0,1,1,0,3,3,0,1,0,1,20.745319,78.6021946
MAHARASHTRA,Rural,Wardha,Any other,507,481,26,0,0,0,37,34,3,143,139,4,77,74,3,88,84,4,43,42,1,34,34,0,60,55,5,25,19,6,20.745319,78.6021946
MAHARASHTRA,Rural,Wardha,No travel,23451,16677,6774,23451,16677,6774,0,0,0,0,0,0,0,0,0,0,0,0,0,0,0,0,0,0,0,0,0,0,0,0,20.745319,78.6021946
MAHARASHTRA,Urban,Wardha,All Modes,115479,95341,20138,22214,16959,5255,20100,16345,3755,42014,35013,7001,12938,11092,1846,6009,5115,894,3319,2902,417,3612,3179,433,4436,3981,455,837,755,82,20.745319,78.6021946
MAHARASHTRA,Urban,Wardha,On foot,26665,18833,7832,0,0,0,11291,8277,3014,12510,8431,4079,2864,2125,739,0,0,0,0,0,0,0,0,0,0,0,0,0,0,0,20.745319,78.6021946
MAHARASHTRA,Urban,Wardha,Bicycle,22468,21768,700,0,0,0,3667,3565,102,14175,13687,488,3238,3160,78,578,566,12,810,790,20,0,0,0,0,0,0,0,0,0,20.745319,78.6021946
MAHARASHTRA,Urban,Wardha,Moped/Scooter/Motor Cycle,26371,23333,3038,0,0,0,4436,3939,497,12426,10787,1639,3851,3358,493,2712,2478,234,1095,1022,73,970,928,42,399,378,21,482,443,39,20.745319,78.6021946
MAHARASHTRA,Urban,Wardha,Car/Jeep/Van,1529,1322,207,0,0,0,195,155,40,436,355,81,219,193,26,166,150,16,61,50,11,122,110,12,284,273,11,46,36,10,20.745319,78.6021946
MAHARASHTRA,Urban,Wardha,Tempo/Autorickshaw/Taxi,3986,2943,1043,0,0,0,226,169,57,1508,937,571,1122,871,251,574,463,111,189,167,22,176,162,14,96,91,5,95,83,12,20.745319,78.6021946
MAHARASHTRA,Urban,Wardha,Bus,7726,6076,1650,0,0,0,156,124,32,606,493,113,1440,1207,233,1811,1315,496,841,565,276,1327,1046,281,1440,1233,207,105,93,12,20.745319,78.6021946
MAHARASHTRA,Urban,Wardha,Train,3851,3488,363,0,0,0,57,51,6,112,99,13,71,62,9,119,97,22,300,286,14,967,885,82,2133,1925,208,92,83,9,20.745319,78.6021946
MAHARASHTRA,Urban,Wardha,Water transport,26,22,4,0,0,0,2,2,0,6,4,2,2,2,0,4,4,0,1,1,0,3,2,1,7,6,1,1,1,0,20.745319,78.6021946
MAHARASHTRA,Urban,Wardha,Any other,643,597,46,0,0,0,70,63,7,235,220,15,131,114,17,45,42,3,22,21,1,47,46,1,77,75,2,16,16,0,20.745319,78.6021946
MAHARASHTRA,Urban,Wardha,No travel,22214,16959,5255,22214,16959,5255,0,0,0,0,0,0,0,0,0,0,0,0,0,0,0,0,0,0,0,0,0,0,0,0,20.745319,78.6021946
UTTAR PRADESH,Total,Etah,All Modes,143413,104412,39001,77704,46877,30827,19541,16068,3473,18806,17011,1795,12653,10804,1849,4183,3829,354,3373,3092,281,1798,1682,116,4020,3859,161,1335,1190,145,27.5587505,78.662567
UTTAR PRADESH,Total,Etah,On foot,26092,20540,5552,0,0,0,14630,11480,3150,5645,4651,994,5817,4409,1408,0,0,0,0,0,0,0,0,0,0,0,0,0,0,0,27.5587505,78.662567
UTTAR PRADESH,Total,Etah,Bicycle,16856,16257,599,0,0,0,2335,2228,107,7631,7413,218,3764,3678,86,1334,1297,37,1792,1641,151,0,0,0,0,0,0,0,0,0,27.5587505,78.662567
UTTAR PRADESH,Total,Etah,Moped/Scooter/Motor Cycle,10438,9858,580,0,0,0,1831,1757,74,3941,3719,222,1555,1455,100,1200,1127,73,547,520,27,454,436,18,292,278,14,618,566,52,27.5587505,78.662567
UTTAR PRADESH,Total,Etah,Car/Jeep/Van,1181,1030,151,0,0,0,159,140,19,301,254,47,150,121,29,138,120,18,81,74,7,102,96,6,142,132,10,108,93,15,27.5587505,78.662567
UTTAR PRADESH,Total,Etah,Tempo/Autorickshaw/Taxi,1664,1291,373,0,0,0,145,91,54,470,309,161,447,366,81,281,247,34,87,77,10,74,66,8,89,82,7,71,53,18,27.5587505,78.662567
UTTAR PRADESH,Total,Etah,Bus,7062,6296,766,0,0,0,225,188,37,427,315,112,678,545,133,1099,914,185,784,702,82,1048,967,81,2489,2390,99,312,275,37,27.5587505,78.662567
UTTAR PRADESH,Total,Etah,Train,1644,1543,101,0,0,0,109,90,19,206,183,23,101,94,7,74,68,6,43,39,4,80,78,2,867,839,28,164,152,12,27.5587505,78.662567
UTTAR PRADESH,Total,Etah,Water transport,46,34,12,0,0,0,9,3,6,7,5,2,6,6,0,5,4,1,1,1,0,4,3,1,11,10,1,3,2,1,27.5587505,78.662567
UTTAR PRADESH,Total,Etah,Any other,726,686,40,0,0,0,98,91,7,178,162,16,135,130,5,52,52,0,38,38,0,36,36,0,130,128,2,59,49,10,27.5587505,78.662567
UTTAR PRADESH,Total,Etah,No travel,77704,46877,30827,77704,46877,30827,0,0,0,0,0,0,0,0,0,0,0,0,0,0,0,0,0,0,0,0,0,0,0,0,27.5587505,78.662567
UTTAR PRADESH,Rural,Etah,All Modes,86568,56261,30307,53459,28360,25099,6852,4404,2448,8809,7832,977,8205,6876,1329,2693,2576,117,2058,1915,143,1086,1040,46,2842,2766,76,564,492,72,27.5587505,78.662567
UTTAR PRADESH,Rural,Etah,On foot,11239,7140,4099,0,0,0,5483,3188,2295,2512,1838,674,3244,2114,1130,0,0,0,0,0,0,0,0,0,0,0,0,0,0,0,27.5587505,78.662567
UTTAR PRADESH,Rural,Etah,Bicycle,10477,10109,368,0,0,0,776,711,65,4505,4380,125,3006,2944,62,1007,988,19,1183,1086,97,0,0,0,0,0,0,0,0,0,27.5587505,78.662567
UTTAR PRADESH,Rural,Etah,Moped/Scooter/Motor Cycle,3766,3541,225,0,0,0,280,256,24,1089,1011,78,913,869,44,628,599,29,277,265,12,217,211,6,152,144,8,210,186,24,27.5587505,78.662567
UTTAR PRADESH,Rural,Etah,Car/Jeep/Van,537,464,73,0,0,0,39,32,7,102,84,18,99,81,18,73,65,8,41,39,2,64,60,4,83,79,4,36,24,12,27.5587505,78.662567
UTTAR PRADESH,Rural,Etah,Tempo/Autorickshaw/Taxi,949,836,113,0,0,0,53,37,16,174,138,36,291,258,33,214,200,14,70,65,5,59,56,3,70,68,2,18,14,4,27.5587505,78.662567
UTTAR PRADESH,Rural,Etah,Bus,4373,4132,241,0,0,0,119,97,22,213,185,28,451,416,35,665,622,43,418,395,23,654,623,31,1717,1672,45,136,122,14,27.5587505,78.662567
UTTAR PRADESH,Rural,Etah,Train,1263,1197,66,0,0,0,65,51,14,132,119,13,83,78,5,58,55,3,32,28,4,65,63,2,703,688,15,125,115,10,27.5587505,78.662567
UTTAR PRADESH,Rural,Etah,Water transport,30,22,8,0,0,0,8,3,5,2,2,0,6,6,0,5,4,1,1,1,0,0,0,0,7,6,1,1,0,1,27.5587505,78.662567
UTTAR PRADESH,Rural,Etah,Any other,475,460,15,0,0,0,29,29,0,80,75,5,112,110,2,43,43,0,36,36,0,27,27,0,110,109,1,38,31,7,27.5587505,78.662567
UTTAR PRADESH,Rural,Etah,No travel,53459,28360,25099,53459,28360,25099,0,0,0,0,0,0,0,0,0,0,0,0,0,0,0,0,0,0,0,0,0,0,0,0,27.5587505,78.662567
UTTAR PRADESH,Urban,Etah,All Modes,56845,48151,8694,24245,18517,5728,12689,11664,1025,9997,9179,818,4448,3928,520,1490,1253,237,1315,1177,138,712,642,70,1178,1093,85,771,698,73,27.5587505,78.662567
UTTAR PRADESH,Urban,Etah,On foot,14853,13400,1453,0,0,0,9147,8292,855,3133,2813,320,2573,2295,278,0,0,0,0,0,0,0,0,0,0,0,0,0,0,0,27.5587505,78.662567
UTTAR PRADESH,Urban,Etah,Bicycle,6379,6148,231,0,0,0,1559,1517,42,3126,3033,93,758,734,24,327,309,18,609,555,54,0,0,0,0,0,0,0,0,0,27.5587505,78.662567
UTTAR PRADESH,Urban,Etah,Moped/Scooter/Motor Cycle,6672,6317,355,0,0,0,1551,1501,50,2852,2708,144,642,586,56,572,528,44,270,255,15,237,225,12,140,134,6,408,380,28,27.5587505,78.662567
UTTAR PRADESH,Urban,Etah,Car/Jeep/Van,644,566,78,0,0,0,120,108,12,199,170,29,51,40,11,65,55,10,40,35,5,38,36,2,59,53,6,72,69,3,27.5587505,78.662567
UTTAR PRADESH,Urban,Etah,Tempo/Autorickshaw/Taxi,715,455,260,0,0,0,92,54,38,296,171,125,156,108,48,67,47,20,17,12,5,15,10,5,19,14,5,53,39,14,27.5587505,78.662567
UTTAR PRADESH,Urban,Etah,Bus,2689,2164,525,0,0,0,106,91,15,214,130,84,227,129,98,434,292,142,366,307,59,394,344,50,772,718,54,176,153,23,27.5587505,78.662567
UTTAR PRADESH,Urban,Etah,Train,381,346,35,0,0,0,44,39,5,74,64,10,18,16,2,16,13,3,11,11,0,15,15,0,164,151,13,39,37,2,27.5587505,78.662567
UTTAR PRADESH,Urban,Etah,Water transport,16,12,4,0,0,0,1,0,1,5,3,2,0,0,0,0,0,0,0,0,0,4,3,1,4,4,0,2,2,0,27.5587505,78.662567
UTTAR PRADESH,Urban,Etah,Any other,251,226,25,0,0,0,69,62,7,98,87,11,23,20,3,9,9,0,2,2,0,9,9,0,20,19,1,21,18,3,27.5587505,78.662567
UTTAR PRADESH,Urban,Etah,No travel,24245,18517,5728,24245,18517,5728,0,0,0,0,0,0,0,0,0,0,0,0,0,0,0,0,0,0,0,0,0,0,0,0,27.5587505,78.662567
TAMIL NADU,Total,Tiruchirappalli,All Modes,634142,492381,141761,124852,82865,41987,92981,67558,25423,156439,124671,31768,104115,84726,19389,62158,51732,10426,32611,27834,4777,28845,24959,3886,25967,22692,3275,6174,5344,830,10.7904833,78.7046725
TAMIL NADU,Total,Tiruchirappalli,On foot,101361,63009,38352,0,0,0,59191,37437,21754,28255,16222,12033,13915,9350,4565,0,0,0,0,0,0,0,0,0,0,0,0,0,0,0,10.7904833,78.7046725
TAMIL NADU,Total,Tiruchirappalli,Bicycle,76691,71912,4779,0,0,0,13760,12989,771,41233,38341,2892,13882,13165,717,3846,3690,156,3970,3727,243,0,0,0,0,0,0,0,0,0,10.7904833,78.7046725
TAMIL NADU,Total,Tiruchirappalli,Moped/Scooter/Motor Cycle,113741,105676,8065,0,0,0,14077,12852,1225,47482,43676,3806,28005,26154,1851,14000,13307,693,4319,4159,160,2495,2398,97,1138,1071,67,2225,2059,166,10.7904833,78.7046725
TAMIL NADU,Total,Tiruchirappalli,Car/Jeep/Van,14611,12185,2426,0,0,0,1113,927,186,3987,3146,841,2750,2294,456,2195,1836,359,1148,976,172,1508,1288,220,1411,1270,141,499,448,51,10.7904833,78.7046725
TAMIL NADU,Total,Tiruchirappalli,Tempo/Autorickshaw/Taxi,6936,6082,854,0,0,0,674,592,82,1875,1453,422,1380,1204,176,1027,936,91,525,504,21,660,638,22,513,494,19,282,261,21,10.7904833,78.7046725
TAMIL NADU,Total,Tiruchirappalli,Bus,184231,140349,43882,0,0,0,3617,2310,1307,32370,20779,11591,43054,31588,11466,40084,31081,9003,21992,17896,4096,22531,19185,3346,18351,15801,2550,2232,1709,523,10.7904833,78.7046725
TAMIL NADU,Total,Tiruchirappalli,Train,7714,6566,1148,0,0,0,236,187,49,569,450,119,581,476,105,725,619,106,481,406,75,1223,1033,190,3557,3095,462,342,300,42,10.7904833,78.7046725
TAMIL NADU,Total,Tiruchirappalli,Water transport,313,280,33,0,0,0,22,17,5,71,61,10,67,54,13,24,23,1,13,12,1,19,19,0,48,45,3,49,49,0,10.7904833,78.7046725
TAMIL NADU,Total,Tiruchirappalli,Any other,3692,3457,235,0,0,0,291,247,44,597,543,54,481,441,40,257,240,17,163,154,9,409,398,11,949,916,33,545,518,27,10.7904833,78.7046725
TAMIL NADU,Total,Tiruchirappalli,No travel,124852,82865,41987,124852,82865,41987,0,0,0,0,0,0,0,0,0,0,0,0,0,0,0,0,0,0,0,0,0,0,0,0,10.7904833,78.7046725
TAMIL NADU,Rural,Tiruchirappalli,All Modes,203140,151885,51255,50795,32787,18008,17908,10928,6980,31091,21896,9195,30823,24362,6461,27584,22855,4729,15383,13172,2211,15549,13541,2008,12582,11129,1453,1425,1215,210,10.7904833,78.7046725
TAMIL NADU,Rural,Tiruchirappalli,On foot,24418,12185,12233,0,0,0,13051,6779,6272,7388,2945,4443,3979,2461,1518,0,0,0,0,0,0,0,0,0,0,0,0,0,0,0,10.7904833,78.7046725
TAMIL NADU,Rural,Tiruchirappalli,Bicycle,16081,14502,1579,0,0,0,2102,1917,185,8023,7051,972,3702,3422,280,1277,1204,73,977,908,69,0,0,0,0,0,0,0,0,0,10.7904833,78.7046725
TAMIL NADU,Rural,Tiruchirappalli,Moped/Scooter/Motor Cycle,22379,20697,1682,0,0,0,1576,1432,144,6987,6286,701,6176,5696,480,4647,4416,231,1526,1471,55,837,809,28,349,333,16,281,254,27,10.7904833,78.7046725
TAMIL NADU,Rural,Tiruchirappalli,Car/Jeep/Van,3171,2435,736,0,0,0,111,89,22,426,295,131,532,413,119,540,421,119,370,285,85,614,455,159,492,399,93,86,78,8,10.7904833,78.7046725
TAMIL NADU,Rural,Tiruchirappalli,Tempo/Autorickshaw/Taxi,1344,1222,122,0,0,0,68,63,5,213,184,29,241,212,29,252,229,23,150,141,9,194,180,14,198,190,8,28,23,5,10.7904833,78.7046725
TAMIL NADU,Rural,Tiruchirappalli,Bus,81488,64937,16551,0,0,0,919,579,340,7819,4935,2884,15916,11915,4001,20486,16253,4233,12127,10151,1976,13197,11464,1733,10244,9007,1237,780,633,147,10.7904833,78.7046725
TAMIL NADU,Rural,Tiruchirappalli,Train,2101,1830,271,0,0,0,34,26,8,109,86,23,138,116,22,275,232,43,152,139,13,485,419,66,826,747,79,82,65,17,10.7904833,78.7046725
TAMIL NADU,Rural,Tiruchirappalli,Water transport,99,92,7,0,0,0,6,5,1,12,11,1,19,17,2,14,13,1,7,6,1,10,10,0,18,17,1,13,13,0,10.7904833,78.7046725
TAMIL NADU,Rural,Tiruchirappalli,Any other,1264,1198,66,0,0,0,41,38,3,114,103,11,120,110,10,93,87,6,74,71,3,212,204,8,455,436,19,155,149,6,10.7904833,78.7046725
TAMIL NADU,Rural,Tiruchirappalli,No travel,50795,32787,18008,50795,32787,18008,0,0,0,0,0,0,0,0,0,0,0,0,0,0,0,0,0,0,0,0,0,0,0,0,10.7904833,78.7046725
TAMIL NADU,Urban,Tiruchirappalli,All Modes,431002,340496,90506,74057,50078,23979,75073,56630,18443,125348,102775,22573,73292,60364,12928,34574,28877,5697,17228,14662,2566,13296,11418,1878,13385,11563,1822,4749,4129,620,10.7904833,78.7046725
TAMIL NADU,Urban,Tiruchirappalli,On foot,76943,50824,26119,0,0,0,46140,30658,15482,20867,13277,7590,9936,6889,3047,0,0,0,0,0,0,0,0,0,0,0,0,0,0,0,10.7904833,78.7046725
TAMIL NADU,Urban,Tiruchirappalli,Bicycle,60610,57410,3200,0,0,0,11658,11072,586,33210,31290,1920,10180,9743,437,2569,2486,83,2993,2819,174,0,0,0,0,0,0,0,0,0,10.7904833,78.7046725
TAMIL NADU,Urban,Tiruchirappalli,Moped/Scooter/Motor Cycle,91362,84979,6383,0,0,0,12501,11420,1081,40495,37390,3105,21829,20458,1371,9353,8891,462,2793,2688,105,1658,1589,69,789,738,51,1944,1805,139,10.7904833,78.7046725
TAMIL NADU,Urban,Tiruchirappalli,Car/Jeep/Van,11440,9750,1690,0,0,0,1002,838,164,3561,2851,710,2218,1881,337,1655,1415,240,778,691,87,894,833,61,919,871,48,413,370,43,10.7904833,78.7046725
TAMIL NADU,Urban,Tiruchirappalli,Tempo/Autorickshaw/Taxi,5592,4860,732,0,0,0,606,529,77,1662,1269,393,1139,992,147,775,707,68,375,363,12,466,458,8,315,304,11,254,238,16,10.7904833,78.7046725
TAMIL NADU,Urban,Tiruchirappalli,Bus,102743,75412,27331,0,0,0,2698,1731,967,24551,15844,8707,27138,19673,7465,19598,14828,4770,9865,7745,2120,9334,7721,1613,8107,6794,1313,1452,1076,376,10.7904833,78.7046725
TAMIL NADU,Urban,Tiruchirappalli,Train,5613,4736,877,0,0,0,202,161,41,460,364,96,443,360,83,450,387,63,329,267,62,738,614,124,2731,2348,383,260,235,25,10.7904833,78.7046725
TAMIL NADU,Urban,Tiruchirappalli,Water transport,214,188,26,0,0,0,16,12,4,59,50,9,48,37,11,10,10,0,6,6,0,9,9,0,30,28,2,36,36,0,10.7904833,78.7046725
TAMIL NADU,Urban,Tiruchirappalli,Any other,2428,2259,169,0,0,0,250,209,41,483,440,43,361,331,30,164,153,11,89,83,6,197,194,3,494,480,14,390,369,21,10.7904833,78.7046725
TAMIL NADU,Urban,Tiruchirappalli,No travel,74057,50078,23979,74057,50078,23979,0,0,0,0,0,0,0,0,0,0,0,0,0,0,0,0,0,0,0,0,0,0,0,0,10.7904833,78.7046725
MADHYA PRADESH,Total,Sagar,All Modes,283417,226505,56912,107062,74916,32146,55632,45531,10101,65703,57903,7800,31118,26877,4241,9245,8299,946,4958,4476,482,3328,2907,421,4309,3837,472,2062,1759,303,23.838805,78.7378068
MADHYA PRADESH,Total,Sagar,On foot,88468,71493,16975,0,0,0,44844,35644,9200,29867,24940,4927,13757,10909,2848,0,0,0,0,0,0,0,0,0,0,0,0,0,0,0,23.838805,78.7378068
MADHYA PRADESH,Total,Sagar,Bicycle,34979,34014,965,0,0,0,4234,4099,135,17681,17215,466,8211,8029,182,2799,2732,67,2054,1939,115,0,0,0,0,0,0,0,0,0,23.838805,78.7378068
MADHYA PRADESH,Total,Sagar,Moped/Scooter/Motor Cycle,29851,27610,2241,0,0,0,4953,4573,380,13251,12181,1070,5447,5050,397,2756,2589,167,934,888,46,838,796,42,552,524,28,1120,1009,111,23.838805,78.7378068
MADHYA PRADESH,Total,Sagar,Car/Jeep/Van,2929,2485,444,0,0,0,387,310,77,811,643,168,482,419,63,393,345,48,198,171,27,256,235,21,293,271,22,109,91,18,23.838805,78.7378068
MADHYA PRADESH,Total,Sagar,Tempo/Autorickshaw/Taxi,5674,4156,1518,0,0,0,439,280,159,2490,1648,842,1484,1148,336,716,632,84,122,114,8,87,71,16,119,102,17,217,161,56,23.838805,78.7378068
MADHYA PRADESH,Total,Sagar,Bus,9177,7047,2130,0,0,0,325,226,99,868,593,275,1328,938,390,2082,1545,537,1274,1013,261,1551,1274,277,1459,1242,217,290,216,74,23.838805,78.7378068
MADHYA PRADESH,Total,Sagar,Train,4191,3782,409,0,0,0,285,250,35,430,398,32,258,241,17,399,361,38,329,308,21,532,470,62,1704,1530,174,254,224,30,23.838805,78.7378068
MADHYA PRADESH,Total,Sagar,Water transport,65,49,16,0,0,0,20,16,4,6,5,1,8,7,1,4,3,1,5,4,1,3,3,0,6,4,2,13,7,6,23.838805,78.7378068
MADHYA PRADESH,Total,Sagar,Any other,1021,953,68,0,0,0,145,133,12,299,280,19,143,136,7,96,92,4,42,39,3,61,58,3,176,164,12,59,51,8,23.838805,78.7378068
MADHYA PRADESH,Total,Sagar,No travel,107062,74916,32146,107062,74916,32146,0,0,0,0,0,0,0,0,0,0,0,0,0,0,0,0,0,0,0,0,0,0,0,0,23.838805,78.7378068
MADHYA PRADESH,Rural,Sagar,All Modes,98844,72740,26104,47229,29905,17324,14768,10964,3804,15372,12979,2393,12542,10654,1888,4407,4139,268,1796,1673,123,1012,931,81,1370,1208,162,348,287,61,23.838805,78.7378068
MADHYA PRADESH,Rural,Sagar,On foot,27010,19804,7206,0,0,0,13260,9582,3678,8375,6377,1998,5375,3845,1530,0,0,0,0,0,0,0,0,0,0,0,0,0,0,0,23.838805,78.7378068
MADHYA PRADESH,Rural,Sagar,Bicycle,13111,12746,365,0,0,0,838,802,36,4807,4660,147,4764,4664,100,2021,1979,42,681,641,40,0,0,0,0,0,0,0,0,0,23.838805,78.7378068
MADHYA PRADESH,Rural,Sagar,Moped/Scooter/Motor Cycle,4663,4353,310,0,0,0,400,365,35,1326,1217,109,1238,1174,64,903,852,51,327,311,16,212,201,11,130,125,5,127,108,19,23.838805,78.7378068
MADHYA PRADESH,Rural,Sagar,Car/Jeep/Van,685,601,84,0,0,0,50,41,9,143,124,19,121,102,19,122,109,13,72,65,7,66,61,5,85,78,7,26,21,5,23.838805,78.7378068
MADHYA PRADESH,Rural,Sagar,Tempo/Autorickshaw/Taxi,770,662,108,0,0,0,43,37,6,171,143,28,242,192,50,229,210,19,33,33,0,13,11,2,21,21,0,18,15,3,23.838805,78.7378068
MADHYA PRADESH,Rural,Sagar,Bus,3629,3063,566,0,0,0,88,62,26,379,300,79,627,510,117,878,748,130,466,415,51,487,440,47,607,511,96,97,77,20,23.838805,78.7378068
MADHYA PRADESH,Rural,Sagar,Train,1323,1222,101,0,0,0,58,49,9,95,88,7,106,102,4,193,182,11,195,189,6,187,174,13,432,390,42,57,48,9,23.838805,78.7378068
MADHYA PRADESH,Rural,Sagar,Water transport,19,17,2,0,0,0,6,5,1,1,1,0,4,4,0,0,0,0,1,1,0,1,1,0,2,2,0,4,3,1,23.838805,78.7378068
MADHYA PRADESH,Rural,Sagar,Any other,405,367,38,0,0,0,25,21,4,75,69,6,65,61,4,61,59,2,21,18,3,46,43,3,93,81,12,19,15,4,23.838805,78.7378068
MADHYA PRADESH,Rural,Sagar,No travel,47229,29905,17324,47229,29905,17324,0,0,0,0,0,0,0,0,0,0,0,0,0,0,0,0,0,0,0,0,0,0,0,0,23.838805,78.7378068
MADHYA PRADESH,Urban,Sagar,All Modes,184573,153765,30808,59833,45011,14822,40864,34567,6297,50331,44924,5407,18576,16223,2353,4838,4160,678,3162,2803,359,2316,1976,340,2939,2629,310,1714,1472,242,23.838805,78.7378068
MADHYA PRADESH,Urban,Sagar,On foot,61458,51689,9769,0,0,0,31584,26062,5522,21492,18563,2929,8382,7064,1318,0,0,0,0,0,0,0,0,0,0,0,0,0,0,0,23.838805,78.7378068
MADHYA PRADESH,Urban,Sagar,Bicycle,21868,21268,600,0,0,0,3396,3297,99,12874,12555,319,3447,3365,82,778,753,25,1373,1298,75,0,0,0,0,0,0,0,0,0,23.838805,78.7378068
MADHYA PRADESH,Urban,Sagar,Moped/Scooter/Motor Cycle,25188,23257,1931,0,0,0,4553,4208,345,11925,10964,961,4209,3876,333,1853,1737,116,607,577,30,626,595,31,422,399,23,993,901,92,23.838805,78.7378068
MADHYA PRADESH,Urban,Sagar,Car/Jeep/Van,2244,1884,360,0,0,0,337,269,68,668,519,149,361,317,44,271,236,35,126,106,20,190,174,16,208,193,15,83,70,13,23.838805,78.7378068
MADHYA PRADESH,Urban,Sagar,Tempo/Autorickshaw/Taxi,4904,3494,1410,0,0,0,396,243,153,2319,1505,814,1242,956,286,487,422,65,89,81,8,74,60,14,98,81,17,199,146,53,23.838805,78.7378068
MADHYA PRADESH,Urban,Sagar,Bus,5548,3984,1564,0,0,0,237,164,73,489,293,196,701,428,273,1204,797,407,808,598,210,1064,834,230,852,731,121,193,139,54,23.838805,78.7378068
MADHYA PRADESH,Urban,Sagar,Train,2868,2560,308,0,0,0,227,201,26,335,310,25,152,139,13,206,179,27,134,119,15,345,296,49,1272,1140,132,197,176,21,23.838805,78.7378068
MADHYA PRADESH,Urban,Sagar,Water transport,46,32,14,0,0,0,14,11,3,5,4,1,4,3,1,4,3,1,4,3,1,2,2,0,4,2,2,9,4,5,23.838805,78.7378068
MADHYA PRADESH,Urban,Sagar,Any other,616,586,30,0,0,0,120,112,8,224,211,13,78,75,3,35,33,2,21,21,0,15,15,0,83,83,0,40,36,4,23.838805,78.7378068
MADHYA PRADESH,Urban,Sagar,No travel,59833,45011,14822,59833,45011,14822,0,0,0,0,0,0,0,0,0,0,0,0,0,0,0,0,0,0,0,0,0,0,0,0,23.838805,78.7378068
UTTAR PRADESH,Total,Moradabad,All Modes,622056,523704,98352,249327,182562,66765,96008,83625,12383,124180,115298,8882,72347,66125,6222,26012,24845,1167,25196,24176,1020,7070,6645,425,8228,7797,431,13688,12631,1057,28.8386481,78.7733286
UTTAR PRADESH,Total,Moradabad,On foot,134708,115780,18928,0,0,0,69090,58454,10636,35030,30991,4039,30588,26335,4253,0,0,0,0,0,0,0,0,0,0,0,0,0,0,0,28.8386481,78.7733286
UTTAR PRADESH,Total,Moradabad,Bicycle,112452,109773,2679,0,0,0,14468,13954,514,53751,52520,1231,21324,20963,361,7761,7632,129,15148,14704,444,0,0,0,0,0,0,0,0,0,28.8386481,78.7733286
UTTAR PRADESH,Total,Moradabad,Moped/Scooter/Motor Cycle,49150,46757,2393,0,0,0,6997,6622,375,20827,19786,1041,8454,8060,394,4290,4126,164,1780,1715,65,1320,1274,46,613,592,21,4869,4582,287,28.8386481,78.7733286
UTTAR PRADESH,Total,Moradabad,Car/Jeep/Van,5072,4475,597,0,0,0,553,482,71,1593,1370,223,787,689,98,554,489,65,376,343,33,310,289,21,278,259,19,621,554,67,28.8386481,78.7733286
UTTAR PRADESH,Total,Moradabad,Tempo/Autorickshaw/Taxi,19712,16535,3177,0,0,0,1421,1068,353,6417,4808,1609,4644,4046,598,3751,3507,244,959,894,65,414,365,49,207,186,21,1899,1661,238,28.8386481,78.7733286
UTTAR PRADESH,Total,Moradabad,Bus,30586,28082,2504,0,0,0,1386,1219,167,3182,2734,448,4374,3962,412,7683,7186,497,4783,4439,344,3247,3019,228,2805,2655,150,3126,2868,258,28.8386481,78.7733286
UTTAR PRADESH,Total,Moradabad,Train,14127,13431,696,0,0,0,988,905,83,1035,983,52,768,742,26,1443,1401,42,1941,1879,62,1554,1479,75,3916,3707,209,2482,2335,147,28.8386481,78.7733286
UTTAR PRADESH,Total,Moradabad,Water transport,231,208,23,0,0,0,44,34,10,41,38,3,36,35,1,17,16,1,15,15,0,9,9,0,24,24,0,45,37,8,28.8386481,78.7733286
UTTAR PRADESH,Total,Moradabad,Any other,6691,6101,590,0,0,0,1061,887,174,2304,2068,236,1372,1293,79,513,488,25,194,187,7,216,210,6,385,374,11,646,594,52,28.8386481,78.7733286
UTTAR PRADESH,Total,Moradabad,No travel,249327,182562,66765,249327,182562,66765,0,0,0,0,0,0,0,0,0,0,0,0,0,0,0,0,0,0,0,0,0,0,0,0,28.8386481,78.7733286
UTTAR PRADESH,Rural,Moradabad,All Modes,241556,189412,52144,117123,75406,41717,21770,16986,4784,30341,28505,1836,27734,25234,2500,17888,17493,395,12909,12546,363,3706,3568,138,4340,4207,133,5745,5467,278,28.8386481,78.7733286
UTTAR PRADESH,Rural,Moradabad,On foot,31630,24278,7352,0,0,0,15058,10762,4296,8008,6943,1065,8564,6573,1991,0,0,0,0,0,0,0,0,0,0,0,0,0,0,0,28.8386481,78.7733286
UTTAR PRADESH,Rural,Moradabad,Bicycle,42231,41315,916,0,0,0,3650,3489,161,15040,14729,311,11343,11161,182,5900,5825,75,6298,6111,187,0,0,0,0,0,0,0,0,0,28.8386481,78.7733286
UTTAR PRADESH,Rural,Moradabad,Moped/Scooter/Motor Cycle,10926,10426,500,0,0,0,921,828,93,2560,2415,145,2213,2143,70,2297,2243,54,939,909,30,609,580,29,267,260,7,1120,1048,72,28.8386481,78.7733286
UTTAR PRADESH,Rural,Moradabad,Car/Jeep/Van,1239,1134,105,0,0,0,94,79,15,229,211,18,186,164,22,228,215,13,183,173,10,88,84,4,103,93,10,128,115,13,28.8386481,78.7733286
UTTAR PRADESH,Rural,Moradabad,Tempo/Autorickshaw/Taxi,8482,8087,395,0,0,0,449,409,40,1316,1212,104,1753,1660,93,2837,2769,68,748,730,18,278,261,17,111,107,4,990,939,51,28.8386481,78.7733286
UTTAR PRADESH,Rural,Moradabad,Bus,18817,18061,756,0,0,0,817,738,79,1977,1835,142,2498,2383,115,5169,5015,154,3045,2964,81,1809,1743,66,1641,1594,47,1861,1789,72,28.8386481,78.7733286
UTTAR PRADESH,Rural,Moradabad,Train,8472,8202,270,0,0,0,493,447,46,532,511,21,550,536,14,1192,1171,21,1578,1544,34,789,768,21,1970,1910,60,1368,1315,53,28.8386481,78.7733286
UTTAR PRADESH,Rural,Moradabad,Water transport,94,81,13,0,0,0,14,8,6,11,10,1,15,15,0,10,10,0,7,7,0,3,3,0,14,14,0,20,14,6,28.8386481,78.7733286
UTTAR PRADESH,Rural,Moradabad,Any other,2542,2422,120,0,0,0,274,226,48,668,639,29,612,599,13,255,245,10,111,108,3,130,129,1,234,229,5,258,247,11,28.8386481,78.7733286
UTTAR PRADESH,Rural,Moradabad,No travel,117123,75406,41717,117123,75406,41717,0,0,0,0,0,0,0,0,0,0,0,0,0,0,0,0,0,0,0,0,0,0,0,0,28.8386481,78.7733286
UTTAR PRADESH,Urban,Moradabad,All Modes,380500,334292,46208,132204,107156,25048,74238,66639,7599,93839,86793,7046,44613,40891,3722,8124,7352,772,12287,11630,657,3364,3077,287,3888,3590,298,7943,7164,779,28.8386481,78.7733286
UTTAR PRADESH,Urban,Moradabad,On foot,103078,91502,11576,0,0,0,54032,47692,6340,27022,24048,2974,22024,19762,2262,0,0,0,0,0,0,0,0,0,0,0,0,0,0,0,28.8386481,78.7733286
UTTAR PRADESH,Urban,Moradabad,Bicycle,70221,68458,1763,0,0,0,10818,10465,353,38711,37791,920,9981,9802,179,1861,1807,54,8850,8593,257,0,0,0,0,0,0,0,0,0,28.8386481,78.7733286
UTTAR PRADESH,Urban,Moradabad,Moped/Scooter/Motor Cycle,38224,36331,1893,0,0,0,6076,5794,282,18267,17371,896,6241,5917,324,1993,1883,110,841,806,35,711,694,17,346,332,14,3749,3534,215,28.8386481,78.7733286
UTTAR PRADESH,Urban,Moradabad,Car/Jeep/Van,3833,3341,492,0,0,0,459,403,56,1364,1159,205,601,525,76,326,274,52,193,170,23,222,205,17,175,166,9,493,439,54,28.8386481,78.7733286
UTTAR PRADESH,Urban,Moradabad,Tempo/Autorickshaw/Taxi,11230,8448,2782,0,0,0,972,659,313,5101,3596,1505,2891,2386,505,914,738,176,211,164,47,136,104,32,96,79,17,909,722,187,28.8386481,78.7733286
UTTAR PRADESH,Urban,Moradabad,Bus,11769,10021,1748,0,0,0,569,481,88,1205,899,306,1876,1579,297,2514,2171,343,1738,1475,263,1438,1276,162,1164,1061,103,1265,1079,186,28.8386481,78.7733286
UTTAR PRADESH,Urban,Moradabad,Train,5655,5229,426,0,0,0,495,458,37,503,472,31,218,206,12,251,230,21,363,335,28,765,711,54,1946,1797,149,1114,1020,94,28.8386481,78.7733286
UTTAR PRADESH,Urban,Moradabad,Water transport,137,127,10,0,0,0,30,26,4,30,28,2,21,20,1,7,6,1,8,8,0,6,6,0,10,10,0,25,23,2,28.8386481,78.7733286
UTTAR PRADESH,Urban,Moradabad,Any other,4149,3679,470,0,0,0,787,661,126,1636,1429,207,760,694,66,258,243,15,83,79,4,86,81,5,151,145,6,388,347,41,28.8386481,78.7733286
UTTAR PRADESH,Urban,Moradabad,No travel,132204,107156,25048,132204,107156,25048,0,0,0,0,0,0,0,0,0,0,0,0,0,0,0,0,0,0,0,0,0,0,0,0,28.8386481,78.7733286
MADHYA PRADESH,Total,Bhind,All Modes,121479,102990,18489,53394,41078,12316,21345,18606,2739,22667,21088,1579,10628,9610,1018,4549,4240,309,3121,2910,211,1630,1514,116,2963,2847,116,1182,1097,85,26.5587354,78.7872876
MADHYA PRADESH,Total,Bhind,On foot,30299,26208,4091,0,0,0,17128,14608,2520,8588,7684,904,4583,3916,667,0,0,0,0,0,0,0,0,0,0,0,0,0,0,0,26.5587354,78.7872876
MADHYA PRADESH,Total,Bhind,Bicycle,18311,17793,518,0,0,0,2413,2309,104,9336,9111,225,3578,3494,84,1370,1340,30,1614,1539,75,0,0,0,0,0,0,0,0,0,26.5587354,78.7872876
MADHYA PRADESH,Total,Bhind,Moped/Scooter/Motor Cycle,8933,8428,505,0,0,0,1150,1093,57,3234,3046,188,1475,1370,105,1366,1292,74,534,508,26,440,423,17,304,288,16,430,408,22,26.5587354,78.7872876
MADHYA PRADESH,Total,Bhind,Car/Jeep/Van,855,727,128,0,0,0,94,83,11,179,144,35,97,74,23,160,138,22,83,67,16,79,74,5,113,106,7,50,41,9,26.5587354,78.7872876
MADHYA PRADESH,Total,Bhind,Tempo/Autorickshaw/Taxi,797,603,194,0,0,0,77,58,19,379,253,126,126,101,25,111,101,10,18,14,4,23,20,3,27,25,2,36,31,5,26.5587354,78.7872876
MADHYA PRADESH,Total,Bhind,Bus,6149,5505,644,0,0,0,219,200,19,416,337,79,555,452,103,1426,1261,165,806,717,89,994,904,90,1445,1374,71,288,260,28,26.5587354,78.7872876
MADHYA PRADESH,Total,Bhind,Train,2169,2100,69,0,0,0,176,170,6,345,332,13,138,130,8,77,73,4,44,44,0,67,66,1,1002,982,20,320,303,17,26.5587354,78.7872876
MADHYA PRADESH,Total,Bhind,Water transport,35,31,4,0,0,0,8,6,2,1,1,0,3,3,0,5,5,0,2,2,0,0,0,0,8,8,0,8,6,2,26.5587354,78.7872876
MADHYA PRADESH,Total,Bhind,Any other,537,517,20,0,0,0,80,79,1,189,180,9,73,70,3,34,30,4,20,19,1,27,27,0,64,64,0,50,48,2,26.5587354,78.7872876
MADHYA PRADESH,Total,Bhind,No travel,53394,41078,12316,53394,41078,12316,0,0,0,0,0,0,0,0,0,0,0,0,0,0,0,0,0,0,0,0,0,0,0,0,26.5587354,78.7872876
MADHYA PRADESH,Rural,Bhind,All Modes,48208,36869,11339,26029,17409,8620,4881,3432,1449,5887,5369,518,4561,4098,463,2387,2296,91,1478,1393,85,787,756,31,1703,1654,49,495,462,33,26.5587354,78.7872876
MADHYA PRADESH,Rural,Bhind,On foot,7483,5406,2077,0,0,0,4102,2723,1379,1877,1522,355,1504,1161,343,0,0,0,0,0,0,0,0,0,0,0,0,0,0,0,26.5587354,78.7872876
MADHYA PRADESH,Rural,Bhind,Bicycle,7030,6820,210,0,0,0,443,403,40,2938,2869,69,1987,1942,45,929,911,18,733,695,38,0,0,0,0,0,0,0,0,0,26.5587354,78.7872876
MADHYA PRADESH,Rural,Bhind,Moped/Scooter/Motor Cycle,2742,2596,146,0,0,0,117,105,12,664,621,43,583,551,32,652,624,28,259,248,11,226,219,7,136,131,5,105,97,8,26.5587354,78.7872876
MADHYA PRADESH,Rural,Bhind,Car/Jeep/Van,309,274,35,0,0,0,23,21,2,46,38,8,41,35,6,66,60,6,37,32,5,26,26,0,51,48,3,19,14,5,26.5587354,78.7872876
MADHYA PRADESH,Rural,Bhind,Tempo/Autorickshaw/Taxi,235,203,32,0,0,0,15,13,2,61,50,11,45,36,9,68,65,3,12,9,3,10,8,2,12,12,0,12,10,2,26.5587354,78.7872876
MADHYA PRADESH,Rural,Bhind,Bus,2979,2803,176,0,0,0,96,87,9,177,151,26,322,295,27,606,573,33,394,367,27,464,442,22,778,753,25,142,135,7,26.5587354,78.7872876
MADHYA PRADESH,Rural,Bhind,Train,1200,1168,32,0,0,0,66,64,2,88,85,3,50,49,1,44,42,2,27,27,0,43,43,0,692,676,16,190,182,8,26.5587354,78.7872876
MADHYA PRADESH,Rural,Bhind,Water transport,16,13,3,0,0,0,5,3,2,0,0,0,1,1,0,3,3,0,0,0,0,0,0,0,5,5,0,2,1,1,26.5587354,78.7872876
MADHYA PRADESH,Rural,Bhind,Any other,185,177,8,0,0,0,14,13,1,36,33,3,28,28,0,19,18,1,16,15,1,18,18,0,29,29,0,25,23,2,26.5587354,78.7872876
MADHYA PRADESH,Rural,Bhind,No travel,26029,17409,8620,26029,17409,8620,0,0,0,0,0,0,0,0,0,0,0,0,0,0,0,0,0,0,0,0,0,0,0,0,26.5587354,78.7872876
MADHYA PRADESH,Urban,Bhind,All Modes,73271,66121,7150,27365,23669,3696,16464,15174,1290,16780,15719,1061,6067,5512,555,2162,1944,218,1643,1517,126,843,758,85,1260,1193,67,687,635,52,26.5587354,78.7872876
MADHYA PRADESH,Urban,Bhind,On foot,22816,20802,2014,0,0,0,13026,11885,1141,6711,6162,549,3079,2755,324,0,0,0,0,0,0,0,0,0,0,0,0,0,0,0,26.5587354,78.7872876
MADHYA PRADESH,Urban,Bhind,Bicycle,11281,10973,308,0,0,0,1970,1906,64,6398,6242,156,1591,1552,39,441,429,12,881,844,37,0,0,0,0,0,0,0,0,0,26.5587354,78.7872876
MADHYA PRADESH,Urban,Bhind,Moped/Scooter/Motor Cycle,6191,5832,359,0,0,0,1033,988,45,2570,2425,145,892,819,73,714,668,46,275,260,15,214,204,10,168,157,11,325,311,14,26.5587354,78.7872876
MADHYA PRADESH,Urban,Bhind,Car/Jeep/Van,546,453,93,0,0,0,71,62,9,133,106,27,56,39,17,94,78,16,46,35,11,53,48,5,62,58,4,31,27,4,26.5587354,78.7872876
MADHYA PRADESH,Urban,Bhind,Tempo/Autorickshaw/Taxi,562,400,162,0,0,0,62,45,17,318,203,115,81,65,16,43,36,7,6,5,1,13,12,1,15,13,2,24,21,3,26.5587354,78.7872876
MADHYA PRADESH,Urban,Bhind,Bus,3170,2702,468,0,0,0,123,113,10,239,186,53,233,157,76,820,688,132,412,350,62,530,462,68,667,621,46,146,125,21,26.5587354,78.7872876
MADHYA PRADESH,Urban,Bhind,Train,969,932,37,0,0,0,110,106,4,257,247,10,88,81,7,33,31,2,17,17,0,24,23,1,310,306,4,130,121,9,26.5587354,78.7872876
MADHYA PRADESH,Urban,Bhind,Water transport,19,18,1,0,0,0,3,3,0,1,1,0,2,2,0,2,2,0,2,2,0,0,0,0,3,3,0,6,5,1,26.5587354,78.7872876
MADHYA PRADESH,Urban,Bhind,Any other,352,340,12,0,0,0,66,66,0,153,147,6,45,42,3,15,12,3,4,4,0,9,9,0,35,35,0,25,25,0,26.5587354,78.7872876
MADHYA PRADESH,Urban,Bhind,No travel,27365,23669,3696,27365,23669,3696,0,0,0,0,0,0,0,0,0,0,0,0,0,0,0,0,0,0,0,0,0,0,0,0,26.5587354,78.7872876
UTTAR PRADESH,Total,Kanshiram Nagar,All Modes,114091,87845,26246,54460,34425,20035,22364,18707,3657,18044,16826,1218,10137,9289,848,3258,3056,202,1980,1894,86,1002,945,57,2171,2093,78,675,610,65,27.7951547,78.792953
UTTAR PRADESH,Total,Kanshiram Nagar,On foot,28334,23761,4573,0,0,0,18357,14964,3393,6207,5533,674,3770,3264,506,0,0,0,0,0,0,0,0,0,0,0,0,0,0,0,27.7951547,78.792953
UTTAR PRADESH,Total,Kanshiram Nagar,Bicycle,16428,16032,396,0,0,0,2303,2222,81,8136,7949,187,3741,3667,74,1205,1181,24,1043,1013,30,0,0,0,0,0,0,0,0,0,27.7951547,78.792953
UTTAR PRADESH,Total,Kanshiram Nagar,Moped/Scooter/Motor Cycle,5906,5542,364,0,0,0,1023,955,68,2064,1920,144,1156,1090,66,776,735,41,287,275,12,193,185,8,139,136,3,268,246,22,27.7951547,78.792953
UTTAR PRADESH,Total,Kanshiram Nagar,Car/Jeep/Van,627,541,86,0,0,0,80,63,17,118,100,18,125,100,25,101,89,12,40,37,3,38,37,1,79,74,5,46,41,5,27.7951547,78.792953
UTTAR PRADESH,Total,Kanshiram Nagar,Tempo/Autorickshaw/Taxi,1204,1037,167,0,0,0,109,82,27,485,414,71,267,229,38,181,165,16,42,39,3,50,47,3,34,32,2,36,29,7,27.7951547,78.792953
UTTAR PRADESH,Total,Kanshiram Nagar,Bus,4079,3623,456,0,0,0,178,141,37,477,382,95,699,581,118,728,634,94,393,362,31,469,441,28,980,943,37,155,139,16,27.7951547,78.792953
UTTAR PRADESH,Total,Kanshiram Nagar,Train,2211,2094,117,0,0,0,160,140,20,234,222,12,191,182,9,199,186,13,158,151,7,232,218,14,906,877,29,131,118,13,27.7951547,78.792953
UTTAR PRADESH,Total,Kanshiram Nagar,Water transport,23,20,3,0,0,0,7,7,0,1,1,0,7,6,1,2,2,0,0,0,0,0,0,0,3,2,1,3,2,1,27.7951547,78.792953
UTTAR PRADESH,Total,Kanshiram Nagar,Any other,819,770,49,0,0,0,147,133,14,322,305,17,181,170,11,66,64,2,17,17,0,20,17,3,30,29,1,36,35,1,27.7951547,78.792953
UTTAR PRADESH,Total,Kanshiram Nagar,No travel,54460,34425,20035,54460,34425,20035,0,0,0,0,0,0,0,0,0,0,0,0,0,0,0,0,0,0,0,0,0,0,0,0,27.7951547,78.792953
UTTAR PRADESH,Rural,Kanshiram Nagar,All Modes,59342,39112,20230,31005,14894,16111,8148,5468,2680,9183,8474,709,5640,5143,497,2138,2037,101,1122,1074,48,537,519,18,1323,1284,39,246,219,27,27.7951547,78.792953
UTTAR PRADESH,Rural,Kanshiram Nagar,On foot,10893,7561,3332,0,0,0,6832,4282,2550,2628,2200,428,1433,1079,354,0,0,0,0,0,0,0,0,0,0,0,0,0,0,0,27.7951547,78.792953
UTTAR PRADESH,Rural,Kanshiram Nagar,Bicycle,10161,9888,273,0,0,0,854,805,49,4921,4792,129,2846,2789,57,936,917,19,604,585,19,0,0,0,0,0,0,0,0,0,27.7951547,78.792953
UTTAR PRADESH,Rural,Kanshiram Nagar,Moped/Scooter/Motor Cycle,2368,2201,167,0,0,0,222,191,31,726,664,62,565,537,28,411,390,21,175,169,6,110,105,5,73,70,3,86,75,11,27.7951547,78.792953
UTTAR PRADESH,Rural,Kanshiram Nagar,Car/Jeep/Van,304,266,38,0,0,0,32,22,10,53,45,8,83,73,10,52,47,5,22,20,2,15,15,0,33,32,1,14,12,2,27.7951547,78.792953
UTTAR PRADESH,Rural,Kanshiram Nagar,Tempo/Autorickshaw/Taxi,655,581,74,0,0,0,27,17,10,273,240,33,140,126,14,117,107,10,35,33,2,30,29,1,19,18,1,14,11,3,27.7951547,78.792953
UTTAR PRADESH,Rural,Kanshiram Nagar,Bus,2251,2092,159,0,0,0,76,61,15,250,218,32,312,289,23,450,408,42,198,182,16,263,258,5,637,616,21,65,60,5,27.7951547,78.792953
UTTAR PRADESH,Rural,Kanshiram Nagar,Train,1181,1135,46,0,0,0,53,44,9,126,122,4,116,112,4,118,114,4,73,70,3,101,97,4,548,536,12,46,40,6,27.7951547,78.792953
UTTAR PRADESH,Rural,Kanshiram Nagar,Water transport,8,7,1,0,0,0,3,3,0,0,0,0,2,2,0,2,2,0,0,0,0,0,0,0,1,0,1,0,0,0,27.7951547,78.792953
UTTAR PRADESH,Rural,Kanshiram Nagar,Any other,516,487,29,0,0,0,49,43,6,206,193,13,143,136,7,52,52,0,15,15,0,18,15,3,12,12,0,21,21,0,27.7951547,78.792953
UTTAR PRADESH,Rural,Kanshiram Nagar,No travel,31005,14894,16111,31005,14894,16111,0,0,0,0,0,0,0,0,0,0,0,0,0,0,0,0,0,0,0,0,0,0,0,0,27.7951547,78.792953
UTTAR PRADESH,Urban,Kanshiram Nagar,All Modes,54749,48733,6016,23455,19531,3924,14216,13239,977,8861,8352,509,4497,4146,351,1120,1019,101,858,820,38,465,426,39,848,809,39,429,391,38,27.7951547,78.792953
UTTAR PRADESH,Urban,Kanshiram Nagar,On foot,17441,16200,1241,0,0,0,11525,10682,843,3579,3333,246,2337,2185,152,0,0,0,0,0,0,0,0,0,0,0,0,0,0,0,27.7951547,78.792953
UTTAR PRADESH,Urban,Kanshiram Nagar,Bicycle,6267,6144,123,0,0,0,1449,1417,32,3215,3157,58,895,878,17,269,264,5,439,428,11,0,0,0,0,0,0,0,0,0,27.7951547,78.792953
UTTAR PRADESH,Urban,Kanshiram Nagar,Moped/Scooter/Motor Cycle,3538,3341,197,0,0,0,801,764,37,1338,1256,82,591,553,38,365,345,20,112,106,6,83,80,3,66,66,0,182,171,11,27.7951547,78.792953
UTTAR PRADESH,Urban,Kanshiram Nagar,Car/Jeep/Van,323,275,48,0,0,0,48,41,7,65,55,10,42,27,15,49,42,7,18,17,1,23,22,1,46,42,4,32,29,3,27.7951547,78.792953
UTTAR PRADESH,Urban,Kanshiram Nagar,Tempo/Autorickshaw/Taxi,549,456,93,0,0,0,82,65,17,212,174,38,127,103,24,64,58,6,7,6,1,20,18,2,15,14,1,22,18,4,27.7951547,78.792953
UTTAR PRADESH,Urban,Kanshiram Nagar,Bus,1828,1531,297,0,0,0,102,80,22,227,164,63,387,292,95,278,226,52,195,180,15,206,183,23,343,327,16,90,79,11,27.7951547,78.792953
UTTAR PRADESH,Urban,Kanshiram Nagar,Train,1030,959,71,0,0,0,107,96,11,108,100,8,75,70,5,81,72,9,85,81,4,131,121,10,358,341,17,85,78,7,27.7951547,78.792953
UTTAR PRADESH,Urban,Kanshiram Nagar,Water transport,15,13,2,0,0,0,4,4,0,1,1,0,5,4,1,0,0,0,0,0,0,0,0,0,2,2,0,3,2,1,27.7951547,78.792953
UTTAR PRADESH,Urban,Kanshiram Nagar,Any other,303,283,20,0,0,0,98,90,8,116,112,4,38,34,4,14,12,2,2,2,0,2,2,0,18,17,1,15,14,1,27.7951547,78.792953
UTTAR PRADESH,Urban,Kanshiram Nagar,No travel,23455,19531,3924,23455,19531,3924,0,0,0,0,0,0,0,0,0,0,0,0,0,0,0,0,0,0,0,0,0,0,0,0,27.7951547,78.792953
TAMIL NADU,Total,Pudukkottai,All Modes,233333,180311,53022,50262,33469,16793,38639,28523,10116,59819,46285,13534,31211,25553,5658,20161,16932,3229,13113,11335,1778,8955,7978,977,9501,8753,748,1672,1483,189,10.379663,78.8208454
TAMIL NADU,Total,Pudukkottai,On foot,40683,22959,17724,0,0,0,22899,14074,8825,13575,6243,7332,4209,2642,1567,0,0,0,0,0,0,0,0,0,0,0,0,0,0,0,10.379663,78.8208454
TAMIL NADU,Total,Pudukkottai,Bicycle,36253,33695,2558,0,0,0,7280,6863,417,20143,18499,1644,5700,5379,321,1492,1425,67,1638,1529,109,0,0,0,0,0,0,0,0,0,10.379663,78.8208454
TAMIL NADU,Total,Pudukkottai,Moped/Scooter/Motor Cycle,37919,35413,2506,0,0,0,6521,6095,426,16549,15206,1343,7471,7038,433,4099,3917,182,1467,1424,43,803,784,19,340,324,16,669,625,44,10.379663,78.8208454
TAMIL NADU,Total,Pudukkottai,Car/Jeep/Van,3525,2741,784,0,0,0,361,310,51,991,650,341,581,427,154,483,360,123,344,301,43,340,322,18,285,257,28,140,114,26,10.379663,78.8208454
TAMIL NADU,Total,Pudukkottai,Tempo/Autorickshaw/Taxi,1863,1628,235,0,0,0,232,206,26,520,409,111,313,276,37,241,212,29,177,157,20,159,155,4,134,132,2,87,81,6,10.379663,78.8208454
TAMIL NADU,Total,Pudukkottai,Bus,59462,47292,12170,0,0,0,1054,730,324,7550,4825,2725,12387,9282,3105,13366,10573,2793,9002,7460,1542,7398,6480,918,8146,7489,657,559,453,106,10.379663,78.8208454
TAMIL NADU,Total,Pudukkottai,Train,958,835,123,0,0,0,42,35,7,92,74,18,84,62,22,91,75,16,99,91,8,103,89,14,418,380,38,29,29,0,10.379663,78.8208454
TAMIL NADU,Total,Pudukkottai,Water transport,1460,1428,32,0,0,0,122,116,6,233,230,3,333,328,5,309,298,11,326,321,5,79,79,0,28,27,1,30,29,1,10.379663,78.8208454
TAMIL NADU,Total,Pudukkottai,Any other,948,851,97,0,0,0,128,94,34,166,149,17,133,119,14,80,72,8,60,52,8,73,69,4,150,144,6,158,152,6,10.379663,78.8208454
TAMIL NADU,Total,Pudukkottai,No travel,50262,33469,16793,50262,33469,16793,0,0,0,0,0,0,0,0,0,0,0,0,0,0,0,0,0,0,0,0,0,0,0,0,10.379663,78.8208454
TAMIL NADU,Rural,Pudukkottai,All Modes,138527,104506,34021,33746,22258,11488,19261,13145,6116,29889,21482,8407,21765,17935,3830,14396,12391,2005,8666,7570,1096,5506,4898,608,4579,4200,379,719,627,92,10.379663,78.8208454
TAMIL NADU,Rural,Pudukkottai,On foot,25317,13683,11634,0,0,0,13839,8319,5520,8853,3825,5028,2625,1539,1086,0,0,0,0,0,0,0,0,0,0,0,0,0,0,0,10.379663,78.8208454
TAMIL NADU,Rural,Pudukkottai,Bicycle,17509,15912,1597,0,0,0,2516,2300,216,9361,8330,1031,3753,3524,229,1033,980,53,846,778,68,0,0,0,0,0,0,0,0,0,10.379663,78.8208454
TAMIL NADU,Rural,Pudukkottai,Moped/Scooter/Motor Cycle,17483,16439,1044,0,0,0,1861,1739,122,6096,5605,491,4881,4624,257,2856,2747,109,955,923,32,471,460,11,148,141,7,215,200,15,10.379663,78.8208454
TAMIL NADU,Rural,Pudukkottai,Car/Jeep/Van,1749,1280,469,0,0,0,112,89,23,391,218,173,339,219,120,311,220,91,215,183,32,200,187,13,132,126,6,49,38,11,10.379663,78.8208454
TAMIL NADU,Rural,Pudukkottai,Tempo/Autorickshaw/Taxi,862,776,86,0,0,0,66,62,4,184,160,24,178,160,18,147,131,16,130,111,19,76,73,3,57,56,1,24,23,1,10.379663,78.8208454
TAMIL NADU,Rural,Pudukkottai,Bus,40062,32508,7554,0,0,0,704,489,215,4707,3073,1634,9561,7473,2088,9882,8166,1716,6363,5433,930,4548,3982,566,3964,3620,344,333,272,61,10.379663,78.8208454
TAMIL NADU,Rural,Pudukkottai,Train,554,471,83,0,0,0,21,16,5,56,43,13,68,50,18,71,57,14,81,75,6,81,69,12,164,149,15,12,12,0,10.379663,78.8208454
TAMIL NADU,Rural,Pudukkottai,Water transport,686,670,16,0,0,0,109,104,5,151,148,3,266,262,4,33,32,1,25,24,1,74,74,0,24,23,1,4,3,1,10.379663,78.8208454
TAMIL NADU,Rural,Pudukkottai,Any other,559,509,50,0,0,0,33,27,6,90,80,10,94,84,10,63,58,5,51,43,8,56,53,3,90,85,5,82,79,3,10.379663,78.8208454
TAMIL NADU,Rural,Pudukkottai,No travel,33746,22258,11488,33746,22258,11488,0,0,0,0,0,0,0,0,0,0,0,0,0,0,0,0,0,0,0,0,0,0,0,0,10.379663,78.8208454
TAMIL NADU,Urban,Pudukkottai,All Modes,94806,75805,19001,16516,11211,5305,19378,15378,4000,29930,24803,5127,9446,7618,1828,5765,4541,1224,4447,3765,682,3449,3080,369,4922,4553,369,953,856,97,10.379663,78.8208454
TAMIL NADU,Urban,Pudukkottai,On foot,15366,9276,6090,0,0,0,9060,5755,3305,4722,2418,2304,1584,1103,481,0,0,0,0,0,0,0,0,0,0,0,0,0,0,0,10.379663,78.8208454
TAMIL NADU,Urban,Pudukkottai,Bicycle,18744,17783,961,0,0,0,4764,4563,201,10782,10169,613,1947,1855,92,459,445,14,792,751,41,0,0,0,0,0,0,0,0,0,10.379663,78.8208454
TAMIL NADU,Urban,Pudukkottai,Moped/Scooter/Motor Cycle,20436,18974,1462,0,0,0,4660,4356,304,10453,9601,852,2590,2414,176,1243,1170,73,512,501,11,332,324,8,192,183,9,454,425,29,10.379663,78.8208454
TAMIL NADU,Urban,Pudukkottai,Car/Jeep/Van,1776,1461,315,0,0,0,249,221,28,600,432,168,242,208,34,172,140,32,129,118,11,140,135,5,153,131,22,91,76,15,10.379663,78.8208454
TAMIL NADU,Urban,Pudukkottai,Tempo/Autorickshaw/Taxi,1001,852,149,0,0,0,166,144,22,336,249,87,135,116,19,94,81,13,47,46,1,83,82,1,77,76,1,63,58,5,10.379663,78.8208454
TAMIL NADU,Urban,Pudukkottai,Bus,19400,14784,4616,0,0,0,350,241,109,2843,1752,1091,2826,1809,1017,3484,2407,1077,2639,2027,612,2850,2498,352,4182,3869,313,226,181,45,10.379663,78.8208454
TAMIL NADU,Urban,Pudukkottai,Train,404,364,40,0,0,0,21,19,2,36,31,5,16,12,4,20,18,2,18,16,2,22,20,2,254,231,23,17,17,0,10.379663,78.8208454
TAMIL NADU,Urban,Pudukkottai,Water transport,774,758,16,0,0,0,13,12,1,82,82,0,67,66,1,276,266,10,301,297,4,5,5,0,4,4,0,26,26,0,10.379663,78.8208454
TAMIL NADU,Urban,Pudukkottai,Any other,389,342,47,0,0,0,95,67,28,76,69,7,39,35,4,17,14,3,9,9,0,17,16,1,60,59,1,76,73,3,10.379663,78.8208454
TAMIL NADU,Urban,Pudukkottai,No travel,16516,11211,5305,16516,11211,5305,0,0,0,0,0,0,0,0,0,0,0,0,0,0,0,0,0,0,0,0,0,0,0,0,10.379663,78.8208454
ANDHRA PRADESH,Total,Y.S.R.,All Modes,478518,370236,108282,184302,127277,57025,77801,60284,17517,114012,94450,19562,46979,39475,7504,20784,18161,2623,10845,9436,1409,8256,7231,1025,12232,10951,1281,3307,2971,336,14.4673154,78.8242089
ANDHRA PRADESH,Total,Y.S.R.,On foot,117193,85577,31616,0,0,0,59400,43385,16015,44295,32010,12285,13498,10182,3316,0,0,0,0,0,0,0,0,0,0,0,0,0,0,0,14.4673154,78.8242089
ANDHRA PRADESH,Total,Y.S.R.,Bicycle,40760,39302,1458,0,0,0,7104,6850,254,26207,25312,895,4731,4561,170,786,751,35,1932,1828,104,0,0,0,0,0,0,0,0,0,14.4673154,78.8242089
ANDHRA PRADESH,Total,Y.S.R.,Moped/Scooter/Motor Cycle,43350,41571,1779,0,0,0,7436,7132,304,22197,21240,957,6978,6687,291,3330,3232,98,1016,989,27,710,679,31,474,455,19,1209,1157,52,14.4673154,78.8242089
ANDHRA PRADESH,Total,Y.S.R.,Car/Jeep/Van,5637,5038,599,0,0,0,540,470,70,1304,1103,201,914,761,153,657,588,69,381,356,25,655,629,26,912,879,33,274,252,22,14.4673154,78.8242089
ANDHRA PRADESH,Total,Y.S.R.,Tempo/Autorickshaw/Taxi,28491,22631,5860,0,0,0,1399,1007,392,11887,8567,3320,9670,8061,1609,3106,2831,275,741,660,81,596,546,50,554,499,55,538,460,78,14.4673154,78.8242089
ANDHRA PRADESH,Total,Y.S.R.,Bus,49854,41389,8465,0,0,0,1069,800,269,5267,4101,1166,10091,8285,1806,12345,10281,2064,6518,5367,1151,5859,4977,882,7962,6954,1008,743,624,119,14.4673154,78.8242089
ANDHRA PRADESH,Total,Y.S.R.,Train,3387,3030,357,0,0,0,251,210,41,573,511,62,213,189,24,183,156,27,116,108,8,196,180,16,1639,1487,152,216,189,27,14.4673154,78.8242089
ANDHRA PRADESH,Total,Y.S.R.,Water transport,263,221,42,0,0,0,31,21,10,108,98,10,28,21,7,18,13,5,9,9,0,15,13,2,34,29,5,20,17,3,14.4673154,78.8242089
ANDHRA PRADESH,Total,Y.S.R.,Any other,5281,4200,1081,0,0,0,571,409,162,2174,1508,666,856,728,128,359,309,50,132,119,13,225,207,18,657,648,9,307,272,35,14.4673154,78.8242089
ANDHRA PRADESH,Total,Y.S.R.,No travel,184302,127277,57025,184302,127277,57025,0,0,0,0,0,0,0,0,0,0,0,0,0,0,0,0,0,0,0,0,0,0,0,0,14.4673154,78.8242089
ANDHRA PRADESH,Rural,Y.S.R.,All Modes,201482,148858,52624,92399,61292,31107,25237,18168,7069,31126,23483,7643,21905,18241,3664,12668,11431,1237,5996,5325,671,4710,4217,493,6425,5801,624,1016,900,116,14.4673154,78.8242089
ANDHRA PRADESH,Rural,Y.S.R.,On foot,43796,29960,13836,0,0,0,21693,15055,6638,15520,10156,5364,6583,4749,1834,0,0,0,0,0,0,0,0,0,0,0,0,0,0,0,14.4673154,78.8242089
ANDHRA PRADESH,Rural,Y.S.R.,Bicycle,6780,6473,307,0,0,0,978,940,38,3701,3530,171,1265,1222,43,340,326,14,496,455,41,0,0,0,0,0,0,0,0,0,14.4673154,78.8242089
ANDHRA PRADESH,Rural,Y.S.R.,Moped/Scooter/Motor Cycle,9202,8832,370,0,0,0,1198,1148,50,3240,3082,158,2001,1931,70,1540,1499,41,534,519,15,324,304,20,179,169,10,186,180,6,14.4673154,78.8242089
ANDHRA PRADESH,Rural,Y.S.R.,Car/Jeep/Van,2397,2094,303,0,0,0,127,110,17,383,292,91,400,322,78,416,365,51,250,233,17,366,350,16,393,371,22,62,51,11,14.4673154,78.8242089
ANDHRA PRADESH,Rural,Y.S.R.,Tempo/Autorickshaw/Taxi,12973,11048,1925,0,0,0,359,288,71,4361,3349,1012,4684,4095,589,2235,2083,152,543,489,54,357,343,14,254,241,13,180,160,20,14.4673154,78.8242089
ANDHRA PRADESH,Rural,Y.S.R.,Bus,29624,25595,4029,0,0,0,517,394,123,2867,2317,550,6345,5390,955,7759,6833,926,4010,3480,530,3428,3015,413,4331,3842,489,367,324,43,14.4673154,78.8242089
ANDHRA PRADESH,Rural,Y.S.R.,Train,1638,1466,172,0,0,0,86,67,19,115,100,15,101,93,8,113,101,12,70,66,4,106,92,14,934,850,84,113,97,16,14.4673154,78.8242089
ANDHRA PRADESH,Rural,Y.S.R.,Water transport,164,141,23,0,0,0,12,7,5,83,75,8,15,10,5,9,8,1,6,6,0,3,3,0,23,21,2,13,11,2,14.4673154,78.8242089
ANDHRA PRADESH,Rural,Y.S.R.,Any other,2509,1957,552,0,0,0,267,159,108,856,582,274,511,429,82,256,216,40,87,77,10,126,110,16,311,307,4,95,77,18,14.4673154,78.8242089
ANDHRA PRADESH,Rural,Y.S.R.,No travel,92399,61292,31107,92399,61292,31107,0,0,0,0,0,0,0,0,0,0,0,0,0,0,0,0,0,0,0,0,0,0,0,0,14.4673154,78.8242089
ANDHRA PRADESH,Urban,Y.S.R.,All Modes,277036,221378,55658,91903,65985,25918,52564,42116,10448,82886,70967,11919,25074,21234,3840,8116,6730,1386,4849,4111,738,3546,3014,532,5807,5150,657,2291,2071,220,14.4673154,78.8242089
ANDHRA PRADESH,Urban,Y.S.R.,On foot,73397,55617,17780,0,0,0,37707,28330,9377,28775,21854,6921,6915,5433,1482,0,0,0,0,0,0,0,0,0,0,0,0,0,0,0,14.4673154,78.8242089
ANDHRA PRADESH,Urban,Y.S.R.,Bicycle,33980,32829,1151,0,0,0,6126,5910,216,22506,21782,724,3466,3339,127,446,425,21,1436,1373,63,0,0,0,0,0,0,0,0,0,14.4673154,78.8242089
ANDHRA PRADESH,Urban,Y.S.R.,Moped/Scooter/Motor Cycle,34148,32739,1409,0,0,0,6238,5984,254,18957,18158,799,4977,4756,221,1790,1733,57,482,470,12,386,375,11,295,286,9,1023,977,46,14.4673154,78.8242089
ANDHRA PRADESH,Urban,Y.S.R.,Car/Jeep/Van,3240,2944,296,0,0,0,413,360,53,921,811,110,514,439,75,241,223,18,131,123,8,289,279,10,519,508,11,212,201,11,14.4673154,78.8242089
ANDHRA PRADESH,Urban,Y.S.R.,Tempo/Autorickshaw/Taxi,15518,11583,3935,0,0,0,1040,719,321,7526,5218,2308,4986,3966,1020,871,748,123,198,171,27,239,203,36,300,258,42,358,300,58,14.4673154,78.8242089
ANDHRA PRADESH,Urban,Y.S.R.,Bus,20230,15794,4436,0,0,0,552,406,146,2400,1784,616,3746,2895,851,4586,3448,1138,2508,1887,621,2431,1962,469,3631,3112,519,376,300,76,14.4673154,78.8242089
ANDHRA PRADESH,Urban,Y.S.R.,Train,1749,1564,185,0,0,0,165,143,22,458,411,47,112,96,16,70,55,15,46,42,4,90,88,2,705,637,68,103,92,11,14.4673154,78.8242089
ANDHRA PRADESH,Urban,Y.S.R.,Water transport,99,80,19,0,0,0,19,14,5,25,23,2,13,11,2,9,5,4,3,3,0,12,10,2,11,8,3,7,6,1,14.4673154,78.8242089
ANDHRA PRADESH,Urban,Y.S.R.,Any other,2772,2243,529,0,0,0,304,250,54,1318,926,392,345,299,46,103,93,10,45,42,3,99,97,2,346,341,5,212,195,17,14.4673154,78.8242089
ANDHRA PRADESH,Urban,Y.S.R.,No travel,91903,65985,25918,91903,65985,25918,0,0,0,0,0,0,0,0,0,0,0,0,0,0,0,0,0,0,0,0,0,0,0,0,14.4673154,78.8242089
MADHYA PRADESH,Total,Tikamgarh,All Modes,109985,83595,26390,43849,30169,13680,18846,14523,4323,23047,18819,4228,10679,8765,1914,4414,3826,588,2611,2299,312,1781,1532,249,3893,2970,923,865,692,173,24.7456147,78.8320779
MADHYA PRADESH,Total,Tikamgarh,On foot,30408,22160,8248,0,0,0,15265,11295,3970,10481,7466,3015,4662,3399,1263,0,0,0,0,0,0,0,0,0,0,0,0,0,0,0,24.7456147,78.8320779
MADHYA PRADESH,Total,Tikamgarh,Bicycle,14086,13280,806,0,0,0,1562,1460,102,7248,6822,426,2998,2842,156,1320,1272,48,958,884,74,0,0,0,0,0,0,0,0,0,24.7456147,78.8320779
MADHYA PRADESH,Total,Tikamgarh,Moped/Scooter/Motor Cycle,9857,9036,821,0,0,0,1415,1307,108,3768,3422,346,1698,1554,144,1322,1222,100,581,550,31,438,415,23,301,275,26,334,291,43,24.7456147,78.8320779
MADHYA PRADESH,Total,Tikamgarh,Car/Jeep/Van,754,678,76,0,0,0,106,98,8,167,148,19,101,87,14,117,103,14,50,44,6,72,66,6,101,96,5,40,36,4,24.7456147,78.8320779
MADHYA PRADESH,Total,Tikamgarh,Tempo/Autorickshaw/Taxi,1513,1035,478,0,0,0,100,67,33,613,392,221,300,205,95,282,199,83,65,51,14,66,52,14,35,28,7,52,41,11,24.7456147,78.8320779
MADHYA PRADESH,Total,Tikamgarh,Bus,6166,4768,1398,0,0,0,206,148,58,473,323,150,753,535,218,1243,925,318,866,693,173,1096,901,195,1300,1070,230,229,173,56,24.7456147,78.8320779
MADHYA PRADESH,Total,Tikamgarh,Train,3066,2245,821,0,0,0,165,131,34,221,184,37,126,113,13,67,55,12,74,66,8,98,87,11,2129,1476,653,186,133,53,24.7456147,78.8320779
MADHYA PRADESH,Total,Tikamgarh,Water transport,25,19,6,0,0,0,7,4,3,2,2,0,1,1,0,3,3,0,1,0,1,3,3,0,2,2,0,6,4,2,24.7456147,78.8320779
MADHYA PRADESH,Total,Tikamgarh,Any other,261,205,56,0,0,0,20,13,7,74,60,14,40,29,11,60,47,13,16,11,5,8,8,0,25,23,2,18,14,4,24.7456147,78.8320779
MADHYA PRADESH,Total,Tikamgarh,No travel,43849,30169,13680,43849,30169,13680,0,0,0,0,0,0,0,0,0,0,0,0,0,0,0,0,0,0,0,0,0,0,0,0,24.7456147,78.8320779
MADHYA PRADESH,Rural,Tikamgarh,All Modes,59007,42228,16779,26482,17268,9214,7569,5010,2559,10739,8293,2446,6279,5133,1146,2396,2129,267,1282,1152,130,956,814,142,2911,2126,785,393,303,90,24.7456147,78.8320779
MADHYA PRADESH,Rural,Tikamgarh,On foot,14140,9055,5085,0,0,0,6511,4110,2401,5233,3363,1870,2396,1582,814,0,0,0,0,0,0,0,0,0,0,0,0,0,0,0,24.7456147,78.8320779
MADHYA PRADESH,Rural,Tikamgarh,Bicycle,7887,7341,546,0,0,0,532,469,63,3864,3578,286,2246,2126,120,739,712,27,506,456,50,0,0,0,0,0,0,0,0,0,24.7456147,78.8320779
MADHYA PRADESH,Rural,Tikamgarh,Moped/Scooter/Motor Cycle,3381,3137,244,0,0,0,252,232,20,957,871,86,852,808,44,594,554,40,267,255,12,199,185,14,161,150,11,99,82,17,24.7456147,78.8320779
MADHYA PRADESH,Rural,Tikamgarh,Car/Jeep/Van,227,206,21,0,0,0,13,12,1,32,28,4,35,31,4,56,51,5,18,16,2,28,27,1,35,32,3,10,9,1,24.7456147,78.8320779
MADHYA PRADESH,Rural,Tikamgarh,Tempo/Autorickshaw/Taxi,657,459,198,0,0,0,39,31,8,234,131,103,159,113,46,124,102,22,40,32,8,36,30,6,12,8,4,13,12,1,24.7456147,78.8320779
MADHYA PRADESH,Rural,Tikamgarh,Bus,3459,2787,672,0,0,0,90,60,30,234,177,57,483,382,101,790,636,154,386,337,49,609,495,114,763,615,148,104,85,19,24.7456147,78.8320779
MADHYA PRADESH,Rural,Tikamgarh,Train,2604,1853,751,0,0,0,117,88,29,145,114,31,80,74,6,44,37,7,57,52,5,79,72,7,1925,1307,618,157,109,48,24.7456147,78.8320779
MADHYA PRADESH,Rural,Tikamgarh,Water transport,17,12,5,0,0,0,4,2,2,2,2,0,1,1,0,3,3,0,1,0,1,1,1,0,1,1,0,4,2,2,24.7456147,78.8320779
MADHYA PRADESH,Rural,Tikamgarh,Any other,153,110,43,0,0,0,11,6,5,38,29,9,27,16,11,46,34,12,7,4,3,4,4,0,14,13,1,6,4,2,24.7456147,78.8320779
MADHYA PRADESH,Rural,Tikamgarh,No travel,26482,17268,9214,26482,17268,9214,0,0,0,0,0,0,0,0,0,0,0,0,0,0,0,0,0,0,0,0,0,0,0,0,24.7456147,78.8320779
MADHYA PRADESH,Urban,Tikamgarh,All Modes,50978,41367,9611,17367,12901,4466,11277,9513,1764,12308,10526,1782,4400,3632,768,2018,1697,321,1329,1147,182,825,718,107,982,844,138,472,389,83,24.7456147,78.8320779
MADHYA PRADESH,Urban,Tikamgarh,On foot,16268,13105,3163,0,0,0,8754,7185,1569,5248,4103,1145,2266,1817,449,0,0,0,0,0,0,0,0,0,0,0,0,0,0,0,24.7456147,78.8320779
MADHYA PRADESH,Urban,Tikamgarh,Bicycle,6199,5939,260,0,0,0,1030,991,39,3384,3244,140,752,716,36,581,560,21,452,428,24,0,0,0,0,0,0,0,0,0,24.7456147,78.8320779
MADHYA PRADESH,Urban,Tikamgarh,Moped/Scooter/Motor Cycle,6476,5899,577,0,0,0,1163,1075,88,2811,2551,260,846,746,100,728,668,60,314,295,19,239,230,9,140,125,15,235,209,26,24.7456147,78.8320779
MADHYA PRADESH,Urban,Tikamgarh,Car/Jeep/Van,527,472,55,0,0,0,93,86,7,135,120,15,66,56,10,61,52,9,32,28,4,44,39,5,66,64,2,30,27,3,24.7456147,78.8320779
MADHYA PRADESH,Urban,Tikamgarh,Tempo/Autorickshaw/Taxi,856,576,280,0,0,0,61,36,25,379,261,118,141,92,49,158,97,61,25,19,6,30,22,8,23,20,3,39,29,10,24.7456147,78.8320779
MADHYA PRADESH,Urban,Tikamgarh,Bus,2707,1981,726,0,0,0,116,88,28,239,146,93,270,153,117,453,289,164,480,356,124,487,406,81,537,455,82,125,88,37,24.7456147,78.8320779
MADHYA PRADESH,Urban,Tikamgarh,Train,462,392,70,0,0,0,48,43,5,76,70,6,46,39,7,23,18,5,17,14,3,19,15,4,204,169,35,29,24,5,24.7456147,78.8320779
MADHYA PRADESH,Urban,Tikamgarh,Water transport,8,7,1,0,0,0,3,2,1,0,0,0,0,0,0,0,0,0,0,0,0,2,2,0,1,1,0,2,2,0,24.7456147,78.8320779
MADHYA PRADESH,Urban,Tikamgarh,Any other,108,95,13,0,0,0,9,7,2,36,31,5,13,13,0,14,13,1,9,7,2,4,4,0,11,10,1,12,10,2,24.7456147,78.8320779
MADHYA PRADESH,Urban,Tikamgarh,No travel,17367,12901,4466,17367,12901,4466,0,0,0,0,0,0,0,0,0,0,0,0,0,0,0,0,0,0,0,0,0,0,0,0,24.7456147,78.8320779
TAMIL NADU,Total,Ramanathapuram,All Modes,250108,200521,49587,72491,50941,21550,46657,37519,9138,54039,45347,8692,33434,28492,4942,15992,13637,2355,8217,7191,1026,6175,5381,794,9566,8830,736,3537,3183,354,9.3647215,78.8350855
TAMIL NADU,Total,Ramanathapuram,On foot,61312,46326,14986,0,0,0,33876,25827,8049,18454,13520,4934,8982,6979,2003,0,0,0,0,0,0,0,0,0,0,0,0,0,0,0,9.3647215,78.8350855
TAMIL NADU,Total,Ramanathapuram,Bicycle,26167,25063,1104,0,0,0,5597,5350,247,14587,14022,565,3562,3394,168,833,805,28,1588,1492,96,0,0,0,0,0,0,0,0,0,9.3647215,78.8350855
TAMIL NADU,Total,Ramanathapuram,Moped/Scooter/Motor Cycle,23203,21941,1262,0,0,0,4066,3862,204,9652,9069,583,4351,4097,254,2376,2259,117,928,895,33,587,564,23,346,340,6,897,855,42,9.3647215,78.8350855
TAMIL NADU,Total,Ramanathapuram,Car/Jeep/Van,4167,3302,865,0,0,0,375,289,86,938,698,240,809,622,187,909,688,221,245,200,45,351,313,38,406,379,27,134,113,21,9.3647215,78.8350855
TAMIL NADU,Total,Ramanathapuram,Tempo/Autorickshaw/Taxi,2787,2357,430,0,0,0,290,245,45,748,611,137,622,501,121,506,404,102,186,178,8,184,174,10,142,138,4,109,106,3,9.3647215,78.8350855
TAMIL NADU,Total,Ramanathapuram,Bus,48553,39818,8735,0,0,0,1791,1390,401,7849,5741,2108,12161,10091,2070,9580,7752,1828,4563,3753,810,4673,3978,695,6846,6240,606,1090,873,217,9.3647215,78.8350855
TAMIL NADU,Total,Ramanathapuram,Train,2640,2425,215,0,0,0,77,64,13,163,136,27,145,128,17,196,170,26,101,80,21,195,173,22,1552,1475,77,211,199,12,9.3647215,78.8350855
TAMIL NADU,Total,Ramanathapuram,Water transport,7566,7238,328,0,0,0,477,397,80,1481,1403,78,2608,2525,83,1526,1498,28,568,557,11,139,136,3,111,106,5,656,616,40,9.3647215,78.8350855
TAMIL NADU,Total,Ramanathapuram,Any other,1222,1110,112,0,0,0,108,95,13,167,147,20,194,155,39,66,61,5,38,36,2,46,43,3,163,152,11,440,421,19,9.3647215,78.8350855
TAMIL NADU,Total,Ramanathapuram,No travel,72491,50941,21550,72491,50941,21550,0,0,0,0,0,0,0,0,0,0,0,0,0,0,0,0,0,0,0,0,0,0,0,0,9.3647215,78.8350855
TAMIL NADU,Rural,Ramanathapuram,All Modes,129682,100669,29013,43070,29534,13536,18410,13808,4602,23233,18520,4713,20509,17458,3051,9298,7945,1353,5037,4412,625,3311,2839,472,4824,4375,449,1990,1778,212,9.3647215,78.8350855
TAMIL NADU,Rural,Ramanathapuram,On foot,28368,20108,8260,0,0,0,14402,10349,4053,9216,6243,2973,4750,3516,1234,0,0,0,0,0,0,0,0,0,0,0,0,0,0,0,9.3647215,78.8350855
TAMIL NADU,Rural,Ramanathapuram,Bicycle,9490,8942,548,0,0,0,1367,1255,112,5018,4753,265,1934,1828,106,526,510,16,645,596,49,0,0,0,0,0,0,0,0,0,9.3647215,78.8350855
TAMIL NADU,Rural,Ramanathapuram,Moped/Scooter/Motor Cycle,8333,7841,492,0,0,0,796,743,53,2679,2456,223,2306,2181,125,1315,1267,48,588,567,21,264,253,11,105,104,1,280,270,10,9.3647215,78.8350855
TAMIL NADU,Rural,Ramanathapuram,Car/Jeep/Van,1960,1380,580,0,0,0,117,82,35,369,246,123,509,351,158,463,287,176,134,96,38,158,139,19,149,127,22,61,52,9,9.3647215,78.8350855
TAMIL NADU,Rural,Ramanathapuram,Tempo/Autorickshaw/Taxi,1532,1257,275,0,0,0,116,98,18,354,303,51,422,322,100,334,244,90,104,98,6,95,87,8,62,60,2,45,45,0,9.3647215,78.8350855
TAMIL NADU,Rural,Ramanathapuram,Bus,29902,25054,4848,0,0,0,1178,942,236,4424,3448,976,8594,7381,1213,5766,4779,987,3100,2606,494,2625,2207,418,3565,3184,381,650,507,143,9.3647215,78.8350855
TAMIL NADU,Rural,Ramanathapuram,Train,1438,1338,100,0,0,0,44,35,9,86,74,12,98,88,10,103,91,12,52,45,7,84,73,11,824,790,34,147,142,5,9.3647215,78.8350855
TAMIL NADU,Rural,Ramanathapuram,Water transport,4839,4555,284,0,0,0,323,249,74,993,919,74,1755,1685,70,742,721,21,389,380,9,56,54,2,56,53,3,525,494,31,9.3647215,78.8350855
TAMIL NADU,Rural,Ramanathapuram,Any other,750,660,90,0,0,0,67,55,12,94,78,16,141,106,35,49,46,3,25,24,1,29,26,3,63,57,6,282,268,14,9.3647215,78.8350855
TAMIL NADU,Rural,Ramanathapuram,No travel,43070,29534,13536,43070,29534,13536,0,0,0,0,0,0,0,0,0,0,0,0,0,0,0,0,0,0,0,0,0,0,0,0,9.3647215,78.8350855
TAMIL NADU,Urban,Ramanathapuram,All Modes,120426,99852,20574,29421,21407,8014,28247,23711,4536,30806,26827,3979,12925,11034,1891,6694,5692,1002,3180,2779,401,2864,2542,322,4742,4455,287,1547,1405,142,9.3647215,78.8350855
TAMIL NADU,Urban,Ramanathapuram,On foot,32944,26218,6726,0,0,0,19474,15478,3996,9238,7277,1961,4232,3463,769,0,0,0,0,0,0,0,0,0,0,0,0,0,0,0,9.3647215,78.8350855
TAMIL NADU,Urban,Ramanathapuram,Bicycle,16677,16121,556,0,0,0,4230,4095,135,9569,9269,300,1628,1566,62,307,295,12,943,896,47,0,0,0,0,0,0,0,0,0,9.3647215,78.8350855
TAMIL NADU,Urban,Ramanathapuram,Moped/Scooter/Motor Cycle,14870,14100,770,0,0,0,3270,3119,151,6973,6613,360,2045,1916,129,1061,992,69,340,328,12,323,311,12,241,236,5,617,585,32,9.3647215,78.8350855
TAMIL NADU,Urban,Ramanathapuram,Car/Jeep/Van,2207,1922,285,0,0,0,258,207,51,569,452,117,300,271,29,446,401,45,111,104,7,193,174,19,257,252,5,73,61,12,9.3647215,78.8350855
TAMIL NADU,Urban,Ramanathapuram,Tempo/Autorickshaw/Taxi,1255,1100,155,0,0,0,174,147,27,394,308,86,200,179,21,172,160,12,82,80,2,89,87,2,80,78,2,64,61,3,9.3647215,78.8350855
TAMIL NADU,Urban,Ramanathapuram,Bus,18651,14764,3887,0,0,0,613,448,165,3425,2293,1132,3567,2710,857,3814,2973,841,1463,1147,316,2048,1771,277,3281,3056,225,440,366,74,9.3647215,78.8350855
TAMIL NADU,Urban,Ramanathapuram,Train,1202,1087,115,0,0,0,33,29,4,77,62,15,47,40,7,93,79,14,49,35,14,111,100,11,728,685,43,64,57,7,9.3647215,78.8350855
TAMIL NADU,Urban,Ramanathapuram,Water transport,2727,2683,44,0,0,0,154,148,6,488,484,4,853,840,13,784,777,7,179,177,2,83,82,1,55,53,2,131,122,9,9.3647215,78.8350855
TAMIL NADU,Urban,Ramanathapuram,Any other,472,450,22,0,0,0,41,40,1,73,69,4,53,49,4,17,15,2,13,12,1,17,17,0,100,95,5,158,153,5,9.3647215,78.8350855
TAMIL NADU,Urban,Ramanathapuram,No travel,29421,21407,8014,29421,21407,8014,0,0,0,0,0,0,0,0,0,0,0,0,0,0,0,0,0,0,0,0,0,0,0,0,9.3647215,78.8350855
UTTARAKHAND,Total,Garhwal,All Modes,104195,82332,21863,33392,24652,8740,27539,21140,6399,22158,18365,3793,9276,7970,1306,3992,3318,674,2282,1880,402,1841,1582,259,3323,3067,256,392,358,34,29.8687682,78.8382644
UTTARAKHAND,Total,Garhwal,On foot,44105,34369,9736,0,0,0,24361,18204,6157,14764,11899,2865,4980,4266,714,0,0,0,0,0,0,0,0,0,0,0,0,0,0,0,29.8687682,78.8382644
UTTARAKHAND,Total,Garhwal,Bicycle,2739,2629,110,0,0,0,682,656,26,1477,1422,55,343,332,11,131,123,8,106,96,10,0,0,0,0,0,0,0,0,0,29.8687682,78.8382644
UTTARAKHAND,Total,Garhwal,Moped/Scooter/Motor Cycle,6598,6183,415,0,0,0,1650,1562,88,2798,2595,203,962,891,71,645,613,32,230,221,9,152,146,6,83,80,3,78,75,3,29.8687682,78.8382644
UTTARAKHAND,Total,Garhwal,Car/Jeep/Van,5226,4148,1078,0,0,0,401,347,54,982,776,206,1047,844,203,1218,916,302,629,455,174,484,393,91,374,338,36,91,79,12,29.8687682,78.8382644
UTTARAKHAND,Total,Garhwal,Tempo/Autorickshaw/Taxi,2330,1767,563,0,0,0,114,91,23,732,530,202,627,508,119,421,309,112,193,134,59,143,109,34,76,66,10,24,20,4,29.8687682,78.8382644
UTTARAKHAND,Total,Garhwal,Bus,8760,7604,1156,0,0,0,166,133,33,1223,971,252,1258,1075,183,1527,1310,217,1029,885,144,1022,896,126,2409,2220,189,126,114,12,29.8687682,78.8382644
UTTARAKHAND,Total,Garhwal,Train,579,532,47,0,0,0,51,39,12,52,48,4,21,18,3,25,22,3,34,31,3,18,16,2,319,301,18,59,57,2,29.8687682,78.8382644
UTTARAKHAND,Total,Garhwal,Water transport,23,17,6,0,0,0,9,5,4,5,4,1,2,1,1,2,2,0,1,1,0,1,1,0,2,2,0,1,1,0,29.8687682,78.8382644
UTTARAKHAND,Total,Garhwal,Any other,443,431,12,0,0,0,105,103,2,125,120,5,36,35,1,23,23,0,60,57,3,21,21,0,60,60,0,13,12,1,29.8687682,78.8382644
UTTARAKHAND,Total,Garhwal,No travel,33392,24652,8740,33392,24652,8740,0,0,0,0,0,0,0,0,0,0,0,0,0,0,0,0,0,0,0,0,0,0,0,0,29.8687682,78.8382644
UTTARAKHAND,Rural,Garhwal,All Modes,72791,55985,16806,23480,16349,7131,18058,12924,5134,16131,13179,2952,7087,6203,884,2685,2422,263,1364,1228,136,1256,1120,136,2482,2327,155,248,233,15,29.8687682,78.8382644
UTTARAKHAND,Rural,Garhwal,On foot,31650,23656,7994,0,0,0,16454,11450,5004,11523,9072,2451,3673,3134,539,0,0,0,0,0,0,0,0,0,0,0,0,0,0,0,29.8687682,78.8382644
UTTARAKHAND,Rural,Garhwal,Bicycle,2077,2004,73,0,0,0,488,471,17,1127,1085,42,292,284,8,104,99,5,66,65,1,0,0,0,0,0,0,0,0,0,29.8687682,78.8382644
UTTARAKHAND,Rural,Garhwal,Moped/Scooter/Motor Cycle,3348,3143,205,0,0,0,551,515,36,1374,1278,96,740,689,51,391,376,15,115,112,3,92,89,3,40,40,0,45,44,1,29.8687682,78.8382644
UTTARAKHAND,Rural,Garhwal,Car/Jeep/Van,3320,2864,456,0,0,0,239,210,29,625,515,110,779,681,98,715,621,94,341,287,54,310,267,43,249,228,21,62,55,7,29.8687682,78.8382644
UTTARAKHAND,Rural,Garhwal,Tempo/Autorickshaw/Taxi,1555,1288,267,0,0,0,70,58,12,463,354,109,497,432,65,256,216,40,113,90,23,95,82,13,53,48,5,8,8,0,29.8687682,78.8382644
UTTARAKHAND,Rural,Garhwal,Bus,6560,5924,636,0,0,0,122,99,23,872,735,137,1054,935,119,1181,1074,107,670,619,51,733,657,76,1831,1715,116,97,90,7,29.8687682,78.8382644
UTTARAKHAND,Rural,Garhwal,Train,446,418,28,0,0,0,31,24,7,39,37,2,17,15,2,19,17,2,17,16,1,14,13,1,281,268,13,28,28,0,29.8687682,78.8382644
UTTARAKHAND,Rural,Garhwal,Water transport,14,9,5,0,0,0,7,3,4,1,1,0,2,1,1,1,1,0,0,0,0,1,1,0,1,1,0,1,1,0,29.8687682,78.8382644
UTTARAKHAND,Rural,Garhwal,Any other,341,330,11,0,0,0,96,94,2,107,102,5,33,32,1,18,18,0,42,39,3,11,11,0,27,27,0,7,7,0,29.8687682,78.8382644
UTTARAKHAND,Rural,Garhwal,No travel,23480,16349,7131,23480,16349,7131,0,0,0,0,0,0,0,0,0,0,0,0,0,0,0,0,0,0,0,0,0,0,0,0,29.8687682,78.8382644
UTTARAKHAND,Urban,Garhwal,All Modes,31404,26347,5057,9912,8303,1609,9481,8216,1265,6027,5186,841,2189,1767,422,1307,896,411,918,652,266,585,462,123,841,740,101,144,125,19,29.8687682,78.8382644
UTTARAKHAND,Urban,Garhwal,On foot,12455,10713,1742,0,0,0,7907,6754,1153,3241,2827,414,1307,1132,175,0,0,0,0,0,0,0,0,0,0,0,0,0,0,0,29.8687682,78.8382644
UTTARAKHAND,Urban,Garhwal,Bicycle,662,625,37,0,0,0,194,185,9,350,337,13,51,48,3,27,24,3,40,31,9,0,0,0,0,0,0,0,0,0,29.8687682,78.8382644
UTTARAKHAND,Urban,Garhwal,Moped/Scooter/Motor Cycle,3250,3040,210,0,0,0,1099,1047,52,1424,1317,107,222,202,20,254,237,17,115,109,6,60,57,3,43,40,3,33,31,2,29.8687682,78.8382644
UTTARAKHAND,Urban,Garhwal,Car/Jeep/Van,1906,1284,622,0,0,0,162,137,25,357,261,96,268,163,105,503,295,208,288,168,120,174,126,48,125,110,15,29,24,5,29.8687682,78.8382644
UTTARAKHAND,Urban,Garhwal,Tempo/Autorickshaw/Taxi,775,479,296,0,0,0,44,33,11,269,176,93,130,76,54,165,93,72,80,44,36,48,27,21,23,18,5,16,12,4,29.8687682,78.8382644
UTTARAKHAND,Urban,Garhwal,Bus,2200,1680,520,0,0,0,44,34,10,351,236,115,204,140,64,346,236,110,359,266,93,289,239,50,578,505,73,29,24,5,29.8687682,78.8382644
UTTARAKHAND,Urban,Garhwal,Train,133,114,19,0,0,0,20,15,5,13,11,2,4,3,1,6,5,1,17,15,2,4,3,1,38,33,5,31,29,2,29.8687682,78.8382644
UTTARAKHAND,Urban,Garhwal,Water transport,9,8,1,0,0,0,2,2,0,4,3,1,0,0,0,1,1,0,1,1,0,0,0,0,1,1,0,0,0,0,29.8687682,78.8382644
UTTARAKHAND,Urban,Garhwal,Any other,102,101,1,0,0,0,9,9,0,18,18,0,3,3,0,5,5,0,18,18,0,10,10,0,33,33,0,6,5,1,29.8687682,78.8382644
UTTARAKHAND,Urban,Garhwal,No travel,9912,8303,1609,9912,8303,1609,0,0,0,0,0,0,0,0,0,0,0,0,0,0,0,0,0,0,0,0,0,0,0,0,29.8687682,78.8382644
TAMIL NADU,Total,Perambalur,All Modes,58801,43832,14969,21486,14781,6705,7805,5554,2251,10103,7632,2471,6970,5357,1613,4259,3446,813,2651,2202,449,2017,1726,291,2734,2474,260,776,660,116,11.2379505,78.8661248
TAMIL NADU,Total,Perambalur,On foot,8984,5764,3220,0,0,0,4926,3135,1791,2208,1373,835,1850,1256,594,0,0,0,0,0,0,0,0,0,0,0,0,0,0,0,11.2379505,78.8661248
TAMIL NADU,Total,Perambalur,Bicycle,3720,3431,289,0,0,0,925,850,75,1756,1612,144,471,444,27,186,172,14,382,353,29,0,0,0,0,0,0,0,0,0,11.2379505,78.8661248
TAMIL NADU,Total,Perambalur,Moped/Scooter/Motor Cycle,7436,6809,627,0,0,0,1124,1017,107,2751,2477,274,1373,1259,114,963,895,68,413,399,14,290,276,14,222,210,12,300,276,24,11.2379505,78.8661248
TAMIL NADU,Total,Perambalur,Car/Jeep/Van,961,772,189,0,0,0,113,76,37,294,221,73,113,89,24,90,79,11,65,55,10,77,69,8,152,141,11,57,42,15,11.2379505,78.8661248
TAMIL NADU,Total,Perambalur,Tempo/Autorickshaw/Taxi,1135,919,216,0,0,0,99,64,35,473,344,129,174,149,25,133,123,10,62,55,7,76,74,2,76,75,1,42,35,7,11.2379505,78.8661248
TAMIL NADU,Total,Perambalur,Bus,14448,10784,3664,0,0,0,563,362,201,2559,1561,998,2924,2105,819,2841,2140,701,1694,1306,388,1522,1261,261,2014,1787,227,331,262,69,11.2379505,78.8661248
TAMIL NADU,Total,Perambalur,Train,307,267,40,0,0,0,30,26,4,26,16,10,39,30,9,21,15,6,13,12,1,26,22,4,139,133,6,13,13,0,11.2379505,78.8661248
TAMIL NADU,Total,Perambalur,Water transport,12,8,4,0,0,0,2,1,1,1,0,1,3,3,0,3,1,2,0,0,0,2,2,0,0,0,0,1,1,0,11.2379505,78.8661248
TAMIL NADU,Total,Perambalur,Any other,312,297,15,0,0,0,23,23,0,35,28,7,23,22,1,22,21,1,22,22,0,24,22,2,131,128,3,32,31,1,11.2379505,78.8661248
TAMIL NADU,Total,Perambalur,No travel,21486,14781,6705,21486,14781,6705,0,0,0,0,0,0,0,0,0,0,0,0,0,0,0,0,0,0,0,0,0,0,0,0,11.2379505,78.8661248
TAMIL NADU,Rural,Perambalur,All Modes,37108,27510,9598,15380,10453,4927,3983,2734,1249,5075,3774,1301,4332,3364,968,3175,2673,502,1716,1467,249,1262,1086,176,1655,1508,147,530,451,79,11.2379505,78.8661248
TAMIL NADU,Rural,Perambalur,On foot,5381,3360,2021,0,0,0,2743,1706,1037,1354,816,538,1284,838,446,0,0,0,0,0,0,0,0,0,0,0,0,0,0,0,11.2379505,78.8661248
TAMIL NADU,Rural,Perambalur,Bicycle,2017,1826,191,0,0,0,434,391,43,873,775,98,306,291,15,145,131,14,259,238,21,0,0,0,0,0,0,0,0,0,11.2379505,78.8661248
TAMIL NADU,Rural,Perambalur,Moped/Scooter/Motor Cycle,3667,3366,301,0,0,0,341,302,39,1080,965,115,814,762,52,697,643,54,267,257,10,165,158,7,132,127,5,171,152,19,11.2379505,78.8661248
TAMIL NADU,Rural,Perambalur,Car/Jeep/Van,454,369,85,0,0,0,41,26,15,90,67,23,69,51,18,64,57,7,38,33,5,40,36,4,83,77,6,29,22,7,11.2379505,78.8661248
TAMIL NADU,Rural,Perambalur,Tempo/Autorickshaw/Taxi,579,535,44,0,0,0,34,30,4,188,166,22,83,76,7,109,104,5,42,39,3,51,51,0,39,38,1,33,31,2,11.2379505,78.8661248
TAMIL NADU,Rural,Perambalur,Bus,9168,7179,1989,0,0,0,342,236,106,1450,959,491,1724,1299,425,2124,1705,419,1083,874,209,969,809,160,1208,1080,128,268,217,51,11.2379505,78.8661248
TAMIL NADU,Rural,Perambalur,Train,245,219,26,0,0,0,27,23,4,19,11,8,28,24,4,17,15,2,11,10,1,19,16,3,114,110,4,10,10,0,11.2379505,78.8661248
TAMIL NADU,Rural,Perambalur,Water transport,11,8,3,0,0,0,2,1,1,1,0,1,3,3,0,2,1,1,0,0,0,2,2,0,0,0,0,1,1,0,11.2379505,78.8661248
TAMIL NADU,Rural,Perambalur,Any other,206,195,11,0,0,0,19,19,0,20,15,5,21,20,1,17,17,0,16,16,0,16,14,2,79,76,3,18,18,0,11.2379505,78.8661248
TAMIL NADU,Rural,Perambalur,No travel,15380,10453,4927,15380,10453,4927,0,0,0,0,0,0,0,0,0,0,0,0,0,0,0,0,0,0,0,0,0,0,0,0,11.2379505,78.8661248
TAMIL NADU,Urban,Perambalur,All Modes,21693,16322,5371,6106,4328,1778,3822,2820,1002,5028,3858,1170,2638,1993,645,1084,773,311,935,735,200,755,640,115,1079,966,113,246,209,37,11.2379505,78.8661248
TAMIL NADU,Urban,Perambalur,On foot,3603,2404,1199,0,0,0,2183,1429,754,854,557,297,566,418,148,0,0,0,0,0,0,0,0,0,0,0,0,0,0,0,11.2379505,78.8661248
TAMIL NADU,Urban,Perambalur,Bicycle,1703,1605,98,0,0,0,491,459,32,883,837,46,165,153,12,41,41,0,123,115,8,0,0,0,0,0,0,0,0,0,11.2379505,78.8661248
TAMIL NADU,Urban,Perambalur,Moped/Scooter/Motor Cycle,3769,3443,326,0,0,0,783,715,68,1671,1512,159,559,497,62,266,252,14,146,142,4,125,118,7,90,83,7,129,124,5,11.2379505,78.8661248
TAMIL NADU,Urban,Perambalur,Car/Jeep/Van,507,403,104,0,0,0,72,50,22,204,154,50,44,38,6,26,22,4,27,22,5,37,33,4,69,64,5,28,20,8,11.2379505,78.8661248
TAMIL NADU,Urban,Perambalur,Tempo/Autorickshaw/Taxi,556,384,172,0,0,0,65,34,31,285,178,107,91,73,18,24,19,5,20,16,4,25,23,2,37,37,0,9,4,5,11.2379505,78.8661248
TAMIL NADU,Urban,Perambalur,Bus,5280,3605,1675,0,0,0,221,126,95,1109,602,507,1200,806,394,717,435,282,611,432,179,553,452,101,806,707,99,63,45,18,11.2379505,78.8661248
TAMIL NADU,Urban,Perambalur,Train,62,48,14,0,0,0,3,3,0,7,5,2,11,6,5,4,0,4,2,2,0,7,6,1,25,23,2,3,3,0,11.2379505,78.8661248
TAMIL NADU,Urban,Perambalur,Water transport,1,0,1,0,0,0,0,0,0,0,0,0,0,0,0,1,0,1,0,0,0,0,0,0,0,0,0,0,0,0,11.2379505,78.8661248
TAMIL NADU,Urban,Perambalur,Any other,106,102,4,0,0,0,4,4,0,15,13,2,2,2,0,5,4,1,6,6,0,8,8,0,52,52,0,14,13,1,11.2379505,78.8661248
TAMIL NADU,Urban,Perambalur,No travel,6106,4328,1778,6106,4328,1778,0,0,0,0,0,0,0,0,0,0,0,0,0,0,0,0,0,0,0,0,0,0,0,0,11.2379505,78.8661248
MADHYA PRADESH,Total,Chhindwara,All Modes,237620,183035,54585,61105,41958,19147,51914,37886,14028,68859,55130,13729,25975,21691,4284,11621,10413,1208,6855,6151,704,4916,4394,522,5123,4346,777,1252,1066,186,22.057437,78.9381729
MADHYA PRADESH,Total,Chhindwara,On foot,81538,56007,25531,0,0,0,40597,27660,12937,31814,21811,10003,9127,6536,2591,0,0,0,0,0,0,0,0,0,0,0,0,0,0,0,22.057437,78.9381729
MADHYA PRADESH,Total,Chhindwara,Bicycle,29892,28376,1516,0,0,0,3506,3295,211,15900,15077,823,6617,6305,312,2434,2348,86,1435,1351,84,0,0,0,0,0,0,0,0,0,22.057437,78.9381729
MADHYA PRADESH,Total,Chhindwara,Moped/Scooter/Motor Cycle,36861,33624,3237,0,0,0,6536,5906,630,15475,13904,1571,5625,5163,462,4024,3764,260,2032,1923,109,1604,1529,75,864,809,55,701,626,75,22.057437,78.9381729
MADHYA PRADESH,Total,Chhindwara,Car/Jeep/Van,4306,3701,605,0,0,0,424,355,69,968,777,191,692,584,108,717,627,90,578,517,61,526,493,33,290,262,28,111,86,25,22.057437,78.9381729
MADHYA PRADESH,Total,Chhindwara,Tempo/Autorickshaw/Taxi,8619,6938,1681,0,0,0,331,255,76,2589,1895,694,2096,1682,414,1681,1404,277,954,829,125,603,557,46,230,209,21,135,107,28,22.057437,78.9381729
MADHYA PRADESH,Total,Chhindwara,Bus,10457,8325,2132,0,0,0,256,191,65,1435,1080,355,1383,1021,362,2379,1927,452,1409,1127,282,1628,1331,297,1811,1522,289,156,126,30,22.057437,78.9381729
MADHYA PRADESH,Total,Chhindwara,Train,3686,3070,616,0,0,0,133,111,22,332,285,47,209,189,20,244,220,24,383,343,40,478,413,65,1808,1428,380,99,81,18,22.057437,78.9381729
MADHYA PRADESH,Total,Chhindwara,Water transport,73,60,13,0,0,0,23,19,4,13,13,0,2,2,0,7,6,1,3,2,1,4,3,1,10,10,0,11,5,6,22.057437,78.9381729
MADHYA PRADESH,Total,Chhindwara,Any other,1083,976,107,0,0,0,108,94,14,333,288,45,224,209,15,135,117,18,61,59,2,73,68,5,110,106,4,39,35,4,22.057437,78.9381729
MADHYA PRADESH,Total,Chhindwara,No travel,61105,41958,19147,61105,41958,19147,0,0,0,0,0,0,0,0,0,0,0,0,0,0,0,0,0,0,0,0,0,0,0,0,22.057437,78.9381729
MADHYA PRADESH,Rural,Chhindwara,All Modes,103482,75703,27779,35908,23689,12219,16113,10255,5858,24201,18400,5801,13614,11238,2376,6083,5528,555,2864,2617,247,1704,1522,182,2558,2093,465,437,361,76,22.057437,78.9381729
MADHYA PRADESH,Rural,Chhindwara,On foot,32508,20485,12023,0,0,0,14089,8459,5630,13582,8729,4853,4837,3297,1540,0,0,0,0,0,0,0,0,0,0,0,0,0,0,0,22.057437,78.9381729
MADHYA PRADESH,Rural,Chhindwara,Bicycle,12663,11968,695,0,0,0,823,751,72,4938,4659,279,4463,4226,237,1789,1717,72,650,615,35,0,0,0,0,0,0,0,0,0,22.057437,78.9381729
MADHYA PRADESH,Rural,Chhindwara,Moped/Scooter/Motor Cycle,10742,9989,753,0,0,0,884,803,81,3737,3452,285,2340,2168,172,1913,1804,109,838,802,36,557,529,28,269,251,18,204,180,24,22.057437,78.9381729
MADHYA PRADESH,Rural,Chhindwara,Car/Jeep/Van,1349,1148,201,0,0,0,69,52,17,224,186,38,240,193,47,330,292,38,198,177,21,158,142,16,84,78,6,46,28,18,22.057437,78.9381729
MADHYA PRADESH,Rural,Chhindwara,Tempo/Autorickshaw/Taxi,3113,2528,585,0,0,0,75,57,18,649,496,153,828,639,189,866,721,145,368,321,47,213,196,17,70,63,7,44,35,9,22.057437,78.9381729
MADHYA PRADESH,Rural,Chhindwara,Bus,4785,3948,837,0,0,0,103,81,22,877,715,162,695,533,162,991,833,158,647,553,94,578,482,96,823,689,134,71,62,9,22.057437,78.9381729
MADHYA PRADESH,Rural,Chhindwara,Train,2008,1587,421,0,0,0,41,29,12,120,94,26,122,105,17,114,97,17,125,112,13,162,140,22,1269,969,300,55,41,14,22.057437,78.9381729
MADHYA PRADESH,Rural,Chhindwara,Water transport,29,24,5,0,0,0,10,7,3,6,6,0,1,1,0,3,2,1,1,1,0,1,1,0,3,3,0,4,3,1,22.057437,78.9381729
MADHYA PRADESH,Rural,Chhindwara,Any other,377,337,40,0,0,0,19,16,3,68,63,5,88,76,12,77,62,15,37,36,1,35,32,3,40,40,0,13,12,1,22.057437,78.9381729
MADHYA PRADESH,Rural,Chhindwara,No travel,35908,23689,12219,35908,23689,12219,0,0,0,0,0,0,0,0,0,0,0,0,0,0,0,0,0,0,0,0,0,0,0,0,22.057437,78.9381729
MADHYA PRADESH,Urban,Chhindwara,All Modes,134138,107332,26806,25197,18269,6928,35801,27631,8170,44658,36730,7928,12361,10453,1908,5538,4885,653,3991,3534,457,3212,2872,340,2565,2253,312,815,705,110,22.057437,78.9381729
MADHYA PRADESH,Urban,Chhindwara,On foot,49030,35522,13508,0,0,0,26508,19201,7307,18232,13082,5150,4290,3239,1051,0,0,0,0,0,0,0,0,0,0,0,0,0,0,0,22.057437,78.9381729
MADHYA PRADESH,Urban,Chhindwara,Bicycle,17229,16408,821,0,0,0,2683,2544,139,10962,10418,544,2154,2079,75,645,631,14,785,736,49,0,0,0,0,0,0,0,0,0,22.057437,78.9381729
MADHYA PRADESH,Urban,Chhindwara,Moped/Scooter/Motor Cycle,26119,23635,2484,0,0,0,5652,5103,549,11738,10452,1286,3285,2995,290,2111,1960,151,1194,1121,73,1047,1000,47,595,558,37,497,446,51,22.057437,78.9381729
MADHYA PRADESH,Urban,Chhindwara,Car/Jeep/Van,2957,2553,404,0,0,0,355,303,52,744,591,153,452,391,61,387,335,52,380,340,40,368,351,17,206,184,22,65,58,7,22.057437,78.9381729
MADHYA PRADESH,Urban,Chhindwara,Tempo/Autorickshaw/Taxi,5506,4410,1096,0,0,0,256,198,58,1940,1399,541,1268,1043,225,815,683,132,586,508,78,390,361,29,160,146,14,91,72,19,22.057437,78.9381729
MADHYA PRADESH,Urban,Chhindwara,Bus,5672,4377,1295,0,0,0,153,110,43,558,365,193,688,488,200,1388,1094,294,762,574,188,1050,849,201,988,833,155,85,64,21,22.057437,78.9381729
MADHYA PRADESH,Urban,Chhindwara,Train,1678,1483,195,0,0,0,92,82,10,212,191,21,87,84,3,130,123,7,258,231,27,316,273,43,539,459,80,44,40,4,22.057437,78.9381729
MADHYA PRADESH,Urban,Chhindwara,Water transport,44,36,8,0,0,0,13,12,1,7,7,0,1,1,0,4,4,0,2,1,1,3,2,1,7,7,0,7,2,5,22.057437,78.9381729
MADHYA PRADESH,Urban,Chhindwara,Any other,706,639,67,0,0,0,89,78,11,265,225,40,136,133,3,58,55,3,24,23,1,38,36,2,70,66,4,26,23,3,22.057437,78.9381729
MADHYA PRADESH,Urban,Chhindwara,No travel,25197,18269,6928,25197,18269,6928,0,0,0,0,0,0,0,0,0,0,0,0,0,0,0,0,0,0,0,0,0,0,0,0,22.057437,78.9381729
UTTARAKHAND,Total,Rudraprayag,All Modes,24565,20064,4501,9888,7446,2442,4925,3868,1057,3958,3489,469,2847,2536,311,1077,967,110,498,457,41,442,415,27,790,760,30,140,126,14,30.2844141,78.9811407
UTTARAKHAND,Total,Rudraprayag,On foot,9483,7939,1544,0,0,0,4663,3634,1029,3093,2742,351,1727,1563,164,0,0,0,0,0,0,0,0,0,0,0,0,0,0,0,30.2844141,78.9811407
UTTARAKHAND,Total,Rudraprayag,Bicycle,141,125,16,0,0,0,20,14,6,43,39,4,21,21,0,19,17,2,38,34,4,0,0,0,0,0,0,0,0,0,30.2844141,78.9811407
UTTARAKHAND,Total,Rudraprayag,Moped/Scooter/Motor Cycle,497,471,26,0,0,0,43,41,2,167,158,9,115,109,6,102,97,5,24,23,1,20,19,1,15,14,1,11,10,1,30.2844141,78.9811407
UTTARAKHAND,Total,Rudraprayag,Car/Jeep/Van,1584,1400,184,0,0,0,75,65,10,303,257,46,433,369,64,359,326,33,153,138,15,128,124,4,90,85,5,43,36,7,30.2844141,78.9811407
UTTARAKHAND,Total,Rudraprayag,Tempo/Autorickshaw/Taxi,157,149,8,0,0,0,16,16,0,28,25,3,42,40,2,34,34,0,7,7,0,17,16,1,6,6,0,7,5,2,30.2844141,78.9811407
UTTARAKHAND,Total,Rudraprayag,Bus,2653,2381,272,0,0,0,94,87,7,315,260,55,499,425,74,552,482,70,273,252,21,269,248,21,597,575,22,54,52,2,30.2844141,78.9811407
UTTARAKHAND,Total,Rudraprayag,Train,117,114,3,0,0,0,5,5,0,6,5,1,6,5,1,8,8,0,3,3,0,6,6,0,63,63,0,20,19,1,30.2844141,78.9811407
UTTARAKHAND,Total,Rudraprayag,Water transport,4,1,3,0,0,0,2,0,2,0,0,0,0,0,0,0,0,0,0,0,0,0,0,0,1,1,0,1,0,1,30.2844141,78.9811407
UTTARAKHAND,Total,Rudraprayag,Any other,41,38,3,0,0,0,7,6,1,3,3,0,4,4,0,3,3,0,0,0,0,2,2,0,18,16,2,4,4,0,30.2844141,78.9811407
UTTARAKHAND,Total,Rudraprayag,No travel,9888,7446,2442,9888,7446,2442,0,0,0,0,0,0,0,0,0,0,0,0,0,0,0,0,0,0,0,0,0,0,0,0,30.2844141,78.9811407
UTTARAKHAND,Rural,Rudraprayag,All Modes,20773,16870,3903,8572,6398,2174,3702,2787,915,3554,3148,406,2244,1993,251,986,911,75,460,433,27,399,380,19,736,711,25,120,109,11,30.2844141,78.9811407
UTTARAKHAND,Rural,Rudraprayag,On foot,7540,6207,1333,0,0,0,3479,2589,890,2854,2540,314,1207,1078,129,0,0,0,0,0,0,0,0,0,0,0,0,0,0,0,30.2844141,78.9811407
UTTARAKHAND,Rural,Rudraprayag,Bicycle,129,113,16,0,0,0,17,11,6,40,36,4,21,21,0,16,14,2,35,31,4,0,0,0,0,0,0,0,0,0,30.2844141,78.9811407
UTTARAKHAND,Rural,Rudraprayag,Moped/Scooter/Motor Cycle,401,379,22,0,0,0,22,21,1,122,114,8,105,100,5,94,89,5,21,20,1,17,16,1,14,13,1,6,6,0,30.2844141,78.9811407
UTTARAKHAND,Rural,Rudraprayag,Car/Jeep/Van,1486,1317,169,0,0,0,66,58,8,274,233,41,417,355,62,343,315,28,147,133,14,122,118,4,79,74,5,38,31,7,30.2844141,78.9811407
UTTARAKHAND,Rural,Rudraprayag,Tempo/Autorickshaw/Taxi,150,143,7,0,0,0,16,16,0,24,22,2,42,40,2,32,32,0,7,7,0,17,16,1,5,5,0,7,5,2,30.2844141,78.9811407
UTTARAKHAND,Rural,Rudraprayag,Bus,2339,2165,174,0,0,0,92,85,7,231,195,36,442,390,52,490,450,40,247,239,8,236,223,13,556,539,17,45,44,1,30.2844141,78.9811407
UTTARAKHAND,Rural,Rudraprayag,Train,113,110,3,0,0,0,1,1,0,6,5,1,6,5,1,8,8,0,3,3,0,6,6,0,63,63,0,20,19,1,30.2844141,78.9811407
UTTARAKHAND,Rural,Rudraprayag,Water transport,3,1,2,0,0,0,2,0,2,0,0,0,0,0,0,0,0,0,0,0,0,0,0,0,1,1,0,0,0,0,30.2844141,78.9811407
UTTARAKHAND,Rural,Rudraprayag,Any other,40,37,3,0,0,0,7,6,1,3,3,0,4,4,0,3,3,0,0,0,0,1,1,0,18,16,2,4,4,0,30.2844141,78.9811407
UTTARAKHAND,Rural,Rudraprayag,No travel,8572,6398,2174,8572,6398,2174,0,0,0,0,0,0,0,0,0,0,0,0,0,0,0,0,0,0,0,0,0,0,0,0,30.2844141,78.9811407
UTTARAKHAND,Urban,Rudraprayag,All Modes,3792,3194,598,1316,1048,268,1223,1081,142,404,341,63,603,543,60,91,56,35,38,24,14,43,35,8,54,49,5,20,17,3,30.2844141,78.9811407
UTTARAKHAND,Urban,Rudraprayag,On foot,1943,1732,211,0,0,0,1184,1045,139,239,202,37,520,485,35,0,0,0,0,0,0,0,0,0,0,0,0,0,0,0,30.2844141,78.9811407
UTTARAKHAND,Urban,Rudraprayag,Bicycle,12,12,0,0,0,0,3,3,0,3,3,0,0,0,0,3,3,0,3,3,0,0,0,0,0,0,0,0,0,0,30.2844141,78.9811407
UTTARAKHAND,Urban,Rudraprayag,Moped/Scooter/Motor Cycle,96,92,4,0,0,0,21,20,1,45,44,1,10,9,1,8,8,0,3,3,0,3,3,0,1,1,0,5,4,1,30.2844141,78.9811407
UTTARAKHAND,Urban,Rudraprayag,Car/Jeep/Van,98,83,15,0,0,0,9,7,2,29,24,5,16,14,2,16,11,5,6,5,1,6,6,0,11,11,0,5,5,0,30.2844141,78.9811407
UTTARAKHAND,Urban,Rudraprayag,Tempo/Autorickshaw/Taxi,7,6,1,0,0,0,0,0,0,4,3,1,0,0,0,2,2,0,0,0,0,0,0,0,1,1,0,0,0,0,30.2844141,78.9811407
UTTARAKHAND,Urban,Rudraprayag,Bus,314,216,98,0,0,0,2,2,0,84,65,19,57,35,22,62,32,30,26,13,13,33,25,8,41,36,5,9,8,1,30.2844141,78.9811407
UTTARAKHAND,Urban,Rudraprayag,Train,4,4,0,0,0,0,4,4,0,0,0,0,0,0,0,0,0,0,0,0,0,0,0,0,0,0,0,0,0,0,30.2844141,78.9811407
UTTARAKHAND,Urban,Rudraprayag,Water transport,1,0,1,0,0,0,0,0,0,0,0,0,0,0,0,0,0,0,0,0,0,0,0,0,0,0,0,1,0,1,30.2844141,78.9811407
UTTARAKHAND,Urban,Rudraprayag,Any other,1,1,0,0,0,0,0,0,0,0,0,0,0,0,0,0,0,0,0,0,0,1,1,0,0,0,0,0,0,0,30.2844141,78.9811407
UTTARAKHAND,Urban,Rudraprayag,No travel,1316,1048,268,1316,1048,268,0,0,0,0,0,0,0,0,0,0,0,0,0,0,0,0,0,0,0,0,0,0,0,0,30.2844141,78.9811407
UTTAR PRADESH,Total,Rampur,All Modes,238598,194688,43910,97369,65237,32132,41098,35606,5492,49617,46457,3160,22714,20938,1776,10854,10293,561,7449,7126,323,3070,2933,137,4514,4360,154,1913,1738,175,28.798299,79.0220287
UTTAR PRADESH,Total,Rampur,On foot,43435,36325,7110,0,0,0,27402,22565,4837,10125,8861,1264,5908,4899,1009,0,0,0,0,0,0,0,0,0,0,0,0,0,0,0,28.798299,79.0220287
UTTAR PRADESH,Total,Rampur,Bicycle,51808,50740,1068,0,0,0,8715,8491,224,25361,24813,548,9570,9453,117,4539,4476,63,3623,3507,116,0,0,0,0,0,0,0,0,0,28.798299,79.0220287
UTTAR PRADESH,Total,Rampur,Moped/Scooter/Motor Cycle,22129,21166,963,0,0,0,3355,3206,149,9446,9025,421,3722,3560,162,2567,2457,110,1135,1106,29,760,733,27,310,305,5,834,774,60,28.798299,79.0220287
UTTAR PRADESH,Total,Rampur,Car/Jeep/Van,2105,1880,225,0,0,0,223,194,29,543,460,83,333,302,31,296,264,32,203,186,17,206,190,16,194,187,7,107,97,10,28.798299,79.0220287
UTTAR PRADESH,Total,Rampur,Tempo/Autorickshaw/Taxi,3642,2725,917,0,0,0,207,125,82,1131,676,455,702,510,192,914,795,119,338,316,22,151,142,9,107,102,5,92,59,33,28.798299,79.0220287
UTTAR PRADESH,Total,Rampur,Bus,9184,8291,893,0,0,0,329,276,53,718,572,146,1121,920,201,1900,1689,211,1784,1661,123,1602,1533,69,1430,1373,57,300,267,33,28.798299,79.0220287
UTTAR PRADESH,Total,Rampur,Train,4243,4034,209,0,0,0,371,336,35,622,599,23,244,233,11,188,179,9,227,214,13,223,209,14,2030,1952,78,338,312,26,28.798299,79.0220287
UTTAR PRADESH,Total,Rampur,Water transport,98,87,11,0,0,0,26,22,4,17,16,1,24,22,2,8,6,2,2,2,0,5,5,0,9,9,0,7,5,2,28.798299,79.0220287
UTTAR PRADESH,Total,Rampur,Any other,4585,4203,382,0,0,0,470,391,79,1654,1435,219,1090,1039,51,442,427,15,137,134,3,123,121,2,434,432,2,235,224,11,28.798299,79.0220287
UTTAR PRADESH,Total,Rampur,No travel,97369,65237,32132,97369,65237,32132,0,0,0,0,0,0,0,0,0,0,0,0,0,0,0,0,0,0,0,0,0,0,0,0,28.798299,79.0220287
UTTAR PRADESH,Rural,Rampur,All Modes,108540,79255,29285,53163,30310,22853,11093,7605,3488,13846,12553,1293,12495,11504,991,8171,7892,279,4038,3898,140,2007,1929,78,2950,2857,93,777,707,70,28.798299,79.0220287
UTTAR PRADESH,Rural,Rampur,On foot,14324,9558,4766,0,0,0,8501,5205,3296,3305,2539,766,2518,1814,704,0,0,0,0,0,0,0,0,0,0,0,0,0,0,0,28.798299,79.0220287
UTTAR PRADESH,Rural,Rampur,Bicycle,20836,20369,467,0,0,0,1553,1478,75,7263,7051,212,6266,6197,69,3917,3863,54,1837,1780,57,0,0,0,0,0,0,0,0,0,28.798299,79.0220287
UTTAR PRADESH,Rural,Rampur,Moped/Scooter/Motor Cycle,7309,6949,360,0,0,0,504,463,41,1798,1658,140,1757,1687,70,1657,1602,55,684,669,15,482,466,16,181,180,1,246,224,22,28.798299,79.0220287
UTTAR PRADESH,Rural,Rampur,Car/Jeep/Van,882,802,80,0,0,0,61,51,10,143,119,24,175,163,12,159,146,13,93,89,4,125,116,9,95,92,3,31,26,5,28.798299,79.0220287
UTTAR PRADESH,Rural,Rampur,Tempo/Autorickshaw/Taxi,1927,1725,202,0,0,0,56,45,11,377,314,63,342,290,52,651,598,53,265,256,9,118,112,6,73,72,1,45,38,7,28.798299,79.0220287
UTTAR PRADESH,Rural,Rampur,Bus,6034,5665,369,0,0,0,176,149,27,424,371,53,707,644,63,1355,1267,88,1026,974,52,1082,1045,37,1078,1043,35,186,172,14,28.798299,79.0220287
UTTAR PRADESH,Rural,Rampur,Train,2257,2139,118,0,0,0,101,81,20,178,168,10,154,151,3,144,139,5,57,56,1,122,112,10,1299,1248,51,202,184,18,28.798299,79.0220287
UTTAR PRADESH,Rural,Rampur,Water transport,43,40,3,0,0,0,9,9,0,6,5,1,10,10,0,5,4,1,1,1,0,2,2,0,7,7,0,3,2,1,28.798299,79.0220287
UTTAR PRADESH,Rural,Rampur,Any other,1765,1698,67,0,0,0,132,124,8,352,328,24,566,548,18,283,273,10,75,73,2,76,76,0,217,215,2,64,61,3,28.798299,79.0220287
UTTAR PRADESH,Rural,Rampur,No travel,53163,30310,22853,53163,30310,22853,0,0,0,0,0,0,0,0,0,0,0,0,0,0,0,0,0,0,0,0,0,0,0,0,28.798299,79.0220287
UTTAR PRADESH,Urban,Rampur,All Modes,130058,115433,14625,44206,34927,9279,30005,28001,2004,35771,33904,1867,10219,9434,785,2683,2401,282,3411,3228,183,1063,1004,59,1564,1503,61,1136,1031,105,28.798299,79.0220287
UTTAR PRADESH,Urban,Rampur,On foot,29111,26767,2344,0,0,0,18901,17360,1541,6820,6322,498,3390,3085,305,0,0,0,0,0,0,0,0,0,0,0,0,0,0,0,28.798299,79.0220287
UTTAR PRADESH,Urban,Rampur,Bicycle,30972,30371,601,0,0,0,7162,7013,149,18098,17762,336,3304,3256,48,622,613,9,1786,1727,59,0,0,0,0,0,0,0,0,0,28.798299,79.0220287
UTTAR PRADESH,Urban,Rampur,Moped/Scooter/Motor Cycle,14820,14217,603,0,0,0,2851,2743,108,7648,7367,281,1965,1873,92,910,855,55,451,437,14,278,267,11,129,125,4,588,550,38,28.798299,79.0220287
UTTAR PRADESH,Urban,Rampur,Car/Jeep/Van,1223,1078,145,0,0,0,162,143,19,400,341,59,158,139,19,137,118,19,110,97,13,81,74,7,99,95,4,76,71,5,28.798299,79.0220287
UTTAR PRADESH,Urban,Rampur,Tempo/Autorickshaw/Taxi,1715,1000,715,0,0,0,151,80,71,754,362,392,360,220,140,263,197,66,73,60,13,33,30,3,34,30,4,47,21,26,28.798299,79.0220287
UTTAR PRADESH,Urban,Rampur,Bus,3150,2626,524,0,0,0,153,127,26,294,201,93,414,276,138,545,422,123,758,687,71,520,488,32,352,330,22,114,95,19,28.798299,79.0220287
UTTAR PRADESH,Urban,Rampur,Train,1986,1895,91,0,0,0,270,255,15,444,431,13,90,82,8,44,40,4,170,158,12,101,97,4,731,704,27,136,128,8,28.798299,79.0220287
UTTAR PRADESH,Urban,Rampur,Water transport,55,47,8,0,0,0,17,13,4,11,11,0,14,12,2,3,2,1,1,1,0,3,3,0,2,2,0,4,3,1,28.798299,79.0220287
UTTAR PRADESH,Urban,Rampur,Any other,2820,2505,315,0,0,0,338,267,71,1302,1107,195,524,491,33,159,154,5,62,61,1,47,45,2,217,217,0,171,163,8,28.798299,79.0220287
UTTAR PRADESH,Urban,Rampur,No travel,44206,34927,9279,44206,34927,9279,0,0,0,0,0,0,0,0,0,0,0,0,0,0,0,0,0,0,0,0,0,0,0,0,28.798299,79.0220287
UTTAR PRADESH,Total,Mainpuri,All Modes,127994,99115,28879,63999,42971,21028,18386,15297,3089,20258,18117,2141,11380,9885,1495,4226,3826,400,3347,3034,313,1488,1376,112,3703,3518,185,1207,1091,116,27.2284986,79.0249516
UTTAR PRADESH,Total,Mainpuri,On foot,24365,19549,4816,0,0,0,13685,10937,2748,6295,5129,1166,4385,3483,902,0,0,0,0,0,0,0,0,0,0,0,0,0,0,0,27.2284986,79.0249516
UTTAR PRADESH,Total,Mainpuri,Bicycle,17898,17098,800,0,0,0,2675,2514,161,8370,8013,357,3850,3709,141,1427,1399,28,1576,1463,113,0,0,0,0,0,0,0,0,0,27.2284986,79.0249516
UTTAR PRADESH,Total,Mainpuri,Moped/Scooter/Motor Cycle,11083,10317,766,0,0,0,1407,1324,83,4253,3937,316,1877,1725,152,1487,1376,111,703,668,35,456,438,18,356,340,16,544,509,35,27.2284986,79.0249516
UTTAR PRADESH,Total,Mainpuri,Car/Jeep/Van,1091,946,145,0,0,0,116,102,14,260,221,39,183,149,34,161,133,28,89,78,11,89,87,2,118,111,7,75,65,10,27.2284986,79.0249516
UTTAR PRADESH,Total,Mainpuri,Tempo/Autorickshaw/Taxi,1334,954,380,0,0,0,109,74,35,416,263,153,380,269,111,209,163,46,80,70,10,33,31,2,48,44,4,59,40,19,27.2284986,79.0249516
UTTAR PRADESH,Total,Mainpuri,Bus,5820,5068,752,0,0,0,199,176,23,289,223,66,402,284,118,827,652,175,850,710,140,827,745,82,2131,2012,119,295,266,29,27.2284986,79.0249516
UTTAR PRADESH,Total,Mainpuri,Train,1635,1527,108,0,0,0,104,90,14,186,174,12,101,90,11,82,72,10,27,23,4,48,41,7,941,904,37,146,133,13,27.2284986,79.0249516
UTTAR PRADESH,Total,Mainpuri,Water transport,48,40,8,0,0,0,11,8,3,2,1,1,2,2,0,2,1,1,3,3,0,3,3,0,18,17,1,7,5,2,27.2284986,79.0249516
UTTAR PRADESH,Total,Mainpuri,Any other,721,645,76,0,0,0,80,72,8,187,156,31,200,174,26,31,30,1,19,19,0,32,31,1,91,90,1,81,73,8,27.2284986,79.0249516
UTTAR PRADESH,Total,Mainpuri,No travel,63999,42971,21028,63999,42971,21028,0,0,0,0,0,0,0,0,0,0,0,0,0,0,0,0,0,0,0,0,0,0,0,0,27.2284986,79.0249516
UTTAR PRADESH,Rural,Mainpuri,All Modes,70742,49794,20948,41602,24848,16754,6430,4505,1925,7997,7083,914,6209,5350,859,2634,2490,144,1907,1757,150,922,865,57,2472,2381,91,569,515,54,27.2284986,79.0249516
UTTAR PRADESH,Rural,Mainpuri,On foot,8901,6029,2872,0,0,0,4842,3108,1734,2212,1683,529,1847,1238,609,0,0,0,0,0,0,0,0,0,0,0,0,0,0,0,27.2284986,79.0249516
UTTAR PRADESH,Rural,Mainpuri,Bicycle,9686,9176,510,0,0,0,982,867,115,3964,3769,195,2677,2579,98,1099,1076,23,964,885,79,0,0,0,0,0,0,0,0,0,27.2284986,79.0249516
UTTAR PRADESH,Rural,Mainpuri,Moped/Scooter/Motor Cycle,4323,4087,236,0,0,0,313,288,25,1236,1153,83,950,902,48,800,763,37,370,356,14,282,272,10,192,185,7,180,168,12,27.2284986,79.0249516
UTTAR PRADESH,Rural,Mainpuri,Car/Jeep/Van,481,437,44,0,0,0,45,38,7,69,60,9,90,79,11,79,72,7,50,47,3,51,50,1,60,59,1,37,32,5,27.2284986,79.0249516
UTTAR PRADESH,Rural,Mainpuri,Tempo/Autorickshaw/Taxi,809,661,148,0,0,0,42,30,12,219,161,58,263,217,46,135,122,13,65,59,6,20,19,1,36,34,2,29,19,10,27.2284986,79.0249516
UTTAR PRADESH,Rural,Mainpuri,Bus,3414,3132,282,0,0,0,116,99,17,137,113,24,218,185,33,443,383,60,425,381,44,512,474,38,1376,1323,53,187,174,13,27.2284986,79.0249516
UTTAR PRADESH,Rural,Mainpuri,Train,1141,1068,73,0,0,0,52,45,7,88,80,8,63,58,5,55,52,3,20,16,4,33,27,6,727,700,27,103,90,13,27.2284986,79.0249516
UTTAR PRADESH,Rural,Mainpuri,Water transport,28,26,2,0,0,0,6,4,2,0,0,0,2,2,0,1,1,0,2,2,0,2,2,0,12,12,0,3,3,0,27.2284986,79.0249516
UTTAR PRADESH,Rural,Mainpuri,Any other,357,330,27,0,0,0,32,26,6,72,64,8,99,90,9,22,21,1,11,11,0,22,21,1,69,68,1,30,29,1,27.2284986,79.0249516
UTTAR PRADESH,Rural,Mainpuri,No travel,41602,24848,16754,41602,24848,16754,0,0,0,0,0,0,0,0,0,0,0,0,0,0,0,0,0,0,0,0,0,0,0,0,27.2284986,79.0249516
UTTAR PRADESH,Urban,Mainpuri,All Modes,57252,49321,7931,22397,18123,4274,11956,10792,1164,12261,11034,1227,5171,4535,636,1592,1336,256,1440,1277,163,566,511,55,1231,1137,94,638,576,62,27.2284986,79.0249516
UTTAR PRADESH,Urban,Mainpuri,On foot,15464,13520,1944,0,0,0,8843,7829,1014,4083,3446,637,2538,2245,293,0,0,0,0,0,0,0,0,0,0,0,0,0,0,0,27.2284986,79.0249516
UTTAR PRADESH,Urban,Mainpuri,Bicycle,8212,7922,290,0,0,0,1693,1647,46,4406,4244,162,1173,1130,43,328,323,5,612,578,34,0,0,0,0,0,0,0,0,0,27.2284986,79.0249516
UTTAR PRADESH,Urban,Mainpuri,Moped/Scooter/Motor Cycle,6760,6230,530,0,0,0,1094,1036,58,3017,2784,233,927,823,104,687,613,74,333,312,21,174,166,8,164,155,9,364,341,23,27.2284986,79.0249516
UTTAR PRADESH,Urban,Mainpuri,Car/Jeep/Van,610,509,101,0,0,0,71,64,7,191,161,30,93,70,23,82,61,21,39,31,8,38,37,1,58,52,6,38,33,5,27.2284986,79.0249516
UTTAR PRADESH,Urban,Mainpuri,Tempo/Autorickshaw/Taxi,525,293,232,0,0,0,67,44,23,197,102,95,117,52,65,74,41,33,15,11,4,13,12,1,12,10,2,30,21,9,27.2284986,79.0249516
UTTAR PRADESH,Urban,Mainpuri,Bus,2406,1936,470,0,0,0,83,77,6,152,110,42,184,99,85,384,269,115,425,329,96,315,271,44,755,689,66,108,92,16,27.2284986,79.0249516
UTTAR PRADESH,Urban,Mainpuri,Train,494,459,35,0,0,0,52,45,7,98,94,4,38,32,6,27,20,7,7,7,0,15,14,1,214,204,10,43,43,0,27.2284986,79.0249516
UTTAR PRADESH,Urban,Mainpuri,Water transport,20,14,6,0,0,0,5,4,1,2,1,1,0,0,0,1,0,1,1,1,0,1,1,0,6,5,1,4,2,2,27.2284986,79.0249516
UTTAR PRADESH,Urban,Mainpuri,Any other,364,315,49,0,0,0,48,46,2,115,92,23,101,84,17,9,9,0,8,8,0,10,10,0,22,22,0,51,44,7,27.2284986,79.0249516
UTTAR PRADESH,Urban,Mainpuri,No travel,22397,18123,4274,22397,18123,4274,0,0,0,0,0,0,0,0,0,0,0,0,0,0,0,0,0,0,0,0,0,0,0,0,27.2284986,79.0249516
UTTAR PRADESH,Total,Etawah,All Modes,156416,125900,30516,67668,46838,20830,25679,21611,4068,27886,25379,2507,13933,12335,1598,6371,5791,580,4001,3647,354,2167,1992,175,7424,7114,310,1287,1193,94,26.7829103,79.027659
UTTAR PRADESH,Total,Etawah,On foot,32249,26395,5854,0,0,0,19260,15633,3627,8555,7281,1274,4434,3481,953,0,0,0,0,0,0,0,0,0,0,0,0,0,0,0,26.7829103,79.027659
UTTAR PRADESH,Total,Etawah,Bicycle,24952,24083,869,0,0,0,3347,3225,122,12031,11577,454,5545,5414,131,2210,2157,53,1819,1710,109,0,0,0,0,0,0,0,0,0,26.7829103,79.027659
UTTAR PRADESH,Total,Etawah,Moped/Scooter/Motor Cycle,13714,12895,819,0,0,0,2169,2041,128,5215,4919,296,2201,2051,150,1836,1698,138,796,759,37,620,590,30,431,417,14,446,420,26,26.7829103,79.027659
UTTAR PRADESH,Total,Etawah,Car/Jeep/Van,1424,1213,211,0,0,0,191,148,43,258,211,47,159,133,26,254,213,41,136,115,21,153,140,13,179,169,10,94,84,10,26.7829103,79.027659
UTTAR PRADESH,Total,Etawah,Tempo/Autorickshaw/Taxi,2359,1691,668,0,0,0,142,91,51,594,322,272,670,479,191,608,502,106,139,116,23,69,63,6,62,55,7,75,63,12,26.7829103,79.027659
UTTAR PRADESH,Total,Etawah,Bus,6155,5234,921,0,0,0,193,120,73,397,285,112,614,472,142,1163,946,217,899,752,147,936,834,102,1793,1684,109,160,141,19,26.7829103,79.027659
UTTAR PRADESH,Total,Etawah,Train,6790,6515,275,0,0,0,234,221,13,415,394,21,201,196,5,219,196,23,163,150,13,343,321,22,4764,4606,158,451,431,20,26.7829103,79.027659
UTTAR PRADESH,Total,Etawah,Water transport,85,77,8,0,0,0,11,10,1,7,6,1,12,12,0,7,6,1,7,6,1,9,8,1,23,22,1,9,7,2,26.7829103,79.027659
UTTAR PRADESH,Total,Etawah,Any other,1020,959,61,0,0,0,132,122,10,414,384,30,97,97,0,74,73,1,42,39,3,37,36,1,172,161,11,52,47,5,26.7829103,79.027659
UTTAR PRADESH,Total,Etawah,No travel,67668,46838,20830,67668,46838,20830,0,0,0,0,0,0,0,0,0,0,0,0,0,0,0,0,0,0,0,0,0,0,0,0,26.7829103,79.027659
UTTAR PRADESH,Rural,Etawah,All Modes,73311,54527,18784,37306,23249,14057,7143,4754,2389,8658,7732,926,7720,6859,861,3810,3644,166,2201,2075,126,1155,1101,54,4679,4514,165,639,599,40,26.7829103,79.027659
UTTAR PRADESH,Rural,Etawah,On foot,9590,6222,3368,0,0,0,5564,3386,2178,2096,1558,538,1930,1278,652,0,0,0,0,0,0,0,0,0,0,0,0,0,0,0,26.7829103,79.027659
UTTAR PRADESH,Rural,Etawah,Bicycle,12718,12251,467,0,0,0,915,853,62,4955,4723,232,4005,3921,84,1742,1717,25,1101,1037,64,0,0,0,0,0,0,0,0,0,26.7829103,79.027659
UTTAR PRADESH,Rural,Etawah,Moped/Scooter/Motor Cycle,4168,3919,249,0,0,0,337,278,59,988,927,61,892,850,42,882,832,50,391,376,15,312,304,8,211,206,5,155,146,9,26.7829103,79.027659
UTTAR PRADESH,Rural,Etawah,Car/Jeep/Van,633,565,68,0,0,0,85,56,29,59,52,7,67,63,4,118,109,9,79,74,5,73,71,2,92,88,4,60,52,8,26.7829103,79.027659
UTTAR PRADESH,Rural,Etawah,Tempo/Autorickshaw/Taxi,1058,930,128,0,0,0,35,26,9,143,112,31,326,278,48,375,347,28,79,73,6,30,29,1,38,37,1,32,28,4,26.7829103,79.027659
UTTAR PRADESH,Rural,Etawah,Bus,3203,2919,284,0,0,0,94,51,43,175,134,41,323,294,29,533,489,44,429,399,30,548,513,35,1013,955,58,88,84,4,26.7829103,79.027659
UTTAR PRADESH,Rural,Etawah,Train,4118,3979,139,0,0,0,74,67,7,143,132,11,122,120,2,98,89,9,88,83,5,157,150,7,3169,3082,87,267,256,11,26.7829103,79.027659
UTTAR PRADESH,Rural,Etawah,Water transport,53,48,5,0,0,0,5,4,1,3,2,1,8,8,0,6,5,1,5,5,0,7,7,0,15,14,1,4,3,1,26.7829103,79.027659
UTTAR PRADESH,Rural,Etawah,Any other,464,445,19,0,0,0,34,33,1,96,92,4,47,47,0,56,56,0,29,28,1,28,27,1,141,132,9,33,30,3,26.7829103,79.027659
UTTAR PRADESH,Rural,Etawah,No travel,37306,23249,14057,37306,23249,14057,0,0,0,0,0,0,0,0,0,0,0,0,0,0,0,0,0,0,0,0,0,0,0,0,26.7829103,79.027659
UTTAR PRADESH,Urban,Etawah,All Modes,83105,71373,11732,30362,23589,6773,18536,16857,1679,19228,17647,1581,6213,5476,737,2561,2147,414,1800,1572,228,1012,891,121,2745,2600,145,648,594,54,26.7829103,79.027659
UTTAR PRADESH,Urban,Etawah,On foot,22659,20173,2486,0,0,0,13696,12247,1449,6459,5723,736,2504,2203,301,0,0,0,0,0,0,0,0,0,0,0,0,0,0,0,26.7829103,79.027659
UTTAR PRADESH,Urban,Etawah,Bicycle,12234,11832,402,0,0,0,2432,2372,60,7076,6854,222,1540,1493,47,468,440,28,718,673,45,0,0,0,0,0,0,0,0,0,26.7829103,79.027659
UTTAR PRADESH,Urban,Etawah,Moped/Scooter/Motor Cycle,9546,8976,570,0,0,0,1832,1763,69,4227,3992,235,1309,1201,108,954,866,88,405,383,22,308,286,22,220,211,9,291,274,17,26.7829103,79.027659
UTTAR PRADESH,Urban,Etawah,Car/Jeep/Van,791,648,143,0,0,0,106,92,14,199,159,40,92,70,22,136,104,32,57,41,16,80,69,11,87,81,6,34,32,2,26.7829103,79.027659
UTTAR PRADESH,Urban,Etawah,Tempo/Autorickshaw/Taxi,1301,761,540,0,0,0,107,65,42,451,210,241,344,201,143,233,155,78,60,43,17,39,34,5,24,18,6,43,35,8,26.7829103,79.027659
UTTAR PRADESH,Urban,Etawah,Bus,2952,2315,637,0,0,0,99,69,30,222,151,71,291,178,113,630,457,173,470,353,117,388,321,67,780,729,51,72,57,15,26.7829103,79.027659
UTTAR PRADESH,Urban,Etawah,Train,2672,2536,136,0,0,0,160,154,6,272,262,10,79,76,3,121,107,14,75,67,8,186,171,15,1595,1524,71,184,175,9,26.7829103,79.027659
UTTAR PRADESH,Urban,Etawah,Water transport,32,29,3,0,0,0,6,6,0,4,4,0,4,4,0,1,1,0,2,1,1,2,1,1,8,8,0,5,4,1,26.7829103,79.027659
UTTAR PRADESH,Urban,Etawah,Any other,556,514,42,0,0,0,98,89,9,318,292,26,50,50,0,18,17,1,13,11,2,9,9,0,31,29,2,19,17,2,26.7829103,79.027659
UTTAR PRADESH,Urban,Etawah,No travel,30362,23589,6773,30362,23589,6773,0,0,0,0,0,0,0,0,0,0,0,0,0,0,0,0,0,0,0,0,0,0,0,0,26.7829103,79.027659
TAMIL NADU,Total,Tiruvannamalai,All Modes,373753,288359,85394,123397,87796,35601,47725,34850,12875,64213,50562,13651,43554,34434,9120,27790,22848,4942,18140,15518,2622,12981,11146,1835,31447,27221,4226,4506,3984,522,12.2252841,79.0746957
TAMIL NADU,Total,Tiruvannamalai,On foot,52685,31448,21237,0,0,0,27755,16847,10908,15252,8256,6996,9678,6345,3333,0,0,0,0,0,0,0,0,0,0,0,0,0,0,0,12.2252841,79.0746957
TAMIL NADU,Total,Tiruvannamalai,Bicycle,49262,45507,3755,0,0,0,10363,9631,732,23853,21853,2000,8470,7888,582,2729,2565,164,3847,3570,277,0,0,0,0,0,0,0,0,0,12.2252841,79.0746957
TAMIL NADU,Total,Tiruvannamalai,Moped/Scooter/Motor Cycle,43942,40374,3568,0,0,0,7144,6563,581,15867,14388,1479,9303,8447,856,5846,5468,378,2143,2031,112,1288,1238,50,745,711,34,1606,1528,78,12.2252841,79.0746957
TAMIL NADU,Total,Tiruvannamalai,Car/Jeep/Van,4651,3794,857,0,0,0,296,253,43,770,567,203,717,534,183,593,478,115,447,378,69,543,474,69,1064,912,152,221,198,23,12.2252841,79.0746957
TAMIL NADU,Total,Tiruvannamalai,Tempo/Autorickshaw/Taxi,3334,2828,506,0,0,0,295,253,42,714,538,176,776,592,184,407,373,34,283,269,14,296,278,18,388,372,16,175,153,22,12.2252841,79.0746957
TAMIL NADU,Total,Tiruvannamalai,Bus,91953,72520,19433,0,0,0,1652,1115,537,7340,4597,2743,14126,10211,3915,17820,13629,4191,11174,9053,2121,10478,8814,1664,27379,23483,3896,1984,1618,366,12.2252841,79.0746957
TAMIL NADU,Total,Tiruvannamalai,Train,2234,1968,266,0,0,0,91,75,16,126,96,30,193,149,44,175,143,32,115,98,17,153,131,22,1126,1033,93,255,243,12,12.2252841,79.0746957
TAMIL NADU,Total,Tiruvannamalai,Water transport,123,100,23,0,0,0,8,8,0,20,17,3,20,14,6,12,8,4,6,5,1,8,6,2,37,31,6,12,11,1,12.2252841,79.0746957
TAMIL NADU,Total,Tiruvannamalai,Any other,2172,2024,148,0,0,0,121,105,16,271,250,21,271,254,17,208,184,24,125,114,11,215,205,10,708,679,29,253,233,20,12.2252841,79.0746957
TAMIL NADU,Total,Tiruvannamalai,No travel,123397,87796,35601,123397,87796,35601,0,0,0,0,0,0,0,0,0,0,0,0,0,0,0,0,0,0,0,0,0,0,0,0,12.2252841,79.0746957
TAMIL NADU,Rural,Tiruvannamalai,All Modes,227300,173442,53858,84842,60148,24694,16304,10344,5960,29936,22555,7381,28613,22640,5973,20585,17323,3262,12154,10484,1670,9130,7858,1272,23172,19857,3315,2564,2233,331,12.2252841,79.0746957
TAMIL NADU,Rural,Tiruvannamalai,On foot,24824,13308,11516,0,0,0,11334,6025,5309,7889,3884,4005,5601,3399,2202,0,0,0,0,0,0,0,0,0,0,0,0,0,0,0,12.2252841,79.0746957
TAMIL NADU,Rural,Tiruvannamalai,Bicycle,22907,20884,2023,0,0,0,2509,2277,232,10952,9846,1106,5737,5309,428,1851,1739,112,1858,1713,145,0,0,0,0,0,0,0,0,0,12.2252841,79.0746957
TAMIL NADU,Rural,Tiruvannamalai,Moped/Scooter/Motor Cycle,20095,18540,1555,0,0,0,1308,1201,107,5743,5175,568,5657,5164,493,3998,3781,217,1433,1358,75,843,806,37,481,462,19,632,593,39,12.2252841,79.0746957
TAMIL NADU,Rural,Tiruvannamalai,Car/Jeep/Van,2645,2042,603,0,0,0,72,58,14,330,221,109,425,294,131,420,322,98,283,231,52,320,266,54,680,553,127,115,97,18,12.2252841,79.0746957
TAMIL NADU,Rural,Tiruvannamalai,Tempo/Autorickshaw/Taxi,1729,1423,306,0,0,0,65,51,14,295,215,80,506,356,150,242,222,20,180,174,6,153,142,11,233,219,14,55,44,11,12.2252841,79.0746957
TAMIL NADU,Rural,Tiruvannamalai,Bus,67184,54309,12875,0,0,0,926,660,266,4551,3064,1487,10365,7841,2524,13774,11004,2770,8220,6846,1374,7522,6373,1149,20381,17321,3060,1445,1200,245,12.2252841,79.0746957
TAMIL NADU,Rural,Tiruvannamalai,Train,1592,1409,183,0,0,0,37,27,10,60,44,16,131,100,31,134,113,21,91,78,13,118,105,13,853,780,73,168,162,6,12.2252841,79.0746957
TAMIL NADU,Rural,Tiruvannamalai,Water transport,66,54,12,0,0,0,2,2,0,3,3,0,16,11,5,8,5,3,2,2,0,5,5,0,22,18,4,8,8,0,12.2252841,79.0746957
TAMIL NADU,Rural,Tiruvannamalai,Any other,1416,1325,91,0,0,0,51,43,8,113,103,10,175,166,9,158,137,21,87,82,5,169,161,8,522,504,18,141,129,12,12.2252841,79.0746957
TAMIL NADU,Rural,Tiruvannamalai,No travel,84842,60148,24694,84842,60148,24694,0,0,0,0,0,0,0,0,0,0,0,0,0,0,0,0,0,0,0,0,0,0,0,0,12.2252841,79.0746957
TAMIL NADU,Urban,Tiruvannamalai,All Modes,146453,114917,31536,38555,27648,10907,31421,24506,6915,34277,28007,6270,14941,11794,3147,7205,5525,1680,5986,5034,952,3851,3288,563,8275,7364,911,1942,1751,191,12.2252841,79.0746957
TAMIL NADU,Urban,Tiruvannamalai,On foot,27861,18140,9721,0,0,0,16421,10822,5599,7363,4372,2991,4077,2946,1131,0,0,0,0,0,0,0,0,0,0,0,0,0,0,0,12.2252841,79.0746957
TAMIL NADU,Urban,Tiruvannamalai,Bicycle,26355,24623,1732,0,0,0,7854,7354,500,12901,12007,894,2733,2579,154,878,826,52,1989,1857,132,0,0,0,0,0,0,0,0,0,12.2252841,79.0746957
TAMIL NADU,Urban,Tiruvannamalai,Moped/Scooter/Motor Cycle,23847,21834,2013,0,0,0,5836,5362,474,10124,9213,911,3646,3283,363,1848,1687,161,710,673,37,445,432,13,264,249,15,974,935,39,12.2252841,79.0746957
TAMIL NADU,Urban,Tiruvannamalai,Car/Jeep/Van,2006,1752,254,0,0,0,224,195,29,440,346,94,292,240,52,173,156,17,164,147,17,223,208,15,384,359,25,106,101,5,12.2252841,79.0746957
TAMIL NADU,Urban,Tiruvannamalai,Tempo/Autorickshaw/Taxi,1605,1405,200,0,0,0,230,202,28,419,323,96,270,236,34,165,151,14,103,95,8,143,136,7,155,153,2,120,109,11,12.2252841,79.0746957
TAMIL NADU,Urban,Tiruvannamalai,Bus,24769,18211,6558,0,0,0,726,455,271,2789,1533,1256,3761,2370,1391,4046,2625,1421,2954,2207,747,2956,2441,515,6998,6162,836,539,418,121,12.2252841,79.0746957
TAMIL NADU,Urban,Tiruvannamalai,Train,642,559,83,0,0,0,54,48,6,66,52,14,62,49,13,41,30,11,24,20,4,35,26,9,273,253,20,87,81,6,12.2252841,79.0746957
TAMIL NADU,Urban,Tiruvannamalai,Water transport,57,46,11,0,0,0,6,6,0,17,14,3,4,3,1,4,3,1,4,3,1,3,1,2,15,13,2,4,3,1,12.2252841,79.0746957
TAMIL NADU,Urban,Tiruvannamalai,Any other,756,699,57,0,0,0,70,62,8,158,147,11,96,88,8,50,47,3,38,32,6,46,44,2,186,175,11,112,104,8,12.2252841,79.0746957
TAMIL NADU,Urban,Tiruvannamalai,No travel,38555,27648,10907,38555,27648,10907,0,0,0,0,0,0,0,0,0,0,0,0,0,0,0,0,0,0,0,0,0,0,0,0,12.2252841,79.0746957
TAMIL NADU,Total,Ariyalur,All Modes,72138,54047,18091,28269,19311,8958,9156,6763,2393,10727,8123,2604,8666,6766,1900,4922,4054,868,3421,2962,459,2331,2004,327,3521,3099,422,1125,965,160,11.1400585,79.0786281
TAMIL NADU,Total,Ariyalur,On foot,8574,5120,3454,0,0,0,4341,2644,1697,1954,966,988,2279,1510,769,0,0,0,0,0,0,0,0,0,0,0,0,0,0,0,11.1400585,79.0786281
TAMIL NADU,Total,Ariyalur,Bicycle,8204,7307,897,0,0,0,1818,1628,190,3402,2920,482,1419,1316,103,547,508,39,1018,935,83,0,0,0,0,0,0,0,0,0,11.1400585,79.0786281
TAMIL NADU,Total,Ariyalur,Moped/Scooter/Motor Cycle,10189,9132,1057,0,0,0,1986,1818,168,3068,2655,413,1996,1768,228,1299,1194,105,567,526,41,435,398,37,319,298,21,519,475,44,11.1400585,79.0786281
TAMIL NADU,Total,Ariyalur,Car/Jeep/Van,1079,887,192,0,0,0,144,113,31,236,156,80,170,138,32,133,111,22,92,84,8,96,92,4,146,140,6,62,53,9,11.1400585,79.0786281
TAMIL NADU,Total,Ariyalur,Tempo/Autorickshaw/Taxi,803,708,95,0,0,0,108,91,17,174,147,27,158,141,17,117,103,14,52,48,4,68,65,3,79,73,6,47,40,7,11.1400585,79.0786281
TAMIL NADU,Total,Ariyalur,Bus,14020,10699,3321,0,0,0,695,417,278,1797,1201,596,2567,1827,740,2734,2059,675,1644,1323,321,1650,1380,270,2563,2212,351,370,280,90,11.1400585,79.0786281
TAMIL NADU,Total,Ariyalur,Train,685,582,103,0,0,0,41,29,12,57,42,15,44,33,11,66,57,9,35,33,2,63,50,13,333,300,33,46,38,8,11.1400585,79.0786281
TAMIL NADU,Total,Ariyalur,Water transport,11,11,0,0,0,0,1,1,0,2,2,0,1,1,0,0,0,0,1,1,0,0,0,0,2,2,0,4,4,0,11.1400585,79.0786281
TAMIL NADU,Total,Ariyalur,Any other,304,290,14,0,0,0,22,22,0,37,34,3,32,32,0,26,22,4,12,12,0,19,19,0,79,74,5,77,75,2,11.1400585,79.0786281
TAMIL NADU,Total,Ariyalur,No travel,28269,19311,8958,28269,19311,8958,0,0,0,0,0,0,0,0,0,0,0,0,0,0,0,0,0,0,0,0,0,0,0,0,11.1400585,79.0786281
TAMIL NADU,Rural,Ariyalur,All Modes,52060,38549,13511,21503,14489,7014,5051,3455,1596,7171,5310,1861,6280,4913,1367,3951,3328,623,2619,2274,345,1807,1562,245,2890,2548,342,788,670,118,11.1400585,79.0786281
TAMIL NADU,Rural,Ariyalur,On foot,5050,2625,2425,0,0,0,2360,1194,1166,1274,563,711,1416,868,548,0,0,0,0,0,0,0,0,0,0,0,0,0,0,0,11.1400585,79.0786281
TAMIL NADU,Rural,Ariyalur,Bicycle,5159,4553,606,0,0,0,901,781,120,2074,1743,331,1057,997,60,441,412,29,686,620,66,0,0,0,0,0,0,0,0,0,11.1400585,79.0786281
TAMIL NADU,Rural,Ariyalur,Moped/Scooter/Motor Cycle,7219,6503,716,0,0,0,1140,1051,89,2148,1857,291,1552,1394,158,1023,944,79,457,428,29,340,314,26,257,240,17,302,275,27,11.1400585,79.0786281
TAMIL NADU,Rural,Ariyalur,Car/Jeep/Van,714,579,135,0,0,0,79,62,17,139,82,57,104,81,23,98,81,17,74,68,6,60,57,3,112,108,4,48,40,8,11.1400585,79.0786281
TAMIL NADU,Rural,Ariyalur,Tempo/Autorickshaw/Taxi,590,522,68,0,0,0,69,59,10,126,105,21,110,98,12,92,82,10,39,36,3,57,55,2,65,60,5,32,27,5,11.1400585,79.0786281
TAMIL NADU,Rural,Ariyalur,Bus,11063,8602,2461,0,0,0,457,272,185,1343,908,435,1979,1422,557,2222,1740,482,1321,1082,239,1285,1081,204,2152,1862,290,304,235,69,11.1400585,79.0786281
TAMIL NADU,Rural,Ariyalur,Train,518,444,74,0,0,0,32,23,9,42,29,13,38,29,9,53,50,3,30,28,2,49,39,10,239,218,21,35,28,7,11.1400585,79.0786281
TAMIL NADU,Rural,Ariyalur,Water transport,6,6,0,0,0,0,1,1,0,2,2,0,0,0,0,0,0,0,1,1,0,0,0,0,1,1,0,1,1,0,11.1400585,79.0786281
TAMIL NADU,Rural,Ariyalur,Any other,238,226,12,0,0,0,12,12,0,23,21,2,24,24,0,22,19,3,11,11,0,16,16,0,64,59,5,66,64,2,11.1400585,79.0786281
TAMIL NADU,Rural,Ariyalur,No travel,21503,14489,7014,21503,14489,7014,0,0,0,0,0,0,0,0,0,0,0,0,0,0,0,0,0,0,0,0,0,0,0,0,11.1400585,79.0786281
TAMIL NADU,Urban,Ariyalur,All Modes,20078,15498,4580,6766,4822,1944,4105,3308,797,3556,2813,743,2386,1853,533,971,726,245,802,688,114,524,442,82,631,551,80,337,295,42,11.1400585,79.0786281
TAMIL NADU,Urban,Ariyalur,On foot,3524,2495,1029,0,0,0,1981,1450,531,680,403,277,863,642,221,0,0,0,0,0,0,0,0,0,0,0,0,0,0,0,11.1400585,79.0786281
TAMIL NADU,Urban,Ariyalur,Bicycle,3045,2754,291,0,0,0,917,847,70,1328,1177,151,362,319,43,106,96,10,332,315,17,0,0,0,0,0,0,0,0,0,11.1400585,79.0786281
TAMIL NADU,Urban,Ariyalur,Moped/Scooter/Motor Cycle,2970,2629,341,0,0,0,846,767,79,920,798,122,444,374,70,276,250,26,110,98,12,95,84,11,62,58,4,217,200,17,11.1400585,79.0786281
TAMIL NADU,Urban,Ariyalur,Car/Jeep/Van,365,308,57,0,0,0,65,51,14,97,74,23,66,57,9,35,30,5,18,16,2,36,35,1,34,32,2,14,13,1,11.1400585,79.0786281
TAMIL NADU,Urban,Ariyalur,Tempo/Autorickshaw/Taxi,213,186,27,0,0,0,39,32,7,48,42,6,48,43,5,25,21,4,13,12,1,11,10,1,14,13,1,15,13,2,11.1400585,79.0786281
TAMIL NADU,Urban,Ariyalur,Bus,2957,2097,860,0,0,0,238,145,93,454,293,161,588,405,183,512,319,193,323,241,82,365,299,66,411,350,61,66,45,21,11.1400585,79.0786281
TAMIL NADU,Urban,Ariyalur,Train,167,138,29,0,0,0,9,6,3,15,13,2,6,4,2,13,7,6,5,5,0,14,11,3,94,82,12,11,10,1,11.1400585,79.0786281
TAMIL NADU,Urban,Ariyalur,Water transport,5,5,0,0,0,0,0,0,0,0,0,0,1,1,0,0,0,0,0,0,0,0,0,0,1,1,0,3,3,0,11.1400585,79.0786281
TAMIL NADU,Urban,Ariyalur,Any other,66,64,2,0,0,0,10,10,0,14,13,1,8,8,0,4,3,1,1,1,0,3,3,0,15,15,0,11,11,0,11.1400585,79.0786281
TAMIL NADU,Urban,Ariyalur,No travel,6766,4822,1944,6766,4822,1944,0,0,0,0,0,0,0,0,0,0,0,0,0,0,0,0,0,0,0,0,0,0,0,0,11.1400585,79.0786281
MAHARASHTRA,Total,Nagpur,All Modes,1185948,947659,238289,214351,149378,64973,150155,112558,37597,374417,300145,74272,241657,204176,37481,100747,89203,11544,45750,41363,4387,22977,19998,2979,18410,15939,2471,17484,14899,2585,21.1458004,79.0881546
MAHARASHTRA,Total,Nagpur,On foot,212489,133259,79230,0,0,0,93210,62363,30847,85164,48125,37039,34115,22771,11344,0,0,0,0,0,0,0,0,0,0,0,0,0,0,0,21.1458004,79.0881546
MAHARASHTRA,Total,Nagpur,Bicycle,292524,273399,19125,0,0,0,22634,21007,1627,141624,131363,10261,80202,75574,4628,27457,26230,1227,20607,19225,1382,0,0,0,0,0,0,0,0,0,21.1458004,79.0881546
MAHARASHTRA,Total,Nagpur,Moped/Scooter/Motor Cycle,325491,282184,43307,0,0,0,27610,23946,3664,118880,100835,18045,96012,82824,13188,48884,43759,5125,11876,11024,852,9003,8191,812,2917,2679,238,10309,8926,1383,21.1458004,79.0881546
MAHARASHTRA,Total,Nagpur,Car/Jeep/Van,30238,25674,4564,0,0,0,2295,1888,407,9010,7481,1529,7194,6011,1183,4522,3878,644,2244,1955,289,2166,1941,225,1512,1387,125,1295,1133,162,21.1458004,79.0881546
MAHARASHTRA,Total,Nagpur,Tempo/Autorickshaw/Taxi,33302,25275,8027,0,0,0,1906,1496,410,9155,5512,3643,9303,6756,2547,6010,5155,855,2348,2212,136,1817,1690,127,920,843,77,1843,1611,232,21.1458004,79.0881546
MAHARASHTRA,Total,Nagpur,Bus,58574,42161,16413,0,0,0,1377,929,448,7715,4491,3224,12106,7928,4178,11952,8456,3496,7597,5994,1603,8515,6851,1664,7386,6085,1301,1926,1427,499,21.1458004,79.0881546
MAHARASHTRA,Total,Nagpur,Train,10835,9212,1623,0,0,0,477,387,90,774,636,138,684,542,142,741,633,108,654,547,107,1017,897,120,5042,4350,692,1446,1220,226,21.1458004,79.0881546
MAHARASHTRA,Total,Nagpur,Water transport,438,355,83,0,0,0,74,57,17,82,71,11,101,79,22,55,44,11,20,18,2,23,17,6,34,29,5,49,40,9,21.1458004,79.0881546
MAHARASHTRA,Total,Nagpur,Any other,7706,6762,944,0,0,0,572,485,87,2013,1631,382,1940,1691,249,1126,1048,78,404,388,16,436,411,25,599,566,33,616,542,74,21.1458004,79.0881546
MAHARASHTRA,Total,Nagpur,No travel,214351,149378,64973,214351,149378,64973,0,0,0,0,0,0,0,0,0,0,0,0,0,0,0,0,0,0,0,0,0,0,0,0,21.1458004,79.0881546
MAHARASHTRA,Rural,Nagpur,All Modes,161364,129469,31895,47386,32812,14574,26560,20504,6056,37037,31534,5503,23575,20342,3233,12616,11521,1095,6619,6015,604,3752,3364,388,2729,2407,322,1090,970,120,21.1458004,79.0881546
MAHARASHTRA,Rural,Nagpur,On foot,35538,24807,10731,0,0,0,19263,13766,5497,10688,7199,3489,5587,3842,1745,0,0,0,0,0,0,0,0,0,0,0,0,0,0,0,21.1458004,79.0881546
MAHARASHTRA,Rural,Nagpur,Bicycle,33495,31887,1608,0,0,0,3335,3166,169,16032,15221,811,8272,7925,347,3589,3452,137,2267,2123,144,0,0,0,0,0,0,0,0,0,21.1458004,79.0881546
MAHARASHTRA,Rural,Nagpur,Moped/Scooter/Motor Cycle,25493,23804,1689,0,0,0,3028,2817,211,7330,6808,522,5757,5363,394,5240,4898,342,1872,1781,91,1318,1252,66,422,395,27,526,490,36,21.1458004,79.0881546
MAHARASHTRA,Rural,Nagpur,Car/Jeep/Van,2993,2595,398,0,0,0,254,224,30,554,497,57,459,392,67,508,463,45,586,454,132,383,329,54,161,154,7,88,82,6,21.1458004,79.0881546
MAHARASHTRA,Rural,Nagpur,Tempo/Autorickshaw/Taxi,3757,3172,585,0,0,0,201,163,38,805,587,218,1011,827,184,830,744,86,352,330,22,291,274,17,144,135,9,123,112,11,21.1458004,79.0881546
MAHARASHTRA,Rural,Nagpur,Bus,10286,8311,1975,0,0,0,320,233,87,1332,979,353,2210,1770,440,2197,1745,452,1317,1122,195,1453,1224,229,1273,1093,180,184,145,39,21.1458004,79.0881546
MAHARASHTRA,Rural,Nagpur,Train,1445,1246,199,0,0,0,64,56,8,95,82,13,78,63,15,109,97,12,150,131,19,211,195,16,614,520,94,124,102,22,21.1458004,79.0881546
MAHARASHTRA,Rural,Nagpur,Water transport,63,53,10,0,0,0,17,13,4,8,6,2,14,13,1,5,5,0,2,2,0,7,6,1,3,3,0,7,5,2,21.1458004,79.0881546
MAHARASHTRA,Rural,Nagpur,Any other,908,782,126,0,0,0,78,66,12,193,155,38,187,147,40,138,117,21,73,72,1,89,84,5,112,107,5,38,34,4,21.1458004,79.0881546
MAHARASHTRA,Rural,Nagpur,No travel,47386,32812,14574,47386,32812,14574,0,0,0,0,0,0,0,0,0,0,0,0,0,0,0,0,0,0,0,0,0,0,0,0,21.1458004,79.0881546
MAHARASHTRA,Urban,Nagpur,All Modes,1024584,818190,206394,166965,116566,50399,123595,92054,31541,337380,268611,68769,218082,183834,34248,88131,77682,10449,39131,35348,3783,19225,16634,2591,15681,13532,2149,16394,13929,2465,21.1458004,79.0881546
MAHARASHTRA,Urban,Nagpur,On foot,176951,108452,68499,0,0,0,73947,48597,25350,74476,40926,33550,28528,18929,9599,0,0,0,0,0,0,0,0,0,0,0,0,0,0,0,21.1458004,79.0881546
MAHARASHTRA,Urban,Nagpur,Bicycle,259029,241512,17517,0,0,0,19299,17841,1458,125592,116142,9450,71930,67649,4281,23868,22778,1090,18340,17102,1238,0,0,0,0,0,0,0,0,0,21.1458004,79.0881546
MAHARASHTRA,Urban,Nagpur,Moped/Scooter/Motor Cycle,299998,258380,41618,0,0,0,24582,21129,3453,111550,94027,17523,90255,77461,12794,43644,38861,4783,10004,9243,761,7685,6939,746,2495,2284,211,9783,8436,1347,21.1458004,79.0881546
MAHARASHTRA,Urban,Nagpur,Car/Jeep/Van,27245,23079,4166,0,0,0,2041,1664,377,8456,6984,1472,6735,5619,1116,4014,3415,599,1658,1501,157,1783,1612,171,1351,1233,118,1207,1051,156,21.1458004,79.0881546
MAHARASHTRA,Urban,Nagpur,Tempo/Autorickshaw/Taxi,29545,22103,7442,0,0,0,1705,1333,372,8350,4925,3425,8292,5929,2363,5180,4411,769,1996,1882,114,1526,1416,110,776,708,68,1720,1499,221,21.1458004,79.0881546
MAHARASHTRA,Urban,Nagpur,Bus,48288,33850,14438,0,0,0,1057,696,361,6383,3512,2871,9896,6158,3738,9755,6711,3044,6280,4872,1408,7062,5627,1435,6113,4992,1121,1742,1282,460,21.1458004,79.0881546
MAHARASHTRA,Urban,Nagpur,Train,9390,7966,1424,0,0,0,413,331,82,679,554,125,606,479,127,632,536,96,504,416,88,806,702,104,4428,3830,598,1322,1118,204,21.1458004,79.0881546
MAHARASHTRA,Urban,Nagpur,Water transport,375,302,73,0,0,0,57,44,13,74,65,9,87,66,21,50,39,11,18,16,2,16,11,5,31,26,5,42,35,7,21.1458004,79.0881546
MAHARASHTRA,Urban,Nagpur,Any other,6798,5980,818,0,0,0,494,419,75,1820,1476,344,1753,1544,209,988,931,57,331,316,15,347,327,20,487,459,28,578,508,70,21.1458004,79.0881546
MAHARASHTRA,Urban,Nagpur,No travel,166965,116566,50399,166965,116566,50399,0,0,0,0,0,0,0,0,0,0,0,0,0,0,0,0,0,0,0,0,0,0,0,0,21.1458004,79.0881546
ANDHRA PRADESH,Total,Chittoor,All Modes,693451,522794,170657,224448,147187,77261,110933,81331,29602,139719,112117,27602,79403,63489,15914,40310,34320,5990,26857,23200,3657,20946,17819,3127,32432,27760,4672,18403,15571,2832,13.217176,79.1003289
ANDHRA PRADESH,Total,Chittoor,On foot,158782,108812,49970,0,0,0,80867,54830,26037,49085,33757,15328,28830,20225,8605,0,0,0,0,0,0,0,0,0,0,0,0,0,0,0,13.217176,79.1003289
ANDHRA PRADESH,Total,Chittoor,Bicycle,48669,46260,2409,0,0,0,8021,7590,431,26797,25536,1261,6568,6326,242,1918,1815,103,5365,4993,372,0,0,0,0,0,0,0,0,0,13.217176,79.1003289
ANDHRA PRADESH,Total,Chittoor,Moped/Scooter/Motor Cycle,76674,70895,5779,0,0,0,13216,12093,1123,32656,29953,2703,12205,11393,812,7532,7134,398,2700,2571,129,2750,2565,185,1263,1172,91,4352,4014,338,13.217176,79.1003289
ANDHRA PRADESH,Total,Chittoor,Car/Jeep/Van,9505,8198,1307,0,0,0,962,800,162,2209,1743,466,1247,1090,157,1197,1063,134,768,698,70,946,863,83,1288,1172,116,888,769,119,13.217176,79.1003289
ANDHRA PRADESH,Total,Chittoor,Tempo/Autorickshaw/Taxi,38597,30219,8378,0,0,0,2921,2247,674,14876,10727,4149,10519,8401,2118,4225,3705,520,1405,1266,139,1443,1205,238,998,913,85,2210,1755,455,13.217176,79.1003289
ANDHRA PRADESH,Total,Chittoor,Bus,118287,95283,23004,0,0,0,3883,2898,985,12364,8947,3417,18960,15095,3865,24497,19781,4716,16031,13145,2886,14295,11814,2481,20244,17077,3167,8013,6526,1487,13.217176,79.1003289
ANDHRA PRADESH,Total,Chittoor,Train,14401,12261,2140,0,0,0,658,524,134,757,602,155,498,440,58,594,503,91,419,368,51,1238,1116,122,7860,6699,1161,2377,2009,368,13.217176,79.1003289
ANDHRA PRADESH,Total,Chittoor,Water transport,316,257,59,0,0,0,55,37,18,41,37,4,38,31,7,23,21,2,29,25,4,28,21,7,55,44,11,47,41,6,13.217176,79.1003289
ANDHRA PRADESH,Total,Chittoor,Any other,3772,3422,350,0,0,0,350,312,38,934,815,119,538,488,50,324,298,26,140,134,6,246,235,11,724,683,41,516,457,59,13.217176,79.1003289
ANDHRA PRADESH,Total,Chittoor,No travel,224448,147187,77261,224448,147187,77261,0,0,0,0,0,0,0,0,0,0,0,0,0,0,0,0,0,0,0,0,0,0,0,0,13.217176,79.1003289
ANDHRA PRADESH,Rural,Chittoor,All Modes,315731,230305,85426,128143,82162,45981,35426,23785,11641,37970,28449,9521,36667,29148,7519,24704,21329,3375,12897,11231,1666,11414,9860,1554,19277,16502,2775,9233,7839,1394,13.217176,79.1003289
ANDHRA PRADESH,Rural,Chittoor,On foot,55969,35550,20419,0,0,0,27987,17514,10473,15807,9825,5982,12175,8211,3964,0,0,0,0,0,0,0,0,0,0,0,0,0,0,0,13.217176,79.1003289
ANDHRA PRADESH,Rural,Chittoor,Bicycle,13084,12325,759,0,0,0,1641,1516,125,5947,5622,325,2722,2622,100,1030,976,54,1744,1589,155,0,0,0,0,0,0,0,0,0,13.217176,79.1003289
ANDHRA PRADESH,Rural,Chittoor,Moped/Scooter/Motor Cycle,19326,18116,1210,0,0,0,2015,1840,175,4891,4539,352,4560,4287,273,3702,3525,177,1398,1333,65,972,919,53,591,551,40,1197,1122,75,13.217176,79.1003289
ANDHRA PRADESH,Rural,Chittoor,Car/Jeep/Van,3361,2840,521,0,0,0,213,164,49,449,299,150,460,387,73,551,482,69,343,304,39,387,349,38,595,537,58,363,318,45,13.217176,79.1003289
ANDHRA PRADESH,Rural,Chittoor,Tempo/Autorickshaw/Taxi,15278,12521,2757,0,0,0,930,731,199,4254,3215,1039,4789,3895,894,2551,2254,297,795,719,76,601,530,71,516,470,46,842,707,135,13.217176,79.1003289
ANDHRA PRADESH,Rural,Chittoor,Bus,70378,58065,12313,0,0,0,2195,1675,520,5962,4400,1562,11427,9276,2151,16317,13603,2714,8259,6962,1297,8556,7251,1305,12506,10639,1867,5156,4259,897,13.217176,79.1003289
ANDHRA PRADESH,Rural,Chittoor,Train,8319,7068,1251,0,0,0,287,212,75,314,250,64,256,226,30,337,296,41,251,224,27,752,678,74,4710,3978,732,1412,1204,208,13.217176,79.1003289
ANDHRA PRADESH,Rural,Chittoor,Water transport,154,121,33,0,0,0,36,24,12,9,6,3,18,15,3,15,14,1,14,12,2,11,5,6,29,26,3,22,19,3,13.217176,79.1003289
ANDHRA PRADESH,Rural,Chittoor,Any other,1719,1537,182,0,0,0,122,109,13,337,293,44,260,229,31,201,179,22,93,88,5,135,128,7,330,301,29,241,210,31,13.217176,79.1003289
ANDHRA PRADESH,Rural,Chittoor,No travel,128143,82162,45981,128143,82162,45981,0,0,0,0,0,0,0,0,0,0,0,0,0,0,0,0,0,0,0,0,0,0,0,0,13.217176,79.1003289
ANDHRA PRADESH,Urban,Chittoor,All Modes,377720,292489,85231,96305,65025,31280,75507,57546,17961,101749,83668,18081,42736,34341,8395,15606,12991,2615,13960,11969,1991,9532,7959,1573,13155,11258,1897,9170,7732,1438,13.217176,79.1003289
ANDHRA PRADESH,Urban,Chittoor,On foot,102813,73262,29551,0,0,0,52880,37316,15564,33278,23932,9346,16655,12014,4641,0,0,0,0,0,0,0,0,0,0,0,0,0,0,0,13.217176,79.1003289
ANDHRA PRADESH,Urban,Chittoor,Bicycle,35585,33935,1650,0,0,0,6380,6074,306,20850,19914,936,3846,3704,142,888,839,49,3621,3404,217,0,0,0,0,0,0,0,0,0,13.217176,79.1003289
ANDHRA PRADESH,Urban,Chittoor,Moped/Scooter/Motor Cycle,57348,52779,4569,0,0,0,11201,10253,948,27765,25414,2351,7645,7106,539,3830,3609,221,1302,1238,64,1778,1646,132,672,621,51,3155,2892,263,13.217176,79.1003289
ANDHRA PRADESH,Urban,Chittoor,Car/Jeep/Van,6144,5358,786,0,0,0,749,636,113,1760,1444,316,787,703,84,646,581,65,425,394,31,559,514,45,693,635,58,525,451,74,13.217176,79.1003289
ANDHRA PRADESH,Urban,Chittoor,Tempo/Autorickshaw/Taxi,23319,17698,5621,0,0,0,1991,1516,475,10622,7512,3110,5730,4506,1224,1674,1451,223,610,547,63,842,675,167,482,443,39,1368,1048,320,13.217176,79.1003289
ANDHRA PRADESH,Urban,Chittoor,Bus,47909,37218,10691,0,0,0,1688,1223,465,6402,4547,1855,7533,5819,1714,8180,6178,2002,7772,6183,1589,5739,4563,1176,7738,6438,1300,2857,2267,590,13.217176,79.1003289
ANDHRA PRADESH,Urban,Chittoor,Train,6082,5193,889,0,0,0,371,312,59,443,352,91,242,214,28,257,207,50,168,144,24,486,438,48,3150,2721,429,965,805,160,13.217176,79.1003289
ANDHRA PRADESH,Urban,Chittoor,Water transport,162,136,26,0,0,0,19,13,6,32,31,1,20,16,4,8,7,1,15,13,2,17,16,1,26,18,8,25,22,3,13.217176,79.1003289
ANDHRA PRADESH,Urban,Chittoor,Any other,2053,1885,168,0,0,0,228,203,25,597,522,75,278,259,19,123,119,4,47,46,1,111,107,4,394,382,12,275,247,28,13.217176,79.1003289
ANDHRA PRADESH,Urban,Chittoor,No travel,96305,65025,31280,96305,65025,31280,0,0,0,0,0,0,0,0,0,0,0,0,0,0,0,0,0,0,0,0,0,0,0,0,13.217176,79.1003289
UTTAR PRADESH,Total,Budaun,All Modes,232560,181193,51367,115492,75914,39578,40180,35479,4701,33542,31107,2435,18796,16318,2478,6913,6227,686,6575,6036,539,2918,2634,284,4653,4417,236,3491,3061,430,28.0311101,79.1271229
UTTAR PRADESH,Total,Budaun,On foot,49394,42505,6889,0,0,0,28731,24766,3965,10738,9608,1130,9925,8131,1794,0,0,0,0,0,0,0,0,0,0,0,0,0,0,0,28.0311101,79.1271229
UTTAR PRADESH,Total,Budaun,Bicycle,30372,29291,1081,0,0,0,6010,5771,239,14155,13698,457,4512,4371,141,1862,1812,50,3833,3639,194,0,0,0,0,0,0,0,0,0,28.0311101,79.1271229
UTTAR PRADESH,Total,Budaun,Moped/Scooter/Motor Cycle,15918,14922,996,0,0,0,3552,3366,186,5577,5228,349,1975,1832,143,1835,1718,117,808,764,44,636,598,38,276,264,12,1259,1152,107,28.0311101,79.1271229
UTTAR PRADESH,Total,Budaun,Car/Jeep/Van,1645,1451,194,0,0,0,268,221,47,417,377,40,171,152,19,188,160,28,128,111,17,150,145,5,147,142,5,176,143,33,28.0311101,79.1271229
UTTAR PRADESH,Total,Budaun,Tempo/Autorickshaw/Taxi,1769,1308,461,0,0,0,212,134,78,518,366,152,364,282,82,259,210,49,87,74,13,80,71,9,48,41,7,201,130,71,28.0311101,79.1271229
UTTAR PRADESH,Total,Budaun,Bus,12318,10592,1726,0,0,0,696,596,100,1183,948,235,1318,1067,251,2405,2000,405,1509,1262,247,1543,1354,189,2576,2422,154,1088,943,145,28.0311101,79.1271229
UTTAR PRADESH,Total,Budaun,Train,3836,3582,254,0,0,0,392,344,48,374,355,19,156,140,16,180,168,12,148,141,7,459,420,39,1524,1468,56,603,546,57,28.0311101,79.1271229
UTTAR PRADESH,Total,Budaun,Water transport,100,91,9,0,0,0,23,17,6,14,13,1,8,8,0,10,10,0,6,6,0,11,11,0,11,11,0,17,15,2,28.0311101,79.1271229
UTTAR PRADESH,Total,Budaun,Any other,1716,1537,179,0,0,0,296,264,32,566,514,52,367,335,32,174,149,25,56,39,17,39,35,4,71,69,2,147,132,15,28.0311101,79.1271229
UTTAR PRADESH,Total,Budaun,No travel,115492,75914,39578,115492,75914,39578,0,0,0,0,0,0,0,0,0,0,0,0,0,0,0,0,0,0,0,0,0,0,0,0,28.0311101,79.1271229
UTTAR PRADESH,Rural,Budaun,All Modes,115625,77558,38067,74561,42647,31914,8794,6294,2500,11105,10051,1054,8720,7129,1591,3480,3236,244,3066,2807,259,1351,1211,140,2885,2742,143,1663,1441,222,28.0311101,79.1271229
UTTAR PRADESH,Rural,Budaun,On foot,12944,8935,4009,0,0,0,6299,4100,2199,2901,2371,530,3744,2464,1280,0,0,0,0,0,0,0,0,0,0,0,0,0,0,0,28.0311101,79.1271229
UTTAR PRADESH,Rural,Budaun,Bicycle,12084,11514,570,0,0,0,1288,1190,98,5207,4982,225,2650,2564,86,1191,1162,29,1748,1616,132,0,0,0,0,0,0,0,0,0,28.0311101,79.1271229
UTTAR PRADESH,Rural,Budaun,Moped/Scooter/Motor Cycle,5299,4861,438,0,0,0,499,422,77,1596,1454,142,1018,955,63,865,815,50,399,375,24,338,322,16,144,138,6,440,380,60,28.0311101,79.1271229
UTTAR PRADESH,Rural,Budaun,Car/Jeep/Van,683,607,76,0,0,0,77,64,13,187,178,9,86,78,8,74,63,11,63,49,14,60,57,3,71,69,2,65,49,16,28.0311101,79.1271229
UTTAR PRADESH,Rural,Budaun,Tempo/Autorickshaw/Taxi,889,690,199,0,0,0,65,42,23,198,156,42,225,183,42,171,137,34,52,44,8,45,40,5,30,25,5,103,63,40,28.0311101,79.1271229
UTTAR PRADESH,Rural,Budaun,Bus,5839,5240,599,0,0,0,273,232,41,594,516,78,678,600,78,945,844,101,668,603,65,652,562,90,1458,1367,91,571,516,55,28.0311101,79.1271229
UTTAR PRADESH,Rural,Budaun,Train,2485,2326,159,0,0,0,193,162,31,197,187,10,99,88,11,116,114,2,104,100,4,229,206,23,1138,1100,38,409,369,40,28.0311101,79.1271229
UTTAR PRADESH,Rural,Budaun,Water transport,46,39,7,0,0,0,12,8,4,5,4,1,4,4,0,3,3,0,4,4,0,4,4,0,5,5,0,9,7,2,28.0311101,79.1271229
UTTAR PRADESH,Rural,Budaun,Any other,795,699,96,0,0,0,88,74,14,220,203,17,216,193,23,115,98,17,28,16,12,23,20,3,39,38,1,66,57,9,28.0311101,79.1271229
UTTAR PRADESH,Rural,Budaun,No travel,74561,42647,31914,74561,42647,31914,0,0,0,0,0,0,0,0,0,0,0,0,0,0,0,0,0,0,0,0,0,0,0,0,28.0311101,79.1271229
UTTAR PRADESH,Urban,Budaun,All Modes,116935,103635,13300,40931,33267,7664,31386,29185,2201,22437,21056,1381,10076,9189,887,3433,2991,442,3509,3229,280,1567,1423,144,1768,1675,93,1828,1620,208,28.0311101,79.1271229
UTTAR PRADESH,Urban,Budaun,On foot,36450,33570,2880,0,0,0,22432,20666,1766,7837,7237,600,6181,5667,514,0,0,0,0,0,0,0,0,0,0,0,0,0,0,0,28.0311101,79.1271229
UTTAR PRADESH,Urban,Budaun,Bicycle,18288,17777,511,0,0,0,4722,4581,141,8948,8716,232,1862,1807,55,671,650,21,2085,2023,62,0,0,0,0,0,0,0,0,0,28.0311101,79.1271229
UTTAR PRADESH,Urban,Budaun,Moped/Scooter/Motor Cycle,10619,10061,558,0,0,0,3053,2944,109,3981,3774,207,957,877,80,970,903,67,409,389,20,298,276,22,132,126,6,819,772,47,28.0311101,79.1271229
UTTAR PRADESH,Urban,Budaun,Car/Jeep/Van,962,844,118,0,0,0,191,157,34,230,199,31,85,74,11,114,97,17,65,62,3,90,88,2,76,73,3,111,94,17,28.0311101,79.1271229
UTTAR PRADESH,Urban,Budaun,Tempo/Autorickshaw/Taxi,880,618,262,0,0,0,147,92,55,320,210,110,139,99,40,88,73,15,35,30,5,35,31,4,18,16,2,98,67,31,28.0311101,79.1271229
UTTAR PRADESH,Urban,Budaun,Bus,6479,5352,1127,0,0,0,423,364,59,589,432,157,640,467,173,1460,1156,304,841,659,182,891,792,99,1118,1055,63,517,427,90,28.0311101,79.1271229
UTTAR PRADESH,Urban,Budaun,Train,1351,1256,95,0,0,0,199,182,17,177,168,9,57,52,5,64,54,10,44,41,3,230,214,16,386,368,18,194,177,17,28.0311101,79.1271229
UTTAR PRADESH,Urban,Budaun,Water transport,54,52,2,0,0,0,11,9,2,9,9,0,4,4,0,7,7,0,2,2,0,7,7,0,6,6,0,8,8,0,28.0311101,79.1271229
UTTAR PRADESH,Urban,Budaun,Any other,921,838,83,0,0,0,208,190,18,346,311,35,151,142,9,59,51,8,28,23,5,16,15,1,32,31,1,81,75,6,28.0311101,79.1271229
UTTAR PRADESH,Urban,Budaun,No travel,40931,33267,7664,40931,33267,7664,0,0,0,0,0,0,0,0,0,0,0,0,0,0,0,0,0,0,0,0,0,0,0,0,28.0311101,79.1271229
ANDHRA PRADESH,Total,Karimnagar,All Modes,591179,436785,154394,235303,151770,83533,83875,57267,26608,127590,106649,20941,60258,46186,14072,23673,20989,2684,22799,20773,2026,11558,9980,1578,8373,7338,1035,17750,15833,1917,18.4385553,79.1288412
ANDHRA PRADESH,Total,Karimnagar,On foot,118172,67595,50577,0,0,0,54575,29704,24871,37689,22638,15051,25908,15253,10655,0,0,0,0,0,0,0,0,0,0,0,0,0,0,0,18.4385553,79.1288412
ANDHRA PRADESH,Total,Karimnagar,Bicycle,81300,78374,2926,0,0,0,14628,14124,504,43461,42101,1360,8354,7989,365,2515,2405,110,12342,11755,587,0,0,0,0,0,0,0,0,0,18.4385553,79.1288412
ANDHRA PRADESH,Total,Karimnagar,Moped/Scooter/Motor Cycle,82629,79320,3309,0,0,0,11576,11060,516,34227,32851,1376,13490,12975,515,8120,7842,278,2859,2734,125,2836,2735,101,755,723,32,8766,8400,366,18.4385553,79.1288412
ANDHRA PRADESH,Total,Karimnagar,Car/Jeep/Van,5930,5346,584,0,0,0,563,486,77,1602,1403,199,791,716,75,698,630,68,367,343,24,588,542,46,514,489,25,807,737,70,18.4385553,79.1288412
ANDHRA PRADESH,Total,Karimnagar,Tempo/Autorickshaw/Taxi,21093,16612,4481,0,0,0,1187,900,287,5897,4103,1794,5420,4337,1083,3601,3052,549,1264,1142,122,997,851,146,389,358,31,2338,1869,469,18.4385553,79.1288412
ANDHRA PRADESH,Total,Karimnagar,Bus,40711,32615,8096,0,0,0,846,603,243,3428,2507,921,5560,4325,1235,8274,6642,1632,5671,4528,1143,6658,5415,1243,5639,4804,835,4635,3791,844,18.4385553,79.1288412
ANDHRA PRADESH,Total,Karimnagar,Train,3372,2921,451,0,0,0,291,227,64,559,494,65,263,220,43,211,182,29,171,154,17,292,258,34,826,729,97,759,657,102,18.4385553,79.1288412
ANDHRA PRADESH,Total,Karimnagar,Water transport,120,99,21,0,0,0,13,9,4,16,13,3,17,15,2,10,8,2,5,5,0,9,7,2,19,16,3,31,26,5,18.4385553,79.1288412
ANDHRA PRADESH,Total,Karimnagar,Any other,2549,2133,416,0,0,0,196,154,42,711,539,172,455,356,99,244,228,16,120,112,8,178,172,6,231,219,12,414,353,61,18.4385553,79.1288412
ANDHRA PRADESH,Total,Karimnagar,No travel,235303,151770,83533,235303,151770,83533,0,0,0,0,0,0,0,0,0,0,0,0,0,0,0,0,0,0,0,0,0,0,0,0,18.4385553,79.1288412
ANDHRA PRADESH,Rural,Karimnagar,All Modes,318719,223882,94837,154587,97541,57046,42612,26703,15909,48369,38619,9750,29552,21875,7677,13952,12532,1420,11866,10913,953,6039,5357,682,3962,3512,450,7780,6830,950,18.4385553,79.1288412
ANDHRA PRADESH,Rural,Karimnagar,On foot,62393,33616,28777,0,0,0,30562,15411,15151,17992,10329,7663,13839,7876,5963,0,0,0,0,0,0,0,0,0,0,0,0,0,0,0,18.4385553,79.1288412
ANDHRA PRADESH,Rural,Karimnagar,Bicycle,35952,34676,1276,0,0,0,7343,7102,241,18095,17545,550,3789,3613,176,1352,1307,45,5373,5109,264,0,0,0,0,0,0,0,0,0,18.4385553,79.1288412
ANDHRA PRADESH,Rural,Karimnagar,Moped/Scooter/Motor Cycle,24616,23622,994,0,0,0,3194,3037,157,7152,6884,268,4532,4347,185,3982,3840,142,1619,1548,71,1201,1164,37,314,304,10,2622,2498,124,18.4385553,79.1288412
ANDHRA PRADESH,Rural,Karimnagar,Car/Jeep/Van,2405,2140,265,0,0,0,169,144,25,391,318,73,304,274,30,427,382,45,235,221,14,309,287,22,221,207,14,349,307,42,18.4385553,79.1288412
ANDHRA PRADESH,Rural,Karimnagar,Tempo/Autorickshaw/Taxi,11771,9842,1929,0,0,0,545,433,112,2270,1705,565,3388,2801,587,2548,2236,312,962,896,66,583,519,64,187,167,20,1288,1085,203,18.4385553,79.1288412
ANDHRA PRADESH,Rural,Karimnagar,Bus,23527,19453,4074,0,0,0,526,370,156,1921,1383,538,3273,2620,653,5325,4475,850,3460,2939,521,3655,3126,529,2639,2278,361,2728,2262,466,18.4385553,79.1288412
ANDHRA PRADESH,Rural,Karimnagar,Train,1992,1735,257,0,0,0,174,130,44,217,191,26,152,124,28,140,126,14,125,114,11,172,149,23,469,430,39,543,471,72,18.4385553,79.1288412
ANDHRA PRADESH,Rural,Karimnagar,Water transport,68,56,12,0,0,0,6,3,3,8,6,2,8,8,0,5,3,2,4,4,0,6,4,2,13,13,0,18,15,3,18.4385553,79.1288412
ANDHRA PRADESH,Rural,Karimnagar,Any other,1408,1201,207,0,0,0,93,73,20,323,258,65,267,212,55,173,163,10,88,82,6,113,108,5,119,113,6,232,192,40,18.4385553,79.1288412
ANDHRA PRADESH,Rural,Karimnagar,No travel,154587,97541,57046,154587,97541,57046,0,0,0,0,0,0,0,0,0,0,0,0,0,0,0,0,0,0,0,0,0,0,0,0,18.4385553,79.1288412
ANDHRA PRADESH,Urban,Karimnagar,All Modes,272460,212903,59557,80716,54229,26487,41263,30564,10699,79221,68030,11191,30706,24311,6395,9721,8457,1264,10933,9860,1073,5519,4623,896,4411,3826,585,9970,9003,967,18.4385553,79.1288412
ANDHRA PRADESH,Urban,Karimnagar,On foot,55779,33979,21800,0,0,0,24013,14293,9720,19697,12309,7388,12069,7377,4692,0,0,0,0,0,0,0,0,0,0,0,0,0,0,0,18.4385553,79.1288412
ANDHRA PRADESH,Urban,Karimnagar,Bicycle,45348,43698,1650,0,0,0,7285,7022,263,25366,24556,810,4565,4376,189,1163,1098,65,6969,6646,323,0,0,0,0,0,0,0,0,0,18.4385553,79.1288412
ANDHRA PRADESH,Urban,Karimnagar,Moped/Scooter/Motor Cycle,58013,55698,2315,0,0,0,8382,8023,359,27075,25967,1108,8958,8628,330,4138,4002,136,1240,1186,54,1635,1571,64,441,419,22,6144,5902,242,18.4385553,79.1288412
ANDHRA PRADESH,Urban,Karimnagar,Car/Jeep/Van,3525,3206,319,0,0,0,394,342,52,1211,1085,126,487,442,45,271,248,23,132,122,10,279,255,24,293,282,11,458,430,28,18.4385553,79.1288412
ANDHRA PRADESH,Urban,Karimnagar,Tempo/Autorickshaw/Taxi,9322,6770,2552,0,0,0,642,467,175,3627,2398,1229,2032,1536,496,1053,816,237,302,246,56,414,332,82,202,191,11,1050,784,266,18.4385553,79.1288412
ANDHRA PRADESH,Urban,Karimnagar,Bus,17184,13162,4022,0,0,0,320,233,87,1507,1124,383,2287,1705,582,2949,2167,782,2211,1589,622,3003,2289,714,3000,2526,474,1907,1529,378,18.4385553,79.1288412
ANDHRA PRADESH,Urban,Karimnagar,Train,1380,1186,194,0,0,0,117,97,20,342,303,39,111,96,15,71,56,15,46,40,6,120,109,11,357,299,58,216,186,30,18.4385553,79.1288412
ANDHRA PRADESH,Urban,Karimnagar,Water transport,52,43,9,0,0,0,7,6,1,8,7,1,9,7,2,5,5,0,1,1,0,3,3,0,6,3,3,13,11,2,18.4385553,79.1288412
ANDHRA PRADESH,Urban,Karimnagar,Any other,1141,932,209,0,0,0,103,81,22,388,281,107,188,144,44,71,65,6,32,30,2,65,64,1,112,106,6,182,161,21,18.4385553,79.1288412
ANDHRA PRADESH,Urban,Karimnagar,No travel,80716,54229,26487,80716,54229,26487,0,0,0,0,0,0,0,0,0,0,0,0,0,0,0,0,0,0,0,0,0,0,0,0,18.4385553,79.1288412
TAMIL NADU,Total,Vellore,All Modes,985852,745586,240266,246360,163089,83271,126780,87681,39099,230919,177064,53855,147483,116544,30939,73301,60203,13098,40587,34984,5603,28369,24361,4008,81503,72556,8947,10550,9104,1446,12.9165167,79.1324986
TAMIL NADU,Total,Vellore,On foot,161201,91914,69287,0,0,0,78764,44960,33804,55260,29113,26147,27177,17841,9336,0,0,0,0,0,0,0,0,0,0,0,0,0,0,0,12.9165167,79.1324986
TAMIL NADU,Total,Vellore,Bicycle,156436,148438,7998,0,0,0,23303,22108,1195,80960,76327,4633,33482,32095,1387,9098,8761,337,9593,9147,446,0,0,0,0,0,0,0,0,0,12.9165167,79.1324986
TAMIL NADU,Total,Vellore,Moped/Scooter/Motor Cycle,123774,115774,8000,0,0,0,16509,15424,1085,50217,46424,3793,29317,27441,1876,14607,13919,688,4835,4665,170,3115,2984,131,1825,1760,65,3349,3157,192,12.9165167,79.1324986
TAMIL NADU,Total,Vellore,Car/Jeep/Van,19411,12321,7090,0,0,0,1162,778,384,5647,2898,2749,4243,2331,1912,2779,1550,1229,1297,924,373,1181,1016,165,2383,2213,170,719,611,108,12.9165167,79.1324986
TAMIL NADU,Total,Vellore,Tempo/Autorickshaw/Taxi,15768,11700,4068,0,0,0,1101,769,332,5740,3347,2393,3627,2785,842,1829,1551,278,954,892,62,834,784,50,1123,1066,57,560,506,54,12.9165167,79.1324986
TAMIL NADU,Total,Vellore,Bus,211957,156919,55038,0,0,0,4943,2813,2130,30784,17002,13782,47382,32152,15230,43226,32884,10342,22255,17932,4323,18724,15619,3105,41038,35772,5266,3605,2745,860,12.9165167,79.1324986
TAMIL NADU,Total,Vellore,Train,43925,38929,4996,0,0,0,694,562,132,1223,973,250,1198,971,227,1164,982,182,1361,1152,209,4089,3550,539,32760,29430,3330,1436,1309,127,12.9165167,79.1324986
TAMIL NADU,Total,Vellore,Water transport,420,357,63,0,0,0,28,22,6,41,32,9,79,61,18,32,28,4,15,11,4,21,17,4,151,138,13,53,48,5,12.9165167,79.1324986
TAMIL NADU,Total,Vellore,Any other,6600,6145,455,0,0,0,276,245,31,1047,948,99,978,867,111,566,528,38,277,261,16,405,391,14,2223,2177,46,828,728,100,12.9165167,79.1324986
TAMIL NADU,Total,Vellore,No travel,246360,163089,83271,246360,163089,83271,0,0,0,0,0,0,0,0,0,0,0,0,0,0,0,0,0,0,0,0,0,0,0,0,12.9165167,79.1324986
TAMIL NADU,Rural,Vellore,All Modes,447566,327514,120052,123271,78878,44393,38109,21427,16682,83398,58772,24626,74818,58598,16220,46064,38084,7980,22047,19045,3002,16017,13920,2097,40372,35863,4509,3470,2927,543,12.9165167,79.1324986
TAMIL NADU,Rural,Vellore,On foot,64928,30622,34306,0,0,0,28076,12950,15126,24900,10643,14257,11952,7029,4923,0,0,0,0,0,0,0,0,0,0,0,0,0,0,0,12.9165167,79.1324986
TAMIL NADU,Rural,Vellore,Bicycle,62555,58690,3865,0,0,0,4891,4482,409,29058,26898,2160,18856,18009,847,5980,5740,240,3770,3561,209,0,0,0,0,0,0,0,0,0,12.9165167,79.1324986
TAMIL NADU,Rural,Vellore,Moped/Scooter/Motor Cycle,42115,39435,2680,0,0,0,2404,2217,187,13010,11885,1125,12789,12010,779,8206,7840,366,2697,2606,91,1561,1500,61,796,772,24,652,605,47,12.9165167,79.1324986
TAMIL NADU,Rural,Vellore,Car/Jeep/Van,8509,4541,3968,0,0,0,277,145,132,1899,727,1172,2223,945,1278,1695,780,915,730,459,271,551,468,83,959,884,75,175,133,42,12.9165167,79.1324986
TAMIL NADU,Rural,Vellore,Tempo/Autorickshaw/Taxi,6032,4502,1530,0,0,0,210,141,69,1805,1030,775,1619,1227,392,970,792,178,424,386,38,366,344,22,517,479,38,121,103,18,12.9165167,79.1324986
TAMIL NADU,Rural,Vellore,Bus,116403,89625,26778,0,0,0,1908,1220,688,11699,6717,4982,26159,18365,7794,28166,22017,6149,13508,11217,2291,11013,9353,1660,22342,19463,2879,1608,1273,335,12.9165167,79.1324986
TAMIL NADU,Rural,Vellore,Train,20144,17885,2259,0,0,0,245,193,52,554,448,106,657,530,127,668,560,108,717,627,90,2262,2000,262,14446,12987,1459,595,540,55,12.9165167,79.1324986
TAMIL NADU,Rural,Vellore,Water transport,227,191,36,0,0,0,11,7,4,18,14,4,48,35,13,19,16,3,9,7,2,12,11,1,88,84,4,22,17,5,12.9165167,79.1324986
TAMIL NADU,Rural,Vellore,Any other,3382,3145,237,0,0,0,87,72,15,455,410,45,515,448,67,360,339,21,192,182,10,252,244,8,1224,1194,30,297,256,41,12.9165167,79.1324986
TAMIL NADU,Rural,Vellore,No travel,123271,78878,44393,123271,78878,44393,0,0,0,0,0,0,0,0,0,0,0,0,0,0,0,0,0,0,0,0,0,0,0,0,12.9165167,79.1324986
TAMIL NADU,Urban,Vellore,All Modes,538286,418072,120214,123089,84211,38878,88671,66254,22417,147521,118292,29229,72665,57946,14719,27237,22119,5118,18540,15939,2601,12352,10441,1911,41131,36693,4438,7080,6177,903,12.9165167,79.1324986
TAMIL NADU,Urban,Vellore,On foot,96273,61292,34981,0,0,0,50688,32010,18678,30360,18470,11890,15225,10812,4413,0,0,0,0,0,0,0,0,0,0,0,0,0,0,0,12.9165167,79.1324986
TAMIL NADU,Urban,Vellore,Bicycle,93881,89748,4133,0,0,0,18412,17626,786,51902,49429,2473,14626,14086,540,3118,3021,97,5823,5586,237,0,0,0,0,0,0,0,0,0,12.9165167,79.1324986
TAMIL NADU,Urban,Vellore,Moped/Scooter/Motor Cycle,81659,76339,5320,0,0,0,14105,13207,898,37207,34539,2668,16528,15431,1097,6401,6079,322,2138,2059,79,1554,1484,70,1029,988,41,2697,2552,145,12.9165167,79.1324986
TAMIL NADU,Urban,Vellore,Car/Jeep/Van,10902,7780,3122,0,0,0,885,633,252,3748,2171,1577,2020,1386,634,1084,770,314,567,465,102,630,548,82,1424,1329,95,544,478,66,12.9165167,79.1324986
TAMIL NADU,Urban,Vellore,Tempo/Autorickshaw/Taxi,9736,7198,2538,0,0,0,891,628,263,3935,2317,1618,2008,1558,450,859,759,100,530,506,24,468,440,28,606,587,19,439,403,36,12.9165167,79.1324986
TAMIL NADU,Urban,Vellore,Bus,95554,67294,28260,0,0,0,3035,1593,1442,19085,10285,8800,21223,13787,7436,15060,10867,4193,8747,6715,2032,7711,6266,1445,18696,16309,2387,1997,1472,525,12.9165167,79.1324986
TAMIL NADU,Urban,Vellore,Train,23781,21044,2737,0,0,0,449,369,80,669,525,144,541,441,100,496,422,74,644,525,119,1827,1550,277,18314,16443,1871,841,769,72,12.9165167,79.1324986
TAMIL NADU,Urban,Vellore,Water transport,193,166,27,0,0,0,17,15,2,23,18,5,31,26,5,13,12,1,6,4,2,9,6,3,63,54,9,31,31,0,12.9165167,79.1324986
TAMIL NADU,Urban,Vellore,Any other,3218,3000,218,0,0,0,189,173,16,592,538,54,463,419,44,206,189,17,85,79,6,153,147,6,999,983,16,531,472,59,12.9165167,79.1324986
TAMIL NADU,Urban,Vellore,No travel,123089,84211,38878,123089,84211,38878,0,0,0,0,0,0,0,0,0,0,0,0,0,0,0,0,0,0,0,0,0,0,0,0,12.9165167,79.1324986
TAMIL NADU,Total,Thanjavur,All Modes,397605,319516,78089,87118,63502,23616,63605,49202,14403,103708,85073,18635,58562,48902,9660,34767,29442,5325,18016,15431,2585,13899,12115,1784,14834,13174,1660,3096,2675,421,10.7869994,79.1378274
TAMIL NADU,Total,Thanjavur,On foot,54528,33988,20540,0,0,0,32678,20882,11796,15395,8774,6621,6455,4332,2123,0,0,0,0,0,0,0,0,0,0,0,0,0,0,0,10.7869994,79.1378274
TAMIL NADU,Total,Thanjavur,Bicycle,79040,74527,4513,0,0,0,16879,15921,958,41332,38624,2708,13539,12975,564,3844,3713,131,3446,3294,152,0,0,0,0,0,0,0,0,0,10.7869994,79.1378274
TAMIL NADU,Total,Thanjavur,Moped/Scooter/Motor Cycle,70988,65489,5499,0,0,0,10235,9498,737,29350,26537,2813,16049,14910,1139,8444,8028,416,2756,2652,104,1933,1850,83,857,809,48,1364,1205,159,10.7869994,79.1378274
TAMIL NADU,Total,Thanjavur,Car/Jeep/Van,7623,6380,1243,0,0,0,782,654,128,2097,1538,559,1380,1126,254,1063,909,154,598,547,51,786,741,45,699,665,34,218,200,18,10.7869994,79.1378274
TAMIL NADU,Total,Thanjavur,Tempo/Autorickshaw/Taxi,4786,4254,532,0,0,0,571,500,71,1432,1152,280,931,838,93,590,557,33,378,359,19,404,396,8,312,305,7,168,147,21,10.7869994,79.1378274
TAMIL NADU,Total,Thanjavur,Bus,82783,61692,21091,0,0,0,1970,1320,650,12899,7365,5534,18555,13170,5385,19516,15021,4495,9948,7812,2136,9221,7757,1464,9786,8550,1236,888,697,191,10.7869994,79.1378274
TAMIL NADU,Total,Thanjavur,Train,6280,5447,833,0,0,0,134,105,29,245,182,63,269,217,52,572,497,75,735,636,99,1378,1201,177,2796,2477,319,151,132,19,10.7869994,79.1378274
TAMIL NADU,Total,Thanjavur,Water transport,2713,2636,77,0,0,0,199,191,8,667,647,20,1100,1077,23,574,565,9,60,54,6,23,19,4,67,62,5,23,21,2,10.7869994,79.1378274
TAMIL NADU,Total,Thanjavur,Any other,1746,1601,145,0,0,0,157,131,26,291,254,37,284,257,27,164,152,12,95,77,18,154,151,3,317,306,11,284,273,11,10.7869994,79.1378274
TAMIL NADU,Total,Thanjavur,No travel,87118,63502,23616,87118,63502,23616,0,0,0,0,0,0,0,0,0,0,0,0,0,0,0,0,0,0,0,0,0,0,0,0,10.7869994,79.1378274
TAMIL NADU,Rural,Thanjavur,All Modes,165783,131496,34287,43484,31424,12060,18177,13123,5054,32349,25598,6751,29326,24546,4780,19870,17049,2821,9265,8016,1249,6133,5384,749,6214,5510,704,965,846,119,10.7869994,79.1378274
TAMIL NADU,Rural,Thanjavur,On foot,18353,10735,7618,0,0,0,10974,6644,4330,4901,2559,2342,2478,1532,946,0,0,0,0,0,0,0,0,0,0,0,0,0,0,0,10.7869994,79.1378274
TAMIL NADU,Rural,Thanjavur,Bicycle,25487,23801,1686,0,0,0,3727,3486,241,12236,11210,1026,6560,6266,294,1802,1733,69,1162,1106,56,0,0,0,0,0,0,0,0,0,10.7869994,79.1378274
TAMIL NADU,Rural,Thanjavur,Moped/Scooter/Motor Cycle,23010,21423,1587,0,0,0,1915,1777,138,7301,6616,685,6827,6394,433,4127,3946,181,1327,1280,47,864,804,60,373,340,33,276,266,10,10.7869994,79.1378274
TAMIL NADU,Rural,Thanjavur,Car/Jeep/Van,2422,2050,372,0,0,0,174,146,28,499,336,163,481,404,77,449,390,59,220,205,15,297,279,18,232,224,8,70,66,4,10.7869994,79.1378274
TAMIL NADU,Rural,Thanjavur,Tempo/Autorickshaw/Taxi,1672,1552,120,0,0,0,136,122,14,463,404,59,376,357,19,241,231,10,150,140,10,145,144,1,117,115,2,44,39,5,10.7869994,79.1378274
TAMIL NADU,Rural,Thanjavur,Bus,45451,35053,10398,0,0,0,972,695,277,6132,3706,2426,11212,8267,2945,12198,9755,2443,5774,4740,1034,4272,3663,609,4450,3878,572,441,349,92,10.7869994,79.1378274
TAMIL NADU,Rural,Thanjavur,Train,2580,2264,316,0,0,0,43,31,12,90,69,21,152,120,32,390,348,42,522,456,66,456,398,58,880,799,81,47,43,4,10.7869994,79.1378274
TAMIL NADU,Rural,Thanjavur,Water transport,2609,2549,60,0,0,0,190,183,7,646,631,15,1082,1062,20,569,560,9,50,47,3,16,14,2,46,43,3,10,9,1,10.7869994,79.1378274
TAMIL NADU,Rural,Thanjavur,Any other,715,645,70,0,0,0,46,39,7,81,67,14,158,144,14,94,86,8,60,42,18,83,82,1,116,111,5,77,74,3,10.7869994,79.1378274
TAMIL NADU,Rural,Thanjavur,No travel,43484,31424,12060,43484,31424,12060,0,0,0,0,0,0,0,0,0,0,0,0,0,0,0,0,0,0,0,0,0,0,0,0,10.7869994,79.1378274
TAMIL NADU,Urban,Thanjavur,All Modes,231822,188020,43802,43634,32078,11556,45428,36079,9349,71359,59475,11884,29236,24356,4880,14897,12393,2504,8751,7415,1336,7766,6731,1035,8620,7664,956,2131,1829,302,10.7869994,79.1378274
TAMIL NADU,Urban,Thanjavur,On foot,36175,23253,12922,0,0,0,21704,14238,7466,10494,6215,4279,3977,2800,1177,0,0,0,0,0,0,0,0,0,0,0,0,0,0,0,10.7869994,79.1378274
TAMIL NADU,Urban,Thanjavur,Bicycle,53553,50726,2827,0,0,0,13152,12435,717,29096,27414,1682,6979,6709,270,2042,1980,62,2284,2188,96,0,0,0,0,0,0,0,0,0,10.7869994,79.1378274
TAMIL NADU,Urban,Thanjavur,Moped/Scooter/Motor Cycle,47978,44066,3912,0,0,0,8320,7721,599,22049,19921,2128,9222,8516,706,4317,4082,235,1429,1372,57,1069,1046,23,484,469,15,1088,939,149,10.7869994,79.1378274
TAMIL NADU,Urban,Thanjavur,Car/Jeep/Van,5201,4330,871,0,0,0,608,508,100,1598,1202,396,899,722,177,614,519,95,378,342,36,489,462,27,467,441,26,148,134,14,10.7869994,79.1378274
TAMIL NADU,Urban,Thanjavur,Tempo/Autorickshaw/Taxi,3114,2702,412,0,0,0,435,378,57,969,748,221,555,481,74,349,326,23,228,219,9,259,252,7,195,190,5,124,108,16,10.7869994,79.1378274
TAMIL NADU,Urban,Thanjavur,Bus,37332,26639,10693,0,0,0,998,625,373,6767,3659,3108,7343,4903,2440,7318,5266,2052,4174,3072,1102,4949,4094,855,5336,4672,664,447,348,99,10.7869994,79.1378274
TAMIL NADU,Urban,Thanjavur,Train,3700,3183,517,0,0,0,91,74,17,155,113,42,117,97,20,182,149,33,213,180,33,922,803,119,1916,1678,238,104,89,15,10.7869994,79.1378274
TAMIL NADU,Urban,Thanjavur,Water transport,104,87,17,0,0,0,9,8,1,21,16,5,18,15,3,5,5,0,10,7,3,7,5,2,21,19,2,13,12,1,10.7869994,79.1378274
TAMIL NADU,Urban,Thanjavur,Any other,1031,956,75,0,0,0,111,92,19,210,187,23,126,113,13,70,66,4,35,35,0,71,69,2,201,195,6,207,199,8,10.7869994,79.1378274
TAMIL NADU,Urban,Thanjavur,No travel,43634,32078,11556,43634,32078,11556,0,0,0,0,0,0,0,0,0,0,0,0,0,0,0,0,0,0,0,0,0,0,0,0,10.7869994,79.1378274
MADHYA PRADESH,Total,Narsimhapur,All Modes,95493,75430,20063,37449,27764,9685,19762,15664,4098,19223,15985,3238,9564,7634,1930,3571,3119,452,2104,1906,198,1457,1264,193,1542,1384,158,821,710,111,22.946557,79.1943534
MADHYA PRADESH,Total,Narsimhapur,On foot,27710,20472,7238,0,0,0,14751,11119,3632,8080,5855,2225,4879,3498,1381,0,0,0,0,0,0,0,0,0,0,0,0,0,0,0,22.946557,79.1943534
MADHYA PRADESH,Total,Narsimhapur,Bicycle,11433,10984,449,0,0,0,1919,1838,81,5777,5548,229,1893,1848,45,883,845,38,961,905,56,0,0,0,0,0,0,0,0,0,22.946557,79.1943534
MADHYA PRADESH,Total,Narsimhapur,Moped/Scooter/Motor Cycle,11389,10376,1013,0,0,0,2474,2263,211,4065,3670,395,1762,1589,173,1471,1361,110,561,525,36,479,447,32,145,135,10,432,386,46,22.946557,79.1943534
MADHYA PRADESH,Total,Narsimhapur,Car/Jeep/Van,831,693,138,0,0,0,160,120,40,188,161,27,90,63,27,146,121,25,52,50,2,74,67,7,77,75,2,44,36,8,22.946557,79.1943534
MADHYA PRADESH,Total,Narsimhapur,Tempo/Autorickshaw/Taxi,995,638,357,0,0,0,128,71,57,380,208,172,203,134,69,113,86,27,38,35,3,57,45,12,19,17,2,57,42,15,22.946557,79.1943534
MADHYA PRADESH,Total,Narsimhapur,Bus,2912,2041,871,0,0,0,120,78,42,409,250,159,563,359,204,769,538,231,355,264,91,354,267,87,232,202,30,110,83,27,22.946557,79.1943534
MADHYA PRADESH,Total,Narsimhapur,Train,2336,2069,267,0,0,0,145,119,26,188,169,19,89,75,14,143,124,19,124,115,9,467,413,54,1026,914,112,154,140,14,22.946557,79.1943534
MADHYA PRADESH,Total,Narsimhapur,Water transport,31,27,4,0,0,0,9,7,2,6,5,1,2,2,0,3,2,1,1,1,0,3,3,0,5,5,0,2,2,0,22.946557,79.1943534
MADHYA PRADESH,Total,Narsimhapur,Any other,407,366,41,0,0,0,56,49,7,130,119,11,83,66,17,43,42,1,12,11,1,23,22,1,38,36,2,22,21,1,22.946557,79.1943534
MADHYA PRADESH,Total,Narsimhapur,No travel,37449,27764,9685,37449,27764,9685,0,0,0,0,0,0,0,0,0,0,0,0,0,0,0,0,0,0,0,0,0,0,0,0,22.946557,79.1943534
MADHYA PRADESH,Rural,Narsimhapur,All Modes,40201,30327,9874,19725,13975,5750,5046,3639,1407,6214,5019,1195,5217,4113,1104,1570,1423,147,999,911,88,521,444,77,534,477,57,375,326,49,22.946557,79.1943534
MADHYA PRADESH,Rural,Narsimhapur,On foot,9490,6354,3136,0,0,0,4087,2765,1322,2746,1834,912,2657,1755,902,0,0,0,0,0,0,0,0,0,0,0,0,0,0,0,22.946557,79.1943534
MADHYA PRADESH,Rural,Narsimhapur,Bicycle,4846,4650,196,0,0,0,523,494,29,2042,1957,85,1268,1242,26,514,495,19,499,462,37,0,0,0,0,0,0,0,0,0,22.946557,79.1943534
MADHYA PRADESH,Rural,Narsimhapur,Moped/Scooter/Motor Cycle,3432,3117,315,0,0,0,321,288,33,1043,938,105,810,741,69,584,537,47,254,236,18,177,158,19,45,40,5,198,179,19,22.946557,79.1943534
MADHYA PRADESH,Rural,Narsimhapur,Car/Jeep/Van,214,174,40,0,0,0,20,14,6,33,28,5,32,24,8,46,35,11,21,20,1,22,18,4,24,23,1,16,12,4,22.946557,79.1943534
MADHYA PRADESH,Rural,Narsimhapur,Tempo/Autorickshaw/Taxi,280,213,67,0,0,0,20,17,3,68,38,30,83,66,17,44,34,10,17,16,1,16,14,2,6,6,0,26,22,4,22.946557,79.1943534
MADHYA PRADESH,Rural,Narsimhapur,Bus,1256,982,274,0,0,0,26,19,7,181,132,49,285,218,67,302,248,54,150,121,29,157,118,39,93,78,15,62,48,14,22.946557,79.1943534
MADHYA PRADESH,Rural,Narsimhapur,Train,788,706,82,0,0,0,29,24,5,62,55,7,31,24,7,59,54,5,55,53,2,138,125,13,356,320,36,58,51,7,22.946557,79.1943534
MADHYA PRADESH,Rural,Narsimhapur,Water transport,13,13,0,0,0,0,3,3,0,3,3,0,2,2,0,0,0,0,0,0,0,2,2,0,1,1,0,2,2,0,22.946557,79.1943534
MADHYA PRADESH,Rural,Narsimhapur,Any other,157,143,14,0,0,0,17,15,2,36,34,2,49,41,8,21,20,1,3,3,0,9,9,0,9,9,0,13,12,1,22.946557,79.1943534
MADHYA PRADESH,Rural,Narsimhapur,No travel,19725,13975,5750,19725,13975,5750,0,0,0,0,0,0,0,0,0,0,0,0,0,0,0,0,0,0,0,0,0,0,0,0,22.946557,79.1943534
MADHYA PRADESH,Urban,Narsimhapur,All Modes,55292,45103,10189,17724,13789,3935,14716,12025,2691,13009,10966,2043,4347,3521,826,2001,1696,305,1105,995,110,936,820,116,1008,907,101,446,384,62,22.946557,79.1943534
MADHYA PRADESH,Urban,Narsimhapur,On foot,18220,14118,4102,0,0,0,10664,8354,2310,5334,4021,1313,2222,1743,479,0,0,0,0,0,0,0,0,0,0,0,0,0,0,0,22.946557,79.1943534
MADHYA PRADESH,Urban,Narsimhapur,Bicycle,6587,6334,253,0,0,0,1396,1344,52,3735,3591,144,625,606,19,369,350,19,462,443,19,0,0,0,0,0,0,0,0,0,22.946557,79.1943534
MADHYA PRADESH,Urban,Narsimhapur,Moped/Scooter/Motor Cycle,7957,7259,698,0,0,0,2153,1975,178,3022,2732,290,952,848,104,887,824,63,307,289,18,302,289,13,100,95,5,234,207,27,22.946557,79.1943534
MADHYA PRADESH,Urban,Narsimhapur,Car/Jeep/Van,617,519,98,0,0,0,140,106,34,155,133,22,58,39,19,100,86,14,31,30,1,52,49,3,53,52,1,28,24,4,22.946557,79.1943534
MADHYA PRADESH,Urban,Narsimhapur,Tempo/Autorickshaw/Taxi,715,425,290,0,0,0,108,54,54,312,170,142,120,68,52,69,52,17,21,19,2,41,31,10,13,11,2,31,20,11,22.946557,79.1943534
MADHYA PRADESH,Urban,Narsimhapur,Bus,1656,1059,597,0,0,0,94,59,35,228,118,110,278,141,137,467,290,177,205,143,62,197,149,48,139,124,15,48,35,13,22.946557,79.1943534
MADHYA PRADESH,Urban,Narsimhapur,Train,1548,1363,185,0,0,0,116,95,21,126,114,12,58,51,7,84,70,14,69,62,7,329,288,41,670,594,76,96,89,7,22.946557,79.1943534
MADHYA PRADESH,Urban,Narsimhapur,Water transport,18,14,4,0,0,0,6,4,2,3,2,1,0,0,0,3,2,1,1,1,0,1,1,0,4,4,0,0,0,0,22.946557,79.1943534
MADHYA PRADESH,Urban,Narsimhapur,Any other,250,223,27,0,0,0,39,34,5,94,85,9,34,25,9,22,22,0,9,8,1,14,13,1,29,27,2,9,9,0,22.946557,79.1943534
MADHYA PRADESH,Urban,Narsimhapur,No travel,17724,13789,3935,17724,13789,3935,0,0,0,0,0,0,0,0,0,0,0,0,0,0,0,0,0,0,0,0,0,0,0,0,22.946557,79.1943534
ANDHRA PRADESH,Total,Nalgonda,All Modes,508214,385565,122649,203873,139211,64662,69170,50439,18731,98272,78419,19853,45130,36482,8648,28704,24807,3897,17649,15607,2042,18029,15957,2072,22107,19913,2194,5280,4730,550,17.1882998,79.1999949
ANDHRA PRADESH,Total,Nalgonda,On foot,90759,56828,33931,0,0,0,46935,29917,17018,31590,19001,12589,12234,7910,4324,0,0,0,0,0,0,0,0,0,0,0,0,0,0,0,17.1882998,79.1999949
ANDHRA PRADESH,Total,Nalgonda,Bicycle,46778,44924,1854,0,0,0,8297,8028,269,27275,26191,1084,5938,5698,240,1842,1762,80,3426,3245,181,0,0,0,0,0,0,0,0,0,17.1882998,79.1999949
ANDHRA PRADESH,Total,Nalgonda,Moped/Scooter/Motor Cycle,57034,54086,2948,0,0,0,9805,9328,477,21244,20044,1200,8880,8412,468,7461,7122,339,3459,3304,155,2993,2858,135,1284,1224,60,1908,1794,114,17.1882998,79.1999949
ANDHRA PRADESH,Total,Nalgonda,Car/Jeep/Van,5046,4588,458,0,0,0,457,397,60,812,699,113,531,474,57,633,573,60,361,336,25,749,708,41,1189,1105,84,314,296,18,17.1882998,79.1999949
ANDHRA PRADESH,Total,Nalgonda,Tempo/Autorickshaw/Taxi,35397,27765,7632,0,0,0,1830,1324,506,11628,8108,3520,9559,7739,1820,6624,5517,1107,2259,1973,286,1745,1557,188,975,889,86,777,658,119,17.1882998,79.1999949
ANDHRA PRADESH,Total,Nalgonda,Bus,59178,49040,10138,0,0,0,1304,978,326,4482,3327,1155,7166,5580,1586,11335,9117,2218,7639,6293,1346,10898,9292,1606,14629,12981,1648,1725,1472,253,17.1882998,79.1999949
ANDHRA PRADESH,Total,Nalgonda,Train,5339,4802,537,0,0,0,238,198,40,398,356,42,189,163,26,244,206,38,217,182,35,1097,1018,79,2686,2437,249,270,242,28,17.1882998,79.1999949
ANDHRA PRADESH,Total,Nalgonda,Water transport,536,438,98,0,0,0,33,20,13,49,41,8,72,52,20,150,110,40,82,80,2,65,57,8,74,68,6,11,10,1,17.1882998,79.1999949
ANDHRA PRADESH,Total,Nalgonda,Any other,4274,3883,391,0,0,0,271,249,22,794,652,142,561,454,107,415,400,15,206,194,12,482,467,15,1270,1209,61,275,258,17,17.1882998,79.1999949
ANDHRA PRADESH,Total,Nalgonda,No travel,203873,139211,64662,203873,139211,64662,0,0,0,0,0,0,0,0,0,0,0,0,0,0,0,0,0,0,0,0,0,0,0,0,17.1882998,79.1999949
ANDHRA PRADESH,Rural,Nalgonda,All Modes,310134,236385,73749,136713,94068,42645,32499,23023,9476,48310,38201,10109,30201,24982,5219,20895,18453,2442,11693,10568,1125,11603,10502,1101,15664,14283,1381,2556,2305,251,17.1882998,79.1999949
ANDHRA PRADESH,Rural,Nalgonda,On foot,48253,30178,18075,0,0,0,23900,15102,8798,17354,10495,6859,6999,4581,2418,0,0,0,0,0,0,0,0,0,0,0,0,0,0,0,17.1882998,79.1999949
ANDHRA PRADESH,Rural,Nalgonda,Bicycle,24798,23869,929,0,0,0,3741,3609,132,13779,13275,504,4066,3928,138,1373,1320,53,1839,1737,102,0,0,0,0,0,0,0,0,0,17.1882998,79.1999949
ANDHRA PRADESH,Rural,Nalgonda,Moped/Scooter/Motor Cycle,24348,23216,1132,0,0,0,2606,2485,121,6589,6242,347,5187,4939,248,4632,4446,186,2210,2121,89,1779,1701,78,784,747,37,561,535,26,17.1882998,79.1999949
ANDHRA PRADESH,Rural,Nalgonda,Car/Jeep/Van,3060,2802,258,0,0,0,188,169,19,309,259,50,343,306,37,442,402,40,267,250,17,510,479,31,850,793,57,151,144,7,17.1882998,79.1999949
ANDHRA PRADESH,Rural,Nalgonda,Tempo/Autorickshaw/Taxi,25391,21155,4236,0,0,0,958,769,189,6498,4982,1516,7658,6405,1253,5649,4802,847,1956,1745,211,1383,1275,108,794,737,57,495,440,55,17.1882998,79.1999949
ANDHRA PRADESH,Rural,Nalgonda,Bus,40721,34921,5800,0,0,0,798,628,170,2934,2244,690,5356,4321,1035,8116,6878,1238,5039,4362,677,7106,6267,839,10321,9308,1013,1051,913,138,17.1882998,79.1999949
ANDHRA PRADESH,Rural,Nalgonda,Train,3217,2908,309,0,0,0,128,103,25,227,202,25,126,109,17,176,148,28,130,113,17,378,349,29,1935,1780,155,117,104,13,17.1882998,79.1999949
ANDHRA PRADESH,Rural,Nalgonda,Water transport,438,354,84,0,0,0,27,18,9,38,32,6,66,47,19,145,105,40,76,75,1,53,48,5,28,25,3,5,4,1,17.1882998,79.1999949
ANDHRA PRADESH,Rural,Nalgonda,Any other,3195,2914,281,0,0,0,153,140,13,582,470,112,400,346,54,362,352,10,176,165,11,394,383,11,952,893,59,176,165,11,17.1882998,79.1999949
ANDHRA PRADESH,Rural,Nalgonda,No travel,136713,94068,42645,136713,94068,42645,0,0,0,0,0,0,0,0,0,0,0,0,0,0,0,0,0,0,0,0,0,0,0,0,17.1882998,79.1999949
ANDHRA PRADESH,Urban,Nalgonda,All Modes,198080,149180,48900,67160,45143,22017,36671,27416,9255,49962,40218,9744,14929,11500,3429,7809,6354,1455,5956,5039,917,6426,5455,971,6443,5630,813,2724,2425,299,17.1882998,79.1999949
ANDHRA PRADESH,Urban,Nalgonda,On foot,42506,26650,15856,0,0,0,23035,14815,8220,14236,8506,5730,5235,3329,1906,0,0,0,0,0,0,0,0,0,0,0,0,0,0,0,17.1882998,79.1999949
ANDHRA PRADESH,Urban,Nalgonda,Bicycle,21980,21055,925,0,0,0,4556,4419,137,13496,12916,580,1872,1770,102,469,442,27,1587,1508,79,0,0,0,0,0,0,0,0,0,17.1882998,79.1999949
ANDHRA PRADESH,Urban,Nalgonda,Moped/Scooter/Motor Cycle,32686,30870,1816,0,0,0,7199,6843,356,14655,13802,853,3693,3473,220,2829,2676,153,1249,1183,66,1214,1157,57,500,477,23,1347,1259,88,17.1882998,79.1999949
ANDHRA PRADESH,Urban,Nalgonda,Car/Jeep/Van,1986,1786,200,0,0,0,269,228,41,503,440,63,188,168,20,191,171,20,94,86,8,239,229,10,339,312,27,163,152,11,17.1882998,79.1999949
ANDHRA PRADESH,Urban,Nalgonda,Tempo/Autorickshaw/Taxi,10006,6610,3396,0,0,0,872,555,317,5130,3126,2004,1901,1334,567,975,715,260,303,228,75,362,282,80,181,152,29,282,218,64,17.1882998,79.1999949
ANDHRA PRADESH,Urban,Nalgonda,Bus,18457,14119,4338,0,0,0,506,350,156,1548,1083,465,1810,1259,551,3219,2239,980,2600,1931,669,3792,3025,767,4308,3673,635,674,559,115,17.1882998,79.1999949
ANDHRA PRADESH,Urban,Nalgonda,Train,2122,1894,228,0,0,0,110,95,15,171,154,17,63,54,9,68,58,10,87,69,18,719,669,50,751,657,94,153,138,15,17.1882998,79.1999949
ANDHRA PRADESH,Urban,Nalgonda,Water transport,98,84,14,0,0,0,6,2,4,11,9,2,6,5,1,5,5,0,6,5,1,12,9,3,46,43,3,6,6,0,17.1882998,79.1999949
ANDHRA PRADESH,Urban,Nalgonda,Any other,1079,969,110,0,0,0,118,109,9,212,182,30,161,108,53,53,48,5,30,29,1,88,84,4,318,316,2,99,93,6,17.1882998,79.1999949
ANDHRA PRADESH,Urban,Nalgonda,No travel,67160,45143,22017,67160,45143,22017,0,0,0,0,0,0,0,0,0,0,0,0,0,0,0,0,0,0,0,0,0,0,0,0,17.1882998,79.1999949
MAHARASHTRA,Total,Chandrapur,All Modes,341865,272748,69117,76498,52319,24179,68159,53182,14977,104636,87213,17423,47246,39577,7669,18300,16358,1942,11032,9887,1145,6552,5811,741,5340,4775,565,4102,3626,476,19.9615398,79.2961468
MAHARASHTRA,Total,Chandrapur,On foot,93850,64879,28971,0,0,0,44219,31172,13047,34152,22910,11242,15479,10797,4682,0,0,0,0,0,0,0,0,0,0,0,0,0,0,0,19.9615398,79.2961468
MAHARASHTRA,Total,Chandrapur,Bicycle,64821,61284,3537,0,0,0,9409,8939,470,34043,32177,1866,13101,12426,675,3935,3708,227,4333,4034,299,0,0,0,0,0,0,0,0,0,19.9615398,79.2961468
MAHARASHTRA,Total,Chandrapur,Moped/Scooter/Motor Cycle,72571,66534,6037,0,0,0,12454,11369,1085,30181,27451,2730,12962,11897,1065,8338,7763,575,2958,2789,169,2428,2271,157,894,838,56,2356,2156,200,19.9615398,79.2961468
MAHARASHTRA,Total,Chandrapur,Car/Jeep/Van,4400,3995,405,0,0,0,655,592,63,1245,1105,140,632,578,54,518,465,53,330,294,36,410,390,20,375,355,20,235,216,19,19.9615398,79.2961468
MAHARASHTRA,Total,Chandrapur,Tempo/Autorickshaw/Taxi,9408,7316,2092,0,0,0,704,536,168,3111,2112,999,2473,1928,545,1531,1326,205,548,490,58,403,375,28,208,182,26,430,367,63,19.9615398,79.2961468
MAHARASHTRA,Total,Chandrapur,Bus,15990,12584,3406,0,0,0,348,259,89,1164,813,351,2053,1460,593,3522,2682,840,2595,2039,556,2853,2372,481,2773,2409,364,682,550,132,19.9615398,79.2961468
MAHARASHTRA,Total,Chandrapur,Train,2199,1920,279,0,0,0,144,117,27,187,161,26,134,120,14,149,128,21,124,103,21,310,263,47,902,809,93,249,219,30,19.9615398,79.2961468
MAHARASHTRA,Total,Chandrapur,Water transport,119,106,13,0,0,0,16,15,1,24,21,3,23,20,3,21,20,1,6,6,0,10,7,3,6,6,0,13,11,2,19.9615398,79.2961468
MAHARASHTRA,Total,Chandrapur,Any other,2009,1811,198,0,0,0,210,183,27,529,463,66,389,351,38,286,266,20,138,132,6,138,133,5,182,176,6,137,107,30,19.9615398,79.2961468
MAHARASHTRA,Total,Chandrapur,No travel,76498,52319,24179,76498,52319,24179,0,0,0,0,0,0,0,0,0,0,0,0,0,0,0,0,0,0,0,0,0,0,0,0,19.9615398,79.2961468
MAHARASHTRA,Rural,Chandrapur,All Modes,114094,86505,27589,38626,25750,12876,20650,14855,5795,24511,19852,4659,15500,12653,2847,6712,6090,622,3444,3145,299,1965,1781,184,1584,1405,179,1102,974,128,19.9615398,79.2961468
MAHARASHTRA,Rural,Chandrapur,On foot,32519,21352,11167,0,0,0,15833,10381,5452,10488,6837,3651,6198,4134,2064,0,0,0,0,0,0,0,0,0,0,0,0,0,0,0,19.9615398,79.2961468
MAHARASHTRA,Rural,Chandrapur,Bicycle,18385,17498,887,0,0,0,2214,2107,107,8462,8057,405,4416,4226,190,1921,1827,94,1372,1281,91,0,0,0,0,0,0,0,0,0,19.9615398,79.2961468
MAHARASHTRA,Rural,Chandrapur,Moped/Scooter/Motor Cycle,14508,13424,1084,0,0,0,2140,1971,169,4327,3988,339,2987,2739,248,2677,2493,184,915,863,52,672,633,39,285,266,19,505,471,34,19.9615398,79.2961468
MAHARASHTRA,Rural,Chandrapur,Car/Jeep/Van,891,834,57,0,0,0,143,135,8,133,121,12,120,113,7,119,111,8,111,103,8,112,110,2,82,77,5,71,64,7,19.9615398,79.2961468
MAHARASHTRA,Rural,Chandrapur,Tempo/Autorickshaw/Taxi,2574,2205,369,0,0,0,119,97,22,490,377,113,701,596,105,684,604,80,225,210,15,134,131,3,84,71,13,137,119,18,19.9615398,79.2961468
MAHARASHTRA,Rural,Chandrapur,Bus,5107,4119,988,0,0,0,92,75,17,453,333,120,878,660,218,1100,861,239,722,596,126,869,747,122,775,666,109,218,181,37,19.9615398,79.2961468
MAHARASHTRA,Rural,Chandrapur,Train,697,604,93,0,0,0,48,36,12,40,34,6,39,35,4,45,40,5,33,26,7,109,92,17,292,262,30,91,79,12,19.9615398,79.2961468
MAHARASHTRA,Rural,Chandrapur,Water transport,39,35,4,0,0,0,9,8,1,4,4,0,8,6,2,7,7,0,2,2,0,2,2,0,0,0,0,7,6,1,19.9615398,79.2961468
MAHARASHTRA,Rural,Chandrapur,Any other,748,684,64,0,0,0,52,45,7,114,101,13,153,144,9,159,147,12,64,64,0,67,66,1,66,63,3,73,54,19,19.9615398,79.2961468
MAHARASHTRA,Rural,Chandrapur,No travel,38626,25750,12876,38626,25750,12876,0,0,0,0,0,0,0,0,0,0,0,0,0,0,0,0,0,0,0,0,0,0,0,0,19.9615398,79.2961468
MAHARASHTRA,Urban,Chandrapur,All Modes,227771,186243,41528,37872,26569,11303,47509,38327,9182,80125,67361,12764,31746,26924,4822,11588,10268,1320,7588,6742,846,4587,4030,557,3756,3370,386,3000,2652,348,19.9615398,79.2961468
MAHARASHTRA,Urban,Chandrapur,On foot,61331,43527,17804,0,0,0,28386,20791,7595,23664,16073,7591,9281,6663,2618,0,0,0,0,0,0,0,0,0,0,0,0,0,0,0,19.9615398,79.2961468
MAHARASHTRA,Urban,Chandrapur,Bicycle,46436,43786,2650,0,0,0,7195,6832,363,25581,24120,1461,8685,8200,485,2014,1881,133,2961,2753,208,0,0,0,0,0,0,0,0,0,19.9615398,79.2961468
MAHARASHTRA,Urban,Chandrapur,Moped/Scooter/Motor Cycle,58063,53110,4953,0,0,0,10314,9398,916,25854,23463,2391,9975,9158,817,5661,5270,391,2043,1926,117,1756,1638,118,609,572,37,1851,1685,166,19.9615398,79.2961468
MAHARASHTRA,Urban,Chandrapur,Car/Jeep/Van,3509,3161,348,0,0,0,512,457,55,1112,984,128,512,465,47,399,354,45,219,191,28,298,280,18,293,278,15,164,152,12,19.9615398,79.2961468
MAHARASHTRA,Urban,Chandrapur,Tempo/Autorickshaw/Taxi,6834,5111,1723,0,0,0,585,439,146,2621,1735,886,1772,1332,440,847,722,125,323,280,43,269,244,25,124,111,13,293,248,45,19.9615398,79.2961468
MAHARASHTRA,Urban,Chandrapur,Bus,10883,8465,2418,0,0,0,256,184,72,711,480,231,1175,800,375,2422,1821,601,1873,1443,430,1984,1625,359,1998,1743,255,464,369,95,19.9615398,79.2961468
MAHARASHTRA,Urban,Chandrapur,Train,1502,1316,186,0,0,0,96,81,15,147,127,20,95,85,10,104,88,16,91,77,14,201,171,30,610,547,63,158,140,18,19.9615398,79.2961468
MAHARASHTRA,Urban,Chandrapur,Water transport,80,71,9,0,0,0,7,7,0,20,17,3,15,14,1,14,13,1,4,4,0,8,5,3,6,6,0,6,5,1,19.9615398,79.2961468
MAHARASHTRA,Urban,Chandrapur,Any other,1261,1127,134,0,0,0,158,138,20,415,362,53,236,207,29,127,119,8,74,68,6,71,67,4,116,113,3,64,53,11,19.9615398,79.2961468
MAHARASHTRA,Urban,Chandrapur,No travel,37872,26569,11303,37872,26569,11303,0,0,0,0,0,0,0,0,0,0,0,0,0,0,0,0,0,0,0,0,0,0,0,0,19.9615398,79.2961468
UTTAR PRADESH,Total,Jalaun,All Modes,155007,125623,29384,67826,48407,19419,29470,25164,4306,29655,26795,2860,12423,10847,1576,4310,3948,362,3455,3188,267,2419,2224,195,4362,4137,225,1087,913,174,26.1458649,79.3296565
UTTAR PRADESH,Total,Jalaun,On foot,42231,35247,6984,0,0,0,23308,19294,4014,13480,11541,1939,5443,4412,1031,0,0,0,0,0,0,0,0,0,0,0,0,0,0,0,26.1458649,79.3296565
UTTAR PRADESH,Total,Jalaun,Bicycle,17796,17306,490,0,0,0,2947,2867,80,9221,8972,249,3364,3277,87,1060,1042,18,1204,1148,56,0,0,0,0,0,0,0,0,0,26.1458649,79.3296565
UTTAR PRADESH,Total,Jalaun,Moped/Scooter/Motor Cycle,13764,13170,594,0,0,0,2389,2317,72,4854,4639,215,2067,1960,107,1787,1696,91,985,959,26,801,780,21,413,400,13,468,419,49,26.1458649,79.3296565
UTTAR PRADESH,Total,Jalaun,Car/Jeep/Van,1099,970,129,0,0,0,121,106,15,216,181,35,101,85,16,164,142,22,122,104,18,180,168,12,143,139,4,52,45,7,26.1458649,79.3296565
UTTAR PRADESH,Total,Jalaun,Tempo/Autorickshaw/Taxi,2050,1422,628,0,0,0,160,109,51,825,537,288,505,357,148,198,164,34,79,73,6,57,46,11,39,35,4,187,101,86,26.1458649,79.3296565
UTTAR PRADESH,Total,Jalaun,Bus,6394,5431,963,0,0,0,229,178,51,574,462,112,755,576,179,987,800,187,960,807,153,1204,1062,142,1572,1450,122,113,96,17,26.1458649,79.3296565
UTTAR PRADESH,Total,Jalaun,Train,3095,2956,139,0,0,0,214,199,15,278,262,16,100,99,1,67,61,6,61,57,4,140,134,6,2024,1946,78,211,198,13,26.1458649,79.3296565
UTTAR PRADESH,Total,Jalaun,Water transport,60,54,6,0,0,0,10,10,0,1,1,0,9,6,3,8,7,1,3,3,0,5,4,1,21,20,1,3,3,0,26.1458649,79.3296565
UTTAR PRADESH,Total,Jalaun,Any other,692,660,32,0,0,0,92,84,8,206,200,6,79,75,4,39,36,3,41,37,4,32,30,2,150,147,3,53,51,2,26.1458649,79.3296565
UTTAR PRADESH,Total,Jalaun,No travel,67826,48407,19419,67826,48407,19419,0,0,0,0,0,0,0,0,0,0,0,0,0,0,0,0,0,0,0,0,0,0,0,0,26.1458649,79.3296565
UTTAR PRADESH,Rural,Jalaun,All Modes,64915,47540,17375,35770,23061,12709,7405,5083,2322,8289,7133,1156,5807,5033,774,2390,2273,117,1528,1442,86,1114,1050,64,2247,2146,101,365,319,46,26.1458649,79.3296565
UTTAR PRADESH,Rural,Jalaun,On foot,12529,8751,3778,0,0,0,6333,4091,2242,3962,3026,936,2234,1634,600,0,0,0,0,0,0,0,0,0,0,0,0,0,0,0,26.1458649,79.3296565
UTTAR PRADESH,Rural,Jalaun,Bicycle,6883,6655,228,0,0,0,571,541,30,2955,2850,105,2050,1993,57,771,760,11,536,511,25,0,0,0,0,0,0,0,0,0,26.1458649,79.3296565
UTTAR PRADESH,Rural,Jalaun,Moped/Scooter/Motor Cycle,4029,3850,179,0,0,0,264,249,15,791,749,42,839,807,32,951,918,33,428,419,9,387,376,11,222,215,7,147,117,30,26.1458649,79.3296565
UTTAR PRADESH,Rural,Jalaun,Car/Jeep/Van,371,326,45,0,0,0,20,15,5,43,33,10,41,36,5,87,76,11,57,51,6,53,49,4,54,54,0,16,12,4,26.1458649,79.3296565
UTTAR PRADESH,Rural,Jalaun,Tempo/Autorickshaw/Taxi,532,471,61,0,0,0,26,20,6,136,117,19,165,145,20,80,73,7,54,52,2,39,33,6,21,21,0,11,10,1,26.1458649,79.3296565
UTTAR PRADESH,Rural,Jalaun,Bus,3027,2730,297,0,0,0,85,71,14,254,217,37,391,333,58,442,393,49,395,355,40,563,523,40,843,788,55,54,50,4,26.1458649,79.3296565
UTTAR PRADESH,Rural,Jalaun,Train,1451,1393,58,0,0,0,80,72,8,88,84,4,53,53,0,29,26,3,23,22,1,52,51,1,1021,985,36,105,100,5,26.1458649,79.3296565
UTTAR PRADESH,Rural,Jalaun,Water transport,27,22,5,0,0,0,1,1,0,0,0,0,4,2,2,8,7,1,0,0,0,2,1,1,11,10,1,1,1,0,26.1458649,79.3296565
UTTAR PRADESH,Rural,Jalaun,Any other,296,281,15,0,0,0,25,23,2,60,57,3,30,30,0,22,20,2,35,32,3,18,17,1,75,73,2,31,29,2,26.1458649,79.3296565
UTTAR PRADESH,Rural,Jalaun,No travel,35770,23061,12709,35770,23061,12709,0,0,0,0,0,0,0,0,0,0,0,0,0,0,0,0,0,0,0,0,0,0,0,0,26.1458649,79.3296565
UTTAR PRADESH,Urban,Jalaun,All Modes,90092,78083,12009,32056,25346,6710,22065,20081,1984,21366,19662,1704,6616,5814,802,1920,1675,245,1927,1746,181,1305,1174,131,2115,1991,124,722,594,128,26.1458649,79.3296565
UTTAR PRADESH,Urban,Jalaun,On foot,29702,26496,3206,0,0,0,16975,15203,1772,9518,8515,1003,3209,2778,431,0,0,0,0,0,0,0,0,0,0,0,0,0,0,0,26.1458649,79.3296565
UTTAR PRADESH,Urban,Jalaun,Bicycle,10913,10651,262,0,0,0,2376,2326,50,6266,6122,144,1314,1284,30,289,282,7,668,637,31,0,0,0,0,0,0,0,0,0,26.1458649,79.3296565
UTTAR PRADESH,Urban,Jalaun,Moped/Scooter/Motor Cycle,9735,9320,415,0,0,0,2125,2068,57,4063,3890,173,1228,1153,75,836,778,58,557,540,17,414,404,10,191,185,6,321,302,19,26.1458649,79.3296565
UTTAR PRADESH,Urban,Jalaun,Car/Jeep/Van,728,644,84,0,0,0,101,91,10,173,148,25,60,49,11,77,66,11,65,53,12,127,119,8,89,85,4,36,33,3,26.1458649,79.3296565
UTTAR PRADESH,Urban,Jalaun,Tempo/Autorickshaw/Taxi,1518,951,567,0,0,0,134,89,45,689,420,269,340,212,128,118,91,27,25,21,4,18,13,5,18,14,4,176,91,85,26.1458649,79.3296565
UTTAR PRADESH,Urban,Jalaun,Bus,3367,2701,666,0,0,0,144,107,37,320,245,75,364,243,121,545,407,138,565,452,113,641,539,102,729,662,67,59,46,13,26.1458649,79.3296565
UTTAR PRADESH,Urban,Jalaun,Train,1644,1563,81,0,0,0,134,127,7,190,178,12,47,46,1,38,35,3,38,35,3,88,83,5,1003,961,42,106,98,8,26.1458649,79.3296565
UTTAR PRADESH,Urban,Jalaun,Water transport,33,32,1,0,0,0,9,9,0,1,1,0,5,4,1,0,0,0,3,3,0,3,3,0,10,10,0,2,2,0,26.1458649,79.3296565
UTTAR PRADESH,Urban,Jalaun,Any other,396,379,17,0,0,0,67,61,6,146,143,3,49,45,4,17,16,1,6,5,1,14,13,1,75,74,1,22,22,0,26.1458649,79.3296565
UTTAR PRADESH,Urban,Jalaun,No travel,32056,25346,6710,32056,25346,6710,0,0,0,0,0,0,0,0,0,0,0,0,0,0,0,0,0,0,0,0,0,0,0,0,26.1458649,79.3296565
UTTAR PRADESH,Total,Bareilly,All Modes,577911,459542,118369,279810,191469,88341,63471,54663,8808,95006,86835,8171,61823,55021,6802,20898,19524,1374,23806,22224,1582,7000,6378,622,7623,7119,504,18474,16309,2165,28.3670355,79.4304381
UTTAR PRADESH,Total,Bareilly,On foot,88734,74584,14150,0,0,0,43038,35958,7080,21900,19127,2773,23796,19499,4297,0,0,0,0,0,0,0,0,0,0,0,0,0,0,0,28.3670355,79.4304381
UTTAR PRADESH,Total,Bareilly,Bicycle,94367,90666,3701,0,0,0,10755,10212,543,40203,38706,1497,18628,18178,450,7620,7477,143,17161,16093,1068,0,0,0,0,0,0,0,0,0,28.3670355,79.4304381
UTTAR PRADESH,Total,Bareilly,Moped/Scooter/Motor Cycle,58133,53976,4157,0,0,0,5987,5531,456,22095,20457,1638,11074,10318,756,5524,5207,317,1885,1789,96,1676,1562,114,761,710,51,9131,8402,729,28.3670355,79.4304381
UTTAR PRADESH,Total,Bareilly,Car/Jeep/Van,7328,6358,970,0,0,0,715,580,135,2174,1852,322,1150,1005,145,805,701,104,421,371,50,598,548,50,357,340,17,1108,961,147,28.3670355,79.4304381
UTTAR PRADESH,Total,Bareilly,Tempo/Autorickshaw/Taxi,17867,13968,3899,0,0,0,983,676,307,4914,3414,1500,4220,3396,824,3195,2797,398,1191,1092,99,723,657,66,242,211,31,2399,1725,674,28.3670355,79.4304381
UTTAR PRADESH,Total,Bareilly,Bus,13977,12115,1862,0,0,0,601,460,141,1124,888,236,1426,1192,234,2511,2179,332,2073,1841,232,2400,2138,262,1990,1847,143,1852,1570,282,28.3670355,79.4304381
UTTAR PRADESH,Total,Bareilly,Train,12026,11101,925,0,0,0,717,646,71,903,819,84,474,426,48,674,611,63,747,720,27,1397,1277,120,3953,3697,256,3161,2905,256,28.3670355,79.4304381
UTTAR PRADESH,Total,Bareilly,Water transport,286,239,47,0,0,0,57,41,16,47,42,5,36,31,5,17,14,3,9,8,1,9,9,0,26,25,1,85,69,16,28.3670355,79.4304381
UTTAR PRADESH,Total,Bareilly,Any other,5383,5066,317,0,0,0,618,559,59,1646,1530,116,1019,976,43,552,538,14,319,310,9,197,187,10,294,289,5,738,677,61,28.3670355,79.4304381
UTTAR PRADESH,Total,Bareilly,No travel,279810,191469,88341,279810,191469,88341,0,0,0,0,0,0,0,0,0,0,0,0,0,0,0,0,0,0,0,0,0,0,0,0,28.3670355,79.4304381
UTTAR PRADESH,Rural,Bareilly,All Modes,197133,143151,53982,113359,67865,45494,14977,11772,3205,20436,18757,1679,19547,17417,2130,10599,10223,376,7912,7460,452,2941,2782,159,3386,3249,137,3976,3626,350,28.3670355,79.4304381
UTTAR PRADESH,Rural,Bareilly,On foot,21589,16376,5213,0,0,0,10721,7904,2817,5171,4331,840,5697,4141,1556,0,0,0,0,0,0,0,0,0,0,0,0,0,0,0,28.3670355,79.4304381
UTTAR PRADESH,Rural,Bareilly,Bicycle,31399,30374,1025,0,0,0,2510,2367,143,10682,10328,354,8693,8536,157,4799,4734,65,4715,4409,306,0,0,0,0,0,0,0,0,0,28.3670355,79.4304381
UTTAR PRADESH,Rural,Bareilly,Moped/Scooter/Motor Cycle,9338,8753,585,0,0,0,633,566,67,2183,1997,186,2078,1963,115,1886,1813,73,767,740,27,513,488,25,215,202,13,1063,984,79,28.3670355,79.4304381
UTTAR PRADESH,Rural,Bareilly,Car/Jeep/Van,1601,1453,148,0,0,0,132,100,32,167,146,21,253,230,23,260,239,21,181,170,11,260,247,13,118,116,2,230,205,25,28.3670355,79.4304381
UTTAR PRADESH,Rural,Bareilly,Tempo/Autorickshaw/Taxi,6087,5396,691,0,0,0,242,189,53,930,762,168,1572,1372,200,1709,1589,120,605,581,24,390,374,16,78,66,12,561,463,98,28.3670355,79.4304381
UTTAR PRADESH,Rural,Bareilly,Bus,6848,6349,499,0,0,0,238,196,42,477,410,67,601,550,51,1392,1311,81,1187,1115,72,1138,1067,71,1058,1009,49,757,691,66,28.3670355,79.4304381
UTTAR PRADESH,Rural,Bareilly,Train,4655,4440,215,0,0,0,247,224,23,257,245,12,155,143,12,279,267,12,328,322,6,519,489,30,1766,1706,60,1104,1044,60,28.3670355,79.4304381
UTTAR PRADESH,Rural,Bareilly,Water transport,96,81,15,0,0,0,24,15,9,9,8,1,11,10,1,9,8,1,4,4,0,3,3,0,13,13,0,23,20,3,28.3670355,79.4304381
UTTAR PRADESH,Rural,Bareilly,Any other,2161,2064,97,0,0,0,230,211,19,560,530,30,487,472,15,265,262,3,125,119,6,118,114,4,138,137,1,238,219,19,28.3670355,79.4304381
UTTAR PRADESH,Rural,Bareilly,No travel,113359,67865,45494,113359,67865,45494,0,0,0,0,0,0,0,0,0,0,0,0,0,0,0,0,0,0,0,0,0,0,0,0,28.3670355,79.4304381
UTTAR PRADESH,Urban,Bareilly,All Modes,380778,316391,64387,166451,123604,42847,48494,42891,5603,74570,68078,6492,42276,37604,4672,10299,9301,998,15894,14764,1130,4059,3596,463,4237,3870,367,14498,12683,1815,28.3670355,79.4304381
UTTAR PRADESH,Urban,Bareilly,On foot,67145,58208,8937,0,0,0,32317,28054,4263,16729,14796,1933,18099,15358,2741,0,0,0,0,0,0,0,0,0,0,0,0,0,0,0,28.3670355,79.4304381
UTTAR PRADESH,Urban,Bareilly,Bicycle,62968,60292,2676,0,0,0,8245,7845,400,29521,28378,1143,9935,9642,293,2821,2743,78,12446,11684,762,0,0,0,0,0,0,0,0,0,28.3670355,79.4304381
UTTAR PRADESH,Urban,Bareilly,Moped/Scooter/Motor Cycle,48795,45223,3572,0,0,0,5354,4965,389,19912,18460,1452,8996,8355,641,3638,3394,244,1118,1049,69,1163,1074,89,546,508,38,8068,7418,650,28.3670355,79.4304381
UTTAR PRADESH,Urban,Bareilly,Car/Jeep/Van,5727,4905,822,0,0,0,583,480,103,2007,1706,301,897,775,122,545,462,83,240,201,39,338,301,37,239,224,15,878,756,122,28.3670355,79.4304381
UTTAR PRADESH,Urban,Bareilly,Tempo/Autorickshaw/Taxi,11780,8572,3208,0,0,0,741,487,254,3984,2652,1332,2648,2024,624,1486,1208,278,586,511,75,333,283,50,164,145,19,1838,1262,576,28.3670355,79.4304381
UTTAR PRADESH,Urban,Bareilly,Bus,7129,5766,1363,0,0,0,363,264,99,647,478,169,825,642,183,1119,868,251,886,726,160,1262,1071,191,932,838,94,1095,879,216,28.3670355,79.4304381
UTTAR PRADESH,Urban,Bareilly,Train,7371,6661,710,0,0,0,470,422,48,646,574,72,319,283,36,395,344,51,419,398,21,878,788,90,2187,1991,196,2057,1861,196,28.3670355,79.4304381
UTTAR PRADESH,Urban,Bareilly,Water transport,190,158,32,0,0,0,33,26,7,38,34,4,25,21,4,8,6,2,5,4,1,6,6,0,13,12,1,62,49,13,28.3670355,79.4304381
UTTAR PRADESH,Urban,Bareilly,Any other,3222,3002,220,0,0,0,388,348,40,1086,1000,86,532,504,28,287,276,11,194,191,3,79,73,6,156,152,4,500,458,42,28.3670355,79.4304381
UTTAR PRADESH,Urban,Bareilly,No travel,166451,123604,42847,166451,123604,42847,0,0,0,0,0,0,0,0,0,0,0,0,0,0,0,0,0,0,0,0,0,0,0,0,28.3670355,79.4304381
MADHYA PRADESH,Total,Damoh,All Modes,142436,103929,38507,60756,37728,23028,26715,20377,6338,31905,26483,5422,11917,9627,2290,4486,4004,482,2533,2227,306,1416,1210,206,1884,1575,309,824,698,126,23.8380986,79.4421731
MADHYA PRADESH,Total,Damoh,On foot,41444,29568,11876,0,0,0,20681,14780,5901,15085,10823,4262,5678,3965,1713,0,0,0,0,0,0,0,0,0,0,0,0,0,0,0,23.8380986,79.4421731
MADHYA PRADESH,Total,Damoh,Bicycle,20364,19596,768,0,0,0,3201,3065,136,10982,10580,402,3541,3436,105,1548,1506,42,1092,1009,83,0,0,0,0,0,0,0,0,0,23.8380986,79.4421731
MADHYA PRADESH,Total,Damoh,Moped/Scooter/Motor Cycle,10731,9821,910,0,0,0,2298,2131,167,4591,4153,438,1437,1288,149,1121,1051,70,426,400,26,292,280,12,144,134,10,422,384,38,23.8380986,79.4421731
MADHYA PRADESH,Total,Damoh,Car/Jeep/Van,755,623,132,0,0,0,153,119,34,168,138,30,84,62,22,115,97,18,42,36,6,70,67,3,80,75,5,43,29,14,23.8380986,79.4421731
MADHYA PRADESH,Total,Damoh,Tempo/Autorickshaw/Taxi,544,340,204,0,0,0,77,36,41,251,133,118,115,93,22,38,28,10,8,8,0,9,8,1,12,12,0,34,22,12,23.8380986,79.4421731
MADHYA PRADESH,Total,Damoh,Bus,5379,4196,1183,0,0,0,112,85,27,368,243,125,919,653,266,1548,1219,329,740,592,148,867,704,163,683,585,98,142,115,27,23.8380986,79.4421731
MADHYA PRADESH,Total,Damoh,Train,1822,1481,341,0,0,0,94,82,12,155,137,18,62,53,9,76,66,10,213,170,43,147,122,25,931,736,195,144,115,29,23.8380986,79.4421731
MADHYA PRADESH,Total,Damoh,Water transport,48,31,17,0,0,0,21,12,9,1,0,1,7,5,2,1,1,0,1,1,0,2,1,1,5,4,1,10,7,3,23.8380986,79.4421731
MADHYA PRADESH,Total,Damoh,Any other,593,545,48,0,0,0,78,67,11,304,276,28,74,72,2,39,36,3,11,11,0,29,28,1,29,29,0,29,26,3,23.8380986,79.4421731
MADHYA PRADESH,Total,Damoh,No travel,60756,37728,23028,60756,37728,23028,0,0,0,0,0,0,0,0,0,0,0,0,0,0,0,0,0,0,0,0,0,0,0,0,23.8380986,79.4421731
MADHYA PRADESH,Rural,Damoh,All Modes,72990,48982,24008,38237,22483,15754,10441,7143,3298,11327,8541,2786,7583,6022,1561,2573,2385,188,1047,937,110,539,472,67,993,804,189,250,195,55,23.8380986,79.4421731
MADHYA PRADESH,Rural,Damoh,On foot,20484,13470,7014,0,0,0,9284,6085,3199,7447,4916,2531,3753,2469,1284,0,0,0,0,0,0,0,0,0,0,0,0,0,0,0,23.8380986,79.4421731
MADHYA PRADESH,Rural,Damoh,Bicycle,7640,7335,305,0,0,0,641,601,40,2820,2703,117,2506,2433,73,1232,1200,32,441,398,43,0,0,0,0,0,0,0,0,0,23.8380986,79.4421731
MADHYA PRADESH,Rural,Damoh,Moped/Scooter/Motor Cycle,2467,2283,184,0,0,0,341,321,20,699,634,65,611,562,49,456,433,23,163,152,11,94,91,3,37,33,4,66,57,9,23.8380986,79.4421731
MADHYA PRADESH,Rural,Damoh,Car/Jeep/Van,254,201,53,0,0,0,37,26,11,48,40,8,37,23,14,61,52,9,13,10,3,15,15,0,24,23,1,19,12,7,23.8380986,79.4421731
MADHYA PRADESH,Rural,Damoh,Tempo/Autorickshaw/Taxi,124,94,30,0,0,0,10,6,4,21,17,4,57,44,13,16,12,4,4,4,0,1,1,0,3,3,0,12,7,5,23.8380986,79.4421731
MADHYA PRADESH,Rural,Damoh,Bus,2658,2225,433,0,0,0,62,52,10,190,138,52,550,430,120,751,638,113,350,315,35,351,298,53,344,303,41,60,51,9,23.8380986,79.4421731
MADHYA PRADESH,Rural,Damoh,Train,944,725,219,0,0,0,33,26,7,59,50,9,35,29,6,29,25,4,73,55,18,65,54,11,570,427,143,80,59,21,23.8380986,79.4421731
MADHYA PRADESH,Rural,Damoh,Water transport,24,16,8,0,0,0,13,7,6,0,0,0,4,4,0,0,0,0,0,0,0,0,0,0,3,3,0,4,2,2,23.8380986,79.4421731
MADHYA PRADESH,Rural,Damoh,Any other,158,150,8,0,0,0,20,19,1,43,43,0,30,28,2,28,25,3,3,3,0,13,13,0,12,12,0,9,7,2,23.8380986,79.4421731
MADHYA PRADESH,Rural,Damoh,No travel,38237,22483,15754,38237,22483,15754,0,0,0,0,0,0,0,0,0,0,0,0,0,0,0,0,0,0,0,0,0,0,0,0,23.8380986,79.4421731
MADHYA PRADESH,Urban,Damoh,All Modes,69446,54947,14499,22519,15245,7274,16274,13234,3040,20578,17942,2636,4334,3605,729,1913,1619,294,1486,1290,196,877,738,139,891,771,120,574,503,71,23.8380986,79.4421731
MADHYA PRADESH,Urban,Damoh,On foot,20960,16098,4862,0,0,0,11397,8695,2702,7638,5907,1731,1925,1496,429,0,0,0,0,0,0,0,0,0,0,0,0,0,0,0,23.8380986,79.4421731
MADHYA PRADESH,Urban,Damoh,Bicycle,12724,12261,463,0,0,0,2560,2464,96,8162,7877,285,1035,1003,32,316,306,10,651,611,40,0,0,0,0,0,0,0,0,0,23.8380986,79.4421731
MADHYA PRADESH,Urban,Damoh,Moped/Scooter/Motor Cycle,8264,7538,726,0,0,0,1957,1810,147,3892,3519,373,826,726,100,665,618,47,263,248,15,198,189,9,107,101,6,356,327,29,23.8380986,79.4421731
MADHYA PRADESH,Urban,Damoh,Car/Jeep/Van,501,422,79,0,0,0,116,93,23,120,98,22,47,39,8,54,45,9,29,26,3,55,52,3,56,52,4,24,17,7,23.8380986,79.4421731
MADHYA PRADESH,Urban,Damoh,Tempo/Autorickshaw/Taxi,420,246,174,0,0,0,67,30,37,230,116,114,58,49,9,22,16,6,4,4,0,8,7,1,9,9,0,22,15,7,23.8380986,79.4421731
MADHYA PRADESH,Urban,Damoh,Bus,2721,1971,750,0,0,0,50,33,17,178,105,73,369,223,146,797,581,216,390,277,113,516,406,110,339,282,57,82,64,18,23.8380986,79.4421731
MADHYA PRADESH,Urban,Damoh,Train,878,756,122,0,0,0,61,56,5,96,87,9,27,24,3,47,41,6,140,115,25,82,68,14,361,309,52,64,56,8,23.8380986,79.4421731
MADHYA PRADESH,Urban,Damoh,Water transport,24,15,9,0,0,0,8,5,3,1,0,1,3,1,2,1,1,0,1,1,0,2,1,1,2,1,1,6,5,1,23.8380986,79.4421731
MADHYA PRADESH,Urban,Damoh,Any other,435,395,40,0,0,0,58,48,10,261,233,28,44,44,0,11,11,0,8,8,0,16,15,1,17,17,0,20,19,1,23.8380986,79.4421731
MADHYA PRADESH,Urban,Damoh,No travel,22519,15245,7274,22519,15245,7274,0,0,0,0,0,0,0,0,0,0,0,0,0,0,0,0,0,0,0,0,0,0,0,0,23.8380986,79.4421731
UTTARAKHAND,Total,Nainital,All Modes,194142,159270,34872,53779,38905,14874,41000,33853,7147,48144,41582,6562,22019,19070,2949,8526,7445,1081,7831,6952,879,6468,5747,721,4801,4311,490,1574,1405,169,29.3803039,79.4635658
UTTARAKHAND,Total,Nainital,On foot,64291,52545,11746,0,0,0,33039,26537,6502,22041,18272,3769,9211,7736,1475,0,0,0,0,0,0,0,0,0,0,0,0,0,0,0,29.3803039,79.4635658
UTTARAKHAND,Total,Nainital,Bicycle,15435,14823,612,0,0,0,2274,2175,99,8360,8055,305,2830,2733,97,764,735,29,1207,1125,82,0,0,0,0,0,0,0,0,0,29.3803039,79.4635658
UTTARAKHAND,Total,Nainital,Moped/Scooter/Motor Cycle,22267,20896,1371,0,0,0,3811,3586,225,9732,9078,654,3932,3660,272,1936,1829,107,1086,1048,38,917,885,32,311,300,11,542,510,32,29.3803039,79.4635658
UTTARAKHAND,Total,Nainital,Car/Jeep/Van,6061,5282,779,0,0,0,662,584,78,1544,1307,237,850,733,117,706,595,111,640,548,92,855,781,74,612,558,54,192,176,16,29.3803039,79.4635658
UTTARAKHAND,Total,Nainital,Tempo/Autorickshaw/Taxi,9218,7057,2161,0,0,0,471,345,126,3847,2766,1081,2292,1784,508,1364,1122,242,622,511,111,252,216,36,142,125,17,228,188,40,29.3803039,79.4635658
UTTARAKHAND,Total,Nainital,Bus,20021,16937,3084,0,0,0,386,314,72,1745,1302,443,2516,2053,463,3585,2998,587,4133,3594,539,4267,3704,563,2972,2615,357,417,357,60,29.3803039,79.4635658
UTTARAKHAND,Total,Nainital,Train,1925,1751,174,0,0,0,207,186,21,493,446,47,186,173,13,91,87,4,81,66,15,115,101,14,636,589,47,116,103,13,29.3803039,79.4635658
UTTARAKHAND,Total,Nainital,Water transport,81,76,5,0,0,0,13,12,1,16,14,2,13,13,0,5,5,0,7,6,1,6,6,0,11,10,1,10,10,0,29.3803039,79.4635658
UTTARAKHAND,Total,Nainital,Any other,1064,998,66,0,0,0,137,114,23,366,342,24,189,185,4,75,74,1,55,54,1,56,54,2,117,114,3,69,61,8,29.3803039,79.4635658
UTTARAKHAND,Total,Nainital,No travel,53779,38905,14874,53779,38905,14874,0,0,0,0,0,0,0,0,0,0,0,0,0,0,0,0,0,0,0,0,0,0,0,0,29.3803039,79.4635658
UTTARAKHAND,Rural,Nainital,All Modes,83860,65403,18457,27842,18026,9816,13471,10300,3171,16886,14262,2624,10672,9212,1460,5142,4628,514,3999,3653,346,2856,2577,279,2464,2265,199,528,480,48,29.3803039,79.4635658
UTTARAKHAND,Rural,Nainital,On foot,23573,18120,5453,0,0,0,11070,8104,2966,8353,6612,1741,4150,3404,746,0,0,0,0,0,0,0,0,0,0,0,0,0,0,0,29.3803039,79.4635658
UTTARAKHAND,Rural,Nainital,Bicycle,7177,6841,336,0,0,0,1033,970,63,3406,3250,156,1615,1548,67,499,485,14,624,588,36,0,0,0,0,0,0,0,0,0,29.3803039,79.4635658
UTTARAKHAND,Rural,Nainital,Moped/Scooter/Motor Cycle,7437,7012,425,0,0,0,847,793,54,2520,2345,175,1796,1681,115,1109,1063,46,572,558,14,365,355,10,124,116,8,104,101,3,29.3803039,79.4635658
UTTARAKHAND,Rural,Nainital,Car/Jeep/Van,2306,2041,265,0,0,0,163,148,15,446,379,67,409,346,63,383,338,45,230,207,23,321,298,23,293,272,21,61,53,8,29.3803039,79.4635658
UTTARAKHAND,Rural,Nainital,Tempo/Autorickshaw/Taxi,3569,2849,720,0,0,0,90,64,26,949,697,252,957,727,230,895,758,137,455,403,52,118,105,13,46,42,4,59,53,6,29.3803039,79.4635658
UTTARAKHAND,Rural,Nainital,Bus,10709,9361,1348,0,0,0,165,130,35,960,755,205,1615,1382,233,2179,1910,269,2048,1836,212,1969,1740,229,1578,1430,148,195,178,17,29.3803039,79.4635658
UTTARAKHAND,Rural,Nainital,Train,838,770,68,0,0,0,62,53,9,139,121,18,77,73,4,39,37,2,37,30,7,54,51,3,357,341,16,73,64,9,29.3803039,79.4635658
UTTARAKHAND,Rural,Nainital,Water transport,35,31,4,0,0,0,5,4,1,4,3,1,5,5,0,3,3,0,3,2,1,4,4,0,7,6,1,4,4,0,29.3803039,79.4635658
UTTARAKHAND,Rural,Nainital,Any other,374,352,22,0,0,0,36,34,2,109,100,9,48,46,2,35,34,1,30,29,1,25,24,1,59,58,1,32,27,5,29.3803039,79.4635658
UTTARAKHAND,Rural,Nainital,No travel,27842,18026,9816,27842,18026,9816,0,0,0,0,0,0,0,0,0,0,0,0,0,0,0,0,0,0,0,0,0,0,0,0,29.3803039,79.4635658
UTTARAKHAND,Urban,Nainital,All Modes,110282,93867,16415,25937,20879,5058,27529,23553,3976,31258,27320,3938,11347,9858,1489,3384,2817,567,3832,3299,533,3612,3170,442,2337,2046,291,1046,925,121,29.3803039,79.4635658
UTTARAKHAND,Urban,Nainital,On foot,40718,34425,6293,0,0,0,21969,18433,3536,13688,11660,2028,5061,4332,729,0,0,0,0,0,0,0,0,0,0,0,0,0,0,0,29.3803039,79.4635658
UTTARAKHAND,Urban,Nainital,Bicycle,8258,7982,276,0,0,0,1241,1205,36,4954,4805,149,1215,1185,30,265,250,15,583,537,46,0,0,0,0,0,0,0,0,0,29.3803039,79.4635658
UTTARAKHAND,Urban,Nainital,Moped/Scooter/Motor Cycle,14830,13884,946,0,0,0,2964,2793,171,7212,6733,479,2136,1979,157,827,766,61,514,490,24,552,530,22,187,184,3,438,409,29,29.3803039,79.4635658
UTTARAKHAND,Urban,Nainital,Car/Jeep/Van,3755,3241,514,0,0,0,499,436,63,1098,928,170,441,387,54,323,257,66,410,341,69,534,483,51,319,286,33,131,123,8,29.3803039,79.4635658
UTTARAKHAND,Urban,Nainital,Tempo/Autorickshaw/Taxi,5649,4208,1441,0,0,0,381,281,100,2898,2069,829,1335,1057,278,469,364,105,167,108,59,134,111,23,96,83,13,169,135,34,29.3803039,79.4635658
UTTARAKHAND,Urban,Nainital,Bus,9312,7576,1736,0,0,0,221,184,37,785,547,238,901,671,230,1406,1088,318,2085,1758,327,2298,1964,334,1394,1185,209,222,179,43,29.3803039,79.4635658
UTTARAKHAND,Urban,Nainital,Train,1087,981,106,0,0,0,145,133,12,354,325,29,109,100,9,52,50,2,44,36,8,61,50,11,279,248,31,43,39,4,29.3803039,79.4635658
UTTARAKHAND,Urban,Nainital,Water transport,46,45,1,0,0,0,8,8,0,12,11,1,8,8,0,2,2,0,4,4,0,2,2,0,4,4,0,6,6,0,29.3803039,79.4635658
UTTARAKHAND,Urban,Nainital,Any other,690,646,44,0,0,0,101,80,21,257,242,15,141,139,2,40,40,0,25,25,0,31,30,1,58,56,2,37,34,3,29.3803039,79.4635658
UTTARAKHAND,Urban,Nainital,No travel,25937,20879,5058,25937,20879,5058,0,0,0,0,0,0,0,0,0,0,0,0,0,0,0,0,0,0,0,0,0,0,0,0,29.3803039,79.4635658
TAMIL NADU,Total,Viluppuram,All Modes,463153,350125,113028,154861,106296,48565,58409,40774,17635,80165,61752,18413,59301,46889,12412,38525,32198,6327,22938,19663,3275,17167,15004,2163,26670,23107,3563,5117,4442,675,11.927783,79.4825785
TAMIL NADU,Total,Viluppuram,On foot,68473,40276,28197,0,0,0,37523,22235,15288,18888,10467,8421,12062,7574,4488,0,0,0,0,0,0,0,0,0,0,0,0,0,0,0,11.927783,79.4825785
TAMIL NADU,Total,Viluppuram,Bicycle,47128,43018,4110,0,0,0,8622,7992,630,23655,21322,2333,8700,8021,679,2493,2343,150,3658,3340,318,0,0,0,0,0,0,0,0,0,11.927783,79.4825785
TAMIL NADU,Total,Viluppuram,Moped/Scooter/Motor Cycle,58534,54225,4309,0,0,0,8482,7870,612,20894,18955,1939,13103,12172,931,8326,7890,436,3070,2927,143,1880,1793,87,967,907,60,1812,1711,101,11.927783,79.4825785
TAMIL NADU,Total,Viluppuram,Car/Jeep/Van,6209,4945,1264,0,0,0,460,369,91,1321,936,385,1147,868,279,843,671,172,520,412,108,782,679,103,874,790,84,262,220,42,11.927783,79.4825785
TAMIL NADU,Total,Viluppuram,Tempo/Autorickshaw/Taxi,5659,4496,1163,0,0,0,420,337,83,1813,1134,679,1093,906,187,882,762,120,430,384,46,389,377,12,425,408,17,207,188,19,11.927783,79.4825785
TAMIL NADU,Total,Viluppuram,Bus,112369,87852,24517,0,0,0,2612,1725,887,12767,8213,4554,21836,16123,5713,24228,18892,5336,14443,11841,2602,13350,11453,1897,20930,17866,3064,2203,1739,464,11.927783,79.4825785
TAMIL NADU,Total,Viluppuram,Train,4442,3808,634,0,0,0,102,79,23,232,167,65,365,266,99,365,290,75,168,139,29,329,293,36,2663,2379,284,218,195,23,11.927783,79.4825785
TAMIL NADU,Total,Viluppuram,Water transport,2868,2797,71,0,0,0,74,71,3,315,303,12,685,669,16,1137,1113,24,455,446,9,113,110,3,60,58,2,29,27,2,11.927783,79.4825785
TAMIL NADU,Total,Viluppuram,Any other,2610,2412,198,0,0,0,114,96,18,280,255,25,310,290,20,251,237,14,194,174,20,324,299,25,751,699,52,386,362,24,11.927783,79.4825785
TAMIL NADU,Total,Viluppuram,No travel,154861,106296,48565,154861,106296,48565,0,0,0,0,0,0,0,0,0,0,0,0,0,0,0,0,0,0,0,0,0,0,0,0,11.927783,79.4825785
TAMIL NADU,Rural,Viluppuram,All Modes,312970,231018,81952,113557,77012,36545,28192,16106,12086,43823,31818,12005,43957,34564,9393,29918,25301,4617,17726,15264,2462,12147,10654,1493,20090,17243,2847,3560,3056,504,11.927783,79.4825785
TAMIL NADU,Rural,Viluppuram,On foot,40753,20460,20293,0,0,0,20845,10078,10767,11348,5387,5961,8560,4995,3565,0,0,0,0,0,0,0,0,0,0,0,0,0,0,0,11.927783,79.4825785
TAMIL NADU,Rural,Viluppuram,Bicycle,24073,21376,2697,0,0,0,2684,2323,361,11519,9994,1525,5912,5402,510,1859,1734,125,2099,1923,176,0,0,0,0,0,0,0,0,0,11.927783,79.4825785
TAMIL NADU,Rural,Viluppuram,Moped/Scooter/Motor Cycle,33589,30948,2641,0,0,0,2401,2139,262,10285,9164,1121,9264,8598,666,6277,5956,321,2391,2281,110,1315,1253,62,666,631,35,990,926,64,11.927783,79.4825785
TAMIL NADU,Rural,Viluppuram,Car/Jeep/Van,3928,3083,845,0,0,0,166,126,40,664,464,200,805,601,204,598,469,129,400,306,94,557,472,85,569,507,62,169,138,31,11.927783,79.4825785
TAMIL NADU,Rural,Viluppuram,Tempo/Autorickshaw/Taxi,3327,2843,484,0,0,0,143,122,21,791,571,220,757,640,117,655,580,75,320,292,28,241,235,6,277,269,8,143,134,9,11.927783,79.4825785
TAMIL NADU,Rural,Viluppuram,Bus,87363,69509,17854,0,0,0,1816,1203,613,8843,5927,2916,17764,13535,4229,19408,15523,3885,11894,9886,2008,9441,8152,1289,16400,13854,2546,1797,1429,368,11.927783,79.4825785
TAMIL NADU,Rural,Viluppuram,Train,2796,2384,412,0,0,0,55,40,15,157,109,48,290,213,77,279,219,60,123,100,23,215,190,25,1521,1372,149,156,141,15,11.927783,79.4825785
TAMIL NADU,Rural,Viluppuram,Water transport,1530,1495,35,0,0,0,19,19,0,51,48,3,352,343,9,627,615,12,323,317,6,101,98,3,37,36,1,20,19,1,11.927783,79.4825785
TAMIL NADU,Rural,Viluppuram,Any other,2054,1908,146,0,0,0,63,56,7,165,154,11,253,237,16,215,205,10,176,159,17,277,254,23,620,574,46,285,269,16,11.927783,79.4825785
TAMIL NADU,Rural,Viluppuram,No travel,113557,77012,36545,113557,77012,36545,0,0,0,0,0,0,0,0,0,0,0,0,0,0,0,0,0,0,0,0,0,0,0,0,11.927783,79.4825785
TAMIL NADU,Urban,Viluppuram,All Modes,150183,119107,31076,41304,29284,12020,30217,24668,5549,36342,29934,6408,15344,12325,3019,8607,6897,1710,5212,4399,813,5020,4350,670,6580,5864,716,1557,1386,171,11.927783,79.4825785
TAMIL NADU,Urban,Viluppuram,On foot,27720,19816,7904,0,0,0,16678,12157,4521,7540,5080,2460,3502,2579,923,0,0,0,0,0,0,0,0,0,0,0,0,0,0,0,11.927783,79.4825785
TAMIL NADU,Urban,Viluppuram,Bicycle,23055,21642,1413,0,0,0,5938,5669,269,12136,11328,808,2788,2619,169,634,609,25,1559,1417,142,0,0,0,0,0,0,0,0,0,11.927783,79.4825785
TAMIL NADU,Urban,Viluppuram,Moped/Scooter/Motor Cycle,24945,23277,1668,0,0,0,6081,5731,350,10609,9791,818,3839,3574,265,2049,1934,115,679,646,33,565,540,25,301,276,25,822,785,37,11.927783,79.4825785
TAMIL NADU,Urban,Viluppuram,Car/Jeep/Van,2281,1862,419,0,0,0,294,243,51,657,472,185,342,267,75,245,202,43,120,106,14,225,207,18,305,283,22,93,82,11,11.927783,79.4825785
TAMIL NADU,Urban,Viluppuram,Tempo/Autorickshaw/Taxi,2332,1653,679,0,0,0,277,215,62,1022,563,459,336,266,70,227,182,45,110,92,18,148,142,6,148,139,9,64,54,10,11.927783,79.4825785
TAMIL NADU,Urban,Viluppuram,Bus,25006,18343,6663,0,0,0,796,522,274,3924,2286,1638,4072,2588,1484,4820,3369,1451,2549,1955,594,3909,3301,608,4530,4012,518,406,310,96,11.927783,79.4825785
TAMIL NADU,Urban,Viluppuram,Train,1646,1424,222,0,0,0,47,39,8,75,58,17,75,53,22,86,71,15,45,39,6,114,103,11,1142,1007,135,62,54,8,11.927783,79.4825785
TAMIL NADU,Urban,Viluppuram,Water transport,1338,1302,36,0,0,0,55,52,3,264,255,9,333,326,7,510,498,12,132,129,3,12,12,0,23,22,1,9,8,1,11.927783,79.4825785
TAMIL NADU,Urban,Viluppuram,Any other,556,504,52,0,0,0,51,40,11,115,101,14,57,53,4,36,32,4,18,15,3,47,45,2,131,125,6,101,93,8,11.927783,79.4825785
TAMIL NADU,Urban,Viluppuram,No travel,41304,29284,12020,41304,29284,12020,0,0,0,0,0,0,0,0,0,0,0,0,0,0,0,0,0,0,0,0,0,0,0,0,11.927783,79.4825785
UTTAR PRADESH,Total,Auraiya,All Modes,111032,90449,20583,47071,32944,14127,17499,14742,2757,20475,18696,1779,11386,10340,1046,4845,4499,346,2588,2423,165,1591,1485,106,5066,4849,217,511,471,40,26.4605377,79.5112528
UTTAR PRADESH,Total,Auraiya,On foot,21596,17623,3973,0,0,0,12844,10324,2520,6038,5053,985,2714,2246,468,0,0,0,0,0,0,0,0,0,0,0,0,0,0,0,26.4605377,79.5112528
UTTAR PRADESH,Total,Auraiya,Bicycle,21205,20610,595,0,0,0,2968,2881,87,10352,10045,307,4871,4750,121,1848,1816,32,1166,1118,48,0,0,0,0,0,0,0,0,0,26.4605377,79.5112528
UTTAR PRADESH,Total,Auraiya,Moped/Scooter/Motor Cycle,9240,8562,678,0,0,0,1194,1123,71,2850,2621,229,2066,1884,182,1442,1326,116,640,610,30,533,516,17,327,310,17,188,172,16,26.4605377,79.5112528
UTTAR PRADESH,Total,Auraiya,Car/Jeep/Van,1532,1409,123,0,0,0,123,104,19,282,241,41,586,562,24,184,169,15,85,78,7,91,87,4,134,128,6,47,40,7,26.4605377,79.5112528
UTTAR PRADESH,Total,Auraiya,Tempo/Autorickshaw/Taxi,1178,937,241,0,0,0,39,28,11,270,190,80,366,268,98,284,254,30,99,85,14,45,42,3,49,48,1,26,22,4,26.4605377,79.5112528
UTTAR PRADESH,Total,Auraiya,Bus,5016,4333,683,0,0,0,151,124,27,371,249,122,584,440,144,938,793,145,512,450,62,719,647,72,1667,1563,104,74,67,7,26.4605377,79.5112528
UTTAR PRADESH,Total,Auraiya,Train,3753,3615,138,0,0,0,124,114,10,213,202,11,132,126,6,108,101,7,72,68,4,179,169,10,2775,2689,86,150,146,4,26.4605377,79.5112528
UTTAR PRADESH,Total,Auraiya,Water transport,34,26,8,0,0,0,10,4,6,0,0,0,1,0,1,3,2,1,1,1,0,1,1,0,18,18,0,0,0,0,26.4605377,79.5112528
UTTAR PRADESH,Total,Auraiya,Any other,407,390,17,0,0,0,46,40,6,99,95,4,66,64,2,38,38,0,13,13,0,23,23,0,96,93,3,26,24,2,26.4605377,79.5112528
UTTAR PRADESH,Total,Auraiya,No travel,47071,32944,14127,47071,32944,14127,0,0,0,0,0,0,0,0,0,0,0,0,0,0,0,0,0,0,0,0,0,0,0,0,26.4605377,79.5112528
UTTAR PRADESH,Rural,Auraiya,All Modes,63112,49029,14083,28677,18360,10317,7539,5659,1880,10004,9070,934,7675,7112,563,3099,2963,136,1599,1521,78,925,882,43,3291,3173,118,303,289,14,26.4605377,79.5112528
UTTAR PRADESH,Rural,Auraiya,On foot,10239,7566,2673,0,0,0,5809,4047,1762,2793,2215,578,1637,1304,333,0,0,0,0,0,0,0,0,0,0,0,0,0,0,0,26.4605377,79.5112528
UTTAR PRADESH,Rural,Auraiya,Bicycle,12714,12389,325,0,0,0,1220,1182,38,5547,5379,168,3703,3635,68,1424,1407,17,820,786,34,0,0,0,0,0,0,0,0,0,26.4605377,79.5112528
UTTAR PRADESH,Rural,Auraiya,Moped/Scooter/Motor Cycle,4110,3857,253,0,0,0,272,241,31,1045,958,87,1143,1086,57,754,713,41,334,318,16,307,299,8,170,164,6,85,78,7,26.4605377,79.5112528
UTTAR PRADESH,Rural,Auraiya,Car/Jeep/Van,956,904,52,0,0,0,40,30,10,113,96,17,520,504,16,102,96,6,48,48,0,45,43,2,66,65,1,22,22,0,26.4605377,79.5112528
UTTAR PRADESH,Rural,Auraiya,Tempo/Autorickshaw/Taxi,781,706,75,0,0,0,19,14,5,161,141,20,229,201,28,205,193,12,71,66,5,33,32,1,40,40,0,23,19,4,26.4605377,79.5112528
UTTAR PRADESH,Rural,Auraiya,Bus,2808,2513,295,0,0,0,76,60,16,199,145,54,323,266,57,517,460,57,272,251,21,407,380,27,977,915,62,37,36,1,26.4605377,79.5112528
UTTAR PRADESH,Rural,Auraiya,Train,2570,2493,77,0,0,0,72,65,7,109,102,7,77,74,3,65,62,3,45,43,2,118,113,5,1971,1923,48,113,111,2,26.4605377,79.5112528
UTTAR PRADESH,Rural,Auraiya,Water transport,22,16,6,0,0,0,10,4,6,0,0,0,0,0,0,1,1,0,0,0,0,1,1,0,10,10,0,0,0,0,26.4605377,79.5112528
UTTAR PRADESH,Rural,Auraiya,Any other,235,225,10,0,0,0,21,16,5,37,34,3,43,42,1,31,31,0,9,9,0,14,14,0,57,56,1,23,23,0,26.4605377,79.5112528
UTTAR PRADESH,Rural,Auraiya,No travel,28677,18360,10317,28677,18360,10317,0,0,0,0,0,0,0,0,0,0,0,0,0,0,0,0,0,0,0,0,0,0,0,0,26.4605377,79.5112528
UTTAR PRADESH,Urban,Auraiya,All Modes,47920,41420,6500,18394,14584,3810,9960,9083,877,10471,9626,845,3711,3228,483,1746,1536,210,989,902,87,666,603,63,1775,1676,99,208,182,26,26.4605377,79.5112528
UTTAR PRADESH,Urban,Auraiya,On foot,11357,10057,1300,0,0,0,7035,6277,758,3245,2838,407,1077,942,135,0,0,0,0,0,0,0,0,0,0,0,0,0,0,0,26.4605377,79.5112528
UTTAR PRADESH,Urban,Auraiya,Bicycle,8491,8221,270,0,0,0,1748,1699,49,4805,4666,139,1168,1115,53,424,409,15,346,332,14,0,0,0,0,0,0,0,0,0,26.4605377,79.5112528
UTTAR PRADESH,Urban,Auraiya,Moped/Scooter/Motor Cycle,5130,4705,425,0,0,0,922,882,40,1805,1663,142,923,798,125,688,613,75,306,292,14,226,217,9,157,146,11,103,94,9,26.4605377,79.5112528
UTTAR PRADESH,Urban,Auraiya,Car/Jeep/Van,576,505,71,0,0,0,83,74,9,169,145,24,66,58,8,82,73,9,37,30,7,46,44,2,68,63,5,25,18,7,26.4605377,79.5112528
UTTAR PRADESH,Urban,Auraiya,Tempo/Autorickshaw/Taxi,397,231,166,0,0,0,20,14,6,109,49,60,137,67,70,79,61,18,28,19,9,12,10,2,9,8,1,3,3,0,26.4605377,79.5112528
UTTAR PRADESH,Urban,Auraiya,Bus,2208,1820,388,0,0,0,75,64,11,172,104,68,261,174,87,421,333,88,240,199,41,312,267,45,690,648,42,37,31,6,26.4605377,79.5112528
UTTAR PRADESH,Urban,Auraiya,Train,1183,1122,61,0,0,0,52,49,3,104,100,4,55,52,3,43,39,4,27,25,2,61,56,5,804,766,38,37,35,2,26.4605377,79.5112528
UTTAR PRADESH,Urban,Auraiya,Water transport,12,10,2,0,0,0,0,0,0,0,0,0,1,0,1,2,1,1,1,1,0,0,0,0,8,8,0,0,0,0,26.4605377,79.5112528
UTTAR PRADESH,Urban,Auraiya,Any other,172,165,7,0,0,0,25,24,1,62,61,1,23,22,1,7,7,0,4,4,0,9,9,0,39,37,2,3,1,2,26.4605377,79.5112528
UTTAR PRADESH,Urban,Auraiya,No travel,18394,14584,3810,18394,14584,3810,0,0,0,0,0,0,0,0,0,0,0,0,0,0,0,0,0,0,0,0,0,0,0,0,26.4605377,79.5112528
UTTARAKHAND,Total,Udham Singh Nagar,All Modes,277126,227044,50082,82509,55530,26979,54416,45397,9019,68951,61220,7731,37135,33389,3746,16436,15201,1235,7020,6530,490,3184,2912,272,5570,5160,410,1905,1705,200,28.9609653,79.5153773
UTTARAKHAND,Total,Udham Singh Nagar,On foot,64239,50532,13707,0,0,0,38052,30110,7942,17486,13535,3951,8701,6887,1814,0,0,0,0,0,0,0,0,0,0,0,0,0,0,0,28.9609653,79.5153773
UTTARAKHAND,Total,Udham Singh Nagar,Bicycle,56033,54163,1870,0,0,0,8194,7875,319,28696,27728,968,12207,11894,313,3883,3792,91,3053,2874,179,0,0,0,0,0,0,0,0,0,28.9609653,79.5153773
UTTARAKHAND,Total,Udham Singh Nagar,Moped/Scooter/Motor Cycle,34202,32416,1786,0,0,0,5814,5491,323,13093,12328,765,6945,6616,329,4767,4564,203,1359,1325,34,833,807,26,551,514,37,840,771,69,28.9609653,79.5153773
UTTARAKHAND,Total,Udham Singh Nagar,Car/Jeep/Van,4805,4297,508,0,0,0,546,468,78,1691,1482,209,943,852,91,677,624,53,209,191,18,216,198,18,350,324,26,173,158,15,28.9609653,79.5153773
UTTARAKHAND,Total,Udham Singh Nagar,Tempo/Autorickshaw/Taxi,9114,6886,2228,0,0,0,532,348,184,2883,1868,1015,2651,2059,592,2263,1932,331,317,276,41,149,121,28,146,130,16,173,152,21,28.9609653,79.5153773
UTTARAKHAND,Total,Udham Singh Nagar,Bus,18901,16362,2539,0,0,0,536,430,106,2799,2135,664,4570,4007,563,4214,3685,529,1752,1551,201,1628,1453,175,3063,2814,249,339,287,52,28.9609653,79.5153773
UTTARAKHAND,Total,Udham Singh Nagar,Train,3572,3295,277,0,0,0,295,260,35,805,738,67,356,338,18,275,254,21,236,221,15,229,206,23,1186,1107,79,190,171,19,28.9609653,79.5153773
UTTARAKHAND,Total,Udham Singh Nagar,Water transport,163,152,11,0,0,0,20,18,2,28,25,3,18,17,1,57,56,1,4,4,0,4,3,1,17,17,0,15,12,3,28.9609653,79.5153773
UTTARAKHAND,Total,Udham Singh Nagar,Any other,3588,3411,177,0,0,0,427,397,30,1470,1381,89,744,719,25,300,294,6,90,88,2,125,124,1,257,254,3,175,154,21,28.9609653,79.5153773
UTTARAKHAND,Total,Udham Singh Nagar,No travel,82509,55530,26979,82509,55530,26979,0,0,0,0,0,0,0,0,0,0,0,0,0,0,0,0,0,0,0,0,0,0,0,0,28.9609653,79.5153773
UTTARAKHAND,Rural,Udham Singh Nagar,All Modes,121231,93342,27889,42803,25541,17262,16134,12033,4101,26599,23222,3377,18221,16293,1928,8176,7661,515,3838,3547,291,1645,1523,122,2977,2792,185,838,730,108,28.9609653,79.5153773
UTTARAKHAND,Rural,Udham Singh Nagar,On foot,21138,14466,6672,0,0,0,11417,7686,3731,6290,4359,1931,3431,2421,1010,0,0,0,0,0,0,0,0,0,0,0,0,0,0,0,28.9609653,79.5153773
UTTARAKHAND,Rural,Udham Singh Nagar,Bicycle,26806,25757,1049,0,0,0,2901,2730,171,12474,12002,472,7247,7032,215,2548,2484,64,1636,1509,127,0,0,0,0,0,0,0,0,0,28.9609653,79.5153773
UTTARAKHAND,Rural,Udham Singh Nagar,Moped/Scooter/Motor Cycle,13172,12442,730,0,0,0,1137,1055,82,4363,4075,288,3425,3275,150,2385,2282,103,797,773,24,455,441,14,274,250,24,336,291,45,28.9609653,79.5153773
UTTARAKHAND,Rural,Udham Singh Nagar,Car/Jeep/Van,1727,1535,192,0,0,0,135,113,22,515,438,77,390,353,37,269,256,13,102,92,10,79,70,9,150,135,15,87,78,9,28.9609653,79.5153773
UTTARAKHAND,Rural,Udham Singh Nagar,Tempo/Autorickshaw/Taxi,3820,3004,816,0,0,0,149,104,45,949,648,301,1299,1033,266,987,842,145,212,182,30,72,60,12,80,73,7,72,62,10,28.9609653,79.5153773
UTTARAKHAND,Rural,Udham Singh Nagar,Bus,8646,7657,989,0,0,0,205,176,29,1214,970,244,1912,1684,228,1646,1464,182,958,865,93,870,791,79,1674,1567,107,167,140,27,28.9609653,79.5153773
UTTARAKHAND,Rural,Udham Singh Nagar,Train,1602,1492,110,0,0,0,72,60,12,298,263,35,172,164,8,109,104,5,86,81,5,112,105,7,652,621,31,101,94,7,28.9609653,79.5153773
UTTARAKHAND,Rural,Udham Singh Nagar,Water transport,95,91,4,0,0,0,3,2,1,8,7,1,10,10,0,53,53,0,3,3,0,3,2,1,10,10,0,5,4,1,28.9609653,79.5153773
UTTARAKHAND,Rural,Udham Singh Nagar,Any other,1422,1357,65,0,0,0,115,107,8,488,460,28,335,321,14,179,176,3,44,42,2,54,54,0,137,136,1,70,61,9,28.9609653,79.5153773
UTTARAKHAND,Rural,Udham Singh Nagar,No travel,42803,25541,17262,42803,25541,17262,0,0,0,0,0,0,0,0,0,0,0,0,0,0,0,0,0,0,0,0,0,0,0,0,28.9609653,79.5153773
UTTARAKHAND,Urban,Udham Singh Nagar,All Modes,155895,133702,22193,39706,29989,9717,38282,33364,4918,42352,37998,4354,18914,17096,1818,8260,7540,720,3182,2983,199,1539,1389,150,2593,2368,225,1067,975,92,28.9609653,79.5153773
UTTARAKHAND,Urban,Udham Singh Nagar,On foot,43101,36066,7035,0,0,0,26635,22424,4211,11196,9176,2020,5270,4466,804,0,0,0,0,0,0,0,0,0,0,0,0,0,0,0,28.9609653,79.5153773
UTTARAKHAND,Urban,Udham Singh Nagar,Bicycle,29227,28406,821,0,0,0,5293,5145,148,16222,15726,496,4960,4862,98,1335,1308,27,1417,1365,52,0,0,0,0,0,0,0,0,0,28.9609653,79.5153773
UTTARAKHAND,Urban,Udham Singh Nagar,Moped/Scooter/Motor Cycle,21030,19974,1056,0,0,0,4677,4436,241,8730,8253,477,3520,3341,179,2382,2282,100,562,552,10,378,366,12,277,264,13,504,480,24,28.9609653,79.5153773
UTTARAKHAND,Urban,Udham Singh Nagar,Car/Jeep/Van,3078,2762,316,0,0,0,411,355,56,1176,1044,132,553,499,54,408,368,40,107,99,8,137,128,9,200,189,11,86,80,6,28.9609653,79.5153773
UTTARAKHAND,Urban,Udham Singh Nagar,Tempo/Autorickshaw/Taxi,5294,3882,1412,0,0,0,383,244,139,1934,1220,714,1352,1026,326,1276,1090,186,105,94,11,77,61,16,66,57,9,101,90,11,28.9609653,79.5153773
UTTARAKHAND,Urban,Udham Singh Nagar,Bus,10255,8705,1550,0,0,0,331,254,77,1585,1165,420,2658,2323,335,2568,2221,347,794,686,108,758,662,96,1389,1247,142,172,147,25,28.9609653,79.5153773
UTTARAKHAND,Urban,Udham Singh Nagar,Train,1970,1803,167,0,0,0,223,200,23,507,475,32,184,174,10,166,150,16,150,140,10,117,101,16,534,486,48,89,77,12,28.9609653,79.5153773
UTTARAKHAND,Urban,Udham Singh Nagar,Water transport,68,61,7,0,0,0,17,16,1,20,18,2,8,7,1,4,3,1,1,1,0,1,1,0,7,7,0,10,8,2,28.9609653,79.5153773
UTTARAKHAND,Urban,Udham Singh Nagar,Any other,2166,2054,112,0,0,0,312,290,22,982,921,61,409,398,11,121,118,3,46,46,0,71,70,1,120,118,2,105,93,12,28.9609653,79.5153773
UTTARAKHAND,Urban,Udham Singh Nagar,No travel,39706,29989,9717,39706,29989,9717,0,0,0,0,0,0,0,0,0,0,0,0,0,0,0,0,0,0,0,0,0,0,0,0,28.9609653,79.5153773
MADHYA PRADESH,Total,Seoni,All Modes,122408,90548,31860,40715,27139,13576,25539,18240,7299,30017,23233,6784,11500,9198,2302,5110,4554,556,2694,2373,321,2085,1785,300,4223,3572,651,525,454,71,22.0868691,79.5434841
MADHYA PRADESH,Total,Seoni,On foot,36407,23173,13234,0,0,0,18975,12290,6685,13311,8223,5088,4121,2660,1461,0,0,0,0,0,0,0,0,0,0,0,0,0,0,0,22.0868691,79.5434841
MADHYA PRADESH,Total,Seoni,Bicycle,18833,17719,1114,0,0,0,2988,2829,159,9546,8932,614,3812,3595,217,1683,1610,73,804,753,51,0,0,0,0,0,0,0,0,0,22.0868691,79.5434841
MADHYA PRADESH,Total,Seoni,Moped/Scooter/Motor Cycle,14570,13119,1451,0,0,0,2952,2648,304,5803,5093,710,2254,2021,233,1745,1635,110,740,704,36,549,524,25,271,259,12,256,235,21,22.0868691,79.5434841
MADHYA PRADESH,Total,Seoni,Car/Jeep/Van,1300,1146,154,0,0,0,186,158,28,246,209,37,168,136,32,209,180,29,144,130,14,127,124,3,189,180,9,31,29,2,22.0868691,79.5434841
MADHYA PRADESH,Total,Seoni,Tempo/Autorickshaw/Taxi,818,632,186,0,0,0,88,54,34,273,187,86,155,116,39,124,109,15,58,54,4,56,55,1,54,51,3,10,6,4,22.0868691,79.5434841
MADHYA PRADESH,Total,Seoni,Bus,7111,5426,1685,0,0,0,170,119,51,459,256,203,774,506,268,1200,890,310,879,670,209,1223,971,252,2267,1899,368,139,115,24,22.0868691,79.5434841
MADHYA PRADESH,Total,Seoni,Train,1829,1477,352,0,0,0,99,81,18,169,148,21,78,68,10,71,58,13,48,41,7,93,74,19,1220,967,253,51,40,11,22.0868691,79.5434841
MADHYA PRADESH,Total,Seoni,Water transport,52,36,16,0,0,0,15,10,5,10,6,4,4,4,0,4,3,1,1,1,0,1,1,0,7,7,0,10,4,6,22.0868691,79.5434841
MADHYA PRADESH,Total,Seoni,Any other,773,681,92,0,0,0,66,51,15,200,179,21,134,92,42,74,69,5,20,20,0,36,36,0,215,209,6,28,25,3,22.0868691,79.5434841
MADHYA PRADESH,Total,Seoni,No travel,40715,27139,13576,40715,27139,13576,0,0,0,0,0,0,0,0,0,0,0,0,0,0,0,0,0,0,0,0,0,0,0,0,22.0868691,79.5434841
MADHYA PRADESH,Rural,Seoni,All Modes,74407,52546,21861,28766,18355,10411,10746,6616,4130,16461,12131,4330,8344,6611,1733,3635,3321,314,1599,1434,165,1280,1097,183,3251,2696,555,325,285,40,22.0868691,79.5434841
MADHYA PRADESH,Rural,Seoni,On foot,20330,11672,8658,0,0,0,9013,5044,3969,8380,4886,3494,2937,1742,1195,0,0,0,0,0,0,0,0,0,0,0,0,0,0,0,22.0868691,79.5434841
MADHYA PRADESH,Rural,Seoni,Bicycle,11786,10949,837,0,0,0,1042,966,76,5491,5046,445,3218,3017,201,1459,1391,68,576,529,47,0,0,0,0,0,0,0,0,0,22.0868691,79.5434841
MADHYA PRADESH,Rural,Seoni,Moped/Scooter/Motor Cycle,5859,5389,470,0,0,0,487,454,33,1978,1763,215,1352,1236,116,1073,1016,57,392,374,18,305,289,16,139,132,7,133,125,8,22.0868691,79.5434841
MADHYA PRADESH,Rural,Seoni,Car/Jeep/Van,624,557,67,0,0,0,40,33,7,73,60,13,100,84,16,153,134,19,78,73,5,70,69,1,90,84,6,20,20,0,22.0868691,79.5434841
MADHYA PRADESH,Rural,Seoni,Tempo/Autorickshaw/Taxi,344,308,36,0,0,0,13,12,1,71,62,9,70,54,16,76,71,5,37,35,2,36,35,1,36,35,1,5,4,1,22.0868691,79.5434841
MADHYA PRADESH,Rural,Seoni,Bus,4628,3642,986,0,0,0,80,54,26,275,156,119,502,360,142,752,599,153,463,376,87,765,616,149,1698,1402,296,93,79,14,22.0868691,79.5434841
MADHYA PRADESH,Rural,Seoni,Train,1546,1235,311,0,0,0,39,27,12,100,86,14,62,55,7,60,53,7,36,30,6,75,59,16,1134,894,240,40,31,9,22.0868691,79.5434841
MADHYA PRADESH,Rural,Seoni,Water transport,44,33,11,0,0,0,10,10,0,9,5,4,2,2,0,4,3,1,1,1,0,1,1,0,7,7,0,10,4,6,22.0868691,79.5434841
MADHYA PRADESH,Rural,Seoni,Any other,480,406,74,0,0,0,22,16,6,84,67,17,101,61,40,58,54,4,16,16,0,28,28,0,147,142,5,24,22,2,22.0868691,79.5434841
MADHYA PRADESH,Rural,Seoni,No travel,28766,18355,10411,28766,18355,10411,0,0,0,0,0,0,0,0,0,0,0,0,0,0,0,0,0,0,0,0,0,0,0,0,22.0868691,79.5434841
MADHYA PRADESH,Urban,Seoni,All Modes,48001,38002,9999,11949,8784,3165,14793,11624,3169,13556,11102,2454,3156,2587,569,1475,1233,242,1095,939,156,805,688,117,972,876,96,200,169,31,22.0868691,79.5434841
MADHYA PRADESH,Urban,Seoni,On foot,16077,11501,4576,0,0,0,9962,7246,2716,4931,3337,1594,1184,918,266,0,0,0,0,0,0,0,0,0,0,0,0,0,0,0,22.0868691,79.5434841
MADHYA PRADESH,Urban,Seoni,Bicycle,7047,6770,277,0,0,0,1946,1863,83,4055,3886,169,594,578,16,224,219,5,228,224,4,0,0,0,0,0,0,0,0,0,22.0868691,79.5434841
MADHYA PRADESH,Urban,Seoni,Moped/Scooter/Motor Cycle,8711,7730,981,0,0,0,2465,2194,271,3825,3330,495,902,785,117,672,619,53,348,330,18,244,235,9,132,127,5,123,110,13,22.0868691,79.5434841
MADHYA PRADESH,Urban,Seoni,Car/Jeep/Van,676,589,87,0,0,0,146,125,21,173,149,24,68,52,16,56,46,10,66,57,9,57,55,2,99,96,3,11,9,2,22.0868691,79.5434841
MADHYA PRADESH,Urban,Seoni,Tempo/Autorickshaw/Taxi,474,324,150,0,0,0,75,42,33,202,125,77,85,62,23,48,38,10,21,19,2,20,20,0,18,16,2,5,2,3,22.0868691,79.5434841
MADHYA PRADESH,Urban,Seoni,Bus,2483,1784,699,0,0,0,90,65,25,184,100,84,272,146,126,448,291,157,416,294,122,458,355,103,569,497,72,46,36,10,22.0868691,79.5434841
MADHYA PRADESH,Urban,Seoni,Train,283,242,41,0,0,0,60,54,6,69,62,7,16,13,3,11,5,6,12,11,1,18,15,3,86,73,13,11,9,2,22.0868691,79.5434841
MADHYA PRADESH,Urban,Seoni,Water transport,8,3,5,0,0,0,5,0,5,1,1,0,2,2,0,0,0,0,0,0,0,0,0,0,0,0,0,0,0,0,22.0868691,79.5434841
MADHYA PRADESH,Urban,Seoni,Any other,293,275,18,0,0,0,44,35,9,116,112,4,33,31,2,16,15,1,4,4,0,8,8,0,68,67,1,4,3,1,22.0868691,79.5434841
MADHYA PRADESH,Urban,Seoni,No travel,11949,8784,3165,11949,8784,3165,0,0,0,0,0,0,0,0,0,0,0,0,0,0,0,0,0,0,0,0,0,0,0,0,22.0868691,79.5434841
ANDHRA PRADESH,Total,Prakasam,All Modes,488717,378357,110360,166476,119313,47163,87825,66141,21684,108536,86433,22103,54130,44221,9909,30006,25921,4085,15260,13129,2131,10451,9033,1418,13530,11954,1576,2503,2212,291,15.348463,79.560344
ANDHRA PRADESH,Total,Prakasam,On foot,119906,81632,38274,0,0,0,66584,46390,20194,41186,26827,14359,12136,8415,3721,0,0,0,0,0,0,0,0,0,0,0,0,0,0,0,15.348463,79.560344
ANDHRA PRADESH,Total,Prakasam,Bicycle,43627,42124,1503,0,0,0,9403,9122,281,26151,25238,913,5309,5121,188,1021,983,38,1743,1660,83,0,0,0,0,0,0,0,0,0,15.348463,79.560344
ANDHRA PRADESH,Total,Prakasam,Moped/Scooter/Motor Cycle,39597,37834,1763,0,0,0,7904,7612,292,16963,16132,831,6754,6410,344,4048,3892,156,1599,1538,61,999,971,28,489,471,18,841,808,33,15.348463,79.560344
ANDHRA PRADESH,Total,Prakasam,Car/Jeep/Van,4649,3994,655,0,0,0,518,436,82,1425,1212,213,886,715,171,517,462,55,318,295,23,312,282,30,529,456,73,144,136,8,15.348463,79.560344
ANDHRA PRADESH,Total,Prakasam,Tempo/Autorickshaw/Taxi,35201,27512,7689,0,0,0,1455,1016,439,13532,9896,3636,11153,8969,2184,5945,5069,876,1571,1228,343,723,627,96,487,429,58,335,278,57,15.348463,79.560344
ANDHRA PRADESH,Total,Prakasam,Bus,63237,51598,11639,0,0,0,1091,808,283,6974,5159,1815,15200,12138,3062,16467,13641,2826,9088,7551,1537,6552,5509,1043,7199,6266,933,666,526,140,15.348463,79.560344
ANDHRA PRADESH,Total,Prakasam,Train,7121,6142,979,0,0,0,248,202,46,446,390,56,356,306,50,463,397,66,488,416,72,1074,872,202,3783,3327,456,263,232,31,15.348463,79.560344
ANDHRA PRADESH,Total,Prakasam,Water transport,4020,3969,51,0,0,0,172,167,5,381,374,7,1336,1316,20,1008,1005,3,297,294,3,325,324,1,448,440,8,53,49,4,15.348463,79.560344
ANDHRA PRADESH,Total,Prakasam,Any other,4883,4239,644,0,0,0,450,388,62,1478,1205,273,1000,831,169,537,472,65,156,147,9,466,448,18,595,565,30,201,183,18,15.348463,79.560344
ANDHRA PRADESH,Total,Prakasam,No travel,166476,119313,47163,166476,119313,47163,0,0,0,0,0,0,0,0,0,0,0,0,0,0,0,0,0,0,0,0,0,0,0,0,15.348463,79.560344
ANDHRA PRADESH,Rural,Prakasam,All Modes,296691,226683,70008,107170,75753,31417,42520,30272,12248,53713,40842,12871,39851,32756,7095,24203,21280,2923,11339,9967,1372,7340,6457,883,9405,8349,1056,1150,1007,143,15.348463,79.560344
ANDHRA PRADESH,Rural,Prakasam,On foot,65370,42542,22828,0,0,0,35075,23463,11612,22559,13796,8763,7736,5283,2453,0,0,0,0,0,0,0,0,0,0,0,0,0,0,0,15.348463,79.560344
ANDHRA PRADESH,Rural,Prakasam,Bicycle,18639,17868,771,0,0,0,3221,3096,125,10441,10005,436,3371,3248,123,749,716,33,857,803,54,0,0,0,0,0,0,0,0,0,15.348463,79.560344
ANDHRA PRADESH,Rural,Prakasam,Moped/Scooter/Motor Cycle,16813,16023,790,0,0,0,2256,2158,98,5354,5061,293,4123,3923,200,2769,2653,116,1147,1096,51,635,619,16,310,300,10,219,213,6,15.348463,79.560344
ANDHRA PRADESH,Rural,Prakasam,Car/Jeep/Van,2388,2056,332,0,0,0,132,111,21,640,544,96,545,462,83,317,282,35,179,167,12,181,166,15,349,282,67,45,42,3,15.348463,79.560344
ANDHRA PRADESH,Rural,Prakasam,Tempo/Autorickshaw/Taxi,24960,20333,4627,0,0,0,602,455,147,8041,6217,1824,8924,7255,1669,5080,4419,661,1214,1023,191,572,494,78,378,339,39,149,131,18,15.348463,79.560344
ANDHRA PRADESH,Rural,Prakasam,Bus,50374,42116,8258,0,0,0,758,567,191,5327,4099,1228,13064,10642,2422,13501,11525,1976,7162,6157,1005,4750,4064,686,5389,4721,668,423,341,82,15.348463,79.560344
ANDHRA PRADESH,Rural,Prakasam,Train,4050,3543,507,0,0,0,115,93,22,214,182,32,223,199,24,358,309,49,366,317,49,505,428,77,2118,1878,240,151,137,14,15.348463,79.560344
ANDHRA PRADESH,Rural,Prakasam,Water transport,3972,3927,45,0,0,0,162,160,2,370,363,7,1332,1313,19,1002,999,3,297,294,3,322,321,1,436,430,6,51,47,4,15.348463,79.560344
ANDHRA PRADESH,Rural,Prakasam,Any other,2955,2522,433,0,0,0,199,169,30,767,575,192,533,431,102,427,377,50,117,110,7,375,365,10,425,399,26,112,96,16,15.348463,79.560344
ANDHRA PRADESH,Rural,Prakasam,No travel,107170,75753,31417,107170,75753,31417,0,0,0,0,0,0,0,0,0,0,0,0,0,0,0,0,0,0,0,0,0,0,0,0,15.348463,79.560344
ANDHRA PRADESH,Urban,Prakasam,All Modes,192026,151674,40352,59306,43560,15746,45305,35869,9436,54823,45591,9232,14279,11465,2814,5803,4641,1162,3921,3162,759,3111,2576,535,4125,3605,520,1353,1205,148,15.348463,79.560344
ANDHRA PRADESH,Urban,Prakasam,On foot,54536,39090,15446,0,0,0,31509,22927,8582,18627,13031,5596,4400,3132,1268,0,0,0,0,0,0,0,0,0,0,0,0,0,0,0,15.348463,79.560344
ANDHRA PRADESH,Urban,Prakasam,Bicycle,24988,24256,732,0,0,0,6182,6026,156,15710,15233,477,1938,1873,65,272,267,5,886,857,29,0,0,0,0,0,0,0,0,0,15.348463,79.560344
ANDHRA PRADESH,Urban,Prakasam,Moped/Scooter/Motor Cycle,22784,21811,973,0,0,0,5648,5454,194,11609,11071,538,2631,2487,144,1279,1239,40,452,442,10,364,352,12,179,171,8,622,595,27,15.348463,79.560344
ANDHRA PRADESH,Urban,Prakasam,Car/Jeep/Van,2261,1938,323,0,0,0,386,325,61,785,668,117,341,253,88,200,180,20,139,128,11,131,116,15,180,174,6,99,94,5,15.348463,79.560344
ANDHRA PRADESH,Urban,Prakasam,Tempo/Autorickshaw/Taxi,10241,7179,3062,0,0,0,853,561,292,5491,3679,1812,2229,1714,515,865,650,215,357,205,152,151,133,18,109,90,19,186,147,39,15.348463,79.560344
ANDHRA PRADESH,Urban,Prakasam,Bus,12863,9482,3381,0,0,0,333,241,92,1647,1060,587,2136,1496,640,2966,2116,850,1926,1394,532,1802,1445,357,1810,1545,265,243,185,58,15.348463,79.560344
ANDHRA PRADESH,Urban,Prakasam,Train,3071,2599,472,0,0,0,133,109,24,232,208,24,133,107,26,105,88,17,122,99,23,569,444,125,1665,1449,216,112,95,17,15.348463,79.560344
ANDHRA PRADESH,Urban,Prakasam,Water transport,48,42,6,0,0,0,10,7,3,11,11,0,4,3,1,6,6,0,0,0,0,3,3,0,12,10,2,2,2,0,15.348463,79.560344
ANDHRA PRADESH,Urban,Prakasam,Any other,1928,1717,211,0,0,0,251,219,32,711,630,81,467,400,67,110,95,15,39,37,2,91,83,8,170,166,4,89,87,2,15.348463,79.560344
ANDHRA PRADESH,Urban,Prakasam,No travel,59306,43560,15746,59306,43560,15746,0,0,0,0,0,0,0,0,0,0,0,0,0,0,0,0,0,0,0,0,0,0,0,0,15.348463,79.560344
UTTARAKHAND,Total,Chamoli,All Modes,50554,41268,9286,22421,17961,4460,11872,9329,2543,8016,6931,1085,4220,3557,663,1769,1476,293,777,647,130,564,505,59,705,678,27,210,184,26,30.2937439,79.560344
UTTARAKHAND,Total,Chamoli,On foot,18909,15294,3615,0,0,0,11218,8735,2483,5609,4785,824,2082,1774,308,0,0,0,0,0,0,0,0,0,0,0,0,0,0,0,30.2937439,79.560344
UTTARAKHAND,Total,Chamoli,Bicycle,178,166,12,0,0,0,45,40,5,70,67,3,21,20,1,16,13,3,26,26,0,0,0,0,0,0,0,0,0,0,30.2937439,79.560344
UTTARAKHAND,Total,Chamoli,Moped/Scooter/Motor Cycle,800,762,38,0,0,0,162,154,8,301,285,16,137,130,7,106,103,3,51,49,2,17,17,0,10,10,0,16,14,2,30.2937439,79.560344
UTTARAKHAND,Total,Chamoli,Car/Jeep/Van,3427,2916,511,0,0,0,235,213,22,750,662,88,887,731,156,768,637,131,337,263,74,233,207,26,140,135,5,77,68,9,30.2937439,79.560344
UTTARAKHAND,Total,Chamoli,Tempo/Autorickshaw/Taxi,440,373,67,0,0,0,19,18,1,101,87,14,108,96,12,94,73,21,55,43,12,20,16,4,17,17,0,26,23,3,30.2937439,79.560344
UTTARAKHAND,Total,Chamoli,Bus,3550,3091,459,0,0,0,162,146,16,762,664,98,766,631,135,685,579,106,301,259,42,288,259,29,503,481,22,83,72,11,30.2937439,79.560344
UTTARAKHAND,Total,Chamoli,Train,70,62,8,0,0,0,17,12,5,11,9,2,4,4,0,5,4,1,1,1,0,2,2,0,27,27,0,3,3,0,30.2937439,79.560344
UTTARAKHAND,Total,Chamoli,Water transport,5,4,1,0,0,0,0,0,0,3,2,1,0,0,0,1,1,0,0,0,0,0,0,0,1,1,0,0,0,0,30.2937439,79.560344
UTTARAKHAND,Total,Chamoli,Any other,754,639,115,0,0,0,14,11,3,409,370,39,215,171,44,94,66,28,6,6,0,4,4,0,7,7,0,5,4,1,30.2937439,79.560344
UTTARAKHAND,Total,Chamoli,No travel,22421,17961,4460,22421,17961,4460,0,0,0,0,0,0,0,0,0,0,0,0,0,0,0,0,0,0,0,0,0,0,0,0,30.2937439,79.560344
UTTARAKHAND,Rural,Chamoli,All Modes,32356,25634,6722,14783,11281,3502,6379,4546,1833,5767,4973,794,2950,2533,417,1013,905,108,422,396,26,348,328,20,551,542,9,143,130,13,30.2937439,79.560344
UTTARAKHAND,Rural,Chamoli,On foot,11892,9226,2666,0,0,0,6043,4250,1793,4309,3672,637,1540,1304,236,0,0,0,0,0,0,0,0,0,0,0,0,0,0,0,30.2937439,79.560344
UTTARAKHAND,Rural,Chamoli,Bicycle,125,116,9,0,0,0,33,28,5,43,41,2,20,19,1,13,12,1,16,16,0,0,0,0,0,0,0,0,0,0,30.2937439,79.560344
UTTARAKHAND,Rural,Chamoli,Moped/Scooter/Motor Cycle,363,349,14,0,0,0,43,39,4,127,122,5,85,82,3,58,57,1,26,25,1,9,9,0,8,8,0,7,7,0,30.2937439,79.560344
UTTARAKHAND,Rural,Chamoli,Car/Jeep/Van,2053,1842,211,0,0,0,104,92,12,441,392,49,585,510,75,438,396,42,189,173,16,146,135,11,95,94,1,55,50,5,30.2937439,79.560344
UTTARAKHAND,Rural,Chamoli,Tempo/Autorickshaw/Taxi,311,289,22,0,0,0,13,12,1,77,68,9,82,80,2,60,56,4,28,26,2,14,12,2,16,16,0,21,19,2,30.2937439,79.560344
UTTARAKHAND,Rural,Chamoli,Bus,2024,1847,177,0,0,0,119,108,11,351,301,50,426,368,58,346,315,31,156,149,7,173,166,7,401,393,8,52,47,5,30.2937439,79.560344
UTTARAKHAND,Rural,Chamoli,Train,57,50,7,0,0,0,10,6,4,9,7,2,3,3,0,5,4,1,1,1,0,2,2,0,24,24,0,3,3,0,30.2937439,79.560344
UTTARAKHAND,Rural,Chamoli,Water transport,3,2,1,0,0,0,0,0,0,2,1,1,0,0,0,0,0,0,0,0,0,0,0,0,1,1,0,0,0,0,30.2937439,79.560344
UTTARAKHAND,Rural,Chamoli,Any other,745,632,113,0,0,0,14,11,3,408,369,39,209,167,42,93,65,28,6,6,0,4,4,0,6,6,0,5,4,1,30.2937439,79.560344
UTTARAKHAND,Rural,Chamoli,No travel,14783,11281,3502,14783,11281,3502,0,0,0,0,0,0,0,0,0,0,0,0,0,0,0,0,0,0,0,0,0,0,0,0,30.2937439,79.560344
UTTARAKHAND,Urban,Chamoli,All Modes,18198,15634,2564,7638,6680,958,5493,4783,710,2249,1958,291,1270,1024,246,756,571,185,355,251,104,216,177,39,154,136,18,67,54,13,30.2937439,79.560344
UTTARAKHAND,Urban,Chamoli,On foot,7017,6068,949,0,0,0,5175,4485,690,1300,1113,187,542,470,72,0,0,0,0,0,0,0,0,0,0,0,0,0,0,0,30.2937439,79.560344
UTTARAKHAND,Urban,Chamoli,Bicycle,53,50,3,0,0,0,12,12,0,27,26,1,1,1,0,3,1,2,10,10,0,0,0,0,0,0,0,0,0,0,30.2937439,79.560344
UTTARAKHAND,Urban,Chamoli,Moped/Scooter/Motor Cycle,437,413,24,0,0,0,119,115,4,174,163,11,52,48,4,48,46,2,25,24,1,8,8,0,2,2,0,9,7,2,30.2937439,79.560344
UTTARAKHAND,Urban,Chamoli,Car/Jeep/Van,1374,1074,300,0,0,0,131,121,10,309,270,39,302,221,81,330,241,89,148,90,58,87,72,15,45,41,4,22,18,4,30.2937439,79.560344
UTTARAKHAND,Urban,Chamoli,Tempo/Autorickshaw/Taxi,129,84,45,0,0,0,6,6,0,24,19,5,26,16,10,34,17,17,27,17,10,6,4,2,1,1,0,5,4,1,30.2937439,79.560344
UTTARAKHAND,Urban,Chamoli,Bus,1526,1244,282,0,0,0,43,38,5,411,363,48,340,263,77,339,264,75,145,110,35,115,93,22,102,88,14,31,25,6,30.2937439,79.560344
UTTARAKHAND,Urban,Chamoli,Train,13,12,1,0,0,0,7,6,1,2,2,0,1,1,0,0,0,0,0,0,0,0,0,0,3,3,0,0,0,0,30.2937439,79.560344
UTTARAKHAND,Urban,Chamoli,Water transport,2,2,0,0,0,0,0,0,0,1,1,0,0,0,0,1,1,0,0,0,0,0,0,0,0,0,0,0,0,0,30.2937439,79.560344
UTTARAKHAND,Urban,Chamoli,Any other,9,7,2,0,0,0,0,0,0,1,1,0,6,4,2,1,1,0,0,0,0,0,0,0,1,1,0,0,0,0,30.2937439,79.560344
UTTARAKHAND,Urban,Chamoli,No travel,7638,6680,958,7638,6680,958,0,0,0,0,0,0,0,0,0,0,0,0,0,0,0,0,0,0,0,0,0,0,0,0,30.2937439,79.560344
MADHYA PRADESH,Total,Chhatarpur,All Modes,184815,141703,43112,62121,42562,19559,40041,30418,9623,44596,36351,8245,19410,15983,3427,6788,6020,768,4479,4014,465,2479,2211,268,3715,3124,591,1186,1020,166,24.9163562,79.5811827
MADHYA PRADESH,Total,Chhatarpur,On foot,59091,41646,17445,0,0,0,30526,21705,8821,20198,13901,6297,8367,6040,2327,0,0,0,0,0,0,0,0,0,0,0,0,0,0,0,24.9163562,79.5811827
MADHYA PRADESH,Total,Chhatarpur,Bicycle,30000,28467,1533,0,0,0,4781,4544,237,15052,14313,739,6100,5755,345,2177,2099,78,1890,1756,134,0,0,0,0,0,0,0,0,0,24.9163562,79.5811827
MADHYA PRADESH,Total,Chhatarpur,Moped/Scooter/Motor Cycle,16786,15520,1266,0,0,0,3439,3177,262,6745,6185,560,2456,2263,193,1752,1643,109,774,738,36,572,548,24,431,404,27,617,562,55,24.9163562,79.5811827
MADHYA PRADESH,Total,Chhatarpur,Car/Jeep/Van,1691,1470,221,0,0,0,270,215,55,397,338,59,214,177,37,169,141,28,144,135,9,216,206,10,201,190,11,80,68,12,24.9163562,79.5811827
MADHYA PRADESH,Total,Chhatarpur,Tempo/Autorickshaw/Taxi,1495,1014,481,0,0,0,172,93,79,581,338,243,374,286,88,184,145,39,43,39,4,35,32,3,46,37,9,60,44,16,24.9163562,79.5811827
MADHYA PRADESH,Total,Chhatarpur,Bus,10225,8176,2049,0,0,0,424,324,100,816,555,261,1583,1188,395,2268,1777,491,1560,1287,273,1545,1330,215,1762,1500,262,267,215,52,24.9163562,79.5811827
MADHYA PRADESH,Total,Chhatarpur,Train,2590,2129,461,0,0,0,278,232,46,545,486,59,187,168,19,149,133,16,43,37,6,78,65,13,1190,912,278,120,96,24,24.9163562,79.5811827
MADHYA PRADESH,Total,Chhatarpur,Water transport,63,55,8,0,0,0,39,33,6,3,2,1,1,0,1,1,1,0,0,0,0,4,4,0,4,4,0,11,11,0,24.9163562,79.5811827
MADHYA PRADESH,Total,Chhatarpur,Any other,753,664,89,0,0,0,112,95,17,259,233,26,128,106,22,88,81,7,25,22,3,29,26,3,81,77,4,31,24,7,24.9163562,79.5811827
MADHYA PRADESH,Total,Chhatarpur,No travel,62121,42562,19559,62121,42562,19559,0,0,0,0,0,0,0,0,0,0,0,0,0,0,0,0,0,0,0,0,0,0,0,0,24.9163562,79.5811827
MADHYA PRADESH,Rural,Chhatarpur,All Modes,91819,65072,26747,37330,23791,13539,16054,10343,5711,18528,14070,4458,10944,9000,1944,4193,3780,413,1640,1491,149,878,796,82,1970,1576,394,282,225,57,24.9163562,79.5811827
MADHYA PRADESH,Rural,Chhatarpur,On foot,29470,18821,10649,0,0,0,14362,8870,5492,10968,7158,3810,4140,2793,1347,0,0,0,0,0,0,0,0,0,0,0,0,0,0,0,24.9163562,79.5811827
MADHYA PRADESH,Rural,Chhatarpur,Bicycle,13155,12304,851,0,0,0,935,842,93,5560,5192,368,4243,3980,263,1709,1640,69,708,650,58,0,0,0,0,0,0,0,0,0,24.9163562,79.5811827
MADHYA PRADESH,Rural,Chhatarpur,Moped/Scooter/Motor Cycle,3978,3704,274,0,0,0,342,315,27,1121,1028,93,1050,986,64,792,739,53,265,254,11,192,186,6,133,125,8,83,71,12,24.9163562,79.5811827
MADHYA PRADESH,Rural,Chhatarpur,Car/Jeep/Van,544,450,94,0,0,0,50,36,14,76,54,22,90,69,21,81,63,18,65,61,4,95,88,7,62,58,4,25,21,4,24.9163562,79.5811827
MADHYA PRADESH,Rural,Chhatarpur,Tempo/Autorickshaw/Taxi,532,399,133,0,0,0,28,22,6,110,75,35,213,158,55,111,86,25,25,22,3,12,11,1,21,18,3,12,7,5,24.9163562,79.5811827
MADHYA PRADESH,Rural,Chhatarpur,Bus,4720,3939,781,0,0,0,160,124,36,359,272,87,1001,833,168,1352,1116,236,545,477,68,520,463,57,703,589,114,80,65,15,24.9163562,79.5811827
MADHYA PRADESH,Rural,Chhatarpur,Train,1768,1379,389,0,0,0,117,85,32,270,231,39,142,129,13,105,95,10,16,14,2,45,35,10,1004,740,264,69,50,19,24.9163562,79.5811827
MADHYA PRADESH,Rural,Chhatarpur,Water transport,40,32,8,0,0,0,25,19,6,2,1,1,1,0,1,1,1,0,0,0,0,1,1,0,2,2,0,8,8,0,24.9163562,79.5811827
MADHYA PRADESH,Rural,Chhatarpur,Any other,282,253,29,0,0,0,35,30,5,62,59,3,64,52,12,42,40,2,16,13,3,13,12,1,45,44,1,5,3,2,24.9163562,79.5811827
MADHYA PRADESH,Rural,Chhatarpur,No travel,37330,23791,13539,37330,23791,13539,0,0,0,0,0,0,0,0,0,0,0,0,0,0,0,0,0,0,0,0,0,0,0,0,24.9163562,79.5811827
MADHYA PRADESH,Urban,Chhatarpur,All Modes,92996,76631,16365,24791,18771,6020,23987,20075,3912,26068,22281,3787,8466,6983,1483,2595,2240,355,2839,2523,316,1601,1415,186,1745,1548,197,904,795,109,24.9163562,79.5811827
MADHYA PRADESH,Urban,Chhatarpur,On foot,29621,22825,6796,0,0,0,16164,12835,3329,9230,6743,2487,4227,3247,980,0,0,0,0,0,0,0,0,0,0,0,0,0,0,0,24.9163562,79.5811827
MADHYA PRADESH,Urban,Chhatarpur,Bicycle,16845,16163,682,0,0,0,3846,3702,144,9492,9121,371,1857,1775,82,468,459,9,1182,1106,76,0,0,0,0,0,0,0,0,0,24.9163562,79.5811827
MADHYA PRADESH,Urban,Chhatarpur,Moped/Scooter/Motor Cycle,12808,11816,992,0,0,0,3097,2862,235,5624,5157,467,1406,1277,129,960,904,56,509,484,25,380,362,18,298,279,19,534,491,43,24.9163562,79.5811827
MADHYA PRADESH,Urban,Chhatarpur,Car/Jeep/Van,1147,1020,127,0,0,0,220,179,41,321,284,37,124,108,16,88,78,10,79,74,5,121,118,3,139,132,7,55,47,8,24.9163562,79.5811827
MADHYA PRADESH,Urban,Chhatarpur,Tempo/Autorickshaw/Taxi,963,615,348,0,0,0,144,71,73,471,263,208,161,128,33,73,59,14,18,17,1,23,21,2,25,19,6,48,37,11,24.9163562,79.5811827
MADHYA PRADESH,Urban,Chhatarpur,Bus,5505,4237,1268,0,0,0,264,200,64,457,283,174,582,355,227,916,661,255,1015,810,205,1025,867,158,1059,911,148,187,150,37,24.9163562,79.5811827
MADHYA PRADESH,Urban,Chhatarpur,Train,822,750,72,0,0,0,161,147,14,275,255,20,45,39,6,44,38,6,27,23,4,33,30,3,186,172,14,51,46,5,24.9163562,79.5811827
MADHYA PRADESH,Urban,Chhatarpur,Water transport,23,23,0,0,0,0,14,14,0,1,1,0,0,0,0,0,0,0,0,0,0,3,3,0,2,2,0,3,3,0,24.9163562,79.5811827
MADHYA PRADESH,Urban,Chhatarpur,Any other,471,411,60,0,0,0,77,65,12,197,174,23,64,54,10,46,41,5,9,9,0,16,14,2,36,33,3,26,21,5,24.9163562,79.5811827
MADHYA PRADESH,Urban,Chhatarpur,No travel,24791,18771,6020,24791,18771,6020,0,0,0,0,0,0,0,0,0,0,0,0,0,0,0,0,0,0,0,0,0,0,0,0,24.9163562,79.5811827
ANDHRA PRADESH,Total,Warangal,All Modes,502367,388968,113399,180023,123379,56644,58276,43358,14918,112692,92607,20085,61113,50581,10532,28530,25199,3331,18766,16663,2103,14569,12326,2243,19194,16874,2320,9204,7981,1223,17.9689008,79.5940544
ANDHRA PRADESH,Total,Warangal,On foot,87499,56434,31065,0,0,0,38378,25065,13313,33743,21362,12381,15378,10007,5371,0,0,0,0,0,0,0,0,0,0,0,0,0,0,0,17.9689008,79.5940544
ANDHRA PRADESH,Total,Warangal,Bicycle,64548,62414,2134,0,0,0,8383,8124,259,34494,33418,1076,11833,11506,327,3733,3596,137,6105,5770,335,0,0,0,0,0,0,0,0,0,17.9689008,79.5940544
ANDHRA PRADESH,Total,Warangal,Moped/Scooter/Motor Cycle,67081,63983,3098,0,0,0,7747,7339,408,26033,24799,1234,14942,14282,660,8575,8217,358,3094,2974,120,2848,2710,138,1075,1034,41,2767,2628,139,17.9689008,79.5940544
ANDHRA PRADESH,Total,Warangal,Car/Jeep/Van,6650,5930,720,0,0,0,472,384,88,1630,1386,244,1120,989,131,881,800,81,494,456,38,756,713,43,938,878,60,359,324,35,17.9689008,79.5940544
ANDHRA PRADESH,Total,Warangal,Tempo/Autorickshaw/Taxi,37657,29143,8514,0,0,0,1850,1369,481,12075,8194,3881,10844,8485,2359,6993,6074,919,2089,1854,235,1354,1167,187,694,611,83,1758,1389,369,17.9689008,79.5940544
ANDHRA PRADESH,Total,Warangal,Bus,41137,32025,9112,0,0,0,872,604,268,3549,2438,1111,6079,4495,1584,7491,5766,1725,6031,4775,1256,7966,6313,1653,7292,6151,1141,1857,1483,374,17.9689008,79.5940544
ANDHRA PRADESH,Total,Warangal,Train,15181,13280,1901,0,0,0,365,299,66,668,565,103,492,419,73,523,429,94,766,653,113,1392,1176,216,8785,7807,978,2190,1932,258,17.9689008,79.5940544
ANDHRA PRADESH,Total,Warangal,Water transport,257,205,52,0,0,0,50,29,21,31,22,9,32,29,3,20,16,4,9,7,2,19,17,2,74,68,6,22,17,5,17.9689008,79.5940544
ANDHRA PRADESH,Total,Warangal,Any other,2334,2175,159,0,0,0,159,145,14,469,423,46,393,369,24,314,301,13,178,174,4,234,230,4,336,325,11,251,208,43,17.9689008,79.5940544
ANDHRA PRADESH,Total,Warangal,No travel,180023,123379,56644,180023,123379,56644,0,0,0,0,0,0,0,0,0,0,0,0,0,0,0,0,0,0,0,0,0,0,0,0,17.9689008,79.5940544
ANDHRA PRADESH,Rural,Warangal,All Modes,213500,163846,49654,102172,72007,30165,21568,15733,5835,31920,25981,5939,19713,16047,3666,13322,11893,1429,8844,8032,812,6531,5773,758,6989,6218,771,2441,2162,279,17.9689008,79.5940544
ANDHRA PRADESH,Rural,Warangal,On foot,32465,20919,11546,0,0,0,15080,9710,5370,11467,7289,4178,5918,3920,1998,0,0,0,0,0,0,0,0,0,0,0,0,0,0,0,17.9689008,79.5940544
ANDHRA PRADESH,Rural,Warangal,Bicycle,21718,21053,665,0,0,0,3577,3480,97,11344,11035,309,3426,3323,103,1401,1354,47,1970,1861,109,0,0,0,0,0,0,0,0,0,17.9689008,79.5940544
ANDHRA PRADESH,Rural,Warangal,Moped/Scooter/Motor Cycle,14332,13675,657,0,0,0,1534,1440,94,3597,3423,174,2819,2690,129,2925,2809,116,1486,1435,51,1095,1043,52,358,344,14,518,491,27,17.9689008,79.5940544
ANDHRA PRADESH,Rural,Warangal,Car/Jeep/Van,1946,1755,191,0,0,0,104,87,17,252,211,41,222,194,28,322,290,32,248,229,19,330,316,14,359,337,22,109,91,18,17.9689008,79.5940544
ANDHRA PRADESH,Rural,Warangal,Tempo/Autorickshaw/Taxi,13793,11693,2100,0,0,0,579,489,90,3110,2375,735,3780,3127,653,3563,3205,358,1334,1204,130,686,642,44,270,246,24,471,405,66,17.9689008,79.5940544
ANDHRA PRADESH,Rural,Warangal,Bus,21371,17638,3733,0,0,0,445,323,122,1695,1243,452,3144,2432,712,4712,3878,834,3527,3048,479,3793,3218,575,3230,2792,438,825,704,121,17.9689008,79.5940544
ANDHRA PRADESH,Rural,Warangal,Train,4392,3882,510,0,0,0,143,120,23,226,199,27,165,137,28,202,171,31,153,131,22,465,396,69,2594,2328,266,444,400,44,17.9689008,79.5940544
ANDHRA PRADESH,Rural,Warangal,Water transport,109,86,23,0,0,0,35,19,16,11,8,3,10,10,0,8,8,0,4,4,0,9,8,1,26,23,3,6,6,0,17.9689008,79.5940544
ANDHRA PRADESH,Rural,Warangal,Any other,1202,1138,64,0,0,0,71,65,6,218,198,20,229,214,15,189,178,11,122,120,2,153,150,3,152,148,4,68,65,3,17.9689008,79.5940544
ANDHRA PRADESH,Rural,Warangal,No travel,102172,72007,30165,102172,72007,30165,0,0,0,0,0,0,0,0,0,0,0,0,0,0,0,0,0,0,0,0,0,0,0,0,17.9689008,79.5940544
ANDHRA PRADESH,Urban,Warangal,All Modes,288867,225122,63745,77851,51372,26479,36708,27625,9083,80772,66626,14146,41400,34534,6866,15208,13306,1902,9922,8631,1291,8038,6553,1485,12205,10656,1549,6763,5819,944,17.9689008,79.5940544
ANDHRA PRADESH,Urban,Warangal,On foot,55034,35515,19519,0,0,0,23298,15355,7943,22276,14073,8203,9460,6087,3373,0,0,0,0,0,0,0,0,0,0,0,0,0,0,0,17.9689008,79.5940544
ANDHRA PRADESH,Urban,Warangal,Bicycle,42830,41361,1469,0,0,0,4806,4644,162,23150,22383,767,8407,8183,224,2332,2242,90,4135,3909,226,0,0,0,0,0,0,0,0,0,17.9689008,79.5940544
ANDHRA PRADESH,Urban,Warangal,Moped/Scooter/Motor Cycle,52749,50308,2441,0,0,0,6213,5899,314,22436,21376,1060,12123,11592,531,5650,5408,242,1608,1539,69,1753,1667,86,717,690,27,2249,2137,112,17.9689008,79.5940544
ANDHRA PRADESH,Urban,Warangal,Car/Jeep/Van,4704,4175,529,0,0,0,368,297,71,1378,1175,203,898,795,103,559,510,49,246,227,19,426,397,29,579,541,38,250,233,17,17.9689008,79.5940544
ANDHRA PRADESH,Urban,Warangal,Tempo/Autorickshaw/Taxi,23864,17450,6414,0,0,0,1271,880,391,8965,5819,3146,7064,5358,1706,3430,2869,561,755,650,105,668,525,143,424,365,59,1287,984,303,17.9689008,79.5940544
ANDHRA PRADESH,Urban,Warangal,Bus,19766,14387,5379,0,0,0,427,281,146,1854,1195,659,2935,2063,872,2779,1888,891,2504,1727,777,4173,3095,1078,4062,3359,703,1032,779,253,17.9689008,79.5940544
ANDHRA PRADESH,Urban,Warangal,Train,10789,9398,1391,0,0,0,222,179,43,442,366,76,327,282,45,321,258,63,613,522,91,927,780,147,6191,5479,712,1746,1532,214,17.9689008,79.5940544
ANDHRA PRADESH,Urban,Warangal,Water transport,148,119,29,0,0,0,15,10,5,20,14,6,22,19,3,12,8,4,5,3,2,10,9,1,48,45,3,16,11,5,17.9689008,79.5940544
ANDHRA PRADESH,Urban,Warangal,Any other,1132,1037,95,0,0,0,88,80,8,251,225,26,164,155,9,125,123,2,56,54,2,81,80,1,184,177,7,183,143,40,17.9689008,79.5940544
ANDHRA PRADESH,Urban,Warangal,No travel,77851,51372,26479,77851,51372,26479,0,0,0,0,0,0,0,0,0,0,0,0,0,0,0,0,0,0,0,0,0,0,0,0,17.9689008,79.5940544
UTTAR PRADESH,Total,Farrukhabad,All Modes,167971,134544,33427,79583,54749,24834,29222,25436,3786,32392,30166,2226,13515,11982,1533,3967,3615,352,3215,2987,228,1346,1221,125,3240,3041,199,1491,1347,144,27.3826126,79.5940544
UTTAR PRADESH,Total,Farrukhabad,On foot,37193,31819,5374,0,0,0,22246,18839,3407,9372,8366,1006,5575,4614,961,0,0,0,0,0,0,0,0,0,0,0,0,0,0,0,27.3826126,79.5940544
UTTAR PRADESH,Total,Farrukhabad,Bicycle,26003,25330,673,0,0,0,4001,3868,133,14788,14459,329,4035,3948,87,1279,1257,22,1900,1798,102,0,0,0,0,0,0,0,0,0,27.3826126,79.5940544
UTTAR PRADESH,Total,Farrukhabad,Moped/Scooter/Motor Cycle,14044,13322,722,0,0,0,2223,2132,91,5927,5631,296,2462,2308,154,1421,1343,78,616,585,31,428,405,23,233,226,7,734,692,42,27.3826126,79.5940544
UTTAR PRADESH,Total,Farrukhabad,Car/Jeep/Van,972,826,146,0,0,0,140,119,21,256,212,44,140,114,26,126,107,19,58,50,8,96,87,9,84,79,5,72,58,14,27.3826126,79.5940544
UTTAR PRADESH,Total,Farrukhabad,Tempo/Autorickshaw/Taxi,3199,2277,922,0,0,0,231,158,73,1378,901,477,833,603,230,435,354,81,101,89,12,56,50,6,49,39,10,116,83,33,27.3826126,79.5940544
UTTAR PRADESH,Total,Farrukhabad,Bus,3106,2621,485,0,0,0,121,92,29,175,132,43,229,176,53,507,371,136,391,332,59,458,391,67,1030,964,66,195,163,32,27.3826126,79.5940544
UTTAR PRADESH,Total,Farrukhabad,Train,3063,2850,213,0,0,0,149,136,13,169,161,8,121,105,16,162,147,15,135,120,15,272,253,19,1762,1652,110,293,276,17,27.3826126,79.5940544
UTTAR PRADESH,Total,Farrukhabad,Water transport,49,40,9,0,0,0,14,10,4,7,6,1,5,5,0,2,2,0,0,0,0,3,3,0,7,6,1,11,8,3,27.3826126,79.5940544
UTTAR PRADESH,Total,Farrukhabad,Any other,759,710,49,0,0,0,97,82,15,320,298,22,115,109,6,35,34,1,14,13,1,33,32,1,75,75,0,70,67,3,27.3826126,79.5940544
UTTAR PRADESH,Total,Farrukhabad,No travel,79583,54749,24834,79583,54749,24834,0,0,0,0,0,0,0,0,0,0,0,0,0,0,0,0,0,0,0,0,0,0,0,0,27.3826126,79.5940544
UTTAR PRADESH,Rural,Farrukhabad,All Modes,73494,52698,20796,40983,24345,16638,8691,6519,2172,10528,9707,821,6055,5336,719,2482,2366,116,1534,1427,107,716,663,53,1990,1869,121,515,466,49,27.3826126,79.5940544
UTTAR PRADESH,Rural,Farrukhabad,On foot,11320,8293,3027,0,0,0,6785,4734,2051,2527,2075,452,2008,1484,524,0,0,0,0,0,0,0,0,0,0,0,0,0,0,0,27.3826126,79.5940544
UTTAR PRADESH,Rural,Farrukhabad,Bicycle,11360,11040,320,0,0,0,1278,1221,57,5758,5622,136,2457,2403,54,1031,1017,14,836,777,59,0,0,0,0,0,0,0,0,0,27.3826126,79.5940544
UTTAR PRADESH,Rural,Farrukhabad,Moped/Scooter/Motor Cycle,4331,4083,248,0,0,0,392,366,26,1475,1373,102,929,877,52,739,706,33,307,294,13,225,214,11,117,115,2,147,138,9,27.3826126,79.5940544
UTTAR PRADESH,Rural,Farrukhabad,Car/Jeep/Van,334,292,42,0,0,0,33,27,6,57,53,4,49,40,9,60,53,7,22,20,2,46,40,6,37,36,1,30,23,7,27.3826126,79.5940544
UTTAR PRADESH,Rural,Farrukhabad,Tempo/Autorickshaw/Taxi,1186,972,214,0,0,0,51,38,13,383,277,106,332,284,48,258,231,27,65,60,5,31,30,1,17,13,4,49,39,10,27.3826126,79.5940544
UTTAR PRADESH,Rural,Farrukhabad,Bus,1822,1649,173,0,0,0,52,42,10,78,64,14,138,116,22,273,246,27,226,206,20,272,242,30,675,635,40,108,98,10,27.3826126,79.5940544
UTTAR PRADESH,Rural,Farrukhabad,Train,1707,1589,118,0,0,0,56,50,6,65,63,2,66,58,8,93,86,7,68,61,7,118,114,4,1092,1019,73,149,138,11,27.3826126,79.5940544
UTTAR PRADESH,Rural,Farrukhabad,Water transport,23,18,5,0,0,0,9,6,3,1,1,0,2,2,0,0,0,0,0,0,0,1,1,0,6,5,1,4,3,1,27.3826126,79.5940544
UTTAR PRADESH,Rural,Farrukhabad,Any other,428,417,11,0,0,0,35,35,0,184,179,5,74,72,2,28,27,1,10,9,1,23,22,1,46,46,0,28,27,1,27.3826126,79.5940544
UTTAR PRADESH,Rural,Farrukhabad,No travel,40983,24345,16638,40983,24345,16638,0,0,0,0,0,0,0,0,0,0,0,0,0,0,0,0,0,0,0,0,0,0,0,0,27.3826126,79.5940544
UTTAR PRADESH,Urban,Farrukhabad,All Modes,94477,81846,12631,38600,30404,8196,20531,18917,1614,21864,20459,1405,7460,6646,814,1485,1249,236,1681,1560,121,630,558,72,1250,1172,78,976,881,95,27.3826126,79.5940544
UTTAR PRADESH,Urban,Farrukhabad,On foot,25873,23526,2347,0,0,0,15461,14105,1356,6845,6291,554,3567,3130,437,0,0,0,0,0,0,0,0,0,0,0,0,0,0,0,27.3826126,79.5940544
UTTAR PRADESH,Urban,Farrukhabad,Bicycle,14643,14290,353,0,0,0,2723,2647,76,9030,8837,193,1578,1545,33,248,240,8,1064,1021,43,0,0,0,0,0,0,0,0,0,27.3826126,79.5940544
UTTAR PRADESH,Urban,Farrukhabad,Moped/Scooter/Motor Cycle,9713,9239,474,0,0,0,1831,1766,65,4452,4258,194,1533,1431,102,682,637,45,309,291,18,203,191,12,116,111,5,587,554,33,27.3826126,79.5940544
UTTAR PRADESH,Urban,Farrukhabad,Car/Jeep/Van,638,534,104,0,0,0,107,92,15,199,159,40,91,74,17,66,54,12,36,30,6,50,47,3,47,43,4,42,35,7,27.3826126,79.5940544
UTTAR PRADESH,Urban,Farrukhabad,Tempo/Autorickshaw/Taxi,2013,1305,708,0,0,0,180,120,60,995,624,371,501,319,182,177,123,54,36,29,7,25,20,5,32,26,6,67,44,23,27.3826126,79.5940544
UTTAR PRADESH,Urban,Farrukhabad,Bus,1284,972,312,0,0,0,69,50,19,97,68,29,91,60,31,234,125,109,165,126,39,186,149,37,355,329,26,87,65,22,27.3826126,79.5940544
UTTAR PRADESH,Urban,Farrukhabad,Train,1356,1261,95,0,0,0,93,86,7,104,98,6,55,47,8,69,61,8,67,59,8,154,139,15,670,633,37,144,138,6,27.3826126,79.5940544
UTTAR PRADESH,Urban,Farrukhabad,Water transport,26,22,4,0,0,0,5,4,1,6,5,1,3,3,0,2,2,0,0,0,0,2,2,0,1,1,0,7,5,2,27.3826126,79.5940544
UTTAR PRADESH,Urban,Farrukhabad,Any other,331,293,38,0,0,0,62,47,15,136,119,17,41,37,4,7,7,0,4,4,0,10,10,0,29,29,0,42,40,2,27.3826126,79.5940544
UTTAR PRADESH,Urban,Farrukhabad,No travel,38600,30404,8196,38600,30404,8196,0,0,0,0,0,0,0,0,0,0,0,0,0,0,0,0,0,0,0,0,0,0,0,0,27.3826126,79.5940544
TAMIL NADU,Total,Thiruvarur,All Modes,164657,135426,29231,49012,36220,12792,19918,15862,4056,34510,29021,5489,24002,20785,3217,14442,12716,1726,9002,8215,787,5160,4684,476,6139,5661,478,2472,2262,210,10.7668127,79.6348248
TAMIL NADU,Total,Thiruvarur,On foot,16825,10734,6091,0,0,0,8649,5681,2968,4702,2549,2153,3474,2504,970,0,0,0,0,0,0,0,0,0,0,0,0,0,0,0,10.7668127,79.6348248
TAMIL NADU,Total,Thiruvarur,Bicycle,32724,30741,1983,0,0,0,6048,5643,405,15437,14299,1138,6401,6167,234,2150,2065,85,2688,2567,121,0,0,0,0,0,0,0,0,0,10.7668127,79.6348248
TAMIL NADU,Total,Thiruvarur,Moped/Scooter/Motor Cycle,28290,26254,2036,0,0,0,3826,3489,337,9602,8790,812,6369,5934,435,4238,3994,244,1563,1504,59,1068,1027,41,627,589,38,997,927,70,10.7668127,79.6348248
TAMIL NADU,Total,Thiruvarur,Car/Jeep/Van,2734,2500,234,0,0,0,264,226,38,574,496,78,461,413,48,344,323,21,288,270,18,328,314,14,331,321,10,144,137,7,10.7668127,79.6348248
TAMIL NADU,Total,Thiruvarur,Tempo/Autorickshaw/Taxi,2156,1950,206,0,0,0,222,190,32,553,483,70,424,385,39,303,273,30,181,167,14,198,186,12,142,138,4,133,128,5,10.7668127,79.6348248
TAMIL NADU,Total,Thiruvarur,Bus,29269,23612,5657,0,0,0,747,491,256,3314,2122,1192,6188,4729,1459,6654,5343,1311,4042,3481,561,3334,2940,394,4271,3895,376,719,611,108,10.7668127,79.6348248
TAMIL NADU,Total,Thiruvarur,Train,1329,1154,175,0,0,0,64,51,13,117,83,34,119,96,23,132,107,25,110,98,12,144,130,14,563,518,45,80,71,9,10.7668127,79.6348248
TAMIL NADU,Total,Thiruvarur,Water transport,1417,1398,19,0,0,0,34,33,1,130,126,4,480,476,4,541,536,5,111,109,2,33,32,1,23,22,1,65,64,1,10.7668127,79.6348248
TAMIL NADU,Total,Thiruvarur,Any other,901,863,38,0,0,0,64,58,6,81,73,8,86,81,5,80,75,5,19,19,0,55,55,0,182,178,4,334,324,10,10.7668127,79.6348248
TAMIL NADU,Total,Thiruvarur,No travel,49012,36220,12792,49012,36220,12792,0,0,0,0,0,0,0,0,0,0,0,0,0,0,0,0,0,0,0,0,0,0,0,0,10.7668127,79.6348248
TAMIL NADU,Rural,Thiruvarur,All Modes,100273,81869,18404,32590,23883,8707,8360,6234,2126,17399,14273,3126,16411,14337,2074,10313,9212,1101,5884,5375,509,3559,3243,316,4323,3995,328,1434,1317,117,10.7668127,79.6348248
TAMIL NADU,Rural,Thiruvarur,On foot,8697,5270,3427,0,0,0,4392,2719,1673,2375,1174,1201,1930,1377,553,0,0,0,0,0,0,0,0,0,0,0,0,0,0,0,10.7668127,79.6348248
TAMIL NADU,Rural,Thiruvarur,Bicycle,17207,16024,1183,0,0,0,2183,1985,198,7622,6920,702,4393,4228,165,1527,1477,50,1482,1414,68,0,0,0,0,0,0,0,0,0,10.7668127,79.6348248
TAMIL NADU,Rural,Thiruvarur,Moped/Scooter/Motor Cycle,15229,14183,1046,0,0,0,1144,1037,107,4466,4049,417,4163,3901,262,2883,2731,152,1088,1054,34,683,657,26,385,361,24,417,393,24,10.7668127,79.6348248
TAMIL NADU,Rural,Thiruvarur,Car/Jeep/Van,1649,1523,126,0,0,0,114,100,14,301,267,34,335,302,33,211,197,14,173,159,14,211,202,9,217,212,5,87,84,3,10.7668127,79.6348248
TAMIL NADU,Rural,Thiruvarur,Tempo/Autorickshaw/Taxi,1126,1054,72,0,0,0,86,82,4,243,219,24,238,222,16,178,169,9,108,100,8,128,123,5,90,88,2,55,51,4,10.7668127,79.6348248
TAMIL NADU,Rural,Thiruvarur,Bus,21470,17765,3705,0,0,0,381,258,123,2220,1500,720,4859,3836,1023,5034,4183,851,2934,2558,376,2396,2127,269,3088,2820,268,558,483,75,10.7668127,79.6348248
TAMIL NADU,Rural,Thiruvarur,Train,909,798,111,0,0,0,23,21,2,69,47,22,88,72,16,103,83,20,74,65,9,95,88,7,406,378,28,51,44,7,10.7668127,79.6348248
TAMIL NADU,Rural,Thiruvarur,Water transport,807,803,4,0,0,0,10,9,1,67,66,1,348,346,2,315,315,0,14,14,0,12,12,0,13,13,0,28,28,0,10.7668127,79.6348248
TAMIL NADU,Rural,Thiruvarur,Any other,589,566,23,0,0,0,27,23,4,36,31,5,57,53,4,62,57,5,11,11,0,34,34,0,124,123,1,238,234,4,10.7668127,79.6348248
TAMIL NADU,Rural,Thiruvarur,No travel,32590,23883,8707,32590,23883,8707,0,0,0,0,0,0,0,0,0,0,0,0,0,0,0,0,0,0,0,0,0,0,0,0,10.7668127,79.6348248
TAMIL NADU,Urban,Thiruvarur,All Modes,64384,53557,10827,16422,12337,4085,11558,9628,1930,17111,14748,2363,7591,6448,1143,4129,3504,625,3118,2840,278,1601,1441,160,1816,1666,150,1038,945,93,10.7668127,79.6348248
TAMIL NADU,Urban,Thiruvarur,On foot,8128,5464,2664,0,0,0,4257,2962,1295,2327,1375,952,1544,1127,417,0,0,0,0,0,0,0,0,0,0,0,0,0,0,0,10.7668127,79.6348248
TAMIL NADU,Urban,Thiruvarur,Bicycle,15517,14717,800,0,0,0,3865,3658,207,7815,7379,436,2008,1939,69,623,588,35,1206,1153,53,0,0,0,0,0,0,0,0,0,10.7668127,79.6348248
TAMIL NADU,Urban,Thiruvarur,Moped/Scooter/Motor Cycle,13061,12071,990,0,0,0,2682,2452,230,5136,4741,395,2206,2033,173,1355,1263,92,475,450,25,385,370,15,242,228,14,580,534,46,10.7668127,79.6348248
TAMIL NADU,Urban,Thiruvarur,Car/Jeep/Van,1085,977,108,0,0,0,150,126,24,273,229,44,126,111,15,133,126,7,115,111,4,117,112,5,114,109,5,57,53,4,10.7668127,79.6348248
TAMIL NADU,Urban,Thiruvarur,Tempo/Autorickshaw/Taxi,1030,896,134,0,0,0,136,108,28,310,264,46,186,163,23,125,104,21,73,67,6,70,63,7,52,50,2,78,77,1,10.7668127,79.6348248
TAMIL NADU,Urban,Thiruvarur,Bus,7799,5847,1952,0,0,0,366,233,133,1094,622,472,1329,893,436,1620,1160,460,1108,923,185,938,813,125,1183,1075,108,161,128,33,10.7668127,79.6348248
TAMIL NADU,Urban,Thiruvarur,Train,420,356,64,0,0,0,41,30,11,48,36,12,31,24,7,29,24,5,36,33,3,49,42,7,157,140,17,29,27,2,10.7668127,79.6348248
TAMIL NADU,Urban,Thiruvarur,Water transport,610,595,15,0,0,0,24,24,0,63,60,3,132,130,2,226,221,5,97,95,2,21,20,1,10,9,1,37,36,1,10.7668127,79.6348248
TAMIL NADU,Urban,Thiruvarur,Any other,312,297,15,0,0,0,37,35,2,45,42,3,29,28,1,18,18,0,8,8,0,21,21,0,58,55,3,96,90,6,10.7668127,79.6348248
TAMIL NADU,Urban,Thiruvarur,No travel,16422,12337,4085,16422,12337,4085,0,0,0,0,0,0,0,0,0,0,0,0,0,0,0,0,0,0,0,0,0,0,0,0,10.7668127,79.6348248
UTTARAKHAND,Total,Almora,All Modes,76008,61457,14551,27720,21897,5823,16386,12298,4088,17616,14906,2710,7686,6686,1000,2715,2331,384,1382,1143,239,1213,1012,201,1157,1065,92,133,119,14,29.5892407,79.646666
UTTARAKHAND,Total,Almora,On foot,34242,27432,6810,0,0,0,15622,11624,3998,14280,11974,2306,4340,3834,506,0,0,0,0,0,0,0,0,0,0,0,0,0,0,0,29.5892407,79.646666
UTTARAKHAND,Total,Almora,Bicycle,406,368,38,0,0,0,73,63,10,182,168,14,81,79,2,22,18,4,48,40,8,0,0,0,0,0,0,0,0,0,29.5892407,79.646666
UTTARAKHAND,Total,Almora,Moped/Scooter/Motor Cycle,2912,2741,171,0,0,0,317,296,21,1164,1099,65,619,577,42,454,434,20,171,160,11,114,107,7,42,40,2,31,28,3,29.5892407,79.646666
UTTARAKHAND,Total,Almora,Car/Jeep/Van,4698,3784,914,0,0,0,211,174,37,993,815,178,1212,981,231,1019,820,199,538,412,126,422,315,107,260,229,31,43,38,5,29.5892407,79.646666
UTTARAKHAND,Total,Almora,Tempo/Autorickshaw/Taxi,600,508,92,0,0,0,17,16,1,175,151,24,159,135,24,126,105,21,44,32,12,50,43,7,22,20,2,7,6,1,29.5892407,79.646666
UTTARAKHAND,Total,Almora,Bus,5100,4408,692,0,0,0,106,88,18,785,663,122,1166,974,192,1052,914,138,566,484,82,616,536,80,776,720,56,33,29,4,29.5892407,79.646666
UTTARAKHAND,Total,Almora,Train,243,237,6,0,0,0,22,21,1,26,25,1,96,94,2,34,33,1,7,7,0,4,4,0,46,45,1,8,8,0,29.5892407,79.646666
UTTARAKHAND,Total,Almora,Water transport,6,6,0,0,0,0,1,1,0,1,1,0,1,1,0,2,2,0,0,0,0,0,0,0,1,1,0,0,0,0,29.5892407,79.646666
UTTARAKHAND,Total,Almora,Any other,81,76,5,0,0,0,17,15,2,10,10,0,12,11,1,6,5,1,8,8,0,7,7,0,10,10,0,11,10,1,29.5892407,79.646666
UTTARAKHAND,Total,Almora,No travel,27720,21897,5823,27720,21897,5823,0,0,0,0,0,0,0,0,0,0,0,0,0,0,0,0,0,0,0,0,0,0,0,0,29.5892407,79.646666
UTTARAKHAND,Rural,Almora,All Modes,55143,43993,11150,18825,13876,4949,11148,8008,3140,13743,11756,1987,6456,5741,715,2154,1988,166,993,913,80,819,755,64,894,855,39,111,101,10,29.5892407,79.646666
UTTARAKHAND,Rural,Almora,On foot,26135,20858,5277,0,0,0,10681,7594,3087,11592,9827,1765,3862,3437,425,0,0,0,0,0,0,0,0,0,0,0,0,0,0,0,29.5892407,79.646666
UTTARAKHAND,Rural,Almora,Bicycle,317,293,24,0,0,0,49,43,6,143,134,9,67,66,1,18,17,1,40,33,7,0,0,0,0,0,0,0,0,0,29.5892407,79.646666
UTTARAKHAND,Rural,Almora,Moped/Scooter/Motor Cycle,1725,1644,81,0,0,0,138,130,8,575,549,26,434,409,25,336,325,11,114,111,3,76,73,3,25,23,2,27,24,3,29.5892407,79.646666
UTTARAKHAND,Rural,Almora,Car/Jeep/Van,3170,2811,359,0,0,0,139,119,20,641,548,93,889,780,109,753,681,72,337,305,32,210,191,19,164,153,11,37,34,3,29.5892407,79.646666
UTTARAKHAND,Rural,Almora,Tempo/Autorickshaw/Taxi,420,379,41,0,0,0,13,12,1,117,105,12,106,93,13,107,98,9,26,24,2,31,29,2,15,14,1,5,4,1,29.5892407,79.646666
UTTARAKHAND,Rural,Almora,Bus,4249,3838,411,0,0,0,92,77,15,645,564,81,992,852,140,901,829,72,461,425,36,494,454,40,639,614,25,25,23,2,29.5892407,79.646666
UTTARAKHAND,Rural,Almora,Train,223,218,5,0,0,0,21,20,1,20,19,1,95,93,2,32,31,1,7,7,0,1,1,0,40,40,0,7,7,0,29.5892407,79.646666
UTTARAKHAND,Rural,Almora,Water transport,6,6,0,0,0,0,1,1,0,1,1,0,1,1,0,2,2,0,0,0,0,0,0,0,1,1,0,0,0,0,29.5892407,79.646666
UTTARAKHAND,Rural,Almora,Any other,73,70,3,0,0,0,14,12,2,9,9,0,10,10,0,5,5,0,8,8,0,7,7,0,10,10,0,10,9,1,29.5892407,79.646666
UTTARAKHAND,Rural,Almora,No travel,18825,13876,4949,18825,13876,4949,0,0,0,0,0,0,0,0,0,0,0,0,0,0,0,0,0,0,0,0,0,0,0,0,29.5892407,79.646666
UTTARAKHAND,Urban,Almora,All Modes,20865,17464,3401,8895,8021,874,5238,4290,948,3873,3150,723,1230,945,285,561,343,218,389,230,159,394,257,137,263,210,53,22,18,4,29.5892407,79.646666
UTTARAKHAND,Urban,Almora,On foot,8107,6574,1533,0,0,0,4941,4030,911,2688,2147,541,478,397,81,0,0,0,0,0,0,0,0,0,0,0,0,0,0,0,29.5892407,79.646666
UTTARAKHAND,Urban,Almora,Bicycle,89,75,14,0,0,0,24,20,4,39,34,5,14,13,1,4,1,3,8,7,1,0,0,0,0,0,0,0,0,0,29.5892407,79.646666
UTTARAKHAND,Urban,Almora,Moped/Scooter/Motor Cycle,1187,1097,90,0,0,0,179,166,13,589,550,39,185,168,17,118,109,9,57,49,8,38,34,4,17,17,0,4,4,0,29.5892407,79.646666
UTTARAKHAND,Urban,Almora,Car/Jeep/Van,1528,973,555,0,0,0,72,55,17,352,267,85,323,201,122,266,139,127,201,107,94,212,124,88,96,76,20,6,4,2,29.5892407,79.646666
UTTARAKHAND,Urban,Almora,Tempo/Autorickshaw/Taxi,180,129,51,0,0,0,4,4,0,58,46,12,53,42,11,19,7,12,18,8,10,19,14,5,7,6,1,2,2,0,29.5892407,79.646666
UTTARAKHAND,Urban,Almora,Bus,851,570,281,0,0,0,14,11,3,140,99,41,174,122,52,151,85,66,105,59,46,122,82,40,137,106,31,8,6,2,29.5892407,79.646666
UTTARAKHAND,Urban,Almora,Train,20,19,1,0,0,0,1,1,0,6,6,0,1,1,0,2,2,0,0,0,0,3,3,0,6,5,1,1,1,0,29.5892407,79.646666
UTTARAKHAND,Urban,Almora,Water transport,0,0,0,0,0,0,0,0,0,0,0,0,0,0,0,0,0,0,0,0,0,0,0,0,0,0,0,0,0,0,29.5892407,79.646666
UTTARAKHAND,Urban,Almora,Any other,8,6,2,0,0,0,3,3,0,1,1,0,2,1,1,1,0,1,0,0,0,0,0,0,0,0,0,1,1,0,29.5892407,79.646666
UTTARAKHAND,Urban,Almora,No travel,8895,8021,874,8895,8021,874,0,0,0,0,0,0,0,0,0,0,0,0,0,0,0,0,0,0,0,0,0,0,0,0,29.5892407,79.646666
MAHARASHTRA,Total,Bhandara,All Modes,144854,109221,35633,41793,27096,14697,27908,20644,7264,36665,28789,7876,15096,12184,2912,10028,8808,1220,5229,4615,614,2993,2592,401,3612,3178,434,1530,1315,215,21.1750113,79.6558242
MAHARASHTRA,Total,Bhandara,On foot,35292,21731,13561,0,0,0,17922,11542,6380,12532,7149,5383,4838,3040,1798,0,0,0,0,0,0,0,0,0,0,0,0,0,0,0,21.1750113,79.6558242
MAHARASHTRA,Total,Bhandara,Bicycle,29541,27791,1750,0,0,0,4982,4679,303,13835,12936,899,5224,4973,251,3506,3349,157,1994,1854,140,0,0,0,0,0,0,0,0,0,21.1750113,79.6558242
MAHARASHTRA,Total,Bhandara,Moped/Scooter/Motor Cycle,22558,20144,2414,0,0,0,4245,3837,408,8336,7301,1035,3099,2715,384,3278,2972,306,1372,1276,96,1023,945,78,468,437,31,737,661,76,21.1750113,79.6558242
MAHARASHTRA,Total,Bhandara,Car/Jeep/Van,1347,1190,157,0,0,0,175,144,31,259,221,38,136,117,19,240,217,23,122,113,9,171,156,15,163,155,8,81,67,14,21.1750113,79.6558242
MAHARASHTRA,Total,Bhandara,Tempo/Autorickshaw/Taxi,1962,1465,497,0,0,0,149,108,41,550,327,223,417,326,91,469,371,98,152,137,15,101,90,11,60,57,3,64,49,15,21.1750113,79.6558242
MAHARASHTRA,Total,Bhandara,Bus,9252,7054,2198,0,0,0,217,154,63,771,524,247,1192,843,349,2318,1713,605,1380,1044,336,1419,1152,267,1602,1349,253,353,275,78,21.1750113,79.6558242
MAHARASHTRA,Total,Bhandara,Train,2430,2155,275,0,0,0,145,119,26,211,183,28,101,95,6,106,92,14,167,150,17,238,210,28,1212,1083,129,250,223,27,21.1750113,79.6558242
MAHARASHTRA,Total,Bhandara,Water transport,49,41,8,0,0,0,9,5,4,18,18,0,5,3,2,5,5,0,4,4,0,0,0,0,8,6,2,0,0,0,21.1750113,79.6558242
MAHARASHTRA,Total,Bhandara,Any other,630,554,76,0,0,0,64,56,8,153,130,23,84,72,12,106,89,17,38,37,1,41,39,2,99,91,8,45,40,5,21.1750113,79.6558242
MAHARASHTRA,Total,Bhandara,No travel,41793,27096,14697,41793,27096,14697,0,0,0,0,0,0,0,0,0,0,0,0,0,0,0,0,0,0,0,0,0,0,0,0,21.1750113,79.6558242
MAHARASHTRA,Rural,Bhandara,All Modes,80370,59647,20723,27887,17679,10208,11368,8094,3274,17853,13761,4092,10247,8325,1922,6496,5922,574,2983,2725,258,1377,1216,161,1382,1249,133,777,676,101,21.1750113,79.6558242
MAHARASHTRA,Rural,Bhandara,On foot,17853,10518,7335,0,0,0,7872,4908,2964,6718,3646,3072,3263,1964,1299,0,0,0,0,0,0,0,0,0,0,0,0,0,0,0,21.1750113,79.6558242
MAHARASHTRA,Rural,Bhandara,Bicycle,18226,17209,1017,0,0,0,1942,1823,119,7395,6932,463,4313,4112,201,3178,3034,144,1398,1308,90,0,0,0,0,0,0,0,0,0,21.1750113,79.6558242
MAHARASHTRA,Rural,Bhandara,Moped/Scooter/Motor Cycle,9768,8882,886,0,0,0,1307,1188,119,2907,2593,314,1771,1586,185,1858,1715,143,774,729,45,558,513,45,229,221,8,364,337,27,21.1750113,79.6558242
MAHARASHTRA,Rural,Bhandara,Car/Jeep/Van,571,502,69,0,0,0,37,26,11,86,67,19,67,58,9,117,108,9,64,60,4,80,74,6,69,67,2,51,42,9,21.1750113,79.6558242
MAHARASHTRA,Rural,Bhandara,Tempo/Autorickshaw/Taxi,1006,773,233,0,0,0,49,41,8,218,123,95,213,158,55,284,235,49,95,88,7,72,64,8,38,36,2,37,28,9,21.1750113,79.6558242
MAHARASHTRA,Rural,Bhandara,Bus,3576,2765,811,0,0,0,77,42,35,305,206,99,494,334,160,894,684,210,539,438,101,526,435,91,566,489,77,175,137,38,21.1750113,79.6558242
MAHARASHTRA,Rural,Bhandara,Train,1030,918,112,0,0,0,60,45,15,120,104,16,63,60,3,68,61,7,81,71,10,111,101,10,403,367,36,124,109,15,21.1750113,79.6558242
MAHARASHTRA,Rural,Bhandara,Water transport,28,24,4,0,0,0,3,2,1,14,14,0,2,1,1,2,2,0,3,3,0,0,0,0,4,2,2,0,0,0,21.1750113,79.6558242
MAHARASHTRA,Rural,Bhandara,Any other,425,377,48,0,0,0,21,19,2,90,76,14,61,52,9,95,83,12,29,28,1,30,29,1,73,67,6,26,23,3,21.1750113,79.6558242
MAHARASHTRA,Rural,Bhandara,No travel,27887,17679,10208,27887,17679,10208,0,0,0,0,0,0,0,0,0,0,0,0,0,0,0,0,0,0,0,0,0,0,0,0,21.1750113,79.6558242
MAHARASHTRA,Urban,Bhandara,All Modes,64484,49574,14910,13906,9417,4489,16540,12550,3990,18812,15028,3784,4849,3859,990,3532,2886,646,2246,1890,356,1616,1376,240,2230,1929,301,753,639,114,21.1750113,79.6558242
MAHARASHTRA,Urban,Bhandara,On foot,17439,11213,6226,0,0,0,10050,6634,3416,5814,3503,2311,1575,1076,499,0,0,0,0,0,0,0,0,0,0,0,0,0,0,0,21.1750113,79.6558242
MAHARASHTRA,Urban,Bhandara,Bicycle,11315,10582,733,0,0,0,3040,2856,184,6440,6004,436,911,861,50,328,315,13,596,546,50,0,0,0,0,0,0,0,0,0,21.1750113,79.6558242
MAHARASHTRA,Urban,Bhandara,Moped/Scooter/Motor Cycle,12790,11262,1528,0,0,0,2938,2649,289,5429,4708,721,1328,1129,199,1420,1257,163,598,547,51,465,432,33,239,216,23,373,324,49,21.1750113,79.6558242
MAHARASHTRA,Urban,Bhandara,Car/Jeep/Van,776,688,88,0,0,0,138,118,20,173,154,19,69,59,10,123,109,14,58,53,5,91,82,9,94,88,6,30,25,5,21.1750113,79.6558242
MAHARASHTRA,Urban,Bhandara,Tempo/Autorickshaw/Taxi,956,692,264,0,0,0,100,67,33,332,204,128,204,168,36,185,136,49,57,49,8,29,26,3,22,21,1,27,21,6,21.1750113,79.6558242
MAHARASHTRA,Urban,Bhandara,Bus,5676,4289,1387,0,0,0,140,112,28,466,318,148,698,509,189,1424,1029,395,841,606,235,893,717,176,1036,860,176,178,138,40,21.1750113,79.6558242
MAHARASHTRA,Urban,Bhandara,Train,1400,1237,163,0,0,0,85,74,11,91,79,12,38,35,3,38,31,7,86,79,7,127,109,18,809,716,93,126,114,12,21.1750113,79.6558242
MAHARASHTRA,Urban,Bhandara,Water transport,21,17,4,0,0,0,6,3,3,4,4,0,3,2,1,3,3,0,1,1,0,0,0,0,4,4,0,0,0,0,21.1750113,79.6558242
MAHARASHTRA,Urban,Bhandara,Any other,205,177,28,0,0,0,43,37,6,63,54,9,23,20,3,11,6,5,9,9,0,11,10,1,26,24,2,19,17,2,21.1750113,79.6558242
MAHARASHTRA,Urban,Bhandara,No travel,13906,9417,4489,13906,9417,4489,0,0,0,0,0,0,0,0,0,0,0,0,0,0,0,0,0,0,0,0,0,0,0,0,21.1750113,79.6558242
TAMIL NADU,Total,Kancheepuram,All Modes,1257225,943907,313318,250484,162428,88056,138782,94708,44074,246717,182347,64370,212820,166456,46364,176842,142923,33919,103503,86215,17288,65826,55478,10348,41661,35874,5787,20590,17478,3112,12.837284,79.7041744
TAMIL NADU,Total,Kancheepuram,On foot,186442,112034,74408,0,0,0,93053,55663,37390,60600,34551,26049,32789,21820,10969,0,0,0,0,0,0,0,0,0,0,0,0,0,0,0,12.837284,79.7041744
TAMIL NADU,Total,Kancheepuram,Bicycle,106265,97344,8921,0,0,0,14334,13085,1249,52877,47860,5017,21871,20425,1446,8508,7924,584,8675,8050,625,0,0,0,0,0,0,0,0,0,12.837284,79.7041744
TAMIL NADU,Total,Kancheepuram,Moped/Scooter/Motor Cycle,217858,200695,17163,0,0,0,19037,17336,1701,61160,55020,6140,52684,48405,4279,47793,44657,3136,18720,17754,966,8420,8084,336,2905,2787,118,7139,6652,487,12.837284,79.7041744
TAMIL NADU,Total,Kancheepuram,Car/Jeep/Van,52027,38003,14024,0,0,0,2509,1826,683,9940,6309,3631,10540,7434,3106,12770,9627,3143,6637,5165,1472,4876,3789,1087,2926,2307,619,1829,1546,283,12.837284,79.7041744
TAMIL NADU,Total,Kancheepuram,Tempo/Autorickshaw/Taxi,19167,15062,4105,0,0,0,1141,876,265,5327,3298,2029,4115,3279,836,3390,2838,552,1798,1622,176,1562,1470,92,806,755,51,1028,924,104,12.837284,79.7041744
TAMIL NADU,Total,Kancheepuram,Bus,336632,248132,88500,0,0,0,7088,4694,2394,51096,31382,19714,80164,57281,22883,81961,60929,21032,47189,37110,10079,36248,29481,6767,25151,21317,3834,7735,5938,1797,12.837284,79.7041744
TAMIL NADU,Total,Kancheepuram,Train,76361,59589,16772,0,0,0,1077,753,324,4491,2989,1502,8811,6224,2587,20301,15125,5176,18521,14723,3798,13030,11055,1975,8708,7603,1105,1422,1117,305,12.837284,79.7041744
TAMIL NADU,Total,Kancheepuram,Water transport,5322,5035,287,0,0,0,204,188,16,348,276,72,899,842,57,1003,959,44,1205,1174,31,931,912,19,155,143,12,577,541,36,12.837284,79.7041744
TAMIL NADU,Total,Kancheepuram,Any other,6667,5585,1082,0,0,0,339,287,52,878,662,216,947,746,201,1116,864,252,758,617,141,759,687,72,1010,962,48,860,760,100,12.837284,79.7041744
TAMIL NADU,Total,Kancheepuram,No travel,250484,162428,88056,250484,162428,88056,0,0,0,0,0,0,0,0,0,0,0,0,0,0,0,0,0,0,0,0,0,0,0,0,12.837284,79.7041744
TAMIL NADU,Rural,Kancheepuram,All Modes,332067,240955,91112,76493,48288,28205,31649,18948,12701,56531,39261,17270,56261,43626,12635,40548,32638,7910,26153,21485,4668,22564,18301,4263,17430,14740,2690,4438,3668,770,12.837284,79.7041744
TAMIL NADU,Rural,Kancheepuram,On foot,52885,28550,24335,0,0,0,24594,13181,11413,18739,9432,9307,9552,5937,3615,0,0,0,0,0,0,0,0,0,0,0,0,0,0,0,12.837284,79.7041744
TAMIL NADU,Rural,Kancheepuram,Bicycle,22857,21015,1842,0,0,0,2026,1842,184,10945,9912,1033,5992,5619,373,2112,2002,110,1782,1640,142,0,0,0,0,0,0,0,0,0,12.837284,79.7041744
TAMIL NADU,Rural,Kancheepuram,Moped/Scooter/Motor Cycle,40154,38006,2148,0,0,0,2307,2133,174,10503,9781,722,11481,10903,578,8125,7784,341,3679,3524,155,2183,2094,89,766,733,33,1110,1054,56,12.837284,79.7041744
TAMIL NADU,Rural,Kancheepuram,Car/Jeep/Van,11463,6641,4822,0,0,0,430,242,188,2232,1135,1097,2423,1430,993,2074,1243,831,1363,799,564,1564,894,670,1065,649,416,312,249,63,12.837284,79.7041744
TAMIL NADU,Rural,Kancheepuram,Tempo/Autorickshaw/Taxi,4879,3875,1004,0,0,0,157,116,41,1296,853,443,1233,964,269,968,848,120,401,355,46,361,330,31,244,224,20,219,185,34,12.837284,79.7041744
TAMIL NADU,Rural,Kancheepuram,Bus,110935,83665,27270,0,0,0,1909,1267,642,12113,7589,4524,24298,17672,6626,25435,19187,6248,16496,13011,3485,15777,12601,3176,12706,10703,2003,2201,1635,566,12.837284,79.7041744
TAMIL NADU,Rural,Kancheepuram,Train,8062,6865,1197,0,0,0,129,83,46,303,230,73,498,364,134,1007,791,216,1461,1246,215,2268,1988,280,2208,1999,209,188,164,24,12.837284,79.7041744
TAMIL NADU,Rural,Kancheepuram,Water transport,2438,2328,110,0,0,0,45,37,8,220,175,45,527,509,18,519,510,9,712,704,8,118,116,2,33,30,3,264,247,17,12.837284,79.7041744
TAMIL NADU,Rural,Kancheepuram,Any other,1901,1722,179,0,0,0,52,47,5,180,154,26,257,228,29,308,273,35,259,206,53,293,278,15,408,402,6,144,134,10,12.837284,79.7041744
TAMIL NADU,Rural,Kancheepuram,No travel,76493,48288,28205,76493,48288,28205,0,0,0,0,0,0,0,0,0,0,0,0,0,0,0,0,0,0,0,0,0,0,0,0,12.837284,79.7041744
TAMIL NADU,Urban,Kancheepuram,All Modes,925158,702952,222206,173991,114140,59851,107133,75760,31373,190186,143086,47100,156559,122830,33729,136294,110285,26009,77350,64730,12620,43262,37177,6085,24231,21134,3097,16152,13810,2342,12.837284,79.7041744
TAMIL NADU,Urban,Kancheepuram,On foot,133557,83484,50073,0,0,0,68459,42482,25977,41861,25119,16742,23237,15883,7354,0,0,0,0,0,0,0,0,0,0,0,0,0,0,0,12.837284,79.7041744
TAMIL NADU,Urban,Kancheepuram,Bicycle,83408,76329,7079,0,0,0,12308,11243,1065,41932,37948,3984,15879,14806,1073,6396,5922,474,6893,6410,483,0,0,0,0,0,0,0,0,0,12.837284,79.7041744
TAMIL NADU,Urban,Kancheepuram,Moped/Scooter/Motor Cycle,177704,162689,15015,0,0,0,16730,15203,1527,50657,45239,5418,41203,37502,3701,39668,36873,2795,15041,14230,811,6237,5990,247,2139,2054,85,6029,5598,431,12.837284,79.7041744
TAMIL NADU,Urban,Kancheepuram,Car/Jeep/Van,40564,31362,9202,0,0,0,2079,1584,495,7708,5174,2534,8117,6004,2113,10696,8384,2312,5274,4366,908,3312,2895,417,1861,1658,203,1517,1297,220,12.837284,79.7041744
TAMIL NADU,Urban,Kancheepuram,Tempo/Autorickshaw/Taxi,14288,11187,3101,0,0,0,984,760,224,4031,2445,1586,2882,2315,567,2422,1990,432,1397,1267,130,1201,1140,61,562,531,31,809,739,70,12.837284,79.7041744
TAMIL NADU,Urban,Kancheepuram,Bus,225697,164467,61230,0,0,0,5179,3427,1752,38983,23793,15190,55866,39609,16257,56526,41742,14784,30693,24099,6594,20471,16880,3591,12445,10614,1831,5534,4303,1231,12.837284,79.7041744
TAMIL NADU,Urban,Kancheepuram,Train,68299,52724,15575,0,0,0,948,670,278,4188,2759,1429,8313,5860,2453,19294,14334,4960,17060,13477,3583,10762,9067,1695,6500,5604,896,1234,953,281,12.837284,79.7041744
TAMIL NADU,Urban,Kancheepuram,Water transport,2884,2707,177,0,0,0,159,151,8,128,101,27,372,333,39,484,449,35,493,470,23,813,796,17,122,113,9,313,294,19,12.837284,79.7041744
TAMIL NADU,Urban,Kancheepuram,Any other,4766,3863,903,0,0,0,287,240,47,698,508,190,690,518,172,808,591,217,499,411,88,466,409,57,602,560,42,716,626,90,12.837284,79.7041744
TAMIL NADU,Urban,Kancheepuram,No travel,173991,114140,59851,173991,114140,59851,0,0,0,0,0,0,0,0,0,0,0,0,0,0,0,0,0,0,0,0,0,0,0,0,12.837284,79.7041744
UTTARAKHAND,Total,Bageshwar,All Modes,26537,21188,5349,10424,7750,2674,5535,4239,1296,6145,5262,883,2365,2056,309,705,616,89,479,434,45,251,231,20,535,506,29,98,94,4,29.8403606,79.769426
UTTARAKHAND,Total,Bageshwar,On foot,11785,9580,2205,0,0,0,5240,3978,1262,5071,4307,764,1474,1295,179,0,0,0,0,0,0,0,0,0,0,0,0,0,0,0,29.8403606,79.769426
UTTARAKHAND,Total,Bageshwar,Bicycle,117,109,8,0,0,0,31,26,5,54,52,2,15,15,0,5,5,0,12,11,1,0,0,0,0,0,0,0,0,0,29.8403606,79.769426
UTTARAKHAND,Total,Bageshwar,Moped/Scooter/Motor Cycle,800,754,46,0,0,0,111,106,5,324,301,23,151,144,7,106,98,8,56,55,1,25,24,1,10,10,0,17,16,1,29.8403606,79.769426
UTTARAKHAND,Total,Bageshwar,Car/Jeep/Van,1471,1263,208,0,0,0,68,57,11,353,306,47,375,303,72,291,245,46,184,166,18,109,99,10,70,66,4,21,21,0,29.8403606,79.769426
UTTARAKHAND,Total,Bageshwar,Tempo/Autorickshaw/Taxi,265,241,24,0,0,0,15,14,1,100,94,6,50,44,6,54,48,6,20,17,3,19,18,1,6,5,1,1,1,0,29.8403606,79.769426
UTTARAKHAND,Total,Bageshwar,Bus,1534,1355,179,0,0,0,64,54,10,224,184,40,293,249,44,244,215,29,201,180,21,95,87,8,379,355,24,34,31,3,29.8403606,79.769426
UTTARAKHAND,Total,Bageshwar,Train,109,107,2,0,0,0,5,4,1,15,15,0,3,3,0,3,3,0,3,2,1,1,1,0,63,63,0,16,16,0,29.8403606,79.769426
UTTARAKHAND,Total,Bageshwar,Water transport,1,1,0,0,0,0,0,0,0,0,0,0,0,0,0,0,0,0,0,0,0,0,0,0,0,0,0,1,1,0,29.8403606,79.769426
UTTARAKHAND,Total,Bageshwar,Any other,31,28,3,0,0,0,1,0,1,4,3,1,4,3,1,2,2,0,3,3,0,2,2,0,7,7,0,8,8,0,29.8403606,79.769426
UTTARAKHAND,Total,Bageshwar,No travel,10424,7750,2674,10424,7750,2674,0,0,0,0,0,0,0,0,0,0,0,0,0,0,0,0,0,0,0,0,0,0,0,0,29.8403606,79.769426
UTTARAKHAND,Rural,Bageshwar,All Modes,23978,19083,4895,9427,6960,2467,4822,3636,1186,5639,4824,815,2177,1907,270,654,581,73,421,387,34,233,214,19,515,488,27,90,86,4,29.8403606,79.769426
UTTARAKHAND,Rural,Bageshwar,On foot,10649,8608,2041,0,0,0,4599,3442,1157,4698,3976,722,1352,1190,162,0,0,0,0,0,0,0,0,0,0,0,0,0,0,0,29.8403606,79.769426
UTTARAKHAND,Rural,Bageshwar,Bicycle,105,98,7,0,0,0,28,23,5,46,45,1,14,14,0,5,5,0,12,11,1,0,0,0,0,0,0,0,0,0,29.8403606,79.769426
UTTARAKHAND,Rural,Bageshwar,Moped/Scooter/Motor Cycle,641,610,31,0,0,0,66,63,3,260,244,16,133,129,4,92,87,5,48,47,1,22,21,1,7,7,0,13,12,1,29.8403606,79.769426
UTTARAKHAND,Rural,Bageshwar,Car/Jeep/Van,1360,1171,189,0,0,0,53,42,11,327,283,44,360,295,65,273,231,42,160,146,14,102,93,9,66,62,4,19,19,0,29.8403606,79.769426
UTTARAKHAND,Rural,Bageshwar,Tempo/Autorickshaw/Taxi,236,223,13,0,0,0,14,13,1,93,88,5,41,39,2,46,43,3,18,17,1,19,18,1,4,4,0,1,1,0,29.8403606,79.769426
UTTARAKHAND,Rural,Bageshwar,Bus,1423,1281,142,0,0,0,56,49,7,197,171,26,270,234,36,233,210,23,178,162,16,87,79,8,368,345,23,34,31,3,29.8403606,79.769426
UTTARAKHAND,Rural,Bageshwar,Train,107,105,2,0,0,0,5,4,1,14,14,0,3,3,0,3,3,0,3,2,1,1,1,0,63,63,0,15,15,0,29.8403606,79.769426
UTTARAKHAND,Rural,Bageshwar,Water transport,1,1,0,0,0,0,0,0,0,0,0,0,0,0,0,0,0,0,0,0,0,0,0,0,0,0,0,1,1,0,29.8403606,79.769426
UTTARAKHAND,Rural,Bageshwar,Any other,29,26,3,0,0,0,1,0,1,4,3,1,4,3,1,2,2,0,2,2,0,2,2,0,7,7,0,7,7,0,29.8403606,79.769426
UTTARAKHAND,Rural,Bageshwar,No travel,9427,6960,2467,9427,6960,2467,0,0,0,0,0,0,0,0,0,0,0,0,0,0,0,0,0,0,0,0,0,0,0,0,29.8403606,79.769426
UTTARAKHAND,Urban,Bageshwar,All Modes,2559,2105,454,997,790,207,713,603,110,506,438,68,188,149,39,51,35,16,58,47,11,18,17,1,20,18,2,8,8,0,29.8403606,79.769426
UTTARAKHAND,Urban,Bageshwar,On foot,1136,972,164,0,0,0,641,536,105,373,331,42,122,105,17,0,0,0,0,0,0,0,0,0,0,0,0,0,0,0,29.8403606,79.769426
UTTARAKHAND,Urban,Bageshwar,Bicycle,12,11,1,0,0,0,3,3,0,8,7,1,1,1,0,0,0,0,0,0,0,0,0,0,0,0,0,0,0,0,29.8403606,79.769426
UTTARAKHAND,Urban,Bageshwar,Moped/Scooter/Motor Cycle,159,144,15,0,0,0,45,43,2,64,57,7,18,15,3,14,11,3,8,8,0,3,3,0,3,3,0,4,4,0,29.8403606,79.769426
UTTARAKHAND,Urban,Bageshwar,Car/Jeep/Van,111,92,19,0,0,0,15,15,0,26,23,3,15,8,7,18,14,4,24,20,4,7,6,1,4,4,0,2,2,0,29.8403606,79.769426
UTTARAKHAND,Urban,Bageshwar,Tempo/Autorickshaw/Taxi,29,18,11,0,0,0,1,1,0,7,6,1,9,5,4,8,5,3,2,0,2,0,0,0,2,1,1,0,0,0,29.8403606,79.769426
UTTARAKHAND,Urban,Bageshwar,Bus,111,74,37,0,0,0,8,5,3,27,13,14,23,15,8,11,5,6,23,18,5,8,8,0,11,10,1,0,0,0,29.8403606,79.769426
UTTARAKHAND,Urban,Bageshwar,Train,2,2,0,0,0,0,0,0,0,1,1,0,0,0,0,0,0,0,0,0,0,0,0,0,0,0,0,1,1,0,29.8403606,79.769426
UTTARAKHAND,Urban,Bageshwar,Water transport,0,0,0,0,0,0,0,0,0,0,0,0,0,0,0,0,0,0,0,0,0,0,0,0,0,0,0,0,0,0,29.8403606,79.769426
UTTARAKHAND,Urban,Bageshwar,Any other,2,2,0,0,0,0,0,0,0,0,0,0,0,0,0,0,0,0,1,1,0,0,0,0,0,0,0,1,1,0,29.8403606,79.769426
UTTARAKHAND,Urban,Bageshwar,No travel,997,790,207,997,790,207,0,0,0,0,0,0,0,0,0,0,0,0,0,0,0,0,0,0,0,0,0,0,0,0,29.8403606,79.769426
TAMIL NADU,Total,Cuddalore,All Modes,433271,339599,93672,122893,83637,39256,52401,39045,13356,98022,79233,18789,65649,55069,10580,37347,32520,4827,21266,18653,2613,14401,12555,1846,16270,14417,1853,5022,4470,552,11.7480419,79.7713687
TAMIL NADU,Total,Cuddalore,On foot,56321,34553,21768,0,0,0,29772,18907,10865,17201,9701,7500,9348,5945,3403,0,0,0,0,0,0,0,0,0,0,0,0,0,0,0,11.7480419,79.7713687
TAMIL NADU,Total,Cuddalore,Bicycle,67819,62986,4833,0,0,0,11109,10288,821,35613,32700,2913,13131,12427,704,3641,3512,129,4325,4059,266,0,0,0,0,0,0,0,0,0,11.7480419,79.7713687
TAMIL NADU,Total,Cuddalore,Moped/Scooter/Motor Cycle,76680,70450,6230,0,0,0,8589,7620,969,30040,26777,3263,20166,19011,1155,10851,10363,488,2972,2847,125,1526,1461,65,725,688,37,1811,1683,128,11.7480419,79.7713687
TAMIL NADU,Total,Cuddalore,Car/Jeep/Van,8665,7260,1405,0,0,0,505,397,108,2297,1665,632,1693,1425,268,2030,1838,192,536,458,78,657,610,47,676,623,53,271,244,27,11.7480419,79.7713687
TAMIL NADU,Total,Cuddalore,Tempo/Autorickshaw/Taxi,4640,3515,1125,0,0,0,417,305,112,1657,1036,621,1003,737,266,521,466,55,267,249,18,280,264,16,306,294,12,189,164,25,11.7480419,79.7713687
TAMIL NADU,Total,Cuddalore,Bus,85843,67475,18368,0,0,0,1483,1045,438,10226,6483,3743,18869,14208,4661,19079,15195,3884,12019,9944,2075,10513,8870,1643,12107,10500,1607,1547,1230,317,11.7480419,79.7713687
TAMIL NADU,Total,Cuddalore,Train,2295,1945,350,0,0,0,99,72,27,195,139,56,210,161,49,232,191,41,142,125,17,235,198,37,1013,914,99,169,145,24,11.7480419,79.7713687
TAMIL NADU,Total,Cuddalore,Water transport,5872,5707,165,0,0,0,267,261,6,592,564,28,959,911,48,818,803,15,861,843,18,1019,995,24,891,873,18,465,457,8,11.7480419,79.7713687
TAMIL NADU,Total,Cuddalore,Any other,2243,2071,172,0,0,0,160,150,10,201,168,33,270,244,26,175,152,23,144,128,16,171,157,14,552,525,27,570,547,23,11.7480419,79.7713687
TAMIL NADU,Total,Cuddalore,No travel,122893,83637,39256,122893,83637,39256,0,0,0,0,0,0,0,0,0,0,0,0,0,0,0,0,0,0,0,0,0,0,0,0,11.7480419,79.7713687
TAMIL NADU,Rural,Cuddalore,All Modes,185962,140817,45145,64169,42231,21938,14500,9050,5450,29691,22500,7191,29873,24643,5230,19337,17041,2296,10747,9659,1088,7168,6378,790,8000,7113,887,2477,2202,275,11.7480419,79.7713687
TAMIL NADU,Rural,Cuddalore,On foot,21219,10615,10604,0,0,0,10104,5240,4864,6486,2818,3668,4629,2557,2072,0,0,0,0,0,0,0,0,0,0,0,0,0,0,0,11.7480419,79.7713687
TAMIL NADU,Rural,Cuddalore,Bicycle,23325,21482,1843,0,0,0,2080,1884,196,10961,9828,1133,6240,5889,351,2064,2004,60,1980,1877,103,0,0,0,0,0,0,0,0,0,11.7480419,79.7713687
TAMIL NADU,Rural,Cuddalore,Moped/Scooter/Motor Cycle,23545,22131,1414,0,0,0,1234,1105,129,6503,5960,543,7405,7032,373,4946,4738,208,1633,1562,71,829,796,33,292,275,17,703,663,40,11.7480419,79.7713687
TAMIL NADU,Rural,Cuddalore,Car/Jeep/Van,2205,1832,373,0,0,0,76,60,16,454,303,151,445,359,86,346,301,45,208,183,25,285,266,19,282,261,21,109,99,10,11.7480419,79.7713687
TAMIL NADU,Rural,Cuddalore,Tempo/Autorickshaw/Taxi,1375,1216,159,0,0,0,71,59,12,298,233,65,344,302,42,216,203,13,115,109,6,131,125,6,136,133,3,64,52,12,11.7480419,79.7713687
TAMIL NADU,Rural,Cuddalore,Bus,45134,36614,8520,0,0,0,698,482,216,4424,2848,1576,10194,7952,2242,11139,9192,1947,6227,5363,864,5293,4599,694,6235,5443,792,924,735,189,11.7480419,79.7713687
TAMIL NADU,Rural,Cuddalore,Train,1015,873,142,0,0,0,38,31,7,91,61,30,108,85,23,112,98,14,55,50,5,100,85,15,430,396,34,81,67,14,11.7480419,79.7713687
TAMIL NADU,Rural,Cuddalore,Water transport,2940,2852,88,0,0,0,163,158,5,410,391,19,402,369,33,429,425,4,426,420,6,426,415,11,335,328,7,349,346,3,11.7480419,79.7713687
TAMIL NADU,Rural,Cuddalore,Any other,1035,971,64,0,0,0,36,31,5,64,58,6,106,98,8,85,80,5,103,95,8,104,92,12,290,277,13,247,240,7,11.7480419,79.7713687
TAMIL NADU,Rural,Cuddalore,No travel,64169,42231,21938,64169,42231,21938,0,0,0,0,0,0,0,0,0,0,0,0,0,0,0,0,0,0,0,0,0,0,0,0,11.7480419,79.7713687
TAMIL NADU,Urban,Cuddalore,All Modes,247309,198782,48527,58724,41406,17318,37901,29995,7906,68331,56733,11598,35776,30426,5350,18010,15479,2531,10519,8994,1525,7233,6177,1056,8270,7304,966,2545,2268,277,11.7480419,79.7713687
TAMIL NADU,Urban,Cuddalore,On foot,35102,23938,11164,0,0,0,19668,13667,6001,10715,6883,3832,4719,3388,1331,0,0,0,0,0,0,0,0,0,0,0,0,0,0,0,11.7480419,79.7713687
TAMIL NADU,Urban,Cuddalore,Bicycle,44494,41504,2990,0,0,0,9029,8404,625,24652,22872,1780,6891,6538,353,1577,1508,69,2345,2182,163,0,0,0,0,0,0,0,0,0,11.7480419,79.7713687
TAMIL NADU,Urban,Cuddalore,Moped/Scooter/Motor Cycle,53135,48319,4816,0,0,0,7355,6515,840,23537,20817,2720,12761,11979,782,5905,5625,280,1339,1285,54,697,665,32,433,413,20,1108,1020,88,11.7480419,79.7713687
TAMIL NADU,Urban,Cuddalore,Car/Jeep/Van,6460,5428,1032,0,0,0,429,337,92,1843,1362,481,1248,1066,182,1684,1537,147,328,275,53,372,344,28,394,362,32,162,145,17,11.7480419,79.7713687
TAMIL NADU,Urban,Cuddalore,Tempo/Autorickshaw/Taxi,3265,2299,966,0,0,0,346,246,100,1359,803,556,659,435,224,305,263,42,152,140,12,149,139,10,170,161,9,125,112,13,11.7480419,79.7713687
TAMIL NADU,Urban,Cuddalore,Bus,40709,30861,9848,0,0,0,785,563,222,5802,3635,2167,8675,6256,2419,7940,6003,1937,5792,4581,1211,5220,4271,949,5872,5057,815,623,495,128,11.7480419,79.7713687
TAMIL NADU,Urban,Cuddalore,Train,1280,1072,208,0,0,0,61,41,20,104,78,26,102,76,26,120,93,27,87,75,12,135,113,22,583,518,65,88,78,10,11.7480419,79.7713687
TAMIL NADU,Urban,Cuddalore,Water transport,2932,2855,77,0,0,0,104,103,1,182,173,9,557,542,15,389,378,11,435,423,12,593,580,13,556,545,11,116,111,5,11.7480419,79.7713687
TAMIL NADU,Urban,Cuddalore,Any other,1208,1100,108,0,0,0,124,119,5,137,110,27,164,146,18,90,72,18,41,33,8,67,65,2,262,248,14,323,307,16,11.7480419,79.7713687
TAMIL NADU,Urban,Cuddalore,No travel,58724,41406,17318,58724,41406,17318,0,0,0,0,0,0,0,0,0,0,0,0,0,0,0,0,0,0,0,0,0,0,0,0,11.7480419,79.7713687
PUDUCHERRY,Total,Puducherry,All Modes,280454,214497,65957,29332,18846,10486,40848,27017,13831,96639,73803,22836,56967,46469,10498,28344,23983,4361,13805,11952,1853,4527,3965,562,6562,5558,1004,3430,2904,526,11.9415915,79.8083133
PUDUCHERRY,Total,Puducherry,On foot,36140,18038,18102,0,0,0,18872,9498,9374,11927,5410,6517,5341,3130,2211,0,0,0,0,0,0,0,0,0,0,0,0,0,0,0,11.9415915,79.8083133
PUDUCHERRY,Total,Puducherry,Bicycle,50755,44777,5978,0,0,0,7209,5990,1219,26754,23239,3515,11293,10476,817,2826,2668,158,2673,2404,269,0,0,0,0,0,0,0,0,0,11.9415915,79.8083133
PUDUCHERRY,Total,Puducherry,Moped/Scooter/Motor Cycle,100037,89009,11028,0,0,0,11354,9604,1750,42918,37177,5741,25406,23216,2190,11919,11203,716,3816,3611,205,1405,1334,71,1225,1086,139,1994,1778,216,11.9415915,79.8083133
PUDUCHERRY,Total,Puducherry,Car/Jeep/Van,6711,5235,1476,0,0,0,634,443,191,2121,1494,627,1276,980,296,1164,958,206,522,453,69,301,281,20,493,454,39,200,172,28,11.9415915,79.8083133
PUDUCHERRY,Total,Puducherry,Tempo/Autorickshaw/Taxi,5998,4080,1918,0,0,0,678,425,253,2618,1427,1191,1287,981,306,578,499,79,268,243,25,185,172,13,199,182,17,185,151,34,11.9415915,79.8083133
PUDUCHERRY,Total,Puducherry,Bus,46518,29932,16586,0,0,0,1793,779,1014,9415,4287,5128,11408,6808,4600,10751,7599,3152,5947,4689,1258,2265,1824,441,4170,3404,766,769,542,227,11.9415915,79.8083133
PUDUCHERRY,Total,Puducherry,Train,990,787,203,0,0,0,56,43,13,231,177,54,146,104,42,96,74,22,68,49,19,83,68,15,251,220,31,59,52,7,11.9415915,79.8083133
PUDUCHERRY,Total,Puducherry,Water transport,3194,3115,79,0,0,0,167,161,6,482,466,16,666,649,17,951,928,23,477,471,6,263,261,2,107,104,3,81,75,6,11.9415915,79.8083133
PUDUCHERRY,Total,Puducherry,Any other,779,678,101,0,0,0,85,74,11,173,126,47,144,125,19,59,54,5,34,32,2,25,25,0,117,108,9,142,134,8,11.9415915,79.8083133
PUDUCHERRY,Total,Puducherry,No travel,29332,18846,10486,29332,18846,10486,0,0,0,0,0,0,0,0,0,0,0,0,0,0,0,0,0,0,0,0,0,0,0,0,11.9415915,79.8083133
PUDUCHERRY,Rural,Puducherry,All Modes,56478,44165,12313,7139,4776,2363,8049,5746,2303,12274,9103,3171,10002,8038,1964,9976,8528,1448,6073,5365,708,1336,1189,147,1067,936,131,562,484,78,11.9415915,79.8083133
PUDUCHERRY,Rural,Puducherry,On foot,8578,5066,3512,0,0,0,4668,2860,1808,2478,1252,1226,1432,954,478,0,0,0,0,0,0,0,0,0,0,0,0,0,0,0,11.9415915,79.8083133
PUDUCHERRY,Rural,Puducherry,Bicycle,8064,7184,880,0,0,0,1555,1361,194,3702,3227,475,1649,1521,128,667,632,35,491,443,48,0,0,0,0,0,0,0,0,0,11.9415915,79.8083133
PUDUCHERRY,Rural,Puducherry,Moped/Scooter/Motor Cycle,13880,13145,735,0,0,0,1268,1191,77,3545,3277,268,3031,2898,133,3650,3502,148,1680,1609,71,316,304,12,130,125,5,260,239,21,11.9415915,79.8083133
PUDUCHERRY,Rural,Puducherry,Car/Jeep/Van,917,651,266,0,0,0,63,39,24,166,80,86,163,93,70,199,143,56,137,118,19,62,58,4,95,91,4,32,29,3,11.9415915,79.8083133
PUDUCHERRY,Rural,Puducherry,Tempo/Autorickshaw/Taxi,559,427,132,0,0,0,45,31,14,114,60,54,134,95,39,111,99,12,79,71,8,28,27,1,25,24,1,23,20,3,11.9415915,79.8083133
PUDUCHERRY,Rural,Puducherry,Bus,16148,11786,4362,0,0,0,423,239,184,2180,1133,1047,3371,2269,1102,4963,3777,1186,3447,2893,554,855,726,129,704,590,114,205,159,46,11.9415915,79.8083133
PUDUCHERRY,Rural,Puducherry,Train,154,121,33,0,0,0,5,4,1,24,13,11,17,11,6,25,21,4,20,16,4,6,6,0,47,42,5,10,8,2,11.9415915,79.8083133
PUDUCHERRY,Rural,Puducherry,Water transport,880,862,18,0,0,0,9,9,0,44,42,2,176,171,5,336,331,5,207,203,4,63,62,1,33,32,1,12,12,0,11.9415915,79.8083133
PUDUCHERRY,Rural,Puducherry,Any other,159,147,12,0,0,0,13,12,1,21,19,2,29,26,3,25,23,2,12,12,0,6,6,0,33,32,1,20,17,3,11.9415915,79.8083133
PUDUCHERRY,Rural,Puducherry,No travel,7139,4776,2363,7139,4776,2363,0,0,0,0,0,0,0,0,0,0,0,0,0,0,0,0,0,0,0,0,0,0,0,0,11.9415915,79.8083133
PUDUCHERRY,Urban,Puducherry,All Modes,223976,170332,53644,22193,14070,8123,32799,21271,11528,84365,64700,19665,46965,38431,8534,18368,15455,2913,7732,6587,1145,3191,2776,415,5495,4622,873,2868,2420,448,11.9415915,79.8083133
PUDUCHERRY,Urban,Puducherry,On foot,27562,12972,14590,0,0,0,14204,6638,7566,9449,4158,5291,3909,2176,1733,0,0,0,0,0,0,0,0,0,0,0,0,0,0,0,11.9415915,79.8083133
PUDUCHERRY,Urban,Puducherry,Bicycle,42691,37593,5098,0,0,0,5654,4629,1025,23052,20012,3040,9644,8955,689,2159,2036,123,2182,1961,221,0,0,0,0,0,0,0,0,0,11.9415915,79.8083133
PUDUCHERRY,Urban,Puducherry,Moped/Scooter/Motor Cycle,86157,75864,10293,0,0,0,10086,8413,1673,39373,33900,5473,22375,20318,2057,8269,7701,568,2136,2002,134,1089,1030,59,1095,961,134,1734,1539,195,11.9415915,79.8083133
PUDUCHERRY,Urban,Puducherry,Car/Jeep/Van,5794,4584,1210,0,0,0,571,404,167,1955,1414,541,1113,887,226,965,815,150,385,335,50,239,223,16,398,363,35,168,143,25,11.9415915,79.8083133
PUDUCHERRY,Urban,Puducherry,Tempo/Autorickshaw/Taxi,5439,3653,1786,0,0,0,633,394,239,2504,1367,1137,1153,886,267,467,400,67,189,172,17,157,145,12,174,158,16,162,131,31,11.9415915,79.8083133
PUDUCHERRY,Urban,Puducherry,Bus,30370,18146,12224,0,0,0,1370,540,830,7235,3154,4081,8037,4539,3498,5788,3822,1966,2500,1796,704,1410,1098,312,3466,2814,652,564,383,181,11.9415915,79.8083133
PUDUCHERRY,Urban,Puducherry,Train,836,666,170,0,0,0,51,39,12,207,164,43,129,93,36,71,53,18,48,33,15,77,62,15,204,178,26,49,44,5,11.9415915,79.8083133
PUDUCHERRY,Urban,Puducherry,Water transport,2314,2253,61,0,0,0,158,152,6,438,424,14,490,478,12,615,597,18,270,268,2,200,199,1,74,72,2,69,63,6,11.9415915,79.8083133
PUDUCHERRY,Urban,Puducherry,Any other,620,531,89,0,0,0,72,62,10,152,107,45,115,99,16,34,31,3,22,20,2,19,19,0,84,76,8,122,117,5,11.9415915,79.8083133
PUDUCHERRY,Urban,Puducherry,No travel,22193,14070,8123,22193,14070,8123,0,0,0,0,0,0,0,0,0,0,0,0,0,0,0,0,0,0,0,0,0,0,0,0,11.9415915,79.8083133
UTTAR PRADESH,Total,Pilibhit,All Modes,155155,127621,27534,68817,49278,19539,25109,21676,3433,29243,27217,2026,14466,13107,1359,6127,5724,403,4362,4096,266,2484,2313,171,3218,3012,206,1329,1198,131,28.6207939,79.8128649
UTTAR PRADESH,Total,Pilibhit,On foot,32100,27198,4902,0,0,0,17829,14838,2991,8660,7663,997,5611,4697,914,0,0,0,0,0,0,0,0,0,0,0,0,0,0,0,28.6207939,79.8128649
UTTAR PRADESH,Total,Pilibhit,Bicycle,28520,27704,816,0,0,0,4144,3980,164,13939,13544,395,5491,5401,90,2487,2434,53,2459,2345,114,0,0,0,0,0,0,0,0,0,28.6207939,79.8128649
UTTAR PRADESH,Total,Pilibhit,Moped/Scooter/Motor Cycle,11795,11105,690,0,0,0,2000,1890,110,4297,4033,264,1614,1501,113,1564,1483,81,587,561,26,676,650,26,318,305,13,739,682,57,28.6207939,79.8128649
UTTAR PRADESH,Total,Pilibhit,Car/Jeep/Van,830,731,99,0,0,0,132,119,13,209,177,32,88,78,10,100,87,13,58,52,6,71,65,6,106,96,10,66,57,9,28.6207939,79.8128649
UTTAR PRADESH,Total,Pilibhit,Tempo/Autorickshaw/Taxi,1568,1116,452,0,0,0,118,64,54,459,275,184,331,235,96,380,315,65,73,62,11,85,77,8,49,40,9,73,48,25,28.6207939,79.8128649
UTTAR PRADESH,Total,Pilibhit,Bus,4300,3717,583,0,0,0,132,98,34,330,258,72,546,441,105,964,802,162,627,553,74,776,709,67,820,761,59,105,95,10,28.6207939,79.8128649
UTTAR PRADESH,Total,Pilibhit,Train,4736,4412,324,0,0,0,265,240,25,504,465,39,307,284,23,393,371,22,498,471,27,756,698,58,1806,1699,107,207,184,23,28.6207939,79.8128649
UTTAR PRADESH,Total,Pilibhit,Water transport,60,50,10,0,0,0,20,13,7,8,7,1,3,3,0,6,6,0,2,1,1,3,3,0,14,13,1,4,4,0,28.6207939,79.8128649
UTTAR PRADESH,Total,Pilibhit,Any other,2429,2310,119,0,0,0,469,434,35,837,795,42,475,467,8,233,226,7,58,51,7,117,111,6,105,98,7,135,128,7,28.6207939,79.8128649
UTTAR PRADESH,Total,Pilibhit,No travel,68817,49278,19539,68817,49278,19539,0,0,0,0,0,0,0,0,0,0,0,0,0,0,0,0,0,0,0,0,0,0,0,0,28.6207939,79.8128649
UTTAR PRADESH,Rural,Pilibhit,All Modes,76049,58739,17310,37131,24057,13074,9396,7268,2128,12837,11882,955,7830,7140,690,3563,3425,138,2002,1894,108,1103,1048,55,1850,1737,113,337,288,49,28.6207939,79.8128649
UTTAR PRADESH,Rural,Pilibhit,On foot,12854,9877,2977,0,0,0,7035,5086,1949,3632,3113,519,2187,1678,509,0,0,0,0,0,0,0,0,0,0,0,0,0,0,0,28.6207939,79.8128649
UTTAR PRADESH,Rural,Pilibhit,Bicycle,15615,15130,485,0,0,0,1674,1590,84,7199,6957,242,3921,3852,69,1802,1764,38,1019,967,52,0,0,0,0,0,0,0,0,0,28.6207939,79.8128649
UTTAR PRADESH,Rural,Pilibhit,Moped/Scooter/Motor Cycle,3778,3527,251,0,0,0,363,327,36,1080,983,97,773,735,38,718,688,30,284,274,10,281,272,9,141,137,4,138,111,27,28.6207939,79.8128649
UTTAR PRADESH,Rural,Pilibhit,Car/Jeep/Van,293,261,32,0,0,0,25,21,4,47,37,10,42,39,3,53,50,3,25,23,2,27,24,3,56,51,5,18,16,2,28.6207939,79.8128649
UTTAR PRADESH,Rural,Pilibhit,Tempo/Autorickshaw/Taxi,792,680,112,0,0,0,36,22,14,178,143,35,201,171,30,248,228,20,51,48,3,31,29,2,20,18,2,27,21,6,28.6207939,79.8128649
UTTAR PRADESH,Rural,Pilibhit,Bus,2488,2300,188,0,0,0,72,60,12,163,143,20,301,278,23,461,427,34,406,380,26,446,420,26,580,538,42,59,54,5,28.6207939,79.8128649
UTTAR PRADESH,Rural,Pilibhit,Train,1982,1847,135,0,0,0,70,58,12,161,143,18,136,124,12,143,135,8,175,166,9,255,243,12,981,925,56,61,53,8,28.6207939,79.8128649
UTTAR PRADESH,Rural,Pilibhit,Water transport,31,24,7,0,0,0,9,4,5,5,4,1,2,2,0,4,4,0,1,0,1,0,0,0,8,8,0,2,2,0,28.6207939,79.8128649
UTTAR PRADESH,Rural,Pilibhit,Any other,1085,1036,49,0,0,0,112,100,12,372,359,13,267,261,6,134,129,5,41,36,5,63,60,3,64,60,4,32,31,1,28.6207939,79.8128649
UTTAR PRADESH,Rural,Pilibhit,No travel,37131,24057,13074,37131,24057,13074,0,0,0,0,0,0,0,0,0,0,0,0,0,0,0,0,0,0,0,0,0,0,0,0,28.6207939,79.8128649
UTTAR PRADESH,Urban,Pilibhit,All Modes,79106,68882,10224,31686,25221,6465,15713,14408,1305,16406,15335,1071,6636,5967,669,2564,2299,265,2360,2202,158,1381,1265,116,1368,1275,93,992,910,82,28.6207939,79.8128649
UTTAR PRADESH,Urban,Pilibhit,On foot,19246,17321,1925,0,0,0,10794,9752,1042,5028,4550,478,3424,3019,405,0,0,0,0,0,0,0,0,0,0,0,0,0,0,0,28.6207939,79.8128649
UTTAR PRADESH,Urban,Pilibhit,Bicycle,12905,12574,331,0,0,0,2470,2390,80,6740,6587,153,1570,1549,21,685,670,15,1440,1378,62,0,0,0,0,0,0,0,0,0,28.6207939,79.8128649
UTTAR PRADESH,Urban,Pilibhit,Moped/Scooter/Motor Cycle,8017,7578,439,0,0,0,1637,1563,74,3217,3050,167,841,766,75,846,795,51,303,287,16,395,378,17,177,168,9,601,571,30,28.6207939,79.8128649
UTTAR PRADESH,Urban,Pilibhit,Car/Jeep/Van,537,470,67,0,0,0,107,98,9,162,140,22,46,39,7,47,37,10,33,29,4,44,41,3,50,45,5,48,41,7,28.6207939,79.8128649
UTTAR PRADESH,Urban,Pilibhit,Tempo/Autorickshaw/Taxi,776,436,340,0,0,0,82,42,40,281,132,149,130,64,66,132,87,45,22,14,8,54,48,6,29,22,7,46,27,19,28.6207939,79.8128649
UTTAR PRADESH,Urban,Pilibhit,Bus,1812,1417,395,0,0,0,60,38,22,167,115,52,245,163,82,503,375,128,221,173,48,330,289,41,240,223,17,46,41,5,28.6207939,79.8128649
UTTAR PRADESH,Urban,Pilibhit,Train,2754,2565,189,0,0,0,195,182,13,343,322,21,171,160,11,250,236,14,323,305,18,501,455,46,825,774,51,146,131,15,28.6207939,79.8128649
UTTAR PRADESH,Urban,Pilibhit,Water transport,29,26,3,0,0,0,11,9,2,3,3,0,1,1,0,2,2,0,1,1,0,3,3,0,6,5,1,2,2,0,28.6207939,79.8128649
UTTAR PRADESH,Urban,Pilibhit,Any other,1344,1274,70,0,0,0,357,334,23,465,436,29,208,206,2,99,97,2,17,15,2,54,51,3,41,38,3,103,97,6,28.6207939,79.8128649
UTTAR PRADESH,Urban,Pilibhit,No travel,31686,25221,6465,31686,25221,6465,0,0,0,0,0,0,0,0,0,0,0,0,0,0,0,0,0,0,0,0,0,0,0,0,28.6207939,79.8128649
UTTAR PRADESH,Total,Kanpur Dehat,All Modes,149026,118275,30751,67102,46451,20651,20331,15667,4664,22027,19726,2301,14384,12764,1620,7392,6941,451,5459,5130,329,4097,3832,265,7247,6914,333,987,850,137,26.526707,79.8296743
UTTAR PRADESH,Total,Kanpur Dehat,On foot,27658,20837,6821,0,0,0,16221,11861,4360,7207,5782,1425,4230,3194,1036,0,0,0,0,0,0,0,0,0,0,0,0,0,0,0,26.526707,79.8296743
UTTAR PRADESH,Total,Kanpur Dehat,Bicycle,27992,26933,1059,0,0,0,2552,2406,146,11124,10654,470,6918,6732,186,4083,3986,97,3315,3155,160,0,0,0,0,0,0,0,0,0,26.526707,79.8296743
UTTAR PRADESH,Total,Kanpur Dehat,Moped/Scooter/Motor Cycle,8398,7810,588,0,0,0,835,787,48,2145,1963,182,1705,1573,132,1430,1342,88,712,671,41,768,724,44,538,518,20,265,232,33,26.526707,79.8296743
UTTAR PRADESH,Total,Kanpur Dehat,Car/Jeep/Van,1294,1142,152,0,0,0,115,90,25,170,149,21,118,104,14,193,170,23,84,74,10,245,225,20,306,282,24,63,48,15,26.526707,79.8296743
UTTAR PRADESH,Total,Kanpur Dehat,Tempo/Autorickshaw/Taxi,3497,3003,494,0,0,0,130,103,27,637,499,138,774,623,151,739,622,117,423,399,24,534,514,20,201,190,11,59,53,6,26.526707,79.8296743
UTTAR PRADESH,Total,Kanpur Dehat,Bus,5850,5228,622,0,0,0,146,121,25,237,200,37,308,232,76,649,534,115,623,547,76,1468,1330,138,2224,2092,132,195,172,23,26.526707,79.8296743
UTTAR PRADESH,Total,Kanpur Dehat,Train,6044,5775,269,0,0,0,221,204,17,373,353,20,247,226,21,229,218,11,251,237,14,963,924,39,3520,3380,140,240,233,7,26.526707,79.8296743
UTTAR PRADESH,Total,Kanpur Dehat,Water transport,70,57,13,0,0,0,14,9,5,13,10,3,3,1,2,4,4,0,5,4,1,4,3,1,21,21,0,6,5,1,26.526707,79.8296743
UTTAR PRADESH,Total,Kanpur Dehat,Any other,1121,1039,82,0,0,0,97,86,11,121,116,5,81,79,2,65,65,0,46,43,3,115,112,3,437,431,6,159,107,52,26.526707,79.8296743
UTTAR PRADESH,Total,Kanpur Dehat,No travel,67102,46451,20651,67102,46451,20651,0,0,0,0,0,0,0,0,0,0,0,0,0,0,0,0,0,0,0,0,0,0,0,0,26.526707,79.8296743
UTTAR PRADESH,Rural,Kanpur Dehat,All Modes,114309,88402,25907,52371,34825,17546,13379,9407,3972,16516,14668,1848,11184,9863,1321,6069,5725,344,4791,4511,280,3294,3089,205,5844,5582,262,861,732,129,26.526707,79.8296743
UTTAR PRADESH,Rural,Kanpur Dehat,On foot,19194,13370,5824,0,0,0,10840,7102,3738,5169,3993,1176,3185,2275,910,0,0,0,0,0,0,0,0,0,0,0,0,0,0,0,26.526707,79.8296743
UTTAR PRADESH,Rural,Kanpur Dehat,Bicycle,22961,22054,907,0,0,0,1696,1575,121,8842,8441,401,5844,5690,154,3607,3525,82,2972,2823,149,0,0,0,0,0,0,0,0,0,26.526707,79.8296743
UTTAR PRADESH,Rural,Kanpur Dehat,Moped/Scooter/Motor Cycle,5854,5451,403,0,0,0,392,364,28,1465,1341,124,1176,1093,83,1017,956,61,578,546,32,602,569,33,409,396,13,215,186,29,26.526707,79.8296743
UTTAR PRADESH,Rural,Kanpur Dehat,Car/Jeep/Van,965,843,122,0,0,0,68,46,22,107,95,12,81,71,10,145,128,17,75,66,9,195,178,17,238,218,20,56,41,15,26.526707,79.8296743
UTTAR PRADESH,Rural,Kanpur Dehat,Tempo/Autorickshaw/Taxi,2596,2259,337,0,0,0,77,61,16,462,365,97,474,379,95,566,477,89,367,349,18,439,427,12,165,160,5,46,41,5,26.526707,79.8296743
UTTAR PRADESH,Rural,Kanpur Dehat,Bus,4623,4144,479,0,0,0,101,81,20,150,127,23,208,157,51,516,429,87,538,480,58,1174,1064,110,1761,1651,110,175,155,20,26.526707,79.8296743
UTTAR PRADESH,Rural,Kanpur Dehat,Train,4822,4623,199,0,0,0,128,117,11,238,229,9,153,139,14,174,166,8,215,204,11,778,749,29,2922,2812,110,214,207,7,26.526707,79.8296743
UTTAR PRADESH,Rural,Kanpur Dehat,Water transport,58,45,13,0,0,0,11,6,5,11,8,3,3,1,2,3,3,0,5,4,1,3,2,1,17,17,0,5,4,1,26.526707,79.8296743
UTTAR PRADESH,Rural,Kanpur Dehat,Any other,865,788,77,0,0,0,66,55,11,72,69,3,60,58,2,41,41,0,41,39,2,103,100,3,332,328,4,150,98,52,26.526707,79.8296743
UTTAR PRADESH,Rural,Kanpur Dehat,No travel,52371,34825,17546,52371,34825,17546,0,0,0,0,0,0,0,0,0,0,0,0,0,0,0,0,0,0,0,0,0,0,0,0,26.526707,79.8296743
UTTAR PRADESH,Urban,Kanpur Dehat,All Modes,34717,29873,4844,14731,11626,3105,6952,6260,692,5511,5058,453,3200,2901,299,1323,1216,107,668,619,49,803,743,60,1403,1332,71,126,118,8,26.526707,79.8296743
UTTAR PRADESH,Urban,Kanpur Dehat,On foot,8464,7467,997,0,0,0,5381,4759,622,2038,1789,249,1045,919,126,0,0,0,0,0,0,0,0,0,0,0,0,0,0,0,26.526707,79.8296743
UTTAR PRADESH,Urban,Kanpur Dehat,Bicycle,5031,4879,152,0,0,0,856,831,25,2282,2213,69,1074,1042,32,476,461,15,343,332,11,0,0,0,0,0,0,0,0,0,26.526707,79.8296743
UTTAR PRADESH,Urban,Kanpur Dehat,Moped/Scooter/Motor Cycle,2544,2359,185,0,0,0,443,423,20,680,622,58,529,480,49,413,386,27,134,125,9,166,155,11,129,122,7,50,46,4,26.526707,79.8296743
UTTAR PRADESH,Urban,Kanpur Dehat,Car/Jeep/Van,329,299,30,0,0,0,47,44,3,63,54,9,37,33,4,48,42,6,9,8,1,50,47,3,68,64,4,7,7,0,26.526707,79.8296743
UTTAR PRADESH,Urban,Kanpur Dehat,Tempo/Autorickshaw/Taxi,901,744,157,0,0,0,53,42,11,175,134,41,300,244,56,173,145,28,56,50,6,95,87,8,36,30,6,13,12,1,26.526707,79.8296743
UTTAR PRADESH,Urban,Kanpur Dehat,Bus,1227,1084,143,0,0,0,45,40,5,87,73,14,100,75,25,133,105,28,85,67,18,294,266,28,463,441,22,20,17,3,26.526707,79.8296743
UTTAR PRADESH,Urban,Kanpur Dehat,Train,1222,1152,70,0,0,0,93,87,6,135,124,11,94,87,7,55,52,3,36,33,3,185,175,10,598,568,30,26,26,0,26.526707,79.8296743
UTTAR PRADESH,Urban,Kanpur Dehat,Water transport,12,12,0,0,0,0,3,3,0,2,2,0,0,0,0,1,1,0,0,0,0,1,1,0,4,4,0,1,1,0,26.526707,79.8296743
UTTAR PRADESH,Urban,Kanpur Dehat,Any other,256,251,5,0,0,0,31,31,0,49,47,2,21,21,0,24,24,0,5,4,1,12,12,0,105,103,2,9,9,0,26.526707,79.8296743
UTTAR PRADESH,Urban,Kanpur Dehat,No travel,14731,11626,3105,14731,11626,3105,0,0,0,0,0,0,0,0,0,0,0,0,0,0,0,0,0,0,0,0,0,0,0,0,26.526707,79.8296743
PUDUCHERRY,Total,Karaikal,All Modes,51525,41608,9917,6482,4463,2019,8517,6389,2128,15929,12794,3135,11175,9505,1670,4723,4180,543,1371,1227,144,946,872,74,1737,1613,124,645,565,80,10.9254398,79.8380056
PUDUCHERRY,Total,Karaikal,On foot,7278,3919,3359,0,0,0,3766,2121,1645,2532,1251,1281,980,547,433,0,0,0,0,0,0,0,0,0,0,0,0,0,0,0,10.9254398,79.8380056
PUDUCHERRY,Total,Karaikal,Bicycle,10000,9351,649,0,0,0,1800,1686,114,5019,4596,423,2130,2062,68,583,571,12,468,436,32,0,0,0,0,0,0,0,0,0,10.9254398,79.8380056
PUDUCHERRY,Total,Karaikal,Moped/Scooter/Motor Cycle,15845,14612,1233,0,0,0,2431,2219,212,6089,5480,609,4388,4109,279,1908,1831,77,331,323,8,214,203,11,152,147,5,332,300,32,10.9254398,79.8380056
PUDUCHERRY,Total,Karaikal,Car/Jeep/Van,1343,1121,222,0,0,0,147,105,42,424,331,93,313,262,51,214,189,25,56,54,2,61,58,3,98,96,2,30,26,4,10.9254398,79.8380056
PUDUCHERRY,Total,Karaikal,Tempo/Autorickshaw/Taxi,715,541,174,0,0,0,69,56,13,236,164,72,183,137,46,107,82,25,32,25,7,31,25,6,41,40,1,16,12,4,10.9254398,79.8380056
PUDUCHERRY,Total,Karaikal,Bus,7354,5207,2147,0,0,0,247,154,93,1461,841,620,2610,1853,757,1445,1053,392,336,245,91,266,217,49,873,765,108,116,79,37,10.9254398,79.8380056
PUDUCHERRY,Total,Karaikal,Train,203,153,50,0,0,0,13,8,5,41,21,20,39,28,11,28,23,5,12,11,1,12,11,1,48,42,6,10,9,1,10.9254398,79.8380056
PUDUCHERRY,Total,Karaikal,Water transport,2152,2105,47,0,0,0,33,29,4,98,85,13,498,480,18,420,417,3,132,130,2,355,351,4,515,513,2,101,100,1,10.9254398,79.8380056
PUDUCHERRY,Total,Karaikal,Any other,153,136,17,0,0,0,11,11,0,29,25,4,34,27,7,18,14,4,4,3,1,7,7,0,10,10,0,40,39,1,10.9254398,79.8380056
PUDUCHERRY,Total,Karaikal,No travel,6482,4463,2019,6482,4463,2019,0,0,0,0,0,0,0,0,0,0,0,0,0,0,0,0,0,0,0,0,0,0,0,0,10.9254398,79.8380056
PUDUCHERRY,Rural,Karaikal,All Modes,21439,17362,4077,3055,2155,900,2486,1839,647,5209,4012,1197,6036,5177,859,2793,2505,288,630,571,59,308,272,36,643,582,61,279,249,30,10.9254398,79.8380056
PUDUCHERRY,Rural,Karaikal,On foot,2635,1425,1210,0,0,0,1293,800,493,898,385,513,444,240,204,0,0,0,0,0,0,0,0,0,0,0,0,0,0,0,10.9254398,79.8380056
PUDUCHERRY,Rural,Karaikal,Bicycle,4108,3793,315,0,0,0,491,444,47,1808,1600,208,1180,1142,38,405,398,7,224,209,15,0,0,0,0,0,0,0,0,0,10.9254398,79.8380056
PUDUCHERRY,Rural,Karaikal,Moped/Scooter/Motor Cycle,5716,5353,363,0,0,0,528,475,53,1577,1432,145,2112,2002,110,1104,1070,34,159,156,3,80,75,5,55,52,3,101,91,10,10.9254398,79.8380056
PUDUCHERRY,Rural,Karaikal,Car/Jeep/Van,466,414,52,0,0,0,35,27,8,83,67,16,126,111,15,100,91,9,26,26,0,27,26,1,55,54,1,14,12,2,10.9254398,79.8380056
PUDUCHERRY,Rural,Karaikal,Tempo/Autorickshaw/Taxi,243,216,27,0,0,0,11,11,0,38,29,9,71,57,14,53,51,2,15,15,0,17,16,1,30,30,0,8,7,1,10.9254398,79.8380056
PUDUCHERRY,Rural,Karaikal,Bus,4350,3191,1159,0,0,0,107,65,42,723,432,291,1693,1236,457,980,749,231,189,148,41,153,126,27,438,384,54,67,51,16,10.9254398,79.8380056
PUDUCHERRY,Rural,Karaikal,Train,76,57,19,0,0,0,4,2,2,9,4,5,24,17,7,9,7,2,3,3,0,4,3,1,19,17,2,4,4,0,10.9254398,79.8380056
PUDUCHERRY,Rural,Karaikal,Water transport,731,703,28,0,0,0,12,10,2,62,52,10,372,361,11,134,132,2,13,13,0,23,22,1,39,38,1,76,75,1,10.9254398,79.8380056
PUDUCHERRY,Rural,Karaikal,Any other,59,55,4,0,0,0,5,5,0,11,11,0,14,11,3,8,7,1,1,1,0,4,4,0,7,7,0,9,9,0,10.9254398,79.8380056
PUDUCHERRY,Rural,Karaikal,No travel,3055,2155,900,3055,2155,900,0,0,0,0,0,0,0,0,0,0,0,0,0,0,0,0,0,0,0,0,0,0,0,0,10.9254398,79.8380056
PUDUCHERRY,Urban,Karaikal,All Modes,30086,24246,5840,3427,2308,1119,6031,4550,1481,10720,8782,1938,5139,4328,811,1930,1675,255,741,656,85,638,600,38,1094,1031,63,366,316,50,10.9254398,79.8380056
PUDUCHERRY,Urban,Karaikal,On foot,4643,2494,2149,0,0,0,2473,1321,1152,1634,866,768,536,307,229,0,0,0,0,0,0,0,0,0,0,0,0,0,0,0,10.9254398,79.8380056
PUDUCHERRY,Urban,Karaikal,Bicycle,5892,5558,334,0,0,0,1309,1242,67,3211,2996,215,950,920,30,178,173,5,244,227,17,0,0,0,0,0,0,0,0,0,10.9254398,79.8380056
PUDUCHERRY,Urban,Karaikal,Moped/Scooter/Motor Cycle,10129,9259,870,0,0,0,1903,1744,159,4512,4048,464,2276,2107,169,804,761,43,172,167,5,134,128,6,97,95,2,231,209,22,10.9254398,79.8380056
PUDUCHERRY,Urban,Karaikal,Car/Jeep/Van,877,707,170,0,0,0,112,78,34,341,264,77,187,151,36,114,98,16,30,28,2,34,32,2,43,42,1,16,14,2,10.9254398,79.8380056
PUDUCHERRY,Urban,Karaikal,Tempo/Autorickshaw/Taxi,472,325,147,0,0,0,58,45,13,198,135,63,112,80,32,54,31,23,17,10,7,14,9,5,11,10,1,8,5,3,10.9254398,79.8380056
PUDUCHERRY,Urban,Karaikal,Bus,3004,2016,988,0,0,0,140,89,51,738,409,329,917,617,300,465,304,161,147,97,50,113,91,22,435,381,54,49,28,21,10.9254398,79.8380056
PUDUCHERRY,Urban,Karaikal,Train,127,96,31,0,0,0,9,6,3,32,17,15,15,11,4,19,16,3,9,8,1,8,8,0,29,25,4,6,5,1,10.9254398,79.8380056
PUDUCHERRY,Urban,Karaikal,Water transport,1421,1402,19,0,0,0,21,19,2,36,33,3,126,119,7,286,285,1,119,117,2,332,329,3,476,475,1,25,25,0,10.9254398,79.8380056
PUDUCHERRY,Urban,Karaikal,Any other,94,81,13,0,0,0,6,6,0,18,14,4,20,16,4,10,7,3,3,2,1,3,3,0,3,3,0,31,30,1,10.9254398,79.8380056
PUDUCHERRY,Urban,Karaikal,No travel,3427,2308,1119,3427,2308,1119,0,0,0,0,0,0,0,0,0,0,0,0,0,0,0,0,0,0,0,0,0,0,0,0,10.9254398,79.8380056
TAMIL NADU,Total,Nagapattinam,All Modes,247900,201862,46038,58539,42404,16135,38992,31164,7828,56455,46192,10263,37150,31462,5688,23925,20819,3106,11211,9991,1220,8245,7492,753,10873,10009,864,2510,2329,181,10.7656082,79.8423888
TAMIL NADU,Total,Nagapattinam,On foot,39789,26860,12929,0,0,0,23061,16543,6518,11519,6868,4651,5209,3449,1760,0,0,0,0,0,0,0,0,0,0,0,0,0,0,0,10.7656082,79.8423888
TAMIL NADU,Total,Nagapattinam,Bicycle,46645,43807,2838,0,0,0,8431,7866,565,23172,21441,1731,9372,9013,359,3154,3061,93,2516,2426,90,0,0,0,0,0,0,0,0,0,10.7656082,79.8423888
TAMIL NADU,Total,Nagapattinam,Moped/Scooter/Motor Cycle,36762,34279,2483,0,0,0,5572,5191,381,12404,11289,1115,8466,7931,535,5876,5587,289,1924,1853,71,1114,1079,35,554,533,21,852,816,36,10.7656082,79.8423888
TAMIL NADU,Total,Nagapattinam,Car/Jeep/Van,3906,3247,659,0,0,0,387,315,72,1051,788,263,666,541,125,515,419,96,289,250,39,380,354,26,478,454,24,140,126,14,10.7656082,79.8423888
TAMIL NADU,Total,Nagapattinam,Tempo/Autorickshaw/Taxi,3826,3113,713,0,0,0,400,340,60,1733,1295,438,640,522,118,369,329,40,172,152,20,186,172,14,215,209,6,111,94,17,10.7656082,79.8423888
TAMIL NADU,Total,Nagapattinam,Bus,45832,36054,9778,0,0,0,851,649,202,5918,3926,1992,10668,7974,2694,11569,9056,2513,5257,4289,968,4584,3950,634,6320,5636,684,665,574,91,10.7656082,79.8423888
TAMIL NADU,Total,Nagapattinam,Train,1759,1499,260,0,0,0,70,56,14,127,81,46,155,105,50,138,114,24,108,89,19,147,129,18,939,856,83,75,69,6,10.7656082,79.8423888
TAMIL NADU,Total,Nagapattinam,Water transport,9730,9553,177,0,0,0,141,135,6,407,390,17,1850,1811,39,2177,2139,38,914,901,13,1758,1732,26,2088,2052,36,395,393,2,10.7656082,79.8423888
TAMIL NADU,Total,Nagapattinam,Any other,1112,1046,66,0,0,0,79,69,10,124,114,10,124,116,8,127,114,13,31,31,0,76,76,0,279,269,10,272,257,15,10.7656082,79.8423888
TAMIL NADU,Total,Nagapattinam,No travel,58539,42404,16135,58539,42404,16135,0,0,0,0,0,0,0,0,0,0,0,0,0,0,0,0,0,0,0,0,0,0,0,0,10.7656082,79.8423888
TAMIL NADU,Rural,Nagapattinam,All Modes,148497,121123,27374,38214,27944,10270,16105,12456,3649,28957,23505,5452,25225,21462,3763,17748,15543,2205,7910,7052,858,5711,5210,501,7150,6580,570,1477,1371,106,10.7656082,79.8423888
TAMIL NADU,Rural,Nagapattinam,On foot,19216,12517,6699,0,0,0,10468,7335,3133,5707,3298,2409,3041,1884,1157,0,0,0,0,0,0,0,0,0,0,0,0,0,0,0,10.7656082,79.8423888
TAMIL NADU,Rural,Nagapattinam,Bicycle,25604,24044,1560,0,0,0,3071,2822,249,11798,10872,926,6882,6609,273,2437,2377,60,1416,1364,52,0,0,0,0,0,0,0,0,0,10.7656082,79.8423888
TAMIL NADU,Rural,Nagapattinam,Moped/Scooter/Motor Cycle,20152,18817,1335,0,0,0,1603,1483,120,5989,5416,573,5486,5154,332,4154,3959,195,1401,1348,53,747,721,26,349,335,14,423,401,22,10.7656082,79.8423888
TAMIL NADU,Rural,Nagapattinam,Car/Jeep/Van,1926,1638,288,0,0,0,123,107,16,410,305,105,334,282,52,291,228,63,184,161,23,230,217,13,282,275,7,72,63,9,10.7656082,79.8423888
TAMIL NADU,Rural,Nagapattinam,Tempo/Autorickshaw/Taxi,1959,1672,287,0,0,0,214,203,11,792,613,179,342,307,35,223,195,28,121,108,13,114,105,9,101,98,3,52,43,9,10.7656082,79.8423888
TAMIL NADU,Rural,Nagapattinam,Bus,32753,26110,6643,0,0,0,506,397,109,3831,2605,1226,7932,6072,1860,8741,6937,1804,3903,3206,697,3128,2707,421,4278,3810,468,434,376,58,10.7656082,79.8423888
TAMIL NADU,Rural,Nagapattinam,Train,1074,924,150,0,0,0,25,21,4,64,40,24,101,67,34,102,86,16,70,61,9,95,83,12,578,528,50,39,38,1,10.7656082,79.8423888
TAMIL NADU,Rural,Nagapattinam,Water transport,7009,6894,115,0,0,0,69,65,4,309,299,10,1035,1018,17,1726,1695,31,799,788,11,1353,1333,20,1379,1359,20,339,337,2,10.7656082,79.8423888
TAMIL NADU,Rural,Nagapattinam,Any other,590,563,27,0,0,0,26,23,3,57,57,0,72,69,3,74,66,8,16,16,0,44,44,0,183,175,8,118,113,5,10.7656082,79.8423888
TAMIL NADU,Rural,Nagapattinam,No travel,38214,27944,10270,38214,27944,10270,0,0,0,0,0,0,0,0,0,0,0,0,0,0,0,0,0,0,0,0,0,0,0,0,10.7656082,79.8423888
TAMIL NADU,Urban,Nagapattinam,All Modes,99403,80739,18664,20325,14460,5865,22887,18708,4179,27498,22687,4811,11925,10000,1925,6177,5276,901,3301,2939,362,2534,2282,252,3723,3429,294,1033,958,75,10.7656082,79.8423888
TAMIL NADU,Urban,Nagapattinam,On foot,20573,14343,6230,0,0,0,12593,9208,3385,5812,3570,2242,2168,1565,603,0,0,0,0,0,0,0,0,0,0,0,0,0,0,0,10.7656082,79.8423888
TAMIL NADU,Urban,Nagapattinam,Bicycle,21041,19763,1278,0,0,0,5360,5044,316,11374,10569,805,2490,2404,86,717,684,33,1100,1062,38,0,0,0,0,0,0,0,0,0,10.7656082,79.8423888
TAMIL NADU,Urban,Nagapattinam,Moped/Scooter/Motor Cycle,16610,15462,1148,0,0,0,3969,3708,261,6415,5873,542,2980,2777,203,1722,1628,94,523,505,18,367,358,9,205,198,7,429,415,14,10.7656082,79.8423888
TAMIL NADU,Urban,Nagapattinam,Car/Jeep/Van,1980,1609,371,0,0,0,264,208,56,641,483,158,332,259,73,224,191,33,105,89,16,150,137,13,196,179,17,68,63,5,10.7656082,79.8423888
TAMIL NADU,Urban,Nagapattinam,Tempo/Autorickshaw/Taxi,1867,1441,426,0,0,0,186,137,49,941,682,259,298,215,83,146,134,12,51,44,7,72,67,5,114,111,3,59,51,8,10.7656082,79.8423888
TAMIL NADU,Urban,Nagapattinam,Bus,13079,9944,3135,0,0,0,345,252,93,2087,1321,766,2736,1902,834,2828,2119,709,1354,1083,271,1456,1243,213,2042,1826,216,231,198,33,10.7656082,79.8423888
TAMIL NADU,Urban,Nagapattinam,Train,685,575,110,0,0,0,45,35,10,63,41,22,54,38,16,36,28,8,38,28,10,52,46,6,361,328,33,36,31,5,10.7656082,79.8423888
TAMIL NADU,Urban,Nagapattinam,Water transport,2721,2659,62,0,0,0,72,70,2,98,91,7,815,793,22,451,444,7,115,113,2,405,399,6,709,693,16,56,56,0,10.7656082,79.8423888
TAMIL NADU,Urban,Nagapattinam,Any other,522,483,39,0,0,0,53,46,7,67,57,10,52,47,5,53,48,5,15,15,0,32,32,0,96,94,2,154,144,10,10.7656082,79.8423888
TAMIL NADU,Urban,Nagapattinam,No travel,20325,14460,5865,20325,14460,5865,0,0,0,0,0,0,0,0,0,0,0,0,0,0,0,0,0,0,0,0,0,0,0,0,10.7656082,79.8423888
UTTAR PRADESH,Total,Mahoba,All Modes,91487,69334,22153,38673,26106,12567,17505,13363,4142,19339,16104,3235,7681,6511,1170,2683,2378,305,1826,1655,171,828,754,74,2303,1910,393,649,553,96,25.2920964,79.8724168
UTTAR PRADESH,Total,Mahoba,On foot,26430,19516,6914,0,0,0,14391,10514,3877,9243,6886,2357,2796,2116,680,0,0,0,0,0,0,0,0,0,0,0,0,0,0,0,25.2920964,79.8724168
UTTAR PRADESH,Total,Mahoba,Bicycle,13148,12358,790,0,0,0,1727,1614,113,6844,6430,414,2746,2601,145,929,877,52,902,836,66,0,0,0,0,0,0,0,0,0,25.2920964,79.8724168
UTTAR PRADESH,Total,Mahoba,Moped/Scooter/Motor Cycle,5448,5102,346,0,0,0,910,867,43,1964,1818,146,864,798,66,708,662,46,346,328,18,230,227,3,155,149,6,271,253,18,25.2920964,79.8724168
UTTAR PRADESH,Total,Mahoba,Car/Jeep/Van,643,578,65,0,0,0,63,48,15,155,140,15,77,69,8,101,93,8,67,63,4,76,70,6,66,63,3,38,32,6,25.2920964,79.8724168
UTTAR PRADESH,Total,Mahoba,Tempo/Autorickshaw/Taxi,2173,1577,596,0,0,0,123,88,35,593,379,214,783,584,199,445,341,104,97,87,10,42,36,6,36,27,9,54,35,19,25.2920964,79.8724168
UTTAR PRADESH,Total,Mahoba,Bus,2374,1948,426,0,0,0,99,77,22,176,128,48,268,211,57,426,339,87,369,302,67,397,347,50,547,466,81,92,78,14,25.2920964,79.8724168
UTTAR PRADESH,Total,Mahoba,Train,2152,1737,415,0,0,0,133,100,33,187,155,32,59,49,10,39,35,4,32,28,4,67,59,8,1452,1165,287,183,146,37,25.2920964,79.8724168
UTTAR PRADESH,Total,Mahoba,Water transport,21,15,6,0,0,0,8,7,1,5,2,3,2,2,0,2,2,0,0,0,0,0,0,0,2,2,0,2,0,2,25.2920964,79.8724168
UTTAR PRADESH,Total,Mahoba,Any other,425,397,28,0,0,0,51,48,3,172,166,6,86,81,5,33,29,4,13,11,2,16,15,1,45,38,7,9,9,0,25.2920964,79.8724168
UTTAR PRADESH,Total,Mahoba,No travel,38673,26106,12567,38673,26106,12567,0,0,0,0,0,0,0,0,0,0,0,0,0,0,0,0,0,0,0,0,0,0,0,0,25.2920964,79.8724168
UTTAR PRADESH,Rural,Mahoba,All Modes,52674,36906,15768,24644,15217,9427,8885,6016,2869,9316,7224,2092,4955,4191,764,1727,1566,161,932,844,88,490,459,31,1454,1171,283,271,218,53,25.2920964,79.8724168
UTTAR PRADESH,Rural,Mahoba,On foot,14330,9527,4803,0,0,0,7805,5071,2734,5053,3413,1640,1472,1043,429,0,0,0,0,0,0,0,0,0,0,0,0,0,0,0,25.2920964,79.8724168
UTTAR PRADESH,Rural,Mahoba,Bicycle,7207,6681,526,0,0,0,708,641,67,3209,2952,257,2085,1968,117,764,720,44,441,400,41,0,0,0,0,0,0,0,0,0,25.2920964,79.8724168
UTTAR PRADESH,Rural,Mahoba,Moped/Scooter/Motor Cycle,1863,1729,134,0,0,0,158,146,12,488,432,56,428,399,29,352,330,22,174,166,8,136,135,1,75,73,2,52,48,4,25.2920964,79.8724168
UTTAR PRADESH,Rural,Mahoba,Car/Jeep/Van,261,225,36,0,0,0,21,13,8,38,31,7,43,36,7,39,38,1,38,36,2,36,31,5,31,29,2,15,11,4,25.2920964,79.8724168
UTTAR PRADESH,Rural,Mahoba,Tempo/Autorickshaw/Taxi,1375,1085,290,0,0,0,62,45,17,267,190,77,629,496,133,279,238,41,60,56,4,27,24,3,28,21,7,23,15,8,25.2920964,79.8724168
UTTAR PRADESH,Rural,Mahoba,Bus,1359,1142,217,0,0,0,38,29,9,92,64,28,199,164,35,253,204,49,187,157,30,247,227,20,307,263,44,36,34,2,25.2920964,79.8724168
UTTAR PRADESH,Rural,Mahoba,Train,1409,1098,311,0,0,0,64,46,18,106,82,24,44,35,9,23,21,2,26,23,3,32,31,1,975,754,221,139,106,33,25.2920964,79.8724168
UTTAR PRADESH,Rural,Mahoba,Water transport,15,11,4,0,0,0,7,6,1,1,0,1,2,2,0,1,1,0,0,0,0,0,0,0,2,2,0,2,0,2,25.2920964,79.8724168
UTTAR PRADESH,Rural,Mahoba,Any other,211,191,20,0,0,0,22,19,3,62,60,2,53,48,5,16,14,2,6,6,0,12,11,1,36,29,7,4,4,0,25.2920964,79.8724168
UTTAR PRADESH,Rural,Mahoba,No travel,24644,15217,9427,24644,15217,9427,0,0,0,0,0,0,0,0,0,0,0,0,0,0,0,0,0,0,0,0,0,0,0,0,25.2920964,79.8724168
UTTAR PRADESH,Urban,Mahoba,All Modes,38813,32428,6385,14029,10889,3140,8620,7347,1273,10023,8880,1143,2726,2320,406,956,812,144,894,811,83,338,295,43,849,739,110,378,335,43,25.2920964,79.8724168
UTTAR PRADESH,Urban,Mahoba,On foot,12100,9989,2111,0,0,0,6586,5443,1143,4190,3473,717,1324,1073,251,0,0,0,0,0,0,0,0,0,0,0,0,0,0,0,25.2920964,79.8724168
UTTAR PRADESH,Urban,Mahoba,Bicycle,5941,5677,264,0,0,0,1019,973,46,3635,3478,157,661,633,28,165,157,8,461,436,25,0,0,0,0,0,0,0,0,0,25.2920964,79.8724168
UTTAR PRADESH,Urban,Mahoba,Moped/Scooter/Motor Cycle,3585,3373,212,0,0,0,752,721,31,1476,1386,90,436,399,37,356,332,24,172,162,10,94,92,2,80,76,4,219,205,14,25.2920964,79.8724168
UTTAR PRADESH,Urban,Mahoba,Car/Jeep/Van,382,353,29,0,0,0,42,35,7,117,109,8,34,33,1,62,55,7,29,27,2,40,39,1,35,34,1,23,21,2,25.2920964,79.8724168
UTTAR PRADESH,Urban,Mahoba,Tempo/Autorickshaw/Taxi,798,492,306,0,0,0,61,43,18,326,189,137,154,88,66,166,103,63,37,31,6,15,12,3,8,6,2,31,20,11,25.2920964,79.8724168
UTTAR PRADESH,Urban,Mahoba,Bus,1015,806,209,0,0,0,61,48,13,84,64,20,69,47,22,173,135,38,182,145,37,150,120,30,240,203,37,56,44,12,25.2920964,79.8724168
UTTAR PRADESH,Urban,Mahoba,Train,743,639,104,0,0,0,69,54,15,81,73,8,15,14,1,16,14,2,6,5,1,35,28,7,477,411,66,44,40,4,25.2920964,79.8724168
UTTAR PRADESH,Urban,Mahoba,Water transport,6,4,2,0,0,0,1,1,0,4,2,2,0,0,0,1,1,0,0,0,0,0,0,0,0,0,0,0,0,0,25.2920964,79.8724168
UTTAR PRADESH,Urban,Mahoba,Any other,214,206,8,0,0,0,29,29,0,110,106,4,33,33,0,17,15,2,7,5,2,4,4,0,9,9,0,5,5,0,25.2920964,79.8724168
UTTAR PRADESH,Urban,Mahoba,No travel,14029,10889,3140,14029,10889,3140,0,0,0,0,0,0,0,0,0,0,0,0,0,0,0,0,0,0,0,0,0,0,0,0,25.2920964,79.8724168
TAMIL NADU,Total,Thiruvallur,All Modes,1135784,877861,257923,234432,148834,85598,127689,90082,37607,230558,180094,50464,197176,161700,35476,151414,128150,23264,86394,74392,12002,60421,52755,7666,26641,23887,2754,21059,17967,3092,13.1373208,79.9081185
TAMIL NADU,Total,Thiruvallur,On foot,177186,111695,65491,0,0,0,87131,54588,32543,57388,34559,22829,32667,22548,10119,0,0,0,0,0,0,0,0,0,0,0,0,0,0,0,13.1373208,79.9081185
TAMIL NADU,Total,Thiruvallur,Bicycle,104905,98310,6595,0,0,0,12933,12050,883,50441,47013,3428,23642,22410,1232,8917,8493,424,8972,8344,628,0,0,0,0,0,0,0,0,0,13.1373208,79.9081185
TAMIL NADU,Total,Thiruvallur,Moped/Scooter/Motor Cycle,203927,189651,14276,0,0,0,16878,15570,1308,58417,53593,4824,51535,47937,3598,43376,40710,2666,15817,15072,745,7953,7613,340,2224,2147,77,7727,7009,718,13.1373208,79.9081185
TAMIL NADU,Total,Thiruvallur,Car/Jeep/Van,36799,28833,7966,0,0,0,1727,1340,387,7275,5215,2060,7707,5889,1818,8692,6749,1943,4613,3755,858,3692,3163,529,1668,1502,166,1425,1220,205,13.1373208,79.9081185
TAMIL NADU,Total,Thiruvallur,Tempo/Autorickshaw/Taxi,17139,13970,3169,0,0,0,1125,889,236,4397,3001,1396,3939,3230,709,3070,2578,492,1523,1384,139,1398,1311,87,585,557,28,1102,1020,82,13.1373208,79.9081185
TAMIL NADU,Total,Thiruvallur,Bus,247761,189687,58074,0,0,0,5987,4116,1871,45392,30900,14492,64188,48581,15607,62266,48657,13609,31666,25639,6027,21374,17769,3605,9575,8293,1282,7313,5732,1581,13.1373208,79.9081185
TAMIL NADU,Total,Thiruvallur,Train,99489,83833,15656,0,0,0,1391,1078,313,5476,4254,1222,10825,8655,2170,21389,17472,3917,22238,18741,3497,24527,21540,2987,11390,10236,1154,2253,1857,396,13.1373208,79.9081185
TAMIL NADU,Total,Thiruvallur,Water transport,8630,8313,317,0,0,0,219,208,11,1041,987,54,1904,1814,90,2844,2769,75,920,895,25,808,780,28,528,514,14,366,346,20,13.1373208,79.9081185
TAMIL NADU,Total,Thiruvallur,Any other,5516,4735,781,0,0,0,298,243,55,731,572,159,769,636,133,860,722,138,645,562,83,669,579,90,671,638,33,873,783,90,13.1373208,79.9081185
TAMIL NADU,Total,Thiruvallur,No travel,234432,148834,85598,234432,148834,85598,0,0,0,0,0,0,0,0,0,0,0,0,0,0,0,0,0,0,0,0,0,0,0,0,13.1373208,79.9081185
TAMIL NADU,Rural,Thiruvallur,All Modes,269073,200797,68276,64055,39718,24337,27195,16672,10523,49399,35238,14161,41192,33211,7981,30795,26444,4351,21271,18300,2971,21424,18904,2520,10949,9911,1038,2793,2399,394,13.1373208,79.9081185
TAMIL NADU,Rural,Thiruvallur,On foot,48656,26576,22080,0,0,0,21526,11860,9666,19167,9772,9395,7963,4944,3019,0,0,0,0,0,0,0,0,0,0,0,0,0,0,0,13.1373208,79.9081185
TAMIL NADU,Rural,Thiruvallur,Bicycle,21754,20325,1429,0,0,0,1973,1823,150,10646,9832,814,5696,5407,289,1868,1805,63,1571,1458,113,0,0,0,0,0,0,0,0,0,13.1373208,79.9081185
TAMIL NADU,Rural,Thiruvallur,Moped/Scooter/Motor Cycle,26932,25672,1260,0,0,0,1596,1491,105,7438,6984,454,7168,6839,329,5447,5255,192,2491,2413,78,1664,1603,61,462,457,5,666,630,36,13.1373208,79.9081185
TAMIL NADU,Rural,Thiruvallur,Car/Jeep/Van,5837,3748,2089,0,0,0,223,140,83,1321,832,489,1445,913,532,1092,603,489,652,395,257,634,481,153,311,265,46,159,119,40,13.1373208,79.9081185
TAMIL NADU,Rural,Thiruvallur,Tempo/Autorickshaw/Taxi,3462,2698,764,0,0,0,153,103,50,1098,719,379,934,762,172,550,456,94,265,236,29,261,237,24,109,104,5,92,81,11,13.1373208,79.9081185
TAMIL NADU,Rural,Thiruvallur,Bus,60855,48643,12212,0,0,0,1142,773,369,7599,5288,2311,13912,10781,3131,14779,12023,2756,9642,7958,1684,8419,7182,1237,4364,3848,516,998,790,208,13.1373208,79.9081185
TAMIL NADU,Rural,Thiruvallur,Train,30257,26411,3846,0,0,0,377,294,83,1208,933,275,2498,2060,438,4765,4056,709,5805,5017,788,9623,8610,1013,5347,4892,455,634,549,85,13.1373208,79.9081185
TAMIL NADU,Rural,Thiruvallur,Water transport,6041,5869,172,0,0,0,150,144,6,780,755,25,1392,1341,51,2131,2088,43,682,664,18,625,605,20,152,148,4,129,124,5,13.1373208,79.9081185
TAMIL NADU,Rural,Thiruvallur,Any other,1224,1137,87,0,0,0,55,44,11,142,123,19,184,164,20,163,158,5,163,159,4,198,186,12,204,197,7,115,106,9,13.1373208,79.9081185
TAMIL NADU,Rural,Thiruvallur,No travel,64055,39718,24337,64055,39718,24337,0,0,0,0,0,0,0,0,0,0,0,0,0,0,0,0,0,0,0,0,0,0,0,0,13.1373208,79.9081185
TAMIL NADU,Urban,Thiruvallur,All Modes,866711,677064,189647,170377,109116,61261,100494,73410,27084,181159,144856,36303,155984,128489,27495,120619,101706,18913,65123,56092,9031,38997,33851,5146,15692,13976,1716,18266,15568,2698,13.1373208,79.9081185
TAMIL NADU,Urban,Thiruvallur,On foot,128530,85119,43411,0,0,0,65605,42728,22877,38221,24787,13434,24704,17604,7100,0,0,0,0,0,0,0,0,0,0,0,0,0,0,0,13.1373208,79.9081185
TAMIL NADU,Urban,Thiruvallur,Bicycle,83151,77985,5166,0,0,0,10960,10227,733,39795,37181,2614,17946,17003,943,7049,6688,361,7401,6886,515,0,0,0,0,0,0,0,0,0,13.1373208,79.9081185
TAMIL NADU,Urban,Thiruvallur,Moped/Scooter/Motor Cycle,176995,163979,13016,0,0,0,15282,14079,1203,50979,46609,4370,44367,41098,3269,37929,35455,2474,13326,12659,667,6289,6010,279,1762,1690,72,7061,6379,682,13.1373208,79.9081185
TAMIL NADU,Urban,Thiruvallur,Car/Jeep/Van,30962,25085,5877,0,0,0,1504,1200,304,5954,4383,1571,6262,4976,1286,7600,6146,1454,3961,3360,601,3058,2682,376,1357,1237,120,1266,1101,165,13.1373208,79.9081185
TAMIL NADU,Urban,Thiruvallur,Tempo/Autorickshaw/Taxi,13677,11272,2405,0,0,0,972,786,186,3299,2282,1017,3005,2468,537,2520,2122,398,1258,1148,110,1137,1074,63,476,453,23,1010,939,71,13.1373208,79.9081185
TAMIL NADU,Urban,Thiruvallur,Bus,186906,141044,45862,0,0,0,4845,3343,1502,37793,25612,12181,50276,37800,12476,47487,36634,10853,22024,17681,4343,12955,10587,2368,5211,4445,766,6315,4942,1373,13.1373208,79.9081185
TAMIL NADU,Urban,Thiruvallur,Train,69232,57422,11810,0,0,0,1014,784,230,4268,3321,947,8327,6595,1732,16624,13416,3208,16433,13724,2709,14904,12930,1974,6043,5344,699,1619,1308,311,13.1373208,79.9081185
TAMIL NADU,Urban,Thiruvallur,Water transport,2589,2444,145,0,0,0,69,64,5,261,232,29,512,473,39,713,681,32,238,231,7,183,175,8,376,366,10,237,222,15,13.1373208,79.9081185
TAMIL NADU,Urban,Thiruvallur,Any other,4292,3598,694,0,0,0,243,199,44,589,449,140,585,472,113,697,564,133,482,403,79,471,393,78,467,441,26,758,677,81,13.1373208,79.9081185
TAMIL NADU,Urban,Thiruvallur,No travel,170377,109116,61261,170377,109116,61261,0,0,0,0,0,0,0,0,0,0,0,0,0,0,0,0,0,0,0,0,0,0,0,0,13.1373208,79.9081185
UTTAR PRADESH,Total,Shahjahanpur,All Modes,240908,195330,45578,101925,70296,31629,43271,37682,5589,51098,46931,4167,22258,19877,2381,7208,6640,568,7321,6788,533,2011,1802,209,3565,3317,248,2251,1997,254,27.883744,79.9122455
UTTAR PRADESH,Total,Shahjahanpur,On foot,52019,43620,8399,0,0,0,29007,24173,4834,14191,12175,2016,8821,7272,1549,0,0,0,0,0,0,0,0,0,0,0,0,0,0,0,27.883744,79.9122455
UTTAR PRADESH,Total,Shahjahanpur,Bicycle,50155,48562,1593,0,0,0,8831,8519,312,25068,24327,741,8091,7901,190,3127,3043,84,5038,4772,266,0,0,0,0,0,0,0,0,0,27.883744,79.9122455
UTTAR PRADESH,Total,Shahjahanpur,Moped/Scooter/Motor Cycle,20897,19549,1348,0,0,0,4006,3839,167,8535,7954,581,3332,3090,242,2092,1938,154,957,892,65,640,606,34,273,261,12,1062,969,93,27.883744,79.9122455
UTTAR PRADESH,Total,Shahjahanpur,Car/Jeep/Van,2480,2039,441,0,0,0,341,280,61,650,532,118,347,269,78,329,269,60,212,174,38,242,208,34,172,151,21,187,156,31,27.883744,79.9122455
UTTAR PRADESH,Total,Shahjahanpur,Tempo/Autorickshaw/Taxi,2895,1980,915,0,0,0,211,124,87,941,494,447,667,487,180,614,505,109,180,149,31,106,89,17,45,42,3,131,90,41,27.883744,79.9122455
UTTAR PRADESH,Total,Shahjahanpur,Bus,3906,3236,670,0,0,0,140,104,36,279,205,74,362,267,95,654,510,144,674,561,113,738,644,94,831,753,78,228,192,36,27.883744,79.9122455
UTTAR PRADESH,Total,Shahjahanpur,Train,4302,3980,322,0,0,0,335,299,36,537,492,45,214,200,14,162,148,14,213,195,18,231,208,23,2167,2037,130,443,401,42,27.883744,79.9122455
UTTAR PRADESH,Total,Shahjahanpur,Water transport,82,71,11,0,0,0,21,17,4,12,9,3,10,10,0,1,0,1,6,6,0,3,3,0,15,13,2,14,13,1,27.883744,79.9122455
UTTAR PRADESH,Total,Shahjahanpur,Any other,2247,1997,250,0,0,0,379,327,52,885,743,142,414,381,33,229,227,2,41,39,2,51,44,7,62,60,2,186,176,10,27.883744,79.9122455
UTTAR PRADESH,Total,Shahjahanpur,No travel,101925,70296,31629,101925,70296,31629,0,0,0,0,0,0,0,0,0,0,0,0,0,0,0,0,0,0,0,0,0,0,0,0,27.883744,79.9122455
UTTAR PRADESH,Rural,Shahjahanpur,All Modes,108485,78924,29561,57866,35609,22257,13561,10140,3421,15399,13628,1771,10433,8994,1439,4373,4174,199,3304,3099,205,923,846,77,1748,1648,100,878,786,92,27.883744,79.9122455
UTTAR PRADESH,Rural,Shahjahanpur,On foot,18767,13350,5417,0,0,0,10136,7012,3124,4662,3494,1168,3969,2844,1125,0,0,0,0,0,0,0,0,0,0,0,0,0,0,0,27.883744,79.9122455
UTTAR PRADESH,Rural,Shahjahanpur,Bicycle,18838,18114,724,0,0,0,2162,2009,153,7813,7541,272,4390,4280,110,2231,2176,55,2242,2108,134,0,0,0,0,0,0,0,0,0,27.883744,79.9122455
UTTAR PRADESH,Rural,Shahjahanpur,Moped/Scooter/Motor Cycle,6222,5773,449,0,0,0,795,741,54,1946,1772,174,1192,1112,80,1031,972,59,466,439,27,299,284,15,129,120,9,364,333,31,27.883744,79.9122455
UTTAR PRADESH,Rural,Shahjahanpur,Car/Jeep/Van,859,738,121,0,0,0,91,70,21,188,161,27,125,105,20,146,128,18,83,79,4,96,79,17,69,65,4,61,51,10,27.883744,79.9122455
UTTAR PRADESH,Rural,Shahjahanpur,Tempo/Autorickshaw/Taxi,1159,979,180,0,0,0,64,46,18,206,141,65,282,232,50,382,356,26,94,86,8,48,44,4,27,26,1,56,48,8,27.883744,79.9122455
UTTAR PRADESH,Rural,Shahjahanpur,Bus,1819,1617,202,0,0,0,73,54,19,115,94,21,152,121,31,326,292,34,271,246,25,350,319,31,426,402,24,106,89,17,27.883744,79.9122455
UTTAR PRADESH,Rural,Shahjahanpur,Train,2022,1880,142,0,0,0,134,115,19,186,171,15,100,94,6,90,85,5,117,110,7,107,98,9,1052,994,58,236,213,23,27.883744,79.9122455
UTTAR PRADESH,Rural,Shahjahanpur,Water transport,39,32,7,0,0,0,9,6,3,6,5,1,6,6,0,1,0,1,1,1,0,1,1,0,10,8,2,5,5,0,27.883744,79.9122455
UTTAR PRADESH,Rural,Shahjahanpur,Any other,894,832,62,0,0,0,97,87,10,277,249,28,217,200,17,166,165,1,30,30,0,22,21,1,35,33,2,50,47,3,27.883744,79.9122455
UTTAR PRADESH,Rural,Shahjahanpur,No travel,57866,35609,22257,57866,35609,22257,0,0,0,0,0,0,0,0,0,0,0,0,0,0,0,0,0,0,0,0,0,0,0,0,27.883744,79.9122455
UTTAR PRADESH,Urban,Shahjahanpur,All Modes,132423,116406,16017,44059,34687,9372,29710,27542,2168,35699,33303,2396,11825,10883,942,2835,2466,369,4017,3689,328,1088,956,132,1817,1669,148,1373,1211,162,27.883744,79.9122455
UTTAR PRADESH,Urban,Shahjahanpur,On foot,33252,30270,2982,0,0,0,18871,17161,1710,9529,8681,848,4852,4428,424,0,0,0,0,0,0,0,0,0,0,0,0,0,0,0,27.883744,79.9122455
UTTAR PRADESH,Urban,Shahjahanpur,Bicycle,31317,30448,869,0,0,0,6669,6510,159,17255,16786,469,3701,3621,80,896,867,29,2796,2664,132,0,0,0,0,0,0,0,0,0,27.883744,79.9122455
UTTAR PRADESH,Urban,Shahjahanpur,Moped/Scooter/Motor Cycle,14675,13776,899,0,0,0,3211,3098,113,6589,6182,407,2140,1978,162,1061,966,95,491,453,38,341,322,19,144,141,3,698,636,62,27.883744,79.9122455
UTTAR PRADESH,Urban,Shahjahanpur,Car/Jeep/Van,1621,1301,320,0,0,0,250,210,40,462,371,91,222,164,58,183,141,42,129,95,34,146,129,17,103,86,17,126,105,21,27.883744,79.9122455
UTTAR PRADESH,Urban,Shahjahanpur,Tempo/Autorickshaw/Taxi,1736,1001,735,0,0,0,147,78,69,735,353,382,385,255,130,232,149,83,86,63,23,58,45,13,18,16,2,75,42,33,27.883744,79.9122455
UTTAR PRADESH,Urban,Shahjahanpur,Bus,2087,1619,468,0,0,0,67,50,17,164,111,53,210,146,64,328,218,110,403,315,88,388,325,63,405,351,54,122,103,19,27.883744,79.9122455
UTTAR PRADESH,Urban,Shahjahanpur,Train,2280,2100,180,0,0,0,201,184,17,351,321,30,114,106,8,72,63,9,96,85,11,124,110,14,1115,1043,72,207,188,19,27.883744,79.9122455
UTTAR PRADESH,Urban,Shahjahanpur,Water transport,43,39,4,0,0,0,12,11,1,6,4,2,4,4,0,0,0,0,5,5,0,2,2,0,5,5,0,9,8,1,27.883744,79.9122455
UTTAR PRADESH,Urban,Shahjahanpur,Any other,1353,1165,188,0,0,0,282,240,42,608,494,114,197,181,16,63,62,1,11,9,2,29,23,6,27,27,0,136,129,7,27.883744,79.9122455
UTTAR PRADESH,Urban,Shahjahanpur,No travel,44059,34687,9372,44059,34687,9372,0,0,0,0,0,0,0,0,0,0,0,0,0,0,0,0,0,0,0,0,0,0,0,0,27.883744,79.9122455
UTTAR PRADESH,Total,Kannauj,All Modes,104479,80807,23672,52308,34854,17454,16961,14005,2956,16999,15446,1553,7772,6849,923,3010,2731,279,1990,1851,139,1141,1054,87,3665,3446,219,633,571,62,27.0514156,79.9136731
UTTAR PRADESH,Total,Kannauj,On foot,21520,17506,4014,0,0,0,13128,10411,2717,5840,5060,780,2552,2035,517,0,0,0,0,0,0,0,0,0,0,0,0,0,0,0,27.0514156,79.9136731
UTTAR PRADESH,Total,Kannauj,Bicycle,13483,12980,503,0,0,0,2113,2028,85,6714,6469,245,2658,2575,83,954,921,33,1044,987,57,0,0,0,0,0,0,0,0,0,27.0514156,79.9136731
UTTAR PRADESH,Total,Kannauj,Moped/Scooter/Motor Cycle,7536,6977,559,0,0,0,1111,1051,60,2745,2498,247,1464,1355,109,1040,971,69,381,355,26,329,312,17,227,215,12,239,220,19,27.0514156,79.9136731
UTTAR PRADESH,Total,Kannauj,Car/Jeep/Van,853,754,99,0,0,0,120,105,15,200,175,25,94,76,18,113,98,15,44,40,4,87,84,3,150,137,13,45,39,6,27.0514156,79.9136731
UTTAR PRADESH,Total,Kannauj,Tempo/Autorickshaw/Taxi,1934,1544,390,0,0,0,112,78,34,776,615,161,491,395,96,288,223,65,115,104,11,51,44,7,46,43,3,55,42,13,27.0514156,79.9136731
UTTAR PRADESH,Total,Kannauj,Bus,3542,3076,466,0,0,0,126,99,27,264,198,66,294,207,87,458,368,90,266,231,35,482,432,50,1557,1456,101,95,85,10,27.0514156,79.9136731
UTTAR PRADESH,Total,Kannauj,Train,2629,2465,164,0,0,0,165,152,13,234,214,20,104,97,7,117,112,5,112,106,6,165,155,10,1578,1488,90,154,141,13,27.0514156,79.9136731
UTTAR PRADESH,Total,Kannauj,Water transport,42,39,3,0,0,0,13,12,1,4,2,2,1,1,0,3,3,0,2,2,0,4,4,0,9,9,0,6,6,0,27.0514156,79.9136731
UTTAR PRADESH,Total,Kannauj,Any other,632,612,20,0,0,0,73,69,4,222,215,7,114,108,6,37,35,2,26,26,0,23,23,0,98,98,0,39,38,1,27.0514156,79.9136731
UTTAR PRADESH,Total,Kannauj,No travel,52308,34854,17454,52308,34854,17454,0,0,0,0,0,0,0,0,0,0,0,0,0,0,0,0,0,0,0,0,0,0,0,0,27.0514156,79.9136731
UTTAR PRADESH,Rural,Kannauj,All Modes,56364,39826,16538,31263,18658,12605,6417,4408,2009,7419,6541,878,4659,4049,610,1948,1812,136,1204,1130,74,661,613,48,2485,2336,149,308,279,29,27.0514156,79.9136731
UTTAR PRADESH,Rural,Kannauj,On foot,8658,5903,2755,0,0,0,5140,3256,1884,2150,1666,484,1368,981,387,0,0,0,0,0,0,0,0,0,0,0,0,0,0,0,27.0514156,79.9136731
UTTAR PRADESH,Rural,Kannauj,Bicycle,7546,7228,318,0,0,0,770,723,47,3511,3348,163,1836,1783,53,758,736,22,671,638,33,0,0,0,0,0,0,0,0,0,27.0514156,79.9136731
UTTAR PRADESH,Rural,Kannauj,Moped/Scooter/Motor Cycle,3521,3237,284,0,0,0,260,238,22,1078,958,120,830,773,57,631,591,40,244,226,18,227,214,13,144,137,7,107,100,7,27.0514156,79.9136731
UTTAR PRADESH,Rural,Kannauj,Car/Jeep/Van,355,310,45,0,0,0,42,31,11,74,64,10,41,34,7,53,48,5,14,12,2,44,42,2,70,64,6,17,15,2,27.0514156,79.9136731
UTTAR PRADESH,Rural,Kannauj,Tempo/Autorickshaw/Taxi,869,703,166,0,0,0,46,30,16,260,207,53,236,186,50,192,160,32,70,65,5,18,16,2,21,21,0,26,18,8,27.0514156,79.9136731
UTTAR PRADESH,Rural,Kannauj,Bus,2177,1932,245,0,0,0,64,47,17,132,101,31,204,155,49,233,198,35,137,125,12,263,237,26,1097,1026,71,47,43,4,27.0514156,79.9136731
UTTAR PRADESH,Rural,Kannauj,Train,1668,1555,113,0,0,0,66,56,10,114,100,14,78,73,5,68,66,2,61,57,4,98,93,5,1093,1028,65,90,82,8,27.0514156,79.9136731
UTTAR PRADESH,Rural,Kannauj,Water transport,21,20,1,0,0,0,5,4,1,0,0,0,1,1,0,2,2,0,2,2,0,4,4,0,4,4,0,3,3,0,27.0514156,79.9136731
UTTAR PRADESH,Rural,Kannauj,Any other,286,280,6,0,0,0,24,23,1,100,97,3,65,63,2,11,11,0,5,5,0,7,7,0,56,56,0,18,18,0,27.0514156,79.9136731
UTTAR PRADESH,Rural,Kannauj,No travel,31263,18658,12605,31263,18658,12605,0,0,0,0,0,0,0,0,0,0,0,0,0,0,0,0,0,0,0,0,0,0,0,0,27.0514156,79.9136731
UTTAR PRADESH,Urban,Kannauj,All Modes,48115,40981,7134,21045,16196,4849,10544,9597,947,9580,8905,675,3113,2800,313,1062,919,143,786,721,65,480,441,39,1180,1110,70,325,292,33,27.0514156,79.9136731
UTTAR PRADESH,Urban,Kannauj,On foot,12862,11603,1259,0,0,0,7988,7155,833,3690,3394,296,1184,1054,130,0,0,0,0,0,0,0,0,0,0,0,0,0,0,0,27.0514156,79.9136731
UTTAR PRADESH,Urban,Kannauj,Bicycle,5937,5752,185,0,0,0,1343,1305,38,3203,3121,82,822,792,30,196,185,11,373,349,24,0,0,0,0,0,0,0,0,0,27.0514156,79.9136731
UTTAR PRADESH,Urban,Kannauj,Moped/Scooter/Motor Cycle,4015,3740,275,0,0,0,851,813,38,1667,1540,127,634,582,52,409,380,29,137,129,8,102,98,4,83,78,5,132,120,12,27.0514156,79.9136731
UTTAR PRADESH,Urban,Kannauj,Car/Jeep/Van,498,444,54,0,0,0,78,74,4,126,111,15,53,42,11,60,50,10,30,28,2,43,42,1,80,73,7,28,24,4,27.0514156,79.9136731
UTTAR PRADESH,Urban,Kannauj,Tempo/Autorickshaw/Taxi,1065,841,224,0,0,0,66,48,18,516,408,108,255,209,46,96,63,33,45,39,6,33,28,5,25,22,3,29,24,5,27.0514156,79.9136731
UTTAR PRADESH,Urban,Kannauj,Bus,1365,1144,221,0,0,0,62,52,10,132,97,35,90,52,38,225,170,55,129,106,23,219,195,24,460,430,30,48,42,6,27.0514156,79.9136731
UTTAR PRADESH,Urban,Kannauj,Train,961,910,51,0,0,0,99,96,3,120,114,6,26,24,2,49,46,3,51,49,2,67,62,5,485,460,25,64,59,5,27.0514156,79.9136731
UTTAR PRADESH,Urban,Kannauj,Water transport,21,19,2,0,0,0,8,8,0,4,2,2,0,0,0,1,1,0,0,0,0,0,0,0,5,5,0,3,3,0,27.0514156,79.9136731
UTTAR PRADESH,Urban,Kannauj,Any other,346,332,14,0,0,0,49,46,3,122,118,4,49,45,4,26,24,2,21,21,0,16,16,0,42,42,0,21,20,1,27.0514156,79.9136731
UTTAR PRADESH,Urban,Kannauj,No travel,21045,16196,4849,21045,16196,4849,0,0,0,0,0,0,0,0,0,0,0,0,0,0,0,0,0,0,0,0,0,0,0,0,27.0514156,79.9136731
MADHYA PRADESH,Total,Jabalpur,All Modes,545160,426220,118940,158807,109436,49371,73294,54564,18730,151751,122752,28999,86394,72869,13525,31520,28489,3031,18677,17149,1528,8511,7325,1186,5932,5143,789,10274,8493,1781,23.181467,79.9864071
MADHYA PRADESH,Total,Jabalpur,On foot,114355,77165,37190,0,0,0,46136,30795,15341,44142,28888,15254,24077,17482,6595,0,0,0,0,0,0,0,0,0,0,0,0,0,0,0,23.181467,79.9864071
MADHYA PRADESH,Total,Jabalpur,Bicycle,119843,113545,6298,0,0,0,11854,11105,749,53747,50602,3145,28603,27330,1273,12727,12350,377,12912,12158,754,0,0,0,0,0,0,0,0,0,23.181467,79.9864071
MADHYA PRADESH,Total,Jabalpur,Moped/Scooter/Motor Cycle,102004,89307,12697,0,0,0,11656,10115,1541,41340,35487,5853,24719,21845,2874,11471,10482,989,2548,2361,187,2985,2698,287,975,875,100,6310,5444,866,23.181467,79.9864071
MADHYA PRADESH,Total,Jabalpur,Car/Jeep/Van,8361,6732,1629,0,0,0,1050,815,235,3015,2381,634,1619,1275,344,981,818,163,326,281,45,457,392,65,326,293,33,587,477,110,23.181467,79.9864071
MADHYA PRADESH,Total,Jabalpur,Tempo/Autorickshaw/Taxi,16912,10261,6651,0,0,0,1123,603,520,6061,2911,3150,4370,2675,1695,2891,2258,633,583,477,106,581,434,147,212,172,40,1091,731,360,23.181467,79.9864071
MADHYA PRADESH,Total,Jabalpur,Bus,13975,10328,3647,0,0,0,577,386,191,1649,1021,628,1792,1183,609,2686,1898,788,1878,1487,391,2886,2339,547,1572,1315,257,935,699,236,23.181467,79.9864071
MADHYA PRADESH,Total,Jabalpur,Train,7857,6851,1006,0,0,0,555,459,96,880,745,135,549,484,65,377,329,48,275,250,25,1486,1355,131,2699,2350,349,1036,879,157,23.181467,79.9864071
MADHYA PRADESH,Total,Jabalpur,Water transport,385,320,65,0,0,0,54,45,9,99,80,19,59,56,3,30,26,4,43,35,8,11,10,1,19,13,6,70,55,15,23.181467,79.9864071
MADHYA PRADESH,Total,Jabalpur,Any other,2661,2275,386,0,0,0,289,241,48,818,637,181,606,539,67,357,328,29,112,100,12,105,97,8,129,125,4,245,208,37,23.181467,79.9864071
MADHYA PRADESH,Total,Jabalpur,No travel,158807,109436,49371,158807,109436,49371,0,0,0,0,0,0,0,0,0,0,0,0,0,0,0,0,0,0,0,0,0,0,0,0,23.181467,79.9864071
MADHYA PRADESH,Rural,Jabalpur,All Modes,86220,65043,21177,30899,20702,10197,11637,7565,4072,16297,12423,3874,11965,9858,2107,7314,6933,381,4301,4066,235,2109,1955,154,879,822,57,819,719,100,23.181467,79.9864071
MADHYA PRADESH,Rural,Jabalpur,On foot,22329,13638,8691,0,0,0,9711,5849,3862,7946,4759,3187,4672,3030,1642,0,0,0,0,0,0,0,0,0,0,0,0,0,0,0,23.181467,79.9864071
MADHYA PRADESH,Rural,Jabalpur,Bicycle,19460,18672,788,0,0,0,1182,1094,88,6041,5731,310,5135,4941,194,4455,4362,93,2647,2544,103,0,0,0,0,0,0,0,0,0,23.181467,79.9864071
MADHYA PRADESH,Rural,Jabalpur,Moped/Scooter/Motor Cycle,5808,5435,373,0,0,0,417,373,44,1446,1324,122,1225,1152,73,1405,1336,69,541,522,19,356,345,11,95,89,6,323,294,29,23.181467,79.9864071
MADHYA PRADESH,Rural,Jabalpur,Car/Jeep/Van,344,278,66,0,0,0,38,28,10,55,35,20,39,36,3,70,58,12,43,36,7,58,51,7,23,21,2,18,13,5,23.181467,79.9864071
MADHYA PRADESH,Rural,Jabalpur,Tempo/Autorickshaw/Taxi,1291,968,323,0,0,0,73,49,24,255,155,100,275,185,90,415,353,62,113,95,18,77,69,8,10,8,2,73,54,19,23.181467,79.9864071
MADHYA PRADESH,Rural,Jabalpur,Bus,4403,3790,613,0,0,0,119,90,29,379,271,108,489,392,97,803,679,124,805,730,75,1193,1082,111,372,342,30,243,204,39,23.181467,79.9864071
MADHYA PRADESH,Rural,Jabalpur,Train,1267,1180,87,0,0,0,60,49,11,99,82,17,67,63,4,102,86,16,89,83,6,381,368,13,343,327,16,126,122,4,23.181467,79.9864071
MADHYA PRADESH,Rural,Jabalpur,Water transport,128,109,19,0,0,0,14,12,2,33,28,5,8,8,0,19,16,3,31,24,7,4,4,0,2,1,1,17,16,1,23.181467,79.9864071
MADHYA PRADESH,Rural,Jabalpur,Any other,291,271,20,0,0,0,23,21,2,43,38,5,55,51,4,45,43,2,32,32,0,40,36,4,34,34,0,19,16,3,23.181467,79.9864071
MADHYA PRADESH,Rural,Jabalpur,No travel,30899,20702,10197,30899,20702,10197,0,0,0,0,0,0,0,0,0,0,0,0,0,0,0,0,0,0,0,0,0,0,0,0,23.181467,79.9864071
MADHYA PRADESH,Urban,Jabalpur,All Modes,458940,361177,97763,127908,88734,39174,61657,46999,14658,135454,110329,25125,74429,63011,11418,24206,21556,2650,14376,13083,1293,6402,5370,1032,5053,4321,732,9455,7774,1681,23.181467,79.9864071
MADHYA PRADESH,Urban,Jabalpur,On foot,92026,63527,28499,0,0,0,36425,24946,11479,36196,24129,12067,19405,14452,4953,0,0,0,0,0,0,0,0,0,0,0,0,0,0,0,23.181467,79.9864071
MADHYA PRADESH,Urban,Jabalpur,Bicycle,100383,94873,5510,0,0,0,10672,10011,661,47706,44871,2835,23468,22389,1079,8272,7988,284,10265,9614,651,0,0,0,0,0,0,0,0,0,23.181467,79.9864071
MADHYA PRADESH,Urban,Jabalpur,Moped/Scooter/Motor Cycle,96196,83872,12324,0,0,0,11239,9742,1497,39894,34163,5731,23494,20693,2801,10066,9146,920,2007,1839,168,2629,2353,276,880,786,94,5987,5150,837,23.181467,79.9864071
MADHYA PRADESH,Urban,Jabalpur,Car/Jeep/Van,8017,6454,1563,0,0,0,1012,787,225,2960,2346,614,1580,1239,341,911,760,151,283,245,38,399,341,58,303,272,31,569,464,105,23.181467,79.9864071
MADHYA PRADESH,Urban,Jabalpur,Tempo/Autorickshaw/Taxi,15621,9293,6328,0,0,0,1050,554,496,5806,2756,3050,4095,2490,1605,2476,1905,571,470,382,88,504,365,139,202,164,38,1018,677,341,23.181467,79.9864071
MADHYA PRADESH,Urban,Jabalpur,Bus,9572,6538,3034,0,0,0,458,296,162,1270,750,520,1303,791,512,1883,1219,664,1073,757,316,1693,1257,436,1200,973,227,692,495,197,23.181467,79.9864071
MADHYA PRADESH,Urban,Jabalpur,Train,6590,5671,919,0,0,0,495,410,85,781,663,118,482,421,61,275,243,32,186,167,19,1105,987,118,2356,2023,333,910,757,153,23.181467,79.9864071
MADHYA PRADESH,Urban,Jabalpur,Water transport,257,211,46,0,0,0,40,33,7,66,52,14,51,48,3,11,10,1,12,11,1,7,6,1,17,12,5,53,39,14,23.181467,79.9864071
MADHYA PRADESH,Urban,Jabalpur,Any other,2370,2004,366,0,0,0,266,220,46,775,599,176,551,488,63,312,285,27,80,68,12,65,61,4,95,91,4,226,192,34,23.181467,79.9864071
MADHYA PRADESH,Urban,Jabalpur,No travel,127908,88734,39174,127908,88734,39174,0,0,0,0,0,0,0,0,0,0,0,0,0,0,0,0,0,0,0,0,0,0,0,0,23.181467,79.9864071
ANDHRA PRADESH,Total,Sri Potti Sriramulu Nellore,All Modes,488383,386382,102001,154657,108982,45675,75325,57753,17572,107070,89190,17880,64871,55089,9782,34705,30066,4639,16802,14637,2165,12877,11104,1773,19053,16871,2182,3023,2690,333,14.4426367,79.9864651
ANDHRA PRADESH,Total,Sri Potti Sriramulu Nellore,On foot,104491,75852,28639,0,0,0,57795,41599,16196,35170,25538,9632,11526,8715,2811,0,0,0,0,0,0,0,0,0,0,0,0,0,0,0,14.4426367,79.9864651
ANDHRA PRADESH,Total,Sri Potti Sriramulu Nellore,Bicycle,39932,38651,1281,0,0,0,6339,6164,175,23325,22673,652,7185,6875,310,1441,1388,53,1642,1551,91,0,0,0,0,0,0,0,0,0,14.4426367,79.9864651
ANDHRA PRADESH,Total,Sri Potti Sriramulu Nellore,Moped/Scooter/Motor Cycle,47904,46035,1869,0,0,0,7043,6756,287,20119,19228,891,10859,10491,368,5350,5192,158,1977,1906,71,1132,1099,33,545,517,28,879,846,33,14.4426367,79.9864651
ANDHRA PRADESH,Total,Sri Potti Sriramulu Nellore,Car/Jeep/Van,6653,5893,760,0,0,0,527,465,62,1612,1314,298,1341,1164,177,1084,997,87,550,513,37,605,566,39,762,713,49,172,161,11,14.4426367,79.9864651
ANDHRA PRADESH,Total,Sri Potti Sriramulu Nellore,Tempo/Autorickshaw/Taxi,37658,30058,7600,0,0,0,1398,982,416,13276,9809,3467,12741,10487,2254,6279,5293,986,1791,1547,244,948,873,75,711,639,72,514,428,86,14.4426367,79.9864651
ANDHRA PRADESH,Total,Sri Potti Sriramulu Nellore,Bus,76073,61760,14313,0,0,0,1330,990,340,11049,8287,2762,18991,15285,3706,17862,14669,3193,9180,7561,1619,7829,6424,1405,9044,7889,1155,788,655,133,14.4426367,79.9864651
ANDHRA PRADESH,Total,Sri Potti Sriramulu Nellore,Train,11304,9866,1438,0,0,0,305,256,49,514,462,52,375,321,54,624,521,103,623,551,72,1609,1401,208,6821,5976,845,433,378,55,14.4426367,79.9864651
ANDHRA PRADESH,Total,Sri Potti Sriramulu Nellore,Water transport,5783,5607,176,0,0,0,258,241,17,979,960,19,1067,1017,50,1694,1653,41,852,827,25,475,467,8,389,377,12,69,65,4,14.4426367,79.9864651
ANDHRA PRADESH,Total,Sri Potti Sriramulu Nellore,Any other,3928,3678,250,0,0,0,330,300,30,1026,919,107,786,734,52,371,353,18,187,181,6,279,274,5,781,760,21,168,157,11,14.4426367,79.9864651
ANDHRA PRADESH,Total,Sri Potti Sriramulu Nellore,No travel,154657,108982,45675,154657,108982,45675,0,0,0,0,0,0,0,0,0,0,0,0,0,0,0,0,0,0,0,0,0,0,0,0,14.4426367,79.9864651
ANDHRA PRADESH,Rural,Sri Potti Sriramulu Nellore,All Modes,242502,186699,55803,91695,63287,28408,34107,25544,8563,34593,27181,7412,30302,25180,5122,22421,19487,2934,10378,9169,1209,7523,6560,963,10378,9312,1066,1105,979,126,14.4426367,79.9864651
ANDHRA PRADESH,Rural,Sri Potti Sriramulu Nellore,On foot,50820,36481,14339,0,0,0,29139,21054,8085,15857,11158,4699,5824,4269,1555,0,0,0,0,0,0,0,0,0,0,0,0,0,0,0,14.4426367,79.9864651
ANDHRA PRADESH,Rural,Sri Potti Sriramulu Nellore,Bicycle,11195,10610,585,0,0,0,1818,1750,68,5395,5171,224,2663,2452,211,741,702,39,578,535,43,0,0,0,0,0,0,0,0,0,14.4426367,79.9864651
ANDHRA PRADESH,Rural,Sri Potti Sriramulu Nellore,Moped/Scooter/Motor Cycle,11368,10871,497,0,0,0,1324,1255,69,2884,2696,188,3022,2923,99,2353,2277,76,893,861,32,508,486,22,213,209,4,171,164,7,14.4426367,79.9864651
ANDHRA PRADESH,Rural,Sri Potti Sriramulu Nellore,Car/Jeep/Van,2448,2194,254,0,0,0,187,171,16,340,289,51,480,401,79,565,520,45,233,225,8,244,226,18,358,325,33,41,37,4,14.4426367,79.9864651
ANDHRA PRADESH,Rural,Sri Potti Sriramulu Nellore,Tempo/Autorickshaw/Taxi,19060,15494,3566,0,0,0,502,381,121,4803,3606,1197,7013,5813,1200,4365,3634,731,1309,1107,202,503,469,34,329,288,41,236,196,40,14.4426367,79.9864651
ANDHRA PRADESH,Rural,Sri Potti Sriramulu Nellore,Bus,44043,36780,7263,0,0,0,692,536,156,3841,2891,950,9741,7874,1867,12184,10261,1923,6178,5311,867,4974,4191,783,6074,5402,672,359,314,45,14.4426367,79.9864651
ANDHRA PRADESH,Rural,Sri Potti Sriramulu Nellore,Train,4470,3890,580,0,0,0,95,73,22,151,127,24,161,135,26,333,268,65,261,230,31,669,575,94,2633,2336,297,167,146,21,14.4426367,79.9864651
ANDHRA PRADESH,Rural,Sri Potti Sriramulu Nellore,Water transport,5639,5475,164,0,0,0,244,231,13,963,944,19,1039,991,48,1690,1649,41,818,795,23,452,445,7,366,357,9,67,63,4,14.4426367,79.9864651
ANDHRA PRADESH,Rural,Sri Potti Sriramulu Nellore,Any other,1764,1617,147,0,0,0,106,93,13,359,299,60,359,322,37,190,176,14,108,105,3,173,168,5,405,395,10,64,59,5,14.4426367,79.9864651
ANDHRA PRADESH,Rural,Sri Potti Sriramulu Nellore,No travel,91695,63287,28408,91695,63287,28408,0,0,0,0,0,0,0,0,0,0,0,0,0,0,0,0,0,0,0,0,0,0,0,0,14.4426367,79.9864651
ANDHRA PRADESH,Urban,Sri Potti Sriramulu Nellore,All Modes,245881,199683,46198,62962,45695,17267,41218,32209,9009,72477,62009,10468,34569,29909,4660,12284,10579,1705,6424,5468,956,5354,4544,810,8675,7559,1116,1918,1711,207,14.4426367,79.9864651
ANDHRA PRADESH,Urban,Sri Potti Sriramulu Nellore,On foot,53671,39371,14300,0,0,0,28656,20545,8111,19313,14380,4933,5702,4446,1256,0,0,0,0,0,0,0,0,0,0,0,0,0,0,0,14.4426367,79.9864651
ANDHRA PRADESH,Urban,Sri Potti Sriramulu Nellore,Bicycle,28737,28041,696,0,0,0,4521,4414,107,17930,17502,428,4522,4423,99,700,686,14,1064,1016,48,0,0,0,0,0,0,0,0,0,14.4426367,79.9864651
ANDHRA PRADESH,Urban,Sri Potti Sriramulu Nellore,Moped/Scooter/Motor Cycle,36536,35164,1372,0,0,0,5719,5501,218,17235,16532,703,7837,7568,269,2997,2915,82,1084,1045,39,624,613,11,332,308,24,708,682,26,14.4426367,79.9864651
ANDHRA PRADESH,Urban,Sri Potti Sriramulu Nellore,Car/Jeep/Van,4205,3699,506,0,0,0,340,294,46,1272,1025,247,861,763,98,519,477,42,317,288,29,361,340,21,404,388,16,131,124,7,14.4426367,79.9864651
ANDHRA PRADESH,Urban,Sri Potti Sriramulu Nellore,Tempo/Autorickshaw/Taxi,18598,14564,4034,0,0,0,896,601,295,8473,6203,2270,5728,4674,1054,1914,1659,255,482,440,42,445,404,41,382,351,31,278,232,46,14.4426367,79.9864651
ANDHRA PRADESH,Urban,Sri Potti Sriramulu Nellore,Bus,32030,24980,7050,0,0,0,638,454,184,7208,5396,1812,9250,7411,1839,5678,4408,1270,3002,2250,752,2855,2233,622,2970,2487,483,429,341,88,14.4426367,79.9864651
ANDHRA PRADESH,Urban,Sri Potti Sriramulu Nellore,Train,6834,5976,858,0,0,0,210,183,27,363,335,28,214,186,28,291,253,38,362,321,41,940,826,114,4188,3640,548,266,232,34,14.4426367,79.9864651
ANDHRA PRADESH,Urban,Sri Potti Sriramulu Nellore,Water transport,144,132,12,0,0,0,14,10,4,16,16,0,28,26,2,4,4,0,34,32,2,23,22,1,23,20,3,2,2,0,14.4426367,79.9864651
ANDHRA PRADESH,Urban,Sri Potti Sriramulu Nellore,Any other,2164,2061,103,0,0,0,224,207,17,667,620,47,427,412,15,181,177,4,79,76,3,106,106,0,376,365,11,104,98,6,14.4426367,79.9864651
ANDHRA PRADESH,Urban,Sri Potti Sriramulu Nellore,No travel,62962,45695,17267,62962,45695,17267,0,0,0,0,0,0,0,0,0,0,0,0,0,0,0,0,0,0,0,0,0,0,0,0,14.4426367,79.9864651
MAHARASHTRA,Total,Gadchiroli,All Modes,99745,71412,28333,43481,27772,15709,16959,12504,4455,19505,14770,4735,9537,7390,2147,3245,2823,422,2297,1996,301,2088,1849,239,2019,1785,234,614,523,91,20.184871,79.9947956
MAHARASHTRA,Total,Gadchiroli,On foot,22326,13439,8887,0,0,0,10377,6496,3881,7960,4521,3439,3989,2422,1567,0,0,0,0,0,0,0,0,0,0,0,0,0,0,0,20.184871,79.9947956
MAHARASHTRA,Total,Gadchiroli,Bicycle,12094,11349,745,0,0,0,2322,2203,119,5661,5268,393,2745,2618,127,754,707,47,612,553,59,0,0,0,0,0,0,0,0,0,20.184871,79.9947956
MAHARASHTRA,Total,Gadchiroli,Moped/Scooter/Motor Cycle,15199,13607,1592,0,0,0,3876,3505,371,4932,4289,643,2096,1837,259,1665,1523,142,958,897,61,877,833,44,492,460,32,303,263,40,20.184871,79.9947956
MAHARASHTRA,Total,Gadchiroli,Car/Jeep/Van,714,642,72,0,0,0,105,94,11,156,133,23,62,58,4,61,55,6,73,65,8,108,102,6,108,101,7,41,34,7,20.184871,79.9947956
MAHARASHTRA,Total,Gadchiroli,Tempo/Autorickshaw/Taxi,832,621,211,0,0,0,63,44,19,282,180,102,185,131,54,106,87,19,66,59,7,62,56,6,49,47,2,19,17,2,20.184871,79.9947956
MAHARASHTRA,Total,Gadchiroli,Bus,4245,3232,1013,0,0,0,133,96,37,349,241,108,350,224,126,593,391,202,537,378,159,969,790,179,1222,1043,179,92,69,23,20.184871,79.9947956
MAHARASHTRA,Total,Gadchiroli,Train,502,428,74,0,0,0,50,38,12,81,64,17,57,52,5,21,17,4,23,20,3,21,20,1,110,96,14,139,121,18,20.184871,79.9947956
MAHARASHTRA,Total,Gadchiroli,Water transport,25,21,4,0,0,0,8,6,2,5,4,1,3,3,0,3,3,0,0,0,0,3,3,0,2,2,0,1,0,1,20.184871,79.9947956
MAHARASHTRA,Total,Gadchiroli,Any other,327,301,26,0,0,0,25,22,3,79,70,9,50,45,5,42,40,2,28,24,4,48,45,3,36,36,0,19,19,0,20.184871,79.9947956
MAHARASHTRA,Total,Gadchiroli,No travel,43481,27772,15709,43481,27772,15709,0,0,0,0,0,0,0,0,0,0,0,0,0,0,0,0,0,0,0,0,0,0,0,0,20.184871,79.9947956
MAHARASHTRA,Rural,Gadchiroli,All Modes,67040,46029,21011,33860,21095,12765,9406,6443,2963,10691,7719,2972,7085,5459,1626,2185,1938,247,1329,1180,149,1034,943,91,1022,896,126,428,356,72,20.184871,79.9947956
MAHARASHTRA,Rural,Gadchiroli,On foot,14679,8344,6335,0,0,0,6485,3811,2674,5125,2759,2366,3069,1774,1295,0,0,0,0,0,0,0,0,0,0,0,0,0,0,0,20.184871,79.9947956
MAHARASHTRA,Rural,Gadchiroli,Bicycle,7718,7204,514,0,0,0,1089,1006,83,3190,2948,242,2340,2235,105,647,607,40,452,408,44,0,0,0,0,0,0,0,0,0,20.184871,79.9947956
MAHARASHTRA,Rural,Gadchiroli,Moped/Scooter/Motor Cycle,7122,6432,690,0,0,0,1605,1449,156,1902,1656,246,1205,1096,109,1011,935,76,495,462,33,473,452,21,242,224,18,189,158,31,20.184871,79.9947956
MAHARASHTRA,Rural,Gadchiroli,Car/Jeep/Van,361,325,36,0,0,0,48,43,5,60,49,11,33,32,1,32,30,2,43,39,4,62,58,4,57,54,3,26,20,6,20.184871,79.9947956
MAHARASHTRA,Rural,Gadchiroli,Tempo/Autorickshaw/Taxi,493,385,108,0,0,0,34,27,7,126,90,36,134,93,41,84,70,14,42,39,3,31,27,4,31,29,2,11,10,1,20.184871,79.9947956
MAHARASHTRA,Rural,Gadchiroli,Bus,2133,1652,481,0,0,0,80,56,24,172,120,52,206,141,65,360,249,111,266,203,63,409,350,59,585,495,90,55,38,17,20.184871,79.9947956
MAHARASHTRA,Rural,Gadchiroli,Train,400,338,62,0,0,0,40,30,10,70,55,15,54,49,5,11,9,2,7,7,0,14,13,1,75,62,13,129,113,16,20.184871,79.9947956
MAHARASHTRA,Rural,Gadchiroli,Water transport,19,16,3,0,0,0,7,6,1,4,3,1,1,1,0,3,3,0,0,0,0,1,1,0,2,2,0,1,0,1,20.184871,79.9947956
MAHARASHTRA,Rural,Gadchiroli,Any other,255,238,17,0,0,0,18,15,3,42,39,3,43,38,5,37,35,2,24,22,2,44,42,2,30,30,0,17,17,0,20.184871,79.9947956
MAHARASHTRA,Rural,Gadchiroli,No travel,33860,21095,12765,33860,21095,12765,0,0,0,0,0,0,0,0,0,0,0,0,0,0,0,0,0,0,0,0,0,0,0,0,20.184871,79.9947956
MAHARASHTRA,Urban,Gadchiroli,All Modes,32705,25383,7322,9621,6677,2944,7553,6061,1492,8814,7051,1763,2452,1931,521,1060,885,175,968,816,152,1054,906,148,997,889,108,186,167,19,20.184871,79.9947956
MAHARASHTRA,Urban,Gadchiroli,On foot,7647,5095,2552,0,0,0,3892,2685,1207,2835,1762,1073,920,648,272,0,0,0,0,0,0,0,0,0,0,0,0,0,0,0,20.184871,79.9947956
MAHARASHTRA,Urban,Gadchiroli,Bicycle,4376,4145,231,0,0,0,1233,1197,36,2471,2320,151,405,383,22,107,100,7,160,145,15,0,0,0,0,0,0,0,0,0,20.184871,79.9947956
MAHARASHTRA,Urban,Gadchiroli,Moped/Scooter/Motor Cycle,8077,7175,902,0,0,0,2271,2056,215,3030,2633,397,891,741,150,654,588,66,463,435,28,404,381,23,250,236,14,114,105,9,20.184871,79.9947956
MAHARASHTRA,Urban,Gadchiroli,Car/Jeep/Van,353,317,36,0,0,0,57,51,6,96,84,12,29,26,3,29,25,4,30,26,4,46,44,2,51,47,4,15,14,1,20.184871,79.9947956
MAHARASHTRA,Urban,Gadchiroli,Tempo/Autorickshaw/Taxi,339,236,103,0,0,0,29,17,12,156,90,66,51,38,13,22,17,5,24,20,4,31,29,2,18,18,0,8,7,1,20.184871,79.9947956
MAHARASHTRA,Urban,Gadchiroli,Bus,2112,1580,532,0,0,0,53,40,13,177,121,56,144,83,61,233,142,91,271,175,96,560,440,120,637,548,89,37,31,6,20.184871,79.9947956
MAHARASHTRA,Urban,Gadchiroli,Train,102,90,12,0,0,0,10,8,2,11,9,2,3,3,0,10,8,2,16,13,3,7,7,0,35,34,1,10,8,2,20.184871,79.9947956
MAHARASHTRA,Urban,Gadchiroli,Water transport,6,5,1,0,0,0,1,0,1,1,1,0,2,2,0,0,0,0,0,0,0,2,2,0,0,0,0,0,0,0,20.184871,79.9947956
MAHARASHTRA,Urban,Gadchiroli,Any other,72,63,9,0,0,0,7,7,0,37,31,6,7,7,0,5,5,0,4,2,2,4,3,1,6,6,0,2,2,0,20.184871,79.9947956
MAHARASHTRA,Urban,Gadchiroli,No travel,9621,6677,2944,9621,6677,2944,0,0,0,0,0,0,0,0,0,0,0,0,0,0,0,0,0,0,0,0,0,0,0,0,20.184871,79.9947956
UTTARAKHAND,Total,Champawat,All Modes,33971,27463,6508,12443,9370,3073,7228,5732,1496,8180,6816,1364,3027,2670,357,1213,1094,119,515,476,39,398,379,19,882,847,35,85,79,6,29.3360974,80.0910275
UTTARAKHAND,Total,Champawat,On foot,13265,10451,2814,0,0,0,6154,4712,1442,5465,4301,1164,1646,1438,208,0,0,0,0,0,0,0,0,0,0,0,0,0,0,0,29.3360974,80.0910275
UTTARAKHAND,Total,Champawat,Bicycle,2082,1997,85,0,0,0,384,367,17,1294,1239,55,299,288,11,64,64,0,41,39,2,0,0,0,0,0,0,0,0,0,29.3360974,80.0910275
UTTARAKHAND,Total,Champawat,Moped/Scooter/Motor Cycle,2199,2072,127,0,0,0,471,455,16,813,752,61,355,329,26,338,324,14,105,99,6,60,58,2,24,24,0,33,31,2,29.3360974,80.0910275
UTTARAKHAND,Total,Champawat,Car/Jeep/Van,1396,1220,176,0,0,0,109,98,11,234,194,40,326,280,46,360,309,51,148,133,15,123,116,7,89,83,6,7,7,0,29.3360974,80.0910275
UTTARAKHAND,Total,Champawat,Tempo/Autorickshaw/Taxi,395,330,65,0,0,0,18,17,1,117,99,18,101,79,22,95,76,19,24,21,3,20,20,0,19,17,2,1,1,0,29.3360974,80.0910275
UTTARAKHAND,Total,Champawat,Bus,1689,1536,153,0,0,0,34,28,6,157,134,23,239,197,42,298,266,32,137,124,13,159,150,9,643,616,27,22,21,1,29.3360974,80.0910275
UTTARAKHAND,Total,Champawat,Train,181,174,7,0,0,0,9,9,0,24,22,2,13,12,1,18,16,2,11,11,0,10,10,0,81,81,0,15,13,2,29.3360974,80.0910275
UTTARAKHAND,Total,Champawat,Water transport,7,7,0,0,0,0,4,4,0,0,0,0,2,2,0,0,0,0,0,0,0,0,0,0,1,1,0,0,0,0,29.3360974,80.0910275
UTTARAKHAND,Total,Champawat,Any other,314,306,8,0,0,0,45,42,3,76,75,1,46,45,1,40,39,1,49,49,0,26,25,1,25,25,0,7,6,1,29.3360974,80.0910275
UTTARAKHAND,Total,Champawat,No travel,12443,9370,3073,12443,9370,3073,0,0,0,0,0,0,0,0,0,0,0,0,0,0,0,0,0,0,0,0,0,0,0,0,29.3360974,80.0910275
UTTARAKHAND,Rural,Champawat,All Modes,23768,18500,5268,8949,6302,2647,3898,2808,1090,6177,5039,1138,2338,2075,263,842,779,63,377,358,19,332,321,11,804,773,31,51,45,6,29.3360974,80.0910275
UTTARAKHAND,Rural,Champawat,On foot,9219,6980,2239,0,0,0,3521,2461,1060,4387,3379,1008,1311,1140,171,0,0,0,0,0,0,0,0,0,0,0,0,0,0,0,29.3360974,80.0910275
UTTARAKHAND,Rural,Champawat,Bicycle,1245,1188,57,0,0,0,153,143,10,814,774,40,200,194,6,49,49,0,29,28,1,0,0,0,0,0,0,0,0,0,29.3360974,80.0910275
UTTARAKHAND,Rural,Champawat,Moped/Scooter/Motor Cycle,1287,1210,77,0,0,0,134,123,11,560,521,39,249,234,15,220,212,8,62,60,2,39,39,0,15,15,0,8,6,2,29.3360974,80.0910275
UTTARAKHAND,Rural,Champawat,Car/Jeep/Van,1065,953,112,0,0,0,32,27,5,188,159,29,275,242,33,263,236,27,113,107,6,110,104,6,77,71,6,7,7,0,29.3360974,80.0910275
UTTARAKHAND,Rural,Champawat,Tempo/Autorickshaw/Taxi,189,169,20,0,0,0,10,10,0,56,49,7,49,44,5,34,29,5,11,10,1,14,14,0,15,13,2,0,0,0,29.3360974,80.0910275
UTTARAKHAND,Rural,Champawat,Bus,1446,1339,107,0,0,0,22,18,4,124,111,13,203,172,31,234,213,21,110,101,9,139,134,5,595,572,23,19,18,1,29.3360974,80.0910275
UTTARAKHAND,Rural,Champawat,Train,139,133,6,0,0,0,5,5,0,15,14,1,12,11,1,10,8,2,4,4,0,5,5,0,77,77,0,11,9,2,29.3360974,80.0910275
UTTARAKHAND,Rural,Champawat,Water transport,3,3,0,0,0,0,1,1,0,0,0,0,1,1,0,0,0,0,0,0,0,0,0,0,1,1,0,0,0,0,29.3360974,80.0910275
UTTARAKHAND,Rural,Champawat,Any other,226,223,3,0,0,0,20,20,0,33,32,1,38,37,1,32,32,0,48,48,0,25,25,0,24,24,0,6,5,1,29.3360974,80.0910275
UTTARAKHAND,Rural,Champawat,No travel,8949,6302,2647,8949,6302,2647,0,0,0,0,0,0,0,0,0,0,0,0,0,0,0,0,0,0,0,0,0,0,0,0,29.3360974,80.0910275
UTTARAKHAND,Urban,Champawat,All Modes,10203,8963,1240,3494,3068,426,3330,2924,406,2003,1777,226,689,595,94,371,315,56,138,118,20,66,58,8,78,74,4,34,34,0,29.3360974,80.0910275
UTTARAKHAND,Urban,Champawat,On foot,4046,3471,575,0,0,0,2633,2251,382,1078,922,156,335,298,37,0,0,0,0,0,0,0,0,0,0,0,0,0,0,0,29.3360974,80.0910275
UTTARAKHAND,Urban,Champawat,Bicycle,837,809,28,0,0,0,231,224,7,480,465,15,99,94,5,15,15,0,12,11,1,0,0,0,0,0,0,0,0,0,29.3360974,80.0910275
UTTARAKHAND,Urban,Champawat,Moped/Scooter/Motor Cycle,912,862,50,0,0,0,337,332,5,253,231,22,106,95,11,118,112,6,43,39,4,21,19,2,9,9,0,25,25,0,29.3360974,80.0910275
UTTARAKHAND,Urban,Champawat,Car/Jeep/Van,331,267,64,0,0,0,77,71,6,46,35,11,51,38,13,97,73,24,35,26,9,13,12,1,12,12,0,0,0,0,29.3360974,80.0910275
UTTARAKHAND,Urban,Champawat,Tempo/Autorickshaw/Taxi,206,161,45,0,0,0,8,7,1,61,50,11,52,35,17,61,47,14,13,11,2,6,6,0,4,4,0,1,1,0,29.3360974,80.0910275
UTTARAKHAND,Urban,Champawat,Bus,243,197,46,0,0,0,12,10,2,33,23,10,36,25,11,64,53,11,27,23,4,20,16,4,48,44,4,3,3,0,29.3360974,80.0910275
UTTARAKHAND,Urban,Champawat,Train,42,41,1,0,0,0,4,4,0,9,8,1,1,1,0,8,8,0,7,7,0,5,5,0,4,4,0,4,4,0,29.3360974,80.0910275
UTTARAKHAND,Urban,Champawat,Water transport,4,4,0,0,0,0,3,3,0,0,0,0,1,1,0,0,0,0,0,0,0,0,0,0,0,0,0,0,0,0,29.3360974,80.0910275
UTTARAKHAND,Urban,Champawat,Any other,88,83,5,0,0,0,25,22,3,43,43,0,8,8,0,8,7,1,1,1,0,1,0,1,1,1,0,1,1,0,29.3360974,80.0910275
UTTARAKHAND,Urban,Champawat,No travel,3494,3068,426,3494,3068,426,0,0,0,0,0,0,0,0,0,0,0,0,0,0,0,0,0,0,0,0,0,0,0,0,29.3360974,80.0910275
UTTAR PRADESH,Total,Hardoi,All Modes,255654,194387,61267,127616,82928,44688,37812,30886,6926,37505,33605,3900,20958,17805,3153,8331,7546,785,7343,6677,666,3735,3419,316,10137,9555,582,2217,1966,251,27.3965071,80.1250479
UTTAR PRADESH,Total,Hardoi,On foot,48079,37750,10329,0,0,0,27153,21038,6115,11561,9550,2011,9365,7162,2203,0,0,0,0,0,0,0,0,0,0,0,0,0,0,0,27.3965071,80.1250479
UTTAR PRADESH,Total,Hardoi,Bicycle,37268,35674,1594,0,0,0,6276,5978,298,17201,16478,723,6721,6523,198,3030,2952,78,4040,3743,297,0,0,0,0,0,0,0,0,0,27.3965071,80.1250479
UTTAR PRADESH,Total,Hardoi,Moped/Scooter/Motor Cycle,17769,16330,1439,0,0,0,2890,2685,205,6076,5521,555,2551,2311,240,2344,2203,141,1149,1078,71,1096,1021,75,793,730,63,870,781,89,27.3965071,80.1250479
UTTAR PRADESH,Total,Hardoi,Car/Jeep/Van,1745,1523,222,0,0,0,222,195,27,339,283,56,182,147,35,209,175,34,150,134,16,192,177,15,322,300,22,129,112,17,27.3965071,80.1250479
UTTAR PRADESH,Total,Hardoi,Tempo/Autorickshaw/Taxi,2232,1561,671,0,0,0,249,147,102,627,375,252,430,284,146,445,358,87,140,119,21,112,96,16,121,105,16,108,77,31,27.3965071,80.1250479
UTTAR PRADESH,Total,Hardoi,Bus,10786,9091,1695,0,0,0,384,289,95,753,534,219,1156,856,300,1881,1472,409,1590,1352,238,1626,1455,171,3012,2809,203,384,324,60,27.3965071,80.1250479
UTTAR PRADESH,Total,Hardoi,Train,8802,8302,500,0,0,0,423,374,49,532,497,35,289,271,18,274,246,28,239,218,21,667,630,37,5751,5477,274,627,589,38,27.3965071,80.1250479
UTTAR PRADESH,Total,Hardoi,Water transport,123,100,23,0,0,0,25,17,8,14,13,1,11,10,1,8,7,1,5,5,0,5,4,1,34,31,3,21,13,8,27.3965071,80.1250479
UTTAR PRADESH,Total,Hardoi,Any other,1234,1128,106,0,0,0,190,163,27,402,354,48,253,241,12,140,133,7,30,28,2,37,36,1,104,103,1,78,70,8,27.3965071,80.1250479
UTTAR PRADESH,Total,Hardoi,No travel,127616,82928,44688,127616,82928,44688,0,0,0,0,0,0,0,0,0,0,0,0,0,0,0,0,0,0,0,0,0,0,0,0,27.3965071,80.1250479
UTTAR PRADESH,Rural,Hardoi,All Modes,147931,102405,45526,85643,50307,35336,15148,10296,4852,15226,13042,2184,12275,10364,1911,5573,5235,338,4269,3937,332,2205,2049,156,6366,6089,277,1226,1086,140,27.3965071,80.1250479
UTTAR PRADESH,Rural,Hardoi,On foot,20920,13589,7331,0,0,0,11758,7240,4518,4654,3323,1331,4508,3026,1482,0,0,0,0,0,0,0,0,0,0,0,0,0,0,0,27.3965071,80.1250479
UTTAR PRADESH,Rural,Hardoi,Bicycle,19830,18827,1003,0,0,0,2166,2013,153,7700,7274,426,5057,4900,157,2416,2354,62,2491,2286,205,0,0,0,0,0,0,0,0,0,27.3965071,80.1250479
UTTAR PRADESH,Rural,Hardoi,Moped/Scooter/Motor Cycle,7125,6455,670,0,0,0,626,544,82,1706,1459,247,1312,1212,100,1309,1246,63,592,559,33,641,594,47,507,467,40,432,374,58,27.3965071,80.1250479
UTTAR PRADESH,Rural,Hardoi,Car/Jeep/Van,747,664,83,0,0,0,86,75,11,85,70,15,92,80,12,95,84,11,72,68,4,86,77,9,162,150,12,69,60,9,27.3965071,80.1250479
UTTAR PRADESH,Rural,Hardoi,Tempo/Autorickshaw/Taxi,1078,907,171,0,0,0,60,46,14,206,166,40,233,189,44,299,262,37,85,76,9,67,60,7,72,69,3,56,39,17,27.3965071,80.1250479
UTTAR PRADESH,Rural,Hardoi,Bus,6528,5886,642,0,0,0,195,153,42,408,318,90,699,597,102,1124,981,143,832,766,66,978,904,74,2055,1958,97,237,209,28,27.3965071,80.1250479
UTTAR PRADESH,Rural,Hardoi,Train,5316,5074,242,0,0,0,184,162,22,300,280,20,185,178,7,203,184,19,172,158,14,403,384,19,3486,3363,123,383,365,18,27.3965071,80.1250479
UTTAR PRADESH,Rural,Hardoi,Water transport,64,53,11,0,0,0,13,8,5,4,3,1,5,5,0,5,5,0,1,1,0,1,1,0,24,22,2,11,8,3,27.3965071,80.1250479
UTTAR PRADESH,Rural,Hardoi,Any other,680,643,37,0,0,0,60,55,5,163,149,14,184,177,7,122,119,3,24,23,1,29,29,0,60,60,0,38,31,7,27.3965071,80.1250479
UTTAR PRADESH,Rural,Hardoi,No travel,85643,50307,35336,85643,50307,35336,0,0,0,0,0,0,0,0,0,0,0,0,0,0,0,0,0,0,0,0,0,0,0,0,27.3965071,80.1250479
UTTAR PRADESH,Urban,Hardoi,All Modes,107723,91982,15741,41973,32621,9352,22664,20590,2074,22279,20563,1716,8683,7441,1242,2758,2311,447,3074,2740,334,1530,1370,160,3771,3466,305,991,880,111,27.3965071,80.1250479
UTTAR PRADESH,Urban,Hardoi,On foot,27159,24161,2998,0,0,0,15395,13798,1597,6907,6227,680,4857,4136,721,0,0,0,0,0,0,0,0,0,0,0,0,0,0,0,27.3965071,80.1250479
UTTAR PRADESH,Urban,Hardoi,Bicycle,17438,16847,591,0,0,0,4110,3965,145,9501,9204,297,1664,1623,41,614,598,16,1549,1457,92,0,0,0,0,0,0,0,0,0,27.3965071,80.1250479
UTTAR PRADESH,Urban,Hardoi,Moped/Scooter/Motor Cycle,10644,9875,769,0,0,0,2264,2141,123,4370,4062,308,1239,1099,140,1035,957,78,557,519,38,455,427,28,286,263,23,438,407,31,27.3965071,80.1250479
UTTAR PRADESH,Urban,Hardoi,Car/Jeep/Van,998,859,139,0,0,0,136,120,16,254,213,41,90,67,23,114,91,23,78,66,12,106,100,6,160,150,10,60,52,8,27.3965071,80.1250479
UTTAR PRADESH,Urban,Hardoi,Tempo/Autorickshaw/Taxi,1154,654,500,0,0,0,189,101,88,421,209,212,197,95,102,146,96,50,55,43,12,45,36,9,49,36,13,52,38,14,27.3965071,80.1250479
UTTAR PRADESH,Urban,Hardoi,Bus,4258,3205,1053,0,0,0,189,136,53,345,216,129,457,259,198,757,491,266,758,586,172,648,551,97,957,851,106,147,115,32,27.3965071,80.1250479
UTTAR PRADESH,Urban,Hardoi,Train,3486,3228,258,0,0,0,239,212,27,232,217,15,104,93,11,71,62,9,67,60,7,264,246,18,2265,2114,151,244,224,20,27.3965071,80.1250479
UTTAR PRADESH,Urban,Hardoi,Water transport,59,47,12,0,0,0,12,9,3,10,10,0,6,5,1,3,2,1,4,4,0,4,3,1,10,9,1,10,5,5,27.3965071,80.1250479
UTTAR PRADESH,Urban,Hardoi,Any other,554,485,69,0,0,0,130,108,22,239,205,34,69,64,5,18,14,4,6,5,1,8,7,1,44,43,1,40,39,1,27.3965071,80.1250479
UTTAR PRADESH,Urban,Hardoi,No travel,41973,32621,9352,41973,32621,9352,0,0,0,0,0,0,0,0,0,0,0,0,0,0,0,0,0,0,0,0,0,0,0,0,27.3965071,80.1250479
ANDHRA PRADESH,Total,Khammam,All Modes,360754,277024,83730,119272,80952,38320,53446,40099,13347,88506,71907,16599,41280,33909,7371,19462,16707,2755,13094,11382,1712,10135,8643,1492,9541,8251,1290,6018,5174,844,17.2472528,80.1514447
ANDHRA PRADESH,Total,Khammam,On foot,70308,45909,24399,0,0,0,32710,21416,11294,26290,16964,9326,11308,7529,3779,0,0,0,0,0,0,0,0,0,0,0,0,0,0,0,17.2472528,80.1514447
ANDHRA PRADESH,Total,Khammam,Bicycle,40476,38988,1488,0,0,0,6967,6726,241,22750,21917,833,5458,5297,161,1654,1605,49,3647,3443,204,0,0,0,0,0,0,0,0,0,17.2472528,80.1514447
ANDHRA PRADESH,Total,Khammam,Moped/Scooter/Motor Cycle,54261,51062,3199,0,0,0,9308,8713,595,22101,20732,1369,9364,8873,491,5684,5397,287,2224,2111,113,2297,2169,128,920,866,54,2363,2201,162,17.2472528,80.1514447
ANDHRA PRADESH,Total,Khammam,Car/Jeep/Van,4832,4227,605,0,0,0,830,701,129,1374,1138,236,669,603,66,449,383,66,253,226,27,426,393,33,561,538,23,270,245,25,17.2472528,80.1514447
ANDHRA PRADESH,Total,Khammam,Tempo/Autorickshaw/Taxi,36013,27459,8554,0,0,0,2354,1606,748,12531,8636,3895,9481,7534,1947,5966,4930,1036,1726,1480,246,1788,1493,295,687,618,69,1480,1162,318,17.2472528,80.1514447
ANDHRA PRADESH,Total,Khammam,Bus,27874,21742,6132,0,0,0,800,557,243,2510,1678,832,4379,3533,846,5101,3848,1253,4601,3570,1031,4687,3778,909,4605,3833,772,1191,945,246,17.2472528,80.1514447
ANDHRA PRADESH,Total,Khammam,Train,5526,4710,816,0,0,0,285,225,60,544,482,62,268,235,33,346,303,43,509,427,82,738,628,110,2317,1969,348,519,441,78,17.2472528,80.1514447
ANDHRA PRADESH,Total,Khammam,Water transport,251,193,58,0,0,0,23,12,11,30,26,4,96,69,27,33,30,3,14,11,3,18,16,2,23,17,6,14,12,2,17.2472528,80.1514447
ANDHRA PRADESH,Total,Khammam,Any other,1941,1782,159,0,0,0,169,143,26,376,334,42,257,236,21,229,211,18,120,114,6,181,166,15,428,410,18,181,168,13,17.2472528,80.1514447
ANDHRA PRADESH,Total,Khammam,No travel,119272,80952,38320,119272,80952,38320,0,0,0,0,0,0,0,0,0,0,0,0,0,0,0,0,0,0,0,0,0,0,0,0,17.2472528,80.1514447
ANDHRA PRADESH,Rural,Khammam,All Modes,166344,125874,40470,70561,47754,22807,16648,11748,4900,27358,21636,5722,21036,17655,3381,11375,10081,1294,7064,6278,786,4976,4400,576,4513,3899,614,2813,2423,390,17.2472528,80.1514447
ANDHRA PRADESH,Rural,Khammam,On foot,24736,15134,9602,0,0,0,10839,6529,4310,8994,5506,3488,4903,3099,1804,0,0,0,0,0,0,0,0,0,0,0,0,0,0,0,17.2472528,80.1514447
ANDHRA PRADESH,Rural,Khammam,Bicycle,13703,13125,578,0,0,0,2194,2101,93,6604,6326,278,2623,2541,82,881,853,28,1401,1304,97,0,0,0,0,0,0,0,0,0,17.2472528,80.1514447
ANDHRA PRADESH,Rural,Khammam,Moped/Scooter/Motor Cycle,18406,17360,1046,0,0,0,2161,1994,167,5438,5112,326,4542,4333,209,2811,2666,145,1167,1107,60,973,921,52,417,395,22,897,832,65,17.2472528,80.1514447
ANDHRA PRADESH,Rural,Khammam,Car/Jeep/Van,1537,1374,163,0,0,0,118,101,17,300,244,56,280,262,18,207,179,28,126,117,9,180,166,14,221,212,9,105,93,12,17.2472528,80.1514447
ANDHRA PRADESH,Rural,Khammam,Tempo/Autorickshaw/Taxi,17576,14595,2981,0,0,0,751,574,177,4501,3328,1173,5108,4333,775,3892,3402,490,1140,1043,97,1027,923,104,371,343,28,786,649,137,17.2472528,80.1514447
ANDHRA PRADESH,Rural,Khammam,Bus,16080,13280,2800,0,0,0,403,303,100,1183,825,358,3177,2740,437,3196,2621,575,2839,2361,478,2334,1981,353,2286,1915,371,662,534,128,17.2472528,80.1514447
ANDHRA PRADESH,Rural,Khammam,Train,2555,2181,374,0,0,0,111,87,24,173,150,23,155,140,15,193,176,17,297,256,41,335,292,43,1019,849,170,272,231,41,17.2472528,80.1514447
ANDHRA PRADESH,Rural,Khammam,Water transport,173,135,38,0,0,0,7,4,3,23,21,2,86,61,25,23,21,2,8,7,1,6,6,0,12,8,4,8,7,1,17.2472528,80.1514447
ANDHRA PRADESH,Rural,Khammam,Any other,1017,936,81,0,0,0,64,55,9,142,124,18,162,146,16,172,163,9,86,83,3,121,111,10,187,177,10,83,77,6,17.2472528,80.1514447
ANDHRA PRADESH,Rural,Khammam,No travel,70561,47754,22807,70561,47754,22807,0,0,0,0,0,0,0,0,0,0,0,0,0,0,0,0,0,0,0,0,0,0,0,0,17.2472528,80.1514447
ANDHRA PRADESH,Urban,Khammam,All Modes,194410,151150,43260,48711,33198,15513,36798,28351,8447,61148,50271,10877,20244,16254,3990,8087,6626,1461,6030,5104,926,5159,4243,916,5028,4352,676,3205,2751,454,17.2472528,80.1514447
ANDHRA PRADESH,Urban,Khammam,On foot,45572,30775,14797,0,0,0,21871,14887,6984,17296,11458,5838,6405,4430,1975,0,0,0,0,0,0,0,0,0,0,0,0,0,0,0,17.2472528,80.1514447
ANDHRA PRADESH,Urban,Khammam,Bicycle,26773,25863,910,0,0,0,4773,4625,148,16146,15591,555,2835,2756,79,773,752,21,2246,2139,107,0,0,0,0,0,0,0,0,0,17.2472528,80.1514447
ANDHRA PRADESH,Urban,Khammam,Moped/Scooter/Motor Cycle,35855,33702,2153,0,0,0,7147,6719,428,16663,15620,1043,4822,4540,282,2873,2731,142,1057,1004,53,1324,1248,76,503,471,32,1466,1369,97,17.2472528,80.1514447
ANDHRA PRADESH,Urban,Khammam,Car/Jeep/Van,3295,2853,442,0,0,0,712,600,112,1074,894,180,389,341,48,242,204,38,127,109,18,246,227,19,340,326,14,165,152,13,17.2472528,80.1514447
ANDHRA PRADESH,Urban,Khammam,Tempo/Autorickshaw/Taxi,18437,12864,5573,0,0,0,1603,1032,571,8030,5308,2722,4373,3201,1172,2074,1528,546,586,437,149,761,570,191,316,275,41,694,513,181,17.2472528,80.1514447
ANDHRA PRADESH,Urban,Khammam,Bus,11794,8462,3332,0,0,0,397,254,143,1327,853,474,1202,793,409,1905,1227,678,1762,1209,553,2353,1797,556,2319,1918,401,529,411,118,17.2472528,80.1514447
ANDHRA PRADESH,Urban,Khammam,Train,2971,2529,442,0,0,0,174,138,36,371,332,39,113,95,18,153,127,26,212,171,41,403,336,67,1298,1120,178,247,210,37,17.2472528,80.1514447
ANDHRA PRADESH,Urban,Khammam,Water transport,78,58,20,0,0,0,16,8,8,7,5,2,10,8,2,10,9,1,6,4,2,12,10,2,11,9,2,6,5,1,17.2472528,80.1514447
ANDHRA PRADESH,Urban,Khammam,Any other,924,846,78,0,0,0,105,88,17,234,210,24,95,90,5,57,48,9,34,31,3,60,55,5,241,233,8,98,91,7,17.2472528,80.1514447
ANDHRA PRADESH,Urban,Khammam,No travel,48711,33198,15513,48711,33198,15513,0,0,0,0,0,0,0,0,0,0,0,0,0,0,0,0,0,0,0,0,0,0,0,0,17.2472528,80.1514447
UTTAR PRADESH,Total,Hamirpur,All Modes,112016,87161,24855,48274,34058,14216,22468,17548,4920,20013,17059,2954,10580,8842,1738,3469,3168,301,2000,1806,194,1253,1150,103,3296,2975,321,663,555,108,25.9548043,80.1526271
UTTAR PRADESH,Total,Hamirpur,On foot,34882,26437,8445,0,0,0,19004,14318,4686,10363,7963,2400,5515,4156,1359,0,0,0,0,0,0,0,0,0,0,0,0,0,0,0,25.9548043,80.1526271
UTTAR PRADESH,Total,Hamirpur,Bicycle,13200,12644,556,0,0,0,1669,1591,78,6304,6053,251,2983,2880,103,1251,1207,44,993,913,80,0,0,0,0,0,0,0,0,0,25.9548043,80.1526271
UTTAR PRADESH,Total,Hamirpur,Moped/Scooter/Motor Cycle,6140,5809,331,0,0,0,1088,1035,53,1913,1824,89,1037,955,82,955,900,55,395,375,20,327,311,16,232,225,7,193,184,9,25.9548043,80.1526271
UTTAR PRADESH,Total,Hamirpur,Car/Jeep/Van,1091,942,149,0,0,0,166,140,26,189,158,31,110,90,20,147,134,13,69,60,9,87,85,2,143,131,12,180,144,36,25.9548043,80.1526271
UTTAR PRADESH,Total,Hamirpur,Tempo/Autorickshaw/Taxi,1453,1151,302,0,0,0,141,109,32,358,266,92,434,335,99,312,262,50,76,65,11,50,43,7,51,48,3,31,23,8,25.9548043,80.1526271
UTTAR PRADESH,Total,Hamirpur,Bus,4290,3620,670,0,0,0,174,149,25,539,472,67,285,217,68,680,549,131,412,341,71,605,542,63,1491,1271,220,104,79,25,25.9548043,80.1526271
UTTAR PRADESH,Total,Hamirpur,Train,2082,1949,133,0,0,0,135,129,6,212,202,10,103,101,2,77,71,6,42,40,2,161,147,14,1228,1155,73,124,104,20,25.9548043,80.1526271
UTTAR PRADESH,Total,Hamirpur,Water transport,25,23,2,0,0,0,7,7,0,7,6,1,1,1,0,0,0,0,1,1,0,1,1,0,8,7,1,0,0,0,25.9548043,80.1526271
UTTAR PRADESH,Total,Hamirpur,Any other,579,528,51,0,0,0,84,70,14,128,115,13,112,107,5,47,45,2,12,11,1,22,21,1,143,138,5,31,21,10,25.9548043,80.1526271
UTTAR PRADESH,Total,Hamirpur,No travel,48274,34058,14216,48274,34058,14216,0,0,0,0,0,0,0,0,0,0,0,0,0,0,0,0,0,0,0,0,0,0,0,0,25.9548043,80.1526271
UTTAR PRADESH,Rural,Hamirpur,All Modes,67698,49681,18017,31702,21103,10599,11232,7610,3622,10898,8784,2114,7034,5973,1061,2242,2102,140,1213,1100,113,782,712,70,2286,2046,240,309,251,58,25.9548043,80.1526271
UTTAR PRADESH,Rural,Hamirpur,On foot,19439,13261,6178,0,0,0,9997,6493,3504,6174,4350,1824,3268,2418,850,0,0,0,0,0,0,0,0,0,0,0,0,0,0,0,25.9548043,80.1526271
UTTAR PRADESH,Rural,Hamirpur,Bicycle,8157,7756,401,0,0,0,691,649,42,3363,3189,174,2475,2380,95,1024,984,40,604,554,50,0,0,0,0,0,0,0,0,0,25.9548043,80.1526271
UTTAR PRADESH,Rural,Hamirpur,Moped/Scooter/Motor Cycle,2441,2322,119,0,0,0,218,196,22,661,636,25,551,522,29,474,455,19,206,196,10,157,150,7,118,112,6,56,55,1,25.9548043,80.1526271
UTTAR PRADESH,Rural,Hamirpur,Car/Jeep/Van,513,447,66,0,0,0,53,42,11,97,83,14,64,57,7,67,62,5,35,33,2,43,42,1,77,70,7,77,58,19,25.9548043,80.1526271
UTTAR PRADESH,Rural,Hamirpur,Tempo/Autorickshaw/Taxi,997,861,136,0,0,0,65,47,18,196,165,31,350,300,50,221,201,20,64,58,6,48,41,7,35,34,1,18,15,3,25.9548043,80.1526271
UTTAR PRADESH,Rural,Hamirpur,Bus,2614,2219,395,0,0,0,92,75,17,208,175,33,163,140,23,367,316,51,264,221,43,432,387,45,1026,858,168,62,47,15,25.9548043,80.1526271
UTTAR PRADESH,Rural,Hamirpur,Train,1475,1382,93,0,0,0,71,68,3,139,132,7,83,81,2,54,50,4,30,29,1,90,80,10,935,880,55,73,62,11,25.9548043,80.1526271
UTTAR PRADESH,Rural,Hamirpur,Water transport,19,17,2,0,0,0,4,4,0,5,4,1,1,1,0,0,0,0,1,1,0,1,1,0,7,6,1,0,0,0,25.9548043,80.1526271
UTTAR PRADESH,Rural,Hamirpur,Any other,341,313,28,0,0,0,41,36,5,55,50,5,79,74,5,35,34,1,9,8,1,11,11,0,88,86,2,23,14,9,25.9548043,80.1526271
UTTAR PRADESH,Rural,Hamirpur,No travel,31702,21103,10599,31702,21103,10599,0,0,0,0,0,0,0,0,0,0,0,0,0,0,0,0,0,0,0,0,0,0,0,0,25.9548043,80.1526271
UTTAR PRADESH,Urban,Hamirpur,All Modes,44318,37480,6838,16572,12955,3617,11236,9938,1298,9115,8275,840,3546,2869,677,1227,1066,161,787,706,81,471,438,33,1010,929,81,354,304,50,25.9548043,80.1526271
UTTAR PRADESH,Urban,Hamirpur,On foot,15443,13176,2267,0,0,0,9007,7825,1182,4189,3613,576,2247,1738,509,0,0,0,0,0,0,0,0,0,0,0,0,0,0,0,25.9548043,80.1526271
UTTAR PRADESH,Urban,Hamirpur,Bicycle,5043,4888,155,0,0,0,978,942,36,2941,2864,77,508,500,8,227,223,4,389,359,30,0,0,0,0,0,0,0,0,0,25.9548043,80.1526271
UTTAR PRADESH,Urban,Hamirpur,Moped/Scooter/Motor Cycle,3699,3487,212,0,0,0,870,839,31,1252,1188,64,486,433,53,481,445,36,189,179,10,170,161,9,114,113,1,137,129,8,25.9548043,80.1526271
UTTAR PRADESH,Urban,Hamirpur,Car/Jeep/Van,578,495,83,0,0,0,113,98,15,92,75,17,46,33,13,80,72,8,34,27,7,44,43,1,66,61,5,103,86,17,25.9548043,80.1526271
UTTAR PRADESH,Urban,Hamirpur,Tempo/Autorickshaw/Taxi,456,290,166,0,0,0,76,62,14,162,101,61,84,35,49,91,61,30,12,7,5,2,2,0,16,14,2,13,8,5,25.9548043,80.1526271
UTTAR PRADESH,Urban,Hamirpur,Bus,1676,1401,275,0,0,0,82,74,8,331,297,34,122,77,45,313,233,80,148,120,28,173,155,18,465,413,52,42,32,10,25.9548043,80.1526271
UTTAR PRADESH,Urban,Hamirpur,Train,607,567,40,0,0,0,64,61,3,73,70,3,20,20,0,23,21,2,12,11,1,71,67,4,293,275,18,51,42,9,25.9548043,80.1526271
UTTAR PRADESH,Urban,Hamirpur,Water transport,6,6,0,0,0,0,3,3,0,2,2,0,0,0,0,0,0,0,0,0,0,0,0,0,1,1,0,0,0,0,25.9548043,80.1526271
UTTAR PRADESH,Urban,Hamirpur,Any other,238,215,23,0,0,0,43,34,9,73,65,8,33,33,0,12,11,1,3,3,0,11,10,1,55,52,3,8,7,1,25.9548043,80.1526271
UTTAR PRADESH,Urban,Hamirpur,No travel,16572,12955,3617,16572,12955,3617,0,0,0,0,0,0,0,0,0,0,0,0,0,0,0,0,0,0,0,0,0,0,0,0,25.9548043,80.1526271
MADHYA PRADESH,Total,Panna,All Modes,85505,62938,22567,27575,18770,8805,17316,12657,4659,22700,17218,5482,9423,7015,2408,2799,2430,369,1922,1677,245,1237,1085,152,2040,1685,355,493,401,92,24.7180311,80.1819268
MADHYA PRADESH,Total,Panna,On foot,32913,21931,10982,0,0,0,13743,9396,4347,13901,9246,4655,5269,3289,1980,0,0,0,0,0,0,0,0,0,0,0,0,0,0,0,24.7180311,80.1819268
MADHYA PRADESH,Total,Panna,Bicycle,11193,10685,508,0,0,0,1720,1648,72,5552,5297,255,2323,2220,103,955,926,29,643,594,49,0,0,0,0,0,0,0,0,0,24.7180311,80.1819268
MADHYA PRADESH,Total,Panna,Moped/Scooter/Motor Cycle,6398,5795,603,0,0,0,1407,1295,112,2253,1989,264,1044,941,103,742,684,58,360,341,19,269,253,16,149,141,8,174,151,23,24.7180311,80.1819268
MADHYA PRADESH,Total,Panna,Car/Jeep/Van,546,452,94,0,0,0,106,84,22,112,87,25,41,29,12,57,39,18,45,42,3,90,84,6,71,65,6,24,22,2,24.7180311,80.1819268
MADHYA PRADESH,Total,Panna,Tempo/Autorickshaw/Taxi,376,247,129,0,0,0,40,23,17,148,84,64,68,45,23,46,34,12,26,23,3,18,15,3,17,13,4,13,10,3,24.7180311,80.1819268
MADHYA PRADESH,Total,Panna,Bus,5074,3898,1176,0,0,0,164,118,46,515,333,182,569,393,176,933,684,249,824,654,170,812,689,123,1114,924,190,143,103,40,24.7180311,80.1819268
MADHYA PRADESH,Total,Panna,Train,1146,910,236,0,0,0,104,70,34,145,121,24,59,49,10,36,34,2,14,13,1,28,25,3,635,494,141,125,104,21,24.7180311,80.1819268
MADHYA PRADESH,Total,Panna,Water transport,11,9,2,0,0,0,5,4,1,1,0,1,2,2,0,1,1,0,0,0,0,0,0,0,1,1,0,1,1,0,24.7180311,80.1819268
MADHYA PRADESH,Total,Panna,Any other,273,241,32,0,0,0,27,19,8,73,61,12,48,47,1,29,28,1,10,10,0,20,19,1,53,47,6,13,10,3,24.7180311,80.1819268
MADHYA PRADESH,Total,Panna,No travel,27575,18770,8805,27575,18770,8805,0,0,0,0,0,0,0,0,0,0,0,0,0,0,0,0,0,0,0,0,0,0,0,0,24.7180311,80.1819268
MADHYA PRADESH,Rural,Panna,All Modes,56764,39745,17019,19640,12642,6998,9100,5943,3157,15220,11051,4169,7186,5229,1957,2022,1801,221,1162,1034,128,722,652,70,1396,1140,256,316,253,63,24.7180311,80.1819268
MADHYA PRADESH,Rural,Panna,On foot,22493,14068,8425,0,0,0,7897,4874,3023,10570,6824,3746,4026,2370,1656,0,0,0,0,0,0,0,0,0,0,0,0,0,0,0,24.7180311,80.1819268
MADHYA PRADESH,Rural,Panna,Bicycle,6924,6567,357,0,0,0,579,542,37,3197,3022,175,1917,1828,89,826,802,24,405,373,32,0,0,0,0,0,0,0,0,0,24.7180311,80.1819268
MADHYA PRADESH,Rural,Panna,Moped/Scooter/Motor Cycle,2965,2683,282,0,0,0,390,361,29,883,779,104,693,619,74,441,410,31,225,210,15,161,149,12,91,86,5,81,69,12,24.7180311,80.1819268
MADHYA PRADESH,Rural,Panna,Car/Jeep/Van,238,204,34,0,0,0,43,34,9,45,37,8,26,17,9,28,25,3,21,20,1,43,40,3,19,19,0,13,12,1,24.7180311,80.1819268
MADHYA PRADESH,Rural,Panna,Tempo/Autorickshaw/Taxi,236,168,68,0,0,0,20,11,9,85,58,27,50,31,19,38,28,10,18,18,0,9,9,0,7,6,1,9,7,2,24.7180311,80.1819268
MADHYA PRADESH,Rural,Panna,Bus,3121,2490,631,0,0,0,84,63,21,302,213,89,382,282,100,638,487,151,475,395,80,470,419,51,673,558,115,97,73,24,24.7180311,80.1819268
MADHYA PRADESH,Rural,Panna,Train,959,754,205,0,0,0,73,46,27,103,88,15,48,39,9,27,26,1,11,11,0,23,20,3,563,434,129,111,90,21,24.7180311,80.1819268
MADHYA PRADESH,Rural,Panna,Water transport,7,6,1,0,0,0,4,4,0,1,0,1,2,2,0,0,0,0,0,0,0,0,0,0,0,0,0,0,0,0,24.7180311,80.1819268
MADHYA PRADESH,Rural,Panna,Any other,181,163,18,0,0,0,10,8,2,34,30,4,42,41,1,24,23,1,7,7,0,16,15,1,43,37,6,5,2,3,24.7180311,80.1819268
MADHYA PRADESH,Rural,Panna,No travel,19640,12642,6998,19640,12642,6998,0,0,0,0,0,0,0,0,0,0,0,0,0,0,0,0,0,0,0,0,0,0,0,0,24.7180311,80.1819268
MADHYA PRADESH,Urban,Panna,All Modes,28741,23193,5548,7935,6128,1807,8216,6714,1502,7480,6167,1313,2237,1786,451,777,629,148,760,643,117,515,433,82,644,545,99,177,148,29,24.7180311,80.1819268
MADHYA PRADESH,Urban,Panna,On foot,10420,7863,2557,0,0,0,5846,4522,1324,3331,2422,909,1243,919,324,0,0,0,0,0,0,0,0,0,0,0,0,0,0,0,24.7180311,80.1819268
MADHYA PRADESH,Urban,Panna,Bicycle,4269,4118,151,0,0,0,1141,1106,35,2355,2275,80,406,392,14,129,124,5,238,221,17,0,0,0,0,0,0,0,0,0,24.7180311,80.1819268
MADHYA PRADESH,Urban,Panna,Moped/Scooter/Motor Cycle,3433,3112,321,0,0,0,1017,934,83,1370,1210,160,351,322,29,301,274,27,135,131,4,108,104,4,58,55,3,93,82,11,24.7180311,80.1819268
MADHYA PRADESH,Urban,Panna,Car/Jeep/Van,308,248,60,0,0,0,63,50,13,67,50,17,15,12,3,29,14,15,24,22,2,47,44,3,52,46,6,11,10,1,24.7180311,80.1819268
MADHYA PRADESH,Urban,Panna,Tempo/Autorickshaw/Taxi,140,79,61,0,0,0,20,12,8,63,26,37,18,14,4,8,6,2,8,5,3,9,6,3,10,7,3,4,3,1,24.7180311,80.1819268
MADHYA PRADESH,Urban,Panna,Bus,1953,1408,545,0,0,0,80,55,25,213,120,93,187,111,76,295,197,98,349,259,90,342,270,72,441,366,75,46,30,16,24.7180311,80.1819268
MADHYA PRADESH,Urban,Panna,Train,187,156,31,0,0,0,31,24,7,42,33,9,11,10,1,9,8,1,3,2,1,5,5,0,72,60,12,14,14,0,24.7180311,80.1819268
MADHYA PRADESH,Urban,Panna,Water transport,4,3,1,0,0,0,1,0,1,0,0,0,0,0,0,1,1,0,0,0,0,0,0,0,1,1,0,1,1,0,24.7180311,80.1819268
MADHYA PRADESH,Urban,Panna,Any other,92,78,14,0,0,0,17,11,6,39,31,8,6,6,0,5,5,0,3,3,0,4,4,0,10,10,0,8,8,0,24.7180311,80.1819268
MADHYA PRADESH,Urban,Panna,No travel,7935,6128,1807,7935,6128,1807,0,0,0,0,0,0,0,0,0,0,0,0,0,0,0,0,0,0,0,0,0,0,0,0,24.7180311,80.1819268
MADHYA PRADESH,Total,Balaghat,All Modes,156188,113770,42418,42209,26363,15846,34611,23690,10921,43076,33070,10006,17945,14535,3410,7615,6753,862,3747,3333,414,2334,2024,310,3730,3220,510,921,782,139,21.812876,80.1838293
MADHYA PRADESH,Total,Balaghat,On foot,44174,25027,19147,0,0,0,23279,13375,9904,15996,8700,7296,4899,2952,1947,0,0,0,0,0,0,0,0,0,0,0,0,0,0,0,21.812876,80.1838293
MADHYA PRADESH,Total,Balaghat,Bicycle,36385,33889,2496,0,0,0,5917,5510,407,17405,16092,1313,8174,7637,537,3328,3200,128,1561,1450,111,0,0,0,0,0,0,0,0,0,21.812876,80.1838293
MADHYA PRADESH,Total,Balaghat,Moped/Scooter/Motor Cycle,21997,19735,2262,0,0,0,4723,4259,464,8316,7319,997,3568,3158,410,2635,2407,228,1014,955,59,861,814,47,484,466,18,396,357,39,21.812876,80.1838293
MADHYA PRADESH,Total,Balaghat,Car/Jeep/Van,1239,1037,202,0,0,0,211,173,38,273,241,32,154,103,51,174,127,47,94,87,7,145,134,11,138,130,8,50,42,8,21.812876,80.1838293
MADHYA PRADESH,Total,Balaghat,Tempo/Autorickshaw/Taxi,729,508,221,0,0,0,68,47,21,243,154,89,252,165,87,85,71,14,25,23,2,19,18,1,18,18,0,19,12,7,21.812876,80.1838293
MADHYA PRADESH,Total,Balaghat,Bus,5824,4091,1733,0,0,0,144,101,43,451,228,223,676,324,352,1176,758,418,875,663,212,999,787,212,1319,1088,231,184,142,42,21.812876,80.1838293
MADHYA PRADESH,Total,Balaghat,Train,2985,2553,432,0,0,0,172,139,33,158,131,27,105,91,14,158,135,23,156,136,20,276,241,35,1713,1467,246,247,213,34,21.812876,80.1838293
MADHYA PRADESH,Total,Balaghat,Water transport,29,23,6,0,0,0,10,7,3,1,1,0,7,6,1,3,2,1,2,2,0,3,3,0,1,1,0,2,1,1,21.812876,80.1838293
MADHYA PRADESH,Total,Balaghat,Any other,617,544,73,0,0,0,87,79,8,233,204,29,110,99,11,56,53,3,20,17,3,31,27,4,57,50,7,23,15,8,21.812876,80.1838293
MADHYA PRADESH,Total,Balaghat,No travel,42209,26363,15846,42209,26363,15846,0,0,0,0,0,0,0,0,0,0,0,0,0,0,0,0,0,0,0,0,0,0,0,0,21.812876,80.1838293
MADHYA PRADESH,Rural,Balaghat,All Modes,89610,62498,27112,29800,17814,11986,15326,9141,6185,20245,15064,5181,12901,10418,2483,5119,4640,479,2157,1942,215,1098,961,137,2423,2067,356,541,451,90,21.812876,80.1838293
MADHYA PRADESH,Rural,Balaghat,On foot,23916,12702,11214,0,0,0,12151,6359,5792,8261,4365,3896,3504,1978,1526,0,0,0,0,0,0,0,0,0,0,0,0,0,0,0,21.812876,80.1838293
MADHYA PRADESH,Rural,Balaghat,Bicycle,21562,19857,1705,0,0,0,2232,1993,239,8857,8056,801,6640,6164,476,2805,2697,108,1028,947,81,0,0,0,0,0,0,0,0,0,21.812876,80.1838293
MADHYA PRADESH,Rural,Balaghat,Moped/Scooter/Motor Cycle,8055,7236,819,0,0,0,679,598,81,2635,2309,326,2009,1802,207,1448,1325,123,517,486,31,391,362,29,218,209,9,158,145,13,21.812876,80.1838293
MADHYA PRADESH,Rural,Balaghat,Car/Jeep/Van,488,366,122,0,0,0,44,30,14,55,43,12,103,59,44,113,75,38,39,37,2,52,49,3,56,51,5,26,22,4,21.812876,80.1838293
MADHYA PRADESH,Rural,Balaghat,Tempo/Autorickshaw/Taxi,337,238,99,0,0,0,20,12,8,80,51,29,141,97,44,54,41,13,11,11,0,10,9,1,12,12,0,9,5,4,21.812876,80.1838293
MADHYA PRADESH,Rural,Balaghat,Bus,2825,2032,793,0,0,0,70,47,23,212,116,96,345,179,166,547,364,183,444,355,89,444,359,85,642,519,123,121,93,28,21.812876,80.1838293
MADHYA PRADESH,Rural,Balaghat,Train,2307,1975,332,0,0,0,96,74,22,79,64,15,80,69,11,104,93,11,108,97,11,174,159,15,1461,1246,215,205,173,32,21.812876,80.1838293
MADHYA PRADESH,Rural,Balaghat,Water transport,22,17,5,0,0,0,8,5,3,0,0,0,6,6,0,2,1,1,2,2,0,2,2,0,0,0,0,2,1,1,21.812876,80.1838293
MADHYA PRADESH,Rural,Balaghat,Any other,298,261,37,0,0,0,26,23,3,66,60,6,73,64,9,46,44,2,8,7,1,25,21,4,34,30,4,20,12,8,21.812876,80.1838293
MADHYA PRADESH,Rural,Balaghat,No travel,29800,17814,11986,29800,17814,11986,0,0,0,0,0,0,0,0,0,0,0,0,0,0,0,0,0,0,0,0,0,0,0,0,21.812876,80.1838293
MADHYA PRADESH,Urban,Balaghat,All Modes,66578,51272,15306,12409,8549,3860,19285,14549,4736,22831,18006,4825,5044,4117,927,2496,2113,383,1590,1391,199,1236,1063,173,1307,1153,154,380,331,49,21.812876,80.1838293
MADHYA PRADESH,Urban,Balaghat,On foot,20258,12325,7933,0,0,0,11128,7016,4112,7735,4335,3400,1395,974,421,0,0,0,0,0,0,0,0,0,0,0,0,0,0,0,21.812876,80.1838293
MADHYA PRADESH,Urban,Balaghat,Bicycle,14823,14032,791,0,0,0,3685,3517,168,8548,8036,512,1534,1473,61,523,503,20,533,503,30,0,0,0,0,0,0,0,0,0,21.812876,80.1838293
MADHYA PRADESH,Urban,Balaghat,Moped/Scooter/Motor Cycle,13942,12499,1443,0,0,0,4044,3661,383,5681,5010,671,1559,1356,203,1187,1082,105,497,469,28,470,452,18,266,257,9,238,212,26,21.812876,80.1838293
MADHYA PRADESH,Urban,Balaghat,Car/Jeep/Van,751,671,80,0,0,0,167,143,24,218,198,20,51,44,7,61,52,9,55,50,5,93,85,8,82,79,3,24,20,4,21.812876,80.1838293
MADHYA PRADESH,Urban,Balaghat,Tempo/Autorickshaw/Taxi,392,270,122,0,0,0,48,35,13,163,103,60,111,68,43,31,30,1,14,12,2,9,9,0,6,6,0,10,7,3,21.812876,80.1838293
MADHYA PRADESH,Urban,Balaghat,Bus,2999,2059,940,0,0,0,74,54,20,239,112,127,331,145,186,629,394,235,431,308,123,555,428,127,677,569,108,63,49,14,21.812876,80.1838293
MADHYA PRADESH,Urban,Balaghat,Train,678,578,100,0,0,0,76,65,11,79,67,12,25,22,3,54,42,12,48,39,9,102,82,20,252,221,31,42,40,2,21.812876,80.1838293
MADHYA PRADESH,Urban,Balaghat,Water transport,7,6,1,0,0,0,2,2,0,1,1,0,1,0,1,1,1,0,0,0,0,1,1,0,1,1,0,0,0,0,21.812876,80.1838293
MADHYA PRADESH,Urban,Balaghat,Any other,319,283,36,0,0,0,61,56,5,167,144,23,37,35,2,10,9,1,12,10,2,6,6,0,23,20,3,3,3,0,21.812876,80.1838293
MADHYA PRADESH,Urban,Balaghat,No travel,12409,8549,3860,12409,8549,3860,0,0,0,0,0,0,0,0,0,0,0,0,0,0,0,0,0,0,0,0,0,0,0,0,21.812876,80.1838293
MAHARASHTRA,Total,Gondiya,All Modes,164971,121915,43056,53596,32211,21385,24757,17736,7021,44978,35653,9325,19926,16763,3163,9488,8650,838,4956,4482,474,2426,2174,252,3702,3261,441,1142,985,157,21.4549477,80.1960712
MAHARASHTRA,Total,Gondiya,On foot,33526,18933,14593,0,0,0,14939,8736,6203,13973,7539,6434,4614,2658,1956,0,0,0,0,0,0,0,0,0,0,0,0,0,0,0,21.4549477,80.1960712
MAHARASHTRA,Total,Gondiya,Bicycle,40797,38772,2025,0,0,0,4849,4594,255,19195,18083,1112,10320,9928,392,4390,4255,135,2043,1912,131,0,0,0,0,0,0,0,0,0,21.4549477,80.1960712
MAHARASHTRA,Total,Gondiya,Moped/Scooter/Motor Cycle,24533,21848,2685,0,0,0,4197,3815,382,9982,8668,1314,3765,3307,458,3269,2982,287,1343,1250,93,907,856,51,523,478,45,547,492,55,21.4549477,80.1960712
MAHARASHTRA,Total,Gondiya,Car/Jeep/Van,1344,1195,149,0,0,0,193,157,36,354,300,54,157,144,13,157,145,12,149,141,8,111,101,10,168,158,10,55,49,6,21.4549477,80.1960712
MAHARASHTRA,Total,Gondiya,Tempo/Autorickshaw/Taxi,1704,1297,407,0,0,0,156,121,35,540,371,169,347,252,95,299,238,61,134,123,11,75,67,8,81,66,15,72,59,13,21.4549477,80.1960712
MAHARASHTRA,Total,Gondiya,Bus,3631,2550,1081,0,0,0,154,92,62,404,239,165,454,242,212,867,570,297,618,478,140,528,434,94,496,418,78,110,77,33,21.4549477,80.1960712
MAHARASHTRA,Total,Gondiya,Train,5008,4373,635,0,0,0,196,159,37,264,210,54,148,126,22,413,374,39,629,542,87,733,658,75,2329,2052,277,296,252,44,21.4549477,80.1960712
MAHARASHTRA,Total,Gondiya,Water transport,33,26,7,0,0,0,10,9,1,8,7,1,4,3,1,0,0,0,2,2,0,1,0,1,3,2,1,5,3,2,21.4549477,80.1960712
MAHARASHTRA,Total,Gondiya,Any other,799,710,89,0,0,0,63,53,10,258,236,22,117,103,14,93,86,7,38,34,4,71,58,13,102,87,15,57,53,4,21.4549477,80.1960712
MAHARASHTRA,Total,Gondiya,No travel,53596,32211,21385,53596,32211,21385,0,0,0,0,0,0,0,0,0,0,0,0,0,0,0,0,0,0,0,0,0,0,0,0,21.4549477,80.1960712
MAHARASHTRA,Rural,Gondiya,All Modes,98520,70610,27910,36392,21085,15307,13096,8703,4393,20291,15479,4812,14911,12693,2218,7278,6785,493,2766,2529,237,1369,1226,143,1895,1665,230,522,445,77,21.4549477,80.1960712
MAHARASHTRA,Rural,Gondiya,On foot,19618,10413,9205,0,0,0,8995,4954,4041,7427,3732,3695,3196,1727,1469,0,0,0,0,0,0,0,0,0,0,0,0,0,0,0,21.4549477,80.1960712
MAHARASHTRA,Rural,Gondiya,Bicycle,25895,24613,1282,0,0,0,2431,2292,139,9264,8669,595,8905,8560,345,4051,3930,121,1244,1162,82,0,0,0,0,0,0,0,0,0,21.4549477,80.1960712
MAHARASHTRA,Rural,Gondiya,Moped/Scooter/Motor Cycle,9878,8990,888,0,0,0,1261,1142,119,2885,2555,330,2050,1841,209,1977,1853,124,780,731,49,532,505,27,211,198,13,182,165,17,21.4549477,80.1960712
MAHARASHTRA,Rural,Gondiya,Car/Jeep/Van,620,551,69,0,0,0,82,65,17,117,95,22,80,74,6,92,85,7,55,50,5,75,70,5,87,82,5,32,30,2,21.4549477,80.1960712
MAHARASHTRA,Rural,Gondiya,Tempo/Autorickshaw/Taxi,961,766,195,0,0,0,79,66,13,200,146,54,229,171,58,223,180,43,90,82,8,48,45,3,47,38,9,45,38,7,21.4549477,80.1960712
MAHARASHTRA,Rural,Gondiya,Bus,2255,1654,601,0,0,0,98,62,36,206,126,80,287,178,109,583,409,174,351,288,63,336,273,63,322,273,49,72,45,27,21.4549477,80.1960712
MAHARASHTRA,Rural,Gondiya,Train,2429,2128,301,0,0,0,107,85,22,111,85,26,78,69,9,278,261,17,219,190,29,322,288,34,1155,1012,143,159,138,21,21.4549477,80.1960712
MAHARASHTRA,Rural,Gondiya,Water transport,19,15,4,0,0,0,5,4,1,5,5,0,3,2,1,0,0,0,1,1,0,0,0,0,1,1,0,4,2,2,21.4549477,80.1960712
MAHARASHTRA,Rural,Gondiya,Any other,453,395,58,0,0,0,38,33,5,76,66,10,83,71,12,74,67,7,26,25,1,56,45,11,72,61,11,28,27,1,21.4549477,80.1960712
MAHARASHTRA,Rural,Gondiya,No travel,36392,21085,15307,36392,21085,15307,0,0,0,0,0,0,0,0,0,0,0,0,0,0,0,0,0,0,0,0,0,0,0,0,21.4549477,80.1960712
MAHARASHTRA,Urban,Gondiya,All Modes,66451,51305,15146,17204,11126,6078,11661,9033,2628,24687,20174,4513,5015,4070,945,2210,1865,345,2190,1953,237,1057,948,109,1807,1596,211,620,540,80,21.4549477,80.1960712
MAHARASHTRA,Urban,Gondiya,On foot,13908,8520,5388,0,0,0,5944,3782,2162,6546,3807,2739,1418,931,487,0,0,0,0,0,0,0,0,0,0,0,0,0,0,0,21.4549477,80.1960712
MAHARASHTRA,Urban,Gondiya,Bicycle,14902,14159,743,0,0,0,2418,2302,116,9931,9414,517,1415,1368,47,339,325,14,799,750,49,0,0,0,0,0,0,0,0,0,21.4549477,80.1960712
MAHARASHTRA,Urban,Gondiya,Moped/Scooter/Motor Cycle,14655,12858,1797,0,0,0,2936,2673,263,7097,6113,984,1715,1466,249,1292,1129,163,563,519,44,375,351,24,312,280,32,365,327,38,21.4549477,80.1960712
MAHARASHTRA,Urban,Gondiya,Car/Jeep/Van,724,644,80,0,0,0,111,92,19,237,205,32,77,70,7,65,60,5,94,91,3,36,31,5,81,76,5,23,19,4,21.4549477,80.1960712
MAHARASHTRA,Urban,Gondiya,Tempo/Autorickshaw/Taxi,743,531,212,0,0,0,77,55,22,340,225,115,118,81,37,76,58,18,44,41,3,27,22,5,34,28,6,27,21,6,21.4549477,80.1960712
MAHARASHTRA,Urban,Gondiya,Bus,1376,896,480,0,0,0,56,30,26,198,113,85,167,64,103,284,161,123,267,190,77,192,161,31,174,145,29,38,32,6,21.4549477,80.1960712
MAHARASHTRA,Urban,Gondiya,Train,2579,2245,334,0,0,0,89,74,15,153,125,28,70,57,13,135,113,22,410,352,58,411,370,41,1174,1040,134,137,114,23,21.4549477,80.1960712
MAHARASHTRA,Urban,Gondiya,Water transport,14,11,3,0,0,0,5,5,0,3,2,1,1,1,0,0,0,0,1,1,0,1,0,1,2,1,1,1,1,0,21.4549477,80.1960712
MAHARASHTRA,Urban,Gondiya,Any other,346,315,31,0,0,0,25,20,5,182,170,12,34,32,2,19,19,0,12,9,3,15,13,2,30,26,4,29,26,3,21.4549477,80.1960712
MAHARASHTRA,Urban,Gondiya,No travel,17204,11126,6078,17204,11126,6078,0,0,0,0,0,0,0,0,0,0,0,0,0,0,0,0,0,0,0,0,0,0,0,0,21.4549477,80.1960712
UTTARAKHAND,Total,Pithoragarh,All Modes,67671,54627,13044,24699,19204,5495,17370,13546,3824,14831,12693,2138,5395,4639,756,2058,1691,367,1127,918,209,668,549,119,1335,1225,110,188,162,26,29.5828604,80.2181884
UTTARAKHAND,Total,Pithoragarh,On foot,31513,25717,5796,0,0,0,16489,12772,3717,11828,10134,1694,3196,2811,385,0,0,0,0,0,0,0,0,0,0,0,0,0,0,0,29.5828604,80.2181884
UTTARAKHAND,Total,Pithoragarh,Bicycle,312,261,51,0,0,0,78,63,15,149,125,24,29,26,3,17,16,1,39,31,8,0,0,0,0,0,0,0,0,0,29.5828604,80.2181884
UTTARAKHAND,Total,Pithoragarh,Moped/Scooter/Motor Cycle,1734,1656,78,0,0,0,329,316,13,705,674,31,268,256,12,257,246,11,93,88,5,42,39,3,14,11,3,26,26,0,29.5828604,80.2181884
UTTARAKHAND,Total,Pithoragarh,Car/Jeep/Van,6902,5569,1333,0,0,0,356,301,55,1709,1383,326,1544,1238,306,1445,1140,305,803,639,164,459,363,96,498,437,61,88,68,20,29.5828604,80.2181884
UTTARAKHAND,Total,Pithoragarh,Tempo/Autorickshaw/Taxi,514,412,102,0,0,0,11,11,0,108,86,22,108,89,19,103,84,19,75,55,20,58,46,12,41,33,8,10,8,2,29.5828604,80.2181884
UTTARAKHAND,Total,Pithoragarh,Bus,1576,1410,166,0,0,0,52,41,11,181,144,37,215,186,29,214,185,29,102,90,12,98,90,8,670,633,37,44,41,3,29.5828604,80.2181884
UTTARAKHAND,Total,Pithoragarh,Train,167,154,13,0,0,0,38,30,8,33,32,1,6,5,1,5,4,1,5,5,0,0,0,0,70,69,1,10,9,1,29.5828604,80.2181884
UTTARAKHAND,Total,Pithoragarh,Water transport,16,13,3,0,0,0,5,3,2,1,0,1,4,4,0,1,1,0,0,0,0,0,0,0,3,3,0,2,2,0,29.5828604,80.2181884
UTTARAKHAND,Total,Pithoragarh,Any other,238,231,7,0,0,0,12,9,3,117,115,2,25,24,1,16,15,1,10,10,0,11,11,0,39,39,0,8,8,0,29.5828604,80.2181884
UTTARAKHAND,Total,Pithoragarh,No travel,24699,19204,5495,24699,19204,5495,0,0,0,0,0,0,0,0,0,0,0,0,0,0,0,0,0,0,0,0,0,0,0,0,29.5828604,80.2181884
UTTARAKHAND,Rural,Pithoragarh,All Modes,49188,40017,9171,18849,14937,3912,11182,8386,2796,11242,9594,1648,4262,3778,484,1446,1279,167,726,652,74,423,388,35,945,901,44,113,102,11,29.5828604,80.2181884
UTTARAKHAND,Rural,Pithoragarh,On foot,22720,18295,4425,0,0,0,10774,8027,2747,9326,7941,1385,2620,2327,293,0,0,0,0,0,0,0,0,0,0,0,0,0,0,0,29.5828604,80.2181884
UTTARAKHAND,Rural,Pithoragarh,Bicycle,218,183,35,0,0,0,55,47,8,106,86,20,19,17,2,14,14,0,24,19,5,0,0,0,0,0,0,0,0,0,29.5828604,80.2181884
UTTARAKHAND,Rural,Pithoragarh,Moped/Scooter/Motor Cycle,834,800,34,0,0,0,68,63,5,341,324,17,171,166,5,164,161,3,55,52,3,21,21,0,5,4,1,9,9,0,29.5828604,80.2181884
UTTARAKHAND,Rural,Pithoragarh,Car/Jeep/Van,4666,4024,642,0,0,0,204,179,25,1127,930,197,1158,998,160,1003,865,138,526,465,61,278,248,30,321,298,23,49,41,8,29.5828604,80.2181884
UTTARAKHAND,Rural,Pithoragarh,Tempo/Autorickshaw/Taxi,324,290,34,0,0,0,8,8,0,71,60,11,75,70,5,68,59,9,40,38,2,38,35,3,18,15,3,6,5,1,29.5828604,80.2181884
UTTARAKHAND,Rural,Pithoragarh,Bus,1213,1141,72,0,0,0,36,33,3,126,112,14,185,168,17,176,161,15,68,65,3,76,74,2,515,498,17,31,30,1,29.5828604,80.2181884
UTTARAKHAND,Rural,Pithoragarh,Train,128,119,9,0,0,0,25,20,5,30,29,1,6,5,1,4,3,1,4,4,0,0,0,0,51,51,0,8,7,1,29.5828604,80.2181884
UTTARAKHAND,Rural,Pithoragarh,Water transport,12,9,3,0,0,0,4,2,2,1,0,1,3,3,0,1,1,0,0,0,0,0,0,0,1,1,0,2,2,0,29.5828604,80.2181884
UTTARAKHAND,Rural,Pithoragarh,Any other,224,219,5,0,0,0,8,7,1,114,112,2,25,24,1,16,15,1,9,9,0,10,10,0,34,34,0,8,8,0,29.5828604,80.2181884
UTTARAKHAND,Rural,Pithoragarh,No travel,18849,14937,3912,18849,14937,3912,0,0,0,0,0,0,0,0,0,0,0,0,0,0,0,0,0,0,0,0,0,0,0,0,29.5828604,80.2181884
UTTARAKHAND,Urban,Pithoragarh,All Modes,18483,14610,3873,5850,4267,1583,6188,5160,1028,3589,3099,490,1133,861,272,612,412,200,401,266,135,245,161,84,390,324,66,75,60,15,29.5828604,80.2181884
UTTARAKHAND,Urban,Pithoragarh,On foot,8793,7422,1371,0,0,0,5715,4745,970,2502,2193,309,576,484,92,0,0,0,0,0,0,0,0,0,0,0,0,0,0,0,29.5828604,80.2181884
UTTARAKHAND,Urban,Pithoragarh,Bicycle,94,78,16,0,0,0,23,16,7,43,39,4,10,9,1,3,2,1,15,12,3,0,0,0,0,0,0,0,0,0,29.5828604,80.2181884
UTTARAKHAND,Urban,Pithoragarh,Moped/Scooter/Motor Cycle,900,856,44,0,0,0,261,253,8,364,350,14,97,90,7,93,85,8,38,36,2,21,18,3,9,7,2,17,17,0,29.5828604,80.2181884
UTTARAKHAND,Urban,Pithoragarh,Car/Jeep/Van,2236,1545,691,0,0,0,152,122,30,582,453,129,386,240,146,442,275,167,277,174,103,181,115,66,177,139,38,39,27,12,29.5828604,80.2181884
UTTARAKHAND,Urban,Pithoragarh,Tempo/Autorickshaw/Taxi,190,122,68,0,0,0,3,3,0,37,26,11,33,19,14,35,25,10,35,17,18,20,11,9,23,18,5,4,3,1,29.5828604,80.2181884
UTTARAKHAND,Urban,Pithoragarh,Bus,363,269,94,0,0,0,16,8,8,55,32,23,30,18,12,38,24,14,34,25,9,22,16,6,155,135,20,13,11,2,29.5828604,80.2181884
UTTARAKHAND,Urban,Pithoragarh,Train,39,35,4,0,0,0,13,10,3,3,3,0,0,0,0,1,1,0,1,1,0,0,0,0,19,18,1,2,2,0,29.5828604,80.2181884
UTTARAKHAND,Urban,Pithoragarh,Water transport,4,4,0,0,0,0,1,1,0,0,0,0,1,1,0,0,0,0,0,0,0,0,0,0,2,2,0,0,0,0,29.5828604,80.2181884
UTTARAKHAND,Urban,Pithoragarh,Any other,14,12,2,0,0,0,4,2,2,3,3,0,0,0,0,0,0,0,1,1,0,1,1,0,5,5,0,0,0,0,29.5828604,80.2181884
UTTARAKHAND,Urban,Pithoragarh,No travel,5850,4267,1583,5850,4267,1583,0,0,0,0,0,0,0,0,0,0,0,0,0,0,0,0,0,0,0,0,0,0,0,0,29.5828604,80.2181884
UTTAR PRADESH,Total,Kanpur Nagar,All Modes,1046157,885419,160738,313075,232762,80313,144663,122143,22520,260370,232947,27423,180989,164142,16847,72665,67016,5649,29388,26867,2521,13216,11636,1580,20764,18293,2471,11027,9613,1414,26.4148245,80.2321313
UTTAR PRADESH,Total,Kanpur Nagar,On foot,210644,174875,35769,0,0,0,104487,85659,18828,71298,60113,11185,34859,29103,5756,0,0,0,0,0,0,0,0,0,0,0,0,0,0,0,26.4148245,80.2321313
UTTAR PRADESH,Total,Kanpur Nagar,Bicycle,229290,220429,8861,0,0,0,19893,18789,1104,102138,97941,4197,64686,62678,2008,26893,26236,657,15680,14785,895,0,0,0,0,0,0,0,0,0,26.4148245,80.2321313
UTTAR PRADESH,Total,Kanpur Nagar,Moped/Scooter/Motor Cycle,162491,153069,9422,0,0,0,13034,12137,897,54583,51239,3344,51625,48858,2767,26744,25332,1412,5371,5077,294,3795,3616,179,2023,1901,122,5316,4909,407,26.4148245,80.2321313
UTTAR PRADESH,Total,Kanpur Nagar,Car/Jeep/Van,22257,18217,4040,0,0,0,1912,1560,352,6204,4973,1231,6091,5084,1007,3504,2903,601,1222,990,232,1160,920,240,1115,923,192,1049,864,185,26.4148245,80.2321313
UTTAR PRADESH,Total,Kanpur Nagar,Tempo/Autorickshaw/Taxi,59729,44653,15076,0,0,0,2734,1884,850,20773,14379,6394,18211,13820,4391,10249,8149,2100,3297,2821,476,2231,1897,334,836,678,158,1398,1025,373,26.4148245,80.2321313
UTTAR PRADESH,Total,Kanpur Nagar,Bus,18485,14571,3914,0,0,0,674,510,164,1902,1263,639,2669,1974,695,3403,2691,712,2388,1914,474,3247,2754,493,3632,3042,590,570,423,147,26.4148245,80.2321313
UTTAR PRADESH,Total,Kanpur Nagar,Train,24191,21501,2690,0,0,0,1231,1061,170,1887,1684,203,1677,1538,139,1239,1112,127,1162,1029,133,2461,2148,313,12426,11052,1374,2108,1877,231,26.4148245,80.2321313
UTTAR PRADESH,Total,Kanpur Nagar,Water transport,536,431,105,0,0,0,97,75,22,138,107,31,84,70,14,41,35,6,15,12,3,18,12,6,76,63,13,67,57,10,26.4148245,80.2321313
UTTAR PRADESH,Total,Kanpur Nagar,Any other,5459,4911,548,0,0,0,601,468,133,1447,1248,199,1087,1017,70,592,558,34,253,239,14,304,289,15,656,634,22,519,458,61,26.4148245,80.2321313
UTTAR PRADESH,Total,Kanpur Nagar,No travel,313075,232762,80313,313075,232762,80313,0,0,0,0,0,0,0,0,0,0,0,0,0,0,0,0,0,0,0,0,0,0,0,0,26.4148245,80.2321313
UTTAR PRADESH,Rural,Kanpur Nagar,All Modes,131668,106064,25604,50289,34292,15997,16000,11479,4521,19333,16816,2517,15730,14349,1381,12717,12290,427,7478,7178,300,4534,4335,199,4723,4555,168,864,770,94,26.4148245,80.2321313
UTTAR PRADESH,Rural,Kanpur Nagar,On foot,22030,15402,6628,0,0,0,12926,8674,4252,5936,4385,1551,3168,2343,825,0,0,0,0,0,0,0,0,0,0,0,0,0,0,0,26.4148245,80.2321313
UTTAR PRADESH,Rural,Kanpur Nagar,Bicycle,32351,31264,1087,0,0,0,2057,1912,145,10253,9748,505,9030,8829,201,7537,7431,106,3474,3344,130,0,0,0,0,0,0,0,0,0,26.4148245,80.2321313
UTTAR PRADESH,Rural,Kanpur Nagar,Moped/Scooter/Motor Cycle,7609,7265,344,0,0,0,493,455,38,1544,1456,88,1465,1399,66,1797,1738,59,1017,981,36,792,770,22,251,246,5,250,220,30,26.4148245,80.2321313
UTTAR PRADESH,Rural,Kanpur Nagar,Car/Jeep/Van,870,779,91,0,0,0,47,39,8,85,68,17,79,70,9,130,110,20,121,111,10,208,194,14,176,165,11,24,22,2,26.4148245,80.2321313
UTTAR PRADESH,Rural,Kanpur Nagar,Tempo/Autorickshaw/Taxi,7372,6560,812,0,0,0,155,119,36,922,655,267,1278,1057,221,2057,1891,166,1567,1508,59,1060,1027,33,227,220,7,106,83,23,26.4148245,80.2321313
UTTAR PRADESH,Rural,Kanpur Nagar,Bus,4640,4273,367,0,0,0,97,84,13,256,194,62,417,370,47,745,684,61,696,658,38,1312,1246,66,1007,947,60,110,90,20,26.4148245,80.2321313
UTTAR PRADESH,Rural,Kanpur Nagar,Train,5437,5209,228,0,0,0,149,134,15,233,214,19,197,189,8,329,318,11,480,457,23,1010,951,59,2727,2649,78,312,297,15,26.4148245,80.2321313
UTTAR PRADESH,Rural,Kanpur Nagar,Water transport,38,26,12,0,0,0,17,9,8,2,2,0,2,1,1,0,0,0,2,1,1,3,3,0,7,6,1,5,4,1,26.4148245,80.2321313
UTTAR PRADESH,Rural,Kanpur Nagar,Any other,1032,994,38,0,0,0,59,53,6,102,94,8,94,91,3,122,118,4,121,118,3,149,144,5,328,322,6,57,54,3,26.4148245,80.2321313
UTTAR PRADESH,Rural,Kanpur Nagar,No travel,50289,34292,15997,50289,34292,15997,0,0,0,0,0,0,0,0,0,0,0,0,0,0,0,0,0,0,0,0,0,0,0,0,26.4148245,80.2321313
UTTAR PRADESH,Urban,Kanpur Nagar,All Modes,914489,779355,135134,262786,198470,64316,128663,110664,17999,241037,216131,24906,165259,149793,15466,59948,54726,5222,21910,19689,2221,8682,7301,1381,16041,13738,2303,10163,8843,1320,26.4148245,80.2321313
UTTAR PRADESH,Urban,Kanpur Nagar,On foot,188614,159473,29141,0,0,0,91561,76985,14576,65362,55728,9634,31691,26760,4931,0,0,0,0,0,0,0,0,0,0,0,0,0,0,0,26.4148245,80.2321313
UTTAR PRADESH,Urban,Kanpur Nagar,Bicycle,196939,189165,7774,0,0,0,17836,16877,959,91885,88193,3692,55656,53849,1807,19356,18805,551,12206,11441,765,0,0,0,0,0,0,0,0,0,26.4148245,80.2321313
UTTAR PRADESH,Urban,Kanpur Nagar,Moped/Scooter/Motor Cycle,154882,145804,9078,0,0,0,12541,11682,859,53039,49783,3256,50160,47459,2701,24947,23594,1353,4354,4096,258,3003,2846,157,1772,1655,117,5066,4689,377,26.4148245,80.2321313
UTTAR PRADESH,Urban,Kanpur Nagar,Car/Jeep/Van,21387,17438,3949,0,0,0,1865,1521,344,6119,4905,1214,6012,5014,998,3374,2793,581,1101,879,222,952,726,226,939,758,181,1025,842,183,26.4148245,80.2321313
UTTAR PRADESH,Urban,Kanpur Nagar,Tempo/Autorickshaw/Taxi,52357,38093,14264,0,0,0,2579,1765,814,19851,13724,6127,16933,12763,4170,8192,6258,1934,1730,1313,417,1171,870,301,609,458,151,1292,942,350,26.4148245,80.2321313
UTTAR PRADESH,Urban,Kanpur Nagar,Bus,13845,10298,3547,0,0,0,577,426,151,1646,1069,577,2252,1604,648,2658,2007,651,1692,1256,436,1935,1508,427,2625,2095,530,460,333,127,26.4148245,80.2321313
UTTAR PRADESH,Urban,Kanpur Nagar,Train,18754,16292,2462,0,0,0,1082,927,155,1654,1470,184,1480,1349,131,910,794,116,682,572,110,1451,1197,254,9699,8403,1296,1796,1580,216,26.4148245,80.2321313
UTTAR PRADESH,Urban,Kanpur Nagar,Water transport,498,405,93,0,0,0,80,66,14,136,105,31,82,69,13,41,35,6,13,11,2,15,9,6,69,57,12,62,53,9,26.4148245,80.2321313
UTTAR PRADESH,Urban,Kanpur Nagar,Any other,4427,3917,510,0,0,0,542,415,127,1345,1154,191,993,926,67,470,440,30,132,121,11,155,145,10,328,312,16,462,404,58,26.4148245,80.2321313
UTTAR PRADESH,Urban,Kanpur Nagar,No travel,262786,198470,64316,262786,198470,64316,0,0,0,0,0,0,0,0,0,0,0,0,0,0,0,0,0,0,0,0,0,0,0,0,26.4148245,80.2321313
TAMIL NADU,Total,Chennai,All Modes,1751824,1333988,417836,348197,220391,127806,229063,163235,65828,434240,341665,92575,387928,312825,75103,188897,156540,32357,66746,57303,9443,31088,26477,4611,14570,12593,1977,51095,42959,8136,13.0826802,80.2707184
TAMIL NADU,Total,Chennai,On foot,280089,181891,98198,0,0,0,150358,95573,54785,76174,48690,27484,53557,37628,15929,0,0,0,0,0,0,0,0,0,0,0,0,0,0,0,13.0826802,80.2707184
TAMIL NADU,Total,Chennai,Bicycle,171917,160871,11046,0,0,0,21851,20289,1562,82720,77239,5481,39139,36882,2257,12446,11706,740,15761,14755,1006,0,0,0,0,0,0,0,0,0,13.0826802,80.2707184
TAMIL NADU,Total,Chennai,Moped/Scooter/Motor Cycle,401928,364930,36998,0,0,0,33240,30205,3035,131197,117438,13759,123172,111525,11647,68587,63320,5267,15064,14107,957,7751,7302,449,2566,2412,154,20351,18621,1730,13.0826802,80.2707184
TAMIL NADU,Total,Chennai,Car/Jeep/Van,107691,85807,21884,0,0,0,5674,4459,1215,25309,19353,5956,30829,24215,6614,23370,18566,4804,8199,6844,1355,5353,4684,669,2490,2277,213,6467,5409,1058,13.0826802,80.2707184
TAMIL NADU,Total,Chennai,Tempo/Autorickshaw/Taxi,37835,30041,7794,0,0,0,3017,2369,648,10648,7273,3375,9047,6996,2051,5317,4350,967,2516,2278,238,2485,2321,164,1238,1196,42,3567,3258,309,13.0826802,80.2707184
TAMIL NADU,Total,Chennai,Bus,339495,240705,98790,0,0,0,12350,8327,4023,99995,65900,34095,115902,83659,32243,61797,45434,16363,18271,13757,4514,10707,8266,2441,4196,3307,889,16277,12055,4222,13.0826802,80.2707184
TAMIL NADU,Total,Chennai,Train,52591,39330,13261,0,0,0,1330,935,395,6324,4342,1982,13825,9894,3931,15594,11733,3861,6013,4817,1196,3957,3202,755,3280,2683,597,2268,1724,544,13.0826802,80.2707184
TAMIL NADU,Total,Chennai,Water transport,3738,3399,339,0,0,0,619,579,40,425,348,77,950,858,92,611,559,52,209,201,8,200,186,14,206,190,16,518,478,40,13.0826802,80.2707184
TAMIL NADU,Total,Chennai,Any other,8343,6623,1720,0,0,0,624,499,125,1448,1082,366,1507,1168,339,1175,872,303,713,544,169,635,516,119,594,528,66,1647,1414,233,13.0826802,80.2707184
TAMIL NADU,Total,Chennai,No travel,348197,220391,127806,348197,220391,127806,0,0,0,0,0,0,0,0,0,0,0,0,0,0,0,0,0,0,0,0,0,0,0,0,13.0826802,80.2707184
TAMIL NADU,Rural,Chennai,All Modes,0,0,0,0,0,0,0,0,0,0,0,0,0,0,0,0,0,0,0,0,0,0,0,0,0,0,0,0,0,0,13.0826802,80.2707184
TAMIL NADU,Rural,Chennai,On foot,0,0,0,0,0,0,0,0,0,0,0,0,0,0,0,0,0,0,0,0,0,0,0,0,0,0,0,0,0,0,13.0826802,80.2707184
TAMIL NADU,Rural,Chennai,Bicycle,0,0,0,0,0,0,0,0,0,0,0,0,0,0,0,0,0,0,0,0,0,0,0,0,0,0,0,0,0,0,13.0826802,80.2707184
TAMIL NADU,Rural,Chennai,Moped/Scooter/Motor Cycle,0,0,0,0,0,0,0,0,0,0,0,0,0,0,0,0,0,0,0,0,0,0,0,0,0,0,0,0,0,0,13.0826802,80.2707184
TAMIL NADU,Rural,Chennai,Car/Jeep/Van,0,0,0,0,0,0,0,0,0,0,0,0,0,0,0,0,0,0,0,0,0,0,0,0,0,0,0,0,0,0,13.0826802,80.2707184
TAMIL NADU,Rural,Chennai,Tempo/Autorickshaw/Taxi,0,0,0,0,0,0,0,0,0,0,0,0,0,0,0,0,0,0,0,0,0,0,0,0,0,0,0,0,0,0,13.0826802,80.2707184
TAMIL NADU,Rural,Chennai,Bus,0,0,0,0,0,0,0,0,0,0,0,0,0,0,0,0,0,0,0,0,0,0,0,0,0,0,0,0,0,0,13.0826802,80.2707184
TAMIL NADU,Rural,Chennai,Train,0,0,0,0,0,0,0,0,0,0,0,0,0,0,0,0,0,0,0,0,0,0,0,0,0,0,0,0,0,0,13.0826802,80.2707184
TAMIL NADU,Rural,Chennai,Water transport,0,0,0,0,0,0,0,0,0,0,0,0,0,0,0,0,0,0,0,0,0,0,0,0,0,0,0,0,0,0,13.0826802,80.2707184
TAMIL NADU,Rural,Chennai,Any other,0,0,0,0,0,0,0,0,0,0,0,0,0,0,0,0,0,0,0,0,0,0,0,0,0,0,0,0,0,0,13.0826802,80.2707184
TAMIL NADU,Rural,Chennai,No travel,0,0,0,0,0,0,0,0,0,0,0,0,0,0,0,0,0,0,0,0,0,0,0,0,0,0,0,0,0,0,13.0826802,80.2707184
TAMIL NADU,Urban,Chennai,All Modes,1751824,1333988,417836,348197,220391,127806,229063,163235,65828,434240,341665,92575,387928,312825,75103,188897,156540,32357,66746,57303,9443,31088,26477,4611,14570,12593,1977,51095,42959,8136,13.0826802,80.2707184
TAMIL NADU,Urban,Chennai,On foot,280089,181891,98198,0,0,0,150358,95573,54785,76174,48690,27484,53557,37628,15929,0,0,0,0,0,0,0,0,0,0,0,0,0,0,0,13.0826802,80.2707184
TAMIL NADU,Urban,Chennai,Bicycle,171917,160871,11046,0,0,0,21851,20289,1562,82720,77239,5481,39139,36882,2257,12446,11706,740,15761,14755,1006,0,0,0,0,0,0,0,0,0,13.0826802,80.2707184
TAMIL NADU,Urban,Chennai,Moped/Scooter/Motor Cycle,401928,364930,36998,0,0,0,33240,30205,3035,131197,117438,13759,123172,111525,11647,68587,63320,5267,15064,14107,957,7751,7302,449,2566,2412,154,20351,18621,1730,13.0826802,80.2707184
TAMIL NADU,Urban,Chennai,Car/Jeep/Van,107691,85807,21884,0,0,0,5674,4459,1215,25309,19353,5956,30829,24215,6614,23370,18566,4804,8199,6844,1355,5353,4684,669,2490,2277,213,6467,5409,1058,13.0826802,80.2707184
TAMIL NADU,Urban,Chennai,Tempo/Autorickshaw/Taxi,37835,30041,7794,0,0,0,3017,2369,648,10648,7273,3375,9047,6996,2051,5317,4350,967,2516,2278,238,2485,2321,164,1238,1196,42,3567,3258,309,13.0826802,80.2707184
TAMIL NADU,Urban,Chennai,Bus,339495,240705,98790,0,0,0,12350,8327,4023,99995,65900,34095,115902,83659,32243,61797,45434,16363,18271,13757,4514,10707,8266,2441,4196,3307,889,16277,12055,4222,13.0826802,80.2707184
TAMIL NADU,Urban,Chennai,Train,52591,39330,13261,0,0,0,1330,935,395,6324,4342,1982,13825,9894,3931,15594,11733,3861,6013,4817,1196,3957,3202,755,3280,2683,597,2268,1724,544,13.0826802,80.2707184
TAMIL NADU,Urban,Chennai,Water transport,3738,3399,339,0,0,0,619,579,40,425,348,77,950,858,92,611,559,52,209,201,8,200,186,14,206,190,16,518,478,40,13.0826802,80.2707184
TAMIL NADU,Urban,Chennai,Any other,8343,6623,1720,0,0,0,624,499,125,1448,1082,366,1507,1168,339,1175,872,303,713,544,169,635,516,119,594,528,66,1647,1414,233,13.0826802,80.2707184
TAMIL NADU,Urban,Chennai,No travel,348197,220391,127806,348197,220391,127806,0,0,0,0,0,0,0,0,0,0,0,0,0,0,0,0,0,0,0,0,0,0,0,0,13.0826802,80.2707184
UTTAR PRADESH,Total,Banda,All Modes,157378,126825,30553,58672,42992,15680,30972,24328,6644,34749,30056,4693,15786,13604,2182,5809,5301,508,3597,3326,271,2646,2433,213,4117,3869,248,1030,916,114,25.4796224,80.3380213
UTTAR PRADESH,Total,Banda,On foot,44774,33428,11346,0,0,0,23411,17181,6230,15255,11638,3617,6108,4609,1499,0,0,0,0,0,0,0,0,0,0,0,0,0,0,0,25.4796224,80.3380213
UTTAR PRADESH,Total,Banda,Bicycle,26010,25133,877,0,0,0,4008,3871,137,12361,11928,433,5911,5710,201,2121,2071,50,1609,1553,56,0,0,0,0,0,0,0,0,0,25.4796224,80.3380213
UTTAR PRADESH,Total,Banda,Moped/Scooter/Motor Cycle,12354,11642,712,0,0,0,2043,1952,91,4703,4420,283,1709,1578,131,1609,1505,104,685,661,24,805,779,26,375,361,14,425,386,39,25.4796224,80.3380213
UTTAR PRADESH,Total,Banda,Car/Jeep/Van,1362,1198,164,0,0,0,212,192,20,271,234,37,158,133,25,189,157,32,124,114,10,202,191,11,119,112,7,87,65,22,25.4796224,80.3380213
UTTAR PRADESH,Total,Banda,Tempo/Autorickshaw/Taxi,2174,1670,504,0,0,0,180,139,41,470,316,154,545,404,141,639,528,111,181,153,28,97,80,17,35,31,4,27,19,8,25.4796224,80.3380213
UTTAR PRADESH,Total,Banda,Bus,5889,5020,869,0,0,0,469,411,58,502,421,81,461,334,127,999,805,194,893,745,148,1308,1164,144,1149,1046,103,108,94,14,25.4796224,80.3380213
UTTAR PRADESH,Total,Banda,Train,5234,4905,329,0,0,0,492,443,49,966,905,61,689,643,46,129,119,10,79,74,5,193,179,14,2389,2271,118,297,271,26,25.4796224,80.3380213
UTTAR PRADESH,Total,Banda,Water transport,84,79,5,0,0,0,18,15,3,8,8,0,6,6,0,1,1,0,2,2,0,4,3,1,5,5,0,40,39,1,25.4796224,80.3380213
UTTAR PRADESH,Total,Banda,Any other,825,758,67,0,0,0,139,124,15,213,186,27,199,187,12,122,115,7,24,24,0,37,37,0,45,43,2,46,42,4,25.4796224,80.3380213
UTTAR PRADESH,Total,Banda,No travel,58672,42992,15680,58672,42992,15680,0,0,0,0,0,0,0,0,0,0,0,0,0,0,0,0,0,0,0,0,0,0,0,0,25.4796224,80.3380213
UTTAR PRADESH,Rural,Banda,All Modes,94905,73802,21103,38782,27530,11252,17073,12141,4932,17820,14782,3038,10662,9303,1359,3999,3823,176,2183,2081,102,1467,1391,76,2373,2268,105,546,483,63,25.4796224,80.3380213
UTTAR PRADESH,Rural,Banda,On foot,26324,18137,8187,0,0,0,13749,9061,4688,9104,6577,2527,3471,2499,972,0,0,0,0,0,0,0,0,0,0,0,0,0,0,0,25.4796224,80.3380213
UTTAR PRADESH,Rural,Banda,Bicycle,15530,14919,611,0,0,0,1791,1694,97,6191,5912,279,4794,4626,168,1775,1740,35,979,947,32,0,0,0,0,0,0,0,0,0,25.4796224,80.3380213
UTTAR PRADESH,Rural,Banda,Moped/Scooter/Motor Cycle,4309,4046,263,0,0,0,504,465,39,976,883,93,838,782,56,855,819,36,392,381,11,438,427,11,186,185,1,120,104,16,25.4796224,80.3380213
UTTAR PRADESH,Rural,Banda,Car/Jeep/Van,644,575,69,0,0,0,103,89,14,71,60,11,79,71,8,123,111,12,67,65,2,106,101,5,54,50,4,41,28,13,25.4796224,80.3380213
UTTAR PRADESH,Rural,Banda,Tempo/Autorickshaw/Taxi,1451,1263,188,0,0,0,126,108,18,260,215,45,380,318,62,452,406,46,132,123,9,61,55,6,26,26,0,14,12,2,25.4796224,80.3380213
UTTAR PRADESH,Rural,Banda,Bus,3523,3236,287,0,0,0,338,302,36,290,264,26,280,239,41,581,546,35,542,498,44,716,669,47,702,649,53,74,69,5,25.4796224,80.3380213
UTTAR PRADESH,Rural,Banda,Train,3762,3553,209,0,0,0,384,352,32,830,782,48,659,616,43,102,97,5,51,47,4,117,110,7,1383,1336,47,236,213,23,25.4796224,80.3380213
UTTAR PRADESH,Rural,Banda,Water transport,63,61,2,0,0,0,12,11,1,3,3,0,6,6,0,0,0,0,2,2,0,3,3,0,0,0,0,37,36,1,25.4796224,80.3380213
UTTAR PRADESH,Rural,Banda,Any other,517,482,35,0,0,0,66,59,7,95,86,9,155,146,9,111,104,7,18,18,0,26,26,0,22,22,0,24,21,3,25.4796224,80.3380213
UTTAR PRADESH,Rural,Banda,No travel,38782,27530,11252,38782,27530,11252,0,0,0,0,0,0,0,0,0,0,0,0,0,0,0,0,0,0,0,0,0,0,0,0,25.4796224,80.3380213
UTTAR PRADESH,Urban,Banda,All Modes,62473,53023,9450,19890,15462,4428,13899,12187,1712,16929,15274,1655,5124,4301,823,1810,1478,332,1414,1245,169,1179,1042,137,1744,1601,143,484,433,51,25.4796224,80.3380213
UTTAR PRADESH,Urban,Banda,On foot,18450,15291,3159,0,0,0,9662,8120,1542,6151,5061,1090,2637,2110,527,0,0,0,0,0,0,0,0,0,0,0,0,0,0,0,25.4796224,80.3380213
UTTAR PRADESH,Urban,Banda,Bicycle,10480,10214,266,0,0,0,2217,2177,40,6170,6016,154,1117,1084,33,346,331,15,630,606,24,0,0,0,0,0,0,0,0,0,25.4796224,80.3380213
UTTAR PRADESH,Urban,Banda,Moped/Scooter/Motor Cycle,8045,7596,449,0,0,0,1539,1487,52,3727,3537,190,871,796,75,754,686,68,293,280,13,367,352,15,189,176,13,305,282,23,25.4796224,80.3380213
UTTAR PRADESH,Urban,Banda,Car/Jeep/Van,718,623,95,0,0,0,109,103,6,200,174,26,79,62,17,66,46,20,57,49,8,96,90,6,65,62,3,46,37,9,25.4796224,80.3380213
UTTAR PRADESH,Urban,Banda,Tempo/Autorickshaw/Taxi,723,407,316,0,0,0,54,31,23,210,101,109,165,86,79,187,122,65,49,30,19,36,25,11,9,5,4,13,7,6,25.4796224,80.3380213
UTTAR PRADESH,Urban,Banda,Bus,2366,1784,582,0,0,0,131,109,22,212,157,55,181,95,86,418,259,159,351,247,104,592,495,97,447,397,50,34,25,9,25.4796224,80.3380213
UTTAR PRADESH,Urban,Banda,Train,1472,1352,120,0,0,0,108,91,17,136,123,13,30,27,3,27,22,5,28,27,1,76,69,7,1006,935,71,61,58,3,25.4796224,80.3380213
UTTAR PRADESH,Urban,Banda,Water transport,21,18,3,0,0,0,6,4,2,5,5,0,0,0,0,1,1,0,0,0,0,1,0,1,5,5,0,3,3,0,25.4796224,80.3380213
UTTAR PRADESH,Urban,Banda,Any other,308,276,32,0,0,0,73,65,8,118,100,18,44,41,3,11,11,0,6,6,0,11,11,0,23,21,2,22,21,1,25.4796224,80.3380213
UTTAR PRADESH,Urban,Banda,No travel,19890,15462,4428,19890,15462,4428,0,0,0,0,0,0,0,0,0,0,0,0,0,0,0,0,0,0,0,0,0,0,0,0,25.4796224,80.3380213
MADHYA PRADESH,Total,Mandla,All Modes,82356,58546,23810,28624,17999,10625,18234,12957,5277,16240,12075,4165,8584,6485,2099,3090,2609,481,2057,1755,302,1849,1596,253,2944,2470,474,734,600,134,22.5979218,80.3713855
MADHYA PRADESH,Total,Mandla,On foot,25473,16152,9321,0,0,0,13590,8804,4786,7774,4766,3008,4109,2582,1527,0,0,0,0,0,0,0,0,0,0,0,0,0,0,0,22.5979218,80.3713855
MADHYA PRADESH,Total,Mandla,Bicycle,9564,8922,642,0,0,0,1770,1671,99,4259,3929,330,2174,2060,114,744,712,32,617,550,67,0,0,0,0,0,0,0,0,0,22.5979218,80.3713855
MADHYA PRADESH,Total,Mandla,Moped/Scooter/Motor Cycle,9644,8521,1123,0,0,0,2422,2164,258,3239,2749,490,1420,1246,174,1123,1048,75,457,421,36,436,412,24,246,230,16,301,251,50,22.5979218,80.3713855
MADHYA PRADESH,Total,Mandla,Car/Jeep/Van,805,702,103,0,0,0,111,94,17,163,135,28,82,67,15,96,86,10,52,50,2,129,116,13,133,122,11,39,32,7,22.5979218,80.3713855
MADHYA PRADESH,Total,Mandla,Tempo/Autorickshaw/Taxi,740,458,282,0,0,0,63,31,32,307,147,160,155,106,49,102,77,25,44,38,6,28,26,2,21,18,3,20,15,5,22.5979218,80.3713855
MADHYA PRADESH,Total,Mandla,Bus,5931,4442,1489,0,0,0,163,103,60,301,182,119,502,304,198,922,604,318,809,628,181,1152,945,207,1800,1459,341,282,217,65,22.5979218,80.3713855
MADHYA PRADESH,Total,Mandla,Train,1117,946,171,0,0,0,58,40,18,35,29,6,57,49,8,74,55,19,66,56,10,80,75,5,677,578,99,70,64,6,22.5979218,80.3713855
MADHYA PRADESH,Total,Mandla,Water transport,117,101,16,0,0,0,10,9,1,82,68,14,9,9,0,3,3,0,0,0,0,3,3,0,6,6,0,4,3,1,22.5979218,80.3713855
MADHYA PRADESH,Total,Mandla,Any other,341,303,38,0,0,0,47,41,6,80,70,10,76,62,14,26,24,2,12,12,0,21,19,2,61,57,4,18,18,0,22.5979218,80.3713855
MADHYA PRADESH,Total,Mandla,No travel,28624,17999,10625,28624,17999,10625,0,0,0,0,0,0,0,0,0,0,0,0,0,0,0,0,0,0,0,0,0,0,0,0,22.5979218,80.3713855
MADHYA PRADESH,Rural,Mandla,All Modes,47516,31722,15794,21080,12548,8532,6875,4104,2771,7173,5096,2077,5827,4361,1466,1952,1720,232,1171,1003,168,954,839,115,2083,1726,357,401,325,76,22.5979218,80.3713855
MADHYA PRADESH,Rural,Mandla,On foot,12590,7150,5440,0,0,0,5944,3302,2642,3837,2199,1638,2809,1649,1160,0,0,0,0,0,0,0,0,0,0,0,0,0,0,0,22.5979218,80.3713855
MADHYA PRADESH,Rural,Mandla,Bicycle,5196,4806,390,0,0,0,438,396,42,2039,1864,175,1726,1635,91,630,602,28,363,309,54,0,0,0,0,0,0,0,0,0,22.5979218,80.3713855
MADHYA PRADESH,Rural,Mandla,Moped/Scooter/Motor Cycle,3264,2919,345,0,0,0,307,269,38,820,705,115,769,694,75,651,604,47,232,212,20,214,198,16,131,120,11,140,117,23,22.5979218,80.3713855
MADHYA PRADESH,Rural,Mandla,Car/Jeep/Van,375,331,44,0,0,0,29,27,2,49,40,9,51,44,7,69,62,7,32,30,2,67,61,6,60,53,7,18,14,4,22.5979218,80.3713855
MADHYA PRADESH,Rural,Mandla,Tempo/Autorickshaw/Taxi,358,259,99,0,0,0,11,10,1,131,75,56,93,70,23,64,52,12,24,23,1,14,13,1,9,8,1,12,8,4,22.5979218,80.3713855
MADHYA PRADESH,Rural,Mandla,Bus,3625,2835,790,0,0,0,93,59,34,188,122,66,289,195,94,486,362,124,493,404,89,625,534,91,1279,1026,253,172,133,39,22.5979218,80.3713855
MADHYA PRADESH,Rural,Mandla,Train,751,631,120,0,0,0,34,24,10,17,12,5,26,23,3,30,17,13,20,18,2,20,20,0,557,475,82,47,42,5,22.5979218,80.3713855
MADHYA PRADESH,Rural,Mandla,Water transport,89,79,10,0,0,0,5,5,0,66,57,9,8,8,0,2,2,0,0,0,0,0,0,0,4,4,0,4,3,1,22.5979218,80.3713855
MADHYA PRADESH,Rural,Mandla,Any other,188,164,24,0,0,0,14,12,2,26,22,4,56,43,13,20,19,1,7,7,0,14,13,1,43,40,3,8,8,0,22.5979218,80.3713855
MADHYA PRADESH,Rural,Mandla,No travel,21080,12548,8532,21080,12548,8532,0,0,0,0,0,0,0,0,0,0,0,0,0,0,0,0,0,0,0,0,0,0,0,0,22.5979218,80.3713855
MADHYA PRADESH,Urban,Mandla,All Modes,34840,26824,8016,7544,5451,2093,11359,8853,2506,9067,6979,2088,2757,2124,633,1138,889,249,886,752,134,895,757,138,861,744,117,333,275,58,22.5979218,80.3713855
MADHYA PRADESH,Urban,Mandla,On foot,12883,9002,3881,0,0,0,7646,5502,2144,3937,2567,1370,1300,933,367,0,0,0,0,0,0,0,0,0,0,0,0,0,0,0,22.5979218,80.3713855
MADHYA PRADESH,Urban,Mandla,Bicycle,4368,4116,252,0,0,0,1332,1275,57,2220,2065,155,448,425,23,114,110,4,254,241,13,0,0,0,0,0,0,0,0,0,22.5979218,80.3713855
MADHYA PRADESH,Urban,Mandla,Moped/Scooter/Motor Cycle,6380,5602,778,0,0,0,2115,1895,220,2419,2044,375,651,552,99,472,444,28,225,209,16,222,214,8,115,110,5,161,134,27,22.5979218,80.3713855
MADHYA PRADESH,Urban,Mandla,Car/Jeep/Van,430,371,59,0,0,0,82,67,15,114,95,19,31,23,8,27,24,3,20,20,0,62,55,7,73,69,4,21,18,3,22.5979218,80.3713855
MADHYA PRADESH,Urban,Mandla,Tempo/Autorickshaw/Taxi,382,199,183,0,0,0,52,21,31,176,72,104,62,36,26,38,25,13,20,15,5,14,13,1,12,10,2,8,7,1,22.5979218,80.3713855
MADHYA PRADESH,Urban,Mandla,Bus,2306,1607,699,0,0,0,70,44,26,113,60,53,213,109,104,436,242,194,316,224,92,527,411,116,521,433,88,110,84,26,22.5979218,80.3713855
MADHYA PRADESH,Urban,Mandla,Train,366,315,51,0,0,0,24,16,8,18,17,1,31,26,5,44,38,6,46,38,8,60,55,5,120,103,17,23,22,1,22.5979218,80.3713855
MADHYA PRADESH,Urban,Mandla,Water transport,28,22,6,0,0,0,5,4,1,16,11,5,1,1,0,1,1,0,0,0,0,3,3,0,2,2,0,0,0,0,22.5979218,80.3713855
MADHYA PRADESH,Urban,Mandla,Any other,153,139,14,0,0,0,33,29,4,54,48,6,20,19,1,6,5,1,5,5,0,7,6,1,18,17,1,10,10,0,22.5979218,80.3713855
MADHYA PRADESH,Urban,Mandla,No travel,7544,5451,2093,7544,5451,2093,0,0,0,0,0,0,0,0,0,0,0,0,0,0,0,0,0,0,0,0,0,0,0,0,22.5979218,80.3713855
MADHYA PRADESH,Total,Katni,All Modes,175899,134269,41630,49990,32845,17145,33768,24377,9391,50668,41121,9547,20407,16602,3805,8405,7812,593,6072,5612,460,2228,2023,205,2527,2259,268,1834,1618,216,23.8343441,80.3893814
MADHYA PRADESH,Total,Katni,On foot,50892,32343,18549,0,0,0,23554,15019,8535,19443,12268,7175,7895,5056,2839,0,0,0,0,0,0,0,0,0,0,0,0,0,0,0,23.8343441,80.3893814
MADHYA PRADESH,Total,Katni,Bicycle,39330,37382,1948,0,0,0,5126,4828,298,18640,17678,962,7208,6889,319,4597,4439,158,3759,3548,211,0,0,0,0,0,0,0,0,0,23.8343441,80.3893814
MADHYA PRADESH,Total,Katni,Moped/Scooter/Motor Cycle,20652,19170,1482,0,0,0,4045,3740,305,9677,8955,722,3141,2919,222,1536,1447,89,656,620,36,556,529,27,207,199,8,834,761,73,23.8343441,80.3893814
MADHYA PRADESH,Total,Katni,Car/Jeep/Van,1263,1103,160,0,0,0,235,203,32,399,336,63,142,132,10,135,118,17,115,97,18,87,81,6,77,74,3,73,62,11,23.8343441,80.3893814
MADHYA PRADESH,Total,Katni,Tempo/Autorickshaw/Taxi,3739,2884,855,0,0,0,278,176,102,1547,1124,423,1028,837,191,470,399,71,161,140,21,73,60,13,22,20,2,160,128,32,23.8343441,80.3893814
MADHYA PRADESH,Total,Katni,Bus,5466,4516,950,0,0,0,227,171,56,487,335,152,620,440,180,1146,921,225,1064,921,143,1141,1019,122,558,520,38,223,189,34,23.8343441,80.3893814
MADHYA PRADESH,Total,Katni,Train,3821,3359,462,0,0,0,214,174,40,291,249,42,214,194,20,421,393,28,247,226,21,351,314,37,1612,1397,215,471,412,59,23.8343441,80.3893814
MADHYA PRADESH,Total,Katni,Water transport,42,35,7,0,0,0,13,9,4,4,4,0,6,6,0,6,6,0,1,1,0,1,1,0,4,4,0,7,4,3,23.8343441,80.3893814
MADHYA PRADESH,Total,Katni,Any other,704,632,72,0,0,0,76,57,19,180,172,8,153,129,24,94,89,5,69,59,10,19,19,0,47,45,2,66,62,4,23.8343441,80.3893814
MADHYA PRADESH,Total,Katni,No travel,49990,32845,17145,49990,32845,17145,0,0,0,0,0,0,0,0,0,0,0,0,0,0,0,0,0,0,0,0,0,0,0,0,23.8343441,80.3893814
MADHYA PRADESH,Rural,Katni,All Modes,95613,69079,26534,33206,20836,12370,14956,9334,5622,18823,14147,4676,12861,10095,2766,7147,6760,387,4585,4282,303,1526,1414,112,1560,1386,174,949,825,124,23.8343441,80.3893814
MADHYA PRADESH,Rural,Katni,On foot,27943,16396,11547,0,0,0,12296,6997,5299,9758,5810,3948,5889,3589,2300,0,0,0,0,0,0,0,0,0,0,0,0,0,0,0,23.8343441,80.3893814
MADHYA PRADESH,Rural,Katni,Bicycle,20882,19749,1133,0,0,0,1617,1467,150,6815,6377,438,5065,4842,223,4420,4268,152,2965,2795,170,0,0,0,0,0,0,0,0,0,23.8343441,80.3893814
MADHYA PRADESH,Rural,Katni,Moped/Scooter/Motor Cycle,5188,4765,423,0,0,0,552,485,67,1458,1315,143,1022,941,81,1017,971,46,371,346,25,342,326,16,110,107,3,316,274,42,23.8343441,80.3893814
MADHYA PRADESH,Rural,Katni,Car/Jeep/Van,420,361,59,0,0,0,77,63,14,74,64,10,46,38,8,62,49,13,50,42,8,39,36,3,36,36,0,36,33,3,23.8343441,80.3893814
MADHYA PRADESH,Rural,Katni,Tempo/Autorickshaw/Taxi,1076,912,164,0,0,0,64,47,17,185,152,33,231,189,42,357,316,41,116,107,9,37,31,6,10,10,0,76,60,16,23.8343441,80.3893814
MADHYA PRADESH,Rural,Katni,Bus,3888,3412,476,0,0,0,159,125,34,299,224,75,353,265,88,822,715,107,805,739,66,834,774,60,448,422,26,168,148,20,23.8343441,80.3893814
MADHYA PRADESH,Rural,Katni,Train,2602,2283,319,0,0,0,145,116,29,183,158,25,191,177,14,381,357,24,215,199,16,260,233,27,919,775,144,308,268,40,23.8343441,80.3893814
MADHYA PRADESH,Rural,Katni,Water transport,31,25,6,0,0,0,9,6,3,3,3,0,4,4,0,6,6,0,0,0,0,0,0,0,3,3,0,6,3,3,23.8343441,80.3893814
MADHYA PRADESH,Rural,Katni,Any other,377,340,37,0,0,0,37,28,9,48,44,4,60,50,10,82,78,4,63,54,9,14,14,0,34,33,1,39,39,0,23.8343441,80.3893814
MADHYA PRADESH,Rural,Katni,No travel,33206,20836,12370,33206,20836,12370,0,0,0,0,0,0,0,0,0,0,0,0,0,0,0,0,0,0,0,0,0,0,0,0,23.8343441,80.3893814
MADHYA PRADESH,Urban,Katni,All Modes,80286,65190,15096,16784,12009,4775,18812,15043,3769,31845,26974,4871,7546,6507,1039,1258,1052,206,1487,1330,157,702,609,93,967,873,94,885,793,92,23.8343441,80.3893814
MADHYA PRADESH,Urban,Katni,On foot,22949,15947,7002,0,0,0,11258,8022,3236,9685,6458,3227,2006,1467,539,0,0,0,0,0,0,0,0,0,0,0,0,0,0,0,23.8343441,80.3893814
MADHYA PRADESH,Urban,Katni,Bicycle,18448,17633,815,0,0,0,3509,3361,148,11825,11301,524,2143,2047,96,177,171,6,794,753,41,0,0,0,0,0,0,0,0,0,23.8343441,80.3893814
MADHYA PRADESH,Urban,Katni,Moped/Scooter/Motor Cycle,15464,14405,1059,0,0,0,3493,3255,238,8219,7640,579,2119,1978,141,519,476,43,285,274,11,214,203,11,97,92,5,518,487,31,23.8343441,80.3893814
MADHYA PRADESH,Urban,Katni,Car/Jeep/Van,843,742,101,0,0,0,158,140,18,325,272,53,96,94,2,73,69,4,65,55,10,48,45,3,41,38,3,37,29,8,23.8343441,80.3893814
MADHYA PRADESH,Urban,Katni,Tempo/Autorickshaw/Taxi,2663,1972,691,0,0,0,214,129,85,1362,972,390,797,648,149,113,83,30,45,33,12,36,29,7,12,10,2,84,68,16,23.8343441,80.3893814
MADHYA PRADESH,Urban,Katni,Bus,1578,1104,474,0,0,0,68,46,22,188,111,77,267,175,92,324,206,118,259,182,77,307,245,62,110,98,12,55,41,14,23.8343441,80.3893814
MADHYA PRADESH,Urban,Katni,Train,1219,1076,143,0,0,0,69,58,11,108,91,17,23,17,6,40,36,4,32,27,5,91,81,10,693,622,71,163,144,19,23.8343441,80.3893814
MADHYA PRADESH,Urban,Katni,Water transport,11,10,1,0,0,0,4,3,1,1,1,0,2,2,0,0,0,0,1,1,0,1,1,0,1,1,0,1,1,0,23.8343441,80.3893814
MADHYA PRADESH,Urban,Katni,Any other,327,292,35,0,0,0,39,29,10,132,128,4,93,79,14,12,11,1,6,5,1,5,5,0,13,12,1,27,23,4,23.8343441,80.3893814
MADHYA PRADESH,Urban,Katni,No travel,16784,12009,4775,16784,12009,4775,0,0,0,0,0,0,0,0,0,0,0,0,0,0,0,0,0,0,0,0,0,0,0,0,23.8343441,80.3893814
ANDHRA PRADESH,Total,Guntur,All Modes,803891,625972,177919,255186,178449,76737,143743,106237,37506,201057,166054,35003,96796,81471,15325,43184,37457,5727,23535,20623,2912,16814,14696,2118,17994,16055,1939,5582,4930,652,16.3066525,80.4365402
ANDHRA PRADESH,Total,Guntur,On foot,171745,113854,57891,0,0,0,100285,66226,34059,52088,34272,17816,19372,13356,6016,0,0,0,0,0,0,0,0,0,0,0,0,0,0,0,16.3066525,80.4365402
ANDHRA PRADESH,Total,Guntur,Bicycle,106695,103265,3430,0,0,0,21258,20525,733,62808,60840,1968,15418,14985,433,2684,2601,83,4527,4314,213,0,0,0,0,0,0,0,0,0,16.3066525,80.4365402
ANDHRA PRADESH,Total,Guntur,Moped/Scooter/Motor Cycle,91940,86833,5107,0,0,0,15596,14769,827,43272,40572,2700,17743,16853,890,7580,7224,356,2500,2400,100,1761,1691,70,920,894,26,2568,2430,138,16.3066525,80.4365402
ANDHRA PRADESH,Total,Guntur,Car/Jeep/Van,10131,8884,1247,0,0,0,831,691,140,2873,2358,515,2234,2000,234,1292,1139,153,724,656,68,892,827,65,933,904,29,352,309,43,16.3066525,80.4365402
ANDHRA PRADESH,Total,Guntur,Tempo/Autorickshaw/Taxi,62123,47633,14490,0,0,0,2760,1782,978,25524,17396,8128,20209,16594,3615,8559,7441,1118,2012,1815,197,1105,981,124,1045,889,156,909,735,174,16.3066525,80.4365402
ANDHRA PRADESH,Total,Guntur,Bus,77105,61268,15837,0,0,0,1597,1088,509,11221,7748,3473,18617,14951,3666,19869,16147,3722,10628,8616,2012,8539,7107,1432,5806,4973,833,828,638,190,16.3066525,80.4365402
ANDHRA PRADESH,Total,Guntur,Train,15752,13797,1955,0,0,0,565,462,103,1006,885,121,803,703,100,1711,1538,173,1979,1741,238,2703,2360,343,6514,5694,820,471,414,57,16.3066525,80.4365402
ANDHRA PRADESH,Total,Guntur,Water transport,6169,5605,564,0,0,0,128,99,29,456,387,69,1118,901,217,1015,932,83,875,823,52,1308,1233,75,1244,1208,36,25,22,3,16.3066525,80.4365402
ANDHRA PRADESH,Total,Guntur,Any other,7045,6384,661,0,0,0,723,595,128,1809,1596,213,1282,1128,154,474,435,39,290,258,32,506,497,9,1532,1493,39,429,382,47,16.3066525,80.4365402
ANDHRA PRADESH,Total,Guntur,No travel,255186,178449,76737,255186,178449,76737,0,0,0,0,0,0,0,0,0,0,0,0,0,0,0,0,0,0,0,0,0,0,0,0,16.3066525,80.4365402
ANDHRA PRADESH,Rural,Guntur,All Modes,304361,235896,68465,124184,87605,36579,39623,28082,11541,44101,35970,8131,41440,35285,6155,24734,22034,2700,11820,10458,1362,8626,7620,1006,8501,7667,834,1332,1175,157,16.3066525,80.4365402
ANDHRA PRADESH,Rural,Guntur,On foot,49088,31857,17231,0,0,0,31346,20511,10835,10679,6591,4088,7063,4755,2308,0,0,0,0,0,0,0,0,0,0,0,0,0,0,0,16.3066525,80.4365402
ANDHRA PRADESH,Rural,Guntur,Bicycle,23540,22845,695,0,0,0,3980,3851,129,12170,11829,341,5143,5020,123,1077,1034,43,1170,1111,59,0,0,0,0,0,0,0,0,0,16.3066525,80.4365402
ANDHRA PRADESH,Rural,Guntur,Moped/Scooter/Motor Cycle,18988,17992,996,0,0,0,2182,2061,121,5915,5534,381,5297,5031,266,3048,2912,136,1142,1100,42,723,693,30,318,309,9,363,352,11,16.3066525,80.4365402
ANDHRA PRADESH,Rural,Guntur,Car/Jeep/Van,2913,2618,295,0,0,0,162,125,37,524,436,88,848,794,54,524,470,54,274,251,23,270,244,26,266,257,9,45,41,4,16.3066525,80.4365402
ANDHRA PRADESH,Rural,Guntur,Tempo/Autorickshaw/Taxi,27333,23119,4214,0,0,0,776,606,170,8809,6887,1922,9978,8588,1390,5392,4889,503,1173,1084,89,533,482,51,386,346,40,286,237,49,16.3066525,80.4365402
ANDHRA PRADESH,Rural,Guntur,Bus,42944,36049,6895,0,0,0,695,520,175,4887,3717,1170,11072,9410,1662,12303,10532,1771,6180,5211,969,4514,3835,679,2969,2561,408,324,263,61,16.3066525,80.4365402
ANDHRA PRADESH,Rural,Guntur,Train,6741,5997,744,0,0,0,176,151,25,251,227,24,349,310,39,1110,1023,87,837,736,101,1071,930,141,2789,2474,315,158,146,12,16.3066525,80.4365402
ANDHRA PRADESH,Rural,Guntur,Water transport,5976,5438,538,0,0,0,103,79,24,419,357,62,1074,865,209,1003,923,80,866,814,52,1296,1222,74,1197,1162,35,18,16,2,16.3066525,80.4365402
ANDHRA PRADESH,Rural,Guntur,Any other,2654,2376,278,0,0,0,203,178,25,447,392,55,616,512,104,277,251,26,178,151,27,219,214,5,576,558,18,138,120,18,16.3066525,80.4365402
ANDHRA PRADESH,Rural,Guntur,No travel,124184,87605,36579,124184,87605,36579,0,0,0,0,0,0,0,0,0,0,0,0,0,0,0,0,0,0,0,0,0,0,0,0,16.3066525,80.4365402
ANDHRA PRADESH,Urban,Guntur,All Modes,499530,390076,109454,131002,90844,40158,104120,78155,25965,156956,130084,26872,55356,46186,9170,18450,15423,3027,11715,10165,1550,8188,7076,1112,9493,8388,1105,4250,3755,495,16.3066525,80.4365402
ANDHRA PRADESH,Urban,Guntur,On foot,122657,81997,40660,0,0,0,68939,45715,23224,41409,27681,13728,12309,8601,3708,0,0,0,0,0,0,0,0,0,0,0,0,0,0,0,16.3066525,80.4365402
ANDHRA PRADESH,Urban,Guntur,Bicycle,83155,80420,2735,0,0,0,17278,16674,604,50638,49011,1627,10275,9965,310,1607,1567,40,3357,3203,154,0,0,0,0,0,0,0,0,0,16.3066525,80.4365402
ANDHRA PRADESH,Urban,Guntur,Moped/Scooter/Motor Cycle,72952,68841,4111,0,0,0,13414,12708,706,37357,35038,2319,12446,11822,624,4532,4312,220,1358,1300,58,1038,998,40,602,585,17,2205,2078,127,16.3066525,80.4365402
ANDHRA PRADESH,Urban,Guntur,Car/Jeep/Van,7218,6266,952,0,0,0,669,566,103,2349,1922,427,1386,1206,180,768,669,99,450,405,45,622,583,39,667,647,20,307,268,39,16.3066525,80.4365402
ANDHRA PRADESH,Urban,Guntur,Tempo/Autorickshaw/Taxi,34790,24514,10276,0,0,0,1984,1176,808,16715,10509,6206,10231,8006,2225,3167,2552,615,839,731,108,572,499,73,659,543,116,623,498,125,16.3066525,80.4365402
ANDHRA PRADESH,Urban,Guntur,Bus,34161,25219,8942,0,0,0,902,568,334,6334,4031,2303,7545,5541,2004,7566,5615,1951,4448,3405,1043,4025,3272,753,2837,2412,425,504,375,129,16.3066525,80.4365402
ANDHRA PRADESH,Urban,Guntur,Train,9011,7800,1211,0,0,0,389,311,78,755,658,97,454,393,61,601,515,86,1142,1005,137,1632,1430,202,3725,3220,505,313,268,45,16.3066525,80.4365402
ANDHRA PRADESH,Urban,Guntur,Water transport,193,167,26,0,0,0,25,20,5,37,30,7,44,36,8,12,9,3,9,9,0,12,11,1,47,46,1,7,6,1,16.3066525,80.4365402
ANDHRA PRADESH,Urban,Guntur,Any other,4391,4008,383,0,0,0,520,417,103,1362,1204,158,666,616,50,197,184,13,112,107,5,287,283,4,956,935,21,291,262,29,16.3066525,80.4365402
ANDHRA PRADESH,Urban,Guntur,No travel,131002,90844,40158,131002,90844,40158,0,0,0,0,0,0,0,0,0,0,0,0,0,0,0,0,0,0,0,0,0,0,0,0,16.3066525,80.4365402
UTTAR PRADESH,Total,Unnao,All Modes,292715,233129,59586,130166,87408,42758,33797,27525,6272,42877,38758,4119,33716,30297,3419,17254,16373,881,16129,15221,908,6713,6348,365,6511,6163,348,5552,5036,516,26.5393449,80.4878195
UTTAR PRADESH,Total,Unnao,On foot,43235,33246,9989,0,0,0,22605,17061,5544,11024,8813,2211,9606,7372,2234,0,0,0,0,0,0,0,0,0,0,0,0,0,0,0,26.5393449,80.4878195
UTTAR PRADESH,Total,Unnao,Bicycle,64775,62633,2142,0,0,0,6931,6636,295,22663,21808,855,16181,15800,381,9006,8873,133,9994,9516,478,0,0,0,0,0,0,0,0,0,26.5393449,80.4878195
UTTAR PRADESH,Total,Unnao,Moped/Scooter/Motor Cycle,19941,18815,1126,0,0,0,2246,2139,107,5503,5141,362,4019,3813,206,3144,2970,174,1508,1441,67,1176,1136,40,530,505,25,1815,1670,145,26.5393449,80.4878195
UTTAR PRADESH,Total,Unnao,Car/Jeep/Van,2285,1983,302,0,0,0,229,186,43,344,287,57,253,223,30,336,292,44,265,230,35,409,368,41,208,187,21,241,210,31,26.5393449,80.4878195
UTTAR PRADESH,Total,Unnao,Tempo/Autorickshaw/Taxi,11162,9479,1683,0,0,0,682,528,154,2136,1656,480,2536,2084,452,2388,2090,298,1356,1257,99,782,739,43,237,221,16,1045,904,141,26.5393449,80.4878195
UTTAR PRADESH,Total,Unnao,Bus,8233,7322,911,0,0,0,310,255,55,393,299,94,515,430,85,935,784,151,1388,1236,152,2282,2106,176,1813,1691,122,597,521,76,26.5393449,80.4878195
UTTAR PRADESH,Total,Unnao,Train,11045,10475,570,0,0,0,596,547,49,503,471,32,374,350,24,1204,1134,70,1437,1362,75,1823,1763,60,3504,3343,161,1604,1505,99,26.5393449,80.4878195
UTTAR PRADESH,Total,Unnao,Water transport,159,146,13,0,0,0,31,29,2,29,26,3,22,21,1,12,11,1,10,9,1,8,7,1,16,15,1,31,28,3,26.5393449,80.4878195
UTTAR PRADESH,Total,Unnao,Any other,1714,1622,92,0,0,0,167,144,23,282,257,25,210,204,6,229,219,10,171,170,1,233,229,4,203,201,2,219,198,21,26.5393449,80.4878195
UTTAR PRADESH,Total,Unnao,No travel,130166,87408,42758,130166,87408,42758,0,0,0,0,0,0,0,0,0,0,0,0,0,0,0,0,0,0,0,0,0,0,0,0,26.5393449,80.4878195
UTTAR PRADESH,Rural,Unnao,All Modes,169369,127354,42015,86524,54716,31808,15701,11223,4478,19731,17395,2336,16606,14490,2116,10029,9677,352,8985,8564,421,4885,4726,159,4137,4001,136,2771,2562,209,26.5393449,80.4878195
UTTAR PRADESH,Rural,Unnao,On foot,21771,14516,7255,0,0,0,11244,7095,4149,5352,3854,1498,5175,3567,1608,0,0,0,0,0,0,0,0,0,0,0,0,0,0,0,26.5393449,80.4878195
UTTAR PRADESH,Rural,Unnao,Bicycle,33813,32602,1211,0,0,0,3017,2849,168,11367,10866,501,8228,8035,193,5710,5645,65,5491,5207,284,0,0,0,0,0,0,0,0,0,26.5393449,80.4878195
UTTAR PRADESH,Rural,Unnao,Moped/Scooter/Motor Cycle,7335,6859,476,0,0,0,515,472,43,1636,1491,145,1396,1320,76,1386,1309,77,710,682,28,666,640,26,345,331,14,681,614,67,26.5393449,80.4878195
UTTAR PRADESH,Rural,Unnao,Car/Jeep/Van,1018,922,96,0,0,0,58,46,12,105,84,21,95,89,6,167,154,13,124,118,6,255,243,12,97,91,6,117,97,20,26.5393449,80.4878195
UTTAR PRADESH,Rural,Unnao,Tempo/Autorickshaw/Taxi,5516,4972,544,0,0,0,231,191,40,629,511,118,1069,890,179,1408,1296,112,960,928,32,617,599,18,171,167,4,431,390,41,26.5393449,80.4878195
UTTAR PRADESH,Rural,Unnao,Bus,5410,5044,366,0,0,0,188,152,36,221,182,39,281,246,35,582,529,53,891,844,47,1599,1529,70,1270,1213,57,378,349,29,26.5393449,80.4878195
UTTAR PRADESH,Rural,Unnao,Train,6713,6495,218,0,0,0,361,338,23,266,257,9,209,196,13,599,572,27,659,636,23,1537,1508,29,2086,2033,53,996,955,41,26.5393449,80.4878195
UTTAR PRADESH,Rural,Unnao,Water transport,84,76,8,0,0,0,18,16,2,17,17,0,7,6,1,4,4,0,4,4,0,4,3,1,13,12,1,17,14,3,26.5393449,80.4878195
UTTAR PRADESH,Rural,Unnao,Any other,1185,1152,33,0,0,0,69,64,5,138,133,5,146,141,5,173,168,5,146,145,1,207,204,3,155,154,1,151,143,8,26.5393449,80.4878195
UTTAR PRADESH,Rural,Unnao,No travel,86524,54716,31808,86524,54716,31808,0,0,0,0,0,0,0,0,0,0,0,0,0,0,0,0,0,0,0,0,0,0,0,0,26.5393449,80.4878195
UTTAR PRADESH,Urban,Unnao,All Modes,123346,105775,17571,43642,32692,10950,18096,16302,1794,23146,21363,1783,17110,15807,1303,7225,6696,529,7144,6657,487,1828,1622,206,2374,2162,212,2781,2474,307,26.5393449,80.4878195
UTTAR PRADESH,Urban,Unnao,On foot,21464,18730,2734,0,0,0,11361,9966,1395,5672,4959,713,4431,3805,626,0,0,0,0,0,0,0,0,0,0,0,0,0,0,0,26.5393449,80.4878195
UTTAR PRADESH,Urban,Unnao,Bicycle,30962,30031,931,0,0,0,3914,3787,127,11296,10942,354,7953,7765,188,3296,3228,68,4503,4309,194,0,0,0,0,0,0,0,0,0,26.5393449,80.4878195
UTTAR PRADESH,Urban,Unnao,Moped/Scooter/Motor Cycle,12606,11956,650,0,0,0,1731,1667,64,3867,3650,217,2623,2493,130,1758,1661,97,798,759,39,510,496,14,185,174,11,1134,1056,78,26.5393449,80.4878195
UTTAR PRADESH,Urban,Unnao,Car/Jeep/Van,1267,1061,206,0,0,0,171,140,31,239,203,36,158,134,24,169,138,31,141,112,29,154,125,29,111,96,15,124,113,11,26.5393449,80.4878195
UTTAR PRADESH,Urban,Unnao,Tempo/Autorickshaw/Taxi,5646,4507,1139,0,0,0,451,337,114,1507,1145,362,1467,1194,273,980,794,186,396,329,67,165,140,25,66,54,12,614,514,100,26.5393449,80.4878195
UTTAR PRADESH,Urban,Unnao,Bus,2823,2278,545,0,0,0,122,103,19,172,117,55,234,184,50,353,255,98,497,392,105,683,577,106,543,478,65,219,172,47,26.5393449,80.4878195
UTTAR PRADESH,Urban,Unnao,Train,4332,3980,352,0,0,0,235,209,26,237,214,23,165,154,11,605,562,43,778,726,52,286,255,31,1418,1310,108,608,550,58,26.5393449,80.4878195
UTTAR PRADESH,Urban,Unnao,Water transport,75,70,5,0,0,0,13,13,0,12,9,3,15,15,0,8,7,1,6,5,1,4,4,0,3,3,0,14,14,0,26.5393449,80.4878195
UTTAR PRADESH,Urban,Unnao,Any other,529,470,59,0,0,0,98,80,18,144,124,20,64,63,1,56,51,5,25,25,0,26,25,1,48,47,1,68,55,13,26.5393449,80.4878195
UTTAR PRADESH,Urban,Unnao,No travel,43642,32692,10950,43642,32692,10950,0,0,0,0,0,0,0,0,0,0,0,0,0,0,0,0,0,0,0,0,0,0,0,0,26.5393449,80.4878195
UTTAR PRADESH,Total,Sitapur,All Modes,306980,230510,76470,155378,100192,55186,42733,34303,8430,46567,41420,5147,27218,22726,4492,9793,8903,890,9720,8636,1084,4380,4021,359,8407,7896,511,2784,2413,371,27.574631,80.6634209
UTTAR PRADESH,Total,Sitapur,On foot,55764,42469,13295,0,0,0,31040,23654,7386,13461,10843,2618,11263,7972,3291,0,0,0,0,0,0,0,0,0,0,0,0,0,0,0,27.574631,80.6634209
UTTAR PRADESH,Total,Sitapur,Bicycle,51380,48531,2849,0,0,0,7436,6964,472,22930,21764,1166,10300,9898,402,4615,4443,172,6099,5462,637,0,0,0,0,0,0,0,0,0,27.574631,80.6634209
UTTAR PRADESH,Total,Sitapur,Moped/Scooter/Motor Cycle,21124,19411,1713,0,0,0,2773,2546,227,7255,6672,583,3398,3098,300,2805,2582,223,1536,1422,114,1187,1125,62,873,817,56,1297,1149,148,27.574631,80.6634209
UTTAR PRADESH,Total,Sitapur,Car/Jeep/Van,2473,2022,451,0,0,0,311,250,61,467,376,91,271,192,79,289,223,66,271,218,53,257,227,30,407,365,42,200,171,29,27.574631,80.6634209
UTTAR PRADESH,Total,Sitapur,Tempo/Autorickshaw/Taxi,4506,3239,1267,0,0,0,299,180,119,1020,577,443,1010,744,266,998,771,227,472,407,65,308,264,44,178,146,32,221,150,71,27.574631,80.6634209
UTTAR PRADESH,Total,Sitapur,Bus,6643,5690,953,0,0,0,266,204,62,312,228,84,416,298,118,667,511,156,946,772,174,1118,974,144,2593,2423,170,325,280,45,27.574631,80.6634209
UTTAR PRADESH,Total,Sitapur,Train,8042,7510,532,0,0,0,384,325,59,528,480,48,252,234,18,295,262,33,361,321,40,1432,1358,74,4197,3991,206,593,539,54,27.574631,80.6634209
UTTAR PRADESH,Total,Sitapur,Water transport,135,110,25,0,0,0,30,24,6,15,8,7,17,17,0,10,5,5,4,4,0,2,1,1,34,32,2,23,19,4,27.574631,80.6634209
UTTAR PRADESH,Total,Sitapur,Any other,1535,1336,199,0,0,0,194,156,38,579,472,107,291,273,18,114,106,8,31,30,1,76,72,4,125,122,3,125,105,20,27.574631,80.6634209
UTTAR PRADESH,Total,Sitapur,No travel,155378,100192,55186,155378,100192,55186,0,0,0,0,0,0,0,0,0,0,0,0,0,0,0,0,0,0,0,0,0,0,0,0,27.574631,80.6634209
UTTAR PRADESH,Rural,Sitapur,All Modes,187858,132791,55067,106697,64577,42120,19108,13535,5573,21328,18586,2742,17845,14906,2939,6961,6502,459,6145,5551,594,2731,2535,196,5606,5342,264,1437,1257,180,27.574631,80.6634209
UTTAR PRADESH,Rural,Sitapur,On foot,27670,18624,9046,0,0,0,14568,9505,5063,6188,4520,1668,6914,4599,2315,0,0,0,0,0,0,0,0,0,0,0,0,0,0,0,27.574631,80.6634209
UTTAR PRADESH,Rural,Sitapur,Bicycle,31240,29455,1785,0,0,0,3247,2965,282,11990,11349,641,8034,7726,308,3792,3648,144,4177,3767,410,0,0,0,0,0,0,0,0,0,27.574631,80.6634209
UTTAR PRADESH,Rural,Sitapur,Moped/Scooter/Motor Cycle,8971,8167,804,0,0,0,706,609,97,2186,1930,256,1724,1573,151,1670,1556,114,871,820,51,699,666,33,551,516,35,564,497,67,27.574631,80.6634209
UTTAR PRADESH,Rural,Sitapur,Car/Jeep/Van,1083,937,146,0,0,0,85,67,18,114,90,24,95,80,15,158,137,21,133,116,17,151,134,17,267,246,21,80,67,13,27.574631,80.6634209
UTTAR PRADESH,Rural,Sitapur,Tempo/Autorickshaw/Taxi,2418,2005,413,0,0,0,99,72,27,275,191,84,532,439,93,702,606,96,328,301,27,247,209,38,116,104,12,119,83,36,27.574631,80.6634209
UTTAR PRADESH,Rural,Sitapur,Bus,3708,3315,393,0,0,0,134,101,33,118,101,17,197,157,40,364,301,63,399,329,70,608,541,67,1678,1597,81,210,188,22,27.574631,80.6634209
UTTAR PRADESH,Rural,Sitapur,Train,5226,4954,272,0,0,0,184,153,31,238,214,24,143,136,7,186,172,14,226,207,19,979,941,38,2892,2780,112,378,351,27,27.574631,80.6634209
UTTAR PRADESH,Rural,Sitapur,Water transport,64,53,11,0,0,0,16,13,3,4,1,3,7,7,0,3,2,1,1,1,0,1,0,1,21,20,1,11,9,2,27.574631,80.6634209
UTTAR PRADESH,Rural,Sitapur,Any other,781,704,77,0,0,0,69,50,19,215,190,25,199,189,10,86,80,6,10,10,0,46,44,2,81,79,2,75,62,13,27.574631,80.6634209
UTTAR PRADESH,Rural,Sitapur,No travel,106697,64577,42120,106697,64577,42120,0,0,0,0,0,0,0,0,0,0,0,0,0,0,0,0,0,0,0,0,0,0,0,0,27.574631,80.6634209
UTTAR PRADESH,Urban,Sitapur,All Modes,119122,97719,21403,48681,35615,13066,23625,20768,2857,25239,22834,2405,9373,7820,1553,2832,2401,431,3575,3085,490,1649,1486,163,2801,2554,247,1347,1156,191,27.574631,80.6634209
UTTAR PRADESH,Urban,Sitapur,On foot,28094,23845,4249,0,0,0,16472,14149,2323,7273,6323,950,4349,3373,976,0,0,0,0,0,0,0,0,0,0,0,0,0,0,0,27.574631,80.6634209
UTTAR PRADESH,Urban,Sitapur,Bicycle,20140,19076,1064,0,0,0,4189,3999,190,10940,10415,525,2266,2172,94,823,795,28,1922,1695,227,0,0,0,0,0,0,0,0,0,27.574631,80.6634209
UTTAR PRADESH,Urban,Sitapur,Moped/Scooter/Motor Cycle,12153,11244,909,0,0,0,2067,1937,130,5069,4742,327,1674,1525,149,1135,1026,109,665,602,63,488,459,29,322,301,21,733,652,81,27.574631,80.6634209
UTTAR PRADESH,Urban,Sitapur,Car/Jeep/Van,1390,1085,305,0,0,0,226,183,43,353,286,67,176,112,64,131,86,45,138,102,36,106,93,13,140,119,21,120,104,16,27.574631,80.6634209
UTTAR PRADESH,Urban,Sitapur,Tempo/Autorickshaw/Taxi,2088,1234,854,0,0,0,200,108,92,745,386,359,478,305,173,296,165,131,144,106,38,61,55,6,62,42,20,102,67,35,27.574631,80.6634209
UTTAR PRADESH,Urban,Sitapur,Bus,2935,2375,560,0,0,0,132,103,29,194,127,67,219,141,78,303,210,93,547,443,104,510,433,77,915,826,89,115,92,23,27.574631,80.6634209
UTTAR PRADESH,Urban,Sitapur,Train,2816,2556,260,0,0,0,200,172,28,290,266,24,109,98,11,109,90,19,135,114,21,453,417,36,1305,1211,94,215,188,27,27.574631,80.6634209
UTTAR PRADESH,Urban,Sitapur,Water transport,71,57,14,0,0,0,14,11,3,11,7,4,10,10,0,7,3,4,3,3,0,1,1,0,13,12,1,12,10,2,27.574631,80.6634209
UTTAR PRADESH,Urban,Sitapur,Any other,754,632,122,0,0,0,125,106,19,364,282,82,92,84,8,28,26,2,21,20,1,30,28,2,44,43,1,50,43,7,27.574631,80.6634209
UTTAR PRADESH,Urban,Sitapur,No travel,48681,35615,13066,48681,35615,13066,0,0,0,0,0,0,0,0,0,0,0,0,0,0,0,0,0,0,0,0,0,0,0,0,27.574631,80.6634209
ANDHRA PRADESH,Total,Krishna,All Modes,843294,655413,187881,261432,178585,82847,113767,84179,29588,196060,163197,32863,120226,97264,22962,44905,38436,6469,38177,34681,3496,17034,14556,2478,13416,11759,1657,38277,32756,5521,16.6099914,80.7214417
ANDHRA PRADESH,Total,Krishna,On foot,146706,95059,51647,0,0,0,67009,42223,24786,42228,27519,14709,37469,25317,12152,0,0,0,0,0,0,0,0,0,0,0,0,0,0,0,16.6099914,80.7214417
ANDHRA PRADESH,Total,Krishna,Bicycle,134630,129099,5531,0,0,0,21176,20279,897,64365,61845,2520,20206,19491,715,6566,6287,279,22317,21197,1120,0,0,0,0,0,0,0,0,0,16.6099914,80.7214417
ANDHRA PRADESH,Total,Krishna,Moped/Scooter/Motor Cycle,108226,101488,6738,0,0,0,14972,13948,1024,41682,38969,2713,20495,19311,1184,9563,9076,487,3142,2987,155,3177,2996,181,1421,1347,74,13774,12854,920,16.6099914,80.7214417
ANDHRA PRADESH,Total,Krishna,Car/Jeep/Van,13132,11036,2096,0,0,0,1216,975,241,3137,2598,539,2056,1748,308,1439,1208,231,688,595,93,1592,1266,326,932,843,89,2072,1803,269,16.6099914,80.7214417
ANDHRA PRADESH,Total,Krishna,Tempo/Autorickshaw/Taxi,43277,32547,10730,0,0,0,3103,2100,1003,14365,9773,4592,10025,7777,2248,6144,4895,1249,1893,1675,218,1832,1573,259,948,833,115,4967,3921,1046,16.6099914,80.7214417
ANDHRA PRADESH,Total,Krishna,Bus,111567,85776,25791,0,0,0,4698,3249,1449,25993,18648,7345,26581,20553,6028,18706,14784,3922,8574,6860,1714,8313,6799,1514,5767,4807,960,12935,10076,2859,16.6099914,80.7214417
ANDHRA PRADESH,Total,Krishna,Train,11903,10464,1439,0,0,0,715,604,111,1532,1341,191,939,830,109,795,699,96,955,843,112,1433,1267,166,2962,2597,365,2572,2283,289,16.6099914,80.7214417
ANDHRA PRADESH,Total,Krishna,Water transport,4342,3799,543,0,0,0,248,221,27,1013,883,130,1264,1110,154,891,774,117,205,179,26,165,143,22,201,182,19,355,307,48,16.6099914,80.7214417
ANDHRA PRADESH,Total,Krishna,Any other,8079,7560,519,0,0,0,630,580,50,1745,1621,124,1191,1127,64,801,713,88,403,345,58,522,512,10,1185,1150,35,1602,1512,90,16.6099914,80.7214417
ANDHRA PRADESH,Total,Krishna,No travel,261432,178585,82847,261432,178585,82847,0,0,0,0,0,0,0,0,0,0,0,0,0,0,0,0,0,0,0,0,0,0,0,0,16.6099914,80.7214417
ANDHRA PRADESH,Rural,Krishna,All Modes,266894,205500,61394,104665,73102,31563,37477,28065,9412,40273,33131,7142,29792,23873,5919,17935,15247,2688,14194,12702,1492,8516,7309,1207,6390,5565,825,7652,6506,1146,16.6099914,80.7214417
ANDHRA PRADESH,Rural,Krishna,On foot,42841,27894,14947,0,0,0,22904,14749,8155,10075,6508,3567,9862,6637,3225,0,0,0,0,0,0,0,0,0,0,0,0,0,0,0,16.6099914,80.7214417
ANDHRA PRADESH,Rural,Krishna,Bicycle,35092,33822,1270,0,0,0,7610,7345,265,14538,13993,545,5466,5306,160,2277,2199,78,5201,4979,222,0,0,0,0,0,0,0,0,0,16.6099914,80.7214417
ANDHRA PRADESH,Rural,Krishna,Moped/Scooter/Motor Cycle,22330,20825,1505,0,0,0,4079,3789,290,6170,5695,475,3868,3596,272,3299,3109,190,1456,1391,65,1077,1029,48,464,435,29,1917,1781,136,16.6099914,80.7214417
ANDHRA PRADESH,Rural,Krishna,Car/Jeep/Van,3893,3055,838,0,0,0,333,258,75,498,370,128,394,306,88,502,382,120,264,215,49,1031,769,262,471,414,57,400,341,59,16.6099914,80.7214417
ANDHRA PRADESH,Rural,Krishna,Tempo/Autorickshaw/Taxi,15662,12030,3632,0,0,0,980,699,281,3916,2694,1222,3827,2958,869,3150,2469,681,1057,926,131,971,856,115,471,418,53,1290,1010,280,16.6099914,80.7214417
ANDHRA PRADESH,Rural,Krishna,Bus,31892,25395,6497,0,0,0,972,695,277,3341,2328,1013,4807,3678,1129,7269,5848,1421,5184,4290,894,4519,3814,705,3110,2595,515,2690,2147,543,16.6099914,80.7214417
ANDHRA PRADESH,Rural,Krishna,Train,4088,3614,474,0,0,0,244,207,37,359,318,41,277,246,31,285,250,35,613,555,58,534,479,55,1135,999,136,641,560,81,16.6099914,80.7214417
ANDHRA PRADESH,Rural,Krishna,Water transport,3271,2834,437,0,0,0,130,116,14,865,760,105,945,822,123,811,700,111,167,142,25,100,81,19,71,57,14,182,156,26,16.6099914,80.7214417
ANDHRA PRADESH,Rural,Krishna,Any other,3160,2929,231,0,0,0,225,207,18,511,465,46,346,324,22,342,290,52,252,204,48,284,281,3,668,647,21,532,511,21,16.6099914,80.7214417
ANDHRA PRADESH,Rural,Krishna,No travel,104665,73102,31563,104665,73102,31563,0,0,0,0,0,0,0,0,0,0,0,0,0,0,0,0,0,0,0,0,0,0,0,0,16.6099914,80.7214417
ANDHRA PRADESH,Urban,Krishna,All Modes,576400,449913,126487,156767,105483,51284,76290,56114,20176,155787,130066,25721,90434,73391,17043,26970,23189,3781,23983,21979,2004,8518,7247,1271,7026,6194,832,30625,26250,4375,16.6099914,80.7214417
ANDHRA PRADESH,Urban,Krishna,On foot,103865,67165,36700,0,0,0,44105,27474,16631,32153,21011,11142,27607,18680,8927,0,0,0,0,0,0,0,0,0,0,0,0,0,0,0,16.6099914,80.7214417
ANDHRA PRADESH,Urban,Krishna,Bicycle,99538,95277,4261,0,0,0,13566,12934,632,49827,47852,1975,14740,14185,555,4289,4088,201,17116,16218,898,0,0,0,0,0,0,0,0,0,16.6099914,80.7214417
ANDHRA PRADESH,Urban,Krishna,Moped/Scooter/Motor Cycle,85896,80663,5233,0,0,0,10893,10159,734,35512,33274,2238,16627,15715,912,6264,5967,297,1686,1596,90,2100,1967,133,957,912,45,11857,11073,784,16.6099914,80.7214417
ANDHRA PRADESH,Urban,Krishna,Car/Jeep/Van,9239,7981,1258,0,0,0,883,717,166,2639,2228,411,1662,1442,220,937,826,111,424,380,44,561,497,64,461,429,32,1672,1462,210,16.6099914,80.7214417
ANDHRA PRADESH,Urban,Krishna,Tempo/Autorickshaw/Taxi,27615,20517,7098,0,0,0,2123,1401,722,10449,7079,3370,6198,4819,1379,2994,2426,568,836,749,87,861,717,144,477,415,62,3677,2911,766,16.6099914,80.7214417
ANDHRA PRADESH,Urban,Krishna,Bus,79675,60381,19294,0,0,0,3726,2554,1172,22652,16320,6332,21774,16875,4899,11437,8936,2501,3390,2570,820,3794,2985,809,2657,2212,445,10245,7929,2316,16.6099914,80.7214417
ANDHRA PRADESH,Urban,Krishna,Train,7815,6850,965,0,0,0,471,397,74,1173,1023,150,662,584,78,510,449,61,342,288,54,899,788,111,1827,1598,229,1931,1723,208,16.6099914,80.7214417
ANDHRA PRADESH,Urban,Krishna,Water transport,1071,965,106,0,0,0,118,105,13,148,123,25,319,288,31,80,74,6,38,37,1,65,62,3,130,125,5,173,151,22,16.6099914,80.7214417
ANDHRA PRADESH,Urban,Krishna,Any other,4919,4631,288,0,0,0,405,373,32,1234,1156,78,845,803,42,459,423,36,151,141,10,238,231,7,517,503,14,1070,1001,69,16.6099914,80.7214417
ANDHRA PRADESH,Urban,Krishna,No travel,156767,105483,51284,156767,105483,51284,0,0,0,0,0,0,0,0,0,0,0,0,0,0,0,0,0,0,0,0,0,0,0,0,16.6099914,80.7214417
UTTAR PRADESH,Total,Kheri,All Modes,265516,201851,63665,128624,82292,46332,41171,34551,6620,47164,42559,4605,22407,18618,3789,8674,7926,748,6617,5987,630,3319,3014,305,5435,5071,364,2105,1833,272,27.9462395,80.7787163
UTTAR PRADESH,Total,Kheri,On foot,54256,43021,11235,0,0,0,29096,23333,5763,15040,12566,2474,10120,7122,2998,0,0,0,0,0,0,0,0,0,0,0,0,0,0,0,27.9462395,80.7787163
UTTAR PRADESH,Total,Kheri,Bicycle,44390,42424,1966,0,0,0,6979,6647,332,21699,20778,921,7886,7666,220,3598,3481,117,4228,3852,376,0,0,0,0,0,0,0,0,0,27.9462395,80.7787163
UTTAR PRADESH,Total,Kheri,Moped/Scooter/Motor Cycle,21119,19612,1507,0,0,0,3799,3551,248,7817,7213,604,2863,2652,211,2604,2431,173,1068,1010,58,1115,1059,56,683,653,30,1170,1043,127,27.9462395,80.7787163
UTTAR PRADESH,Total,Kheri,Car/Jeep/Van,1829,1568,261,0,0,0,248,212,36,391,327,64,197,151,46,224,177,47,124,109,15,236,222,14,276,252,24,133,118,15,27.9462395,80.7787163
UTTAR PRADESH,Total,Kheri,Tempo/Autorickshaw/Taxi,1850,1327,523,0,0,0,199,127,72,597,354,243,264,182,82,515,452,63,70,52,18,65,52,13,46,42,4,94,66,28,27.9462395,80.7787163
UTTAR PRADESH,Total,Kheri,Bus,6128,4922,1206,0,0,0,269,192,77,477,333,144,597,414,183,1183,871,312,834,695,139,1115,948,167,1434,1294,140,219,175,44,27.9462395,80.7787163
UTTAR PRADESH,Total,Kheri,Train,5530,5119,411,0,0,0,291,260,31,429,377,52,234,206,28,397,368,29,231,208,23,723,671,52,2863,2707,156,362,322,40,27.9462395,80.7787163
UTTAR PRADESH,Total,Kheri,Water transport,103,80,23,0,0,0,22,8,14,19,16,3,4,4,0,8,8,0,5,5,0,0,0,0,25,23,2,20,16,4,27.9462395,80.7787163
UTTAR PRADESH,Total,Kheri,Any other,1687,1486,201,0,0,0,268,221,47,695,595,100,242,221,21,145,138,7,57,56,1,65,62,3,108,100,8,107,93,14,27.9462395,80.7787163
UTTAR PRADESH,Total,Kheri,No travel,128624,82292,46332,128624,82292,46332,0,0,0,0,0,0,0,0,0,0,0,0,0,0,0,0,0,0,0,0,0,0,0,0,27.9462395,80.7787163
UTTAR PRADESH,Rural,Kheri,All Modes,162667,113455,49212,91885,54264,37621,18197,13560,4637,22879,20092,2787,14166,11188,2978,5462,5110,352,4043,3656,387,1555,1444,111,3354,3180,174,1126,961,165,27.9462395,80.7787163
UTTAR PRADESH,Rural,Kheri,On foot,26863,18478,8385,0,0,0,13414,9230,4184,7325,5672,1653,6124,3576,2548,0,0,0,0,0,0,0,0,0,0,0,0,0,0,0,27.9462395,80.7787163
UTTAR PRADESH,Rural,Kheri,Bicycle,25865,24488,1377,0,0,0,3256,3045,211,11703,11076,627,5607,5448,159,2608,2517,91,2691,2402,289,0,0,0,0,0,0,0,0,0,27.9462395,80.7787163
UTTAR PRADESH,Rural,Kheri,Moped/Scooter/Motor Cycle,8835,8015,820,0,0,0,937,807,130,2752,2413,339,1580,1469,111,1473,1386,87,629,598,31,544,519,25,380,362,18,540,461,79,27.9462395,80.7787163
UTTAR PRADESH,Rural,Kheri,Car/Jeep/Van,810,708,102,0,0,0,86,71,15,104,92,12,87,67,20,130,107,23,58,51,7,127,120,7,129,121,8,89,79,10,27.9462395,80.7787163
UTTAR PRADESH,Rural,Kheri,Tempo/Autorickshaw/Taxi,672,542,130,0,0,0,48,38,10,168,128,40,149,120,29,171,147,24,35,29,6,37,32,5,18,16,2,46,32,14,27.9462395,80.7787163
UTTAR PRADESH,Rural,Kheri,Bus,3336,2850,486,0,0,0,142,106,36,259,192,67,308,228,80,685,573,112,456,414,42,534,476,58,842,776,66,110,85,25,27.9462395,80.7787163
UTTAR PRADESH,Rural,Kheri,Train,3384,3185,199,0,0,0,158,138,20,250,227,23,154,135,19,284,271,13,122,111,11,263,249,14,1893,1819,74,260,235,25,27.9462395,80.7787163
UTTAR PRADESH,Rural,Kheri,Water transport,77,57,20,0,0,0,17,4,13,15,12,3,3,3,0,6,6,0,4,4,0,0,0,0,21,19,2,11,9,2,27.9462395,80.7787163
UTTAR PRADESH,Rural,Kheri,Any other,940,868,72,0,0,0,139,121,18,303,280,23,154,142,12,105,103,2,48,47,1,50,48,2,71,67,4,70,60,10,27.9462395,80.7787163
UTTAR PRADESH,Rural,Kheri,No travel,91885,54264,37621,91885,54264,37621,0,0,0,0,0,0,0,0,0,0,0,0,0,0,0,0,0,0,0,0,0,0,0,0,27.9462395,80.7787163
UTTAR PRADESH,Urban,Kheri,All Modes,102849,88396,14453,36739,28028,8711,22974,20991,1983,24285,22467,1818,8241,7430,811,3212,2816,396,2574,2331,243,1764,1570,194,2081,1891,190,979,872,107,27.9462395,80.7787163
UTTAR PRADESH,Urban,Kheri,On foot,27393,24543,2850,0,0,0,15682,14103,1579,7715,6894,821,3996,3546,450,0,0,0,0,0,0,0,0,0,0,0,0,0,0,0,27.9462395,80.7787163
UTTAR PRADESH,Urban,Kheri,Bicycle,18525,17936,589,0,0,0,3723,3602,121,9996,9702,294,2279,2218,61,990,964,26,1537,1450,87,0,0,0,0,0,0,0,0,0,27.9462395,80.7787163
UTTAR PRADESH,Urban,Kheri,Moped/Scooter/Motor Cycle,12284,11597,687,0,0,0,2862,2744,118,5065,4800,265,1283,1183,100,1131,1045,86,439,412,27,571,540,31,303,291,12,630,582,48,27.9462395,80.7787163
UTTAR PRADESH,Urban,Kheri,Car/Jeep/Van,1019,860,159,0,0,0,162,141,21,287,235,52,110,84,26,94,70,24,66,58,8,109,102,7,147,131,16,44,39,5,27.9462395,80.7787163
UTTAR PRADESH,Urban,Kheri,Tempo/Autorickshaw/Taxi,1178,785,393,0,0,0,151,89,62,429,226,203,115,62,53,344,305,39,35,23,12,28,20,8,28,26,2,48,34,14,27.9462395,80.7787163
UTTAR PRADESH,Urban,Kheri,Bus,2792,2072,720,0,0,0,127,86,41,218,141,77,289,186,103,498,298,200,378,281,97,581,472,109,592,518,74,109,90,19,27.9462395,80.7787163
UTTAR PRADESH,Urban,Kheri,Train,2146,1934,212,0,0,0,133,122,11,179,150,29,80,71,9,113,97,16,109,97,12,460,422,38,970,888,82,102,87,15,27.9462395,80.7787163
UTTAR PRADESH,Urban,Kheri,Water transport,26,23,3,0,0,0,5,4,1,4,4,0,1,1,0,2,2,0,1,1,0,0,0,0,4,4,0,9,7,2,27.9462395,80.7787163
UTTAR PRADESH,Urban,Kheri,Any other,747,618,129,0,0,0,129,100,29,392,315,77,88,79,9,40,35,5,9,9,0,15,14,1,37,33,4,37,33,4,27.9462395,80.7787163
UTTAR PRADESH,Urban,Kheri,No travel,36739,28028,8711,36739,28028,8711,0,0,0,0,0,0,0,0,0,0,0,0,0,0,0,0,0,0,0,0,0,0,0,0,27.9462395,80.7787163
UTTAR PRADESH,Total,Fatehpur,All Modes,258250,197122,61128,121341,78172,43169,36714,28404,8310,40550,36040,4510,24677,21630,3047,11039,10305,734,7379,6913,466,3622,3384,238,9525,9110,415,3403,3164,239,25.9209503,80.7996035
UTTAR PRADESH,Total,Fatehpur,On foot,49203,36296,12907,0,0,0,28291,20576,7715,12993,10048,2945,7919,5672,2247,0,0,0,0,0,0,0,0,0,0,0,0,0,0,0,25.9209503,80.7996035
UTTAR PRADESH,Total,Fatehpur,Bicycle,46898,45334,1564,0,0,0,5181,4941,240,20180,19433,747,11516,11253,263,5491,5370,121,4530,4337,193,0,0,0,0,0,0,0,0,0,25.9209503,80.7996035
UTTAR PRADESH,Total,Fatehpur,Moped/Scooter/Motor Cycle,15931,14999,932,0,0,0,2010,1903,107,5048,4724,324,2922,2744,178,2519,2383,136,1150,1088,62,975,934,41,573,545,28,734,678,56,25.9209503,80.7996035
UTTAR PRADESH,Total,Fatehpur,Car/Jeep/Van,1490,1318,172,0,0,0,184,148,36,242,209,33,195,175,20,177,156,21,112,96,16,218,199,19,243,228,15,119,107,12,25.9209503,80.7996035
UTTAR PRADESH,Total,Fatehpur,Tempo/Autorickshaw/Taxi,4653,3747,906,0,0,0,256,169,87,1065,740,325,1034,841,193,1295,1101,194,416,370,46,219,199,20,118,111,7,250,216,34,25.9209503,80.7996035
UTTAR PRADESH,Total,Fatehpur,Bus,8334,7333,1001,0,0,0,284,228,56,386,292,94,585,458,127,1223,976,247,976,835,141,1706,1571,135,2703,2536,167,471,437,34,25.9209503,80.7996035
UTTAR PRADESH,Total,Fatehpur,Train,8878,8519,359,0,0,0,338,301,37,341,320,21,280,269,11,203,192,11,123,117,6,409,388,21,5634,5442,192,1550,1490,60,25.9209503,80.7996035
UTTAR PRADESH,Total,Fatehpur,Water transport,126,113,13,0,0,0,23,21,2,14,14,0,7,6,1,4,4,0,2,2,0,7,7,0,28,27,1,41,32,9,25.9209503,80.7996035
UTTAR PRADESH,Total,Fatehpur,Any other,1396,1291,105,0,0,0,147,117,30,281,260,21,219,212,7,127,123,4,70,68,2,88,86,2,226,221,5,238,204,34,25.9209503,80.7996035
UTTAR PRADESH,Total,Fatehpur,No travel,121341,78172,43169,121341,78172,43169,0,0,0,0,0,0,0,0,0,0,0,0,0,0,0,0,0,0,0,0,0,0,0,0,25.9209503,80.7996035
UTTAR PRADESH,Rural,Fatehpur,All Modes,185040,134975,50065,93823,57265,36558,22277,15386,6891,24037,20950,3087,18782,16374,2408,8214,7887,327,5464,5200,264,2557,2446,111,7056,6810,246,2830,2657,173,25.9209503,80.7996035
UTTAR PRADESH,Rural,Fatehpur,On foot,32467,21782,10685,0,0,0,18196,11664,6532,8256,6037,2219,6015,4081,1934,0,0,0,0,0,0,0,0,0,0,0,0,0,0,0,25.9209503,80.7996035
UTTAR PRADESH,Rural,Fatehpur,Bicycle,33115,31913,1202,0,0,0,2745,2563,182,12675,12135,540,9448,9230,218,4650,4555,95,3597,3430,167,0,0,0,0,0,0,0,0,0,25.9209503,80.7996035
UTTAR PRADESH,Rural,Fatehpur,Moped/Scooter/Motor Cycle,7831,7317,514,0,0,0,570,515,55,1800,1632,168,1703,1602,101,1517,1448,69,707,677,30,631,610,21,394,372,22,509,461,48,25.9209503,80.7996035
UTTAR PRADESH,Rural,Fatehpur,Car/Jeep/Van,856,777,79,0,0,0,76,53,23,95,84,11,123,112,11,113,104,9,79,73,6,134,125,9,150,145,5,86,81,5,25.9209503,80.7996035
UTTAR PRADESH,Rural,Fatehpur,Tempo/Autorickshaw/Taxi,3067,2761,306,0,0,0,114,100,14,538,456,82,679,604,75,920,846,74,334,311,23,183,171,12,89,85,4,210,188,22,25.9209503,80.7996035
UTTAR PRADESH,Rural,Fatehpur,Bus,5890,5460,430,0,0,0,196,160,36,247,199,48,404,346,58,740,669,71,619,585,34,1271,1211,60,1996,1900,96,417,390,27,25.9209503,80.7996035
UTTAR PRADESH,Rural,Fatehpur,Train,6911,6687,224,0,0,0,260,230,30,264,250,14,234,229,5,164,158,6,67,65,2,274,266,8,4240,4126,114,1408,1363,45,25.9209503,80.7996035
UTTAR PRADESH,Rural,Fatehpur,Water transport,105,93,12,0,0,0,19,17,2,13,13,0,6,5,1,2,2,0,2,2,0,6,6,0,22,21,1,35,27,8,25.9209503,80.7996035
UTTAR PRADESH,Rural,Fatehpur,Any other,975,920,55,0,0,0,101,84,17,149,144,5,170,165,5,108,105,3,59,57,2,58,57,1,165,161,4,165,147,18,25.9209503,80.7996035
UTTAR PRADESH,Rural,Fatehpur,No travel,93823,57265,36558,93823,57265,36558,0,0,0,0,0,0,0,0,0,0,0,0,0,0,0,0,0,0,0,0,0,0,0,0,25.9209503,80.7996035
UTTAR PRADESH,Urban,Fatehpur,All Modes,73210,62147,11063,27518,20907,6611,14437,13018,1419,16513,15090,1423,5895,5256,639,2825,2418,407,1915,1713,202,1065,938,127,2469,2300,169,573,507,66,25.9209503,80.7996035
UTTAR PRADESH,Urban,Fatehpur,On foot,16736,14514,2222,0,0,0,10095,8912,1183,4737,4011,726,1904,1591,313,0,0,0,0,0,0,0,0,0,0,0,0,0,0,0,25.9209503,80.7996035
UTTAR PRADESH,Urban,Fatehpur,Bicycle,13783,13421,362,0,0,0,2436,2378,58,7505,7298,207,2068,2023,45,841,815,26,933,907,26,0,0,0,0,0,0,0,0,0,25.9209503,80.7996035
UTTAR PRADESH,Urban,Fatehpur,Moped/Scooter/Motor Cycle,8100,7682,418,0,0,0,1440,1388,52,3248,3092,156,1219,1142,77,1002,935,67,443,411,32,344,324,20,179,173,6,225,217,8,25.9209503,80.7996035
UTTAR PRADESH,Urban,Fatehpur,Car/Jeep/Van,634,541,93,0,0,0,108,95,13,147,125,22,72,63,9,64,52,12,33,23,10,84,74,10,93,83,10,33,26,7,25.9209503,80.7996035
UTTAR PRADESH,Urban,Fatehpur,Tempo/Autorickshaw/Taxi,1586,986,600,0,0,0,142,69,73,527,284,243,355,237,118,375,255,120,82,59,23,36,28,8,29,26,3,40,28,12,25.9209503,80.7996035
UTTAR PRADESH,Urban,Fatehpur,Bus,2444,1873,571,0,0,0,88,68,20,139,93,46,181,112,69,483,307,176,357,250,107,435,360,75,707,636,71,54,47,7,25.9209503,80.7996035
UTTAR PRADESH,Urban,Fatehpur,Train,1967,1832,135,0,0,0,78,71,7,77,70,7,46,40,6,39,34,5,56,52,4,135,122,13,1394,1316,78,142,127,15,25.9209503,80.7996035
UTTAR PRADESH,Urban,Fatehpur,Water transport,21,20,1,0,0,0,4,4,0,1,1,0,1,1,0,2,2,0,0,0,0,1,1,0,6,6,0,6,5,1,25.9209503,80.7996035
UTTAR PRADESH,Urban,Fatehpur,Any other,421,371,50,0,0,0,46,33,13,132,116,16,49,47,2,19,18,1,11,11,0,30,29,1,61,60,1,73,57,16,25.9209503,80.7996035
UTTAR PRADESH,Urban,Fatehpur,No travel,27518,20907,6611,27518,20907,6611,0,0,0,0,0,0,0,0,0,0,0,0,0,0,0,0,0,0,0,0,0,0,0,0,25.9209503,80.7996035
CHHATTISGARH,Total,Bijapur,All Modes,16763,13219,3544,7541,6467,1074,4410,3223,1187,2495,1732,763,942,720,222,671,517,154,329,251,78,191,155,36,164,137,27,20,17,3,18.7977099,80.8128636
CHHATTISGARH,Total,Bijapur,On foot,4563,3056,1507,0,0,0,3284,2279,1005,957,542,415,322,235,87,0,0,0,0,0,0,0,0,0,0,0,0,0,0,0,18.7977099,80.8128636
CHHATTISGARH,Total,Bijapur,Bicycle,1731,1311,420,0,0,0,528,437,91,803,601,202,224,160,64,110,70,40,66,43,23,0,0,0,0,0,0,0,0,0,18.7977099,80.8128636
CHHATTISGARH,Total,Bijapur,Moped/Scooter/Motor Cycle,2258,1927,331,0,0,0,554,467,87,690,560,130,335,293,42,358,329,29,168,143,25,90,80,10,50,45,5,13,10,3,18.7977099,80.8128636
CHHATTISGARH,Total,Bijapur,Car/Jeep/Van,126,101,25,0,0,0,33,33,0,15,12,3,5,2,3,35,23,12,25,21,4,7,5,2,6,5,1,0,0,0,18.7977099,80.8128636
CHHATTISGARH,Total,Bijapur,Tempo/Autorickshaw/Taxi,139,99,40,0,0,0,4,3,1,7,4,3,13,5,8,44,26,18,35,30,5,23,20,3,9,7,2,4,4,0,18.7977099,80.8128636
CHHATTISGARH,Total,Bijapur,Bus,385,239,146,0,0,0,4,1,3,20,10,10,40,23,17,123,68,55,34,13,21,68,47,21,93,74,19,3,3,0,18.7977099,80.8128636
CHHATTISGARH,Total,Bijapur,Train,5,5,0,0,0,0,3,3,0,0,0,0,0,0,0,0,0,0,0,0,0,0,0,0,2,2,0,0,0,0,18.7977099,80.8128636
CHHATTISGARH,Total,Bijapur,Water transport,2,2,0,0,0,0,0,0,0,1,1,0,0,0,0,0,0,0,1,1,0,0,0,0,0,0,0,0,0,0,18.7977099,80.8128636
CHHATTISGARH,Total,Bijapur,Any other,13,12,1,0,0,0,0,0,0,2,2,0,3,2,1,1,1,0,0,0,0,3,3,0,4,4,0,0,0,0,18.7977099,80.8128636
CHHATTISGARH,Total,Bijapur,No travel,7541,6467,1074,7541,6467,1074,0,0,0,0,0,0,0,0,0,0,0,0,0,0,0,0,0,0,0,0,0,0,0,0,18.7977099,80.8128636
CHHATTISGARH,Rural,Bijapur,All Modes,9440,7418,2022,5105,4394,711,2076,1414,662,1068,684,384,548,418,130,344,279,65,148,103,45,72,59,13,65,55,10,14,12,2,18.7977099,80.8128636
CHHATTISGARH,Rural,Bijapur,On foot,2231,1391,840,0,0,0,1691,1116,575,370,164,206,170,111,59,0,0,0,0,0,0,0,0,0,0,0,0,0,0,0,18.7977099,80.8128636
CHHATTISGARH,Rural,Bijapur,Bicycle,894,613,281,0,0,0,224,160,64,396,259,137,158,117,41,71,50,21,45,27,18,0,0,0,0,0,0,0,0,0,18.7977099,80.8128636
CHHATTISGARH,Rural,Bijapur,Moped/Scooter/Motor Cycle,914,810,104,0,0,0,149,128,21,284,248,36,185,173,12,176,160,16,57,47,10,35,30,5,19,17,2,9,7,2,18.7977099,80.8128636
CHHATTISGARH,Rural,Bijapur,Car/Jeep/Van,53,45,8,0,0,0,8,8,0,1,1,0,5,2,3,19,14,5,16,16,0,2,2,0,2,2,0,0,0,0,18.7977099,80.8128636
CHHATTISGARH,Rural,Bijapur,Tempo/Autorickshaw/Taxi,73,51,22,0,0,0,1,0,1,3,2,1,8,3,5,30,21,9,13,8,5,11,11,0,4,3,1,3,3,0,18.7977099,80.8128636
CHHATTISGARH,Rural,Bijapur,Bus,162,106,56,0,0,0,2,1,1,13,9,4,20,10,10,48,34,14,17,5,12,23,15,8,37,30,7,2,2,0,18.7977099,80.8128636
CHHATTISGARH,Rural,Bijapur,Train,2,2,0,0,0,0,1,1,0,0,0,0,0,0,0,0,0,0,0,0,0,0,0,0,1,1,0,0,0,0,18.7977099,80.8128636
CHHATTISGARH,Rural,Bijapur,Water transport,0,0,0,0,0,0,0,0,0,0,0,0,0,0,0,0,0,0,0,0,0,0,0,0,0,0,0,0,0,0,18.7977099,80.8128636
CHHATTISGARH,Rural,Bijapur,Any other,6,6,0,0,0,0,0,0,0,1,1,0,2,2,0,0,0,0,0,0,0,1,1,0,2,2,0,0,0,0,18.7977099,80.8128636
CHHATTISGARH,Rural,Bijapur,No travel,5105,4394,711,5105,4394,711,0,0,0,0,0,0,0,0,0,0,0,0,0,0,0,0,0,0,0,0,0,0,0,0,18.7977099,80.8128636
CHHATTISGARH,Urban,Bijapur,All Modes,7323,5801,1522,2436,2073,363,2334,1809,525,1427,1048,379,394,302,92,327,238,89,181,148,33,119,96,23,99,82,17,6,5,1,18.7977099,80.8128636
CHHATTISGARH,Urban,Bijapur,On foot,2332,1665,667,0,0,0,1593,1163,430,587,378,209,152,124,28,0,0,0,0,0,0,0,0,0,0,0,0,0,0,0,18.7977099,80.8128636
CHHATTISGARH,Urban,Bijapur,Bicycle,837,698,139,0,0,0,304,277,27,407,342,65,66,43,23,39,20,19,21,16,5,0,0,0,0,0,0,0,0,0,18.7977099,80.8128636
CHHATTISGARH,Urban,Bijapur,Moped/Scooter/Motor Cycle,1344,1117,227,0,0,0,405,339,66,406,312,94,150,120,30,182,169,13,111,96,15,55,50,5,31,28,3,4,3,1,18.7977099,80.8128636
CHHATTISGARH,Urban,Bijapur,Car/Jeep/Van,73,56,17,0,0,0,25,25,0,14,11,3,0,0,0,16,9,7,9,5,4,5,3,2,4,3,1,0,0,0,18.7977099,80.8128636
CHHATTISGARH,Urban,Bijapur,Tempo/Autorickshaw/Taxi,66,48,18,0,0,0,3,3,0,4,2,2,5,2,3,14,5,9,22,22,0,12,9,3,5,4,1,1,1,0,18.7977099,80.8128636
CHHATTISGARH,Urban,Bijapur,Bus,223,133,90,0,0,0,2,0,2,7,1,6,20,13,7,75,34,41,17,8,9,45,32,13,56,44,12,1,1,0,18.7977099,80.8128636
CHHATTISGARH,Urban,Bijapur,Train,3,3,0,0,0,0,2,2,0,0,0,0,0,0,0,0,0,0,0,0,0,0,0,0,1,1,0,0,0,0,18.7977099,80.8128636
CHHATTISGARH,Urban,Bijapur,Water transport,2,2,0,0,0,0,0,0,0,1,1,0,0,0,0,0,0,0,1,1,0,0,0,0,0,0,0,0,0,0,18.7977099,80.8128636
CHHATTISGARH,Urban,Bijapur,Any other,7,6,1,0,0,0,0,0,0,1,1,0,1,0,1,1,1,0,0,0,0,2,2,0,2,2,0,0,0,0,18.7977099,80.8128636
CHHATTISGARH,Urban,Bijapur,No travel,2436,2073,363,2436,2073,363,0,0,0,0,0,0,0,0,0,0,0,0,0,0,0,0,0,0,0,0,0,0,0,0,18.7977099,80.8128636
MADHYA PRADESH,Total,Umaria,All Modes,69865,51045,18820,19494,12669,6825,14320,9758,4562,21083,15707,5376,8699,7247,1452,2787,2549,238,1053,960,93,849,750,99,1204,1068,136,376,337,39,23.5309797,80.8294747
MADHYA PRADESH,Total,Umaria,On foot,25848,15692,10156,0,0,0,11535,7172,4363,11367,6634,4733,2946,1886,1060,0,0,0,0,0,0,0,0,0,0,0,0,0,0,0,23.5309797,80.8294747
MADHYA PRADESH,Total,Umaria,Bicycle,11211,10614,597,0,0,0,1209,1139,70,5518,5229,289,2911,2772,139,1124,1063,61,449,411,38,0,0,0,0,0,0,0,0,0,23.5309797,80.8294747
MADHYA PRADESH,Total,Umaria,Moped/Scooter/Motor Cycle,7450,6985,465,0,0,0,1290,1211,79,3232,3032,200,1333,1250,83,836,772,64,230,219,11,234,223,11,120,117,3,175,161,14,23.5309797,80.8294747
MADHYA PRADESH,Total,Umaria,Car/Jeep/Van,755,678,77,0,0,0,99,83,16,197,176,21,227,209,18,77,69,8,31,29,2,45,42,3,55,49,6,24,21,3,23.5309797,80.8294747
MADHYA PRADESH,Total,Umaria,Tempo/Autorickshaw/Taxi,247,201,46,0,0,0,18,12,6,88,67,21,73,62,11,32,27,5,9,9,0,9,9,0,5,5,0,13,10,3,23.5309797,80.8294747
MADHYA PRADESH,Total,Umaria,Bus,3313,2861,452,0,0,0,86,70,16,573,486,87,1105,980,125,628,533,95,236,206,30,262,214,48,349,308,41,74,64,10,23.5309797,80.8294747
MADHYA PRADESH,Total,Umaria,Train,1386,1211,175,0,0,0,61,50,11,79,63,16,64,57,7,69,66,3,90,80,10,289,252,37,654,569,85,80,74,6,23.5309797,80.8294747
MADHYA PRADESH,Total,Umaria,Water transport,21,11,10,0,0,0,3,2,1,4,1,3,8,4,4,2,1,1,0,0,0,1,1,0,0,0,0,3,2,1,23.5309797,80.8294747
MADHYA PRADESH,Total,Umaria,Any other,140,123,17,0,0,0,19,19,0,25,19,6,32,27,5,19,18,1,8,6,2,9,9,0,21,20,1,7,5,2,23.5309797,80.8294747
MADHYA PRADESH,Total,Umaria,No travel,19494,12669,6825,19494,12669,6825,0,0,0,0,0,0,0,0,0,0,0,0,0,0,0,0,0,0,0,0,0,0,0,0,23.5309797,80.8294747
MADHYA PRADESH,Rural,Umaria,All Modes,42281,28092,14189,13429,8121,5308,7676,4338,3338,11681,7655,4026,5643,4507,1136,1786,1632,154,591,538,53,453,398,55,874,775,99,148,128,20,23.5309797,80.8294747
MADHYA PRADESH,Rural,Umaria,On foot,17132,9226,7906,0,0,0,6940,3684,3256,7931,4201,3730,2261,1341,920,0,0,0,0,0,0,0,0,0,0,0,0,0,0,0,23.5309797,80.8294747
MADHYA PRADESH,Rural,Umaria,Bicycle,6893,6433,460,0,0,0,409,366,43,2862,2663,199,2393,2266,127,931,874,57,298,264,34,0,0,0,0,0,0,0,0,0,23.5309797,80.8294747
MADHYA PRADESH,Rural,Umaria,Moped/Scooter/Motor Cycle,2443,2276,167,0,0,0,237,223,14,665,618,47,662,624,38,470,427,43,138,130,8,129,121,8,84,81,3,58,52,6,23.5309797,80.8294747
MADHYA PRADESH,Rural,Umaria,Car/Jeep/Van,268,239,29,0,0,0,25,17,8,56,50,6,51,49,2,46,42,4,18,17,1,16,14,2,42,38,4,14,12,2,23.5309797,80.8294747
MADHYA PRADESH,Rural,Umaria,Tempo/Autorickshaw/Taxi,107,90,17,0,0,0,3,3,0,28,21,7,38,33,5,19,16,3,7,7,0,3,3,0,4,4,0,5,3,2,23.5309797,80.8294747
MADHYA PRADESH,Rural,Umaria,Bus,1133,967,166,0,0,0,29,21,8,71,53,18,165,131,34,281,236,45,96,89,7,168,143,25,294,269,25,29,25,4,23.5309797,80.8294747
MADHYA PRADESH,Rural,Umaria,Train,791,673,118,0,0,0,27,19,8,53,38,15,49,46,3,33,32,1,28,26,2,130,110,20,436,370,66,35,32,3,23.5309797,80.8294747
MADHYA PRADESH,Rural,Umaria,Water transport,12,6,6,0,0,0,3,2,1,2,1,1,4,1,3,0,0,0,0,0,0,1,1,0,0,0,0,2,1,1,23.5309797,80.8294747
MADHYA PRADESH,Rural,Umaria,Any other,73,61,12,0,0,0,3,3,0,13,10,3,20,16,4,6,5,1,6,5,1,6,6,0,14,13,1,5,3,2,23.5309797,80.8294747
MADHYA PRADESH,Rural,Umaria,No travel,13429,8121,5308,13429,8121,5308,0,0,0,0,0,0,0,0,0,0,0,0,0,0,0,0,0,0,0,0,0,0,0,0,23.5309797,80.8294747
MADHYA PRADESH,Urban,Umaria,All Modes,27584,22953,4631,6065,4548,1517,6644,5420,1224,9402,8052,1350,3056,2740,316,1001,917,84,462,422,40,396,352,44,330,293,37,228,209,19,23.5309797,80.8294747
MADHYA PRADESH,Urban,Umaria,On foot,8716,6466,2250,0,0,0,4595,3488,1107,3436,2433,1003,685,545,140,0,0,0,0,0,0,0,0,0,0,0,0,0,0,0,23.5309797,80.8294747
MADHYA PRADESH,Urban,Umaria,Bicycle,4318,4181,137,0,0,0,800,773,27,2656,2566,90,518,506,12,193,189,4,151,147,4,0,0,0,0,0,0,0,0,0,23.5309797,80.8294747
MADHYA PRADESH,Urban,Umaria,Moped/Scooter/Motor Cycle,5007,4709,298,0,0,0,1053,988,65,2567,2414,153,671,626,45,366,345,21,92,89,3,105,102,3,36,36,0,117,109,8,23.5309797,80.8294747
MADHYA PRADESH,Urban,Umaria,Car/Jeep/Van,487,439,48,0,0,0,74,66,8,141,126,15,176,160,16,31,27,4,13,12,1,29,28,1,13,11,2,10,9,1,23.5309797,80.8294747
MADHYA PRADESH,Urban,Umaria,Tempo/Autorickshaw/Taxi,140,111,29,0,0,0,15,9,6,60,46,14,35,29,6,13,11,2,2,2,0,6,6,0,1,1,0,8,7,1,23.5309797,80.8294747
MADHYA PRADESH,Urban,Umaria,Bus,2180,1894,286,0,0,0,57,49,8,502,433,69,940,849,91,347,297,50,140,117,23,94,71,23,55,39,16,45,39,6,23.5309797,80.8294747
MADHYA PRADESH,Urban,Umaria,Train,595,538,57,0,0,0,34,31,3,26,25,1,15,11,4,36,34,2,62,54,8,159,142,17,218,199,19,45,42,3,23.5309797,80.8294747
MADHYA PRADESH,Urban,Umaria,Water transport,9,5,4,0,0,0,0,0,0,2,0,2,4,3,1,2,1,1,0,0,0,0,0,0,0,0,0,1,1,0,23.5309797,80.8294747
MADHYA PRADESH,Urban,Umaria,Any other,67,62,5,0,0,0,16,16,0,12,9,3,12,11,1,13,13,0,2,1,1,3,3,0,7,7,0,2,2,0,23.5309797,80.8294747
MADHYA PRADESH,Urban,Umaria,No travel,6065,4548,1517,6065,4548,1517,0,0,0,0,0,0,0,0,0,0,0,0,0,0,0,0,0,0,0,0,0,0,0,0,23.5309797,80.8294747
MADHYA PRADESH,Total,Satna,All Modes,265742,208027,57715,75071,51116,23955,50764,37693,13071,73771,60596,13175,30784,26044,4740,13222,12231,991,8379,7683,696,5552,5070,482,6399,5979,420,1800,1615,185,24.6005075,80.8322428
MADHYA PRADESH,Total,Satna,On foot,76041,51189,24852,0,0,0,37321,25214,12107,29572,19767,9805,9148,6208,2940,0,0,0,0,0,0,0,0,0,0,0,0,0,0,0,24.6005075,80.8322428
MADHYA PRADESH,Total,Satna,Bicycle,53186,50775,2411,0,0,0,6680,6351,329,26298,25063,1235,12508,11967,541,5098,4967,131,2602,2427,175,0,0,0,0,0,0,0,0,0,24.6005075,80.8322428
MADHYA PRADESH,Total,Satna,Moped/Scooter/Motor Cycle,30778,28533,2245,0,0,0,5219,4852,367,13856,12731,1125,4982,4611,371,2999,2834,165,1459,1388,71,1077,1030,47,499,471,28,687,616,71,24.6005075,80.8322428
MADHYA PRADESH,Total,Satna,Car/Jeep/Van,4079,3592,487,0,0,0,627,561,66,1004,853,151,648,550,98,617,552,65,431,394,37,367,335,32,260,239,21,125,108,17,24.6005075,80.8322428
MADHYA PRADESH,Total,Satna,Tempo/Autorickshaw/Taxi,5283,4050,1233,0,0,0,265,183,82,1666,1121,545,1749,1344,405,1006,870,136,294,273,21,126,118,8,76,67,9,101,74,27,24.6005075,80.8322428
MADHYA PRADESH,Total,Satna,Bus,13479,11551,1928,0,0,0,262,199,63,706,496,210,1308,981,327,2791,2341,450,3091,2720,371,3006,2706,300,2037,1867,170,278,241,37,24.6005075,80.8322428
MADHYA PRADESH,Total,Satna,Train,6603,6172,431,0,0,0,241,207,34,324,286,38,233,218,15,462,444,18,463,444,19,922,831,91,3401,3211,190,557,531,26,24.6005075,80.8322428
MADHYA PRADESH,Total,Satna,Water transport,94,79,15,0,0,0,24,20,4,14,12,2,8,5,3,9,9,0,2,2,0,8,5,3,21,20,1,8,6,2,24.6005075,80.8322428
MADHYA PRADESH,Total,Satna,Any other,1128,970,158,0,0,0,125,106,19,331,267,64,200,160,40,240,214,26,37,35,2,46,45,1,105,104,1,44,39,5,24.6005075,80.8322428
MADHYA PRADESH,Total,Satna,No travel,75071,51116,23955,75071,51116,23955,0,0,0,0,0,0,0,0,0,0,0,0,0,0,0,0,0,0,0,0,0,0,0,0,24.6005075,80.8322428
MADHYA PRADESH,Rural,Satna,All Modes,141670,107119,34551,46645,30295,16350,20112,13001,7111,31047,24586,6461,20151,17068,3083,9889,9299,590,4884,4532,352,3644,3381,263,4336,4085,251,962,872,90,24.6005075,80.8322428
MADHYA PRADESH,Rural,Satna,On foot,38539,24210,14329,0,0,0,16549,9763,6786,16091,10618,5473,5899,3829,2070,0,0,0,0,0,0,0,0,0,0,0,0,0,0,0,24.6005075,80.8322428
MADHYA PRADESH,Rural,Satna,Bicycle,27801,26474,1327,0,0,0,1808,1652,156,10667,10123,544,9364,8957,407,4558,4444,114,1404,1298,106,0,0,0,0,0,0,0,0,0,24.6005075,80.8322428
MADHYA PRADESH,Rural,Satna,Moped/Scooter/Motor Cycle,9772,9212,560,0,0,0,1002,935,67,2834,2656,178,2160,2033,127,1843,1763,80,810,778,32,629,596,33,255,244,11,239,207,32,24.6005075,80.8322428
MADHYA PRADESH,Rural,Satna,Car/Jeep/Van,2097,1864,233,0,0,0,333,311,22,268,220,48,382,320,62,456,409,47,273,252,21,221,201,20,113,110,3,51,41,10,24.6005075,80.8322428
MADHYA PRADESH,Rural,Satna,Tempo/Autorickshaw/Taxi,3019,2501,518,0,0,0,90,69,21,494,383,111,1179,933,246,815,718,97,240,225,15,104,98,6,49,41,8,48,34,14,24.6005075,80.8322428
MADHYA PRADESH,Rural,Satna,Bus,8860,7930,930,0,0,0,163,128,35,397,326,71,882,733,149,1831,1608,223,1867,1701,166,2096,1935,161,1428,1320,108,196,179,17,24.6005075,80.8322428
MADHYA PRADESH,Rural,Satna,Train,4276,4038,238,0,0,0,125,104,21,186,166,20,178,168,10,164,160,4,269,257,12,557,516,41,2397,2278,119,400,389,11,24.6005075,80.8322428
MADHYA PRADESH,Rural,Satna,Water transport,50,43,7,0,0,0,10,10,0,4,3,1,7,4,3,5,5,0,0,0,0,5,4,1,17,16,1,2,1,1,24.6005075,80.8322428
MADHYA PRADESH,Rural,Satna,Any other,611,552,59,0,0,0,32,29,3,106,91,15,100,91,9,217,192,25,21,21,0,32,31,1,77,76,1,26,21,5,24.6005075,80.8322428
MADHYA PRADESH,Rural,Satna,No travel,46645,30295,16350,46645,30295,16350,0,0,0,0,0,0,0,0,0,0,0,0,0,0,0,0,0,0,0,0,0,0,0,0,24.6005075,80.8322428
MADHYA PRADESH,Urban,Satna,All Modes,124072,100908,23164,28426,20821,7605,30652,24692,5960,42724,36010,6714,10633,8976,1657,3333,2932,401,3495,3151,344,1908,1689,219,2063,1894,169,838,743,95,24.6005075,80.8322428
MADHYA PRADESH,Urban,Satna,On foot,37502,26979,10523,0,0,0,20772,15451,5321,13481,9149,4332,3249,2379,870,0,0,0,0,0,0,0,0,0,0,0,0,0,0,0,24.6005075,80.8322428
MADHYA PRADESH,Urban,Satna,Bicycle,25385,24301,1084,0,0,0,4872,4699,173,15631,14940,691,3144,3010,134,540,523,17,1198,1129,69,0,0,0,0,0,0,0,0,0,24.6005075,80.8322428
MADHYA PRADESH,Urban,Satna,Moped/Scooter/Motor Cycle,21006,19321,1685,0,0,0,4217,3917,300,11022,10075,947,2822,2578,244,1156,1071,85,649,610,39,448,434,14,244,227,17,448,409,39,24.6005075,80.8322428
MADHYA PRADESH,Urban,Satna,Car/Jeep/Van,1982,1728,254,0,0,0,294,250,44,736,633,103,266,230,36,161,143,18,158,142,16,146,134,12,147,129,18,74,67,7,24.6005075,80.8322428
MADHYA PRADESH,Urban,Satna,Tempo/Autorickshaw/Taxi,2264,1549,715,0,0,0,175,114,61,1172,738,434,570,411,159,191,152,39,54,48,6,22,20,2,27,26,1,53,40,13,24.6005075,80.8322428
MADHYA PRADESH,Urban,Satna,Bus,4619,3621,998,0,0,0,99,71,28,309,170,139,426,248,178,960,733,227,1224,1019,205,910,771,139,609,547,62,82,62,20,24.6005075,80.8322428
MADHYA PRADESH,Urban,Satna,Train,2327,2134,193,0,0,0,116,103,13,138,120,18,55,50,5,298,284,14,194,187,7,365,315,50,1004,933,71,157,142,15,24.6005075,80.8322428
MADHYA PRADESH,Urban,Satna,Water transport,44,36,8,0,0,0,14,10,4,10,9,1,1,1,0,4,4,0,2,2,0,3,1,2,4,4,0,6,5,1,24.6005075,80.8322428
MADHYA PRADESH,Urban,Satna,Any other,517,418,99,0,0,0,93,77,16,225,176,49,100,69,31,23,22,1,16,14,2,14,14,0,28,28,0,18,18,0,24.6005075,80.8322428
MADHYA PRADESH,Urban,Satna,No travel,28426,20821,7605,28426,20821,7605,0,0,0,0,0,0,0,0,0,0,0,0,0,0,0,0,0,0,0,0,0,0,0,0,24.6005075,80.8322428
UTTAR PRADESH,Total,Chitrakoot,All Modes,70853,55412,15441,26949,19266,7683,13575,10130,3445,15709,13039,2670,6616,5544,1072,2507,2340,167,1563,1442,121,1000,929,71,2560,2392,168,374,330,44,25.1788154,80.8654534
UTTAR PRADESH,Total,Chitrakoot,On foot,21497,15344,6153,0,0,0,11264,7968,3296,7889,5721,2168,2344,1655,689,0,0,0,0,0,0,0,0,0,0,0,0,0,0,0,25.1788154,80.8654534
UTTAR PRADESH,Total,Chitrakoot,Bicycle,10467,10079,388,0,0,0,1245,1194,51,5303,5086,217,2416,2342,74,913,895,18,590,562,28,0,0,0,0,0,0,0,0,0,25.1788154,80.8654534
UTTAR PRADESH,Total,Chitrakoot,Moped/Scooter/Motor Cycle,5316,4985,331,0,0,0,732,701,31,1770,1640,130,931,861,70,845,804,41,430,413,17,355,335,20,165,154,11,88,77,11,25.1788154,80.8654534
UTTAR PRADESH,Total,Chitrakoot,Car/Jeep/Van,908,782,126,0,0,0,72,55,17,126,107,19,125,88,37,201,178,23,147,132,15,126,121,5,91,84,7,20,17,3,25.1788154,80.8654534
UTTAR PRADESH,Total,Chitrakoot,Tempo/Autorickshaw/Taxi,1129,832,297,0,0,0,61,47,14,247,177,70,545,386,159,173,143,30,36,27,9,27,20,7,13,9,4,27,23,4,25.1788154,80.8654534
UTTAR PRADESH,Total,Chitrakoot,Bus,1727,1519,208,0,0,0,49,34,15,90,66,24,114,89,25,275,231,44,224,194,30,348,323,25,569,533,36,58,49,9,25.1788154,80.8654534
UTTAR PRADESH,Total,Chitrakoot,Train,2498,2284,214,0,0,0,112,100,12,145,127,18,103,87,16,85,74,11,112,92,20,111,98,13,1664,1554,110,166,152,14,25.1788154,80.8654534
UTTAR PRADESH,Total,Chitrakoot,Water transport,73,52,21,0,0,0,9,4,5,44,30,14,5,5,0,2,2,0,2,2,0,0,0,0,8,8,0,3,1,2,25.1788154,80.8654534
UTTAR PRADESH,Total,Chitrakoot,Any other,289,269,20,0,0,0,31,27,4,95,85,10,33,31,2,13,13,0,22,20,2,33,32,1,50,50,0,12,11,1,25.1788154,80.8654534
UTTAR PRADESH,Total,Chitrakoot,No travel,26949,19266,7683,26949,19266,7683,0,0,0,0,0,0,0,0,0,0,0,0,0,0,0,0,0,0,0,0,0,0,0,0,25.1788154,80.8654534
UTTAR PRADESH,Rural,Chitrakoot,All Modes,49638,36754,12884,19978,13215,6763,8412,5564,2848,10444,8380,2064,5052,4169,883,1805,1696,109,1052,974,78,721,672,49,1899,1833,66,275,251,24,25.1788154,80.8654534
UTTAR PRADESH,Rural,Chitrakoot,On foot,14766,9699,5067,0,0,0,7387,4642,2745,5680,3952,1728,1699,1105,594,0,0,0,0,0,0,0,0,0,0,0,0,0,0,0,25.1788154,80.8654534
UTTAR PRADESH,Rural,Chitrakoot,Bicycle,7087,6781,306,0,0,0,605,562,43,3445,3281,164,1988,1927,61,668,652,16,381,359,22,0,0,0,0,0,0,0,0,0,25.1788154,80.8654534
UTTAR PRADESH,Rural,Chitrakoot,Moped/Scooter/Motor Cycle,2935,2736,199,0,0,0,232,214,18,841,764,77,612,562,50,558,536,22,283,271,12,260,247,13,108,103,5,41,39,2,25.1788154,80.8654534
UTTAR PRADESH,Rural,Chitrakoot,Car/Jeep/Van,617,546,71,0,0,0,31,23,8,72,61,11,88,68,20,162,149,13,108,97,11,85,80,5,56,55,1,15,13,2,25.1788154,80.8654534
UTTAR PRADESH,Rural,Chitrakoot,Tempo/Autorickshaw/Taxi,844,639,205,0,0,0,31,23,8,169,128,41,460,331,129,118,99,19,22,21,1,19,16,3,9,6,3,16,15,1,25.1788154,80.8654534
UTTAR PRADESH,Rural,Chitrakoot,Bus,1315,1175,140,0,0,0,37,25,12,62,47,15,88,73,15,223,192,31,156,140,16,248,231,17,450,424,26,51,43,8,25.1788154,80.8654534
UTTAR PRADESH,Rural,Chitrakoot,Train,1837,1733,104,0,0,0,69,61,8,93,82,11,87,75,12,67,59,8,80,66,14,76,66,10,1223,1192,31,142,132,10,25.1788154,80.8654534
UTTAR PRADESH,Rural,Chitrakoot,Water transport,65,45,20,0,0,0,8,3,5,44,30,14,5,5,0,1,1,0,0,0,0,0,0,0,6,6,0,1,0,1,25.1788154,80.8654534
UTTAR PRADESH,Rural,Chitrakoot,Any other,194,185,9,0,0,0,12,11,1,38,35,3,25,23,2,8,8,0,22,20,2,33,32,1,47,47,0,9,9,0,25.1788154,80.8654534
UTTAR PRADESH,Rural,Chitrakoot,No travel,19978,13215,6763,19978,13215,6763,0,0,0,0,0,0,0,0,0,0,0,0,0,0,0,0,0,0,0,0,0,0,0,0,25.1788154,80.8654534
UTTAR PRADESH,Urban,Chitrakoot,All Modes,21215,18658,2557,6971,6051,920,5163,4566,597,5265,4659,606,1564,1375,189,702,644,58,511,468,43,279,257,22,661,559,102,99,79,20,25.1788154,80.8654534
UTTAR PRADESH,Urban,Chitrakoot,On foot,6731,5645,1086,0,0,0,3877,3326,551,2209,1769,440,645,550,95,0,0,0,0,0,0,0,0,0,0,0,0,0,0,0,25.1788154,80.8654534
UTTAR PRADESH,Urban,Chitrakoot,Bicycle,3380,3298,82,0,0,0,640,632,8,1858,1805,53,428,415,13,245,243,2,209,203,6,0,0,0,0,0,0,0,0,0,25.1788154,80.8654534
UTTAR PRADESH,Urban,Chitrakoot,Moped/Scooter/Motor Cycle,2381,2249,132,0,0,0,500,487,13,929,876,53,319,299,20,287,268,19,147,142,5,95,88,7,57,51,6,47,38,9,25.1788154,80.8654534
UTTAR PRADESH,Urban,Chitrakoot,Car/Jeep/Van,291,236,55,0,0,0,41,32,9,54,46,8,37,20,17,39,29,10,39,35,4,41,41,0,35,29,6,5,4,1,25.1788154,80.8654534
UTTAR PRADESH,Urban,Chitrakoot,Tempo/Autorickshaw/Taxi,285,193,92,0,0,0,30,24,6,78,49,29,85,55,30,55,44,11,14,6,8,8,4,4,4,3,1,11,8,3,25.1788154,80.8654534
UTTAR PRADESH,Urban,Chitrakoot,Bus,412,344,68,0,0,0,12,9,3,28,19,9,26,16,10,52,39,13,68,54,14,100,92,8,119,109,10,7,6,1,25.1788154,80.8654534
UTTAR PRADESH,Urban,Chitrakoot,Train,661,551,110,0,0,0,43,39,4,52,45,7,16,12,4,18,15,3,32,26,6,35,32,3,441,362,79,24,20,4,25.1788154,80.8654534
UTTAR PRADESH,Urban,Chitrakoot,Water transport,8,7,1,0,0,0,1,1,0,0,0,0,0,0,0,1,1,0,2,2,0,0,0,0,2,2,0,2,1,1,25.1788154,80.8654534
UTTAR PRADESH,Urban,Chitrakoot,Any other,95,84,11,0,0,0,19,16,3,57,50,7,8,8,0,5,5,0,0,0,0,0,0,0,3,3,0,3,2,1,25.1788154,80.8654534
UTTAR PRADESH,Urban,Chitrakoot,No travel,6971,6051,920,6971,6051,920,0,0,0,0,0,0,0,0,0,0,0,0,0,0,0,0,0,0,0,0,0,0,0,0,25.1788154,80.8654534
UTTAR PRADESH,Total,Lucknow,All Modes,1064336,858084,206252,346076,241039,105037,108821,87542,21279,207327,177745,29582,177446,153159,24287,90161,80495,9666,51263,47170,4093,13243,11378,1865,16805,14247,2558,53194,45309,7885,26.8466937,80.946166
UTTAR PRADESH,Total,Lucknow,On foot,153433,119196,34237,0,0,0,70164,53856,16308,43307,33899,9408,39962,31441,8521,0,0,0,0,0,0,0,0,0,0,0,0,0,0,0,26.8466937,80.946166
UTTAR PRADESH,Total,Lucknow,Bicycle,193635,184437,9198,0,0,0,15922,14877,1045,72360,68556,3804,44023,42398,1625,26747,25877,870,34583,32729,1854,0,0,0,0,0,0,0,0,0,26.8466937,80.946166
UTTAR PRADESH,Total,Lucknow,Moped/Scooter/Motor Cycle,215931,197418,18513,0,0,0,14854,13400,1454,58938,53386,5552,61179,56062,5117,39936,36857,3079,7417,6905,512,4407,4111,296,1713,1581,132,27487,25116,2371,26.8466937,80.946166
UTTAR PRADESH,Total,Lucknow,Car/Jeep/Van,38323,30930,7393,0,0,0,2602,1978,624,9168,7143,2025,10009,8169,1840,6765,5566,1199,1808,1514,294,1356,1087,269,1374,1168,206,5241,4305,936,26.8466937,80.946166
UTTAR PRADESH,Total,Lucknow,Tempo/Autorickshaw/Taxi,53018,33566,19452,0,0,0,2607,1481,1126,16707,9686,7021,14648,9288,5360,8564,5849,2715,2182,1697,485,1316,1016,300,521,399,122,6473,4150,2323,26.8466937,80.946166
UTTAR PRADESH,Total,Lucknow,Bus,28608,20782,7826,0,0,0,865,531,334,3007,1881,1126,4847,3369,1478,5809,4237,1572,3389,2602,787,3442,2717,725,3252,2452,800,3997,2993,1004,26.8466937,80.946166
UTTAR PRADESH,Total,Lucknow,Train,29623,25884,3739,0,0,0,1170,954,216,2496,2149,347,1818,1590,228,1642,1458,184,1642,1494,148,2492,2229,263,9662,8391,1271,8701,7619,1082,26.8466937,80.946166
UTTAR PRADESH,Total,Lucknow,Water transport,637,539,98,0,0,0,68,55,13,102,79,23,87,75,12,59,50,9,27,24,3,22,20,2,69,61,8,203,175,28,26.8466937,80.946166
UTTAR PRADESH,Total,Lucknow,Any other,5052,4293,759,0,0,0,569,410,159,1242,966,276,873,767,106,639,601,38,215,205,10,208,198,10,214,195,19,1092,951,141,26.8466937,80.946166
UTTAR PRADESH,Total,Lucknow,No travel,346076,241039,105037,346076,241039,105037,0,0,0,0,0,0,0,0,0,0,0,0,0,0,0,0,0,0,0,0,0,0,0,0,26.8466937,80.946166
UTTAR PRADESH,Rural,Lucknow,All Modes,161801,129801,32000,62988,42281,20707,16074,12324,3750,19988,17330,2658,18462,15938,2524,17269,16500,769,15429,14736,693,5052,4770,282,1768,1615,153,4771,4307,464,26.8466937,80.946166
UTTAR PRADESH,Rural,Lucknow,On foot,23241,16469,6772,0,0,0,11267,7921,3346,5582,3989,1593,6392,4559,1833,0,0,0,0,0,0,0,0,0,0,0,0,0,0,0,26.8466937,80.946166
UTTAR PRADESH,Rural,Lucknow,Bicycle,41707,40101,1606,0,0,0,3139,2948,191,10473,9925,548,7859,7607,252,10205,9974,231,10031,9647,384,0,0,0,0,0,0,0,0,0,26.8466937,80.946166
UTTAR PRADESH,Rural,Lucknow,Moped/Scooter/Motor Cycle,15766,14861,905,0,0,0,1076,993,83,2476,2287,189,2525,2367,158,4081,3879,202,2076,2010,66,1173,1121,52,215,201,14,2144,2003,141,26.8466937,80.946166
UTTAR PRADESH,Rural,Lucknow,Car/Jeep/Van,1572,1375,197,0,0,0,87,74,13,172,143,29,191,167,24,322,283,39,238,215,23,234,209,25,98,88,10,230,196,34,26.8466937,80.946166
UTTAR PRADESH,Rural,Lucknow,Tempo/Autorickshaw/Taxi,4699,3907,792,0,0,0,133,89,44,573,377,196,795,630,165,1185,1010,175,893,829,64,518,485,33,62,56,6,540,431,109,26.8466937,80.946166
UTTAR PRADESH,Rural,Lucknow,Bus,5169,4574,595,0,0,0,129,85,44,234,174,60,316,250,66,731,634,97,1083,985,98,1656,1557,99,385,335,50,635,554,81,26.8466937,80.946166
UTTAR PRADESH,Rural,Lucknow,Train,5761,5372,389,0,0,0,182,156,26,338,304,34,261,241,20,592,569,23,1008,950,58,1350,1280,70,952,882,70,1078,990,88,26.8466937,80.946166
UTTAR PRADESH,Rural,Lucknow,Water transport,68,61,7,0,0,0,13,12,1,10,8,2,3,3,0,7,7,0,6,6,0,4,4,0,8,6,2,17,15,2,26.8466937,80.946166
UTTAR PRADESH,Rural,Lucknow,Any other,830,800,30,0,0,0,48,46,2,130,123,7,120,114,6,146,144,2,94,94,0,117,114,3,48,47,1,127,118,9,26.8466937,80.946166
UTTAR PRADESH,Rural,Lucknow,No travel,62988,42281,20707,62988,42281,20707,0,0,0,0,0,0,0,0,0,0,0,0,0,0,0,0,0,0,0,0,0,0,0,0,26.8466937,80.946166
UTTAR PRADESH,Urban,Lucknow,All Modes,902535,728283,174252,283088,198758,84330,92747,75218,17529,187339,160415,26924,158984,137221,21763,72892,63995,8897,35834,32434,3400,8191,6608,1583,15037,12632,2405,48423,41002,7421,26.8466937,80.946166
UTTAR PRADESH,Urban,Lucknow,On foot,130192,102727,27465,0,0,0,58897,45935,12962,37725,29910,7815,33570,26882,6688,0,0,0,0,0,0,0,0,0,0,0,0,0,0,0,26.8466937,80.946166
UTTAR PRADESH,Urban,Lucknow,Bicycle,151928,144336,7592,0,0,0,12783,11929,854,61887,58631,3256,36164,34791,1373,16542,15903,639,24552,23082,1470,0,0,0,0,0,0,0,0,0,26.8466937,80.946166
UTTAR PRADESH,Urban,Lucknow,Moped/Scooter/Motor Cycle,200165,182557,17608,0,0,0,13778,12407,1371,56462,51099,5363,58654,53695,4959,35855,32978,2877,5341,4895,446,3234,2990,244,1498,1380,118,25343,23113,2230,26.8466937,80.946166
UTTAR PRADESH,Urban,Lucknow,Car/Jeep/Van,36751,29555,7196,0,0,0,2515,1904,611,8996,7000,1996,9818,8002,1816,6443,5283,1160,1570,1299,271,1122,878,244,1276,1080,196,5011,4109,902,26.8466937,80.946166
UTTAR PRADESH,Urban,Lucknow,Tempo/Autorickshaw/Taxi,48319,29659,18660,0,0,0,2474,1392,1082,16134,9309,6825,13853,8658,5195,7379,4839,2540,1289,868,421,798,531,267,459,343,116,5933,3719,2214,26.8466937,80.946166
UTTAR PRADESH,Urban,Lucknow,Bus,23439,16208,7231,0,0,0,736,446,290,2773,1707,1066,4531,3119,1412,5078,3603,1475,2306,1617,689,1786,1160,626,2867,2117,750,3362,2439,923,26.8466937,80.946166
UTTAR PRADESH,Urban,Lucknow,Train,23862,20512,3350,0,0,0,988,798,190,2158,1845,313,1557,1349,208,1050,889,161,634,544,90,1142,949,193,8710,7509,1201,7623,6629,994,26.8466937,80.946166
UTTAR PRADESH,Urban,Lucknow,Water transport,569,478,91,0,0,0,55,43,12,92,71,21,84,72,12,52,43,9,21,18,3,18,16,2,61,55,6,186,160,26,26.8466937,80.946166
UTTAR PRADESH,Urban,Lucknow,Any other,4222,3493,729,0,0,0,521,364,157,1112,843,269,753,653,100,493,457,36,121,111,10,91,84,7,166,148,18,965,833,132,26.8466937,80.946166
UTTAR PRADESH,Urban,Lucknow,No travel,283088,198758,84330,283088,198758,84330,0,0,0,0,0,0,0,0,0,0,0,0,0,0,0,0,0,0,0,0,0,0,0,0,26.8466937,80.946166
CHHATTISGARH,Total,Rajnandgaon,All Modes,157021,122240,34781,40461,29371,11090,34907,24594,10313,42330,33743,8587,18123,15704,2419,9776,8703,1073,4414,3932,482,3234,2848,386,3451,3066,385,325,279,46,21.0943477,81.0337257
CHHATTISGARH,Total,Rajnandgaon,On foot,36978,21556,15422,0,0,0,23232,14085,9147,10916,5595,5321,2830,1876,954,0,0,0,0,0,0,0,0,0,0,0,0,0,0,0,21.0943477,81.0337257
CHHATTISGARH,Total,Rajnandgaon,Bicycle,42517,39850,2667,0,0,0,6564,6069,495,20912,19439,1473,9311,8869,442,4223,4067,156,1507,1406,101,0,0,0,0,0,0,0,0,0,21.0943477,81.0337257
CHHATTISGARH,Total,Rajnandgaon,Moped/Scooter/Motor Cycle,21491,19129,2362,0,0,0,4074,3615,459,7876,6799,1077,3842,3410,432,2967,2725,242,1154,1082,72,903,856,47,526,504,22,149,138,11,21.0943477,81.0337257
CHHATTISGARH,Total,Rajnandgaon,Car/Jeep/Van,1423,1258,165,0,0,0,219,185,34,333,285,48,144,123,21,177,157,20,128,117,11,187,172,15,217,203,14,18,16,2,21.0943477,81.0337257
CHHATTISGARH,Total,Rajnandgaon,Tempo/Autorickshaw/Taxi,887,594,293,0,0,0,85,51,34,327,165,162,186,136,50,153,124,29,47,41,6,49,42,7,28,26,2,12,9,3,21.0943477,81.0337257
CHHATTISGARH,Total,Rajnandgaon,Bus,7081,4886,2195,0,0,0,185,109,76,695,306,389,1060,594,466,1581,1019,562,1021,775,246,1195,957,238,1280,1083,197,64,43,21,21.0943477,81.0337257
CHHATTISGARH,Total,Rajnandgaon,Train,5243,4742,501,0,0,0,391,346,45,909,834,75,535,491,44,627,567,60,528,483,45,868,790,78,1315,1168,147,70,63,7,21.0943477,81.0337257
CHHATTISGARH,Total,Rajnandgaon,Water transport,52,38,14,0,0,0,33,26,7,6,3,3,6,5,1,0,0,0,0,0,0,3,2,1,2,2,0,2,0,2,21.0943477,81.0337257
CHHATTISGARH,Total,Rajnandgaon,Any other,888,816,72,0,0,0,124,108,16,356,317,39,209,200,9,48,44,4,29,28,1,29,29,0,83,80,3,10,10,0,21.0943477,81.0337257
CHHATTISGARH,Total,Rajnandgaon,No travel,40461,29371,11090,40461,29371,11090,0,0,0,0,0,0,0,0,0,0,0,0,0,0,0,0,0,0,0,0,0,0,0,0,21.0943477,81.0337257
CHHATTISGARH,Rural,Rajnandgaon,All Modes,75350,59561,15789,23748,16969,6779,13564,8975,4589,14342,11953,2389,11898,10754,1144,6740,6296,444,2278,2092,186,1387,1262,125,1248,1133,115,145,127,18,21.0943477,81.0337257
CHHATTISGARH,Rural,Rajnandgaon,On foot,14517,8606,5911,0,0,0,10111,5875,4236,2826,1592,1234,1580,1139,441,0,0,0,0,0,0,0,0,0,0,0,0,0,0,0,21.0943477,81.0337257
CHHATTISGARH,Rural,Rajnandgaon,Bicycle,22725,21318,1407,0,0,0,2599,2352,247,8515,7838,677,7048,6743,305,3661,3535,126,902,850,52,0,0,0,0,0,0,0,0,0,21.0943477,81.0337257
CHHATTISGARH,Rural,Rajnandgaon,Moped/Scooter/Motor Cycle,8210,7549,661,0,0,0,581,530,51,2207,1940,267,2272,2090,182,1740,1645,95,632,598,34,482,461,21,231,224,7,65,61,4,21.0943477,81.0337257
CHHATTISGARH,Rural,Rajnandgaon,Car/Jeep/Van,427,378,49,0,0,0,42,29,13,67,56,11,59,52,7,78,72,6,49,45,4,62,60,2,62,57,5,8,7,1,21.0943477,81.0337257
CHHATTISGARH,Rural,Rajnandgaon,Tempo/Autorickshaw/Taxi,291,237,54,0,0,0,12,11,1,55,41,14,76,55,21,96,83,13,19,18,1,18,16,2,12,11,1,3,2,1,21.0943477,81.0337257
CHHATTISGARH,Rural,Rajnandgaon,Bus,3016,2267,749,0,0,0,56,36,20,270,121,149,410,249,161,690,518,172,440,355,85,543,460,83,569,500,69,38,28,10,21.0943477,81.0337257
CHHATTISGARH,Rural,Rajnandgaon,Train,2051,1895,156,0,0,0,109,92,17,323,295,28,342,321,21,445,414,31,216,206,10,262,245,17,329,299,30,25,23,2,21.0943477,81.0337257
CHHATTISGARH,Rural,Rajnandgaon,Water transport,23,19,4,0,0,0,13,11,2,4,3,1,3,2,1,0,0,0,0,0,0,2,2,0,1,1,0,0,0,0,21.0943477,81.0337257
CHHATTISGARH,Rural,Rajnandgaon,Any other,342,323,19,0,0,0,41,39,2,75,67,8,108,103,5,30,29,1,20,20,0,18,18,0,44,41,3,6,6,0,21.0943477,81.0337257
CHHATTISGARH,Rural,Rajnandgaon,No travel,23748,16969,6779,23748,16969,6779,0,0,0,0,0,0,0,0,0,0,0,0,0,0,0,0,0,0,0,0,0,0,0,0,21.0943477,81.0337257
CHHATTISGARH,Urban,Rajnandgaon,All Modes,81671,62679,18992,16713,12402,4311,21343,15619,5724,27988,21790,6198,6225,4950,1275,3036,2407,629,2136,1840,296,1847,1586,261,2203,1933,270,180,152,28,21.0943477,81.0337257
CHHATTISGARH,Urban,Rajnandgaon,On foot,22461,12950,9511,0,0,0,13121,8210,4911,8090,4003,4087,1250,737,513,0,0,0,0,0,0,0,0,0,0,0,0,0,0,0,21.0943477,81.0337257
CHHATTISGARH,Urban,Rajnandgaon,Bicycle,19792,18532,1260,0,0,0,3965,3717,248,12397,11601,796,2263,2126,137,562,532,30,605,556,49,0,0,0,0,0,0,0,0,0,21.0943477,81.0337257
CHHATTISGARH,Urban,Rajnandgaon,Moped/Scooter/Motor Cycle,13281,11580,1701,0,0,0,3493,3085,408,5669,4859,810,1570,1320,250,1227,1080,147,522,484,38,421,395,26,295,280,15,84,77,7,21.0943477,81.0337257
CHHATTISGARH,Urban,Rajnandgaon,Car/Jeep/Van,996,880,116,0,0,0,177,156,21,266,229,37,85,71,14,99,85,14,79,72,7,125,112,13,155,146,9,10,9,1,21.0943477,81.0337257
CHHATTISGARH,Urban,Rajnandgaon,Tempo/Autorickshaw/Taxi,596,357,239,0,0,0,73,40,33,272,124,148,110,81,29,57,41,16,28,23,5,31,26,5,16,15,1,9,7,2,21.0943477,81.0337257
CHHATTISGARH,Urban,Rajnandgaon,Bus,4065,2619,1446,0,0,0,129,73,56,425,185,240,650,345,305,891,501,390,581,420,161,652,497,155,711,583,128,26,15,11,21.0943477,81.0337257
CHHATTISGARH,Urban,Rajnandgaon,Train,3192,2847,345,0,0,0,282,254,28,586,539,47,193,170,23,182,153,29,312,277,35,606,545,61,986,869,117,45,40,5,21.0943477,81.0337257
CHHATTISGARH,Urban,Rajnandgaon,Water transport,29,19,10,0,0,0,20,15,5,2,0,2,3,3,0,0,0,0,0,0,0,1,0,1,1,1,0,2,0,2,21.0943477,81.0337257
CHHATTISGARH,Urban,Rajnandgaon,Any other,546,493,53,0,0,0,83,69,14,281,250,31,101,97,4,18,15,3,9,8,1,11,11,0,39,39,0,4,4,0,21.0943477,81.0337257
CHHATTISGARH,Urban,Rajnandgaon,No travel,16713,12402,4311,16713,12402,4311,0,0,0,0,0,0,0,0,0,0,0,0,0,0,0,0,0,0,0,0,0,0,0,0,21.0943477,81.0337257
MADHYA PRADESH,Total,Dindori,All Modes,40921,25885,15036,19165,10865,8300,7347,4903,2444,5951,3953,1998,4176,2682,1494,1214,988,226,726,608,118,557,479,78,1387,1075,312,398,332,66,22.9417931,81.0768455
MADHYA PRADESH,Total,Dindori,On foot,12976,7771,5205,0,0,0,6165,3863,2302,4010,2348,1662,2801,1560,1241,0,0,0,0,0,0,0,0,0,0,0,0,0,0,0,22.9417931,81.0768455
MADHYA PRADESH,Total,Dindori,Bicycle,1455,1290,165,0,0,0,204,180,24,606,532,74,322,293,29,156,144,12,167,141,26,0,0,0,0,0,0,0,0,0,22.9417931,81.0768455
MADHYA PRADESH,Total,Dindori,Moped/Scooter/Motor Cycle,3578,3231,347,0,0,0,777,718,59,941,824,117,595,535,60,541,489,52,244,228,16,164,154,10,106,101,5,210,182,28,22.9417931,81.0768455
MADHYA PRADESH,Total,Dindori,Car/Jeep/Van,389,315,74,0,0,0,66,54,12,62,45,17,45,33,12,45,39,6,29,25,4,47,41,6,40,36,4,55,42,13,22.9417931,81.0768455
MADHYA PRADESH,Total,Dindori,Tempo/Autorickshaw/Taxi,282,195,87,0,0,0,23,13,10,115,84,31,59,36,23,38,24,14,12,9,3,16,16,0,5,3,2,14,10,4,22.9417931,81.0768455
MADHYA PRADESH,Total,Dindori,Bus,2880,2066,814,0,0,0,83,54,29,193,107,86,326,206,120,418,279,139,263,194,69,322,260,62,1178,884,294,97,82,15,22.9417931,81.0768455
MADHYA PRADESH,Total,Dindori,Train,102,81,21,0,0,0,12,7,5,10,7,3,9,6,3,9,7,2,3,3,0,4,4,0,46,40,6,9,7,2,22.9417931,81.0768455
MADHYA PRADESH,Total,Dindori,Water transport,10,6,4,0,0,0,3,2,1,0,0,0,2,1,1,0,0,0,0,0,0,0,0,0,2,1,1,3,2,1,22.9417931,81.0768455
MADHYA PRADESH,Total,Dindori,Any other,84,65,19,0,0,0,14,12,2,14,6,8,17,12,5,7,6,1,8,8,0,4,4,0,10,10,0,10,7,3,22.9417931,81.0768455
MADHYA PRADESH,Total,Dindori,No travel,19165,10865,8300,19165,10865,8300,0,0,0,0,0,0,0,0,0,0,0,0,0,0,0,0,0,0,0,0,0,0,0,0,22.9417931,81.0768455
MADHYA PRADESH,Rural,Dindori,All Modes,32017,19095,12922,16240,8826,7414,4406,2492,1914,4731,3039,1692,3434,2138,1296,858,723,135,484,414,70,348,289,59,1231,939,292,285,235,50,22.9417931,81.0768455
MADHYA PRADESH,Rural,Dindori,On foot,9538,5132,4406,0,0,0,3832,2011,1821,3383,1914,1469,2323,1207,1116,0,0,0,0,0,0,0,0,0,0,0,0,0,0,0,22.9417931,81.0768455
MADHYA PRADESH,Rural,Dindori,Bicycle,1121,1000,121,0,0,0,114,98,16,454,400,54,288,268,20,136,125,11,129,109,20,0,0,0,0,0,0,0,0,0,22.9417931,81.0768455
MADHYA PRADESH,Rural,Dindori,Moped/Scooter/Motor Cycle,2313,2082,231,0,0,0,338,303,35,641,564,77,482,437,45,377,346,31,152,141,11,97,90,7,83,79,4,143,122,21,22.9417931,81.0768455
MADHYA PRADESH,Rural,Dindori,Car/Jeep/Van,233,174,59,0,0,0,32,23,9,33,21,12,34,23,11,31,25,6,23,20,3,20,17,3,17,14,3,43,31,12,22.9417931,81.0768455
MADHYA PRADESH,Rural,Dindori,Tempo/Autorickshaw/Taxi,160,126,34,0,0,0,8,8,0,50,43,7,42,28,14,26,20,6,9,7,2,12,12,0,3,1,2,10,7,3,22.9417931,81.0768455
MADHYA PRADESH,Rural,Dindori,Bus,2283,1650,633,0,0,0,68,40,28,159,88,71,245,159,86,275,196,79,164,130,34,215,166,49,1083,806,277,74,65,9,22.9417931,81.0768455
MADHYA PRADESH,Rural,Dindori,Train,79,65,14,0,0,0,7,5,2,6,5,1,7,5,2,9,7,2,3,3,0,4,4,0,34,29,5,9,7,2,22.9417931,81.0768455
MADHYA PRADESH,Rural,Dindori,Water transport,7,3,4,0,0,0,1,0,1,0,0,0,2,1,1,0,0,0,0,0,0,0,0,0,1,0,1,3,2,1,22.9417931,81.0768455
MADHYA PRADESH,Rural,Dindori,Any other,43,37,6,0,0,0,6,4,2,5,4,1,11,10,1,4,4,0,4,4,0,0,0,0,10,10,0,3,1,2,22.9417931,81.0768455
MADHYA PRADESH,Rural,Dindori,No travel,16240,8826,7414,16240,8826,7414,0,0,0,0,0,0,0,0,0,0,0,0,0,0,0,0,0,0,0,0,0,0,0,0,22.9417931,81.0768455
MADHYA PRADESH,Urban,Dindori,All Modes,8904,6790,2114,2925,2039,886,2941,2411,530,1220,914,306,742,544,198,356,265,91,242,194,48,209,190,19,156,136,20,113,97,16,22.9417931,81.0768455
MADHYA PRADESH,Urban,Dindori,On foot,3438,2639,799,0,0,0,2333,1852,481,627,434,193,478,353,125,0,0,0,0,0,0,0,0,0,0,0,0,0,0,0,22.9417931,81.0768455
MADHYA PRADESH,Urban,Dindori,Bicycle,334,290,44,0,0,0,90,82,8,152,132,20,34,25,9,20,19,1,38,32,6,0,0,0,0,0,0,0,0,0,22.9417931,81.0768455
MADHYA PRADESH,Urban,Dindori,Moped/Scooter/Motor Cycle,1265,1149,116,0,0,0,439,415,24,300,260,40,113,98,15,164,143,21,92,87,5,67,64,3,23,22,1,67,60,7,22.9417931,81.0768455
MADHYA PRADESH,Urban,Dindori,Car/Jeep/Van,156,141,15,0,0,0,34,31,3,29,24,5,11,10,1,14,14,0,6,5,1,27,24,3,23,22,1,12,11,1,22.9417931,81.0768455
MADHYA PRADESH,Urban,Dindori,Tempo/Autorickshaw/Taxi,122,69,53,0,0,0,15,5,10,65,41,24,17,8,9,12,4,8,3,2,1,4,4,0,2,2,0,4,3,1,22.9417931,81.0768455
MADHYA PRADESH,Urban,Dindori,Bus,597,416,181,0,0,0,15,14,1,34,19,15,81,47,34,143,83,60,99,64,35,107,94,13,95,78,17,23,17,6,22.9417931,81.0768455
MADHYA PRADESH,Urban,Dindori,Train,23,16,7,0,0,0,5,2,3,4,2,2,2,1,1,0,0,0,0,0,0,0,0,0,12,11,1,0,0,0,22.9417931,81.0768455
MADHYA PRADESH,Urban,Dindori,Water transport,3,3,0,0,0,0,2,2,0,0,0,0,0,0,0,0,0,0,0,0,0,0,0,0,1,1,0,0,0,0,22.9417931,81.0768455
MADHYA PRADESH,Urban,Dindori,Any other,41,28,13,0,0,0,8,8,0,9,2,7,6,2,4,3,2,1,4,4,0,4,4,0,0,0,0,7,6,1,22.9417931,81.0768455
MADHYA PRADESH,Urban,Dindori,No travel,2925,2039,886,2925,2039,886,0,0,0,0,0,0,0,0,0,0,0,0,0,0,0,0,0,0,0,0,0,0,0,0,22.9417931,81.0768455
UTTAR PRADESH,Total,Bara Banki,All Modes,235163,179743,55420,120597,79841,40756,30678,24682,5996,31359,27857,3502,19682,16929,2753,9048,8382,666,9846,9194,652,4589,4283,306,5638,5246,392,3726,3329,397,26.9268042,81.1833809
UTTAR PRADESH,Total,Bara Banki,On foot,37929,28843,9086,0,0,0,21927,16644,5283,8214,6379,1835,7788,5820,1968,0,0,0,0,0,0,0,0,0,0,0,0,0,0,0,26.9268042,81.1833809
UTTAR PRADESH,Total,Bara Banki,Bicycle,37063,35515,1548,0,0,0,5351,5062,289,15177,14471,706,7263,7062,201,3973,3865,108,5299,5055,244,0,0,0,0,0,0,0,0,0,26.9268042,81.1833809
UTTAR PRADESH,Total,Bara Banki,Moped/Scooter/Motor Cycle,18664,17435,1229,0,0,0,2194,2015,179,5676,5261,415,2908,2696,212,2730,2569,161,1730,1661,69,1408,1356,52,574,545,29,1444,1332,112,26.9268042,81.1833809
UTTAR PRADESH,Total,Bara Banki,Car/Jeep/Van,2247,1938,309,0,0,0,220,181,39,328,265,63,239,197,42,299,260,39,319,283,36,347,322,25,246,224,22,249,206,43,26.9268042,81.1833809
UTTAR PRADESH,Total,Bara Banki,Tempo/Autorickshaw/Taxi,3627,2716,911,0,0,0,228,153,75,912,578,334,704,505,199,855,693,162,361,312,49,190,167,23,109,98,11,268,210,58,26.9268042,81.1833809
UTTAR PRADESH,Total,Bara Banki,Bus,8399,7313,1086,0,0,0,275,217,58,355,265,90,391,278,113,898,724,174,1666,1436,230,1968,1790,178,2181,2012,169,665,591,74,26.9268042,81.1833809
UTTAR PRADESH,Total,Bara Banki,Train,5447,5069,378,0,0,0,317,266,51,399,379,20,214,202,12,231,212,19,431,408,23,599,577,22,2383,2238,145,873,787,86,26.9268042,81.1833809
UTTAR PRADESH,Total,Bara Banki,Water transport,107,89,18,0,0,0,19,15,4,7,4,3,6,5,1,8,8,0,4,4,0,7,6,1,24,21,3,32,26,6,26.9268042,81.1833809
UTTAR PRADESH,Total,Bara Banki,Any other,1083,984,99,0,0,0,147,129,18,291,255,36,169,164,5,54,51,3,36,35,1,70,65,5,121,108,13,195,177,18,26.9268042,81.1833809
UTTAR PRADESH,Total,Bara Banki,No travel,120597,79841,40756,120597,79841,40756,0,0,0,0,0,0,0,0,0,0,0,0,0,0,0,0,0,0,0,0,0,0,0,0,26.9268042,81.1833809
UTTAR PRADESH,Rural,Bara Banki,All Modes,167448,123089,44359,93055,59104,33951,17006,12609,4397,18803,16387,2416,14383,12283,2100,7196,6772,424,6833,6467,366,3305,3122,183,4219,3958,261,2648,2387,261,26.9268042,81.1833809
UTTAR PRADESH,Rural,Bara Banki,On foot,21798,14812,6986,0,0,0,11823,7872,3951,4634,3224,1410,5341,3716,1625,0,0,0,0,0,0,0,0,0,0,0,0,0,0,0,26.9268042,81.1833809
UTTAR PRADESH,Rural,Bara Banki,Bicycle,27359,26167,1192,0,0,0,3486,3277,209,10224,9693,531,5859,5701,158,3495,3399,96,4295,4097,198,0,0,0,0,0,0,0,0,0,26.9268042,81.1833809
UTTAR PRADESH,Rural,Bara Banki,Moped/Scooter/Motor Cycle,11292,10502,790,0,0,0,972,866,106,2778,2520,258,1956,1829,127,2039,1923,116,1135,1085,50,1005,968,37,428,406,22,979,905,74,26.9268042,81.1833809
UTTAR PRADESH,Rural,Bara Banki,Car/Jeep/Van,1432,1269,163,0,0,0,117,91,26,146,120,26,162,145,17,197,183,14,186,171,15,254,240,14,189,171,18,181,148,33,26.9268042,81.1833809
UTTAR PRADESH,Rural,Bara Banki,Tempo/Autorickshaw/Taxi,2450,2014,436,0,0,0,137,105,32,382,272,110,501,397,104,704,597,107,290,261,29,148,136,12,84,79,5,204,167,37,26.9268042,81.1833809
UTTAR PRADESH,Rural,Bara Banki,Bus,5519,4998,521,0,0,0,168,141,27,219,164,55,260,206,54,528,449,79,731,667,64,1470,1368,102,1685,1583,102,458,420,38,26.9268042,81.1833809
UTTAR PRADESH,Rural,Bara Banki,Train,3815,3549,266,0,0,0,222,182,40,291,274,17,169,160,9,188,178,10,170,161,9,379,366,13,1723,1621,102,673,607,66,26.9268042,81.1833809
UTTAR PRADESH,Rural,Bara Banki,Water transport,71,63,8,0,0,0,6,5,1,5,3,2,5,4,1,7,7,0,4,4,0,6,5,1,17,17,0,21,18,3,26.9268042,81.1833809
UTTAR PRADESH,Rural,Bara Banki,Any other,657,611,46,0,0,0,75,70,5,124,117,7,130,125,5,38,36,2,22,21,1,43,39,4,93,81,12,132,122,10,26.9268042,81.1833809
UTTAR PRADESH,Rural,Bara Banki,No travel,93055,59104,33951,93055,59104,33951,0,0,0,0,0,0,0,0,0,0,0,0,0,0,0,0,0,0,0,0,0,0,0,0,26.9268042,81.1833809
UTTAR PRADESH,Urban,Bara Banki,All Modes,67715,56654,11061,27542,20737,6805,13672,12073,1599,12556,11470,1086,5299,4646,653,1852,1610,242,3013,2727,286,1284,1161,123,1419,1288,131,1078,942,136,26.9268042,81.1833809
UTTAR PRADESH,Urban,Bara Banki,On foot,16131,14031,2100,0,0,0,10104,8772,1332,3580,3155,425,2447,2104,343,0,0,0,0,0,0,0,0,0,0,0,0,0,0,0,26.9268042,81.1833809
UTTAR PRADESH,Urban,Bara Banki,Bicycle,9704,9348,356,0,0,0,1865,1785,80,4953,4778,175,1404,1361,43,478,466,12,1004,958,46,0,0,0,0,0,0,0,0,0,26.9268042,81.1833809
UTTAR PRADESH,Urban,Bara Banki,Moped/Scooter/Motor Cycle,7372,6933,439,0,0,0,1222,1149,73,2898,2741,157,952,867,85,691,646,45,595,576,19,403,388,15,146,139,7,465,427,38,26.9268042,81.1833809
UTTAR PRADESH,Urban,Bara Banki,Car/Jeep/Van,815,669,146,0,0,0,103,90,13,182,145,37,77,52,25,102,77,25,133,112,21,93,82,11,57,53,4,68,58,10,26.9268042,81.1833809
UTTAR PRADESH,Urban,Bara Banki,Tempo/Autorickshaw/Taxi,1177,702,475,0,0,0,91,48,43,530,306,224,203,108,95,151,96,55,71,51,20,42,31,11,25,19,6,64,43,21,26.9268042,81.1833809
UTTAR PRADESH,Urban,Bara Banki,Bus,2880,2315,565,0,0,0,107,76,31,136,101,35,131,72,59,370,275,95,935,769,166,498,422,76,496,429,67,207,171,36,26.9268042,81.1833809
UTTAR PRADESH,Urban,Bara Banki,Train,1632,1520,112,0,0,0,95,84,11,108,105,3,45,42,3,43,34,9,261,247,14,220,211,9,660,617,43,200,180,20,26.9268042,81.1833809
UTTAR PRADESH,Urban,Bara Banki,Water transport,36,26,10,0,0,0,13,10,3,2,1,1,1,1,0,1,1,0,0,0,0,1,1,0,7,4,3,11,8,3,26.9268042,81.1833809
UTTAR PRADESH,Urban,Bara Banki,Any other,426,373,53,0,0,0,72,59,13,167,138,29,39,39,0,16,15,1,14,14,0,27,26,1,28,27,1,63,55,8,26.9268042,81.1833809
UTTAR PRADESH,Urban,Bara Banki,No travel,27542,20737,6805,27542,20737,6805,0,0,0,0,0,0,0,0,0,0,0,0,0,0,0,0,0,0,0,0,0,0,0,0,26.9268042,81.1833809
CHHATTISGARH,Total,Narayanpur,All Modes,11941,8620,3321,4349,3351,998,2678,1856,822,2951,1909,1042,760,514,246,440,342,98,360,292,68,192,176,16,178,154,24,33,26,7,19.723535,81.2424108
CHHATTISGARH,Total,Narayanpur,On foot,2976,1519,1457,0,0,0,1569,910,659,1117,443,674,290,166,124,0,0,0,0,0,0,0,0,0,0,0,0,0,0,0,19.723535,81.2424108
CHHATTISGARH,Total,Narayanpur,Bicycle,2428,1977,451,0,0,0,637,533,104,1250,1012,238,194,152,42,152,118,34,195,162,33,0,0,0,0,0,0,0,0,0,19.723535,81.2424108
CHHATTISGARH,Total,Narayanpur,Moped/Scooter/Motor Cycle,1579,1303,276,0,0,0,426,372,54,519,408,111,229,170,59,191,161,30,85,73,12,75,70,5,34,34,0,20,15,5,19.723535,81.2424108
CHHATTISGARH,Total,Narayanpur,Car/Jeep/Van,86,81,5,0,0,0,20,19,1,11,10,1,7,6,1,7,7,0,11,9,2,15,15,0,9,9,0,6,6,0,19.723535,81.2424108
CHHATTISGARH,Total,Narayanpur,Tempo/Autorickshaw/Taxi,33,32,1,0,0,0,1,1,0,3,3,0,4,4,0,3,3,0,2,2,0,8,8,0,11,10,1,1,1,0,19.723535,81.2424108
CHHATTISGARH,Total,Narayanpur,Bus,353,251,102,0,0,0,13,11,2,8,6,2,27,11,16,72,39,33,59,41,18,64,55,9,106,85,21,4,3,1,19.723535,81.2424108
CHHATTISGARH,Total,Narayanpur,Train,54,35,19,0,0,0,9,8,1,32,17,15,4,3,1,2,2,0,1,0,1,1,1,0,3,3,0,2,1,1,19.723535,81.2424108
CHHATTISGARH,Total,Narayanpur,Water transport,3,2,1,0,0,0,2,1,1,1,1,0,0,0,0,0,0,0,0,0,0,0,0,0,0,0,0,0,0,0,19.723535,81.2424108
CHHATTISGARH,Total,Narayanpur,Any other,80,69,11,0,0,0,1,1,0,10,9,1,5,2,3,13,12,1,7,5,2,29,27,2,15,13,2,0,0,0,19.723535,81.2424108
CHHATTISGARH,Total,Narayanpur,No travel,4349,3351,998,4349,3351,998,0,0,0,0,0,0,0,0,0,0,0,0,0,0,0,0,0,0,0,0,0,0,0,0,19.723535,81.2424108
CHHATTISGARH,Rural,Narayanpur,All Modes,5786,3984,1802,2896,2184,712,879,486,393,1213,684,529,385,281,104,184,151,33,133,110,23,51,48,3,33,31,2,12,9,3,19.723535,81.2424108
CHHATTISGARH,Rural,Narayanpur,On foot,1526,715,811,0,0,0,725,376,349,652,248,404,149,91,58,0,0,0,0,0,0,0,0,0,0,0,0,0,0,0,19.723535,81.2424108
CHHATTISGARH,Rural,Narayanpur,Bicycle,842,641,201,0,0,0,111,77,34,422,325,97,130,99,31,107,85,22,72,55,17,0,0,0,0,0,0,0,0,0,19.723535,81.2424108
CHHATTISGARH,Rural,Narayanpur,Moped/Scooter/Motor Cycle,379,331,48,0,0,0,34,28,6,115,98,17,95,83,12,58,52,6,35,31,4,29,28,1,6,6,0,7,5,2,19.723535,81.2424108
CHHATTISGARH,Rural,Narayanpur,Car/Jeep/Van,13,11,2,0,0,0,2,1,1,2,1,1,2,2,0,0,0,0,3,3,0,1,1,0,0,0,0,3,3,0,19.723535,81.2424108
CHHATTISGARH,Rural,Narayanpur,Tempo/Autorickshaw/Taxi,2,2,0,0,0,0,0,0,0,0,0,0,0,0,0,0,0,0,0,0,0,0,0,0,1,1,0,1,1,0,19.723535,81.2424108
CHHATTISGARH,Rural,Narayanpur,Bus,98,80,18,0,0,0,4,2,2,3,2,1,6,3,3,18,13,5,22,20,2,20,18,2,24,22,2,1,0,1,19.723535,81.2424108
CHHATTISGARH,Rural,Narayanpur,Train,26,16,10,0,0,0,2,1,1,18,9,9,2,2,0,1,1,0,0,0,0,1,1,0,2,2,0,0,0,0,19.723535,81.2424108
CHHATTISGARH,Rural,Narayanpur,Water transport,1,1,0,0,0,0,1,1,0,0,0,0,0,0,0,0,0,0,0,0,0,0,0,0,0,0,0,0,0,0,19.723535,81.2424108
CHHATTISGARH,Rural,Narayanpur,Any other,3,3,0,0,0,0,0,0,0,1,1,0,1,1,0,0,0,0,1,1,0,0,0,0,0,0,0,0,0,0,19.723535,81.2424108
CHHATTISGARH,Rural,Narayanpur,No travel,2896,2184,712,2896,2184,712,0,0,0,0,0,0,0,0,0,0,0,0,0,0,0,0,0,0,0,0,0,0,0,0,19.723535,81.2424108
CHHATTISGARH,Urban,Narayanpur,All Modes,6155,4636,1519,1453,1167,286,1799,1370,429,1738,1225,513,375,233,142,256,191,65,227,182,45,141,128,13,145,123,22,21,17,4,19.723535,81.2424108
CHHATTISGARH,Urban,Narayanpur,On foot,1450,804,646,0,0,0,844,534,310,465,195,270,141,75,66,0,0,0,0,0,0,0,0,0,0,0,0,0,0,0,19.723535,81.2424108
CHHATTISGARH,Urban,Narayanpur,Bicycle,1586,1336,250,0,0,0,526,456,70,828,687,141,64,53,11,45,33,12,123,107,16,0,0,0,0,0,0,0,0,0,19.723535,81.2424108
CHHATTISGARH,Urban,Narayanpur,Moped/Scooter/Motor Cycle,1200,972,228,0,0,0,392,344,48,404,310,94,134,87,47,133,109,24,50,42,8,46,42,4,28,28,0,13,10,3,19.723535,81.2424108
CHHATTISGARH,Urban,Narayanpur,Car/Jeep/Van,73,70,3,0,0,0,18,18,0,9,9,0,5,4,1,7,7,0,8,6,2,14,14,0,9,9,0,3,3,0,19.723535,81.2424108
CHHATTISGARH,Urban,Narayanpur,Tempo/Autorickshaw/Taxi,31,30,1,0,0,0,1,1,0,3,3,0,4,4,0,3,3,0,2,2,0,8,8,0,10,9,1,0,0,0,19.723535,81.2424108
CHHATTISGARH,Urban,Narayanpur,Bus,255,171,84,0,0,0,9,9,0,5,4,1,21,8,13,54,26,28,37,21,16,44,37,7,82,63,19,3,3,0,19.723535,81.2424108
CHHATTISGARH,Urban,Narayanpur,Train,28,19,9,0,0,0,7,7,0,14,8,6,2,1,1,1,1,0,1,0,1,0,0,0,1,1,0,2,1,1,19.723535,81.2424108
CHHATTISGARH,Urban,Narayanpur,Water transport,2,1,1,0,0,0,1,0,1,1,1,0,0,0,0,0,0,0,0,0,0,0,0,0,0,0,0,0,0,0,19.723535,81.2424108
CHHATTISGARH,Urban,Narayanpur,Any other,77,66,11,0,0,0,1,1,0,9,8,1,4,1,3,13,12,1,6,4,2,29,27,2,15,13,2,0,0,0,19.723535,81.2424108
CHHATTISGARH,Urban,Narayanpur,No travel,1453,1167,286,1453,1167,286,0,0,0,0,0,0,0,0,0,0,0,0,0,0,0,0,0,0,0,0,0,0,0,0,19.723535,81.2424108
CHHATTISGARH,Total,Kabeerdham,All Modes,47598,35633,11965,13288,9155,4133,14088,10018,4070,11488,9032,2456,4360,3589,771,2204,1918,286,1113,981,132,549,495,54,441,385,56,67,60,7,22.0990944,81.2518833
CHHATTISGARH,Total,Kabeerdham,On foot,14526,9073,5453,0,0,0,9979,6282,3697,3704,2232,1472,843,559,284,0,0,0,0,0,0,0,0,0,0,0,0,0,0,0,22.0990944,81.2518833
CHHATTISGARH,Total,Kabeerdham,Bicycle,9125,8266,859,0,0,0,2139,1982,157,4548,4078,470,1569,1410,159,587,530,57,282,266,16,0,0,0,0,0,0,0,0,0,22.0990944,81.2518833
CHHATTISGARH,Total,Kabeerdham,Moped/Scooter/Motor Cycle,7990,7057,933,0,0,0,1684,1530,154,2708,2337,371,1533,1325,208,1136,1023,113,499,445,54,278,260,18,110,101,9,42,36,6,22.0990944,81.2518833
CHHATTISGARH,Total,Kabeerdham,Car/Jeep/Van,488,429,59,0,0,0,86,67,19,94,79,15,65,59,6,74,68,6,59,53,6,48,44,4,56,53,3,6,6,0,22.0990944,81.2518833
CHHATTISGARH,Total,Kabeerdham,Tempo/Autorickshaw/Taxi,226,185,41,0,0,0,14,12,2,76,54,22,38,29,9,48,43,5,20,19,1,21,19,2,7,7,0,2,2,0,22.0990944,81.2518833
CHHATTISGARH,Total,Kabeerdham,Bus,1383,972,411,0,0,0,67,49,18,148,65,83,208,119,89,305,207,98,228,174,54,186,156,30,232,193,39,9,9,0,22.0990944,81.2518833
CHHATTISGARH,Total,Kabeerdham,Train,306,254,52,0,0,0,74,57,17,110,97,13,59,49,10,31,25,6,10,9,1,6,6,0,13,9,4,3,2,1,22.0990944,81.2518833
CHHATTISGARH,Total,Kabeerdham,Water transport,12,9,3,0,0,0,7,5,2,2,2,0,1,0,1,1,1,0,0,0,0,0,0,0,1,1,0,0,0,0,22.0990944,81.2518833
CHHATTISGARH,Total,Kabeerdham,Any other,254,233,21,0,0,0,38,34,4,98,88,10,44,39,5,22,21,1,15,15,0,10,10,0,22,21,1,5,5,0,22.0990944,81.2518833
CHHATTISGARH,Total,Kabeerdham,No travel,13288,9155,4133,13288,9155,4133,0,0,0,0,0,0,0,0,0,0,0,0,0,0,0,0,0,0,0,0,0,0,0,0,22.0990944,81.2518833
CHHATTISGARH,Rural,Kabeerdham,All Modes,26410,19132,7278,9092,6050,3042,6429,4054,2375,5616,4452,1164,2813,2412,401,1329,1182,147,544,470,74,325,291,34,230,193,37,32,28,4,22.0990944,81.2518833
CHHATTISGARH,Rural,Kabeerdham,On foot,7813,4770,3043,0,0,0,5490,3243,2247,1835,1179,656,488,348,140,0,0,0,0,0,0,0,0,0,0,0,0,0,0,0,22.0990944,81.2518833
CHHATTISGARH,Rural,Kabeerdham,Bicycle,4671,4126,545,0,0,0,575,497,78,2364,2078,286,1191,1066,125,407,362,45,134,123,11,0,0,0,0,0,0,0,0,0,22.0990944,81.2518833
CHHATTISGARH,Rural,Kabeerdham,Moped/Scooter/Motor Cycle,3609,3207,402,0,0,0,279,248,31,1211,1051,160,936,844,92,668,611,57,262,226,36,166,152,14,65,57,8,22,18,4,22.0990944,81.2518833
CHHATTISGARH,Rural,Kabeerdham,Car/Jeep/Van,207,188,19,0,0,0,18,13,5,21,21,0,33,29,4,50,46,4,33,28,5,31,31,0,20,19,1,1,1,0,22.0990944,81.2518833
CHHATTISGARH,Rural,Kabeerdham,Tempo/Autorickshaw/Taxi,108,77,31,0,0,0,5,5,0,33,13,20,25,19,6,28,25,3,3,3,0,12,10,2,0,0,0,2,2,0,22.0990944,81.2518833
CHHATTISGARH,Rural,Kabeerdham,Bus,646,488,158,0,0,0,18,15,3,57,29,28,89,63,26,142,108,34,101,79,22,103,85,18,131,104,27,5,5,0,22.0990944,81.2518833
CHHATTISGARH,Rural,Kabeerdham,Train,157,132,25,0,0,0,27,18,9,57,50,7,39,34,5,20,16,4,5,5,0,5,5,0,4,4,0,0,0,0,22.0990944,81.2518833
CHHATTISGARH,Rural,Kabeerdham,Water transport,9,7,2,0,0,0,7,5,2,1,1,0,0,0,0,1,1,0,0,0,0,0,0,0,0,0,0,0,0,0,22.0990944,81.2518833
CHHATTISGARH,Rural,Kabeerdham,Any other,98,87,11,0,0,0,10,10,0,37,30,7,12,9,3,13,13,0,6,6,0,8,8,0,10,9,1,2,2,0,22.0990944,81.2518833
CHHATTISGARH,Rural,Kabeerdham,No travel,9092,6050,3042,9092,6050,3042,0,0,0,0,0,0,0,0,0,0,0,0,0,0,0,0,0,0,0,0,0,0,0,0,22.0990944,81.2518833
CHHATTISGARH,Urban,Kabeerdham,All Modes,21188,16501,4687,4196,3105,1091,7659,5964,1695,5872,4580,1292,1547,1177,370,875,736,139,569,511,58,224,204,20,211,192,19,35,32,3,22.0990944,81.2518833
CHHATTISGARH,Urban,Kabeerdham,On foot,6713,4303,2410,0,0,0,4489,3039,1450,1869,1053,816,355,211,144,0,0,0,0,0,0,0,0,0,0,0,0,0,0,0,22.0990944,81.2518833
CHHATTISGARH,Urban,Kabeerdham,Bicycle,4454,4140,314,0,0,0,1564,1485,79,2184,2000,184,378,344,34,180,168,12,148,143,5,0,0,0,0,0,0,0,0,0,22.0990944,81.2518833
CHHATTISGARH,Urban,Kabeerdham,Moped/Scooter/Motor Cycle,4381,3850,531,0,0,0,1405,1282,123,1497,1286,211,597,481,116,468,412,56,237,219,18,112,108,4,45,44,1,20,18,2,22.0990944,81.2518833
CHHATTISGARH,Urban,Kabeerdham,Car/Jeep/Van,281,241,40,0,0,0,68,54,14,73,58,15,32,30,2,24,22,2,26,25,1,17,13,4,36,34,2,5,5,0,22.0990944,81.2518833
CHHATTISGARH,Urban,Kabeerdham,Tempo/Autorickshaw/Taxi,118,108,10,0,0,0,9,7,2,43,41,2,13,10,3,20,18,2,17,16,1,9,9,0,7,7,0,0,0,0,22.0990944,81.2518833
CHHATTISGARH,Urban,Kabeerdham,Bus,737,484,253,0,0,0,49,34,15,91,36,55,119,56,63,163,99,64,127,95,32,83,71,12,101,89,12,4,4,0,22.0990944,81.2518833
CHHATTISGARH,Urban,Kabeerdham,Train,149,122,27,0,0,0,47,39,8,53,47,6,20,15,5,11,9,2,5,4,1,1,1,0,9,5,4,3,2,1,22.0990944,81.2518833
CHHATTISGARH,Urban,Kabeerdham,Water transport,3,2,1,0,0,0,0,0,0,1,1,0,1,0,1,0,0,0,0,0,0,0,0,0,1,1,0,0,0,0,22.0990944,81.2518833
CHHATTISGARH,Urban,Kabeerdham,Any other,156,146,10,0,0,0,28,24,4,61,58,3,32,30,2,9,8,1,9,9,0,2,2,0,12,12,0,3,3,0,22.0990944,81.2518833
CHHATTISGARH,Urban,Kabeerdham,No travel,4196,3105,1091,4196,3105,1091,0,0,0,0,0,0,0,0,0,0,0,0,0,0,0,0,0,0,0,0,0,0,0,0,22.0990944,81.2518833
UTTAR PRADESH,Total,Rae Bareli,All Modes,319163,244075,75088,153125,100778,52347,37789,28303,9486,55341,48713,6628,27867,24127,3740,13115,12277,838,9632,8771,861,4589,4264,325,15141,14511,630,2564,2331,233,26.2144806,81.2528139
UTTAR PRADESH,Total,Rae Bareli,On foot,46244,31587,14657,0,0,0,25342,16915,8427,12977,9227,3750,7925,5445,2480,0,0,0,0,0,0,0,0,0,0,0,0,0,0,0,26.2144806,81.2528139
UTTAR PRADESH,Total,Rae Bareli,Bicycle,63485,60179,3306,0,0,0,7977,7326,651,28918,27479,1439,13466,12957,509,7013,6849,164,6111,5568,543,0,0,0,0,0,0,0,0,0,26.2144806,81.2528139
UTTAR PRADESH,Total,Rae Bareli,Moped/Scooter/Motor Cycle,24692,22988,1704,0,0,0,3053,2883,170,9849,9105,744,4135,3819,316,3239,3024,215,1447,1376,71,1164,1106,58,873,836,37,932,839,93,26.2144806,81.2528139
UTTAR PRADESH,Total,Rae Bareli,Car/Jeep/Van,2578,2231,347,0,0,0,297,249,48,915,811,104,276,220,56,310,260,50,185,161,24,211,194,17,260,234,26,124,102,22,26.2144806,81.2528139
UTTAR PRADESH,Total,Rae Bareli,Tempo/Autorickshaw/Taxi,3216,2285,931,0,0,0,143,82,61,781,441,340,701,471,230,878,680,198,296,256,40,188,172,16,124,109,15,105,74,31,26.2144806,81.2528139
UTTAR PRADESH,Total,Rae Bareli,Bus,8068,7124,944,0,0,0,201,166,35,455,341,114,451,345,106,919,745,174,1194,1033,161,1731,1555,176,2946,2788,158,171,151,20,26.2144806,81.2528139
UTTAR PRADESH,Total,Rae Bareli,Train,15963,15281,682,0,0,0,590,529,61,932,871,61,561,530,31,543,515,28,351,330,21,1215,1158,57,10714,10327,387,1057,1021,36,26.2144806,81.2528139
UTTAR PRADESH,Total,Rae Bareli,Water transport,117,107,10,0,0,0,11,11,0,13,13,0,8,8,0,14,10,4,6,6,0,10,10,0,34,33,1,21,16,5,26.2144806,81.2528139
UTTAR PRADESH,Total,Rae Bareli,Any other,1675,1515,160,0,0,0,175,142,33,501,425,76,344,332,12,199,194,5,42,41,1,70,69,1,190,184,6,154,128,26,26.2144806,81.2528139
UTTAR PRADESH,Total,Rae Bareli,No travel,153125,100778,52347,153125,100778,52347,0,0,0,0,0,0,0,0,0,0,0,0,0,0,0,0,0,0,0,0,0,0,0,0,26.2144806,81.2528139
UTTAR PRADESH,Rural,Rae Bareli,All Modes,244042,182312,61730,123317,79245,44072,25867,17662,8205,35584,30876,4708,22403,19477,2926,11125,10672,453,7690,7060,630,3347,3184,163,12808,12405,403,1901,1731,170,26.2144806,81.2528139
UTTAR PRADESH,Rural,Rae Bareli,On foot,34325,21691,12634,0,0,0,18865,11407,7458,9456,6382,3074,6004,3902,2102,0,0,0,0,0,0,0,0,0,0,0,0,0,0,0,26.2144806,81.2528139
UTTAR PRADESH,Rural,Rae Bareli,Bicycle,49309,46625,2684,0,0,0,5117,4584,533,20406,19338,1068,11998,11548,450,6530,6387,143,5258,4768,490,0,0,0,0,0,0,0,0,0,26.2144806,81.2528139
UTTAR PRADESH,Rural,Rae Bareli,Moped/Scooter/Motor Cycle,12585,11752,833,0,0,0,995,905,90,3565,3251,314,2641,2480,161,2417,2307,110,986,948,38,800,764,36,595,575,20,586,522,64,26.2144806,81.2528139
UTTAR PRADESH,Rural,Rae Bareli,Car/Jeep/Van,1529,1370,159,0,0,0,106,82,24,535,496,39,172,142,30,198,178,20,110,102,8,131,123,8,196,185,11,81,62,19,26.2144806,81.2528139
UTTAR PRADESH,Rural,Rae Bareli,Tempo/Autorickshaw/Taxi,2273,1876,397,0,0,0,95,68,27,451,327,124,503,395,108,672,582,90,230,211,19,141,136,5,106,100,6,75,57,18,26.2144806,81.2528139
UTTAR PRADESH,Rural,Rae Bareli,Bus,5951,5530,421,0,0,0,134,114,20,245,211,34,321,271,50,660,588,72,804,741,63,1283,1202,81,2377,2286,91,127,117,10,26.2144806,81.2528139
UTTAR PRADESH,Rural,Rae Bareli,Train,13464,13001,463,0,0,0,447,400,47,669,626,43,473,456,17,465,451,14,259,248,11,923,891,32,9338,9068,270,890,861,29,26.2144806,81.2528139
UTTAR PRADESH,Rural,Rae Bareli,Water transport,94,85,9,0,0,0,8,8,0,8,8,0,8,8,0,12,9,3,4,4,0,9,9,0,30,29,1,15,10,5,26.2144806,81.2528139
UTTAR PRADESH,Rural,Rae Bareli,Any other,1195,1137,58,0,0,0,100,94,6,249,237,12,283,275,8,171,170,1,39,38,1,60,59,1,166,162,4,127,102,25,26.2144806,81.2528139
UTTAR PRADESH,Rural,Rae Bareli,No travel,123317,79245,44072,123317,79245,44072,0,0,0,0,0,0,0,0,0,0,0,0,0,0,0,0,0,0,0,0,0,0,0,0,26.2144806,81.2528139
UTTAR PRADESH,Urban,Rae Bareli,All Modes,75121,61763,13358,29808,21533,8275,11922,10641,1281,19757,17837,1920,5464,4650,814,1990,1605,385,1942,1711,231,1242,1080,162,2333,2106,227,663,600,63,26.2144806,81.2528139
UTTAR PRADESH,Urban,Rae Bareli,On foot,11919,9896,2023,0,0,0,6477,5508,969,3521,2845,676,1921,1543,378,0,0,0,0,0,0,0,0,0,0,0,0,0,0,0,26.2144806,81.2528139
UTTAR PRADESH,Urban,Rae Bareli,Bicycle,14176,13554,622,0,0,0,2860,2742,118,8512,8141,371,1468,1409,59,483,462,21,853,800,53,0,0,0,0,0,0,0,0,0,26.2144806,81.2528139
UTTAR PRADESH,Urban,Rae Bareli,Moped/Scooter/Motor Cycle,12107,11236,871,0,0,0,2058,1978,80,6284,5854,430,1494,1339,155,822,717,105,461,428,33,364,342,22,278,261,17,346,317,29,26.2144806,81.2528139
UTTAR PRADESH,Urban,Rae Bareli,Car/Jeep/Van,1049,861,188,0,0,0,191,167,24,380,315,65,104,78,26,112,82,30,75,59,16,80,71,9,64,49,15,43,40,3,26.2144806,81.2528139
UTTAR PRADESH,Urban,Rae Bareli,Tempo/Autorickshaw/Taxi,943,409,534,0,0,0,48,14,34,330,114,216,198,76,122,206,98,108,66,45,21,47,36,11,18,9,9,30,17,13,26.2144806,81.2528139
UTTAR PRADESH,Urban,Rae Bareli,Bus,2117,1594,523,0,0,0,67,52,15,210,130,80,130,74,56,259,157,102,390,292,98,448,353,95,569,502,67,44,34,10,26.2144806,81.2528139
UTTAR PRADESH,Urban,Rae Bareli,Train,2499,2280,219,0,0,0,143,129,14,263,245,18,88,74,14,78,64,14,92,82,10,292,267,25,1376,1259,117,167,160,7,26.2144806,81.2528139
UTTAR PRADESH,Urban,Rae Bareli,Water transport,23,22,1,0,0,0,3,3,0,5,5,0,0,0,0,2,1,1,2,2,0,1,1,0,4,4,0,6,6,0,26.2144806,81.2528139
UTTAR PRADESH,Urban,Rae Bareli,Any other,480,378,102,0,0,0,75,48,27,252,188,64,61,57,4,28,24,4,3,3,0,10,10,0,24,22,2,27,26,1,26.2144806,81.2528139
UTTAR PRADESH,Urban,Rae Bareli,No travel,29808,21533,8275,29808,21533,8275,0,0,0,0,0,0,0,0,0,0,0,0,0,0,0,0,0,0,0,0,0,0,0,0,26.2144806,81.2528139
CHHATTISGARH,Total,Durg,All Modes,521484,421171,100313,89534,64214,25320,94530,67064,27466,162278,133129,29149,89790,79651,10139,41745,38431,3314,18799,17077,1722,13673,12002,1671,7990,6828,1162,3145,2775,370,21.1904494,81.2849169
CHHATTISGARH,Total,Durg,On foot,102391,57277,45114,0,0,0,60785,36181,24604,32795,15675,17120,8811,5421,3390,0,0,0,0,0,0,0,0,0,0,0,0,0,0,0,21.1904494,81.2849169
CHHATTISGARH,Total,Durg,Bicycle,170937,161708,9229,0,0,0,20228,19097,1131,82130,76982,5148,41780,39673,2107,18932,18460,472,7867,7496,371,0,0,0,0,0,0,0,0,0,21.1904494,81.2849169
CHHATTISGARH,Total,Durg,Moped/Scooter/Motor Cycle,106041,95767,10274,0,0,0,10917,9731,1186,38144,33628,4516,29921,27355,2566,14548,13317,1231,4692,4397,295,4426,4197,229,1449,1372,77,1944,1770,174,21.1904494,81.2849169
CHHATTISGARH,Total,Durg,Car/Jeep/Van,9836,8501,1335,0,0,0,817,666,151,2316,1899,417,2687,2358,329,1503,1343,160,607,527,80,1109,985,124,559,515,44,238,208,30,21.1904494,81.2849169
CHHATTISGARH,Total,Durg,Tempo/Autorickshaw/Taxi,7718,5414,2304,0,0,0,346,236,110,2344,1374,970,2497,1746,751,1419,1103,316,428,378,50,394,342,52,139,124,15,151,111,40,21.1904494,81.2849169
CHHATTISGARH,Total,Durg,Bus,17069,12138,4931,0,0,0,318,183,135,1265,650,615,1911,1130,781,3188,2243,945,2910,2179,731,3820,2955,865,3414,2627,787,243,171,72,21.1904494,81.2849169
CHHATTISGARH,Total,Durg,Train,14501,13046,1455,0,0,0,658,575,83,2187,1966,221,1362,1215,147,1835,1673,162,2137,1958,179,3712,3321,391,2155,1924,231,455,414,41,21.1904494,81.2849169
CHHATTISGARH,Total,Durg,Water transport,124,100,24,0,0,0,50,36,14,21,17,4,14,12,2,9,9,0,4,2,2,7,7,0,9,7,2,10,10,0,21.1904494,81.2849169
CHHATTISGARH,Total,Durg,Any other,3333,3006,327,0,0,0,411,359,52,1076,938,138,807,741,66,311,283,28,154,140,14,205,195,10,265,259,6,104,91,13,21.1904494,81.2849169
CHHATTISGARH,Total,Durg,No travel,89534,64214,25320,89534,64214,25320,0,0,0,0,0,0,0,0,0,0,0,0,0,0,0,0,0,0,0,0,0,0,0,0,21.1904494,81.2849169
CHHATTISGARH,Rural,Durg,All Modes,133447,106777,26670,39329,27847,11482,24240,16301,7939,21707,17985,3722,19361,17663,1698,17529,16720,809,6042,5699,343,2630,2386,244,2321,1925,396,288,251,37,21.1904494,81.2849169
CHHATTISGARH,Rural,Durg,On foot,25221,15228,9993,0,0,0,19102,11599,7503,4536,2559,1977,1583,1070,513,0,0,0,0,0,0,0,0,0,0,0,0,0,0,0,21.1904494,81.2849169
CHHATTISGARH,Rural,Durg,Bicycle,43198,41294,1904,0,0,0,3775,3512,263,12353,11449,904,12235,11789,446,11686,11464,222,3149,3080,69,0,0,0,0,0,0,0,0,0,21.1904494,81.2849169
CHHATTISGARH,Rural,Durg,Moped/Scooter/Motor Cycle,17359,16002,1357,0,0,0,1038,948,90,4031,3498,533,4234,3884,350,4385,4152,233,1830,1756,74,1213,1169,44,468,446,22,160,149,11,21.1904494,81.2849169
CHHATTISGARH,Rural,Durg,Car/Jeep/Van,634,531,103,0,0,0,64,51,13,61,47,14,113,95,18,129,106,23,71,53,18,97,90,7,78,71,7,21,18,3,21.1904494,81.2849169
CHHATTISGARH,Rural,Durg,Tempo/Autorickshaw/Taxi,862,572,290,0,0,0,34,24,10,111,59,52,310,187,123,247,167,80,70,60,10,64,54,10,17,13,4,9,8,1,21.1904494,81.2849169
CHHATTISGARH,Rural,Durg,Bus,4943,3663,1280,0,0,0,72,43,29,308,145,163,531,325,206,812,587,225,751,599,152,1021,856,165,1392,1068,324,56,40,16,21.1904494,81.2849169
CHHATTISGARH,Rural,Durg,Train,1066,955,111,0,0,0,62,50,12,118,97,21,150,138,12,163,157,6,99,91,8,150,138,12,301,264,37,23,20,3,21.1904494,81.2849169
CHHATTISGARH,Rural,Durg,Water transport,38,31,7,0,0,0,25,18,7,1,1,0,2,2,0,2,2,0,0,0,0,1,1,0,3,3,0,4,4,0,21.1904494,81.2849169
CHHATTISGARH,Rural,Durg,Any other,797,654,143,0,0,0,68,56,12,188,130,58,203,173,30,105,85,20,72,60,12,84,78,6,62,60,2,15,12,3,21.1904494,81.2849169
CHHATTISGARH,Rural,Durg,No travel,39329,27847,11482,39329,27847,11482,0,0,0,0,0,0,0,0,0,0,0,0,0,0,0,0,0,0,0,0,0,0,0,0,21.1904494,81.2849169
CHHATTISGARH,Urban,Durg,All Modes,388037,314394,73643,50205,36367,13838,70290,50763,19527,140571,115144,25427,70429,61988,8441,24216,21711,2505,12757,11378,1379,11043,9616,1427,5669,4903,766,2857,2524,333,21.1904494,81.2849169
CHHATTISGARH,Urban,Durg,On foot,77170,42049,35121,0,0,0,41683,24582,17101,28259,13116,15143,7228,4351,2877,0,0,0,0,0,0,0,0,0,0,0,0,0,0,0,21.1904494,81.2849169
CHHATTISGARH,Urban,Durg,Bicycle,127739,120414,7325,0,0,0,16453,15585,868,69777,65533,4244,29545,27884,1661,7246,6996,250,4718,4416,302,0,0,0,0,0,0,0,0,0,21.1904494,81.2849169
CHHATTISGARH,Urban,Durg,Moped/Scooter/Motor Cycle,88682,79765,8917,0,0,0,9879,8783,1096,34113,30130,3983,25687,23471,2216,10163,9165,998,2862,2641,221,3213,3028,185,981,926,55,1784,1621,163,21.1904494,81.2849169
CHHATTISGARH,Urban,Durg,Car/Jeep/Van,9202,7970,1232,0,0,0,753,615,138,2255,1852,403,2574,2263,311,1374,1237,137,536,474,62,1012,895,117,481,444,37,217,190,27,21.1904494,81.2849169
CHHATTISGARH,Urban,Durg,Tempo/Autorickshaw/Taxi,6856,4842,2014,0,0,0,312,212,100,2233,1315,918,2187,1559,628,1172,936,236,358,318,40,330,288,42,122,111,11,142,103,39,21.1904494,81.2849169
CHHATTISGARH,Urban,Durg,Bus,12126,8475,3651,0,0,0,246,140,106,957,505,452,1380,805,575,2376,1656,720,2159,1580,579,2799,2099,700,2022,1559,463,187,131,56,21.1904494,81.2849169
CHHATTISGARH,Urban,Durg,Train,13435,12091,1344,0,0,0,596,525,71,2069,1869,200,1212,1077,135,1672,1516,156,2038,1867,171,3562,3183,379,1854,1660,194,432,394,38,21.1904494,81.2849169
CHHATTISGARH,Urban,Durg,Water transport,86,69,17,0,0,0,25,18,7,20,16,4,12,10,2,7,7,0,4,2,2,6,6,0,6,4,2,6,6,0,21.1904494,81.2849169
CHHATTISGARH,Urban,Durg,Any other,2536,2352,184,0,0,0,343,303,40,888,808,80,604,568,36,206,198,8,82,80,2,121,117,4,203,199,4,89,79,10,21.1904494,81.2849169
CHHATTISGARH,Urban,Durg,No travel,50205,36367,13838,50205,36367,13838,0,0,0,0,0,0,0,0,0,0,0,0,0,0,0,0,0,0,0,0,0,0,0,0,21.1904494,81.2849169
MADHYA PRADESH,Total,Rewa,All Modes,219241,166958,52283,87115,58459,28656,29692,21660,8032,47895,39213,8682,22385,18296,4089,10182,9336,846,6662,6018,644,4186,3787,399,8068,7503,565,3056,2686,370,24.5372927,81.30418
MADHYA PRADESH,Total,Rewa,On foot,46254,30719,15535,0,0,0,21345,14228,7117,16533,10937,5596,8376,5554,2822,0,0,0,0,0,0,0,0,0,0,0,0,0,0,0,24.5372927,81.30418
MADHYA PRADESH,Total,Rewa,Bicycle,35352,33412,1940,0,0,0,3823,3529,294,17146,16217,929,7472,7127,345,3697,3573,124,3214,2966,248,0,0,0,0,0,0,0,0,0,24.5372927,81.30418
MADHYA PRADESH,Total,Rewa,Moped/Scooter/Motor Cycle,24722,22487,2235,0,0,0,3087,2810,277,10728,9605,1123,4135,3776,359,2767,2584,183,1049,989,60,1091,1038,53,643,605,38,1222,1080,142,24.5372927,81.30418
MADHYA PRADESH,Total,Rewa,Car/Jeep/Van,4053,3524,529,0,0,0,464,395,69,982,805,177,456,378,78,631,559,72,418,377,41,476,449,27,376,349,27,250,212,38,24.5372927,81.30418
MADHYA PRADESH,Total,Rewa,Tempo/Autorickshaw/Taxi,4591,3178,1413,0,0,0,305,170,135,1449,788,661,954,646,308,1078,907,171,326,284,42,180,158,22,89,81,8,210,144,66,24.5372927,81.30418
MADHYA PRADESH,Total,Rewa,Bus,11563,9958,1605,0,0,0,366,274,92,583,440,143,715,570,145,1830,1556,274,1574,1331,243,2258,1981,277,3691,3331,360,546,475,71,24.5372927,81.30418
MADHYA PRADESH,Total,Rewa,Train,4689,4424,265,0,0,0,222,199,23,274,244,30,127,115,12,96,89,7,55,47,8,141,123,18,3031,2908,123,743,699,44,24.5372927,81.30418
MADHYA PRADESH,Total,Rewa,Water transport,88,76,12,0,0,0,18,15,3,14,11,3,3,2,1,10,10,0,2,2,0,2,1,1,27,23,4,12,12,0,24.5372927,81.30418
MADHYA PRADESH,Total,Rewa,Any other,814,721,93,0,0,0,62,40,22,186,166,20,147,128,19,73,58,15,24,22,2,38,37,1,211,206,5,73,64,9,24.5372927,81.30418
MADHYA PRADESH,Total,Rewa,No travel,87115,58459,28656,87115,58459,28656,0,0,0,0,0,0,0,0,0,0,0,0,0,0,0,0,0,0,0,0,0,0,0,0,24.5372927,81.30418
MADHYA PRADESH,Rural,Rewa,All Modes,124746,91945,32801,58260,37708,20552,12485,8172,4313,18938,14991,3947,13938,11357,2581,7287,6828,459,4182,3839,343,2524,2344,180,5816,5492,324,1316,1214,102,24.5372927,81.30418
MADHYA PRADESH,Rural,Rewa,On foot,22855,13830,9025,0,0,0,9639,5684,3955,8142,5029,3113,5074,3117,1957,0,0,0,0,0,0,0,0,0,0,0,0,0,0,0,24.5372927,81.30418
MADHYA PRADESH,Rural,Rewa,Bicycle,19498,18380,1118,0,0,0,1459,1305,154,7282,6823,459,5515,5262,253,3249,3139,110,1993,1851,142,0,0,0,0,0,0,0,0,0,24.5372927,81.30418
MADHYA PRADESH,Rural,Rewa,Moped/Scooter/Motor Cycle,8904,8338,566,0,0,0,722,665,57,2416,2236,180,2001,1877,124,1702,1616,86,697,661,36,620,588,32,397,374,23,349,321,28,24.5372927,81.30418
MADHYA PRADESH,Rural,Rewa,Car/Jeep/Van,1793,1590,203,0,0,0,139,111,28,207,171,36,224,193,31,404,362,42,254,227,27,298,282,16,195,181,14,72,63,9,24.5372927,81.30418
MADHYA PRADESH,Rural,Rewa,Tempo/Autorickshaw/Taxi,2354,1963,391,0,0,0,115,81,34,332,264,68,504,379,125,887,780,107,257,228,29,119,111,8,65,61,4,75,59,16,24.5372927,81.30418
MADHYA PRADESH,Rural,Rewa,Bus,6856,6158,698,0,0,0,221,166,55,316,253,63,424,355,69,917,821,96,917,817,100,1346,1241,105,2460,2266,194,255,239,16,24.5372927,81.30418
MADHYA PRADESH,Rural,Rewa,Train,3622,3450,172,0,0,0,147,131,16,152,138,14,96,90,6,74,69,5,44,37,7,110,93,17,2495,2415,80,504,477,27,24.5372927,81.30418
MADHYA PRADESH,Rural,Rewa,Water transport,63,54,9,0,0,0,10,8,2,9,8,1,3,2,1,4,4,0,1,1,0,1,0,1,26,22,4,9,9,0,24.5372927,81.30418
MADHYA PRADESH,Rural,Rewa,Any other,541,474,67,0,0,0,33,21,12,82,69,13,97,82,15,50,37,13,19,17,2,30,29,1,178,173,5,52,46,6,24.5372927,81.30418
MADHYA PRADESH,Rural,Rewa,No travel,58260,37708,20552,58260,37708,20552,0,0,0,0,0,0,0,0,0,0,0,0,0,0,0,0,0,0,0,0,0,0,0,0,24.5372927,81.30418
MADHYA PRADESH,Urban,Rewa,All Modes,94495,75013,19482,28855,20751,8104,17207,13488,3719,28957,24222,4735,8447,6939,1508,2895,2508,387,2480,2179,301,1662,1443,219,2252,2011,241,1740,1472,268,24.5372927,81.30418
MADHYA PRADESH,Urban,Rewa,On foot,23399,16889,6510,0,0,0,11706,8544,3162,8391,5908,2483,3302,2437,865,0,0,0,0,0,0,0,0,0,0,0,0,0,0,0,24.5372927,81.30418
MADHYA PRADESH,Urban,Rewa,Bicycle,15854,15032,822,0,0,0,2364,2224,140,9864,9394,470,1957,1865,92,448,434,14,1221,1115,106,0,0,0,0,0,0,0,0,0,24.5372927,81.30418
MADHYA PRADESH,Urban,Rewa,Moped/Scooter/Motor Cycle,15818,14149,1669,0,0,0,2365,2145,220,8312,7369,943,2134,1899,235,1065,968,97,352,328,24,471,450,21,246,231,15,873,759,114,24.5372927,81.30418
MADHYA PRADESH,Urban,Rewa,Car/Jeep/Van,2260,1934,326,0,0,0,325,284,41,775,634,141,232,185,47,227,197,30,164,150,14,178,167,11,181,168,13,178,149,29,24.5372927,81.30418
MADHYA PRADESH,Urban,Rewa,Tempo/Autorickshaw/Taxi,2237,1215,1022,0,0,0,190,89,101,1117,524,593,450,267,183,191,127,64,69,56,13,61,47,14,24,20,4,135,85,50,24.5372927,81.30418
MADHYA PRADESH,Urban,Rewa,Bus,4707,3800,907,0,0,0,145,108,37,267,187,80,291,215,76,913,735,178,657,514,143,912,740,172,1231,1065,166,291,236,55,24.5372927,81.30418
MADHYA PRADESH,Urban,Rewa,Train,1067,974,93,0,0,0,75,68,7,122,106,16,31,25,6,22,20,2,11,10,1,31,30,1,536,493,43,239,222,17,24.5372927,81.30418
MADHYA PRADESH,Urban,Rewa,Water transport,25,22,3,0,0,0,8,7,1,5,3,2,0,0,0,6,6,0,1,1,0,1,1,0,1,1,0,3,3,0,24.5372927,81.30418
MADHYA PRADESH,Urban,Rewa,Any other,273,247,26,0,0,0,29,19,10,104,97,7,50,46,4,23,21,2,5,5,0,8,8,0,33,33,0,21,18,3,24.5372927,81.30418
MADHYA PRADESH,Urban,Rewa,No travel,28855,20751,8104,28855,20751,8104,0,0,0,0,0,0,0,0,0,0,0,0,0,0,0,0,0,0,0,0,0,0,0,0,24.5372927,81.30418
ANDHRA PRADESH,Total,West Godavari,All Modes,522189,407194,114995,153993,100680,53313,97279,72276,25003,143565,122513,21052,62910,54088,8822,30096,26432,3664,14053,12760,1293,8814,7919,895,9752,8960,792,1727,1566,161,16.9174181,81.3399414
ANDHRA PRADESH,Total,West Godavari,On foot,88433,51977,36456,0,0,0,53919,31248,22671,26657,15600,11057,7857,5129,2728,0,0,0,0,0,0,0,0,0,0,0,0,0,0,0,16.9174181,81.3399414
ANDHRA PRADESH,Total,West Godavari,Bicycle,130487,126825,3662,0,0,0,26728,25999,729,70530,68376,2154,22728,22211,517,6304,6158,146,4197,4081,116,0,0,0,0,0,0,0,0,0,16.9174181,81.3399414
ANDHRA PRADESH,Total,West Godavari,Moped/Scooter/Motor Cycle,76290,72051,4239,0,0,0,13515,12778,737,31415,29341,2074,15360,14512,848,9053,8678,375,3043,2962,81,2059,1997,62,948,928,20,897,855,42,16.9174181,81.3399414
ANDHRA PRADESH,Total,West Godavari,Car/Jeep/Van,6122,5342,780,0,0,0,692,585,107,1500,1228,272,1041,857,184,826,718,108,433,398,35,657,620,37,844,811,33,129,125,4,16.9174181,81.3399414
ANDHRA PRADESH,Total,West Godavari,Tempo/Autorickshaw/Taxi,20913,14049,6864,0,0,0,986,576,410,6933,3418,3515,6236,4205,2031,3875,3159,716,1179,1089,90,967,926,41,535,514,21,202,162,40,16.9174181,81.3399414
ANDHRA PRADESH,Total,West Godavari,Bus,30870,22419,8451,0,0,0,598,362,236,3762,1974,1788,7135,4796,2339,8442,6304,2138,4261,3385,876,3573,2929,644,2926,2541,385,173,128,45,16.9174181,81.3399414
ANDHRA PRADESH,Total,West Godavari,Train,7504,6686,818,0,0,0,246,206,40,629,543,86,515,445,70,772,649,123,679,609,70,1128,1026,102,3394,3081,313,141,127,14,16.9174181,81.3399414
ANDHRA PRADESH,Total,West Godavari,Water transport,2494,2389,105,0,0,0,126,105,21,773,753,20,1096,1071,25,276,265,11,55,42,13,39,36,3,96,91,5,33,26,7,16.9174181,81.3399414
ANDHRA PRADESH,Total,West Godavari,Any other,5083,4776,307,0,0,0,469,417,52,1366,1280,86,942,862,80,548,501,47,206,194,12,391,385,6,1009,994,15,152,143,9,16.9174181,81.3399414
ANDHRA PRADESH,Total,West Godavari,No travel,153993,100680,53313,153993,100680,53313,0,0,0,0,0,0,0,0,0,0,0,0,0,0,0,0,0,0,0,0,0,0,0,0,16.9174181,81.3399414
ANDHRA PRADESH,Rural,West Godavari,All Modes,300670,228679,71991,109414,69810,39604,47582,33923,13659,60803,51419,9384,40444,35286,5158,21982,19613,2369,8691,7917,774,5418,4900,518,5577,5127,450,759,684,75,16.9174181,81.3399414
ANDHRA PRADESH,Rural,West Godavari,On foot,46210,26886,19324,0,0,0,29595,16892,12703,12118,7046,5072,4497,2948,1549,0,0,0,0,0,0,0,0,0,0,0,0,0,0,0,16.9174181,81.3399414
ANDHRA PRADESH,Rural,West Godavari,Bicycle,64027,62440,1587,0,0,0,11673,11351,322,29831,28996,835,15459,15164,295,4889,4814,75,2175,2115,60,0,0,0,0,0,0,0,0,0,16.9174181,81.3399414
ANDHRA PRADESH,Rural,West Godavari,Moped/Scooter/Motor Cycle,35679,33985,1694,0,0,0,4794,4547,247,11214,10538,676,9057,8646,411,6385,6153,232,2040,1985,55,1316,1273,43,548,532,16,325,311,14,16.9174181,81.3399414
ANDHRA PRADESH,Rural,West Godavari,Car/Jeep/Van,3019,2581,438,0,0,0,227,180,47,471,352,119,585,465,120,516,440,76,253,228,25,415,387,28,503,483,20,49,46,3,16.9174181,81.3399414
ANDHRA PRADESH,Rural,West Godavari,Tempo/Autorickshaw/Taxi,13005,9456,3549,0,0,0,471,329,142,3381,1755,1626,4045,2852,1193,2969,2502,467,903,839,64,734,702,32,384,373,11,118,104,14,16.9174181,81.3399414
ANDHRA PRADESH,Rural,West Godavari,Bus,20518,15397,5121,0,0,0,361,227,134,2180,1217,963,4864,3406,1458,6133,4742,1391,2855,2334,521,2226,1847,379,1797,1546,251,102,78,24,16.9174181,81.3399414
ANDHRA PRADESH,Rural,West Godavari,Train,3688,3298,390,0,0,0,137,116,21,321,280,41,302,257,45,425,348,77,282,254,28,475,443,32,1684,1544,140,62,56,6,16.9174181,81.3399414
ANDHRA PRADESH,Rural,West Godavari,Water transport,2319,2238,81,0,0,0,109,91,18,736,719,17,1038,1020,18,263,256,7,43,32,11,29,28,1,75,72,3,26,20,6,16.9174181,81.3399414
ANDHRA PRADESH,Rural,West Godavari,Any other,2791,2588,203,0,0,0,215,190,25,551,516,35,597,528,69,402,358,44,140,130,10,223,220,3,586,577,9,77,69,8,16.9174181,81.3399414
ANDHRA PRADESH,Rural,West Godavari,No travel,109414,69810,39604,109414,69810,39604,0,0,0,0,0,0,0,0,0,0,0,0,0,0,0,0,0,0,0,0,0,0,0,0,16.9174181,81.3399414
ANDHRA PRADESH,Urban,West Godavari,All Modes,221519,178515,43004,44579,30870,13709,49697,38353,11344,82762,71094,11668,22466,18802,3664,8114,6819,1295,5362,4843,519,3396,3019,377,4175,3833,342,968,882,86,16.9174181,81.3399414
ANDHRA PRADESH,Urban,West Godavari,On foot,42223,25091,17132,0,0,0,24324,14356,9968,14539,8554,5985,3360,2181,1179,0,0,0,0,0,0,0,0,0,0,0,0,0,0,0,16.9174181,81.3399414
ANDHRA PRADESH,Urban,West Godavari,Bicycle,66460,64385,2075,0,0,0,15055,14648,407,40699,39380,1319,7269,7047,222,1415,1344,71,2022,1966,56,0,0,0,0,0,0,0,0,0,16.9174181,81.3399414
ANDHRA PRADESH,Urban,West Godavari,Moped/Scooter/Motor Cycle,40611,38066,2545,0,0,0,8721,8231,490,20201,18803,1398,6303,5866,437,2668,2525,143,1003,977,26,743,724,19,400,396,4,572,544,28,16.9174181,81.3399414
ANDHRA PRADESH,Urban,West Godavari,Car/Jeep/Van,3103,2761,342,0,0,0,465,405,60,1029,876,153,456,392,64,310,278,32,180,170,10,242,233,9,341,328,13,80,79,1,16.9174181,81.3399414
ANDHRA PRADESH,Urban,West Godavari,Tempo/Autorickshaw/Taxi,7908,4593,3315,0,0,0,515,247,268,3552,1663,1889,2191,1353,838,906,657,249,276,250,26,233,224,9,151,141,10,84,58,26,16.9174181,81.3399414
ANDHRA PRADESH,Urban,West Godavari,Bus,10352,7022,3330,0,0,0,237,135,102,1582,757,825,2271,1390,881,2309,1562,747,1406,1051,355,1347,1082,265,1129,995,134,71,50,21,16.9174181,81.3399414
ANDHRA PRADESH,Urban,West Godavari,Train,3816,3388,428,0,0,0,109,90,19,308,263,45,213,188,25,347,301,46,397,355,42,653,583,70,1710,1537,173,79,71,8,16.9174181,81.3399414
ANDHRA PRADESH,Urban,West Godavari,Water transport,175,151,24,0,0,0,17,14,3,37,34,3,58,51,7,13,9,4,12,10,2,10,8,2,21,19,2,7,6,1,16.9174181,81.3399414
ANDHRA PRADESH,Urban,West Godavari,Any other,2292,2188,104,0,0,0,254,227,27,815,764,51,345,334,11,146,143,3,66,64,2,168,165,3,423,417,6,75,74,1,16.9174181,81.3399414
ANDHRA PRADESH,Urban,West Godavari,No travel,44579,30870,13709,44579,30870,13709,0,0,0,0,0,0,0,0,0,0,0,0,0,0,0,0,0,0,0,0,0,0,0,0,16.9174181,81.3399414
MADHYA PRADESH,Total,Shahdol,All Modes,123942,91556,32386,35724,22899,12825,23646,17093,6553,34250,26090,8160,15148,11808,3340,6605,5977,628,3436,3072,364,1833,1640,193,2402,2185,217,898,792,106,23.3021885,81.3568021
MADHYA PRADESH,Total,Shahdol,On foot,37118,22436,14682,0,0,0,15978,10017,5961,15706,9289,6417,5434,3130,2304,0,0,0,0,0,0,0,0,0,0,0,0,0,0,0,23.3021885,81.3568021
MADHYA PRADESH,Total,Shahdol,Bicycle,24458,22566,1892,0,0,0,3789,3529,260,10303,9573,730,5832,5301,531,3007,2769,238,1527,1394,133,0,0,0,0,0,0,0,0,0,23.3021885,81.3568021
MADHYA PRADESH,Total,Shahdol,Moped/Scooter/Motor Cycle,17058,15671,1387,0,0,0,3340,3111,229,7081,6394,687,2835,2604,231,1885,1781,104,676,643,33,484,457,27,297,278,19,460,403,57,23.3021885,81.3568021
MADHYA PRADESH,Total,Shahdol,Car/Jeep/Van,1206,1081,125,0,0,0,197,176,21,363,320,43,148,127,21,121,102,19,92,87,5,130,124,6,118,112,6,37,33,4,23.3021885,81.3568021
MADHYA PRADESH,Total,Shahdol,Tempo/Autorickshaw/Taxi,702,487,215,0,0,0,72,50,22,323,184,139,129,97,32,78,66,12,28,28,0,24,23,1,23,20,3,25,19,6,23.3021885,81.3568021
MADHYA PRADESH,Total,Shahdol,Bus,5143,4214,929,0,0,0,119,91,28,257,171,86,608,438,170,1405,1164,241,964,786,178,812,694,118,816,728,88,162,142,20,23.3021885,81.3568021
MADHYA PRADESH,Total,Shahdol,Train,2150,1909,241,0,0,0,111,87,24,126,93,33,72,54,18,72,66,6,129,120,9,356,319,37,1088,990,98,196,180,16,23.3021885,81.3568021
MADHYA PRADESH,Total,Shahdol,Water transport,52,44,8,0,0,0,10,9,1,12,11,1,4,4,0,4,4,0,1,1,0,7,4,3,10,8,2,4,3,1,23.3021885,81.3568021
MADHYA PRADESH,Total,Shahdol,Any other,331,249,82,0,0,0,30,23,7,79,55,24,86,53,33,33,25,8,19,13,6,20,19,1,50,49,1,14,12,2,23.3021885,81.3568021
MADHYA PRADESH,Total,Shahdol,No travel,35724,22899,12825,35724,22899,12825,0,0,0,0,0,0,0,0,0,0,0,0,0,0,0,0,0,0,0,0,0,0,0,0,23.3021885,81.3568021
MADHYA PRADESH,Rural,Shahdol,All Modes,66505,44430,22075,22598,13299,9299,8724,4842,3882,15920,10549,5371,10091,7504,2587,4743,4264,479,1964,1728,236,828,747,81,1238,1139,99,399,358,41,23.3021885,81.3568021
MADHYA PRADESH,Rural,Shahdol,On foot,20650,10477,10173,0,0,0,6972,3332,3640,9719,5082,4637,3959,2063,1896,0,0,0,0,0,0,0,0,0,0,0,0,0,0,0,23.3021885,81.3568021
MADHYA PRADESH,Rural,Shahdol,Bicycle,13779,12313,1466,0,0,0,1063,909,154,4337,3844,493,4561,4090,471,2764,2531,233,1054,939,115,0,0,0,0,0,0,0,0,0,23.3021885,81.3568021
MADHYA PRADESH,Rural,Shahdol,Moped/Scooter/Motor Cycle,5120,4722,398,0,0,0,506,465,41,1558,1406,152,1176,1077,99,1061,1007,54,336,317,19,231,216,15,114,110,4,138,124,14,23.3021885,81.3568021
MADHYA PRADESH,Rural,Shahdol,Car/Jeep/Van,331,284,47,0,0,0,34,26,8,55,44,11,39,29,10,58,49,9,32,30,2,52,49,3,48,45,3,13,12,1,23.3021885,81.3568021
MADHYA PRADESH,Rural,Shahdol,Tempo/Autorickshaw/Taxi,176,141,35,0,0,0,14,10,4,35,23,12,35,27,8,40,32,8,15,15,0,12,12,0,11,10,1,14,12,2,23.3021885,81.3568021
MADHYA PRADESH,Rural,Shahdol,Bus,2661,2172,489,0,0,0,67,50,17,114,80,34,221,152,69,754,591,163,480,386,94,440,385,55,491,445,46,94,83,11,23.3021885,81.3568021
MADHYA PRADESH,Rural,Shahdol,Train,996,877,119,0,0,0,52,36,16,68,47,21,47,31,16,40,36,4,35,32,3,76,70,6,547,505,42,131,120,11,23.3021885,81.3568021
MADHYA PRADESH,Rural,Shahdol,Water transport,34,28,6,0,0,0,8,7,1,7,6,1,3,3,0,3,3,0,1,1,0,3,2,1,6,4,2,3,2,1,23.3021885,81.3568021
MADHYA PRADESH,Rural,Shahdol,Any other,160,117,43,0,0,0,8,7,1,27,17,10,50,32,18,23,15,8,11,8,3,14,13,1,21,20,1,6,5,1,23.3021885,81.3568021
MADHYA PRADESH,Rural,Shahdol,No travel,22598,13299,9299,22598,13299,9299,0,0,0,0,0,0,0,0,0,0,0,0,0,0,0,0,0,0,0,0,0,0,0,0,23.3021885,81.3568021
MADHYA PRADESH,Urban,Shahdol,All Modes,57437,47126,10311,13126,9600,3526,14922,12251,2671,18330,15541,2789,5057,4304,753,1862,1713,149,1472,1344,128,1005,893,112,1164,1046,118,499,434,65,23.3021885,81.3568021
MADHYA PRADESH,Urban,Shahdol,On foot,16468,11959,4509,0,0,0,9006,6685,2321,5987,4207,1780,1475,1067,408,0,0,0,0,0,0,0,0,0,0,0,0,0,0,0,23.3021885,81.3568021
MADHYA PRADESH,Urban,Shahdol,Bicycle,10679,10253,426,0,0,0,2726,2620,106,5966,5729,237,1271,1211,60,243,238,5,473,455,18,0,0,0,0,0,0,0,0,0,23.3021885,81.3568021
MADHYA PRADESH,Urban,Shahdol,Moped/Scooter/Motor Cycle,11938,10949,989,0,0,0,2834,2646,188,5523,4988,535,1659,1527,132,824,774,50,340,326,14,253,241,12,183,168,15,322,279,43,23.3021885,81.3568021
MADHYA PRADESH,Urban,Shahdol,Car/Jeep/Van,875,797,78,0,0,0,163,150,13,308,276,32,109,98,11,63,53,10,60,57,3,78,75,3,70,67,3,24,21,3,23.3021885,81.3568021
MADHYA PRADESH,Urban,Shahdol,Tempo/Autorickshaw/Taxi,526,346,180,0,0,0,58,40,18,288,161,127,94,70,24,38,34,4,13,13,0,12,11,1,12,10,2,11,7,4,23.3021885,81.3568021
MADHYA PRADESH,Urban,Shahdol,Bus,2482,2042,440,0,0,0,52,41,11,143,91,52,387,286,101,651,573,78,484,400,84,372,309,63,325,283,42,68,59,9,23.3021885,81.3568021
MADHYA PRADESH,Urban,Shahdol,Train,1154,1032,122,0,0,0,59,51,8,58,46,12,25,23,2,32,30,2,94,88,6,280,249,31,541,485,56,65,60,5,23.3021885,81.3568021
MADHYA PRADESH,Urban,Shahdol,Water transport,18,16,2,0,0,0,2,2,0,5,5,0,1,1,0,1,1,0,0,0,0,4,2,2,4,4,0,1,1,0,23.3021885,81.3568021
MADHYA PRADESH,Urban,Shahdol,Any other,171,132,39,0,0,0,22,16,6,52,38,14,36,21,15,10,10,0,8,5,3,6,6,0,29,29,0,8,7,1,23.3021885,81.3568021
MADHYA PRADESH,Urban,Shahdol,No travel,13126,9600,3526,13126,9600,3526,0,0,0,0,0,0,0,0,0,0,0,0,0,0,0,0,0,0,0,0,0,0,0,0,23.3021885,81.3568021
CHHATTISGARH,Total,Dakshin Bastar Dantewada,All Modes,49511,37459,12052,13381,10500,2881,12604,8994,3610,11705,8371,3334,5615,4356,1259,2997,2487,510,1562,1350,212,901,751,150,658,572,86,88,78,10,18.8456296,81.3839326
CHHATTISGARH,Total,Dakshin Bastar Dantewada,On foot,17143,10990,6153,0,0,0,9660,6428,3232,6052,3676,2376,1431,886,545,0,0,0,0,0,0,0,0,0,0,0,0,0,0,0,18.8456296,81.3839326
CHHATTISGARH,Total,Dakshin Bastar Dantewada,Bicycle,4751,4040,711,0,0,0,880,771,109,2146,1804,342,1180,1009,171,396,339,57,149,117,32,0,0,0,0,0,0,0,0,0,18.8456296,81.3839326
CHHATTISGARH,Total,Dakshin Bastar Dantewada,Moped/Scooter/Motor Cycle,7361,6236,1125,0,0,0,1723,1520,203,2635,2197,438,1130,869,261,999,850,149,415,372,43,300,279,21,104,100,4,55,49,6,18.8456296,81.3839326
CHHATTISGARH,Total,Dakshin Bastar Dantewada,Car/Jeep/Van,1119,934,185,0,0,0,162,137,25,230,188,42,217,179,38,280,223,57,100,89,11,71,61,10,53,51,2,6,6,0,18.8456296,81.3839326
CHHATTISGARH,Total,Dakshin Bastar Dantewada,Tempo/Autorickshaw/Taxi,1271,1028,243,0,0,0,37,25,12,81,55,26,176,110,66,464,382,82,218,193,25,212,187,25,73,66,7,10,10,0,18.8456296,81.3839326
CHHATTISGARH,Total,Dakshin Bastar Dantewada,Bus,4157,3457,700,0,0,0,108,89,19,514,421,93,1403,1246,157,815,651,164,660,559,101,294,201,93,353,282,71,10,8,2,18.8456296,81.3839326
CHHATTISGARH,Total,Dakshin Bastar Dantewada,Train,132,118,14,0,0,0,5,4,1,13,8,5,27,24,3,12,12,0,9,9,0,15,14,1,46,44,2,5,3,2,18.8456296,81.3839326
CHHATTISGARH,Total,Dakshin Bastar Dantewada,Water transport,4,3,1,0,0,0,2,1,1,1,1,0,1,1,0,0,0,0,0,0,0,0,0,0,0,0,0,0,0,0,18.8456296,81.3839326
CHHATTISGARH,Total,Dakshin Bastar Dantewada,Any other,192,153,39,0,0,0,27,19,8,33,21,12,50,32,18,31,30,1,11,11,0,9,9,0,29,29,0,2,2,0,18.8456296,81.3839326
CHHATTISGARH,Total,Dakshin Bastar Dantewada,No travel,13381,10500,2881,13381,10500,2881,0,0,0,0,0,0,0,0,0,0,0,0,0,0,0,0,0,0,0,0,0,0,0,0,18.8456296,81.3839326
CHHATTISGARH,Rural,Dakshin Bastar Dantewada,All Modes,20728,14485,6243,8028,5996,2032,4036,2516,1520,4195,2566,1629,2559,1793,766,1119,928,191,376,322,54,246,220,26,147,125,22,22,19,3,18.8456296,81.3839326
CHHATTISGARH,Rural,Dakshin Bastar Dantewada,On foot,6578,3567,3011,0,0,0,3397,1989,1408,2296,1108,1188,885,470,415,0,0,0,0,0,0,0,0,0,0,0,0,0,0,0,18.8456296,81.3839326
CHHATTISGARH,Rural,Dakshin Bastar Dantewada,Bicycle,2654,2164,490,0,0,0,292,234,58,1075,830,245,912,779,133,290,252,38,85,69,16,0,0,0,0,0,0,0,0,0,18.8456296,81.3839326
CHHATTISGARH,Rural,Dakshin Bastar Dantewada,Moped/Scooter/Motor Cycle,2209,1867,342,0,0,0,294,257,37,693,558,135,510,403,107,418,379,39,156,139,17,93,89,4,31,29,2,14,13,1,18.8456296,81.3839326
CHHATTISGARH,Rural,Dakshin Bastar Dantewada,Car/Jeep/Van,246,175,71,0,0,0,13,11,2,30,19,11,31,17,14,109,72,37,26,22,4,26,24,2,11,10,1,0,0,0,18.8456296,81.3839326
CHHATTISGARH,Rural,Dakshin Bastar Dantewada,Tempo/Autorickshaw/Taxi,360,268,92,0,0,0,13,9,4,21,13,8,59,31,28,143,107,36,55,49,6,54,49,5,13,8,5,2,2,0,18.8456296,81.3839326
CHHATTISGARH,Rural,Dakshin Bastar Dantewada,Bus,512,350,162,0,0,0,16,11,5,58,29,29,115,66,49,129,89,40,46,35,11,63,48,15,82,69,13,3,3,0,18.8456296,81.3839326
CHHATTISGARH,Rural,Dakshin Bastar Dantewada,Train,39,31,8,0,0,0,3,2,1,6,4,2,6,4,2,6,6,0,6,6,0,5,5,0,4,3,1,3,1,2,18.8456296,81.3839326
CHHATTISGARH,Rural,Dakshin Bastar Dantewada,Water transport,3,2,1,0,0,0,2,1,1,0,0,0,1,1,0,0,0,0,0,0,0,0,0,0,0,0,0,0,0,0,18.8456296,81.3839326
CHHATTISGARH,Rural,Dakshin Bastar Dantewada,Any other,99,65,34,0,0,0,6,2,4,16,5,11,40,22,18,24,23,1,2,2,0,5,5,0,6,6,0,0,0,0,18.8456296,81.3839326
CHHATTISGARH,Rural,Dakshin Bastar Dantewada,No travel,8028,5996,2032,8028,5996,2032,0,0,0,0,0,0,0,0,0,0,0,0,0,0,0,0,0,0,0,0,0,0,0,0,18.8456296,81.3839326
CHHATTISGARH,Urban,Dakshin Bastar Dantewada,All Modes,28783,22974,5809,5353,4504,849,8568,6478,2090,7510,5805,1705,3056,2563,493,1878,1559,319,1186,1028,158,655,531,124,511,447,64,66,59,7,18.8456296,81.3839326
CHHATTISGARH,Urban,Dakshin Bastar Dantewada,On foot,10565,7423,3142,0,0,0,6263,4439,1824,3756,2568,1188,546,416,130,0,0,0,0,0,0,0,0,0,0,0,0,0,0,0,18.8456296,81.3839326
CHHATTISGARH,Urban,Dakshin Bastar Dantewada,Bicycle,2097,1876,221,0,0,0,588,537,51,1071,974,97,268,230,38,106,87,19,64,48,16,0,0,0,0,0,0,0,0,0,18.8456296,81.3839326
CHHATTISGARH,Urban,Dakshin Bastar Dantewada,Moped/Scooter/Motor Cycle,5152,4369,783,0,0,0,1429,1263,166,1942,1639,303,620,466,154,581,471,110,259,233,26,207,190,17,73,71,2,41,36,5,18.8456296,81.3839326
CHHATTISGARH,Urban,Dakshin Bastar Dantewada,Car/Jeep/Van,873,759,114,0,0,0,149,126,23,200,169,31,186,162,24,171,151,20,74,67,7,45,37,8,42,41,1,6,6,0,18.8456296,81.3839326
CHHATTISGARH,Urban,Dakshin Bastar Dantewada,Tempo/Autorickshaw/Taxi,911,760,151,0,0,0,24,16,8,60,42,18,117,79,38,321,275,46,163,144,19,158,138,20,60,58,2,8,8,0,18.8456296,81.3839326
CHHATTISGARH,Urban,Dakshin Bastar Dantewada,Bus,3645,3107,538,0,0,0,92,78,14,456,392,64,1288,1180,108,686,562,124,614,524,90,231,153,78,271,213,58,7,5,2,18.8456296,81.3839326
CHHATTISGARH,Urban,Dakshin Bastar Dantewada,Train,93,87,6,0,0,0,2,2,0,7,4,3,21,20,1,6,6,0,3,3,0,10,9,1,42,41,1,2,2,0,18.8456296,81.3839326
CHHATTISGARH,Urban,Dakshin Bastar Dantewada,Water transport,1,1,0,0,0,0,0,0,0,1,1,0,0,0,0,0,0,0,0,0,0,0,0,0,0,0,0,0,0,0,18.8456296,81.3839326
CHHATTISGARH,Urban,Dakshin Bastar Dantewada,Any other,93,88,5,0,0,0,21,17,4,17,16,1,10,10,0,7,7,0,9,9,0,4,4,0,23,23,0,2,2,0,18.8456296,81.3839326
CHHATTISGARH,Urban,Dakshin Bastar Dantewada,No travel,5353,4504,849,5353,4504,849,0,0,0,0,0,0,0,0,0,0,0,0,0,0,0,0,0,0,0,0,0,0,0,0,18.8456296,81.3839326
UTTAR PRADESH,Total,Kaushambi,All Modes,146083,106970,39113,75778,46980,28798,16765,12221,4544,17239,14751,2488,12138,10156,1982,4980,4709,271,6054,5668,386,3610,3470,140,6158,5942,216,3361,3073,288,25.361054,81.4031707
UTTAR PRADESH,Total,Kaushambi,On foot,23559,16304,7255,0,0,0,12941,8812,4129,5787,4101,1686,4831,3391,1440,0,0,0,0,0,0,0,0,0,0,0,0,0,0,0,25.361054,81.4031707
UTTAR PRADESH,Total,Kaushambi,Bicycle,21820,20462,1358,0,0,0,2405,2182,223,8410,7924,486,4874,4587,287,2362,2288,74,3769,3481,288,0,0,0,0,0,0,0,0,0,25.361054,81.4031707
UTTAR PRADESH,Total,Kaushambi,Moped/Scooter/Motor Cycle,7260,6724,536,0,0,0,626,564,62,1632,1487,145,1239,1129,110,1113,1055,58,634,613,21,810,786,24,428,413,15,778,677,101,25.361054,81.4031707
UTTAR PRADESH,Total,Kaushambi,Car/Jeep/Van,785,719,66,0,0,0,75,62,13,97,91,6,80,69,11,85,80,5,76,72,4,157,148,9,134,124,10,81,73,8,25.361054,81.4031707
UTTAR PRADESH,Total,Kaushambi,Tempo/Autorickshaw/Taxi,4786,4294,492,0,0,0,190,146,44,571,469,102,612,516,96,787,710,77,1005,964,41,997,959,38,217,192,25,407,338,69,25.361054,81.4031707
UTTAR PRADESH,Total,Kaushambi,Bus,4090,3800,290,0,0,0,157,129,28,206,184,22,194,171,23,371,328,43,375,352,23,1205,1151,54,1248,1185,63,334,300,34,25.361054,81.4031707
UTTAR PRADESH,Total,Kaushambi,Train,6961,6698,263,0,0,0,271,240,31,294,264,30,157,150,7,183,173,10,155,148,7,378,365,13,3981,3879,102,1542,1479,63,25.361054,81.4031707
UTTAR PRADESH,Total,Kaushambi,Water transport,391,367,24,0,0,0,31,24,7,138,133,5,89,84,5,15,14,1,6,6,0,14,13,1,30,30,0,68,63,5,25.361054,81.4031707
UTTAR PRADESH,Total,Kaushambi,Any other,653,622,31,0,0,0,69,62,7,104,98,6,62,59,3,64,61,3,34,32,2,49,48,1,120,119,1,151,143,8,25.361054,81.4031707
UTTAR PRADESH,Total,Kaushambi,No travel,75778,46980,28798,75778,46980,28798,0,0,0,0,0,0,0,0,0,0,0,0,0,0,0,0,0,0,0,0,0,0,0,0,25.361054,81.4031707
UTTAR PRADESH,Rural,Kaushambi,All Modes,123707,89230,34477,63442,38277,25165,12781,8713,4068,15055,12824,2231,10579,8755,1824,4449,4207,242,5566,5204,362,3077,2953,124,5631,5436,195,3127,2861,266,25.361054,81.4031707
UTTAR PRADESH,Rural,Kaushambi,On foot,19277,12716,6561,0,0,0,9974,6265,3709,5119,3598,1521,4184,2853,1331,0,0,0,0,0,0,0,0,0,0,0,0,0,0,0,25.361054,81.4031707
UTTAR PRADESH,Rural,Kaushambi,Bicycle,19046,17803,1243,0,0,0,1709,1518,191,7319,6887,432,4320,4051,269,2171,2098,73,3527,3249,278,0,0,0,0,0,0,0,0,0,25.361054,81.4031707
UTTAR PRADESH,Rural,Kaushambi,Moped/Scooter/Motor Cycle,6126,5657,469,0,0,0,404,349,55,1357,1231,126,1056,959,97,950,901,49,562,545,17,709,689,20,389,375,14,699,608,91,25.361054,81.4031707
UTTAR PRADESH,Rural,Kaushambi,Car/Jeep/Van,609,552,57,0,0,0,46,36,10,75,70,5,55,46,9,70,65,5,65,61,4,117,109,8,111,102,9,70,63,7,25.361054,81.4031707
UTTAR PRADESH,Rural,Kaushambi,Tempo/Autorickshaw/Taxi,4132,3699,433,0,0,0,167,130,37,494,404,90,498,415,83,686,620,66,889,855,34,822,788,34,200,177,23,376,310,66,25.361054,81.4031707
UTTAR PRADESH,Rural,Kaushambi,Bus,3710,3447,263,0,0,0,146,120,26,189,171,18,180,158,22,322,287,35,353,331,22,1080,1029,51,1125,1065,60,315,286,29,25.361054,81.4031707
UTTAR PRADESH,Rural,Kaushambi,Train,6395,6159,236,0,0,0,247,220,27,270,241,29,148,142,6,174,164,10,137,131,6,290,280,10,3670,3582,88,1459,1399,60,25.361054,81.4031707
UTTAR PRADESH,Rural,Kaushambi,Water transport,379,357,22,0,0,0,27,21,6,138,133,5,89,84,5,15,14,1,5,5,0,12,12,0,27,27,0,66,61,5,25.361054,81.4031707
UTTAR PRADESH,Rural,Kaushambi,Any other,591,563,28,0,0,0,61,54,7,94,89,5,49,47,2,61,58,3,28,27,1,47,46,1,109,108,1,142,134,8,25.361054,81.4031707
UTTAR PRADESH,Rural,Kaushambi,No travel,63442,38277,25165,63442,38277,25165,0,0,0,0,0,0,0,0,0,0,0,0,0,0,0,0,0,0,0,0,0,0,0,0,25.361054,81.4031707
UTTAR PRADESH,Urban,Kaushambi,All Modes,22376,17740,4636,12336,8703,3633,3984,3508,476,2184,1927,257,1559,1401,158,531,502,29,488,464,24,533,517,16,527,506,21,234,212,22,25.361054,81.4031707
UTTAR PRADESH,Urban,Kaushambi,On foot,4282,3588,694,0,0,0,2967,2547,420,668,503,165,647,538,109,0,0,0,0,0,0,0,0,0,0,0,0,0,0,0,25.361054,81.4031707
UTTAR PRADESH,Urban,Kaushambi,Bicycle,2774,2659,115,0,0,0,696,664,32,1091,1037,54,554,536,18,191,190,1,242,232,10,0,0,0,0,0,0,0,0,0,25.361054,81.4031707
UTTAR PRADESH,Urban,Kaushambi,Moped/Scooter/Motor Cycle,1134,1067,67,0,0,0,222,215,7,275,256,19,183,170,13,163,154,9,72,68,4,101,97,4,39,38,1,79,69,10,25.361054,81.4031707
UTTAR PRADESH,Urban,Kaushambi,Car/Jeep/Van,176,167,9,0,0,0,29,26,3,22,21,1,25,23,2,15,15,0,11,11,0,40,39,1,23,22,1,11,10,1,25.361054,81.4031707
UTTAR PRADESH,Urban,Kaushambi,Tempo/Autorickshaw/Taxi,654,595,59,0,0,0,23,16,7,77,65,12,114,101,13,101,90,11,116,109,7,175,171,4,17,15,2,31,28,3,25.361054,81.4031707
UTTAR PRADESH,Urban,Kaushambi,Bus,380,353,27,0,0,0,11,9,2,17,13,4,14,13,1,49,41,8,22,21,1,125,122,3,123,120,3,19,14,5,25.361054,81.4031707
UTTAR PRADESH,Urban,Kaushambi,Train,566,539,27,0,0,0,24,20,4,24,23,1,9,8,1,9,9,0,18,17,1,88,85,3,311,297,14,83,80,3,25.361054,81.4031707
UTTAR PRADESH,Urban,Kaushambi,Water transport,12,10,2,0,0,0,4,3,1,0,0,0,0,0,0,0,0,0,1,1,0,2,1,1,3,3,0,2,2,0,25.361054,81.4031707
UTTAR PRADESH,Urban,Kaushambi,Any other,62,59,3,0,0,0,8,8,0,10,9,1,13,12,1,3,3,0,6,5,1,2,2,0,11,11,0,9,9,0,25.361054,81.4031707
UTTAR PRADESH,Urban,Kaushambi,No travel,12336,8703,3633,12336,8703,3633,0,0,0,0,0,0,0,0,0,0,0,0,0,0,0,0,0,0,0,0,0,0,0,0,25.361054,81.4031707
CHHATTISGARH,Total,Uttar Bastar Kanker,All Modes,58388,41976,16412,18243,13290,4953,13527,9095,4432,13043,8321,4722,5537,4363,1174,3560,2990,570,1876,1628,248,1102,965,137,1342,1195,147,158,129,29,20.2679246,81.4990798
CHHATTISGARH,Total,Uttar Bastar Kanker,On foot,14399,6915,7484,0,0,0,8654,4847,3807,4818,1603,3215,927,465,462,0,0,0,0,0,0,0,0,0,0,0,0,0,0,0,20.2679246,81.4990798
CHHATTISGARH,Total,Uttar Bastar Kanker,Bicycle,9235,8094,1141,0,0,0,2154,1882,272,4076,3475,601,1904,1715,189,791,740,51,310,282,28,0,0,0,0,0,0,0,0,0,20.2679246,81.4990798
CHHATTISGARH,Total,Uttar Bastar Kanker,Moped/Scooter/Motor Cycle,12288,10449,1839,0,0,0,2480,2181,299,3708,2976,732,2351,1955,396,2084,1800,284,904,832,72,462,432,30,211,196,15,88,77,11,20.2679246,81.4990798
CHHATTISGARH,Total,Uttar Bastar Kanker,Car/Jeep/Van,964,793,171,0,0,0,88,78,10,184,126,58,92,64,28,150,118,32,155,138,17,136,124,12,141,132,9,18,13,5,20.2679246,81.4990798
CHHATTISGARH,Total,Uttar Bastar Kanker,Tempo/Autorickshaw/Taxi,614,481,133,0,0,0,20,17,3,97,58,39,85,58,27,147,113,34,124,101,23,92,88,4,47,45,2,2,1,1,20.2679246,81.4990798
CHHATTISGARH,Total,Uttar Bastar Kanker,Bus,2216,1592,624,0,0,0,36,22,14,88,34,54,139,70,69,354,188,166,357,252,105,368,279,89,837,718,119,37,29,8,20.2679246,81.4990798
CHHATTISGARH,Total,Uttar Bastar Kanker,Train,105,74,31,0,0,0,27,17,10,23,10,13,7,6,1,2,1,1,2,1,1,3,2,1,37,35,2,4,2,2,20.2679246,81.4990798
CHHATTISGARH,Total,Uttar Bastar Kanker,Water transport,16,11,5,0,0,0,11,7,4,1,0,1,2,2,0,0,0,0,1,1,0,0,0,0,1,1,0,0,0,0,20.2679246,81.4990798
CHHATTISGARH,Total,Uttar Bastar Kanker,Any other,308,277,31,0,0,0,57,44,13,48,39,9,30,28,2,32,30,2,23,21,2,41,40,1,68,68,0,9,7,2,20.2679246,81.4990798
CHHATTISGARH,Total,Uttar Bastar Kanker,No travel,18243,13290,4953,18243,13290,4953,0,0,0,0,0,0,0,0,0,0,0,0,0,0,0,0,0,0,0,0,0,0,0,0,20.2679246,81.4990798
CHHATTISGARH,Rural,Uttar Bastar Kanker,All Modes,37721,26075,11646,14051,10165,3886,6136,3357,2779,8411,4813,3598,4246,3416,830,2391,2095,296,1089,978,111,614,539,75,697,641,56,86,71,15,20.2679246,81.4990798
CHHATTISGARH,Rural,Uttar Bastar Kanker,On foot,8984,3379,5605,0,0,0,4477,2018,2459,3745,1015,2730,762,346,416,0,0,0,0,0,0,0,0,0,0,0,0,0,0,0,20.2679246,81.4990798
CHHATTISGARH,Rural,Uttar Bastar Kanker,Bicycle,6303,5403,900,0,0,0,979,773,206,2744,2268,476,1691,1535,156,649,608,41,240,219,21,0,0,0,0,0,0,0,0,0,20.2679246,81.4990798
CHHATTISGARH,Rural,Uttar Bastar Kanker,Moped/Scooter/Motor Cycle,6198,5400,798,0,0,0,585,500,85,1707,1408,299,1578,1385,193,1358,1204,154,538,503,35,275,256,19,110,103,7,47,41,6,20.2679246,81.4990798
CHHATTISGARH,Rural,Uttar Bastar Kanker,Car/Jeep/Van,566,459,107,0,0,0,27,24,3,91,52,39,58,43,15,110,87,23,85,75,10,92,81,11,91,88,3,12,9,3,20.2679246,81.4990798
CHHATTISGARH,Rural,Uttar Bastar Kanker,Tempo/Autorickshaw/Taxi,298,229,69,0,0,0,6,4,2,48,28,20,50,35,15,72,53,19,48,39,9,45,43,2,27,26,1,2,1,1,20.2679246,81.4990798
CHHATTISGARH,Rural,Uttar Bastar Kanker,Bus,1071,833,238,0,0,0,18,12,6,37,17,20,80,46,34,175,118,57,162,127,35,180,139,41,403,359,44,16,15,1,20.2679246,81.4990798
CHHATTISGARH,Rural,Uttar Bastar Kanker,Train,74,47,27,0,0,0,21,12,9,18,7,11,6,5,1,2,1,1,2,1,1,2,1,1,20,19,1,3,1,2,20.2679246,81.4990798
CHHATTISGARH,Rural,Uttar Bastar Kanker,Water transport,12,7,5,0,0,0,8,4,4,1,0,1,2,2,0,0,0,0,0,0,0,0,0,0,1,1,0,0,0,0,20.2679246,81.4990798
CHHATTISGARH,Rural,Uttar Bastar Kanker,Any other,164,153,11,0,0,0,15,10,5,20,18,2,19,19,0,25,24,1,14,14,0,20,19,1,45,45,0,6,4,2,20.2679246,81.4990798
CHHATTISGARH,Rural,Uttar Bastar Kanker,No travel,14051,10165,3886,14051,10165,3886,0,0,0,0,0,0,0,0,0,0,0,0,0,0,0,0,0,0,0,0,0,0,0,0,20.2679246,81.4990798
CHHATTISGARH,Urban,Uttar Bastar Kanker,All Modes,20667,15901,4766,4192,3125,1067,7391,5738,1653,4632,3508,1124,1291,947,344,1169,895,274,787,650,137,488,426,62,645,554,91,72,58,14,20.2679246,81.4990798
CHHATTISGARH,Urban,Uttar Bastar Kanker,On foot,5415,3536,1879,0,0,0,4177,2829,1348,1073,588,485,165,119,46,0,0,0,0,0,0,0,0,0,0,0,0,0,0,0,20.2679246,81.4990798
CHHATTISGARH,Urban,Uttar Bastar Kanker,Bicycle,2932,2691,241,0,0,0,1175,1109,66,1332,1207,125,213,180,33,142,132,10,70,63,7,0,0,0,0,0,0,0,0,0,20.2679246,81.4990798
CHHATTISGARH,Urban,Uttar Bastar Kanker,Moped/Scooter/Motor Cycle,6090,5049,1041,0,0,0,1895,1681,214,2001,1568,433,773,570,203,726,596,130,366,329,37,187,176,11,101,93,8,41,36,5,20.2679246,81.4990798
CHHATTISGARH,Urban,Uttar Bastar Kanker,Car/Jeep/Van,398,334,64,0,0,0,61,54,7,93,74,19,34,21,13,40,31,9,70,63,7,44,43,1,50,44,6,6,4,2,20.2679246,81.4990798
CHHATTISGARH,Urban,Uttar Bastar Kanker,Tempo/Autorickshaw/Taxi,316,252,64,0,0,0,14,13,1,49,30,19,35,23,12,75,60,15,76,62,14,47,45,2,20,19,1,0,0,0,20.2679246,81.4990798
CHHATTISGARH,Urban,Uttar Bastar Kanker,Bus,1145,759,386,0,0,0,18,10,8,51,17,34,59,24,35,179,70,109,195,125,70,188,140,48,434,359,75,21,14,7,20.2679246,81.4990798
CHHATTISGARH,Urban,Uttar Bastar Kanker,Train,31,27,4,0,0,0,6,5,1,5,3,2,1,1,0,0,0,0,0,0,0,1,1,0,17,16,1,1,1,0,20.2679246,81.4990798
CHHATTISGARH,Urban,Uttar Bastar Kanker,Water transport,4,4,0,0,0,0,3,3,0,0,0,0,0,0,0,0,0,0,1,1,0,0,0,0,0,0,0,0,0,0,20.2679246,81.4990798
CHHATTISGARH,Urban,Uttar Bastar Kanker,Any other,144,124,20,0,0,0,42,34,8,28,21,7,11,9,2,7,6,1,9,7,2,21,21,0,23,23,0,3,3,0,20.2679246,81.4990798
CHHATTISGARH,Urban,Uttar Bastar Kanker,No travel,4192,3125,1067,4192,3125,1067,0,0,0,0,0,0,0,0,0,0,0,0,0,0,0,0,0,0,0,0,0,0,0,0,20.2679246,81.4990798
CHHATTISGARH,Total,Dhamtari,All Modes,77548,60100,17448,19844,13658,6186,19491,13566,5925,20325,16841,3484,8873,7864,1009,4263,3829,434,1690,1539,151,1585,1455,130,1326,1209,117,151,139,12,20.7014999,81.5541579
CHHATTISGARH,Total,Dhamtari,On foot,18681,11051,7630,0,0,0,12902,7508,5394,4746,2839,1907,1033,704,329,0,0,0,0,0,0,0,0,0,0,0,0,0,0,0,20.7014999,81.5541579
CHHATTISGARH,Total,Dhamtari,Bicycle,18863,17819,1044,0,0,0,3625,3401,224,9230,8638,592,3995,3835,160,1537,1490,47,476,455,21,0,0,0,0,0,0,0,0,0,20.7014999,81.5541579
CHHATTISGARH,Total,Dhamtari,Moped/Scooter/Motor Cycle,14746,13070,1676,0,0,0,2553,2333,220,5202,4456,746,3016,2637,379,2057,1823,234,816,763,53,669,642,27,344,333,11,89,83,6,20.7014999,81.5541579
CHHATTISGARH,Total,Dhamtari,Car/Jeep/Van,1101,974,127,0,0,0,102,85,17,219,185,34,152,126,26,156,126,30,89,82,7,187,180,7,178,173,5,18,17,1,20.7014999,81.5541579
CHHATTISGARH,Total,Dhamtari,Tempo/Autorickshaw/Taxi,546,376,170,0,0,0,48,32,16,181,84,97,116,84,32,78,65,13,41,36,5,48,48,0,26,21,5,8,6,2,20.7014999,81.5541579
CHHATTISGARH,Total,Dhamtari,Bus,1839,1378,461,0,0,0,37,23,14,86,40,46,161,101,60,251,153,98,225,161,64,409,319,90,654,566,88,16,15,1,20.7014999,81.5541579
CHHATTISGARH,Total,Dhamtari,Train,1157,1066,91,0,0,0,137,114,23,365,333,32,205,186,19,109,101,8,28,28,0,235,235,0,69,62,7,9,7,2,20.7014999,81.5541579
CHHATTISGARH,Total,Dhamtari,Water transport,28,24,4,0,0,0,13,10,3,7,6,1,0,0,0,1,1,0,2,2,0,3,3,0,1,1,0,1,1,0,20.7014999,81.5541579
CHHATTISGARH,Total,Dhamtari,Any other,743,684,59,0,0,0,74,60,14,289,260,29,195,191,4,74,70,4,13,12,1,34,28,6,54,53,1,10,10,0,20.7014999,81.5541579
CHHATTISGARH,Total,Dhamtari,No travel,19844,13658,6186,19844,13658,6186,0,0,0,0,0,0,0,0,0,0,0,0,0,0,0,0,0,0,0,0,0,0,0,0,20.7014999,81.5541579
CHHATTISGARH,Rural,Dhamtari,All Modes,38085,29884,8201,11757,8229,3528,6872,4447,2425,7484,6229,1255,6147,5591,556,3159,2927,232,971,891,80,1087,1014,73,570,521,49,38,35,3,20.7014999,81.5541579
CHHATTISGARH,Rural,Dhamtari,On foot,7207,4175,3032,0,0,0,5239,2986,2253,1382,808,574,586,381,205,0,0,0,0,0,0,0,0,0,0,0,0,0,0,0,20.7014999,81.5541579
CHHATTISGARH,Rural,Dhamtari,Bicycle,9983,9404,579,0,0,0,1147,1048,99,3954,3633,321,3239,3126,113,1352,1317,35,291,280,11,0,0,0,0,0,0,0,0,0,20.7014999,81.5541579
CHHATTISGARH,Rural,Dhamtari,Moped/Scooter/Motor Cycle,6535,5836,699,0,0,0,394,341,53,1798,1501,297,1874,1699,175,1378,1259,119,478,447,31,418,404,14,174,166,8,21,19,2,20.7014999,81.5541579
CHHATTISGARH,Rural,Dhamtari,Car/Jeep/Van,427,368,59,0,0,0,8,5,3,35,26,9,68,55,13,93,71,22,46,42,4,122,117,5,50,47,3,5,5,0,20.7014999,81.5541579
CHHATTISGARH,Rural,Dhamtari,Tempo/Autorickshaw/Taxi,207,173,34,0,0,0,5,4,1,33,23,10,57,44,13,56,52,4,23,19,4,20,20,0,13,11,2,0,0,0,20.7014999,81.5541579
CHHATTISGARH,Rural,Dhamtari,Bus,903,706,197,0,0,0,5,3,2,36,16,20,65,44,21,136,92,44,107,77,30,269,221,48,277,246,31,8,7,1,20.7014999,81.5541579
CHHATTISGARH,Rural,Dhamtari,Train,784,729,55,0,0,0,47,37,10,180,160,20,175,160,15,94,88,6,16,16,0,232,232,0,39,35,4,1,1,0,20.7014999,81.5541579
CHHATTISGARH,Rural,Dhamtari,Water transport,18,16,2,0,0,0,11,9,2,1,1,0,0,0,0,0,0,0,2,2,0,2,2,0,1,1,0,1,1,0,20.7014999,81.5541579
CHHATTISGARH,Rural,Dhamtari,Any other,264,248,16,0,0,0,16,14,2,65,61,4,83,82,1,50,48,2,8,8,0,24,18,6,16,15,1,2,2,0,20.7014999,81.5541579
CHHATTISGARH,Rural,Dhamtari,No travel,11757,8229,3528,11757,8229,3528,0,0,0,0,0,0,0,0,0,0,0,0,0,0,0,0,0,0,0,0,0,0,0,0,20.7014999,81.5541579
CHHATTISGARH,Urban,Dhamtari,All Modes,39463,30216,9247,8087,5429,2658,12619,9119,3500,12841,10612,2229,2726,2273,453,1104,902,202,719,648,71,498,441,57,756,688,68,113,104,9,20.7014999,81.5541579
CHHATTISGARH,Urban,Dhamtari,On foot,11474,6876,4598,0,0,0,7663,4522,3141,3364,2031,1333,447,323,124,0,0,0,0,0,0,0,0,0,0,0,0,0,0,0,20.7014999,81.5541579
CHHATTISGARH,Urban,Dhamtari,Bicycle,8880,8415,465,0,0,0,2478,2353,125,5276,5005,271,756,709,47,185,173,12,185,175,10,0,0,0,0,0,0,0,0,0,20.7014999,81.5541579
CHHATTISGARH,Urban,Dhamtari,Moped/Scooter/Motor Cycle,8211,7234,977,0,0,0,2159,1992,167,3404,2955,449,1142,938,204,679,564,115,338,316,22,251,238,13,170,167,3,68,64,4,20.7014999,81.5541579
CHHATTISGARH,Urban,Dhamtari,Car/Jeep/Van,674,606,68,0,0,0,94,80,14,184,159,25,84,71,13,63,55,8,43,40,3,65,63,2,128,126,2,13,12,1,20.7014999,81.5541579
CHHATTISGARH,Urban,Dhamtari,Tempo/Autorickshaw/Taxi,339,203,136,0,0,0,43,28,15,148,61,87,59,40,19,22,13,9,18,17,1,28,28,0,13,10,3,8,6,2,20.7014999,81.5541579
CHHATTISGARH,Urban,Dhamtari,Bus,936,672,264,0,0,0,32,20,12,50,24,26,96,57,39,115,61,54,118,84,34,140,98,42,377,320,57,8,8,0,20.7014999,81.5541579
CHHATTISGARH,Urban,Dhamtari,Train,373,337,36,0,0,0,90,77,13,185,173,12,30,26,4,15,13,2,12,12,0,3,3,0,30,27,3,8,6,2,20.7014999,81.5541579
CHHATTISGARH,Urban,Dhamtari,Water transport,10,8,2,0,0,0,2,1,1,6,5,1,0,0,0,1,1,0,0,0,0,1,1,0,0,0,0,0,0,0,20.7014999,81.5541579
CHHATTISGARH,Urban,Dhamtari,Any other,479,436,43,0,0,0,58,46,12,224,199,25,112,109,3,24,22,2,5,4,1,10,10,0,38,38,0,8,8,0,20.7014999,81.5541579
CHHATTISGARH,Urban,Dhamtari,No travel,8087,5429,2658,8087,5429,2658,0,0,0,0,0,0,0,0,0,0,0,0,0,0,0,0,0,0,0,0,0,0,0,0,20.7014999,81.5541579
UTTAR PRADESH,Total,Bahraich,All Modes,201071,155384,45687,100257,67764,32493,34053,28315,5738,30285,27248,3037,18299,15253,3046,5541,5155,386,5745,5315,430,2352,2190,162,1804,1687,117,2735,2457,278,27.5708377,81.5980246
UTTAR PRADESH,Total,Bahraich,On foot,39598,30496,9102,0,0,0,20386,15600,4786,10367,8539,1828,8845,6357,2488,0,0,0,0,0,0,0,0,0,0,0,0,0,0,0,27.5708377,81.5980246
UTTAR PRADESH,Total,Bahraich,Bicycle,34038,32641,1397,0,0,0,7783,7471,312,13668,13104,564,5780,5611,169,2699,2623,76,4108,3832,276,0,0,0,0,0,0,0,0,0,27.5708377,81.5980246
UTTAR PRADESH,Total,Bahraich,Moped/Scooter/Motor Cycle,13656,12489,1167,0,0,0,3394,3113,281,4039,3697,342,1580,1406,174,1473,1351,122,696,642,54,831,785,46,320,291,29,1323,1204,119,27.5708377,81.5980246
UTTAR PRADESH,Total,Bahraich,Car/Jeep/Van,1501,1286,215,0,0,0,297,236,61,276,243,33,143,116,27,235,203,32,129,111,18,191,173,18,87,78,9,143,126,17,27.5708377,81.5980246
UTTAR PRADESH,Total,Bahraich,Tempo/Autorickshaw/Taxi,884,649,235,0,0,0,201,127,74,203,130,73,118,87,31,133,111,22,53,52,1,39,37,2,38,34,4,99,71,28,27.5708377,81.5980246
UTTAR PRADESH,Total,Bahraich,Bus,4289,3646,643,0,0,0,829,704,125,451,365,86,417,315,102,528,425,103,411,350,61,748,679,69,559,515,44,346,293,53,27.5708377,81.5980246
UTTAR PRADESH,Total,Bahraich,Train,5676,5391,285,0,0,0,845,785,60,962,917,45,1209,1169,40,371,350,21,322,302,20,511,486,25,754,726,28,702,656,46,27.5708377,81.5980246
UTTAR PRADESH,Total,Bahraich,Water transport,75,66,9,0,0,0,15,13,2,10,10,0,11,11,0,5,4,1,3,3,0,2,2,0,9,9,0,20,14,6,27.5708377,81.5980246
UTTAR PRADESH,Total,Bahraich,Any other,1097,956,141,0,0,0,303,266,37,309,243,66,196,181,15,97,88,9,23,23,0,30,28,2,37,34,3,102,93,9,27.5708377,81.5980246
UTTAR PRADESH,Total,Bahraich,No travel,100257,67764,32493,100257,67764,32493,0,0,0,0,0,0,0,0,0,0,0,0,0,0,0,0,0,0,0,0,0,0,0,0,27.5708377,81.5980246
UTTAR PRADESH,Rural,Bahraich,All Modes,136736,100641,36095,72456,46224,26232,19318,14904,4414,19571,17354,2217,12918,10481,2437,4522,4275,247,3519,3245,274,1699,1610,89,1374,1292,82,1359,1256,103,27.5708377,81.5980246
UTTAR PRADESH,Rural,Bahraich,On foot,23405,16020,7385,0,0,0,11898,8002,3896,6555,5099,1456,4952,2919,2033,0,0,0,0,0,0,0,0,0,0,0,0,0,0,0,27.5708377,81.5980246
UTTAR PRADESH,Rural,Bahraich,Bicycle,23746,22752,994,0,0,0,4522,4308,214,9570,9178,392,5028,4884,144,2410,2344,66,2216,2038,178,0,0,0,0,0,0,0,0,0,27.5708377,81.5980246
UTTAR PRADESH,Rural,Bahraich,Moped/Scooter/Motor Cycle,7183,6485,698,0,0,0,1258,1119,139,1920,1700,220,1117,991,126,1134,1044,90,535,493,42,587,559,28,198,181,17,434,398,36,27.5708377,81.5980246
UTTAR PRADESH,Rural,Bahraich,Car/Jeep/Van,984,864,120,0,0,0,185,155,30,158,141,17,86,69,17,192,171,21,110,97,13,143,132,11,54,49,5,56,50,6,27.5708377,81.5980246
UTTAR PRADESH,Rural,Bahraich,Tempo/Autorickshaw/Taxi,532,430,102,0,0,0,85,56,29,101,70,31,90,73,17,113,102,11,47,46,1,26,25,1,21,19,2,49,39,10,27.5708377,81.5980246
UTTAR PRADESH,Rural,Bahraich,Bus,2881,2582,299,0,0,0,534,487,47,270,233,37,310,253,57,347,301,46,310,281,29,507,470,37,422,389,33,181,168,13,27.5708377,81.5980246
UTTAR PRADESH,Rural,Bahraich,Train,4693,4507,186,0,0,0,625,586,39,796,761,35,1156,1122,34,237,231,6,281,270,11,408,397,11,638,616,22,552,524,28,27.5708377,81.5980246
UTTAR PRADESH,Rural,Bahraich,Water transport,57,49,8,0,0,0,8,6,2,8,8,0,11,11,0,3,3,0,1,1,0,1,1,0,7,7,0,18,12,6,27.5708377,81.5980246
UTTAR PRADESH,Rural,Bahraich,Any other,799,728,71,0,0,0,203,185,18,193,164,29,168,159,9,86,79,7,19,19,0,27,26,1,34,31,3,69,65,4,27.5708377,81.5980246
UTTAR PRADESH,Rural,Bahraich,No travel,72456,46224,26232,72456,46224,26232,0,0,0,0,0,0,0,0,0,0,0,0,0,0,0,0,0,0,0,0,0,0,0,0,27.5708377,81.5980246
UTTAR PRADESH,Urban,Bahraich,All Modes,64335,54743,9592,27801,21540,6261,14735,13411,1324,10714,9894,820,5381,4772,609,1019,880,139,2226,2070,156,653,580,73,430,395,35,1376,1201,175,27.5708377,81.5980246
UTTAR PRADESH,Urban,Bahraich,On foot,16193,14476,1717,0,0,0,8488,7598,890,3812,3440,372,3893,3438,455,0,0,0,0,0,0,0,0,0,0,0,0,0,0,0,27.5708377,81.5980246
UTTAR PRADESH,Urban,Bahraich,Bicycle,10292,9889,403,0,0,0,3261,3163,98,4098,3926,172,752,727,25,289,279,10,1892,1794,98,0,0,0,0,0,0,0,0,0,27.5708377,81.5980246
UTTAR PRADESH,Urban,Bahraich,Moped/Scooter/Motor Cycle,6473,6004,469,0,0,0,2136,1994,142,2119,1997,122,463,415,48,339,307,32,161,149,12,244,226,18,122,110,12,889,806,83,27.5708377,81.5980246
UTTAR PRADESH,Urban,Bahraich,Car/Jeep/Van,517,422,95,0,0,0,112,81,31,118,102,16,57,47,10,43,32,11,19,14,5,48,41,7,33,29,4,87,76,11,27.5708377,81.5980246
UTTAR PRADESH,Urban,Bahraich,Tempo/Autorickshaw/Taxi,352,219,133,0,0,0,116,71,45,102,60,42,28,14,14,20,9,11,6,6,0,13,12,1,17,15,2,50,32,18,27.5708377,81.5980246
UTTAR PRADESH,Urban,Bahraich,Bus,1408,1064,344,0,0,0,295,217,78,181,132,49,107,62,45,181,124,57,101,69,32,241,209,32,137,126,11,165,125,40,27.5708377,81.5980246
UTTAR PRADESH,Urban,Bahraich,Train,983,884,99,0,0,0,220,199,21,166,156,10,53,47,6,134,119,15,41,32,9,103,89,14,116,110,6,150,132,18,27.5708377,81.5980246
UTTAR PRADESH,Urban,Bahraich,Water transport,18,17,1,0,0,0,7,7,0,2,2,0,0,0,0,2,1,1,2,2,0,1,1,0,2,2,0,2,2,0,27.5708377,81.5980246
UTTAR PRADESH,Urban,Bahraich,Any other,298,228,70,0,0,0,100,81,19,116,79,37,28,22,6,11,9,2,4,4,0,3,2,1,3,3,0,33,28,5,27.5708377,81.5980246
UTTAR PRADESH,Urban,Bahraich,No travel,27801,21540,6261,27801,21540,6261,0,0,0,0,0,0,0,0,0,0,0,0,0,0,0,0,0,0,0,0,0,0,0,0,27.5708377,81.5980246
CHHATTISGARH,Total,Raipur,All Modes,631314,496777,134537,135509,94286,41223,119339,82981,36358,200422,164812,35610,92319,78681,13638,35980,33068,2912,21946,20282,1664,8207,7197,1010,6730,5852,878,10862,9618,1244,21.2513844,81.6296413
CHHATTISGARH,Total,Raipur,On foot,144543,83224,61319,0,0,0,78788,45923,32865,45757,24789,20968,19998,12512,7486,0,0,0,0,0,0,0,0,0,0,0,0,0,0,0,21.2513844,81.6296413
CHHATTISGARH,Total,Raipur,Bicycle,171585,162750,8835,0,0,0,21385,20151,1234,87319,82298,5021,35250,33807,1443,13944,13510,434,13687,12984,703,0,0,0,0,0,0,0,0,0,21.2513844,81.6296413
CHHATTISGARH,Total,Raipur,Moped/Scooter/Motor Cycle,124036,112044,11992,0,0,0,15514,14009,1505,53021,47178,5843,27439,24838,2601,13358,12379,979,3619,3412,207,3001,2803,198,1219,1153,66,6865,6272,593,21.2513844,81.6296413
CHHATTISGARH,Total,Raipur,Car/Jeep/Van,12499,11140,1359,0,0,0,1259,1078,181,4332,3786,546,2527,2266,261,1677,1554,123,659,596,63,641,584,57,525,468,57,879,808,71,21.2513844,81.6296413
CHHATTISGARH,Total,Raipur,Tempo/Autorickshaw/Taxi,13945,9476,4469,0,0,0,744,488,256,5608,3245,2363,3722,2596,1126,2100,1715,385,504,438,66,295,252,43,128,114,14,844,628,216,21.2513844,81.6296413
CHHATTISGARH,Total,Raipur,Bus,15596,11667,3929,0,0,0,451,307,144,1405,887,518,1758,1156,602,3659,2777,882,2402,1859,543,2479,1931,548,2449,1984,465,993,766,227,21.2513844,81.6296413
CHHATTISGARH,Total,Raipur,Train,10539,9468,1071,0,0,0,745,646,99,2031,1828,203,1001,918,83,893,814,79,924,848,76,1656,1497,159,2239,1975,264,1050,942,108,21.2513844,81.6296413
CHHATTISGARH,Total,Raipur,Water transport,204,160,44,0,0,0,78,56,22,38,29,9,25,22,3,15,12,3,5,5,0,5,4,1,12,10,2,26,22,4,21.2513844,81.6296413
CHHATTISGARH,Total,Raipur,Any other,2858,2562,296,0,0,0,375,323,52,911,772,139,599,566,33,334,307,27,146,140,6,130,126,4,158,148,10,205,180,25,21.2513844,81.6296413
CHHATTISGARH,Total,Raipur,No travel,135509,94286,41223,135509,94286,41223,0,0,0,0,0,0,0,0,0,0,0,0,0,0,0,0,0,0,0,0,0,0,0,0,21.2513844,81.6296413
CHHATTISGARH,Rural,Raipur,All Modes,160847,127969,32878,48386,34237,14149,28332,19810,8522,35120,29295,5825,22058,19472,2586,14616,13853,763,6478,6061,417,2617,2374,243,2092,1842,250,1148,1025,123,21.2513844,81.6296413
CHHATTISGARH,Rural,Raipur,On foot,31958,19001,12957,0,0,0,20011,12160,7851,8052,4392,3660,3895,2449,1446,0,0,0,0,0,0,0,0,0,0,0,0,0,0,0,21.2513844,81.6296413
CHHATTISGARH,Rural,Raipur,Bicycle,47893,45552,2341,0,0,0,5177,4823,354,19516,18288,1228,11960,11540,420,7940,7757,183,3300,3144,156,0,0,0,0,0,0,0,0,0,21.2513844,81.6296413
CHHATTISGARH,Rural,Raipur,Moped/Scooter/Motor Cycle,22082,20315,1767,0,0,0,2493,2292,201,6293,5634,659,4911,4503,408,4530,4263,267,1610,1526,84,1117,1039,78,442,424,18,686,634,52,21.2513844,81.6296413
CHHATTISGARH,Rural,Raipur,Car/Jeep/Van,1020,907,113,0,0,0,227,202,25,152,139,13,114,92,22,167,156,11,95,87,8,135,124,11,79,66,13,51,41,10,21.2513844,81.6296413
CHHATTISGARH,Rural,Raipur,Tempo/Autorickshaw/Taxi,1359,1008,351,0,0,0,56,37,19,248,149,99,348,220,128,453,370,83,144,134,10,40,37,3,21,20,1,49,41,8,21.2513844,81.6296413
CHHATTISGARH,Rural,Raipur,Bus,4606,3727,879,0,0,0,124,88,36,319,213,106,386,252,134,956,770,186,933,796,137,823,708,115,871,744,127,194,156,38,21.2513844,81.6296413
CHHATTISGARH,Rural,Raipur,Train,3022,2753,269,0,0,0,180,152,28,412,378,34,356,333,23,483,453,30,366,345,21,464,428,36,621,536,85,140,128,12,21.2513844,81.6296413
CHHATTISGARH,Rural,Raipur,Water transport,39,31,8,0,0,0,12,10,2,9,6,3,3,3,0,4,3,1,0,0,0,2,2,0,6,5,1,3,2,1,21.2513844,81.6296413
CHHATTISGARH,Rural,Raipur,Any other,482,438,44,0,0,0,52,46,6,119,96,23,85,80,5,83,81,2,30,29,1,36,36,0,52,47,5,25,23,2,21.2513844,81.6296413
CHHATTISGARH,Rural,Raipur,No travel,48386,34237,14149,48386,34237,14149,0,0,0,0,0,0,0,0,0,0,0,0,0,0,0,0,0,0,0,0,0,0,0,0,21.2513844,81.6296413
CHHATTISGARH,Urban,Raipur,All Modes,470467,368808,101659,87123,60049,27074,91007,63171,27836,165302,135517,29785,70261,59209,11052,21364,19215,2149,15468,14221,1247,5590,4823,767,4638,4010,628,9714,8593,1121,21.2513844,81.6296413
CHHATTISGARH,Urban,Raipur,On foot,112585,64223,48362,0,0,0,58777,33763,25014,37705,20397,17308,16103,10063,6040,0,0,0,0,0,0,0,0,0,0,0,0,0,0,0,21.2513844,81.6296413
CHHATTISGARH,Urban,Raipur,Bicycle,123692,117198,6494,0,0,0,16208,15328,880,67803,64010,3793,23290,22267,1023,6004,5753,251,10387,9840,547,0,0,0,0,0,0,0,0,0,21.2513844,81.6296413
CHHATTISGARH,Urban,Raipur,Moped/Scooter/Motor Cycle,101954,91729,10225,0,0,0,13021,11717,1304,46728,41544,5184,22528,20335,2193,8828,8116,712,2009,1886,123,1884,1764,120,777,729,48,6179,5638,541,21.2513844,81.6296413
CHHATTISGARH,Urban,Raipur,Car/Jeep/Van,11479,10233,1246,0,0,0,1032,876,156,4180,3647,533,2413,2174,239,1510,1398,112,564,509,55,506,460,46,446,402,44,828,767,61,21.2513844,81.6296413
CHHATTISGARH,Urban,Raipur,Tempo/Autorickshaw/Taxi,12586,8468,4118,0,0,0,688,451,237,5360,3096,2264,3374,2376,998,1647,1345,302,360,304,56,255,215,40,107,94,13,795,587,208,21.2513844,81.6296413
CHHATTISGARH,Urban,Raipur,Bus,10990,7940,3050,0,0,0,327,219,108,1086,674,412,1372,904,468,2703,2007,696,1469,1063,406,1656,1223,433,1578,1240,338,799,610,189,21.2513844,81.6296413
CHHATTISGARH,Urban,Raipur,Train,7517,6715,802,0,0,0,565,494,71,1619,1450,169,645,585,60,410,361,49,558,503,55,1192,1069,123,1618,1439,179,910,814,96,21.2513844,81.6296413
CHHATTISGARH,Urban,Raipur,Water transport,165,129,36,0,0,0,66,46,20,29,23,6,22,19,3,11,9,2,5,5,0,3,2,1,6,5,1,23,20,3,21.2513844,81.6296413
CHHATTISGARH,Urban,Raipur,Any other,2376,2124,252,0,0,0,323,277,46,792,676,116,514,486,28,251,226,25,116,111,5,94,90,4,106,101,5,180,157,23,21.2513844,81.6296413
CHHATTISGARH,Urban,Raipur,No travel,87123,60049,27074,87123,60049,27074,0,0,0,0,0,0,0,0,0,0,0,0,0,0,0,0,0,0,0,0,0,0,0,0,21.2513844,81.6296413
MADHYA PRADESH,Total,Anuppur,All Modes,93596,72471,21125,21583,14298,7285,20071,14863,5208,28483,22566,5917,12396,10526,1870,5156,4750,406,2976,2772,204,1216,1119,97,928,845,83,787,732,55,23.1136554,81.697629
MADHYA PRADESH,Total,Anuppur,On foot,29228,18446,10782,0,0,0,14635,9804,4831,10982,6262,4720,3611,2380,1231,0,0,0,0,0,0,0,0,0,0,0,0,0,0,0,23.1136554,81.697629
MADHYA PRADESH,Total,Anuppur,Bicycle,18590,17416,1174,0,0,0,2646,2481,165,9490,8855,635,4058,3803,255,1271,1218,53,1125,1059,66,0,0,0,0,0,0,0,0,0,23.1136554,81.697629
MADHYA PRADESH,Total,Anuppur,Moped/Scooter/Motor Cycle,17623,16804,819,0,0,0,2404,2265,139,7117,6761,356,3810,3662,148,2416,2312,104,784,754,30,466,449,17,165,161,4,461,440,21,23.1136554,81.697629
MADHYA PRADESH,Total,Anuppur,Car/Jeep/Van,1006,902,104,0,0,0,146,122,24,305,278,27,176,154,22,150,134,16,101,97,4,55,51,4,43,40,3,30,26,4,23.1136554,81.697629
MADHYA PRADESH,Total,Anuppur,Tempo/Autorickshaw/Taxi,263,223,40,0,0,0,23,16,7,55,48,7,87,73,14,48,41,7,19,17,2,7,6,1,4,4,0,20,18,2,23.1136554,81.697629
MADHYA PRADESH,Total,Anuppur,Bus,3838,3059,779,0,0,0,106,73,33,350,200,150,532,352,180,1128,913,215,860,767,93,459,409,50,268,229,39,135,116,19,23.1136554,81.697629
MADHYA PRADESH,Total,Anuppur,Train,1282,1162,120,0,0,0,71,65,6,156,137,19,85,74,11,126,116,10,82,73,9,210,187,23,420,387,33,132,123,9,23.1136554,81.697629
MADHYA PRADESH,Total,Anuppur,Water transport,22,21,1,0,0,0,10,9,1,3,3,0,2,2,0,1,1,0,0,0,0,1,1,0,3,3,0,2,2,0,23.1136554,81.697629
MADHYA PRADESH,Total,Anuppur,Any other,161,140,21,0,0,0,30,28,2,25,22,3,35,26,9,16,15,1,5,5,0,18,16,2,25,21,4,7,7,0,23.1136554,81.697629
MADHYA PRADESH,Total,Anuppur,No travel,21583,14298,7285,21583,14298,7285,0,0,0,0,0,0,0,0,0,0,0,0,0,0,0,0,0,0,0,0,0,0,0,0,23.1136554,81.697629
MADHYA PRADESH,Rural,Anuppur,All Modes,40367,27455,12912,12660,7502,5158,6083,3528,2555,10191,6686,3505,6021,4794,1227,2919,2678,241,1232,1126,106,546,496,50,451,409,42,264,236,28,23.1136554,81.697629
MADHYA PRADESH,Rural,Anuppur,On foot,12530,6322,6208,0,0,0,4889,2486,2403,5649,2707,2942,1992,1129,863,0,0,0,0,0,0,0,0,0,0,0,0,0,0,0,23.1136554,81.697629
MADHYA PRADESH,Rural,Anuppur,Bicycle,7785,7036,749,0,0,0,679,592,87,3151,2778,373,2470,2273,197,930,885,45,555,508,47,0,0,0,0,0,0,0,0,0,23.1136554,81.697629
MADHYA PRADESH,Rural,Anuppur,Moped/Scooter/Motor Cycle,4775,4527,248,0,0,0,382,351,31,1088,1002,86,1143,1094,49,1347,1297,50,400,386,14,225,214,11,68,67,1,122,116,6,23.1136554,81.697629
MADHYA PRADESH,Rural,Anuppur,Car/Jeep/Van,251,198,53,0,0,0,32,25,7,51,35,16,50,38,12,44,36,8,35,33,2,18,16,2,15,12,3,6,3,3,23.1136554,81.697629
MADHYA PRADESH,Rural,Anuppur,Tempo/Autorickshaw/Taxi,100,77,23,0,0,0,10,4,6,11,8,3,37,26,11,24,22,2,9,9,0,4,4,0,2,2,0,3,2,1,23.1136554,81.697629
MADHYA PRADESH,Rural,Anuppur,Bus,1664,1261,403,0,0,0,50,34,16,176,106,70,262,175,87,511,382,129,207,168,39,226,200,26,169,146,23,63,50,13,23.1136554,81.697629
MADHYA PRADESH,Rural,Anuppur,Train,521,459,62,0,0,0,25,21,4,59,45,14,52,45,7,55,49,6,24,20,4,62,53,9,178,165,13,66,61,5,23.1136554,81.697629
MADHYA PRADESH,Rural,Anuppur,Water transport,9,8,1,0,0,0,6,5,1,0,0,0,1,1,0,0,0,0,0,0,0,0,0,0,0,0,0,2,2,0,23.1136554,81.697629
MADHYA PRADESH,Rural,Anuppur,Any other,72,65,7,0,0,0,10,10,0,6,5,1,14,13,1,8,7,1,2,2,0,11,9,2,19,17,2,2,2,0,23.1136554,81.697629
MADHYA PRADESH,Rural,Anuppur,No travel,12660,7502,5158,12660,7502,5158,0,0,0,0,0,0,0,0,0,0,0,0,0,0,0,0,0,0,0,0,0,0,0,0,23.1136554,81.697629
MADHYA PRADESH,Urban,Anuppur,All Modes,53229,45016,8213,8923,6796,2127,13988,11335,2653,18292,15880,2412,6375,5732,643,2237,2072,165,1744,1646,98,670,623,47,477,436,41,523,496,27,23.1136554,81.697629
MADHYA PRADESH,Urban,Anuppur,On foot,16698,12124,4574,0,0,0,9746,7318,2428,5333,3555,1778,1619,1251,368,0,0,0,0,0,0,0,0,0,0,0,0,0,0,0,23.1136554,81.697629
MADHYA PRADESH,Urban,Anuppur,Bicycle,10805,10380,425,0,0,0,1967,1889,78,6339,6077,262,1588,1530,58,341,333,8,570,551,19,0,0,0,0,0,0,0,0,0,23.1136554,81.697629
MADHYA PRADESH,Urban,Anuppur,Moped/Scooter/Motor Cycle,12848,12277,571,0,0,0,2022,1914,108,6029,5759,270,2667,2568,99,1069,1015,54,384,368,16,241,235,6,97,94,3,339,324,15,23.1136554,81.697629
MADHYA PRADESH,Urban,Anuppur,Car/Jeep/Van,755,704,51,0,0,0,114,97,17,254,243,11,126,116,10,106,98,8,66,64,2,37,35,2,28,28,0,24,23,1,23.1136554,81.697629
MADHYA PRADESH,Urban,Anuppur,Tempo/Autorickshaw/Taxi,163,146,17,0,0,0,13,12,1,44,40,4,50,47,3,24,19,5,10,8,2,3,2,1,2,2,0,17,16,1,23.1136554,81.697629
MADHYA PRADESH,Urban,Anuppur,Bus,2174,1798,376,0,0,0,56,39,17,174,94,80,270,177,93,617,531,86,653,599,54,233,209,24,99,83,16,72,66,6,23.1136554,81.697629
MADHYA PRADESH,Urban,Anuppur,Train,761,703,58,0,0,0,46,44,2,97,92,5,33,29,4,71,67,4,58,53,5,148,134,14,242,222,20,66,62,4,23.1136554,81.697629
MADHYA PRADESH,Urban,Anuppur,Water transport,13,13,0,0,0,0,4,4,0,3,3,0,1,1,0,1,1,0,0,0,0,1,1,0,3,3,0,0,0,0,23.1136554,81.697629
MADHYA PRADESH,Urban,Anuppur,Any other,89,75,14,0,0,0,20,18,2,19,17,2,21,13,8,8,8,0,3,3,0,7,7,0,6,4,2,5,5,0,23.1136554,81.697629
MADHYA PRADESH,Urban,Anuppur,No travel,8923,6796,2127,8923,6796,2127,0,0,0,0,0,0,0,0,0,0,0,0,0,0,0,0,0,0,0,0,0,0,0,0,23.1136554,81.697629
UTTAR PRADESH,Total,Allahabad,All Modes,910601,695941,214660,416350,273634,142716,86704,64400,22304,127592,109760,17832,104188,87071,17117,44715,41540,3175,51176,47721,3455,14174,13009,1165,12747,11832,915,52955,46974,5981,25.4358011,81.846311
UTTAR PRADESH,Total,Allahabad,On foot,133918,92942,40976,0,0,0,60038,40423,19615,32383,23100,9283,41497,29419,12078,0,0,0,0,0,0,0,0,0,0,0,0,0,0,0,25.4358011,81.846311
UTTAR PRADESH,Total,Allahabad,Bicycle,157739,149299,8440,0,0,0,13699,12682,1017,55004,51807,3197,29891,28688,1203,20289,19653,636,38856,36469,2387,0,0,0,0,0,0,0,0,0,25.4358011,81.846311
UTTAR PRADESH,Total,Allahabad,Moped/Scooter/Motor Cycle,106232,98419,7813,0,0,0,7489,6887,602,28382,26120,2262,22177,20688,1489,13368,12569,799,4834,4569,265,4029,3810,219,1390,1315,75,24563,22461,2102,25.4358011,81.846311
UTTAR PRADESH,Total,Allahabad,Car/Jeep/Van,14241,11808,2433,0,0,0,1139,929,210,2942,2345,597,2332,1908,424,1695,1426,269,809,713,96,1119,1012,107,629,557,72,3576,2918,658,25.4358011,81.846311
UTTAR PRADESH,Total,Allahabad,Tempo/Autorickshaw/Taxi,23962,17869,6093,0,0,0,1074,694,380,4610,2781,1829,4631,3285,1346,4691,3897,794,2579,2321,258,1383,1207,176,372,323,49,4622,3361,1261,25.4358011,81.846311
UTTAR PRADESH,Total,Allahabad,Bus,25017,21273,3744,0,0,0,899,678,221,1631,1245,386,2003,1543,460,3299,2714,585,3163,2772,391,5488,4948,540,3173,2846,327,5361,4527,834,25.4358011,81.846311
UTTAR PRADESH,Total,Allahabad,Train,28446,26585,1861,0,0,0,1880,1687,193,1606,1454,152,963,900,63,925,859,66,696,642,54,2030,1916,114,6959,6586,373,13387,12541,846,25.4358011,81.846311
UTTAR PRADESH,Total,Allahabad,Water transport,732,659,73,0,0,0,88,67,21,219,210,9,53,50,3,41,38,3,9,9,0,23,21,2,56,48,8,243,216,27,25.4358011,81.846311
UTTAR PRADESH,Total,Allahabad,Any other,3964,3453,511,0,0,0,398,353,45,815,698,117,641,590,51,407,384,23,230,226,4,102,95,7,168,157,11,1203,950,253,25.4358011,81.846311
UTTAR PRADESH,Total,Allahabad,No travel,416350,273634,142716,416350,273634,142716,0,0,0,0,0,0,0,0,0,0,0,0,0,0,0,0,0,0,0,0,0,0,0,0,25.4358011,81.846311
UTTAR PRADESH,Rural,Allahabad,All Modes,493684,369804,123880,234070,147807,86263,49635,34219,15416,58823,50322,8501,50158,41446,8712,29455,28233,1222,31482,29846,1636,10214,9746,468,8929,8545,384,20918,19640,1278,25.4358011,81.846311
UTTAR PRADESH,Rural,Allahabad,On foot,77404,49699,27705,0,0,0,37019,22730,14289,18846,12774,6072,21539,14195,7344,0,0,0,0,0,0,0,0,0,0,0,0,0,0,0,25.4358011,81.846311
UTTAR PRADESH,Rural,Allahabad,Bicycle,97810,93353,4457,0,0,0,7817,7218,599,30391,28878,1513,19987,19285,702,17055,16592,463,22560,21380,1180,0,0,0,0,0,0,0,0,0,25.4358011,81.846311
UTTAR PRADESH,Rural,Allahabad,Moped/Scooter/Motor Cycle,29743,28192,1551,0,0,0,2028,1873,155,5535,5155,380,4547,4313,234,5869,5647,222,3286,3153,133,2541,2441,100,779,750,29,5158,4860,298,25.4358011,81.846311
UTTAR PRADESH,Rural,Allahabad,Car/Jeep/Van,3976,3522,454,0,0,0,247,212,35,394,312,82,432,363,69,629,570,59,436,393,43,623,586,37,292,271,21,923,815,108,25.4358011,81.846311
UTTAR PRADESH,Rural,Allahabad,Tempo/Autorickshaw/Taxi,12411,11117,1294,0,0,0,440,351,89,1446,1166,280,1867,1622,245,3106,2844,262,2176,2069,107,1085,1026,59,247,234,13,2044,1805,239,25.4358011,81.846311
UTTAR PRADESH,Rural,Allahabad,Bus,15806,14697,1109,0,0,0,523,435,88,746,681,65,801,719,82,1894,1712,182,2338,2208,130,4199,3997,202,2187,2075,112,3118,2870,248,25.4358011,81.846311
UTTAR PRADESH,Rural,Allahabad,Train,20145,19256,889,0,0,0,1306,1186,120,988,904,84,642,622,20,639,616,23,568,528,40,1661,1596,65,5266,5071,195,9075,8733,342,25.4358011,81.846311
UTTAR PRADESH,Rural,Allahabad,Water transport,495,449,46,0,0,0,64,46,18,162,154,8,26,25,1,29,27,2,4,4,0,19,19,0,41,36,5,150,138,12,25.4358011,81.846311
UTTAR PRADESH,Rural,Allahabad,Any other,1824,1712,112,0,0,0,191,168,23,315,298,17,317,302,15,234,225,9,114,111,3,86,81,5,117,108,9,450,419,31,25.4358011,81.846311
UTTAR PRADESH,Rural,Allahabad,No travel,234070,147807,86263,234070,147807,86263,0,0,0,0,0,0,0,0,0,0,0,0,0,0,0,0,0,0,0,0,0,0,0,0,25.4358011,81.846311
UTTAR PRADESH,Urban,Allahabad,All Modes,416917,326137,90780,182280,125827,56453,37069,30181,6888,68769,59438,9331,54030,45625,8405,15260,13307,1953,19694,17875,1819,3960,3263,697,3818,3287,531,32037,27334,4703,25.4358011,81.846311
UTTAR PRADESH,Urban,Allahabad,On foot,56514,43243,13271,0,0,0,23019,17693,5326,13537,10326,3211,19958,15224,4734,0,0,0,0,0,0,0,0,0,0,0,0,0,0,0,25.4358011,81.846311
UTTAR PRADESH,Urban,Allahabad,Bicycle,59929,55946,3983,0,0,0,5882,5464,418,24613,22929,1684,9904,9403,501,3234,3061,173,16296,15089,1207,0,0,0,0,0,0,0,0,0,25.4358011,81.846311
UTTAR PRADESH,Urban,Allahabad,Moped/Scooter/Motor Cycle,76489,70227,6262,0,0,0,5461,5014,447,22847,20965,1882,17630,16375,1255,7499,6922,577,1548,1416,132,1488,1369,119,611,565,46,19405,17601,1804,25.4358011,81.846311
UTTAR PRADESH,Urban,Allahabad,Car/Jeep/Van,10265,8286,1979,0,0,0,892,717,175,2548,2033,515,1900,1545,355,1066,856,210,373,320,53,496,426,70,337,286,51,2653,2103,550,25.4358011,81.846311
UTTAR PRADESH,Urban,Allahabad,Tempo/Autorickshaw/Taxi,11551,6752,4799,0,0,0,634,343,291,3164,1615,1549,2764,1663,1101,1585,1053,532,403,252,151,298,181,117,125,89,36,2578,1556,1022,25.4358011,81.846311
UTTAR PRADESH,Urban,Allahabad,Bus,9211,6576,2635,0,0,0,376,243,133,885,564,321,1202,824,378,1405,1002,403,825,564,261,1289,951,338,986,771,215,2243,1657,586,25.4358011,81.846311
UTTAR PRADESH,Urban,Allahabad,Train,8301,7329,972,0,0,0,574,501,73,618,550,68,321,278,43,286,243,43,128,114,14,369,320,49,1693,1515,178,4312,3808,504,25.4358011,81.846311
UTTAR PRADESH,Urban,Allahabad,Water transport,237,210,27,0,0,0,24,21,3,57,56,1,27,25,2,12,11,1,5,5,0,4,2,2,15,12,3,93,78,15,25.4358011,81.846311
UTTAR PRADESH,Urban,Allahabad,Any other,2140,1741,399,0,0,0,207,185,22,500,400,100,324,288,36,173,159,14,116,115,1,16,14,2,51,49,2,753,531,222,25.4358011,81.846311
UTTAR PRADESH,Urban,Allahabad,No travel,182280,125827,56453,182280,125827,56453,0,0,0,0,0,0,0,0,0,0,0,0,0,0,0,0,0,0,0,0,0,0,0,0,25.4358011,81.846311
ODISHA,Total,Malkangiri,All Modes,45328,30546,14782,17561,11133,6428,9209,6027,3182,9483,6341,3142,4464,3073,1391,1461,1223,238,1252,1076,176,692,609,83,540,476,64,666,588,78,18.3435863,81.8825279
ODISHA,Total,Malkangiri,On foot,14491,7883,6608,0,0,0,7033,4047,2986,5174,2562,2612,2284,1274,1010,0,0,0,0,0,0,0,0,0,0,0,0,0,0,0,18.3435863,81.8825279
ODISHA,Total,Malkangiri,Bicycle,5772,5236,536,0,0,0,1172,1079,93,2590,2351,239,1070,960,110,361,338,23,579,508,71,0,0,0,0,0,0,0,0,0,18.3435863,81.8825279
ODISHA,Total,Malkangiri,Moped/Scooter/Motor Cycle,4793,4287,506,0,0,0,880,809,71,1255,1103,152,810,672,138,717,646,71,366,338,28,309,296,13,143,135,8,313,288,25,18.3435863,81.8825279
ODISHA,Total,Malkangiri,Car/Jeep/Van,549,446,103,0,0,0,41,31,10,108,93,15,74,41,33,79,54,25,59,52,7,79,76,3,54,53,1,55,46,9,18.3435863,81.8825279
ODISHA,Total,Malkangiri,Tempo/Autorickshaw/Taxi,200,133,67,0,0,0,17,12,5,73,36,37,28,18,10,20,11,9,8,7,1,14,13,1,9,9,0,31,27,4,18.3435863,81.8825279
ODISHA,Total,Malkangiri,Bus,1474,1046,428,0,0,0,31,24,7,144,99,45,143,69,74,257,152,105,211,152,59,262,201,61,256,207,49,170,142,28,18.3435863,81.8825279
ODISHA,Total,Malkangiri,Train,178,151,27,0,0,0,18,15,3,33,23,10,8,7,1,5,5,0,4,3,1,6,5,1,40,37,3,64,56,8,18.3435863,81.8825279
ODISHA,Total,Malkangiri,Water transport,146,114,32,0,0,0,8,3,5,64,50,14,20,18,2,6,6,0,5,2,3,12,9,3,14,12,2,17,14,3,18.3435863,81.8825279
ODISHA,Total,Malkangiri,Any other,164,117,47,0,0,0,9,7,2,42,24,18,27,14,13,16,11,5,20,14,6,10,9,1,24,23,1,16,15,1,18.3435863,81.8825279
ODISHA,Total,Malkangiri,No travel,17561,11133,6428,17561,11133,6428,0,0,0,0,0,0,0,0,0,0,0,0,0,0,0,0,0,0,0,0,0,0,0,0,18.3435863,81.8825279
ODISHA,Rural,Malkangiri,All Modes,29331,18289,11042,12458,7248,5210,5184,2925,2259,5651,3432,2219,3195,2184,1011,989,860,129,814,706,108,313,289,24,308,273,35,419,372,47,18.3435863,81.8825279
ODISHA,Rural,Malkangiri,On foot,9310,4580,4730,0,0,0,4442,2283,2159,3367,1529,1838,1501,768,733,0,0,0,0,0,0,0,0,0,0,0,0,0,0,0,18.3435863,81.8825279
ODISHA,Rural,Malkangiri,Bicycle,3622,3195,427,0,0,0,432,375,57,1538,1350,188,909,805,104,320,300,20,423,365,58,0,0,0,0,0,0,0,0,0,18.3435863,81.8825279
ODISHA,Rural,Malkangiri,Moped/Scooter/Motor Cycle,2433,2140,293,0,0,0,251,229,22,503,410,93,574,485,89,466,419,47,225,210,15,156,149,7,78,73,5,180,165,15,18.3435863,81.8825279
ODISHA,Rural,Malkangiri,Car/Jeep/Van,248,182,66,0,0,0,12,6,6,40,28,12,49,26,23,38,25,13,28,24,4,28,26,2,22,21,1,31,26,5,18.3435863,81.8825279
ODISHA,Rural,Malkangiri,Tempo/Autorickshaw/Taxi,110,74,36,0,0,0,5,4,1,35,16,19,19,15,4,12,5,7,6,5,1,9,8,1,1,1,0,23,20,3,18.3435863,81.8825279
ODISHA,Rural,Malkangiri,Bus,811,621,190,0,0,0,21,17,4,62,33,29,97,52,45,140,102,38,120,97,23,109,97,12,158,133,25,104,90,14,18.3435863,81.8825279
ODISHA,Rural,Malkangiri,Train,132,106,26,0,0,0,7,4,3,19,9,10,6,5,1,3,3,0,3,2,1,2,1,1,32,30,2,60,52,8,18.3435863,81.8825279
ODISHA,Rural,Malkangiri,Water transport,124,99,25,0,0,0,8,3,5,63,49,14,19,17,2,3,3,0,1,0,1,5,5,0,11,9,2,14,13,1,18.3435863,81.8825279
ODISHA,Rural,Malkangiri,Any other,83,44,39,0,0,0,6,4,2,24,8,16,21,11,10,7,3,4,8,3,5,4,3,1,6,6,0,7,6,1,18.3435863,81.8825279
ODISHA,Rural,Malkangiri,No travel,12458,7248,5210,12458,7248,5210,0,0,0,0,0,0,0,0,0,0,0,0,0,0,0,0,0,0,0,0,0,0,0,0,18.3435863,81.8825279
ODISHA,Urban,Malkangiri,All Modes,15997,12257,3740,5103,3885,1218,4025,3102,923,3832,2909,923,1269,889,380,472,363,109,438,370,68,379,320,59,232,203,29,247,216,31,18.3435863,81.8825279
ODISHA,Urban,Malkangiri,On foot,5181,3303,1878,0,0,0,2591,1764,827,1807,1033,774,783,506,277,0,0,0,0,0,0,0,0,0,0,0,0,0,0,0,18.3435863,81.8825279
ODISHA,Urban,Malkangiri,Bicycle,2150,2041,109,0,0,0,740,704,36,1052,1001,51,161,155,6,41,38,3,156,143,13,0,0,0,0,0,0,0,0,0,18.3435863,81.8825279
ODISHA,Urban,Malkangiri,Moped/Scooter/Motor Cycle,2360,2147,213,0,0,0,629,580,49,752,693,59,236,187,49,251,227,24,141,128,13,153,147,6,65,62,3,133,123,10,18.3435863,81.8825279
ODISHA,Urban,Malkangiri,Car/Jeep/Van,301,264,37,0,0,0,29,25,4,68,65,3,25,15,10,41,29,12,31,28,3,51,50,1,32,32,0,24,20,4,18.3435863,81.8825279
ODISHA,Urban,Malkangiri,Tempo/Autorickshaw/Taxi,90,59,31,0,0,0,12,8,4,38,20,18,9,3,6,8,6,2,2,2,0,5,5,0,8,8,0,8,7,1,18.3435863,81.8825279
ODISHA,Urban,Malkangiri,Bus,663,425,238,0,0,0,10,7,3,82,66,16,46,17,29,117,50,67,91,55,36,153,104,49,98,74,24,66,52,14,18.3435863,81.8825279
ODISHA,Urban,Malkangiri,Train,46,45,1,0,0,0,11,11,0,14,14,0,2,2,0,2,2,0,1,1,0,4,4,0,8,7,1,4,4,0,18.3435863,81.8825279
ODISHA,Urban,Malkangiri,Water transport,22,15,7,0,0,0,0,0,0,1,1,0,1,1,0,3,3,0,4,2,2,7,4,3,3,3,0,3,1,2,18.3435863,81.8825279
ODISHA,Urban,Malkangiri,Any other,81,73,8,0,0,0,3,3,0,18,16,2,6,3,3,9,8,1,12,11,1,6,6,0,18,17,1,9,9,0,18.3435863,81.8825279
ODISHA,Urban,Malkangiri,No travel,5103,3885,1218,5103,3885,1218,0,0,0,0,0,0,0,0,0,0,0,0,0,0,0,0,0,0,0,0,0,0,0,0,18.3435863,81.8825279
MADHYA PRADESH,Total,Sidhi,All Modes,81432,61496,19936,30122,19756,10366,13062,9478,3584,18974,15297,3677,7990,6667,1323,3350,2998,352,1898,1692,206,1841,1662,179,3664,3464,200,531,482,49,24.3956038,81.8825279
MADHYA PRADESH,Total,Sidhi,On foot,23218,15962,7256,0,0,0,10224,6904,3320,9650,6662,2988,3344,2396,948,0,0,0,0,0,0,0,0,0,0,0,0,0,0,0,24.3956038,81.8825279
MADHYA PRADESH,Total,Sidhi,Bicycle,10074,9636,438,0,0,0,1007,944,63,5463,5205,258,2294,2231,63,766,742,24,544,514,30,0,0,0,0,0,0,0,0,0,24.3956038,81.8825279
MADHYA PRADESH,Total,Sidhi,Moped/Scooter/Motor Cycle,7436,6913,523,0,0,0,1349,1250,99,2950,2730,220,1240,1142,98,823,769,54,331,314,17,396,380,16,206,196,10,141,132,9,24.3956038,81.8825279
MADHYA PRADESH,Total,Sidhi,Car/Jeep/Van,1300,1111,189,0,0,0,179,154,25,263,214,49,206,172,34,274,234,40,116,103,13,108,94,14,120,111,9,34,29,5,24.3956038,81.8825279
MADHYA PRADESH,Total,Sidhi,Tempo/Autorickshaw/Taxi,1138,904,234,0,0,0,55,27,28,204,137,67,300,248,52,410,351,59,82,72,10,35,29,6,33,31,2,19,9,10,24.3956038,81.8825279
MADHYA PRADESH,Total,Sidhi,Bus,6241,5414,827,0,0,0,137,106,31,285,217,68,490,371,119,1010,841,169,793,659,134,1260,1119,141,2093,1948,145,173,153,20,24.3956038,81.8825279
MADHYA PRADESH,Total,Sidhi,Train,1560,1493,67,0,0,0,85,71,14,73,63,10,36,34,2,30,28,2,10,10,0,27,26,1,1154,1121,33,145,140,5,24.3956038,81.8825279
MADHYA PRADESH,Total,Sidhi,Water transport,29,28,1,0,0,0,2,2,0,4,4,0,4,4,0,3,2,1,3,3,0,0,0,0,9,9,0,4,4,0,24.3956038,81.8825279
MADHYA PRADESH,Total,Sidhi,Any other,314,279,35,0,0,0,24,20,4,82,65,17,76,69,7,34,31,3,19,17,2,15,14,1,49,48,1,15,15,0,24.3956038,81.8825279
MADHYA PRADESH,Total,Sidhi,No travel,30122,19756,10366,30122,19756,10366,0,0,0,0,0,0,0,0,0,0,0,0,0,0,0,0,0,0,0,0,0,0,0,0,24.3956038,81.8825279
MADHYA PRADESH,Rural,Sidhi,All Modes,61860,45744,16116,25169,16031,9138,7446,4852,2594,13277,10592,2685,6786,5696,1090,2851,2635,216,1439,1320,119,1385,1276,109,3090,2960,130,417,382,35,24.3956038,81.8825279
MADHYA PRADESH,Rural,Sidhi,On foot,16654,11023,5631,0,0,0,6300,3845,2455,7432,5113,2319,2922,2065,857,0,0,0,0,0,0,0,0,0,0,0,0,0,0,0,24.3956038,81.8825279
MADHYA PRADESH,Rural,Sidhi,Bicycle,7474,7163,311,0,0,0,502,460,42,3763,3600,163,2058,2004,54,711,687,24,440,412,28,0,0,0,0,0,0,0,0,0,24.3956038,81.8825279
MADHYA PRADESH,Rural,Sidhi,Moped/Scooter/Motor Cycle,4137,3871,266,0,0,0,361,326,35,1452,1351,101,924,864,60,645,612,33,250,239,11,277,263,14,142,137,5,86,79,7,24.3956038,81.8825279
MADHYA PRADESH,Rural,Sidhi,Car/Jeep/Van,821,722,99,0,0,0,50,40,10,138,118,20,163,140,23,234,213,21,85,77,8,61,52,9,64,60,4,26,22,4,24.3956038,81.8825279
MADHYA PRADESH,Rural,Sidhi,Tempo/Autorickshaw/Taxi,911,801,110,0,0,0,32,21,11,135,114,21,235,212,23,369,331,38,70,63,7,29,25,4,29,27,2,12,8,4,24.3956038,81.8825279
MADHYA PRADESH,Rural,Sidhi,Bus,4987,4501,486,0,0,0,110,83,27,240,197,43,382,315,67,834,738,96,566,503,63,979,898,81,1730,1636,94,146,131,15,24.3956038,81.8825279
MADHYA PRADESH,Rural,Sidhi,Train,1438,1383,55,0,0,0,73,60,13,62,53,9,33,32,1,25,24,1,10,10,0,26,25,1,1075,1050,25,134,129,5,24.3956038,81.8825279
MADHYA PRADESH,Rural,Sidhi,Water transport,21,20,1,0,0,0,2,2,0,0,0,0,1,1,0,2,1,1,3,3,0,0,0,0,9,9,0,4,4,0,24.3956038,81.8825279
MADHYA PRADESH,Rural,Sidhi,Any other,248,229,19,0,0,0,16,15,1,55,46,9,68,63,5,31,29,2,15,13,2,13,13,0,41,41,0,9,9,0,24.3956038,81.8825279
MADHYA PRADESH,Rural,Sidhi,No travel,25169,16031,9138,25169,16031,9138,0,0,0,0,0,0,0,0,0,0,0,0,0,0,0,0,0,0,0,0,0,0,0,0,24.3956038,81.8825279
MADHYA PRADESH,Urban,Sidhi,All Modes,19572,15752,3820,4953,3725,1228,5616,4626,990,5697,4705,992,1204,971,233,499,363,136,459,372,87,456,386,70,574,504,70,114,100,14,24.3956038,81.8825279
MADHYA PRADESH,Urban,Sidhi,On foot,6564,4939,1625,0,0,0,3924,3059,865,2218,1549,669,422,331,91,0,0,0,0,0,0,0,0,0,0,0,0,0,0,0,24.3956038,81.8825279
MADHYA PRADESH,Urban,Sidhi,Bicycle,2600,2473,127,0,0,0,505,484,21,1700,1605,95,236,227,9,55,55,0,104,102,2,0,0,0,0,0,0,0,0,0,24.3956038,81.8825279
MADHYA PRADESH,Urban,Sidhi,Moped/Scooter/Motor Cycle,3299,3042,257,0,0,0,988,924,64,1498,1379,119,316,278,38,178,157,21,81,75,6,119,117,2,64,59,5,55,53,2,24.3956038,81.8825279
MADHYA PRADESH,Urban,Sidhi,Car/Jeep/Van,479,389,90,0,0,0,129,114,15,125,96,29,43,32,11,40,21,19,31,26,5,47,42,5,56,51,5,8,7,1,24.3956038,81.8825279
MADHYA PRADESH,Urban,Sidhi,Tempo/Autorickshaw/Taxi,227,103,124,0,0,0,23,6,17,69,23,46,65,36,29,41,20,21,12,9,3,6,4,2,4,4,0,7,1,6,24.3956038,81.8825279
MADHYA PRADESH,Urban,Sidhi,Bus,1254,913,341,0,0,0,27,23,4,45,20,25,108,56,52,176,103,73,227,156,71,281,221,60,363,312,51,27,22,5,24.3956038,81.8825279
MADHYA PRADESH,Urban,Sidhi,Train,122,110,12,0,0,0,12,11,1,11,10,1,3,2,1,5,4,1,0,0,0,1,1,0,79,71,8,11,11,0,24.3956038,81.8825279
MADHYA PRADESH,Urban,Sidhi,Water transport,8,8,0,0,0,0,0,0,0,4,4,0,3,3,0,1,1,0,0,0,0,0,0,0,0,0,0,0,0,0,24.3956038,81.8825279
MADHYA PRADESH,Urban,Sidhi,Any other,66,50,16,0,0,0,8,5,3,27,19,8,8,6,2,3,2,1,4,4,0,2,1,1,8,7,1,6,6,0,24.3956038,81.8825279
MADHYA PRADESH,Urban,Sidhi,No travel,4953,3725,1228,4953,3725,1228,0,0,0,0,0,0,0,0,0,0,0,0,0,0,0,0,0,0,0,0,0,0,0,0,24.3956038,81.8825279
CHHATTISGARH,Total,Bastar,All Modes,143410,99649,43761,30837,22207,8630,32823,20398,12425,46187,29133,17054,14772,11489,3283,9963,8688,1275,3834,3344,490,2497,2158,339,2015,1826,189,482,406,76,19.2036769,81.9343855
CHHATTISGARH,Total,Bastar,On foot,47589,21614,25975,0,0,0,22904,11864,11040,21351,8142,13209,3334,1608,1726,0,0,0,0,0,0,0,0,0,0,0,0,0,0,0,19.2036769,81.9343855
CHHATTISGARH,Total,Bastar,Bicycle,30843,27914,2929,0,0,0,4813,4150,663,13653,12076,1577,6295,5891,404,4780,4595,185,1302,1202,100,0,0,0,0,0,0,0,0,0,19.2036769,81.9343855
CHHATTISGARH,Total,Bastar,Moped/Scooter/Motor Cycle,24502,20771,3731,0,0,0,4474,3922,552,9435,7809,1626,4026,3293,733,3461,2928,533,1377,1244,133,1018,932,86,397,378,19,314,265,49,19.2036769,81.9343855
CHHATTISGARH,Total,Bastar,Car/Jeep/Van,2168,1858,310,0,0,0,204,172,32,436,362,74,163,117,46,366,288,78,305,274,31,372,340,32,286,270,16,36,35,1,19.2036769,81.9343855
CHHATTISGARH,Total,Bastar,Tempo/Autorickshaw/Taxi,2134,1317,817,0,0,0,136,60,76,555,222,333,410,232,178,451,298,153,242,203,39,229,208,21,81,74,7,30,20,10,19.2036769,81.9343855
CHHATTISGARH,Total,Bastar,Bus,3517,2384,1133,0,0,0,73,50,23,230,95,135,247,93,154,658,359,299,512,332,180,751,558,193,977,840,137,69,57,12,19.2036769,81.9343855
CHHATTISGARH,Total,Bastar,Train,726,596,130,0,0,0,112,87,25,277,213,64,123,110,13,88,76,12,23,21,2,22,16,6,64,59,5,17,14,3,19.2036769,81.9343855
CHHATTISGARH,Total,Bastar,Water transport,18,13,5,0,0,0,7,5,2,3,2,1,2,2,0,1,0,1,0,0,0,2,2,0,2,1,1,1,1,0,19.2036769,81.9343855
CHHATTISGARH,Total,Bastar,Any other,1076,975,101,0,0,0,100,88,12,247,212,35,172,143,29,158,144,14,73,68,5,103,102,1,208,204,4,15,14,1,19.2036769,81.9343855
CHHATTISGARH,Total,Bastar,No travel,30837,22207,8630,30837,22207,8630,0,0,0,0,0,0,0,0,0,0,0,0,0,0,0,0,0,0,0,0,0,0,0,0,19.2036769,81.9343855
CHHATTISGARH,Rural,Bastar,All Modes,82723,53652,29071,18532,12878,5654,16944,9137,7807,25741,13326,12415,10720,8462,2258,7127,6531,596,1911,1739,172,904,801,103,699,645,54,145,133,12,19.2036769,81.9343855
CHHATTISGARH,Rural,Bastar,On foot,32049,12805,19244,0,0,0,13532,6369,7163,16037,5353,10684,2480,1083,1397,0,0,0,0,0,0,0,0,0,0,0,0,0,0,0,19.2036769,81.9343855
CHHATTISGARH,Rural,Bastar,Bicycle,19551,17414,2137,0,0,0,2327,1831,496,6567,5491,1076,5395,5059,336,4386,4222,164,876,811,65,0,0,0,0,0,0,0,0,0,19.2036769,81.9343855
CHHATTISGARH,Rural,Bastar,Moped/Scooter/Motor Cycle,8937,7794,1143,0,0,0,893,781,112,2683,2199,484,2268,1974,294,1815,1642,173,632,591,41,412,385,27,137,130,7,97,92,5,19.2036769,81.9343855
CHHATTISGARH,Rural,Bastar,Car/Jeep/Van,548,446,102,0,0,0,23,21,2,53,36,17,67,41,26,186,142,44,64,59,5,102,96,6,49,47,2,4,4,0,19.2036769,81.9343855
CHHATTISGARH,Rural,Bastar,Tempo/Autorickshaw/Taxi,787,517,270,0,0,0,23,15,8,84,50,34,227,114,113,272,175,97,96,84,12,58,55,3,21,20,1,6,4,2,19.2036769,81.9343855
CHHATTISGARH,Rural,Bastar,Bus,1423,1048,375,0,0,0,26,20,6,98,41,57,104,44,60,310,209,101,204,158,46,286,222,64,369,331,38,26,23,3,19.2036769,81.9343855
CHHATTISGARH,Rural,Bastar,Train,417,337,80,0,0,0,53,38,15,125,84,41,99,90,9,70,62,8,12,12,0,11,9,2,39,36,3,8,6,2,19.2036769,81.9343855
CHHATTISGARH,Rural,Bastar,Water transport,14,10,4,0,0,0,7,5,2,2,1,1,2,2,0,1,0,1,0,0,0,1,1,0,1,1,0,0,0,0,19.2036769,81.9343855
CHHATTISGARH,Rural,Bastar,Any other,465,403,62,0,0,0,60,57,3,92,71,21,78,55,23,87,79,8,27,24,3,34,33,1,83,80,3,4,4,0,19.2036769,81.9343855
CHHATTISGARH,Rural,Bastar,No travel,18532,12878,5654,18532,12878,5654,0,0,0,0,0,0,0,0,0,0,0,0,0,0,0,0,0,0,0,0,0,0,0,0,19.2036769,81.9343855
CHHATTISGARH,Urban,Bastar,All Modes,60687,45997,14690,12305,9329,2976,15879,11261,4618,20446,15807,4639,4052,3027,1025,2836,2157,679,1923,1605,318,1593,1357,236,1316,1181,135,337,273,64,19.2036769,81.9343855
CHHATTISGARH,Urban,Bastar,On foot,15540,8809,6731,0,0,0,9372,5495,3877,5314,2789,2525,854,525,329,0,0,0,0,0,0,0,0,0,0,0,0,0,0,0,19.2036769,81.9343855
CHHATTISGARH,Urban,Bastar,Bicycle,11292,10500,792,0,0,0,2486,2319,167,7086,6585,501,900,832,68,394,373,21,426,391,35,0,0,0,0,0,0,0,0,0,19.2036769,81.9343855
CHHATTISGARH,Urban,Bastar,Moped/Scooter/Motor Cycle,15565,12977,2588,0,0,0,3581,3141,440,6752,5610,1142,1758,1319,439,1646,1286,360,745,653,92,606,547,59,260,248,12,217,173,44,19.2036769,81.9343855
CHHATTISGARH,Urban,Bastar,Car/Jeep/Van,1620,1412,208,0,0,0,181,151,30,383,326,57,96,76,20,180,146,34,241,215,26,270,244,26,237,223,14,32,31,1,19.2036769,81.9343855
CHHATTISGARH,Urban,Bastar,Tempo/Autorickshaw/Taxi,1347,800,547,0,0,0,113,45,68,471,172,299,183,118,65,179,123,56,146,119,27,171,153,18,60,54,6,24,16,8,19.2036769,81.9343855
CHHATTISGARH,Urban,Bastar,Bus,2094,1336,758,0,0,0,47,30,17,132,54,78,143,49,94,348,150,198,308,174,134,465,336,129,608,509,99,43,34,9,19.2036769,81.9343855
CHHATTISGARH,Urban,Bastar,Train,309,259,50,0,0,0,59,49,10,152,129,23,24,20,4,18,14,4,11,9,2,11,7,4,25,23,2,9,8,1,19.2036769,81.9343855
CHHATTISGARH,Urban,Bastar,Water transport,4,3,1,0,0,0,0,0,0,1,1,0,0,0,0,0,0,0,0,0,0,1,1,0,1,0,1,1,1,0,19.2036769,81.9343855
CHHATTISGARH,Urban,Bastar,Any other,611,572,39,0,0,0,40,31,9,155,141,14,94,88,6,71,65,6,46,44,2,69,69,0,125,124,1,11,10,1,19.2036769,81.9343855
CHHATTISGARH,Urban,Bastar,No travel,12305,9329,2976,12305,9329,2976,0,0,0,0,0,0,0,0,0,0,0,0,0,0,0,0,0,0,0,0,0,0,0,0,19.2036769,81.9343855
UTTAR PRADESH,Total,Pratapgarh,All Modes,305650,227466,78184,162995,106370,56625,38181,28860,9321,43578,37937,5641,29368,24979,4389,10056,9492,564,8331,7594,737,3644,3446,198,5232,4923,309,4265,3865,400,25.8973038,81.9452981
UTTAR PRADESH,Total,Pratapgarh,On foot,39705,24831,14874,0,0,0,21936,13712,8224,9360,5999,3361,8409,5120,3289,0,0,0,0,0,0,0,0,0,0,0,0,0,0,0,25.8973038,81.9452981
UTTAR PRADESH,Total,Pratapgarh,Bicycle,51867,48902,2965,0,0,0,9074,8535,539,22216,20928,1288,10997,10537,460,4084,3947,137,5496,4955,541,0,0,0,0,0,0,0,0,0,25.8973038,81.9452981
UTTAR PRADESH,Total,Pratapgarh,Moped/Scooter/Motor Cycle,20455,19065,1390,0,0,0,3187,2964,223,6035,5563,472,3688,3453,235,3227,3053,174,1210,1154,56,1139,1083,56,678,635,43,1291,1160,131,25.8973038,81.9452981
UTTAR PRADESH,Total,Pratapgarh,Car/Jeep/Van,2704,2364,340,0,0,0,410,354,56,464,389,75,373,303,70,399,353,46,241,223,18,325,301,24,257,242,15,235,199,36,25.8973038,81.9452981
UTTAR PRADESH,Total,Pratapgarh,Tempo/Autorickshaw/Taxi,4761,4198,563,0,0,0,597,532,65,1063,885,178,1213,1079,134,890,796,94,312,289,23,281,263,18,162,149,13,243,205,38,25.8973038,81.9452981
UTTAR PRADESH,Total,Pratapgarh,Bus,8240,7567,673,0,0,0,1191,1107,84,937,841,96,749,654,95,981,888,93,818,736,82,1344,1272,72,1780,1681,99,440,388,52,25.8973038,81.9452981
UTTAR PRADESH,Total,Pratapgarh,Train,13285,12645,640,0,0,0,1531,1429,102,3073,2933,140,3619,3522,97,373,356,17,201,187,14,477,455,22,2181,2047,134,1830,1716,114,25.8973038,81.9452981
UTTAR PRADESH,Total,Pratapgarh,Water transport,164,145,19,0,0,0,40,32,8,23,23,0,27,26,1,12,10,2,7,6,1,7,6,1,15,14,1,33,28,5,25.8973038,81.9452981
UTTAR PRADESH,Total,Pratapgarh,Any other,1474,1379,95,0,0,0,215,195,20,407,376,31,293,285,8,90,89,1,46,44,2,71,66,5,159,155,4,193,169,24,25.8973038,81.9452981
UTTAR PRADESH,Total,Pratapgarh,No travel,162995,106370,56625,162995,106370,56625,0,0,0,0,0,0,0,0,0,0,0,0,0,0,0,0,0,0,0,0,0,0,0,0,25.8973038,81.9452981
UTTAR PRADESH,Rural,Pratapgarh,All Modes,267268,197381,69887,143900,92934,50966,31669,23421,8248,37288,32320,4968,26336,22425,3911,9131,8675,456,7415,6790,625,3328,3158,170,4669,4419,250,3532,3239,293,25.8973038,81.9452981
UTTAR PRADESH,Rural,Pratapgarh,On foot,33415,19960,13455,0,0,0,18109,10741,7368,8032,4943,3089,7274,4276,2998,0,0,0,0,0,0,0,0,0,0,0,0,0,0,0,25.8973038,81.9452981
UTTAR PRADESH,Rural,Pratapgarh,Bicycle,46227,43558,2669,0,0,0,7720,7253,467,19636,18461,1175,10161,9740,421,3810,3684,126,4900,4420,480,0,0,0,0,0,0,0,0,0,25.8973038,81.9452981
UTTAR PRADESH,Rural,Pratapgarh,Moped/Scooter/Motor Cycle,16018,14997,1021,0,0,0,2280,2122,158,4251,3922,329,3069,2895,174,2820,2679,141,1065,1018,47,1044,992,52,599,564,35,890,805,85,25.8973038,81.9452981
UTTAR PRADESH,Rural,Pratapgarh,Car/Jeep/Van,2235,1990,245,0,0,0,327,291,36,353,304,49,320,263,57,342,307,35,199,189,10,292,272,20,218,205,13,184,159,25,25.8973038,81.9452981
UTTAR PRADESH,Rural,Pratapgarh,Tempo/Autorickshaw/Taxi,4079,3713,366,0,0,0,511,471,40,842,737,105,1003,915,88,826,759,67,284,266,18,264,249,15,151,140,11,198,176,22,25.8973038,81.9452981
UTTAR PRADESH,Rural,Pratapgarh,Bus,7528,7008,520,0,0,0,1114,1042,72,875,802,73,687,615,72,902,830,72,737,682,55,1238,1175,63,1584,1509,75,391,353,38,25.8973038,81.9452981
UTTAR PRADESH,Rural,Pratapgarh,Train,12406,11846,560,0,0,0,1406,1318,88,2920,2793,127,3516,3422,94,337,325,12,179,167,12,416,401,15,1950,1839,111,1682,1581,101,25.8973038,81.9452981
UTTAR PRADESH,Rural,Pratapgarh,Water transport,126,115,11,0,0,0,27,22,5,20,20,0,24,24,0,10,8,2,7,6,1,7,6,1,11,10,1,20,19,1,25.8973038,81.9452981
UTTAR PRADESH,Rural,Pratapgarh,Any other,1334,1260,74,0,0,0,175,161,14,359,338,21,282,275,7,84,83,1,44,42,2,67,63,4,156,152,4,167,146,21,25.8973038,81.9452981
UTTAR PRADESH,Rural,Pratapgarh,No travel,143900,92934,50966,143900,92934,50966,0,0,0,0,0,0,0,0,0,0,0,0,0,0,0,0,0,0,0,0,0,0,0,0,25.8973038,81.9452981
UTTAR PRADESH,Urban,Pratapgarh,All Modes,38382,30085,8297,19095,13436,5659,6512,5439,1073,6290,5617,673,3032,2554,478,925,817,108,916,804,112,316,288,28,563,504,59,733,626,107,25.8973038,81.9452981
UTTAR PRADESH,Urban,Pratapgarh,On foot,6290,4871,1419,0,0,0,3827,2971,856,1328,1056,272,1135,844,291,0,0,0,0,0,0,0,0,0,0,0,0,0,0,0,25.8973038,81.9452981
UTTAR PRADESH,Urban,Pratapgarh,Bicycle,5640,5344,296,0,0,0,1354,1282,72,2580,2467,113,836,797,39,274,263,11,596,535,61,0,0,0,0,0,0,0,0,0,25.8973038,81.9452981
UTTAR PRADESH,Urban,Pratapgarh,Moped/Scooter/Motor Cycle,4437,4068,369,0,0,0,907,842,65,1784,1641,143,619,558,61,407,374,33,145,136,9,95,91,4,79,71,8,401,355,46,25.8973038,81.9452981
UTTAR PRADESH,Urban,Pratapgarh,Car/Jeep/Van,469,374,95,0,0,0,83,63,20,111,85,26,53,40,13,57,46,11,42,34,8,33,29,4,39,37,2,51,40,11,25.8973038,81.9452981
UTTAR PRADESH,Urban,Pratapgarh,Tempo/Autorickshaw/Taxi,682,485,197,0,0,0,86,61,25,221,148,73,210,164,46,64,37,27,28,23,5,17,14,3,11,9,2,45,29,16,25.8973038,81.9452981
UTTAR PRADESH,Urban,Pratapgarh,Bus,712,559,153,0,0,0,77,65,12,62,39,23,62,39,23,79,58,21,81,54,27,106,97,9,196,172,24,49,35,14,25.8973038,81.9452981
UTTAR PRADESH,Urban,Pratapgarh,Train,879,799,80,0,0,0,125,111,14,153,140,13,103,100,3,36,31,5,22,20,2,61,54,7,231,208,23,148,135,13,25.8973038,81.9452981
UTTAR PRADESH,Urban,Pratapgarh,Water transport,38,30,8,0,0,0,13,10,3,3,3,0,3,2,1,2,2,0,0,0,0,0,0,0,4,4,0,13,9,4,25.8973038,81.9452981
UTTAR PRADESH,Urban,Pratapgarh,Any other,140,119,21,0,0,0,40,34,6,48,38,10,11,10,1,6,6,0,2,2,0,4,3,1,3,3,0,26,23,3,25.8973038,81.9452981
UTTAR PRADESH,Urban,Pratapgarh,No travel,19095,13436,5659,19095,13436,5659,0,0,0,0,0,0,0,0,0,0,0,0,0,0,0,0,0,0,0,0,0,0,0,0,25.8973038,81.9452981
UTTAR PRADESH,Total,Gonda,All Modes,233381,165775,67606,129701,78248,51453,30215,23799,6416,32423,28663,3760,20945,16834,4111,6080,5685,395,6684,5977,707,2110,1983,127,2078,1939,139,3145,2647,498,27.1339913,81.9618968
UTTAR PRADESH,Total,Gonda,On foot,35710,24699,11011,0,0,0,18333,12848,5485,8187,6079,2108,9190,5772,3418,0,0,0,0,0,0,0,0,0,0,0,0,0,0,0,27.1339913,81.9618968
UTTAR PRADESH,Total,Gonda,Bicycle,35043,33137,1906,0,0,0,6197,5811,386,15002,14318,684,6354,6137,217,2719,2650,69,4771,4221,550,0,0,0,0,0,0,0,0,0,27.1339913,81.9618968
UTTAR PRADESH,Total,Gonda,Moped/Scooter/Motor Cycle,17690,16489,1201,0,0,0,3435,3179,256,6315,5896,419,2435,2270,165,2026,1888,138,978,935,43,877,852,25,356,333,23,1268,1136,132,27.1339913,81.9618968
UTTAR PRADESH,Total,Gonda,Car/Jeep/Van,2127,1732,395,0,0,0,421,351,70,435,360,75,244,198,46,283,223,60,167,141,26,195,175,20,113,101,12,269,183,86,27.1339913,81.9618968
UTTAR PRADESH,Total,Gonda,Tempo/Autorickshaw/Taxi,2333,1604,729,0,0,0,238,150,88,824,471,353,520,376,144,272,222,50,158,128,30,130,119,11,30,26,4,161,112,49,27.1339913,81.9618968
UTTAR PRADESH,Total,Gonda,Bus,2824,2385,439,0,0,0,355,308,47,236,201,35,225,185,40,354,294,60,377,333,44,448,408,40,428,391,37,401,265,136,27.1339913,81.9618968
UTTAR PRADESH,Total,Gonda,Train,7135,6778,357,0,0,0,1094,1029,65,1163,1122,41,1827,1765,62,376,358,18,219,206,13,428,399,29,1124,1062,62,904,837,67,27.1339913,81.9618968
UTTAR PRADESH,Total,Gonda,Water transport,103,89,14,0,0,0,28,20,8,19,18,1,11,11,0,7,7,0,3,3,0,3,2,1,9,8,1,23,20,3,27.1339913,81.9618968
UTTAR PRADESH,Total,Gonda,Any other,715,614,101,0,0,0,114,103,11,242,198,44,139,120,19,43,43,0,11,10,1,29,28,1,18,18,0,119,94,25,27.1339913,81.9618968
UTTAR PRADESH,Total,Gonda,No travel,129701,78248,51453,129701,78248,51453,0,0,0,0,0,0,0,0,0,0,0,0,0,0,0,0,0,0,0,0,0,0,0,0,27.1339913,81.9618968
UTTAR PRADESH,Rural,Gonda,All Modes,183619,124378,59241,110845,64230,46615,19636,14426,5210,20496,17868,2628,16772,13361,3411,4999,4766,233,5470,4896,574,1602,1527,75,1421,1337,84,2378,1967,411,27.1339913,81.9618968
UTTAR PRADESH,Rural,Gonda,On foot,24389,15125,9264,0,0,0,11945,7349,4596,5408,3685,1723,7036,4091,2945,0,0,0,0,0,0,0,0,0,0,0,0,0,0,0,27.1339913,81.9618968
UTTAR PRADESH,Rural,Gonda,Bicycle,27324,25791,1533,0,0,0,4448,4170,278,10842,10335,507,5567,5375,192,2430,2368,62,4037,3543,494,0,0,0,0,0,0,0,0,0,27.1339913,81.9618968
UTTAR PRADESH,Rural,Gonda,Moped/Scooter/Motor Cycle,9523,8777,746,0,0,0,1475,1326,149,2385,2166,219,1642,1521,121,1539,1451,88,741,709,32,666,650,16,256,240,16,819,714,105,27.1339913,81.9618968
UTTAR PRADESH,Rural,Gonda,Car/Jeep/Van,1225,993,232,0,0,0,213,171,42,180,144,36,159,137,22,191,165,26,104,94,10,122,109,13,59,53,6,197,120,77,27.1339913,81.9618968
UTTAR PRADESH,Rural,Gonda,Tempo/Autorickshaw/Taxi,1293,1064,229,0,0,0,138,106,32,289,204,85,300,256,44,205,183,22,123,110,13,102,97,5,24,21,3,112,87,25,27.1339913,81.9618968
UTTAR PRADESH,Rural,Gonda,Bus,2195,1910,285,0,0,0,314,275,39,183,165,18,171,148,23,253,232,21,279,261,18,340,321,19,303,280,23,352,228,124,27.1339913,81.9618968
UTTAR PRADESH,Rural,Gonda,Train,6256,5972,284,0,0,0,1001,942,59,1052,1020,32,1788,1729,59,342,328,14,174,168,6,344,324,20,766,731,35,789,730,59,27.1339913,81.9618968
UTTAR PRADESH,Rural,Gonda,Water transport,83,72,11,0,0,0,22,14,8,17,17,0,11,11,0,6,6,0,1,1,0,3,2,1,6,5,1,17,16,1,27.1339913,81.9618968
UTTAR PRADESH,Rural,Gonda,Any other,486,444,42,0,0,0,80,73,7,140,132,8,98,93,5,33,33,0,11,10,1,25,24,1,7,7,0,92,72,20,27.1339913,81.9618968
UTTAR PRADESH,Rural,Gonda,No travel,110845,64230,46615,110845,64230,46615,0,0,0,0,0,0,0,0,0,0,0,0,0,0,0,0,0,0,0,0,0,0,0,0,27.1339913,81.9618968
UTTAR PRADESH,Urban,Gonda,All Modes,49762,41397,8365,18856,14018,4838,10579,9373,1206,11927,10795,1132,4173,3473,700,1081,919,162,1214,1081,133,508,456,52,657,602,55,767,680,87,27.1339913,81.9618968
UTTAR PRADESH,Urban,Gonda,On foot,11321,9574,1747,0,0,0,6388,5499,889,2779,2394,385,2154,1681,473,0,0,0,0,0,0,0,0,0,0,0,0,0,0,0,27.1339913,81.9618968
UTTAR PRADESH,Urban,Gonda,Bicycle,7719,7346,373,0,0,0,1749,1641,108,4160,3983,177,787,762,25,289,282,7,734,678,56,0,0,0,0,0,0,0,0,0,27.1339913,81.9618968
UTTAR PRADESH,Urban,Gonda,Moped/Scooter/Motor Cycle,8167,7712,455,0,0,0,1960,1853,107,3930,3730,200,793,749,44,487,437,50,237,226,11,211,202,9,100,93,7,449,422,27,27.1339913,81.9618968
UTTAR PRADESH,Urban,Gonda,Car/Jeep/Van,902,739,163,0,0,0,208,180,28,255,216,39,85,61,24,92,58,34,63,47,16,73,66,7,54,48,6,72,63,9,27.1339913,81.9618968
UTTAR PRADESH,Urban,Gonda,Tempo/Autorickshaw/Taxi,1040,540,500,0,0,0,100,44,56,535,267,268,220,120,100,67,39,28,35,18,17,28,22,6,6,5,1,49,25,24,27.1339913,81.9618968
UTTAR PRADESH,Urban,Gonda,Bus,629,475,154,0,0,0,41,33,8,53,36,17,54,37,17,101,62,39,98,72,26,108,87,21,125,111,14,49,37,12,27.1339913,81.9618968
UTTAR PRADESH,Urban,Gonda,Train,879,806,73,0,0,0,93,87,6,111,102,9,39,36,3,34,30,4,45,38,7,84,75,9,358,331,27,115,107,8,27.1339913,81.9618968
UTTAR PRADESH,Urban,Gonda,Water transport,20,17,3,0,0,0,6,6,0,2,1,1,0,0,0,1,1,0,2,2,0,0,0,0,3,3,0,6,4,2,27.1339913,81.9618968
UTTAR PRADESH,Urban,Gonda,Any other,229,170,59,0,0,0,34,30,4,102,66,36,41,27,14,10,10,0,0,0,0,4,4,0,11,11,0,27,22,5,27.1339913,81.9618968
UTTAR PRADESH,Urban,Gonda,No travel,18856,14018,4838,18856,14018,4838,0,0,0,0,0,0,0,0,0,0,0,0,0,0,0,0,0,0,0,0,0,0,0,0,27.1339913,81.9618968
UTTAR PRADESH,Total,Shrawasti,All Modes,56694,37601,19093,36207,21037,15170,5940,4199,1741,6103,5301,802,4081,3048,1033,1194,1110,84,1287,1151,136,493,468,25,958,928,30,431,359,72,27.5035427,82.036461
UTTAR PRADESH,Total,Shrawasti,On foot,9355,6227,3128,0,0,0,4611,2977,1634,2602,2016,586,2142,1234,908,0,0,0,0,0,0,0,0,0,0,0,0,0,0,0,27.5035427,82.036461
UTTAR PRADESH,Total,Shrawasti,Bicycle,6125,5798,327,0,0,0,866,821,45,2549,2443,106,1310,1255,55,517,502,15,883,777,106,0,0,0,0,0,0,0,0,0,27.5035427,82.036461
UTTAR PRADESH,Total,Shrawasti,Moped/Scooter/Motor Cycle,2471,2275,196,0,0,0,277,256,21,681,605,76,427,395,32,393,370,23,222,214,8,210,200,10,100,94,6,161,141,20,27.5035427,82.036461
UTTAR PRADESH,Total,Shrawasti,Car/Jeep/Van,242,200,42,0,0,0,35,25,10,43,39,4,15,11,4,41,28,13,19,17,2,40,39,1,22,21,1,27,20,7,27.5035427,82.036461
UTTAR PRADESH,Total,Shrawasti,Tempo/Autorickshaw/Taxi,182,135,47,0,0,0,11,5,6,49,39,10,56,42,14,20,16,4,5,4,1,12,11,1,6,5,1,23,13,10,27.5035427,82.036461
UTTAR PRADESH,Total,Shrawasti,Bus,934,833,101,0,0,0,40,32,8,44,39,5,65,50,15,169,143,26,141,124,17,200,187,13,225,214,11,50,44,6,27.5035427,82.036461
UTTAR PRADESH,Total,Shrawasti,Train,988,938,50,0,0,0,71,63,8,88,79,9,36,34,2,40,37,3,14,13,1,24,24,0,597,586,11,118,102,16,27.5035427,82.036461
UTTAR PRADESH,Total,Shrawasti,Water transport,16,16,0,0,0,0,4,4,0,1,1,0,0,0,0,0,0,0,0,0,0,0,0,0,0,0,0,11,11,0,27.5035427,82.036461
UTTAR PRADESH,Total,Shrawasti,Any other,174,142,32,0,0,0,25,16,9,46,40,6,30,27,3,14,14,0,3,2,1,7,7,0,8,8,0,41,28,13,27.5035427,82.036461
UTTAR PRADESH,Total,Shrawasti,No travel,36207,21037,15170,36207,21037,15170,0,0,0,0,0,0,0,0,0,0,0,0,0,0,0,0,0,0,0,0,0,0,0,0,27.5035427,82.036461
UTTAR PRADESH,Rural,Shrawasti,All Modes,49160,30800,18360,32636,17893,14743,4301,2700,1601,4691,3996,695,3580,2583,997,1061,985,76,1196,1062,134,418,398,20,885,862,23,392,321,71,27.5035427,82.036461
UTTAR PRADESH,Rural,Shrawasti,On foot,7332,4420,2912,0,0,0,3415,1908,1507,1953,1436,517,1964,1076,888,0,0,0,0,0,0,0,0,0,0,0,0,0,0,0,27.5035427,82.036461
UTTAR PRADESH,Rural,Shrawasti,Bicycle,5032,4726,306,0,0,0,578,535,43,2053,1960,93,1105,1054,51,461,446,15,835,731,104,0,0,0,0,0,0,0,0,0,27.5035427,82.036461
UTTAR PRADESH,Rural,Shrawasti,Moped/Scooter/Motor Cycle,1940,1774,166,0,0,0,157,140,17,489,428,61,349,322,27,348,328,20,191,183,8,173,165,8,87,82,5,146,126,20,27.5035427,82.036461
UTTAR PRADESH,Rural,Shrawasti,Car/Jeep/Van,188,154,34,0,0,0,25,18,7,30,28,2,10,8,2,33,21,12,18,16,2,32,31,1,19,18,1,21,14,7,27.5035427,82.036461
UTTAR PRADESH,Rural,Shrawasti,Tempo/Autorickshaw/Taxi,157,118,39,0,0,0,8,5,3,37,29,8,50,38,12,20,16,4,4,3,1,11,11,0,6,5,1,21,11,10,27.5035427,82.036461
UTTAR PRADESH,Rural,Shrawasti,Bus,816,729,87,0,0,0,34,26,8,38,33,5,54,41,13,153,131,22,133,116,17,175,164,11,183,178,5,46,40,6,27.5035427,82.036461
UTTAR PRADESH,Rural,Shrawasti,Train,941,891,50,0,0,0,63,55,8,76,67,9,33,31,2,38,35,3,13,12,1,23,23,0,583,572,11,112,96,16,27.5035427,82.036461
UTTAR PRADESH,Rural,Shrawasti,Water transport,14,14,0,0,0,0,3,3,0,1,1,0,0,0,0,0,0,0,0,0,0,0,0,0,0,0,0,10,10,0,27.5035427,82.036461
UTTAR PRADESH,Rural,Shrawasti,Any other,104,81,23,0,0,0,18,10,8,14,14,0,15,13,2,8,8,0,2,1,1,4,4,0,7,7,0,36,24,12,27.5035427,82.036461
UTTAR PRADESH,Rural,Shrawasti,No travel,32636,17893,14743,32636,17893,14743,0,0,0,0,0,0,0,0,0,0,0,0,0,0,0,0,0,0,0,0,0,0,0,0,27.5035427,82.036461
UTTAR PRADESH,Urban,Shrawasti,All Modes,7534,6801,733,3571,3144,427,1639,1499,140,1412,1305,107,501,465,36,133,125,8,91,89,2,75,70,5,73,66,7,39,38,1,27.5035427,82.036461
UTTAR PRADESH,Urban,Shrawasti,On foot,2023,1807,216,0,0,0,1196,1069,127,649,580,69,178,158,20,0,0,0,0,0,0,0,0,0,0,0,0,0,0,0,27.5035427,82.036461
UTTAR PRADESH,Urban,Shrawasti,Bicycle,1093,1072,21,0,0,0,288,286,2,496,483,13,205,201,4,56,56,0,48,46,2,0,0,0,0,0,0,0,0,0,27.5035427,82.036461
UTTAR PRADESH,Urban,Shrawasti,Moped/Scooter/Motor Cycle,531,501,30,0,0,0,120,116,4,192,177,15,78,73,5,45,42,3,31,31,0,37,35,2,13,12,1,15,15,0,27.5035427,82.036461
UTTAR PRADESH,Urban,Shrawasti,Car/Jeep/Van,54,46,8,0,0,0,10,7,3,13,11,2,5,3,2,8,7,1,1,1,0,8,8,0,3,3,0,6,6,0,27.5035427,82.036461
UTTAR PRADESH,Urban,Shrawasti,Tempo/Autorickshaw/Taxi,25,17,8,0,0,0,3,0,3,12,10,2,6,4,2,0,0,0,1,1,0,1,0,1,0,0,0,2,2,0,27.5035427,82.036461
UTTAR PRADESH,Urban,Shrawasti,Bus,118,104,14,0,0,0,6,6,0,6,6,0,11,9,2,16,12,4,8,8,0,25,23,2,42,36,6,4,4,0,27.5035427,82.036461
UTTAR PRADESH,Urban,Shrawasti,Train,47,47,0,0,0,0,8,8,0,12,12,0,3,3,0,2,2,0,1,1,0,1,1,0,14,14,0,6,6,0,27.5035427,82.036461
UTTAR PRADESH,Urban,Shrawasti,Water transport,2,2,0,0,0,0,1,1,0,0,0,0,0,0,0,0,0,0,0,0,0,0,0,0,0,0,0,1,1,0,27.5035427,82.036461
UTTAR PRADESH,Urban,Shrawasti,Any other,70,61,9,0,0,0,7,6,1,32,26,6,15,14,1,6,6,0,1,1,0,3,3,0,1,1,0,5,4,1,27.5035427,82.036461
UTTAR PRADESH,Urban,Shrawasti,No travel,3571,3144,427,3571,3144,427,0,0,0,0,0,0,0,0,0,0,0,0,0,0,0,0,0,0,0,0,0,0,0,0,27.5035427,82.036461
ANDHRA PRADESH,Total,East Godavari,All Modes,753375,612194,141181,209267,149414,59853,123103,93924,29179,202228,173314,28914,109973,96641,13332,46099,41277,4822,25354,23230,2124,15567,14168,1399,17249,16162,1087,4535,4064,471,17.32125,82.0407137
ANDHRA PRADESH,Total,East Godavari,On foot,125969,80115,45854,0,0,0,71277,44984,26293,39814,24783,15031,14878,10348,4530,0,0,0,0,0,0,0,0,0,0,0,0,0,0,0,17.32125,82.0407137
ANDHRA PRADESH,Total,East Godavari,Bicycle,178654,174100,4554,0,0,0,30915,30092,823,90527,87986,2541,39121,38321,800,10510,10352,158,7581,7349,232,0,0,0,0,0,0,0,0,0,17.32125,82.0407137
ANDHRA PRADESH,Total,East Godavari,Moped/Scooter/Motor Cycle,110498,104845,5653,0,0,0,15392,14617,775,44650,41984,2666,25638,24338,1300,13206,12673,533,4681,4539,142,3172,3067,105,1616,1582,34,2143,2045,98,17.32125,82.0407137
ANDHRA PRADESH,Total,East Godavari,Car/Jeep/Van,10420,9086,1334,0,0,0,910,759,151,2908,2390,518,1944,1624,320,1386,1245,141,854,775,79,1033,966,67,1102,1064,38,283,263,20,17.32125,82.0407137
ANDHRA PRADESH,Total,East Godavari,Tempo/Autorickshaw/Taxi,39514,27470,12044,0,0,0,1992,1249,743,12468,6769,5699,12942,9297,3645,6625,5309,1316,2302,2017,285,1555,1423,132,934,889,45,696,517,179,17.32125,82.0407137
ANDHRA PRADESH,Total,East Godavari,Bus,39869,29840,10029,0,0,0,739,474,265,4447,2355,2092,7316,5038,2278,9838,7353,2485,6541,5230,1311,5775,4827,948,4808,4264,544,405,299,106,17.32125,82.0407137
ANDHRA PRADESH,Total,East Godavari,Train,8783,8024,759,0,0,0,479,428,51,1167,1078,89,760,694,66,460,410,50,340,308,32,720,639,81,4497,4139,358,360,328,32,17.32125,82.0407137
ANDHRA PRADESH,Total,East Godavari,Water transport,24203,23415,788,0,0,0,769,729,40,4678,4515,163,6247,5903,344,3532,3413,119,2773,2735,38,2742,2715,27,3121,3076,45,341,329,12,17.32125,82.0407137
ANDHRA PRADESH,Total,East Godavari,Any other,6198,5885,313,0,0,0,630,592,38,1569,1454,115,1127,1078,49,542,522,20,282,277,5,570,531,39,1171,1148,23,307,283,24,17.32125,82.0407137
ANDHRA PRADESH,Total,East Godavari,No travel,209267,149414,59853,209267,149414,59853,0,0,0,0,0,0,0,0,0,0,0,0,0,0,0,0,0,0,0,0,0,0,0,0,17.32125,82.0407137
ANDHRA PRADESH,Rural,East Godavari,All Modes,372395,300432,71963,123287,87923,35364,56777,42229,14548,76965,65988,10977,52572,46465,6107,28026,25516,2510,14705,13624,1081,9842,9113,729,9197,8656,541,1024,918,106,17.32125,82.0407137
ANDHRA PRADESH,Rural,East Godavari,On foot,55956,33895,22061,0,0,0,34611,21019,13592,15430,9085,6345,5915,3791,2124,0,0,0,0,0,0,0,0,0,0,0,0,0,0,0,17.32125,82.0407137
ANDHRA PRADESH,Rural,East Godavari,Bicycle,82849,81045,1804,0,0,0,14935,14575,360,37840,36889,951,20289,19960,329,6806,6713,93,2979,2908,71,0,0,0,0,0,0,0,0,0,17.32125,82.0407137
ANDHRA PRADESH,Rural,East Godavari,Moped/Scooter/Motor Cycle,39941,38215,1726,0,0,0,4831,4633,198,11729,11138,591,10552,10048,504,7067,6802,265,2826,2747,79,1766,1710,56,777,760,17,393,377,16,17.32125,82.0407137
ANDHRA PRADESH,Rural,East Godavari,Car/Jeep/Van,3776,3219,557,0,0,0,278,230,48,683,485,198,685,512,173,593,533,60,395,363,32,514,496,18,561,539,22,67,61,6,17.32125,82.0407137
ANDHRA PRADESH,Rural,East Godavari,Tempo/Autorickshaw/Taxi,15252,11303,3949,0,0,0,573,433,140,3756,2076,1680,4283,3025,1258,3658,3035,623,1404,1250,154,939,882,57,490,474,16,149,128,21,17.32125,82.0407137
ANDHRA PRADESH,Rural,East Godavari,Bus,23771,18452,5319,0,0,0,384,254,130,2152,1168,984,4540,3203,1337,6099,4773,1326,4181,3487,694,3507,2998,509,2761,2462,299,147,107,40,17.32125,82.0407137
ANDHRA PRADESH,Rural,East Godavari,Train,3884,3579,305,0,0,0,250,221,29,521,485,36,416,393,23,231,212,19,161,144,17,243,215,28,1965,1820,145,97,89,8,17.32125,82.0407137
ANDHRA PRADESH,Rural,East Godavari,Water transport,20656,19940,716,0,0,0,683,647,36,4329,4177,152,5390,5057,333,3253,3141,112,2574,2545,29,2470,2446,24,1880,1853,27,77,74,3,17.32125,82.0407137
ANDHRA PRADESH,Rural,East Godavari,Any other,3023,2861,162,0,0,0,232,217,15,525,485,40,502,476,26,319,307,12,185,180,5,403,366,37,763,748,15,94,82,12,17.32125,82.0407137
ANDHRA PRADESH,Rural,East Godavari,No travel,123287,87923,35364,123287,87923,35364,0,0,0,0,0,0,0,0,0,0,0,0,0,0,0,0,0,0,0,0,0,0,0,0,17.32125,82.0407137
ANDHRA PRADESH,Urban,East Godavari,All Modes,380980,311762,69218,85980,61491,24489,66326,51695,14631,125263,107326,17937,57401,50176,7225,18073,15761,2312,10649,9606,1043,5725,5055,670,8052,7506,546,3511,3146,365,17.32125,82.0407137
ANDHRA PRADESH,Urban,East Godavari,On foot,70013,46220,23793,0,0,0,36666,23965,12701,24384,15698,8686,8963,6557,2406,0,0,0,0,0,0,0,0,0,0,0,0,0,0,0,17.32125,82.0407137
ANDHRA PRADESH,Urban,East Godavari,Bicycle,95805,93055,2750,0,0,0,15980,15517,463,52687,51097,1590,18832,18361,471,3704,3639,65,4602,4441,161,0,0,0,0,0,0,0,0,0,17.32125,82.0407137
ANDHRA PRADESH,Urban,East Godavari,Moped/Scooter/Motor Cycle,70557,66630,3927,0,0,0,10561,9984,577,32921,30846,2075,15086,14290,796,6139,5871,268,1855,1792,63,1406,1357,49,839,822,17,1750,1668,82,17.32125,82.0407137
ANDHRA PRADESH,Urban,East Godavari,Car/Jeep/Van,6644,5867,777,0,0,0,632,529,103,2225,1905,320,1259,1112,147,793,712,81,459,412,47,519,470,49,541,525,16,216,202,14,17.32125,82.0407137
ANDHRA PRADESH,Urban,East Godavari,Tempo/Autorickshaw/Taxi,24262,16167,8095,0,0,0,1419,816,603,8712,4693,4019,8659,6272,2387,2967,2274,693,898,767,131,616,541,75,444,415,29,547,389,158,17.32125,82.0407137
ANDHRA PRADESH,Urban,East Godavari,Bus,16098,11388,4710,0,0,0,355,220,135,2295,1187,1108,2776,1835,941,3739,2580,1159,2360,1743,617,2268,1829,439,2047,1802,245,258,192,66,17.32125,82.0407137
ANDHRA PRADESH,Urban,East Godavari,Train,4899,4445,454,0,0,0,229,207,22,646,593,53,344,301,43,229,198,31,179,164,15,477,424,53,2532,2319,213,263,239,24,17.32125,82.0407137
ANDHRA PRADESH,Urban,East Godavari,Water transport,3547,3475,72,0,0,0,86,82,4,349,338,11,857,846,11,279,272,7,199,190,9,272,269,3,1241,1223,18,264,255,9,17.32125,82.0407137
ANDHRA PRADESH,Urban,East Godavari,Any other,3175,3024,151,0,0,0,398,375,23,1044,969,75,625,602,23,223,215,8,97,97,0,167,165,2,408,400,8,213,201,12,17.32125,82.0407137
ANDHRA PRADESH,Urban,East Godavari,No travel,85980,61491,24489,85980,61491,24489,0,0,0,0,0,0,0,0,0,0,0,0,0,0,0,0,0,0,0,0,0,0,0,0,17.32125,82.0407137
UTTAR PRADESH,Total,Sultanpur,All Modes,316323,236964,79359,153354,98077,55277,40832,29710,11122,49588,43187,6401,31352,27283,4069,13096,12423,673,9536,8830,706,3820,3592,228,11327,10799,528,3418,3063,355,26.2585371,82.0659858
UTTAR PRADESH,Total,Sultanpur,On foot,47670,30679,16991,0,0,0,27100,17110,9990,11963,7914,4049,8607,5655,2952,0,0,0,0,0,0,0,0,0,0,0,0,0,0,0,26.2585371,82.0659858
UTTAR PRADESH,Total,Sultanpur,Bicycle,61019,58291,2728,0,0,0,7819,7317,502,26597,25407,1190,14695,14278,417,5912,5782,130,5996,5507,489,0,0,0,0,0,0,0,0,0,26.2585371,82.0659858
UTTAR PRADESH,Total,Sultanpur,Moped/Scooter/Motor Cycle,24873,23426,1447,0,0,0,3921,3662,259,7457,6913,544,4760,4508,252,3893,3733,160,1614,1559,55,1219,1172,47,902,862,40,1107,1017,90,26.2585371,82.0659858
UTTAR PRADESH,Total,Sultanpur,Car/Jeep/Van,3478,3091,387,0,0,0,527,461,66,631,539,92,466,388,78,557,489,68,337,320,17,354,335,19,409,387,22,197,172,25,26.2585371,82.0659858
UTTAR PRADESH,Total,Sultanpur,Tempo/Autorickshaw/Taxi,4793,3917,876,0,0,0,263,174,89,1090,782,308,1210,1002,208,1236,1065,171,375,342,33,238,223,15,165,152,13,216,177,39,26.2585371,82.0659858
UTTAR PRADESH,Total,Sultanpur,Bus,7568,6796,772,0,0,0,289,229,60,394,320,74,688,563,125,950,828,122,960,865,95,1523,1406,117,2451,2313,138,313,272,41,26.2585371,82.0659858
UTTAR PRADESH,Total,Sultanpur,Train,11783,11138,645,0,0,0,632,550,82,1018,930,88,654,627,27,419,401,18,226,210,16,446,420,26,7098,6795,303,1290,1205,85,26.2585371,82.0659858
UTTAR PRADESH,Total,Sultanpur,Water transport,119,102,17,0,0,0,18,10,8,9,8,1,15,13,2,6,6,0,5,4,1,7,5,2,42,42,0,17,14,3,26.2585371,82.0659858
UTTAR PRADESH,Total,Sultanpur,Any other,1666,1447,219,0,0,0,263,197,66,429,374,55,257,249,8,123,119,4,23,23,0,33,31,2,260,248,12,278,206,72,26.2585371,82.0659858
UTTAR PRADESH,Total,Sultanpur,No travel,153354,98077,55277,153354,98077,55277,0,0,0,0,0,0,0,0,0,0,0,0,0,0,0,0,0,0,0,0,0,0,0,0,26.2585371,82.0659858
UTTAR PRADESH,Rural,Sultanpur,All Modes,269802,198594,71208,134994,84475,50519,29626,19958,9668,40271,34736,5535,28206,24705,3501,12076,11590,486,8566,7964,602,3155,2995,160,10113,9674,439,2795,2497,298,26.2585371,82.0659858
UTTAR PRADESH,Rural,Sultanpur,On foot,37705,22535,15170,0,0,0,20935,12055,8880,9565,5882,3683,7205,4598,2607,0,0,0,0,0,0,0,0,0,0,0,0,0,0,0,26.2585371,82.0659858
UTTAR PRADESH,Rural,Sultanpur,Bicycle,54954,52438,2516,0,0,0,6099,5651,448,23559,22467,1092,14054,13663,391,5720,5594,126,5522,5063,459,0,0,0,0,0,0,0,0,0,26.2585371,82.0659858
UTTAR PRADESH,Rural,Sultanpur,Moped/Scooter/Motor Cycle,17354,16335,1019,0,0,0,1399,1267,132,4560,4167,393,4056,3865,191,3422,3298,124,1387,1345,42,1027,987,40,756,729,27,747,677,70,26.2585371,82.0659858
UTTAR PRADESH,Rural,Sultanpur,Car/Jeep/Van,2437,2183,254,0,0,0,149,123,26,354,300,54,388,328,60,499,449,50,284,273,11,274,264,10,332,312,20,157,134,23,26.2585371,82.0659858
UTTAR PRADESH,Rural,Sultanpur,Tempo/Autorickshaw/Taxi,3873,3401,472,0,0,0,161,126,35,731,576,155,1039,914,125,1096,1002,94,336,317,19,199,192,7,141,131,10,170,143,27,26.2585371,82.0659858
UTTAR PRADESH,Rural,Sultanpur,Bus,6351,5820,531,0,0,0,228,184,44,333,279,54,615,520,95,820,749,71,803,745,58,1226,1148,78,2070,1967,103,256,228,28,26.2585371,82.0659858
UTTAR PRADESH,Rural,Sultanpur,Train,10659,10100,559,0,0,0,512,442,70,835,762,73,602,580,22,398,381,17,207,195,12,394,372,22,6519,6252,267,1192,1116,76,26.2585371,82.0659858
UTTAR PRADESH,Rural,Sultanpur,Water transport,112,97,15,0,0,0,16,9,7,8,7,1,15,13,2,6,6,0,5,4,1,6,4,2,42,42,0,14,12,2,26.2585371,82.0659858
UTTAR PRADESH,Rural,Sultanpur,Any other,1363,1210,153,0,0,0,127,101,26,326,296,30,232,224,8,115,111,4,22,22,0,29,28,1,253,241,12,259,187,72,26.2585371,82.0659858
UTTAR PRADESH,Rural,Sultanpur,No travel,134994,84475,50519,134994,84475,50519,0,0,0,0,0,0,0,0,0,0,0,0,0,0,0,0,0,0,0,0,0,0,0,0,26.2585371,82.0659858
UTTAR PRADESH,Urban,Sultanpur,All Modes,46521,38370,8151,18360,13602,4758,11206,9752,1454,9317,8451,866,3146,2578,568,1020,833,187,970,866,104,665,597,68,1214,1125,89,623,566,57,26.2585371,82.0659858
UTTAR PRADESH,Urban,Sultanpur,On foot,9965,8144,1821,0,0,0,6165,5055,1110,2398,2032,366,1402,1057,345,0,0,0,0,0,0,0,0,0,0,0,0,0,0,0,26.2585371,82.0659858
UTTAR PRADESH,Urban,Sultanpur,Bicycle,6065,5853,212,0,0,0,1720,1666,54,3038,2940,98,641,615,26,192,188,4,474,444,30,0,0,0,0,0,0,0,0,0,26.2585371,82.0659858
UTTAR PRADESH,Urban,Sultanpur,Moped/Scooter/Motor Cycle,7519,7091,428,0,0,0,2522,2395,127,2897,2746,151,704,643,61,471,435,36,227,214,13,192,185,7,146,133,13,360,340,20,26.2585371,82.0659858
UTTAR PRADESH,Urban,Sultanpur,Car/Jeep/Van,1041,908,133,0,0,0,378,338,40,277,239,38,78,60,18,58,40,18,53,47,6,80,71,9,77,75,2,40,38,2,26.2585371,82.0659858
UTTAR PRADESH,Urban,Sultanpur,Tempo/Autorickshaw/Taxi,920,516,404,0,0,0,102,48,54,359,206,153,171,88,83,140,63,77,39,25,14,39,31,8,24,21,3,46,34,12,26.2585371,82.0659858
UTTAR PRADESH,Urban,Sultanpur,Bus,1217,976,241,0,0,0,61,45,16,61,41,20,73,43,30,130,79,51,157,120,37,297,258,39,381,346,35,57,44,13,26.2585371,82.0659858
UTTAR PRADESH,Urban,Sultanpur,Train,1124,1038,86,0,0,0,120,108,12,183,168,15,52,47,5,21,20,1,19,15,4,52,48,4,579,543,36,98,89,9,26.2585371,82.0659858
UTTAR PRADESH,Urban,Sultanpur,Water transport,7,5,2,0,0,0,2,1,1,1,1,0,0,0,0,0,0,0,0,0,0,1,1,0,0,0,0,3,2,1,26.2585371,82.0659858
UTTAR PRADESH,Urban,Sultanpur,Any other,303,237,66,0,0,0,136,96,40,103,78,25,25,25,0,8,8,0,1,1,0,4,3,1,7,7,0,19,19,0,26.2585371,82.0659858
UTTAR PRADESH,Urban,Sultanpur,No travel,18360,13602,4758,18360,13602,4758,0,0,0,0,0,0,0,0,0,0,0,0,0,0,0,0,0,0,0,0,0,0,0,0,26.2585371,82.0659858
CHHATTISGARH,Total,Mahasamund,All Modes,75853,58062,17791,22072,15250,6822,21225,15340,5885,17455,14292,3163,6088,5106,982,3608,3221,387,1905,1692,213,1289,1148,141,1971,1813,158,240,200,40,21.1091317,82.0979023
CHHATTISGARH,Total,Mahasamund,On foot,18210,10738,7472,0,0,0,13002,7804,5198,4169,2320,1849,1039,614,425,0,0,0,0,0,0,0,0,0,0,0,0,0,0,0,21.1091317,82.0979023
CHHATTISGARH,Total,Mahasamund,Bicycle,16566,15625,941,0,0,0,4567,4257,310,8045,7575,470,2208,2122,86,1027,996,31,719,675,44,0,0,0,0,0,0,0,0,0,21.1091317,82.0979023
CHHATTISGARH,Total,Mahasamund,Moped/Scooter/Motor Cycle,13743,12184,1559,0,0,0,3183,2906,277,4543,3903,640,2305,1979,326,1866,1682,184,763,703,60,621,587,34,311,295,16,151,129,22,21.1091317,82.0979023
CHHATTISGARH,Total,Mahasamund,Car/Jeep/Van,765,673,92,0,0,0,145,117,28,135,108,27,75,71,4,106,96,10,48,41,7,99,96,3,151,138,13,6,6,0,21.1091317,82.0979023
CHHATTISGARH,Total,Mahasamund,Tempo/Autorickshaw/Taxi,298,241,57,0,0,0,36,26,10,110,82,28,39,34,5,45,38,7,20,20,0,19,19,0,17,16,1,12,6,6,21.1091317,82.0979023
CHHATTISGARH,Total,Mahasamund,Bus,2951,2218,733,0,0,0,139,97,42,250,123,127,339,213,126,498,351,147,324,229,95,430,336,94,923,829,94,48,40,8,21.1091317,82.0979023
CHHATTISGARH,Total,Mahasamund,Train,857,780,77,0,0,0,66,55,11,77,68,9,51,48,3,34,31,3,19,13,6,93,84,9,498,465,33,19,16,3,21.1091317,82.0979023
CHHATTISGARH,Total,Mahasamund,Water transport,19,14,5,0,0,0,15,12,3,1,1,0,1,0,1,1,1,0,0,0,0,0,0,0,0,0,0,1,0,1,21.1091317,82.0979023
CHHATTISGARH,Total,Mahasamund,Any other,372,339,33,0,0,0,72,66,6,125,112,13,31,25,6,31,26,5,12,11,1,27,26,1,71,70,1,3,3,0,21.1091317,82.0979023
CHHATTISGARH,Total,Mahasamund,No travel,22072,15250,6822,22072,15250,6822,0,0,0,0,0,0,0,0,0,0,0,0,0,0,0,0,0,0,0,0,0,0,0,0,21.1091317,82.0979023
CHHATTISGARH,Rural,Mahasamund,All Modes,39884,30194,9690,15229,10463,4766,8141,5340,2801,7369,6267,1102,4071,3511,560,2207,2032,175,1180,1063,117,643,582,61,883,805,78,161,131,30,21.1091317,82.0979023
CHHATTISGARH,Rural,Mahasamund,On foot,7122,3866,3256,0,0,0,5438,2945,2493,1063,578,485,621,343,278,0,0,0,0,0,0,0,0,0,0,0,0,0,0,0,21.1091317,82.0979023
CHHATTISGARH,Rural,Mahasamund,Bicycle,8267,7724,543,0,0,0,1702,1522,180,3735,3497,238,1673,1606,67,709,684,25,448,415,33,0,0,0,0,0,0,0,0,0,21.1091317,82.0979023
CHHATTISGARH,Rural,Mahasamund,Moped/Scooter/Motor Cycle,7198,6404,794,0,0,0,867,761,106,2360,2044,316,1580,1406,174,1199,1103,96,523,479,44,383,356,27,180,167,13,106,88,18,21.1091317,82.0979023
CHHATTISGARH,Rural,Mahasamund,Car/Jeep/Van,228,202,26,0,0,0,27,23,4,26,22,4,36,33,3,33,30,3,21,17,4,30,29,1,52,45,7,3,3,0,21.1091317,82.0979023
CHHATTISGARH,Rural,Mahasamund,Tempo/Autorickshaw/Taxi,104,90,14,0,0,0,10,10,0,21,17,4,27,24,3,20,18,2,8,8,0,8,8,0,3,3,0,7,2,5,21.1091317,82.0979023
CHHATTISGARH,Rural,Mahasamund,Bus,1369,1116,253,0,0,0,47,35,12,103,56,47,92,64,28,206,163,43,170,137,33,198,166,32,520,466,54,33,29,4,21.1091317,82.0979023
CHHATTISGARH,Rural,Mahasamund,Train,229,211,18,0,0,0,22,18,4,32,28,4,26,25,1,19,17,2,4,2,2,13,13,0,104,101,3,9,7,2,21.1091317,82.0979023
CHHATTISGARH,Rural,Mahasamund,Water transport,12,10,2,0,0,0,10,9,1,0,0,0,0,0,0,1,1,0,0,0,0,0,0,0,0,0,0,1,0,1,21.1091317,82.0979023
CHHATTISGARH,Rural,Mahasamund,Any other,126,108,18,0,0,0,18,17,1,29,25,4,16,10,6,20,16,4,6,5,1,11,10,1,24,23,1,2,2,0,21.1091317,82.0979023
CHHATTISGARH,Rural,Mahasamund,No travel,15229,10463,4766,15229,10463,4766,0,0,0,0,0,0,0,0,0,0,0,0,0,0,0,0,0,0,0,0,0,0,0,0,21.1091317,82.0979023
CHHATTISGARH,Urban,Mahasamund,All Modes,35969,27868,8101,6843,4787,2056,13084,10000,3084,10086,8025,2061,2017,1595,422,1401,1189,212,725,629,96,646,566,80,1088,1008,80,79,69,10,21.1091317,82.0979023
CHHATTISGARH,Urban,Mahasamund,On foot,11088,6872,4216,0,0,0,7564,4859,2705,3106,1742,1364,418,271,147,0,0,0,0,0,0,0,0,0,0,0,0,0,0,0,21.1091317,82.0979023
CHHATTISGARH,Urban,Mahasamund,Bicycle,8299,7901,398,0,0,0,2865,2735,130,4310,4078,232,535,516,19,318,312,6,271,260,11,0,0,0,0,0,0,0,0,0,21.1091317,82.0979023
CHHATTISGARH,Urban,Mahasamund,Moped/Scooter/Motor Cycle,6545,5780,765,0,0,0,2316,2145,171,2183,1859,324,725,573,152,667,579,88,240,224,16,238,231,7,131,128,3,45,41,4,21.1091317,82.0979023
CHHATTISGARH,Urban,Mahasamund,Car/Jeep/Van,537,471,66,0,0,0,118,94,24,109,86,23,39,38,1,73,66,7,27,24,3,69,67,2,99,93,6,3,3,0,21.1091317,82.0979023
CHHATTISGARH,Urban,Mahasamund,Tempo/Autorickshaw/Taxi,194,151,43,0,0,0,26,16,10,89,65,24,12,10,2,25,20,5,12,12,0,11,11,0,14,13,1,5,4,1,21.1091317,82.0979023
CHHATTISGARH,Urban,Mahasamund,Bus,1582,1102,480,0,0,0,92,62,30,147,67,80,247,149,98,292,188,104,154,92,62,232,170,62,403,363,40,15,11,4,21.1091317,82.0979023
CHHATTISGARH,Urban,Mahasamund,Train,628,569,59,0,0,0,44,37,7,45,40,5,25,23,2,15,14,1,15,11,4,80,71,9,394,364,30,10,9,1,21.1091317,82.0979023
CHHATTISGARH,Urban,Mahasamund,Water transport,7,4,3,0,0,0,5,3,2,1,1,0,1,0,1,0,0,0,0,0,0,0,0,0,0,0,0,0,0,0,21.1091317,82.0979023
CHHATTISGARH,Urban,Mahasamund,Any other,246,231,15,0,0,0,54,49,5,96,87,9,15,15,0,11,10,1,6,6,0,16,16,0,47,47,0,1,1,0,21.1091317,82.0979023
CHHATTISGARH,Urban,Mahasamund,No travel,6843,4787,2056,6843,4787,2056,0,0,0,0,0,0,0,0,0,0,0,0,0,0,0,0,0,0,0,0,0,0,0,0,21.1091317,82.0979023
CHHATTISGARH,Total,Bilaspur,All Modes,332556,255213,77343,72813,50554,22259,62757,44401,18356,114094,88198,25896,42621,36220,6401,17432,15580,1852,8775,7842,933,5375,4684,691,7122,6364,758,1567,1370,197,22.0796251,82.1391412
CHHATTISGARH,Total,Bilaspur,On foot,84664,49063,35601,0,0,0,42187,26082,16105,34747,17997,16750,7730,4984,2746,0,0,0,0,0,0,0,0,0,0,0,0,0,0,0,22.0796251,82.1391412
CHHATTISGARH,Total,Bilaspur,Bicycle,83525,77290,6235,0,0,0,9861,9066,795,45031,41258,3773,18940,17697,1243,6485,6231,254,3208,3038,170,0,0,0,0,0,0,0,0,0,22.0796251,82.1391412
CHHATTISGARH,Total,Bilaspur,Moped/Scooter/Motor Cycle,59460,52704,6756,0,0,0,8558,7596,962,28211,24594,3617,11248,9960,1288,5917,5378,539,2178,2042,136,1651,1559,92,883,834,49,814,741,73,22.0796251,82.1391412
CHHATTISGARH,Total,Bilaspur,Car/Jeep/Van,5549,4821,728,0,0,0,645,537,108,1922,1611,311,956,817,139,764,677,87,340,309,31,358,339,19,465,445,20,99,86,13,22.0796251,82.1391412
CHHATTISGARH,Total,Bilaspur,Tempo/Autorickshaw/Taxi,4535,3215,1320,0,0,0,390,236,154,1470,770,700,1226,926,300,895,773,122,274,250,24,144,136,8,81,77,4,55,47,8,22.0796251,82.1391412
CHHATTISGARH,Total,Bilaspur,Bus,11424,8210,3214,0,0,0,334,215,119,986,518,468,1413,823,590,2554,1778,776,2159,1659,500,2059,1617,442,1751,1469,282,168,131,37,22.0796251,82.1391412
CHHATTISGARH,Total,Bilaspur,Train,8425,7477,948,0,0,0,478,422,56,990,852,138,562,504,58,573,511,62,557,487,70,1071,942,129,3839,3443,396,355,316,39,22.0796251,82.1391412
CHHATTISGARH,Total,Bilaspur,Water transport,70,61,9,0,0,0,24,22,2,20,16,4,7,6,1,4,3,1,4,3,1,3,3,0,5,5,0,3,3,0,22.0796251,82.1391412
CHHATTISGARH,Total,Bilaspur,Any other,2091,1818,273,0,0,0,280,225,55,717,582,135,539,503,36,240,229,11,55,54,1,89,88,1,98,91,7,73,46,27,22.0796251,82.1391412
CHHATTISGARH,Total,Bilaspur,No travel,72813,50554,22259,72813,50554,22259,0,0,0,0,0,0,0,0,0,0,0,0,0,0,0,0,0,0,0,0,0,0,0,0,22.0796251,82.1391412
CHHATTISGARH,Rural,Bilaspur,All Modes,130698,96012,34686,38642,25462,13180,21789,13820,7969,35032,25193,9839,17434,15062,2372,9522,8891,631,4042,3776,266,1919,1734,185,1960,1780,180,358,294,64,22.0796251,82.1391412
CHHATTISGARH,Rural,Bilaspur,On foot,36003,19741,16262,0,0,0,17160,9745,7415,15507,7844,7663,3336,2152,1184,0,0,0,0,0,0,0,0,0,0,0,0,0,0,0,22.0796251,82.1391412
CHHATTISGARH,Rural,Bilaspur,Bicycle,34005,31329,2676,0,0,0,3029,2679,350,14581,13111,1470,9649,9028,621,4981,4832,149,1765,1679,86,0,0,0,0,0,0,0,0,0,22.0796251,82.1391412
CHHATTISGARH,Rural,Bilaspur,Moped/Scooter/Motor Cycle,12680,11562,1118,0,0,0,1174,1059,115,3704,3254,450,3161,2871,290,2529,2370,159,998,954,44,643,614,29,312,298,14,159,142,17,22.0796251,82.1391412
CHHATTISGARH,Rural,Bilaspur,Car/Jeep/Van,826,737,89,0,0,0,64,46,18,298,276,22,103,94,9,131,116,15,66,60,6,66,60,6,83,73,10,15,12,3,22.0796251,82.1391412
CHHATTISGARH,Rural,Bilaspur,Tempo/Autorickshaw/Taxi,952,768,184,0,0,0,49,35,14,178,121,57,217,160,57,317,269,48,113,109,4,49,47,2,17,17,0,12,10,2,22.0796251,82.1391412
CHHATTISGARH,Rural,Bilaspur,Bus,4572,3714,858,0,0,0,108,79,29,303,185,118,506,342,164,1180,952,228,853,745,108,872,751,121,697,612,85,53,48,5,22.0796251,82.1391412
CHHATTISGARH,Rural,Bilaspur,Train,2419,2173,246,0,0,0,129,111,18,340,290,50,280,254,26,291,264,27,229,211,18,258,231,27,812,743,69,80,69,11,22.0796251,82.1391412
CHHATTISGARH,Rural,Bilaspur,Water transport,28,25,3,0,0,0,9,7,2,6,6,0,4,4,0,2,1,1,0,0,0,2,2,0,4,4,0,1,1,0,22.0796251,82.1391412
CHHATTISGARH,Rural,Bilaspur,Any other,571,501,70,0,0,0,67,59,8,115,106,9,178,157,21,91,87,4,18,18,0,29,29,0,35,33,2,38,12,26,22.0796251,82.1391412
CHHATTISGARH,Rural,Bilaspur,No travel,38642,25462,13180,38642,25462,13180,0,0,0,0,0,0,0,0,0,0,0,0,0,0,0,0,0,0,0,0,0,0,0,0,22.0796251,82.1391412
CHHATTISGARH,Urban,Bilaspur,All Modes,201858,159201,42657,34171,25092,9079,40968,30581,10387,79062,63005,16057,25187,21158,4029,7910,6689,1221,4733,4066,667,3456,2950,506,5162,4584,578,1209,1076,133,22.0796251,82.1391412
CHHATTISGARH,Urban,Bilaspur,On foot,48661,29322,19339,0,0,0,25027,16337,8690,19240,10153,9087,4394,2832,1562,0,0,0,0,0,0,0,0,0,0,0,0,0,0,0,22.0796251,82.1391412
CHHATTISGARH,Urban,Bilaspur,Bicycle,49520,45961,3559,0,0,0,6832,6387,445,30450,28147,2303,9291,8669,622,1504,1399,105,1443,1359,84,0,0,0,0,0,0,0,0,0,22.0796251,82.1391412
CHHATTISGARH,Urban,Bilaspur,Moped/Scooter/Motor Cycle,46780,41142,5638,0,0,0,7384,6537,847,24507,21340,3167,8087,7089,998,3388,3008,380,1180,1088,92,1008,945,63,571,536,35,655,599,56,22.0796251,82.1391412
CHHATTISGARH,Urban,Bilaspur,Car/Jeep/Van,4723,4084,639,0,0,0,581,491,90,1624,1335,289,853,723,130,633,561,72,274,249,25,292,279,13,382,372,10,84,74,10,22.0796251,82.1391412
CHHATTISGARH,Urban,Bilaspur,Tempo/Autorickshaw/Taxi,3583,2447,1136,0,0,0,341,201,140,1292,649,643,1009,766,243,578,504,74,161,141,20,95,89,6,64,60,4,43,37,6,22.0796251,82.1391412
CHHATTISGARH,Urban,Bilaspur,Bus,6852,4496,2356,0,0,0,226,136,90,683,333,350,907,481,426,1374,826,548,1306,914,392,1187,866,321,1054,857,197,115,83,32,22.0796251,82.1391412
CHHATTISGARH,Urban,Bilaspur,Train,6006,5304,702,0,0,0,349,311,38,650,562,88,282,250,32,282,247,35,328,276,52,813,711,102,3027,2700,327,275,247,28,22.0796251,82.1391412
CHHATTISGARH,Urban,Bilaspur,Water transport,42,36,6,0,0,0,15,15,0,14,10,4,3,2,1,2,2,0,4,3,1,1,1,0,1,1,0,2,2,0,22.0796251,82.1391412
CHHATTISGARH,Urban,Bilaspur,Any other,1520,1317,203,0,0,0,213,166,47,602,476,126,361,346,15,149,142,7,37,36,1,60,59,1,63,58,5,35,34,1,22.0796251,82.1391412
CHHATTISGARH,Urban,Bilaspur,No travel,34171,25092,9079,34171,25092,9079,0,0,0,0,0,0,0,0,0,0,0,0,0,0,0,0,0,0,0,0,0,0,0,0,22.0796251,82.1391412
UTTAR PRADESH,Total,Faizabad,All Modes,254564,196584,57980,116631,78865,37766,33849,25212,8637,45703,39949,5754,24298,20916,3382,10954,10315,639,8952,8366,586,3598,3272,326,6957,6459,498,3622,3230,392,26.7729751,82.1457934
UTTAR PRADESH,Total,Faizabad,On foot,40928,27698,13230,0,0,0,22155,14483,7672,11049,7830,3219,7724,5385,2339,0,0,0,0,0,0,0,0,0,0,0,0,0,0,0,26.7729751,82.1457934
UTTAR PRADESH,Total,Faizabad,Bicycle,50661,48631,2030,0,0,0,7243,6857,386,22157,21178,979,10124,9877,247,5322,5216,106,5815,5503,312,0,0,0,0,0,0,0,0,0,26.7729751,82.1457934
UTTAR PRADESH,Total,Faizabad,Moped/Scooter/Motor Cycle,24312,22746,1566,0,0,0,2972,2735,237,8815,8209,606,4240,3984,256,3302,3124,178,1498,1434,64,1388,1323,65,723,672,51,1374,1265,109,26.7729751,82.1457934
UTTAR PRADESH,Total,Faizabad,Car/Jeep/Van,3081,2614,467,0,0,0,327,270,57,630,518,112,381,303,78,401,337,64,361,320,41,362,326,36,393,354,39,226,186,40,26.7729751,82.1457934
UTTAR PRADESH,Total,Faizabad,Tempo/Autorickshaw/Taxi,6286,4606,1680,0,0,0,437,275,162,1797,1132,665,1166,780,386,1280,1076,204,629,549,80,430,369,61,207,173,34,340,252,88,26.7729751,82.1457934
UTTAR PRADESH,Total,Faizabad,Bus,4370,3755,615,0,0,0,171,130,41,258,194,64,203,161,42,319,261,58,404,334,70,943,807,136,1727,1570,157,345,298,47,26.7729751,82.1457934
UTTAR PRADESH,Total,Faizabad,Train,6996,6505,491,0,0,0,399,342,57,621,554,67,257,235,22,221,201,20,196,181,15,428,403,25,3770,3561,209,1104,1028,76,26.7729751,82.1457934
UTTAR PRADESH,Total,Faizabad,Water transport,104,87,17,0,0,0,16,12,4,17,14,3,13,12,1,6,5,1,3,3,0,5,5,0,24,20,4,20,16,4,26.7729751,82.1457934
UTTAR PRADESH,Total,Faizabad,Any other,1195,1077,118,0,0,0,129,108,21,359,320,39,190,179,11,103,95,8,46,42,4,42,39,3,113,109,4,213,185,28,26.7729751,82.1457934
UTTAR PRADESH,Total,Faizabad,No travel,116631,78865,37766,116631,78865,37766,0,0,0,0,0,0,0,0,0,0,0,0,0,0,0,0,0,0,0,0,0,0,0,0,26.7729751,82.1457934
UTTAR PRADESH,Rural,Faizabad,All Modes,166220,123835,42385,77661,49131,28530,21560,14752,6808,25090,21668,3422,16829,14591,2238,9125,8729,396,6656,6270,386,2477,2303,174,4869,4610,259,1953,1781,172,26.7729751,82.1457934
UTTAR PRADESH,Rural,Faizabad,On foot,25584,15384,10200,0,0,0,14765,8506,6259,6217,3933,2284,4602,2945,1657,0,0,0,0,0,0,0,0,0,0,0,0,0,0,0,26.7729751,82.1457934
UTTAR PRADESH,Rural,Faizabad,Bicycle,36781,35364,1417,0,0,0,4840,4568,272,14394,13768,626,8534,8332,202,4852,4762,90,4161,3934,227,0,0,0,0,0,0,0,0,0,26.7729751,82.1457934
UTTAR PRADESH,Rural,Faizabad,Moped/Scooter/Motor Cycle,12734,11947,787,0,0,0,1257,1133,124,3195,2941,254,2522,2387,135,2559,2441,118,1190,1150,40,941,903,38,437,407,30,633,585,48,26.7729751,82.1457934
UTTAR PRADESH,Rural,Faizabad,Car/Jeep/Van,1637,1408,229,0,0,0,139,108,31,202,169,33,191,150,41,279,241,38,281,255,26,238,213,25,223,204,19,84,68,16,26.7729751,82.1457934
UTTAR PRADESH,Rural,Faizabad,Tempo/Autorickshaw/Taxi,3335,2736,599,0,0,0,153,99,54,517,361,156,553,387,166,1011,899,112,531,486,45,311,287,24,106,93,13,153,124,29,26.7729751,82.1457934
UTTAR PRADESH,Rural,Faizabad,Bus,2815,2512,303,0,0,0,95,70,25,132,111,21,124,107,17,199,171,28,310,272,38,657,580,77,1107,1030,77,191,171,20,26.7729751,82.1457934
UTTAR PRADESH,Rural,Faizabad,Train,5010,4736,274,0,0,0,232,199,33,306,270,36,178,166,12,150,142,8,143,136,7,301,291,10,2895,2779,116,805,753,52,26.7729751,82.1457934
UTTAR PRADESH,Rural,Faizabad,Water transport,69,60,9,0,0,0,8,7,1,11,8,3,6,5,1,4,4,0,3,3,0,3,3,0,19,17,2,15,13,2,26.7729751,82.1457934
UTTAR PRADESH,Rural,Faizabad,Any other,594,557,37,0,0,0,71,62,9,116,107,9,119,112,7,71,69,2,37,34,3,26,26,0,82,80,2,72,67,5,26.7729751,82.1457934
UTTAR PRADESH,Rural,Faizabad,No travel,77661,49131,28530,77661,49131,28530,0,0,0,0,0,0,0,0,0,0,0,0,0,0,0,0,0,0,0,0,0,0,0,0,26.7729751,82.1457934
UTTAR PRADESH,Urban,Faizabad,All Modes,88344,72749,15595,38970,29734,9236,12289,10460,1829,20613,18281,2332,7469,6325,1144,1829,1586,243,2296,2096,200,1121,969,152,2088,1849,239,1669,1449,220,26.7729751,82.1457934
UTTAR PRADESH,Urban,Faizabad,On foot,15344,12314,3030,0,0,0,7390,5977,1413,4832,3897,935,3122,2440,682,0,0,0,0,0,0,0,0,0,0,0,0,0,0,0,26.7729751,82.1457934
UTTAR PRADESH,Urban,Faizabad,Bicycle,13880,13267,613,0,0,0,2403,2289,114,7763,7410,353,1590,1545,45,470,454,16,1654,1569,85,0,0,0,0,0,0,0,0,0,26.7729751,82.1457934
UTTAR PRADESH,Urban,Faizabad,Moped/Scooter/Motor Cycle,11578,10799,779,0,0,0,1715,1602,113,5620,5268,352,1718,1597,121,743,683,60,308,284,24,447,420,27,286,265,21,741,680,61,26.7729751,82.1457934
UTTAR PRADESH,Urban,Faizabad,Car/Jeep/Van,1444,1206,238,0,0,0,188,162,26,428,349,79,190,153,37,122,96,26,80,65,15,124,113,11,170,150,20,142,118,24,26.7729751,82.1457934
UTTAR PRADESH,Urban,Faizabad,Tempo/Autorickshaw/Taxi,2951,1870,1081,0,0,0,284,176,108,1280,771,509,613,393,220,269,177,92,98,63,35,119,82,37,101,80,21,187,128,59,26.7729751,82.1457934
UTTAR PRADESH,Urban,Faizabad,Bus,1555,1243,312,0,0,0,76,60,16,126,83,43,79,54,25,120,90,30,94,62,32,286,227,59,620,540,80,154,127,27,26.7729751,82.1457934
UTTAR PRADESH,Urban,Faizabad,Train,1986,1769,217,0,0,0,167,143,24,315,284,31,79,69,10,71,59,12,53,45,8,127,112,15,875,782,93,299,275,24,26.7729751,82.1457934
UTTAR PRADESH,Urban,Faizabad,Water transport,35,27,8,0,0,0,8,5,3,6,6,0,7,7,0,2,1,1,0,0,0,2,2,0,5,3,2,5,3,2,26.7729751,82.1457934
UTTAR PRADESH,Urban,Faizabad,Any other,601,520,81,0,0,0,58,46,12,243,213,30,71,67,4,32,26,6,9,8,1,16,13,3,31,29,2,141,118,23,26.7729751,82.1457934
UTTAR PRADESH,Urban,Faizabad,No travel,38970,29734,9236,38970,29734,9236,0,0,0,0,0,0,0,0,0,0,0,0,0,0,0,0,0,0,0,0,0,0,0,0,26.7729751,82.1457934
UTTAR PRADESH,Total,Balrampur,All Modes,124955,95412,29543,65425,43289,22136,18324,14776,3548,19958,18006,1952,10504,9204,1300,3673,3461,212,2755,2618,137,1021,960,61,2349,2261,88,946,837,109,27.4307473,82.1805203
UTTAR PRADESH,Total,Balrampur,On foot,23679,18208,5471,0,0,0,13599,10357,3242,6393,5111,1282,3687,2740,947,0,0,0,0,0,0,0,0,0,0,0,0,0,0,0,27.4307473,82.1805203
UTTAR PRADESH,Total,Balrampur,Bicycle,20278,19648,630,0,0,0,3075,2936,139,9802,9505,297,4189,4088,101,1526,1498,28,1686,1621,65,0,0,0,0,0,0,0,0,0,27.4307473,82.1805203
UTTAR PRADESH,Total,Balrampur,Moped/Scooter/Motor Cycle,7395,6954,441,0,0,0,1009,944,65,2607,2434,173,1471,1376,95,984,934,50,457,438,19,347,335,12,199,195,4,321,298,23,27.4307473,82.1805203
UTTAR PRADESH,Total,Balrampur,Car/Jeep/Van,908,783,125,0,0,0,107,85,22,142,118,24,134,117,17,153,143,10,77,71,6,100,95,5,76,71,5,119,83,36,27.4307473,82.1805203
UTTAR PRADESH,Total,Balrampur,Tempo/Autorickshaw/Taxi,901,705,196,0,0,0,76,45,31,219,139,80,239,195,44,172,153,19,49,47,2,49,48,1,51,48,3,46,30,16,27.4307473,82.1805203
UTTAR PRADESH,Total,Balrampur,Bus,2697,2351,346,0,0,0,119,98,21,215,168,47,459,382,77,624,531,93,357,320,37,340,307,33,499,470,29,84,75,9,27.4307473,82.1805203
UTTAR PRADESH,Total,Balrampur,Train,3025,2898,127,0,0,0,221,207,14,366,353,13,201,191,10,141,130,11,117,109,8,166,156,10,1490,1446,44,323,306,17,27.4307473,82.1805203
UTTAR PRADESH,Total,Balrampur,Water transport,42,38,4,0,0,0,12,11,1,4,4,0,3,2,1,6,6,0,3,3,0,4,4,0,3,3,0,7,5,2,27.4307473,82.1805203
UTTAR PRADESH,Total,Balrampur,Any other,605,538,67,0,0,0,106,93,13,210,174,36,121,113,8,67,66,1,9,9,0,15,15,0,31,28,3,46,40,6,27.4307473,82.1805203
UTTAR PRADESH,Total,Balrampur,No travel,65425,43289,22136,65425,43289,22136,0,0,0,0,0,0,0,0,0,0,0,0,0,0,0,0,0,0,0,0,0,0,0,0,27.4307473,82.1805203
UTTAR PRADESH,Rural,Balrampur,All Modes,91340,66065,25275,52615,32781,19834,9415,6868,2547,12772,11329,1443,8099,7042,1057,3019,2899,120,2059,1963,96,724,692,32,1939,1883,56,698,608,90,27.4307473,82.1805203
UTTAR PRADESH,Rural,Balrampur,On foot,13611,9344,4267,0,0,0,6955,4584,2371,4042,2984,1058,2614,1776,838,0,0,0,0,0,0,0,0,0,0,0,0,0,0,0,27.4307473,82.1805203
UTTAR PRADESH,Rural,Balrampur,Bicycle,14633,14148,485,0,0,0,1661,1566,95,6737,6520,217,3520,3430,90,1370,1344,26,1345,1288,57,0,0,0,0,0,0,0,0,0,27.4307473,82.1805203
UTTAR PRADESH,Rural,Balrampur,Moped/Scooter/Motor Cycle,4390,4124,266,0,0,0,394,359,35,1273,1171,102,1034,979,55,740,706,34,317,304,13,266,259,7,155,153,2,211,193,18,27.4307473,82.1805203
UTTAR PRADESH,Rural,Balrampur,Car/Jeep/Van,591,517,74,0,0,0,42,33,9,77,68,9,97,88,9,122,116,6,46,44,2,63,60,3,49,46,3,95,62,33,27.4307473,82.1805203
UTTAR PRADESH,Rural,Balrampur,Tempo/Autorickshaw/Taxi,655,580,75,0,0,0,37,26,11,118,99,19,199,177,22,142,133,9,40,38,2,44,43,1,45,43,2,30,21,9,27.4307473,82.1805203
UTTAR PRADESH,Rural,Balrampur,Bus,2083,1912,171,0,0,0,100,88,12,165,141,24,387,353,34,480,440,40,241,222,19,240,227,13,405,383,22,65,58,7,27.4307473,82.1805203
UTTAR PRADESH,Rural,Balrampur,Train,2390,2312,78,0,0,0,171,161,10,264,257,7,172,166,6,109,105,4,64,61,3,97,89,8,1253,1229,24,260,244,16,27.4307473,82.1805203
UTTAR PRADESH,Rural,Balrampur,Water transport,32,28,4,0,0,0,11,10,1,2,2,0,3,2,1,6,6,0,2,2,0,1,1,0,3,3,0,4,2,2,27.4307473,82.1805203
UTTAR PRADESH,Rural,Balrampur,Any other,340,319,21,0,0,0,44,41,3,94,87,7,73,71,2,50,49,1,4,4,0,13,13,0,29,26,3,33,28,5,27.4307473,82.1805203
UTTAR PRADESH,Rural,Balrampur,No travel,52615,32781,19834,52615,32781,19834,0,0,0,0,0,0,0,0,0,0,0,0,0,0,0,0,0,0,0,0,0,0,0,0,27.4307473,82.1805203
UTTAR PRADESH,Urban,Balrampur,All Modes,33615,29347,4268,12810,10508,2302,8909,7908,1001,7186,6677,509,2405,2162,243,654,562,92,696,655,41,297,268,29,410,378,32,248,229,19,27.4307473,82.1805203
UTTAR PRADESH,Urban,Balrampur,On foot,10068,8864,1204,0,0,0,6644,5773,871,2351,2127,224,1073,964,109,0,0,0,0,0,0,0,0,0,0,0,0,0,0,0,27.4307473,82.1805203
UTTAR PRADESH,Urban,Balrampur,Bicycle,5645,5500,145,0,0,0,1414,1370,44,3065,2985,80,669,658,11,156,154,2,341,333,8,0,0,0,0,0,0,0,0,0,27.4307473,82.1805203
UTTAR PRADESH,Urban,Balrampur,Moped/Scooter/Motor Cycle,3005,2830,175,0,0,0,615,585,30,1334,1263,71,437,397,40,244,228,16,140,134,6,81,76,5,44,42,2,110,105,5,27.4307473,82.1805203
UTTAR PRADESH,Urban,Balrampur,Car/Jeep/Van,317,266,51,0,0,0,65,52,13,65,50,15,37,29,8,31,27,4,31,27,4,37,35,2,27,25,2,24,21,3,27.4307473,82.1805203
UTTAR PRADESH,Urban,Balrampur,Tempo/Autorickshaw/Taxi,246,125,121,0,0,0,39,19,20,101,40,61,40,18,22,30,20,10,9,9,0,5,5,0,6,5,1,16,9,7,27.4307473,82.1805203
UTTAR PRADESH,Urban,Balrampur,Bus,614,439,175,0,0,0,19,10,9,50,27,23,72,29,43,144,91,53,116,98,18,100,80,20,94,87,7,19,17,2,27.4307473,82.1805203
UTTAR PRADESH,Urban,Balrampur,Train,635,586,49,0,0,0,50,46,4,102,96,6,29,25,4,32,25,7,53,48,5,69,67,2,237,217,20,63,62,1,27.4307473,82.1805203
UTTAR PRADESH,Urban,Balrampur,Water transport,10,10,0,0,0,0,1,1,0,2,2,0,0,0,0,0,0,0,1,1,0,3,3,0,0,0,0,3,3,0,27.4307473,82.1805203
UTTAR PRADESH,Urban,Balrampur,Any other,265,219,46,0,0,0,62,52,10,116,87,29,48,42,6,17,17,0,5,5,0,2,2,0,2,2,0,13,12,1,27.4307473,82.1805203
UTTAR PRADESH,Urban,Balrampur,No travel,12810,10508,2302,12810,10508,2302,0,0,0,0,0,0,0,0,0,0,0,0,0,0,0,0,0,0,0,0,0,0,0,0,27.4307473,82.1805203
PUDUCHERRY,Total,Yanam,All Modes,12999,11000,1999,1660,1161,499,3129,2521,608,4547,3939,608,1661,1479,182,636,592,44,647,619,28,316,305,11,336,326,10,67,58,9,16.7271912,82.2175775
PUDUCHERRY,Total,Yanam,On foot,2656,1642,1014,0,0,0,1360,862,498,907,498,409,389,282,107,0,0,0,0,0,0,0,0,0,0,0,0,0,0,0,16.7271912,82.2175775
PUDUCHERRY,Total,Yanam,Bicycle,3594,3516,78,0,0,0,830,806,24,2108,2068,40,419,415,4,84,80,4,153,147,6,0,0,0,0,0,0,0,0,0,16.7271912,82.2175775
PUDUCHERRY,Total,Yanam,Moped/Scooter/Motor Cycle,2215,2084,131,0,0,0,686,646,40,828,766,62,322,305,17,155,150,5,104,100,4,45,44,1,55,54,1,20,19,1,16.7271912,82.2175775
PUDUCHERRY,Total,Yanam,Car/Jeep/Van,119,107,12,0,0,0,16,13,3,26,24,2,25,23,2,18,16,2,16,15,1,2,2,0,10,10,0,6,4,2,16.7271912,82.2175775
PUDUCHERRY,Total,Yanam,Tempo/Autorickshaw/Taxi,266,226,40,0,0,0,36,25,11,74,57,17,41,37,4,30,27,3,50,45,5,12,12,0,15,15,0,8,8,0,16.7271912,82.2175775
PUDUCHERRY,Total,Yanam,Bus,662,491,171,0,0,0,42,24,18,136,70,66,169,131,38,102,76,26,135,123,12,34,29,5,34,29,5,10,9,1,16.7271912,82.2175775
PUDUCHERRY,Total,Yanam,Train,28,26,2,0,0,0,5,5,0,5,4,1,0,0,0,1,1,0,3,3,0,0,0,0,13,12,1,1,1,0,16.7271912,82.2175775
PUDUCHERRY,Total,Yanam,Water transport,1700,1660,40,0,0,0,142,132,10,433,425,8,273,265,8,227,223,4,181,181,0,222,217,5,206,203,3,16,14,2,16.7271912,82.2175775
PUDUCHERRY,Total,Yanam,Any other,99,87,12,0,0,0,12,8,4,30,27,3,23,21,2,19,19,0,5,5,0,1,1,0,3,3,0,6,3,3,16.7271912,82.2175775
PUDUCHERRY,Total,Yanam,No travel,1660,1161,499,1660,1161,499,0,0,0,0,0,0,0,0,0,0,0,0,0,0,0,0,0,0,0,0,0,0,0,0,16.7271912,82.2175775
PUDUCHERRY,Rural,Yanam,All Modes,0,0,0,0,0,0,0,0,0,0,0,0,0,0,0,0,0,0,0,0,0,0,0,0,0,0,0,0,0,0,16.7271912,82.2175775
PUDUCHERRY,Rural,Yanam,On foot,0,0,0,0,0,0,0,0,0,0,0,0,0,0,0,0,0,0,0,0,0,0,0,0,0,0,0,0,0,0,16.7271912,82.2175775
PUDUCHERRY,Rural,Yanam,Bicycle,0,0,0,0,0,0,0,0,0,0,0,0,0,0,0,0,0,0,0,0,0,0,0,0,0,0,0,0,0,0,16.7271912,82.2175775
PUDUCHERRY,Rural,Yanam,Moped/Scooter/Motor Cycle,0,0,0,0,0,0,0,0,0,0,0,0,0,0,0,0,0,0,0,0,0,0,0,0,0,0,0,0,0,0,16.7271912,82.2175775
PUDUCHERRY,Rural,Yanam,Car/Jeep/Van,0,0,0,0,0,0,0,0,0,0,0,0,0,0,0,0,0,0,0,0,0,0,0,0,0,0,0,0,0,0,16.7271912,82.2175775
PUDUCHERRY,Rural,Yanam,Tempo/Autorickshaw/Taxi,0,0,0,0,0,0,0,0,0,0,0,0,0,0,0,0,0,0,0,0,0,0,0,0,0,0,0,0,0,0,16.7271912,82.2175775
PUDUCHERRY,Rural,Yanam,Bus,0,0,0,0,0,0,0,0,0,0,0,0,0,0,0,0,0,0,0,0,0,0,0,0,0,0,0,0,0,0,16.7271912,82.2175775
PUDUCHERRY,Rural,Yanam,Train,0,0,0,0,0,0,0,0,0,0,0,0,0,0,0,0,0,0,0,0,0,0,0,0,0,0,0,0,0,0,16.7271912,82.2175775
PUDUCHERRY,Rural,Yanam,Water transport,0,0,0,0,0,0,0,0,0,0,0,0,0,0,0,0,0,0,0,0,0,0,0,0,0,0,0,0,0,0,16.7271912,82.2175775
PUDUCHERRY,Rural,Yanam,Any other,0,0,0,0,0,0,0,0,0,0,0,0,0,0,0,0,0,0,0,0,0,0,0,0,0,0,0,0,0,0,16.7271912,82.2175775
PUDUCHERRY,Rural,Yanam,No travel,0,0,0,0,0,0,0,0,0,0,0,0,0,0,0,0,0,0,0,0,0,0,0,0,0,0,0,0,0,0,16.7271912,82.2175775
PUDUCHERRY,Urban,Yanam,All Modes,12999,11000,1999,1660,1161,499,3129,2521,608,4547,3939,608,1661,1479,182,636,592,44,647,619,28,316,305,11,336,326,10,67,58,9,16.7271912,82.2175775
PUDUCHERRY,Urban,Yanam,On foot,2656,1642,1014,0,0,0,1360,862,498,907,498,409,389,282,107,0,0,0,0,0,0,0,0,0,0,0,0,0,0,0,16.7271912,82.2175775
PUDUCHERRY,Urban,Yanam,Bicycle,3594,3516,78,0,0,0,830,806,24,2108,2068,40,419,415,4,84,80,4,153,147,6,0,0,0,0,0,0,0,0,0,16.7271912,82.2175775
PUDUCHERRY,Urban,Yanam,Moped/Scooter/Motor Cycle,2215,2084,131,0,0,0,686,646,40,828,766,62,322,305,17,155,150,5,104,100,4,45,44,1,55,54,1,20,19,1,16.7271912,82.2175775
PUDUCHERRY,Urban,Yanam,Car/Jeep/Van,119,107,12,0,0,0,16,13,3,26,24,2,25,23,2,18,16,2,16,15,1,2,2,0,10,10,0,6,4,2,16.7271912,82.2175775
PUDUCHERRY,Urban,Yanam,Tempo/Autorickshaw/Taxi,266,226,40,0,0,0,36,25,11,74,57,17,41,37,4,30,27,3,50,45,5,12,12,0,15,15,0,8,8,0,16.7271912,82.2175775
PUDUCHERRY,Urban,Yanam,Bus,662,491,171,0,0,0,42,24,18,136,70,66,169,131,38,102,76,26,135,123,12,34,29,5,34,29,5,10,9,1,16.7271912,82.2175775
PUDUCHERRY,Urban,Yanam,Train,28,26,2,0,0,0,5,5,0,5,4,1,0,0,0,1,1,0,3,3,0,0,0,0,13,12,1,1,1,0,16.7271912,82.2175775
PUDUCHERRY,Urban,Yanam,Water transport,1700,1660,40,0,0,0,142,132,10,433,425,8,273,265,8,227,223,4,181,181,0,222,217,5,206,203,3,16,14,2,16.7271912,82.2175775
PUDUCHERRY,Urban,Yanam,Any other,99,87,12,0,0,0,12,8,4,30,27,3,23,21,2,19,19,0,5,5,0,1,1,0,3,3,0,6,3,3,16.7271912,82.2175775
PUDUCHERRY,Urban,Yanam,No travel,1660,1161,499,1660,1161,499,0,0,0,0,0,0,0,0,0,0,0,0,0,0,0,0,0,0,0,0,0,0,0,0,16.7271912,82.2175775
CHHATTISGARH,Total,Koriya,All Modes,89095,70627,18468,17330,11953,5377,25433,19371,6062,28696,23518,5178,9337,8245,1092,4301,3890,411,1540,1377,163,1128,1048,80,1164,1071,93,166,154,12,23.3875499,82.3885783
CHHATTISGARH,Total,Koriya,On foot,36216,26010,10206,0,0,0,19842,14174,5668,13932,9907,4025,2442,1929,513,0,0,0,0,0,0,0,0,0,0,0,0,0,0,0,23.3875499,82.3885783
CHHATTISGARH,Total,Koriya,Bicycle,10944,10317,627,0,0,0,1698,1563,135,5996,5626,370,2131,2048,83,821,799,22,298,281,17,0,0,0,0,0,0,0,0,0,23.3875499,82.3885783
CHHATTISGARH,Total,Koriya,Moped/Scooter/Motor Cycle,18247,17150,1097,0,0,0,3495,3306,189,7455,6970,485,3395,3204,191,2279,2125,154,710,667,43,516,489,27,279,272,7,118,117,1,23.3875499,82.3885783
CHHATTISGARH,Total,Koriya,Car/Jeep/Van,1921,1723,198,0,0,0,199,178,21,571,504,67,455,394,61,368,338,30,90,86,4,132,124,8,96,91,5,10,8,2,23.3875499,82.3885783
CHHATTISGARH,Total,Koriya,Tempo/Autorickshaw/Taxi,855,681,174,0,0,0,60,50,10,319,224,95,280,230,50,110,97,13,23,21,2,42,40,2,12,11,1,9,8,1,23.3875499,82.3885783
CHHATTISGARH,Total,Koriya,Bus,2840,2127,713,0,0,0,78,50,28,278,158,120,514,339,175,633,447,186,375,281,94,367,326,41,586,519,67,9,7,2,23.3875499,82.3885783
CHHATTISGARH,Total,Koriya,Train,502,461,41,0,0,0,31,25,6,84,77,7,54,49,5,73,68,5,35,32,3,46,44,2,170,157,13,9,9,0,23.3875499,82.3885783
CHHATTISGARH,Total,Koriya,Water transport,14,11,3,0,0,0,5,3,2,3,3,0,1,1,0,0,0,0,2,2,0,1,1,0,1,1,0,1,0,1,23.3875499,82.3885783
CHHATTISGARH,Total,Koriya,Any other,226,194,32,0,0,0,25,22,3,58,49,9,65,51,14,17,16,1,7,7,0,24,24,0,20,20,0,10,5,5,23.3875499,82.3885783
CHHATTISGARH,Total,Koriya,No travel,17330,11953,5377,17330,11953,5377,0,0,0,0,0,0,0,0,0,0,0,0,0,0,0,0,0,0,0,0,0,0,0,0,23.3875499,82.3885783
CHHATTISGARH,Rural,Koriya,All Modes,35506,24566,10940,9627,5845,3782,7507,4389,3118,10616,7436,3180,3921,3372,549,2200,2035,165,811,732,79,414,388,26,377,337,40,33,32,1,23.3875499,82.3885783
CHHATTISGARH,Rural,Koriya,On foot,13969,8033,5936,0,0,0,6238,3290,2948,6550,3881,2669,1181,862,319,0,0,0,0,0,0,0,0,0,0,0,0,0,0,0,23.3875499,82.3885783
CHHATTISGARH,Rural,Koriya,Bicycle,4985,4477,508,0,0,0,535,428,107,2346,2047,299,1323,1254,69,641,622,19,140,126,14,0,0,0,0,0,0,0,0,0,23.3875499,82.3885783
CHHATTISGARH,Rural,Koriya,Moped/Scooter/Motor Cycle,5178,4806,372,0,0,0,654,616,38,1530,1374,156,1070,995,75,1136,1069,67,425,403,22,224,212,12,119,117,2,20,20,0,23.3875499,82.3885783
CHHATTISGARH,Rural,Koriya,Car/Jeep/Van,239,211,28,0,0,0,25,19,6,34,26,8,57,53,4,53,49,4,34,34,0,20,17,3,15,12,3,1,1,0,23.3875499,82.3885783
CHHATTISGARH,Rural,Koriya,Tempo/Autorickshaw/Taxi,123,104,19,0,0,0,9,7,2,19,14,5,38,32,6,38,34,4,8,7,1,8,7,1,2,2,0,1,1,0,23.3875499,82.3885783
CHHATTISGARH,Rural,Koriya,Bus,1149,889,260,0,0,0,24,15,9,86,50,36,197,135,62,311,244,67,194,152,42,139,129,10,191,158,33,7,6,1,23.3875499,82.3885783
CHHATTISGARH,Rural,Koriya,Train,143,124,19,0,0,0,14,9,5,37,31,6,17,15,2,15,11,4,6,6,0,7,7,0,44,42,2,3,3,0,23.3875499,82.3885783
CHHATTISGARH,Rural,Koriya,Water transport,5,3,2,0,0,0,3,1,2,0,0,0,1,1,0,0,0,0,1,1,0,0,0,0,0,0,0,0,0,0,23.3875499,82.3885783
CHHATTISGARH,Rural,Koriya,Any other,88,74,14,0,0,0,5,4,1,14,13,1,37,25,12,6,6,0,3,3,0,16,16,0,6,6,0,1,1,0,23.3875499,82.3885783
CHHATTISGARH,Rural,Koriya,No travel,9627,5845,3782,9627,5845,3782,0,0,0,0,0,0,0,0,0,0,0,0,0,0,0,0,0,0,0,0,0,0,0,0,23.3875499,82.3885783
CHHATTISGARH,Urban,Koriya,All Modes,53589,46061,7528,7703,6108,1595,17926,14982,2944,18080,16082,1998,5416,4873,543,2101,1855,246,729,645,84,714,660,54,787,734,53,133,122,11,23.3875499,82.3885783
CHHATTISGARH,Urban,Koriya,On foot,22247,17977,4270,0,0,0,13604,10884,2720,7382,6026,1356,1261,1067,194,0,0,0,0,0,0,0,0,0,0,0,0,0,0,0,23.3875499,82.3885783
CHHATTISGARH,Urban,Koriya,Bicycle,5959,5840,119,0,0,0,1163,1135,28,3650,3579,71,808,794,14,180,177,3,158,155,3,0,0,0,0,0,0,0,0,0,23.3875499,82.3885783
CHHATTISGARH,Urban,Koriya,Moped/Scooter/Motor Cycle,13069,12344,725,0,0,0,2841,2690,151,5925,5596,329,2325,2209,116,1143,1056,87,285,264,21,292,277,15,160,155,5,98,97,1,23.3875499,82.3885783
CHHATTISGARH,Urban,Koriya,Car/Jeep/Van,1682,1512,170,0,0,0,174,159,15,537,478,59,398,341,57,315,289,26,56,52,4,112,107,5,81,79,2,9,7,2,23.3875499,82.3885783
CHHATTISGARH,Urban,Koriya,Tempo/Autorickshaw/Taxi,732,577,155,0,0,0,51,43,8,300,210,90,242,198,44,72,63,9,15,14,1,34,33,1,10,9,1,8,7,1,23.3875499,82.3885783
CHHATTISGARH,Urban,Koriya,Bus,1691,1238,453,0,0,0,54,35,19,192,108,84,317,204,113,322,203,119,181,129,52,228,197,31,395,361,34,2,1,1,23.3875499,82.3885783
CHHATTISGARH,Urban,Koriya,Train,359,337,22,0,0,0,17,16,1,47,46,1,37,34,3,58,57,1,29,26,3,39,37,2,126,115,11,6,6,0,23.3875499,82.3885783
CHHATTISGARH,Urban,Koriya,Water transport,9,8,1,0,0,0,2,2,0,3,3,0,0,0,0,0,0,0,1,1,0,1,1,0,1,1,0,1,0,1,23.3875499,82.3885783
CHHATTISGARH,Urban,Koriya,Any other,138,120,18,0,0,0,20,18,2,44,36,8,28,26,2,11,10,1,4,4,0,8,8,0,14,14,0,9,4,5,23.3875499,82.3885783
CHHATTISGARH,Urban,Koriya,No travel,7703,6108,1595,7703,6108,1595,0,0,0,0,0,0,0,0,0,0,0,0,0,0,0,0,0,0,0,0,0,0,0,0,23.3875499,82.3885783
UTTAR PRADESH,Total,Sant Ravidas Nagar (Bhadohi),All Modes,209122,173055,36067,99555,74284,25271,34162,28644,5518,37026,34082,2944,18876,17218,1658,5932,5732,200,5283,5089,194,2211,2141,70,3774,3673,101,2303,2192,111,25.326373,82.4319405
UTTAR PRADESH,Total,Sant Ravidas Nagar (Bhadohi),On foot,44272,35754,8518,0,0,0,26348,21229,5119,11522,9390,2132,6402,5135,1267,0,0,0,0,0,0,0,0,0,0,0,0,0,0,0,25.326373,82.4319405
UTTAR PRADESH,Total,Sant Ravidas Nagar (Bhadohi),Bicycle,39159,38198,961,0,0,0,5301,5100,201,19690,19265,425,7990,7841,149,2471,2431,40,3707,3561,146,0,0,0,0,0,0,0,0,0,25.326373,82.4319405
UTTAR PRADESH,Total,Sant Ravidas Nagar (Bhadohi),Moped/Scooter/Motor Cycle,10828,10389,439,0,0,0,1359,1285,74,3409,3247,162,2159,2080,79,1727,1673,54,639,624,15,543,532,11,270,261,9,722,687,35,25.326373,82.4319405
UTTAR PRADESH,Total,Sant Ravidas Nagar (Bhadohi),Car/Jeep/Van,2042,1878,164,0,0,0,270,238,32,411,378,33,352,310,42,308,280,28,175,168,7,198,194,4,168,162,6,160,148,12,25.326373,82.4319405
UTTAR PRADESH,Total,Sant Ravidas Nagar (Bhadohi),Tempo/Autorickshaw/Taxi,3983,3690,293,0,0,0,284,250,34,1104,985,119,1180,1114,66,661,619,42,225,218,7,180,177,3,78,76,2,271,251,20,25.326373,82.4319405
UTTAR PRADESH,Total,Sant Ravidas Nagar (Bhadohi),Bus,4035,3814,221,0,0,0,171,148,23,337,295,42,463,423,40,490,461,29,362,346,16,869,838,31,1104,1077,27,239,226,13,25.326373,82.4319405
UTTAR PRADESH,Total,Sant Ravidas Nagar (Bhadohi),Train,4676,4501,175,0,0,0,333,308,25,393,368,25,239,227,12,229,223,6,158,156,2,392,371,21,2083,2026,57,849,822,27,25.326373,82.4319405
UTTAR PRADESH,Total,Sant Ravidas Nagar (Bhadohi),Water transport,74,68,6,0,0,0,18,14,4,12,11,1,6,6,0,6,6,0,2,2,0,3,3,0,16,16,0,11,10,1,25.326373,82.4319405
UTTAR PRADESH,Total,Sant Ravidas Nagar (Bhadohi),Any other,498,479,19,0,0,0,78,72,6,148,143,5,85,82,3,40,39,1,15,14,1,26,26,0,55,55,0,51,48,3,25.326373,82.4319405
UTTAR PRADESH,Total,Sant Ravidas Nagar (Bhadohi),No travel,99555,74284,25271,99555,74284,25271,0,0,0,0,0,0,0,0,0,0,0,0,0,0,0,0,0,0,0,0,0,0,0,0,25.326373,82.4319405
UTTAR PRADESH,Rural,Sant Ravidas Nagar (Bhadohi),All Modes,162350,132890,29460,76493,55981,20512,24057,19453,4604,29123,26651,2472,15935,14605,1330,5317,5161,156,4516,4364,152,1866,1806,60,3105,3018,87,1938,1851,87,25.326373,82.4319405
UTTAR PRADESH,Rural,Sant Ravidas Nagar (Bhadohi),On foot,32026,24857,7169,0,0,0,18608,14299,4309,8767,6911,1856,4651,3647,1004,0,0,0,0,0,0,0,0,0,0,0,0,0,0,0,25.326373,82.4319405
UTTAR PRADESH,Rural,Sant Ravidas Nagar (Bhadohi),Bicycle,32484,31702,782,0,0,0,3796,3642,154,15980,15638,342,7348,7211,137,2257,2224,33,3103,2987,116,0,0,0,0,0,0,0,0,0,25.326373,82.4319405
UTTAR PRADESH,Rural,Sant Ravidas Nagar (Bhadohi),Moped/Scooter/Motor Cycle,8440,8117,323,0,0,0,784,739,45,2468,2348,120,1892,1830,62,1498,1454,44,563,551,12,450,440,10,227,219,8,558,536,22,25.326373,82.4319405
UTTAR PRADESH,Rural,Sant Ravidas Nagar (Bhadohi),Car/Jeep/Van,1628,1504,124,0,0,0,183,158,25,286,260,26,300,267,33,267,248,19,157,152,5,171,167,4,141,138,3,123,114,9,25.326373,82.4319405
UTTAR PRADESH,Rural,Sant Ravidas Nagar (Bhadohi),Tempo/Autorickshaw/Taxi,3535,3328,207,0,0,0,230,208,22,962,887,75,1048,996,52,622,591,31,209,204,5,155,154,1,68,66,2,241,222,19,25.326373,82.4319405
UTTAR PRADESH,Rural,Sant Ravidas Nagar (Bhadohi),Bus,3389,3223,166,0,0,0,135,119,16,273,243,30,425,396,29,449,426,23,326,315,11,743,717,26,836,815,21,202,192,10,25.326373,82.4319405
UTTAR PRADESH,Rural,Sant Ravidas Nagar (Bhadohi),Train,3915,3762,153,0,0,0,264,240,24,269,252,17,201,191,10,185,180,5,142,140,2,323,304,19,1769,1716,53,762,739,23,25.326373,82.4319405
UTTAR PRADESH,Rural,Sant Ravidas Nagar (Bhadohi),Water transport,62,56,6,0,0,0,13,9,4,10,9,1,6,6,0,5,5,0,2,2,0,3,3,0,15,15,0,8,7,1,25.326373,82.4319405
UTTAR PRADESH,Rural,Sant Ravidas Nagar (Bhadohi),Any other,378,360,18,0,0,0,44,39,5,108,103,5,64,61,3,34,33,1,14,13,1,21,21,0,49,49,0,44,41,3,25.326373,82.4319405
UTTAR PRADESH,Rural,Sant Ravidas Nagar (Bhadohi),No travel,76493,55981,20512,76493,55981,20512,0,0,0,0,0,0,0,0,0,0,0,0,0,0,0,0,0,0,0,0,0,0,0,0,25.326373,82.4319405
UTTAR PRADESH,Urban,Sant Ravidas Nagar (Bhadohi),All Modes,46772,40165,6607,23062,18303,4759,10105,9191,914,7903,7431,472,2941,2613,328,615,571,44,767,725,42,345,335,10,669,655,14,365,341,24,25.326373,82.4319405
UTTAR PRADESH,Urban,Sant Ravidas Nagar (Bhadohi),On foot,12246,10897,1349,0,0,0,7740,6930,810,2755,2479,276,1751,1488,263,0,0,0,0,0,0,0,0,0,0,0,0,0,0,0,25.326373,82.4319405
UTTAR PRADESH,Urban,Sant Ravidas Nagar (Bhadohi),Bicycle,6675,6496,179,0,0,0,1505,1458,47,3710,3627,83,642,630,12,214,207,7,604,574,30,0,0,0,0,0,0,0,0,0,25.326373,82.4319405
UTTAR PRADESH,Urban,Sant Ravidas Nagar (Bhadohi),Moped/Scooter/Motor Cycle,2388,2272,116,0,0,0,575,546,29,941,899,42,267,250,17,229,219,10,76,73,3,93,92,1,43,42,1,164,151,13,25.326373,82.4319405
UTTAR PRADESH,Urban,Sant Ravidas Nagar (Bhadohi),Car/Jeep/Van,414,374,40,0,0,0,87,80,7,125,118,7,52,43,9,41,32,9,18,16,2,27,27,0,27,24,3,37,34,3,25.326373,82.4319405
UTTAR PRADESH,Urban,Sant Ravidas Nagar (Bhadohi),Tempo/Autorickshaw/Taxi,448,362,86,0,0,0,54,42,12,142,98,44,132,118,14,39,28,11,16,14,2,25,23,2,10,10,0,30,29,1,25.326373,82.4319405
UTTAR PRADESH,Urban,Sant Ravidas Nagar (Bhadohi),Bus,646,591,55,0,0,0,36,29,7,64,52,12,38,27,11,41,35,6,36,31,5,126,121,5,268,262,6,37,34,3,25.326373,82.4319405
UTTAR PRADESH,Urban,Sant Ravidas Nagar (Bhadohi),Train,761,739,22,0,0,0,69,68,1,124,116,8,38,36,2,44,43,1,16,16,0,69,67,2,314,310,4,87,83,4,25.326373,82.4319405
UTTAR PRADESH,Urban,Sant Ravidas Nagar (Bhadohi),Water transport,12,12,0,0,0,0,5,5,0,2,2,0,0,0,0,1,1,0,0,0,0,0,0,0,1,1,0,3,3,0,25.326373,82.4319405
UTTAR PRADESH,Urban,Sant Ravidas Nagar (Bhadohi),Any other,120,119,1,0,0,0,34,33,1,40,40,0,21,21,0,6,6,0,1,1,0,5,5,0,6,6,0,7,7,0,25.326373,82.4319405
UTTAR PRADESH,Urban,Sant Ravidas Nagar (Bhadohi),No travel,23062,18303,4759,23062,18303,4759,0,0,0,0,0,0,0,0,0,0,0,0,0,0,0,0,0,0,0,0,0,0,0,0,25.326373,82.4319405
CHHATTISGARH,Total,Janjgir - Champa,All Modes,147013,110328,36685,49098,32236,16862,34395,24671,9724,33092,26570,6522,13990,12118,1872,6862,6135,727,3301,2997,304,3166,2826,340,2776,2490,286,333,285,48,21.9705529,82.4752757
CHHATTISGARH,Total,Janjgir - Champa,On foot,36567,22820,13747,0,0,0,25211,16222,8989,9428,5352,4076,1928,1246,682,0,0,0,0,0,0,0,0,0,0,0,0,0,0,0,21.9705529,82.4752757
CHHATTISGARH,Total,Janjgir - Champa,Bicycle,30920,28549,2371,0,0,0,5181,4815,366,15780,14427,1353,6686,6262,424,2367,2198,169,906,847,59,0,0,0,0,0,0,0,0,0,21.9705529,82.4752757
CHHATTISGARH,Total,Janjgir - Champa,Moped/Scooter/Motor Cycle,20490,18383,2107,0,0,0,3136,2898,238,6497,5651,846,4235,3731,504,3300,2988,312,1412,1315,97,1226,1162,64,509,479,30,175,159,16,21.9705529,82.4752757
CHHATTISGARH,Total,Janjgir - Champa,Car/Jeep/Van,1108,1028,80,0,0,0,198,179,19,233,209,24,215,201,14,117,111,6,70,67,3,135,129,6,124,118,6,16,14,2,21.9705529,82.4752757
CHHATTISGARH,Total,Janjgir - Champa,Tempo/Autorickshaw/Taxi,476,396,80,0,0,0,45,33,12,150,116,34,112,95,17,82,73,9,26,20,6,30,29,1,22,22,0,9,8,1,21.9705529,82.4752757
CHHATTISGARH,Total,Janjgir - Champa,Bus,3745,2872,873,0,0,0,370,319,51,482,348,134,493,296,197,685,482,203,487,391,96,664,554,110,546,472,74,18,10,8,21.9705529,82.4752757
CHHATTISGARH,Total,Janjgir - Champa,Train,3683,3198,485,0,0,0,140,116,24,183,157,26,132,112,20,215,195,20,363,320,43,1043,884,159,1504,1329,175,103,85,18,21.9705529,82.4752757
CHHATTISGARH,Total,Janjgir - Champa,Water transport,37,31,6,0,0,0,19,13,6,4,4,0,1,1,0,1,1,0,0,0,0,5,5,0,6,6,0,1,1,0,21.9705529,82.4752757
CHHATTISGARH,Total,Janjgir - Champa,Any other,889,815,74,0,0,0,95,76,19,335,306,29,188,174,14,95,87,8,37,37,0,63,63,0,65,64,1,11,8,3,21.9705529,82.4752757
CHHATTISGARH,Total,Janjgir - Champa,No travel,49098,32236,16862,49098,32236,16862,0,0,0,0,0,0,0,0,0,0,0,0,0,0,0,0,0,0,0,0,0,0,0,0,21.9705529,82.4752757
CHHATTISGARH,Rural,Janjgir - Champa,All Modes,94035,68828,25207,33010,20761,12249,19743,13262,6481,20239,16070,4169,9914,8732,1182,4912,4444,468,2138,1937,201,2101,1865,236,1831,1636,195,147,121,26,21.9705529,82.4752757
CHHATTISGARH,Rural,Janjgir - Champa,On foot,22714,13666,9048,0,0,0,15565,9511,6054,6012,3414,2598,1137,741,396,0,0,0,0,0,0,0,0,0,0,0,0,0,0,0,21.9705529,82.4752757
CHHATTISGARH,Rural,Janjgir - Champa,Bicycle,20770,18998,1772,0,0,0,2631,2402,229,10142,9151,991,5399,5043,356,2004,1858,146,594,544,50,0,0,0,0,0,0,0,0,0,21.9705529,82.4752757
CHHATTISGARH,Rural,Janjgir - Champa,Moped/Scooter/Motor Cycle,11763,10604,1159,0,0,0,1025,910,115,3476,3026,450,2775,2507,268,2241,2058,183,961,898,63,873,822,51,353,330,23,59,53,6,21.9705529,82.4752757
CHHATTISGARH,Rural,Janjgir - Champa,Car/Jeep/Van,360,329,31,0,0,0,48,42,6,88,81,7,49,43,6,47,43,4,29,28,1,49,45,4,47,44,3,3,3,0,21.9705529,82.4752757
CHHATTISGARH,Rural,Janjgir - Champa,Tempo/Autorickshaw/Taxi,185,155,30,0,0,0,16,11,5,48,39,9,47,41,6,35,31,4,16,12,4,13,12,1,4,4,0,6,5,1,21.9705529,82.4752757
CHHATTISGARH,Rural,Janjgir - Champa,Bus,2489,1937,552,0,0,0,323,284,39,205,120,85,294,169,125,422,305,117,331,266,65,502,432,70,404,356,48,8,5,3,21.9705529,82.4752757
CHHATTISGARH,Rural,Janjgir - Champa,Train,2240,1926,314,0,0,0,69,54,15,99,84,15,85,72,13,101,93,8,186,168,18,638,528,110,995,875,120,67,52,15,21.9705529,82.4752757
CHHATTISGARH,Rural,Janjgir - Champa,Water transport,29,24,5,0,0,0,15,10,5,3,3,0,1,1,0,0,0,0,0,0,0,5,5,0,4,4,0,1,1,0,21.9705529,82.4752757
CHHATTISGARH,Rural,Janjgir - Champa,Any other,475,428,47,0,0,0,51,38,13,166,152,14,127,115,12,62,56,6,21,21,0,21,21,0,24,23,1,3,2,1,21.9705529,82.4752757
CHHATTISGARH,Rural,Janjgir - Champa,No travel,33010,20761,12249,33010,20761,12249,0,0,0,0,0,0,0,0,0,0,0,0,0,0,0,0,0,0,0,0,0,0,0,0,21.9705529,82.4752757
CHHATTISGARH,Urban,Janjgir - Champa,All Modes,52978,41500,11478,16088,11475,4613,14652,11409,3243,12853,10500,2353,4076,3386,690,1950,1691,259,1163,1060,103,1065,961,104,945,854,91,186,164,22,21.9705529,82.4752757
CHHATTISGARH,Urban,Janjgir - Champa,On foot,13853,9154,4699,0,0,0,9646,6711,2935,3416,1938,1478,791,505,286,0,0,0,0,0,0,0,0,0,0,0,0,0,0,0,21.9705529,82.4752757
CHHATTISGARH,Urban,Janjgir - Champa,Bicycle,10150,9551,599,0,0,0,2550,2413,137,5638,5276,362,1287,1219,68,363,340,23,312,303,9,0,0,0,0,0,0,0,0,0,21.9705529,82.4752757
CHHATTISGARH,Urban,Janjgir - Champa,Moped/Scooter/Motor Cycle,8727,7779,948,0,0,0,2111,1988,123,3021,2625,396,1460,1224,236,1059,930,129,451,417,34,353,340,13,156,149,7,116,106,10,21.9705529,82.4752757
CHHATTISGARH,Urban,Janjgir - Champa,Car/Jeep/Van,748,699,49,0,0,0,150,137,13,145,128,17,166,158,8,70,68,2,41,39,2,86,84,2,77,74,3,13,11,2,21.9705529,82.4752757
CHHATTISGARH,Urban,Janjgir - Champa,Tempo/Autorickshaw/Taxi,291,241,50,0,0,0,29,22,7,102,77,25,65,54,11,47,42,5,10,8,2,17,17,0,18,18,0,3,3,0,21.9705529,82.4752757
CHHATTISGARH,Urban,Janjgir - Champa,Bus,1256,935,321,0,0,0,47,35,12,277,228,49,199,127,72,263,177,86,156,125,31,162,122,40,142,116,26,10,5,5,21.9705529,82.4752757
CHHATTISGARH,Urban,Janjgir - Champa,Train,1443,1272,171,0,0,0,71,62,9,84,73,11,47,40,7,114,102,12,177,152,25,405,356,49,509,454,55,36,33,3,21.9705529,82.4752757
CHHATTISGARH,Urban,Janjgir - Champa,Water transport,8,7,1,0,0,0,4,3,1,1,1,0,0,0,0,1,1,0,0,0,0,0,0,0,2,2,0,0,0,0,21.9705529,82.4752757
CHHATTISGARH,Urban,Janjgir - Champa,Any other,414,387,27,0,0,0,44,38,6,169,154,15,61,59,2,33,31,2,16,16,0,42,42,0,41,41,0,8,6,2,21.9705529,82.4752757
CHHATTISGARH,Urban,Janjgir - Champa,No travel,16088,11475,4613,16088,11475,4613,0,0,0,0,0,0,0,0,0,0,0,0,0,0,0,0,0,0,0,0,0,0,0,0,21.9705529,82.4752757
ODISHA,Total,Nuapada,All Modes,52271,38686,13585,17348,11805,5543,10413,7180,3233,12223,9252,2971,6541,5207,1334,2059,1866,193,1694,1553,141,580,529,51,720,663,57,693,631,62,20.8060184,82.5361393
ODISHA,Total,Nuapada,On foot,14762,8610,6152,0,0,0,7350,4405,2945,4946,2745,2201,2466,1460,1006,0,0,0,0,0,0,0,0,0,0,0,0,0,0,0,20.8060184,82.5361393
ODISHA,Total,Nuapada,Bicycle,11582,10758,824,0,0,0,1688,1546,142,5126,4716,410,2749,2603,146,961,918,43,1058,975,83,0,0,0,0,0,0,0,0,0,20.8060184,82.5361393
ODISHA,Total,Nuapada,Moped/Scooter/Motor Cycle,6240,5638,602,0,0,0,1224,1123,101,1880,1618,262,1037,937,100,802,738,64,407,383,24,315,296,19,160,151,9,415,392,23,20.8060184,82.5361393
ODISHA,Total,Nuapada,Car/Jeep/Van,359,315,44,0,0,0,43,35,8,49,39,10,44,35,9,31,28,3,30,28,2,42,39,3,64,63,1,56,48,8,20.8060184,82.5361393
ODISHA,Total,Nuapada,Tempo/Autorickshaw/Taxi,150,131,19,0,0,0,14,13,1,27,20,7,26,25,1,19,16,3,15,14,1,15,14,1,15,13,2,19,16,3,20.8060184,82.5361393
ODISHA,Total,Nuapada,Bus,1225,920,305,0,0,0,42,20,22,89,33,56,162,98,64,173,112,61,161,131,30,167,143,24,325,292,33,106,91,15,20.8060184,82.5361393
ODISHA,Total,Nuapada,Train,375,329,46,0,0,0,34,25,9,46,35,11,15,14,1,12,12,0,12,12,0,22,21,1,149,137,12,85,73,12,20.8060184,82.5361393
ODISHA,Total,Nuapada,Water transport,13,9,4,0,0,0,2,1,1,3,1,2,2,2,0,3,3,0,0,0,0,1,0,1,0,0,0,2,2,0,20.8060184,82.5361393
ODISHA,Total,Nuapada,Any other,217,171,46,0,0,0,16,12,4,57,45,12,40,33,7,58,39,19,11,10,1,18,16,2,7,7,0,10,9,1,20.8060184,82.5361393
ODISHA,Total,Nuapada,No travel,17348,11805,5543,17348,11805,5543,0,0,0,0,0,0,0,0,0,0,0,0,0,0,0,0,0,0,0,0,0,0,0,0,20.8060184,82.5361393
ODISHA,Rural,Nuapada,All Modes,41786,30521,11265,15177,10300,4877,7610,5104,2506,8924,6554,2370,5566,4441,1125,1778,1614,164,1342,1232,110,450,411,39,552,504,48,387,361,26,20.8060184,82.5361393
ODISHA,Rural,Nuapada,On foot,11088,6191,4897,0,0,0,5521,3228,2293,3626,1856,1770,1941,1107,834,0,0,0,0,0,0,0,0,0,0,0,0,0,0,0,20.8060184,82.5361393
ODISHA,Rural,Nuapada,Bicycle,9534,8809,725,0,0,0,1238,1123,115,3905,3544,361,2600,2460,140,915,874,41,876,808,68,0,0,0,0,0,0,0,0,0,20.8060184,82.5361393
ODISHA,Rural,Nuapada,Moped/Scooter/Motor Cycle,4351,3912,439,0,0,0,766,691,75,1220,1049,171,816,731,85,642,589,53,310,288,22,249,233,16,128,120,8,220,211,9,20.8060184,82.5361393
ODISHA,Rural,Nuapada,Car/Jeep/Van,179,154,25,0,0,0,24,20,4,22,16,6,27,19,8,18,15,3,13,12,1,23,22,1,30,30,0,22,20,2,20.8060184,82.5361393
ODISHA,Rural,Nuapada,Tempo/Autorickshaw/Taxi,88,75,13,0,0,0,9,8,1,11,9,2,13,12,1,11,9,2,8,7,1,13,12,1,8,6,2,15,12,3,20.8060184,82.5361393
ODISHA,Rural,Nuapada,Bus,943,724,219,0,0,0,17,9,8,66,24,42,123,73,50,132,84,48,120,102,18,141,122,19,260,232,28,84,78,6,20.8060184,82.5361393
ODISHA,Rural,Nuapada,Train,251,222,29,0,0,0,23,16,7,30,23,7,11,11,0,8,8,0,10,10,0,10,10,0,121,111,10,38,33,5,20.8060184,82.5361393
ODISHA,Rural,Nuapada,Water transport,12,8,4,0,0,0,2,1,1,3,1,2,2,2,0,2,2,0,0,0,0,1,0,1,0,0,0,2,2,0,20.8060184,82.5361393
ODISHA,Rural,Nuapada,Any other,163,126,37,0,0,0,10,8,2,41,32,9,33,26,7,50,33,17,5,5,0,13,12,1,5,5,0,6,5,1,20.8060184,82.5361393
ODISHA,Rural,Nuapada,No travel,15177,10300,4877,15177,10300,4877,0,0,0,0,0,0,0,0,0,0,0,0,0,0,0,0,0,0,0,0,0,0,0,0,20.8060184,82.5361393
ODISHA,Urban,Nuapada,All Modes,10485,8165,2320,2171,1505,666,2803,2076,727,3299,2698,601,975,766,209,281,252,29,352,321,31,130,118,12,168,159,9,306,270,36,20.8060184,82.5361393
ODISHA,Urban,Nuapada,On foot,3674,2419,1255,0,0,0,1829,1177,652,1320,889,431,525,353,172,0,0,0,0,0,0,0,0,0,0,0,0,0,0,0,20.8060184,82.5361393
ODISHA,Urban,Nuapada,Bicycle,2048,1949,99,0,0,0,450,423,27,1221,1172,49,149,143,6,46,44,2,182,167,15,0,0,0,0,0,0,0,0,0,20.8060184,82.5361393
ODISHA,Urban,Nuapada,Moped/Scooter/Motor Cycle,1889,1726,163,0,0,0,458,432,26,660,569,91,221,206,15,160,149,11,97,95,2,66,63,3,32,31,1,195,181,14,20.8060184,82.5361393
ODISHA,Urban,Nuapada,Car/Jeep/Van,180,161,19,0,0,0,19,15,4,27,23,4,17,16,1,13,13,0,17,16,1,19,17,2,34,33,1,34,28,6,20.8060184,82.5361393
ODISHA,Urban,Nuapada,Tempo/Autorickshaw/Taxi,62,56,6,0,0,0,5,5,0,16,11,5,13,13,0,8,7,1,7,7,0,2,2,0,7,7,0,4,4,0,20.8060184,82.5361393
ODISHA,Urban,Nuapada,Bus,282,196,86,0,0,0,25,11,14,23,9,14,39,25,14,41,28,13,41,29,12,26,21,5,65,60,5,22,13,9,20.8060184,82.5361393
ODISHA,Urban,Nuapada,Train,124,107,17,0,0,0,11,9,2,16,12,4,4,3,1,4,4,0,2,2,0,12,11,1,28,26,2,47,40,7,20.8060184,82.5361393
ODISHA,Urban,Nuapada,Water transport,1,1,0,0,0,0,0,0,0,0,0,0,0,0,0,1,1,0,0,0,0,0,0,0,0,0,0,0,0,0,20.8060184,82.5361393
ODISHA,Urban,Nuapada,Any other,54,45,9,0,0,0,6,4,2,16,13,3,7,7,0,8,6,2,6,5,1,5,4,1,2,2,0,4,4,0,20.8060184,82.5361393
ODISHA,Urban,Nuapada,No travel,2171,1505,666,2171,1505,666,0,0,0,0,0,0,0,0,0,0,0,0,0,0,0,0,0,0,0,0,0,0,0,0,20.8060184,82.5361393
ODISHA,Total,Nabarangapur,All Modes,94628,66119,28509,34057,21448,12609,17592,11677,5915,19659,14180,5479,12859,9507,3352,4170,3725,445,3238,2894,344,870,763,107,766,698,68,1417,1227,190,19.2281434,82.5469898
ODISHA,Total,Nabarangapur,On foot,30191,17720,12471,0,0,0,13221,7723,5498,10215,5883,4332,6755,4114,2641,0,0,0,0,0,0,0,0,0,0,0,0,0,0,0,19.2281434,82.5469898
ODISHA,Total,Nabarangapur,Bicycle,16875,15500,1375,0,0,0,2631,2412,219,6119,5541,578,3913,3655,258,1973,1869,104,2239,2023,216,0,0,0,0,0,0,0,0,0,19.2281434,82.5469898
ODISHA,Total,Nabarangapur,Moped/Scooter/Motor Cycle,8919,7968,951,0,0,0,1437,1324,113,2656,2303,353,1540,1349,191,1411,1275,136,531,500,31,378,347,31,128,117,11,838,753,85,19.2281434,82.5469898
ODISHA,Total,Nabarangapur,Car/Jeep/Van,713,559,154,0,0,0,75,61,14,123,84,39,101,46,55,116,98,18,53,42,11,79,74,5,73,67,6,93,87,6,19.2281434,82.5469898
ODISHA,Total,Nabarangapur,Tempo/Autorickshaw/Taxi,666,508,158,0,0,0,63,46,17,183,121,62,102,59,43,112,95,17,50,48,2,37,35,2,35,34,1,84,70,14,19.2281434,82.5469898
ODISHA,Total,Nabarangapur,Bus,2520,1832,688,0,0,0,80,40,40,208,120,88,334,185,149,487,322,165,330,247,83,341,276,65,466,422,44,274,220,54,19.2281434,82.5469898
ODISHA,Total,Nabarangapur,Train,315,272,43,0,0,0,40,35,5,74,61,13,46,42,4,26,26,0,9,9,0,12,11,1,35,30,5,73,58,15,19.2281434,82.5469898
ODISHA,Total,Nabarangapur,Water transport,54,42,12,0,0,0,15,12,3,15,14,1,6,4,2,4,4,0,2,2,0,3,2,1,1,1,0,8,3,5,19.2281434,82.5469898
ODISHA,Total,Nabarangapur,Any other,318,270,48,0,0,0,30,24,6,66,53,13,62,53,9,41,36,5,24,23,1,20,18,2,28,27,1,47,36,11,19.2281434,82.5469898
ODISHA,Total,Nabarangapur,No travel,34057,21448,12609,34057,21448,12609,0,0,0,0,0,0,0,0,0,0,0,0,0,0,0,0,0,0,0,0,0,0,0,0,19.2281434,82.5469898
ODISHA,Rural,Nabarangapur,All Modes,68859,46683,22176,27081,16725,10356,10924,6664,4260,13900,9639,4261,10134,7490,2644,2954,2702,252,2214,2002,212,493,438,55,459,422,37,700,601,99,19.2281434,82.5469898
ODISHA,Rural,Nabarangapur,On foot,22408,12702,9706,0,0,0,8837,4845,3992,8291,4720,3571,5280,3137,2143,0,0,0,0,0,0,0,0,0,0,0,0,0,0,0,19.2281434,82.5469898
ODISHA,Rural,Nabarangapur,Bicycle,12593,11488,1105,0,0,0,1454,1279,175,4182,3739,443,3502,3270,232,1742,1651,91,1713,1549,164,0,0,0,0,0,0,0,0,0,19.2281434,82.5469898
ODISHA,Rural,Nabarangapur,Moped/Scooter/Motor Cycle,4179,3732,447,0,0,0,480,434,46,1100,950,150,905,800,105,757,688,69,267,251,16,220,203,17,81,75,6,369,331,38,19.2281434,82.5469898
ODISHA,Rural,Nabarangapur,Car/Jeep/Van,339,233,106,0,0,0,28,19,9,57,30,27,68,23,45,60,49,11,29,25,4,35,31,4,25,23,2,37,33,4,19.2281434,82.5469898
ODISHA,Rural,Nabarangapur,Tempo/Autorickshaw/Taxi,335,246,89,0,0,0,24,17,7,77,48,29,69,41,28,86,75,11,22,20,2,7,7,0,13,13,0,37,25,12,19.2281434,82.5469898
ODISHA,Rural,Nabarangapur,Bus,1426,1137,289,0,0,0,43,21,22,90,68,22,215,136,79,249,184,65,162,137,25,209,177,32,292,268,24,166,146,20,19.2281434,82.5469898
ODISHA,Rural,Nabarangapur,Train,248,214,34,0,0,0,29,26,3,53,43,10,42,39,3,25,25,0,5,5,0,9,8,1,30,26,4,55,42,13,19.2281434,82.5469898
ODISHA,Rural,Nabarangapur,Water transport,37,30,7,0,0,0,12,9,3,12,11,1,4,3,1,1,1,0,2,2,0,1,1,0,1,1,0,4,2,2,19.2281434,82.5469898
ODISHA,Rural,Nabarangapur,Any other,213,176,37,0,0,0,17,14,3,38,30,8,49,41,8,34,29,5,14,13,1,12,11,1,17,16,1,32,22,10,19.2281434,82.5469898
ODISHA,Rural,Nabarangapur,No travel,27081,16725,10356,27081,16725,10356,0,0,0,0,0,0,0,0,0,0,0,0,0,0,0,0,0,0,0,0,0,0,0,0,19.2281434,82.5469898
ODISHA,Urban,Nabarangapur,All Modes,25769,19436,6333,6976,4723,2253,6668,5013,1655,5759,4541,1218,2725,2017,708,1216,1023,193,1024,892,132,377,325,52,307,276,31,717,626,91,19.2281434,82.5469898
ODISHA,Urban,Nabarangapur,On foot,7783,5018,2765,0,0,0,4384,2878,1506,1924,1163,761,1475,977,498,0,0,0,0,0,0,0,0,0,0,0,0,0,0,0,19.2281434,82.5469898
ODISHA,Urban,Nabarangapur,Bicycle,4282,4012,270,0,0,0,1177,1133,44,1937,1802,135,411,385,26,231,218,13,526,474,52,0,0,0,0,0,0,0,0,0,19.2281434,82.5469898
ODISHA,Urban,Nabarangapur,Moped/Scooter/Motor Cycle,4740,4236,504,0,0,0,957,890,67,1556,1353,203,635,549,86,654,587,67,264,249,15,158,144,14,47,42,5,469,422,47,19.2281434,82.5469898
ODISHA,Urban,Nabarangapur,Car/Jeep/Van,374,326,48,0,0,0,47,42,5,66,54,12,33,23,10,56,49,7,24,17,7,44,43,1,48,44,4,56,54,2,19.2281434,82.5469898
ODISHA,Urban,Nabarangapur,Tempo/Autorickshaw/Taxi,331,262,69,0,0,0,39,29,10,106,73,33,33,18,15,26,20,6,28,28,0,30,28,2,22,21,1,47,45,2,19.2281434,82.5469898
ODISHA,Urban,Nabarangapur,Bus,1094,695,399,0,0,0,37,19,18,118,52,66,119,49,70,238,138,100,168,110,58,132,99,33,174,154,20,108,74,34,19.2281434,82.5469898
ODISHA,Urban,Nabarangapur,Train,67,58,9,0,0,0,11,9,2,21,18,3,4,3,1,1,1,0,4,4,0,3,3,0,5,4,1,18,16,2,19.2281434,82.5469898
ODISHA,Urban,Nabarangapur,Water transport,17,12,5,0,0,0,3,3,0,3,3,0,2,1,1,3,3,0,0,0,0,2,1,1,0,0,0,4,1,3,19.2281434,82.5469898
ODISHA,Urban,Nabarangapur,Any other,105,94,11,0,0,0,13,10,3,28,23,5,13,12,1,7,7,0,10,10,0,8,7,1,11,11,0,15,14,1,19.2281434,82.5469898
ODISHA,Urban,Nabarangapur,No travel,6976,4723,2253,6976,4723,2253,0,0,0,0,0,0,0,0,0,0,0,0,0,0,0,0,0,0,0,0,0,0,0,0,19.2281434,82.5469898
UTTAR PRADESH,Total,Mirzapur,All Modes,289246,226868,62378,134349,93866,40483,41141,31538,9603,48482,42211,6271,27979,24222,3757,10642,10015,627,9604,9068,536,4601,4343,258,8493,8113,380,3955,3492,463,25.1336987,82.5644344
UTTAR PRADESH,Total,Mirzapur,On foot,58571,42461,16110,0,0,0,30946,22094,8852,16853,12384,4469,10772,7983,2789,0,0,0,0,0,0,0,0,0,0,0,0,0,0,0,25.1336987,82.5644344
UTTAR PRADESH,Total,Mirzapur,Bicycle,53904,51790,2114,0,0,0,6712,6343,369,23432,22593,839,11976,11564,412,5712,5539,173,6072,5751,321,0,0,0,0,0,0,0,0,0,25.1336987,82.5644344
UTTAR PRADESH,Total,Mirzapur,Moped/Scooter/Motor Cycle,17691,16637,1054,0,0,0,2027,1881,146,5452,5091,361,3049,2871,178,2353,2233,120,1420,1371,49,1345,1299,46,738,704,34,1307,1187,120,25.1336987,82.5644344
UTTAR PRADESH,Total,Mirzapur,Car/Jeep/Van,3155,2739,416,0,0,0,208,181,27,463,375,88,339,272,67,446,394,52,385,359,26,530,500,30,446,423,23,338,235,103,25.1336987,82.5644344
UTTAR PRADESH,Total,Mirzapur,Tempo/Autorickshaw/Taxi,3996,3109,887,0,0,0,282,203,79,849,521,328,784,606,178,895,739,156,483,432,51,335,304,31,158,149,9,210,155,55,25.1336987,82.5644344
UTTAR PRADESH,Total,Mirzapur,Bus,6983,6184,799,0,0,0,290,229,61,432,325,107,382,294,88,778,677,101,908,831,77,1678,1552,126,2098,1941,157,417,335,82,25.1336987,82.5644344
UTTAR PRADESH,Total,Mirzapur,Train,8739,8341,398,0,0,0,468,429,39,565,515,50,344,328,16,299,280,19,249,238,11,588,565,23,4757,4602,155,1469,1384,85,25.1336987,82.5644344
UTTAR PRADESH,Total,Mirzapur,Water transport,280,258,22,0,0,0,43,35,8,103,99,4,56,52,4,12,11,1,2,1,1,7,7,0,30,30,0,27,23,4,25.1336987,82.5644344
UTTAR PRADESH,Total,Mirzapur,Any other,1578,1483,95,0,0,0,165,143,22,333,308,25,277,252,25,147,142,5,85,85,0,118,116,2,266,264,2,187,173,14,25.1336987,82.5644344
UTTAR PRADESH,Total,Mirzapur,No travel,134349,93866,40483,134349,93866,40483,0,0,0,0,0,0,0,0,0,0,0,0,0,0,0,0,0,0,0,0,0,0,0,0,25.1336987,82.5644344
UTTAR PRADESH,Rural,Mirzapur,All Modes,207391,159740,47651,97972,66728,31244,27620,20024,7596,31563,27077,4486,20057,17392,2665,9270,8751,519,7221,6852,369,3728,3534,194,7353,7040,313,2607,2342,265,25.1336987,82.5644344
UTTAR PRADESH,Rural,Mirzapur,On foot,40320,27680,12640,0,0,0,21814,14624,7190,12011,8494,3517,6495,4562,1933,0,0,0,0,0,0,0,0,0,0,0,0,0,0,0,25.1336987,82.5644344
UTTAR PRADESH,Rural,Mirzapur,Bicycle,38855,37441,1414,0,0,0,3941,3734,207,15565,15058,507,10019,9670,349,5114,4960,154,4216,4019,197,0,0,0,0,0,0,0,0,0,25.1336987,82.5644344
UTTAR PRADESH,Rural,Mirzapur,Moped/Scooter/Motor Cycle,10291,9725,566,0,0,0,878,819,59,2281,2105,176,1917,1815,102,1916,1829,87,1166,1121,45,1042,1005,37,570,547,23,521,484,37,25.1336987,82.5644344
UTTAR PRADESH,Rural,Mirzapur,Car/Jeep/Van,2327,2017,310,0,0,0,122,103,19,285,222,63,245,190,55,364,323,41,318,299,19,386,370,16,361,343,18,246,167,79,25.1336987,82.5644344
UTTAR PRADESH,Rural,Mirzapur,Tempo/Autorickshaw/Taxi,2887,2428,459,0,0,0,169,137,32,439,341,98,535,421,114,798,666,132,434,391,43,274,253,21,129,124,5,109,95,14,25.1336987,82.5644344
UTTAR PRADESH,Rural,Mirzapur,Bus,5848,5206,642,0,0,0,207,165,42,355,275,80,306,232,74,676,594,82,789,733,56,1403,1300,103,1779,1644,135,333,263,70,25.1336987,82.5644344
UTTAR PRADESH,Rural,Mirzapur,Train,7575,7274,301,0,0,0,361,334,27,412,380,32,295,280,15,272,255,17,218,210,8,512,497,15,4256,4124,132,1249,1194,55,25.1336987,82.5644344
UTTAR PRADESH,Rural,Mirzapur,Water transport,193,179,14,0,0,0,31,26,5,60,57,3,46,44,2,11,10,1,2,1,1,5,5,0,25,25,0,13,11,2,25.1336987,82.5644344
UTTAR PRADESH,Rural,Mirzapur,Any other,1123,1062,61,0,0,0,97,82,15,155,145,10,199,178,21,119,114,5,78,78,0,106,104,2,233,233,0,136,128,8,25.1336987,82.5644344
UTTAR PRADESH,Rural,Mirzapur,No travel,97972,66728,31244,97972,66728,31244,0,0,0,0,0,0,0,0,0,0,0,0,0,0,0,0,0,0,0,0,0,0,0,0,25.1336987,82.5644344
UTTAR PRADESH,Urban,Mirzapur,All Modes,81855,67128,14727,36377,27138,9239,13521,11514,2007,16919,15134,1785,7922,6830,1092,1372,1264,108,2383,2216,167,873,809,64,1140,1073,67,1348,1150,198,25.1336987,82.5644344
UTTAR PRADESH,Urban,Mirzapur,On foot,18251,14781,3470,0,0,0,9132,7470,1662,4842,3890,952,4277,3421,856,0,0,0,0,0,0,0,0,0,0,0,0,0,0,0,25.1336987,82.5644344
UTTAR PRADESH,Urban,Mirzapur,Bicycle,15049,14349,700,0,0,0,2771,2609,162,7867,7535,332,1957,1894,63,598,579,19,1856,1732,124,0,0,0,0,0,0,0,0,0,25.1336987,82.5644344
UTTAR PRADESH,Urban,Mirzapur,Moped/Scooter/Motor Cycle,7400,6912,488,0,0,0,1149,1062,87,3171,2986,185,1132,1056,76,437,404,33,254,250,4,303,294,9,168,157,11,786,703,83,25.1336987,82.5644344
UTTAR PRADESH,Urban,Mirzapur,Car/Jeep/Van,828,722,106,0,0,0,86,78,8,178,153,25,94,82,12,82,71,11,67,60,7,144,130,14,85,80,5,92,68,24,25.1336987,82.5644344
UTTAR PRADESH,Urban,Mirzapur,Tempo/Autorickshaw/Taxi,1109,681,428,0,0,0,113,66,47,410,180,230,249,185,64,97,73,24,49,41,8,61,51,10,29,25,4,101,60,41,25.1336987,82.5644344
UTTAR PRADESH,Urban,Mirzapur,Bus,1135,978,157,0,0,0,83,64,19,77,50,27,76,62,14,102,83,19,119,98,21,275,252,23,319,297,22,84,72,12,25.1336987,82.5644344
UTTAR PRADESH,Urban,Mirzapur,Train,1164,1067,97,0,0,0,107,95,12,153,135,18,49,48,1,27,25,2,31,28,3,76,68,8,501,478,23,220,190,30,25.1336987,82.5644344
UTTAR PRADESH,Urban,Mirzapur,Water transport,87,79,8,0,0,0,12,9,3,43,42,1,10,8,2,1,1,0,0,0,0,2,2,0,5,5,0,14,12,2,25.1336987,82.5644344
UTTAR PRADESH,Urban,Mirzapur,Any other,455,421,34,0,0,0,68,61,7,178,163,15,78,74,4,28,28,0,7,7,0,12,12,0,33,31,2,51,45,6,25.1336987,82.5644344
UTTAR PRADESH,Urban,Mirzapur,No travel,36377,27138,9239,36377,27138,9239,0,0,0,0,0,0,0,0,0,0,0,0,0,0,0,0,0,0,0,0,0,0,0,0,25.1336987,82.5644344
MADHYA PRADESH,Total,Singrauli,All Modes,114379,94936,19443,29119,20485,8634,18580,15286,3294,32104,27614,4490,18187,16263,1924,6221,5771,450,4559,4322,237,1667,1561,106,1543,1455,88,2399,2179,220,24.1992101,82.6645469
MADHYA PRADESH,Total,Singrauli,On foot,36684,28921,7763,0,0,0,13297,10439,2858,14905,11497,3408,8482,6985,1497,0,0,0,0,0,0,0,0,0,0,0,0,0,0,0,24.1992101,82.6645469
MADHYA PRADESH,Total,Singrauli,Bicycle,17907,17175,732,0,0,0,1936,1821,115,7940,7572,368,3484,3387,97,2097,2050,47,2450,2345,105,0,0,0,0,0,0,0,0,0,24.1992101,82.6645469
MADHYA PRADESH,Total,Singrauli,Moped/Scooter/Motor Cycle,15045,14083,962,0,0,0,2216,2030,186,5648,5264,384,2585,2474,111,1567,1478,89,670,650,20,645,613,32,342,321,21,1372,1253,119,24.1992101,82.6645469
MADHYA PRADESH,Total,Singrauli,Car/Jeep/Van,2933,2736,197,0,0,0,357,317,40,1109,1044,65,523,499,24,314,288,26,128,113,15,134,124,10,125,122,3,243,229,14,24.1992101,82.6645469
MADHYA PRADESH,Total,Singrauli,Tempo/Autorickshaw/Taxi,1104,941,163,0,0,0,86,70,16,273,240,33,210,182,28,315,260,55,66,56,10,36,31,5,27,26,1,91,76,15,24.1992101,82.6645469
MADHYA PRADESH,Total,Singrauli,Bus,10345,9455,890,0,0,0,560,500,60,1999,1789,210,2775,2618,157,1855,1631,224,1212,1126,86,792,738,54,663,616,47,489,437,52,24.1992101,82.6645469
MADHYA PRADESH,Total,Singrauli,Train,1094,1012,82,0,0,0,111,95,16,202,184,18,105,98,7,54,48,6,26,26,0,50,46,4,374,358,16,172,157,15,24.1992101,82.6645469
MADHYA PRADESH,Total,Singrauli,Water transport,26,22,4,0,0,0,4,3,1,4,4,0,4,4,0,1,1,0,1,1,0,3,2,1,3,3,0,6,4,2,24.1992101,82.6645469
MADHYA PRADESH,Total,Singrauli,Any other,122,106,16,0,0,0,13,11,2,24,20,4,19,16,3,18,15,3,6,5,1,7,7,0,9,9,0,26,23,3,24.1992101,82.6645469
MADHYA PRADESH,Total,Singrauli,No travel,29119,20485,8634,29119,20485,8634,0,0,0,0,0,0,0,0,0,0,0,0,0,0,0,0,0,0,0,0,0,0,0,0,24.1992101,82.6645469
MADHYA PRADESH,Rural,Singrauli,All Modes,59407,47797,11610,16930,11491,5439,10390,8420,1970,15663,13064,2599,7576,6529,1047,3933,3664,269,2460,2317,143,936,876,60,1074,1030,44,445,406,39,24.1992101,82.6645469
MADHYA PRADESH,Rural,Singrauli,On foot,22880,17941,4939,0,0,0,8635,6795,1840,9890,7653,2237,4355,3493,862,0,0,0,0,0,0,0,0,0,0,0,0,0,0,0,24.1992101,82.6645469
MADHYA PRADESH,Rural,Singrauli,Bicycle,9518,9127,391,0,0,0,945,891,54,3734,3546,188,2029,1967,62,1605,1575,30,1205,1148,57,0,0,0,0,0,0,0,0,0,24.1992101,82.6645469
MADHYA PRADESH,Rural,Singrauli,Moped/Scooter/Motor Cycle,4135,3905,230,0,0,0,495,461,34,1329,1239,90,572,546,26,708,676,32,382,369,13,330,315,15,113,107,6,206,192,14,24.1992101,82.6645469
MADHYA PRADESH,Rural,Singrauli,Car/Jeep/Van,649,589,60,0,0,0,56,51,5,178,164,14,93,85,8,123,108,15,42,32,10,57,51,6,71,70,1,29,28,1,24.1992101,82.6645469
MADHYA PRADESH,Rural,Singrauli,Tempo/Autorickshaw/Taxi,518,431,87,0,0,0,29,26,3,58,48,10,86,70,16,264,220,44,44,36,8,12,9,3,12,12,0,13,10,3,24.1992101,82.6645469
MADHYA PRADESH,Rural,Singrauli,Bus,4044,3627,417,0,0,0,164,142,22,381,332,49,406,334,72,1195,1050,145,770,716,54,497,463,34,522,497,25,109,93,16,24.1992101,82.6645469
MADHYA PRADESH,Rural,Singrauli,Train,660,621,39,0,0,0,56,45,11,79,69,10,28,27,1,24,23,1,14,14,0,32,31,1,348,336,12,79,76,3,24.1992101,82.6645469
MADHYA PRADESH,Rural,Singrauli,Water transport,15,12,3,0,0,0,3,3,0,1,1,0,2,2,0,1,1,0,0,0,0,3,2,1,2,2,0,3,1,2,24.1992101,82.6645469
MADHYA PRADESH,Rural,Singrauli,Any other,58,53,5,0,0,0,7,6,1,13,12,1,5,5,0,13,11,2,3,2,1,5,5,0,6,6,0,6,6,0,24.1992101,82.6645469
MADHYA PRADESH,Rural,Singrauli,No travel,16930,11491,5439,16930,11491,5439,0,0,0,0,0,0,0,0,0,0,0,0,0,0,0,0,0,0,0,0,0,0,0,0,24.1992101,82.6645469
MADHYA PRADESH,Urban,Singrauli,All Modes,54972,47139,7833,12189,8994,3195,8190,6866,1324,16441,14550,1891,10611,9734,877,2288,2107,181,2099,2005,94,731,685,46,469,425,44,1954,1773,181,24.1992101,82.6645469
MADHYA PRADESH,Urban,Singrauli,On foot,13804,10980,2824,0,0,0,4662,3644,1018,5015,3844,1171,4127,3492,635,0,0,0,0,0,0,0,0,0,0,0,0,0,0,0,24.1992101,82.6645469
MADHYA PRADESH,Urban,Singrauli,Bicycle,8389,8048,341,0,0,0,991,930,61,4206,4026,180,1455,1420,35,492,475,17,1245,1197,48,0,0,0,0,0,0,0,0,0,24.1992101,82.6645469
MADHYA PRADESH,Urban,Singrauli,Moped/Scooter/Motor Cycle,10910,10178,732,0,0,0,1721,1569,152,4319,4025,294,2013,1928,85,859,802,57,288,281,7,315,298,17,229,214,15,1166,1061,105,24.1992101,82.6645469
MADHYA PRADESH,Urban,Singrauli,Car/Jeep/Van,2284,2147,137,0,0,0,301,266,35,931,880,51,430,414,16,191,180,11,86,81,5,77,73,4,54,52,2,214,201,13,24.1992101,82.6645469
MADHYA PRADESH,Urban,Singrauli,Tempo/Autorickshaw/Taxi,586,510,76,0,0,0,57,44,13,215,192,23,124,112,12,51,40,11,22,20,2,24,22,2,15,14,1,78,66,12,24.1992101,82.6645469
MADHYA PRADESH,Urban,Singrauli,Bus,6301,5828,473,0,0,0,396,358,38,1618,1457,161,2369,2284,85,660,581,79,442,410,32,295,275,20,141,119,22,380,344,36,24.1992101,82.6645469
MADHYA PRADESH,Urban,Singrauli,Train,434,391,43,0,0,0,55,50,5,123,115,8,77,71,6,30,25,5,12,12,0,18,15,3,26,22,4,93,81,12,24.1992101,82.6645469
MADHYA PRADESH,Urban,Singrauli,Water transport,11,10,1,0,0,0,1,0,1,3,3,0,2,2,0,0,0,0,1,1,0,0,0,0,1,1,0,3,3,0,24.1992101,82.6645469
MADHYA PRADESH,Urban,Singrauli,Any other,64,53,11,0,0,0,6,5,1,11,8,3,14,11,3,5,4,1,3,3,0,2,2,0,3,3,0,20,17,3,24.1992101,82.6645469
MADHYA PRADESH,Urban,Singrauli,No travel,12189,8994,3195,12189,8994,3195,0,0,0,0,0,0,0,0,0,0,0,0,0,0,0,0,0,0,0,0,0,0,0,0,24.1992101,82.6645469
UTTAR PRADESH,Total,Ambedkar Nagar,All Modes,213944,156367,57577,112253,70174,42079,29558,22759,6799,29718,26121,3597,19913,16607,3306,6374,5922,452,6774,6111,663,1819,1685,134,5261,4946,315,2274,2042,232,26.4683952,82.6915429
UTTAR PRADESH,Total,Ambedkar Nagar,On foot,34959,24085,10874,0,0,0,20636,14472,6164,6269,4112,2157,8054,5501,2553,0,0,0,0,0,0,0,0,0,0,0,0,0,0,0,26.4683952,82.6915429
UTTAR PRADESH,Total,Ambedkar Nagar,Bicycle,39048,37078,1970,0,0,0,6203,5861,342,17286,16559,727,7731,7433,298,2785,2686,99,5043,4539,504,0,0,0,0,0,0,0,0,0,26.4683952,82.6915429
UTTAR PRADESH,Total,Ambedkar Nagar,Moped/Scooter/Motor Cycle,13987,12867,1120,0,0,0,1762,1626,136,4137,3750,387,2634,2425,209,2207,2065,142,944,882,62,801,737,64,653,613,40,849,769,80,26.4683952,82.6915429
UTTAR PRADESH,Total,Ambedkar Nagar,Car/Jeep/Van,1998,1721,277,0,0,0,186,147,39,533,460,73,275,226,49,308,260,48,165,144,21,164,156,8,223,207,16,144,121,23,26.4683952,82.6915429
UTTAR PRADESH,Total,Ambedkar Nagar,Tempo/Autorickshaw/Taxi,1600,1214,386,0,0,0,127,92,35,381,245,136,376,274,102,316,258,58,119,99,20,94,86,8,80,72,8,107,88,19,26.4683952,82.6915429
UTTAR PRADESH,Total,Ambedkar Nagar,Bus,3798,3312,486,0,0,0,155,121,34,309,266,43,365,300,65,492,401,91,398,345,53,559,511,48,1327,1205,122,193,163,30,26.4683952,82.6915429
UTTAR PRADESH,Total,Ambedkar Nagar,Train,5361,5048,313,0,0,0,343,309,34,509,457,52,303,284,19,205,197,8,86,83,3,179,174,5,2898,2771,127,838,773,65,26.4683952,82.6915429
UTTAR PRADESH,Total,Ambedkar Nagar,Water transport,93,79,14,0,0,0,16,12,4,9,7,2,8,6,2,5,4,1,4,4,0,10,9,1,17,17,0,24,20,4,26.4683952,82.6915429
UTTAR PRADESH,Total,Ambedkar Nagar,Any other,847,789,58,0,0,0,130,119,11,285,265,20,167,158,9,56,51,5,15,15,0,12,12,0,63,61,2,119,108,11,26.4683952,82.6915429
UTTAR PRADESH,Total,Ambedkar Nagar,No travel,112253,70174,42079,112253,70174,42079,0,0,0,0,0,0,0,0,0,0,0,0,0,0,0,0,0,0,0,0,0,0,0,0,26.4683952,82.6915429
UTTAR PRADESH,Rural,Ambedkar Nagar,All Modes,158933,110891,48042,84920,49679,35241,18037,12444,5593,22078,19122,2956,15080,12294,2786,5542,5161,381,5459,4916,543,1566,1458,108,4526,4267,259,1725,1550,175,26.4683952,82.6915429
UTTAR PRADESH,Rural,Ambedkar Nagar,On foot,21374,12249,9125,0,0,0,12248,7133,5115,4256,2415,1841,4870,2701,2169,0,0,0,0,0,0,0,0,0,0,0,0,0,0,0,26.4683952,82.6915429
UTTAR PRADESH,Rural,Ambedkar Nagar,Bicycle,30831,29167,1664,0,0,0,4137,3872,265,13339,12723,616,6836,6562,274,2529,2437,92,3990,3573,417,0,0,0,0,0,0,0,0,0,26.4683952,82.6915429
UTTAR PRADESH,Rural,Ambedkar Nagar,Moped/Scooter/Motor Cycle,10692,9818,874,0,0,0,996,899,97,2946,2653,293,2173,2010,163,1880,1762,118,815,763,52,697,642,55,548,513,35,637,576,61,26.4683952,82.6915429
UTTAR PRADESH,Rural,Ambedkar Nagar,Car/Jeep/Van,1480,1276,204,0,0,0,126,95,31,404,358,46,196,161,35,227,191,36,117,98,19,123,117,6,175,164,11,112,92,20,26.4683952,82.6915429
UTTAR PRADESH,Rural,Ambedkar Nagar,Tempo/Autorickshaw/Taxi,1257,1016,241,0,0,0,83,66,17,274,208,66,304,235,69,276,225,51,94,79,15,76,71,5,71,64,7,79,68,11,26.4683952,82.6915429
UTTAR PRADESH,Rural,Ambedkar Nagar,Bus,3255,2884,371,0,0,0,122,95,27,269,233,36,325,274,51,405,333,72,345,308,37,495,458,37,1146,1053,93,148,130,18,26.4683952,82.6915429
UTTAR PRADESH,Rural,Ambedkar Nagar,Train,4502,4227,275,0,0,0,245,212,33,407,362,45,263,245,18,179,172,7,80,77,3,154,150,4,2520,2408,112,654,601,53,26.4683952,82.6915429
UTTAR PRADESH,Rural,Ambedkar Nagar,Water transport,73,61,12,0,0,0,11,9,2,8,6,2,7,5,2,4,3,1,4,4,0,10,9,1,13,13,0,16,12,4,26.4683952,82.6915429
UTTAR PRADESH,Rural,Ambedkar Nagar,Any other,549,514,35,0,0,0,69,63,6,175,164,11,106,101,5,42,38,4,14,14,0,11,11,0,53,52,1,79,71,8,26.4683952,82.6915429
UTTAR PRADESH,Rural,Ambedkar Nagar,No travel,84920,49679,35241,84920,49679,35241,0,0,0,0,0,0,0,0,0,0,0,0,0,0,0,0,0,0,0,0,0,0,0,0,26.4683952,82.6915429
UTTAR PRADESH,Urban,Ambedkar Nagar,All Modes,55011,45476,9535,27333,20495,6838,11521,10315,1206,7640,6999,641,4833,4313,520,832,761,71,1315,1195,120,253,227,26,735,679,56,549,492,57,26.4683952,82.6915429
UTTAR PRADESH,Urban,Ambedkar Nagar,On foot,13585,11836,1749,0,0,0,8388,7339,1049,2013,1697,316,3184,2800,384,0,0,0,0,0,0,0,0,0,0,0,0,0,0,0,26.4683952,82.6915429
UTTAR PRADESH,Urban,Ambedkar Nagar,Bicycle,8217,7911,306,0,0,0,2066,1989,77,3947,3836,111,895,871,24,256,249,7,1053,966,87,0,0,0,0,0,0,0,0,0,26.4683952,82.6915429
UTTAR PRADESH,Urban,Ambedkar Nagar,Moped/Scooter/Motor Cycle,3295,3049,246,0,0,0,766,727,39,1191,1097,94,461,415,46,327,303,24,129,119,10,104,95,9,105,100,5,212,193,19,26.4683952,82.6915429
UTTAR PRADESH,Urban,Ambedkar Nagar,Car/Jeep/Van,518,445,73,0,0,0,60,52,8,129,102,27,79,65,14,81,69,12,48,46,2,41,39,2,48,43,5,32,29,3,26.4683952,82.6915429
UTTAR PRADESH,Urban,Ambedkar Nagar,Tempo/Autorickshaw/Taxi,343,198,145,0,0,0,44,26,18,107,37,70,72,39,33,40,33,7,25,20,5,18,15,3,9,8,1,28,20,8,26.4683952,82.6915429
UTTAR PRADESH,Urban,Ambedkar Nagar,Bus,543,428,115,0,0,0,33,26,7,40,33,7,40,26,14,87,68,19,53,37,16,64,53,11,181,152,29,45,33,12,26.4683952,82.6915429
UTTAR PRADESH,Urban,Ambedkar Nagar,Train,859,821,38,0,0,0,98,97,1,102,95,7,40,39,1,26,25,1,6,6,0,25,24,1,378,363,15,184,172,12,26.4683952,82.6915429
UTTAR PRADESH,Urban,Ambedkar Nagar,Water transport,20,18,2,0,0,0,5,3,2,1,1,0,1,1,0,1,1,0,0,0,0,0,0,0,4,4,0,8,8,0,26.4683952,82.6915429
UTTAR PRADESH,Urban,Ambedkar Nagar,Any other,298,275,23,0,0,0,61,56,5,110,101,9,61,57,4,14,13,1,1,1,0,1,1,0,10,9,1,40,37,3,26.4683952,82.6915429
UTTAR PRADESH,Urban,Ambedkar Nagar,No travel,27333,20495,6838,27333,20495,6838,0,0,0,0,0,0,0,0,0,0,0,0,0,0,0,0,0,0,0,0,0,0,0,0,26.4683952,82.6915429
UTTAR PRADESH,Total,Jaunpur,All Modes,371417,278862,92555,182177,116613,65564,51737,39715,12022,57272,51139,6133,37456,31191,6265,12176,11552,624,12675,11863,812,4434,4221,213,5741,5446,295,7749,7122,627,25.7496217,82.692621
UTTAR PRADESH,Total,Jaunpur,On foot,67571,47198,20373,0,0,0,37698,26525,11173,14967,10888,4079,14906,9785,5121,0,0,0,0,0,0,0,0,0,0,0,0,0,0,0,25.7496217,82.692621
UTTAR PRADESH,Total,Jaunpur,Bicycle,66690,64266,2424,0,0,0,9192,8763,429,30165,29225,940,13678,13336,342,4783,4672,111,8872,8270,602,0,0,0,0,0,0,0,0,0,25.7496217,82.692621
UTTAR PRADESH,Total,Jaunpur,Moped/Scooter/Motor Cycle,28761,27304,1457,0,0,0,3376,3210,166,8927,8400,527,5644,5343,301,4088,3929,159,1689,1631,58,1432,1388,44,764,739,25,2841,2664,177,25.7496217,82.692621
UTTAR PRADESH,Total,Jaunpur,Car/Jeep/Van,4027,3495,532,0,0,0,315,266,49,716,568,148,687,563,124,723,646,77,388,362,26,358,339,19,321,303,18,519,448,71,25.7496217,82.692621
UTTAR PRADESH,Total,Jaunpur,Tempo/Autorickshaw/Taxi,3252,2690,562,0,0,0,258,206,52,954,722,232,762,623,139,504,460,44,165,158,7,152,146,6,75,72,3,382,303,79,25.7496217,82.692621
UTTAR PRADESH,Total,Jaunpur,Bus,9834,8689,1145,0,0,0,289,213,76,776,626,150,1112,909,203,1537,1320,217,1266,1155,111,1897,1768,129,1858,1714,144,1099,984,115,25.7496217,82.692621
UTTAR PRADESH,Total,Jaunpur,Train,7493,7084,409,0,0,0,383,330,53,413,378,35,406,380,26,410,395,15,254,248,6,530,516,14,2553,2449,104,2544,2388,156,25.7496217,82.692621
UTTAR PRADESH,Total,Jaunpur,Water transport,206,182,24,0,0,0,35,28,7,25,23,2,23,21,2,19,18,1,6,6,0,11,11,0,14,14,0,73,61,12,25.7496217,82.692621
UTTAR PRADESH,Total,Jaunpur,Any other,1406,1341,65,0,0,0,191,174,17,329,309,20,238,231,7,112,112,0,35,33,2,54,53,1,156,155,1,291,274,17,25.7496217,82.692621
UTTAR PRADESH,Total,Jaunpur,No travel,182177,116613,65564,182177,116613,65564,0,0,0,0,0,0,0,0,0,0,0,0,0,0,0,0,0,0,0,0,0,0,0,0,25.7496217,82.692621
UTTAR PRADESH,Rural,Jaunpur,All Modes,300214,217933,82281,151497,92616,58881,36331,25584,10747,44998,39806,5192,30820,25363,5457,10843,10345,498,10518,9900,618,3877,3715,162,4987,4758,229,6343,5846,497,25.7496217,82.692621
UTTAR PRADESH,Rural,Jaunpur,On foot,49690,31426,18264,0,0,0,26457,16391,10066,11626,7969,3657,11607,7066,4541,0,0,0,0,0,0,0,0,0,0,0,0,0,0,0,25.7496217,82.692621
UTTAR PRADESH,Rural,Jaunpur,Bicycle,55633,53590,2043,0,0,0,6859,6495,364,25069,24268,801,12058,11747,311,4390,4291,99,7257,6789,468,0,0,0,0,0,0,0,0,0,25.7496217,82.692621
UTTAR PRADESH,Rural,Jaunpur,Moped/Scooter/Motor Cycle,20821,19779,1042,0,0,0,1880,1758,122,5743,5387,356,4381,4169,212,3528,3394,134,1440,1394,46,1222,1192,30,624,606,18,2003,1879,124,25.7496217,82.692621
UTTAR PRADESH,Rural,Jaunpur,Car/Jeep/Van,3266,2846,420,0,0,0,220,184,36,554,438,116,601,491,110,629,567,62,319,305,14,294,281,13,260,245,15,389,335,54,25.7496217,82.692621
UTTAR PRADESH,Rural,Jaunpur,Tempo/Autorickshaw/Taxi,2565,2250,315,0,0,0,182,155,27,698,591,107,621,532,89,443,414,29,143,140,3,127,124,3,69,67,2,282,227,55,25.7496217,82.692621
UTTAR PRADESH,Rural,Jaunpur,Bus,8663,7778,885,0,0,0,253,190,63,682,576,106,978,815,163,1348,1186,162,1101,1020,81,1698,1594,104,1600,1493,107,1003,904,99,25.7496217,82.692621
UTTAR PRADESH,Rural,Jaunpur,Train,6806,6446,360,0,0,0,318,271,47,373,338,35,372,349,23,391,379,12,225,221,4,482,470,12,2279,2193,86,2366,2225,141,25.7496217,82.692621
UTTAR PRADESH,Rural,Jaunpur,Water transport,164,146,18,0,0,0,29,22,7,16,16,0,16,14,2,17,17,0,4,4,0,8,8,0,12,12,0,62,53,9,25.7496217,82.692621
UTTAR PRADESH,Rural,Jaunpur,Any other,1109,1056,53,0,0,0,133,118,15,237,223,14,186,180,6,97,97,0,29,27,2,46,46,0,143,142,1,238,223,15,25.7496217,82.692621
UTTAR PRADESH,Rural,Jaunpur,No travel,151497,92616,58881,151497,92616,58881,0,0,0,0,0,0,0,0,0,0,0,0,0,0,0,0,0,0,0,0,0,0,0,0,25.7496217,82.692621
UTTAR PRADESH,Urban,Jaunpur,All Modes,71203,60929,10274,30680,23997,6683,15406,14131,1275,12274,11333,941,6636,5828,808,1333,1207,126,2157,1963,194,557,506,51,754,688,66,1406,1276,130,25.7496217,82.692621
UTTAR PRADESH,Urban,Jaunpur,On foot,17881,15772,2109,0,0,0,11241,10134,1107,3341,2919,422,3299,2719,580,0,0,0,0,0,0,0,0,0,0,0,0,0,0,0,25.7496217,82.692621
UTTAR PRADESH,Urban,Jaunpur,Bicycle,11057,10676,381,0,0,0,2333,2268,65,5096,4957,139,1620,1589,31,393,381,12,1615,1481,134,0,0,0,0,0,0,0,0,0,25.7496217,82.692621
UTTAR PRADESH,Urban,Jaunpur,Moped/Scooter/Motor Cycle,7940,7525,415,0,0,0,1496,1452,44,3184,3013,171,1263,1174,89,560,535,25,249,237,12,210,196,14,140,133,7,838,785,53,25.7496217,82.692621
UTTAR PRADESH,Urban,Jaunpur,Car/Jeep/Van,761,649,112,0,0,0,95,82,13,162,130,32,86,72,14,94,79,15,69,57,12,64,58,6,61,58,3,130,113,17,25.7496217,82.692621
UTTAR PRADESH,Urban,Jaunpur,Tempo/Autorickshaw/Taxi,687,440,247,0,0,0,76,51,25,256,131,125,141,91,50,61,46,15,22,18,4,25,22,3,6,5,1,100,76,24,25.7496217,82.692621
UTTAR PRADESH,Urban,Jaunpur,Bus,1171,911,260,0,0,0,36,23,13,94,50,44,134,94,40,189,134,55,165,135,30,199,174,25,258,221,37,96,80,16,25.7496217,82.692621
UTTAR PRADESH,Urban,Jaunpur,Train,687,638,49,0,0,0,65,59,6,40,40,0,34,31,3,19,16,3,29,27,2,48,46,2,274,256,18,178,163,15,25.7496217,82.692621
UTTAR PRADESH,Urban,Jaunpur,Water transport,42,36,6,0,0,0,6,6,0,9,7,2,7,7,0,2,1,1,2,2,0,3,3,0,2,2,0,11,8,3,25.7496217,82.692621
UTTAR PRADESH,Urban,Jaunpur,Any other,297,285,12,0,0,0,58,56,2,92,86,6,52,51,1,15,15,0,6,6,0,8,7,1,13,13,0,53,51,2,25.7496217,82.692621
UTTAR PRADESH,Urban,Jaunpur,No travel,30680,23997,6683,30680,23997,6683,0,0,0,0,0,0,0,0,0,0,0,0,0,0,0,0,0,0,0,0,0,0,0,0,25.7496217,82.692621
ODISHA,Total,Koraput,All Modes,181170,126055,55115,47177,29301,17876,39846,27073,12773,47988,34094,13894,24983,17527,7456,7168,5918,1250,5878,5152,726,2684,2269,415,2166,1933,233,3280,2788,492,18.813487,82.7123327
ODISHA,Total,Koraput,On foot,68309,39249,29060,0,0,0,29301,17479,11822,24936,13358,11578,14072,8412,5660,0,0,0,0,0,0,0,0,0,0,0,0,0,0,0,18.813487,82.7123327
ODISHA,Total,Koraput,Bicycle,23306,22032,1274,0,0,0,3772,3569,203,10896,10318,578,4384,4118,266,1726,1663,63,2528,2364,164,0,0,0,0,0,0,0,0,0,18.813487,82.7123327
ODISHA,Total,Koraput,Moped/Scooter/Motor Cycle,23657,21808,1849,0,0,0,5619,5177,442,9499,8747,752,2698,2469,229,1917,1764,153,1032,967,65,909,854,55,342,329,13,1641,1501,140,18.813487,82.7123327
ODISHA,Total,Koraput,Car/Jeep/Van,3529,2669,860,0,0,0,407,337,70,568,392,176,647,404,243,495,338,157,306,253,53,360,284,76,414,399,15,332,262,70,18.813487,82.7123327
ODISHA,Total,Koraput,Tempo/Autorickshaw/Taxi,2534,1702,832,0,0,0,231,163,68,610,327,283,671,405,266,448,329,119,165,150,15,135,117,18,71,64,7,203,147,56,18.813487,82.7123327
ODISHA,Total,Koraput,Bus,10827,7845,2982,0,0,0,323,205,118,1185,730,455,2219,1493,726,2415,1702,713,1647,1287,360,1168,916,252,1054,882,172,816,630,186,18.813487,82.7123327
ODISHA,Total,Koraput,Train,734,591,143,0,0,0,88,62,26,111,82,29,56,43,13,58,49,9,61,55,6,68,57,11,179,154,25,113,89,24,18.813487,82.7123327
ODISHA,Total,Koraput,Water transport,163,121,42,0,0,0,26,18,8,45,26,19,49,44,5,10,5,5,8,7,1,0,0,0,1,1,0,24,20,4,18.813487,82.7123327
ODISHA,Total,Koraput,Any other,934,737,197,0,0,0,79,63,16,138,114,24,187,139,48,99,68,31,131,69,62,44,41,3,105,104,1,151,139,12,18.813487,82.7123327
ODISHA,Total,Koraput,No travel,47177,29301,17876,47177,29301,17876,0,0,0,0,0,0,0,0,0,0,0,0,0,0,0,0,0,0,0,0,0,0,0,0,18.813487,82.7123327
ODISHA,Rural,Koraput,All Modes,106752,68475,38277,34942,21115,13827,18944,11091,7853,24832,15510,9322,17505,11851,5654,4372,3607,765,2811,2456,355,1141,966,175,880,788,92,1325,1091,234,18.813487,82.7123327
ODISHA,Rural,Koraput,On foot,43859,23687,20172,0,0,0,16509,8991,7518,16873,8637,8236,10477,6059,4418,0,0,0,0,0,0,0,0,0,0,0,0,0,0,0,18.813487,82.7123327
ODISHA,Rural,Koraput,Bicycle,12427,11531,896,0,0,0,1257,1139,118,4867,4501,366,3507,3257,250,1407,1356,51,1389,1278,111,0,0,0,0,0,0,0,0,0,18.813487,82.7123327
ODISHA,Rural,Koraput,Moped/Scooter/Motor Cycle,5917,5366,551,0,0,0,706,649,57,1788,1590,198,1207,1085,122,903,818,85,366,339,27,318,304,14,109,105,4,520,476,44,18.813487,82.7123327
ODISHA,Rural,Koraput,Car/Jeep/Van,1883,1171,712,0,0,0,135,93,42,274,135,139,391,171,220,321,181,140,171,130,41,212,149,63,199,190,9,180,122,58,18.813487,82.7123327
ODISHA,Rural,Koraput,Tempo/Autorickshaw/Taxi,1314,824,490,0,0,0,75,50,25,241,127,114,492,289,203,279,190,89,66,52,14,34,25,9,17,16,1,110,75,35,18.813487,82.7123327
ODISHA,Rural,Koraput,Bus,5241,3908,1333,0,0,0,160,99,61,605,390,215,1194,812,382,1348,980,368,654,550,104,506,427,79,420,365,55,354,285,69,18.813487,82.7123327
ODISHA,Rural,Koraput,Train,461,366,95,0,0,0,42,30,12,69,51,18,42,31,11,34,29,5,46,42,4,51,44,7,107,84,23,70,55,15,18.813487,82.7123327
ODISHA,Rural,Koraput,Water transport,129,94,35,0,0,0,15,8,7,41,25,16,47,43,4,8,4,4,4,4,0,0,0,0,1,1,0,13,9,4,18.813487,82.7123327
ODISHA,Rural,Koraput,Any other,579,413,166,0,0,0,45,32,13,74,54,20,148,104,44,72,49,23,115,61,54,20,17,3,27,27,0,78,69,9,18.813487,82.7123327
ODISHA,Rural,Koraput,No travel,34942,21115,13827,34942,21115,13827,0,0,0,0,0,0,0,0,0,0,0,0,0,0,0,0,0,0,0,0,0,0,0,0,18.813487,82.7123327
ODISHA,Urban,Koraput,All Modes,74418,57580,16838,12235,8186,4049,20902,15982,4920,23156,18584,4572,7478,5676,1802,2796,2311,485,3067,2696,371,1543,1303,240,1286,1145,141,1955,1697,258,18.813487,82.7123327
ODISHA,Urban,Koraput,On foot,24450,15562,8888,0,0,0,12792,8488,4304,8063,4721,3342,3595,2353,1242,0,0,0,0,0,0,0,0,0,0,0,0,0,0,0,18.813487,82.7123327
ODISHA,Urban,Koraput,Bicycle,10879,10501,378,0,0,0,2515,2430,85,6029,5817,212,877,861,16,319,307,12,1139,1086,53,0,0,0,0,0,0,0,0,0,18.813487,82.7123327
ODISHA,Urban,Koraput,Moped/Scooter/Motor Cycle,17740,16442,1298,0,0,0,4913,4528,385,7711,7157,554,1491,1384,107,1014,946,68,666,628,38,591,550,41,233,224,9,1121,1025,96,18.813487,82.7123327
ODISHA,Urban,Koraput,Car/Jeep/Van,1646,1498,148,0,0,0,272,244,28,294,257,37,256,233,23,174,157,17,135,123,12,148,135,13,215,209,6,152,140,12,18.813487,82.7123327
ODISHA,Urban,Koraput,Tempo/Autorickshaw/Taxi,1220,878,342,0,0,0,156,113,43,369,200,169,179,116,63,169,139,30,99,98,1,101,92,9,54,48,6,93,72,21,18.813487,82.7123327
ODISHA,Urban,Koraput,Bus,5586,3937,1649,0,0,0,163,106,57,580,340,240,1025,681,344,1067,722,345,993,737,256,662,489,173,634,517,117,462,345,117,18.813487,82.7123327
ODISHA,Urban,Koraput,Train,273,225,48,0,0,0,46,32,14,42,31,11,14,12,2,24,20,4,15,13,2,17,13,4,72,70,2,43,34,9,18.813487,82.7123327
ODISHA,Urban,Koraput,Water transport,34,27,7,0,0,0,11,10,1,4,1,3,2,1,1,2,1,1,4,3,1,0,0,0,0,0,0,11,11,0,18.813487,82.7123327
ODISHA,Urban,Koraput,Any other,355,324,31,0,0,0,34,31,3,64,60,4,39,35,4,27,19,8,16,8,8,24,24,0,78,77,1,73,70,3,18.813487,82.7123327
ODISHA,Urban,Koraput,No travel,12235,8186,4049,12235,8186,4049,0,0,0,0,0,0,0,0,0,0,0,0,0,0,0,0,0,0,0,0,0,0,0,0,18.813487,82.7123327
CHHATTISGARH,Total,Korba,All Modes,178410,146897,31513,27326,19349,7977,31015,23078,7937,73119,62283,10836,25783,23128,2655,11889,10829,1060,4318,3917,401,2348,2033,315,2120,1844,276,492,436,56,22.3594501,82.7500595
CHHATTISGARH,Total,Korba,On foot,36193,21660,14533,0,0,0,18006,11205,6801,15576,8831,6745,2611,1624,987,0,0,0,0,0,0,0,0,0,0,0,0,0,0,0,22.3594501,82.7500595
CHHATTISGARH,Total,Korba,Bicycle,55104,52071,3033,0,0,0,6933,6479,454,32216,30362,1854,10799,10291,508,3790,3655,135,1366,1284,82,0,0,0,0,0,0,0,0,0,22.3594501,82.7500595
CHHATTISGARH,Total,Korba,Moped/Scooter/Motor Cycle,46061,42783,3278,0,0,0,5129,4616,513,22057,20552,1505,9781,9164,617,5540,5132,408,1793,1679,114,1041,972,69,460,431,29,260,237,23,22.3594501,82.7500595
CHHATTISGARH,Total,Korba,Car/Jeep/Van,3548,3270,278,0,0,0,327,289,38,1331,1214,117,773,720,53,526,484,42,173,163,10,204,196,8,167,160,7,47,44,3,22.3594501,82.7500595
CHHATTISGARH,Total,Korba,Tempo/Autorickshaw/Taxi,2648,2083,565,0,0,0,180,149,31,906,635,271,654,492,162,583,514,69,141,124,17,116,111,5,36,34,2,32,24,8,22.3594501,82.7500595
CHHATTISGARH,Total,Korba,Bus,5704,4135,1569,0,0,0,286,229,57,667,395,272,972,674,298,1306,919,387,773,600,173,828,612,216,811,662,149,61,44,17,22.3594501,82.7500595
CHHATTISGARH,Total,Korba,Train,1152,973,179,0,0,0,78,52,26,142,115,27,57,49,8,60,52,8,48,45,3,129,112,17,560,474,86,78,74,4,22.3594501,82.7500595
CHHATTISGARH,Total,Korba,Water transport,54,42,12,0,0,0,14,12,2,13,10,3,8,5,3,8,7,1,3,2,1,0,0,0,4,2,2,4,4,0,22.3594501,82.7500595
CHHATTISGARH,Total,Korba,Any other,620,531,89,0,0,0,62,47,15,211,169,42,128,109,19,76,66,10,21,20,1,30,30,0,82,81,1,10,9,1,22.3594501,82.7500595
CHHATTISGARH,Total,Korba,No travel,27326,19349,7977,27326,19349,7977,0,0,0,0,0,0,0,0,0,0,0,0,0,0,0,0,0,0,0,0,0,0,0,0,22.3594501,82.7500595
CHHATTISGARH,Rural,Korba,All Modes,48848,38094,10754,13345,9209,4136,7968,5271,2697,12629,10231,2398,7023,6120,903,4174,3885,289,1809,1679,130,936,831,105,848,764,84,116,104,12,22.3594501,82.7500595
CHHATTISGARH,Rural,Korba,On foot,10716,6191,4525,0,0,0,5786,3313,2473,3887,2271,1616,1043,607,436,0,0,0,0,0,0,0,0,0,0,0,0,0,0,0,22.3594501,82.7500595
CHHATTISGARH,Rural,Korba,Bicycle,13667,12667,1000,0,0,0,1308,1169,139,6013,5489,524,3785,3563,222,1937,1860,77,624,586,38,0,0,0,0,0,0,0,0,0,22.3594501,82.7500595
CHHATTISGARH,Rural,Korba,Moped/Scooter/Motor Cycle,7898,7386,512,0,0,0,742,686,56,2398,2231,167,1777,1644,133,1617,1532,85,702,672,30,419,393,26,186,175,11,57,53,4,22.3594501,82.7500595
CHHATTISGARH,Rural,Korba,Car/Jeep/Van,252,232,20,0,0,0,41,34,7,65,62,3,37,34,3,38,33,5,20,20,0,29,27,2,19,19,0,3,3,0,22.3594501,82.7500595
CHHATTISGARH,Rural,Korba,Tempo/Autorickshaw/Taxi,226,200,26,0,0,0,16,16,0,35,28,7,50,41,9,69,63,6,23,21,2,17,15,2,14,14,0,2,2,0,22.3594501,82.7500595
CHHATTISGARH,Rural,Korba,Bus,2161,1722,439,0,0,0,31,25,6,159,100,59,280,189,91,437,334,103,394,337,57,409,343,66,422,373,49,29,21,8,22.3594501,82.7500595
CHHATTISGARH,Rural,Korba,Train,372,310,62,0,0,0,26,14,12,26,18,8,12,11,1,37,31,6,30,28,2,51,42,9,169,145,24,21,21,0,22.3594501,82.7500595
CHHATTISGARH,Rural,Korba,Water transport,19,16,3,0,0,0,6,4,2,2,1,1,3,3,0,5,5,0,1,1,0,0,0,0,1,1,0,1,1,0,22.3594501,82.7500595
CHHATTISGARH,Rural,Korba,Any other,192,161,31,0,0,0,12,10,2,44,31,13,36,28,8,34,27,7,15,14,1,11,11,0,37,37,0,3,3,0,22.3594501,82.7500595
CHHATTISGARH,Rural,Korba,No travel,13345,9209,4136,13345,9209,4136,0,0,0,0,0,0,0,0,0,0,0,0,0,0,0,0,0,0,0,0,0,0,0,0,22.3594501,82.7500595
CHHATTISGARH,Urban,Korba,All Modes,129562,108803,20759,13981,10140,3841,23047,17807,5240,60490,52052,8438,18760,17008,1752,7715,6944,771,2509,2238,271,1412,1202,210,1272,1080,192,376,332,44,22.3594501,82.7500595
CHHATTISGARH,Urban,Korba,On foot,25477,15469,10008,0,0,0,12220,7892,4328,11689,6560,5129,1568,1017,551,0,0,0,0,0,0,0,0,0,0,0,0,0,0,0,22.3594501,82.7500595
CHHATTISGARH,Urban,Korba,Bicycle,41437,39404,2033,0,0,0,5625,5310,315,26203,24873,1330,7014,6728,286,1853,1795,58,742,698,44,0,0,0,0,0,0,0,0,0,22.3594501,82.7500595
CHHATTISGARH,Urban,Korba,Moped/Scooter/Motor Cycle,38163,35397,2766,0,0,0,4387,3930,457,19659,18321,1338,8004,7520,484,3923,3600,323,1091,1007,84,622,579,43,274,256,18,203,184,19,22.3594501,82.7500595
CHHATTISGARH,Urban,Korba,Car/Jeep/Van,3296,3038,258,0,0,0,286,255,31,1266,1152,114,736,686,50,488,451,37,153,143,10,175,169,6,148,141,7,44,41,3,22.3594501,82.7500595
CHHATTISGARH,Urban,Korba,Tempo/Autorickshaw/Taxi,2422,1883,539,0,0,0,164,133,31,871,607,264,604,451,153,514,451,63,118,103,15,99,96,3,22,20,2,30,22,8,22.3594501,82.7500595
CHHATTISGARH,Urban,Korba,Bus,3543,2413,1130,0,0,0,255,204,51,508,295,213,692,485,207,869,585,284,379,263,116,419,269,150,389,289,100,32,23,9,22.3594501,82.7500595
CHHATTISGARH,Urban,Korba,Train,780,663,117,0,0,0,52,38,14,116,97,19,45,38,7,23,21,2,18,17,1,78,70,8,391,329,62,57,53,4,22.3594501,82.7500595
CHHATTISGARH,Urban,Korba,Water transport,35,26,9,0,0,0,8,8,0,11,9,2,5,2,3,3,2,1,2,1,1,0,0,0,3,1,2,3,3,0,22.3594501,82.7500595
CHHATTISGARH,Urban,Korba,Any other,428,370,58,0,0,0,50,37,13,167,138,29,92,81,11,42,39,3,6,6,0,19,19,0,45,44,1,7,6,1,22.3594501,82.7500595
CHHATTISGARH,Urban,Korba,No travel,13981,10140,3841,13981,10140,3841,0,0,0,0,0,0,0,0,0,0,0,0,0,0,0,0,0,0,0,0,0,0,0,0,22.3594501,82.7500595
UTTAR PRADESH,Total,Basti,All Modes,167644,126832,40812,89983,60499,29484,20263,15168,5095,23349,20718,2631,13676,11656,2020,6479,5967,512,5392,4934,458,2449,2253,196,4293,4038,255,1760,1599,161,26.8139844,82.7629893
UTTAR PRADESH,Total,Basti,On foot,23388,15710,7678,0,0,0,13907,9190,4717,5265,3708,1557,4216,2812,1404,0,0,0,0,0,0,0,0,0,0,0,0,0,0,0,26.8139844,82.7629893
UTTAR PRADESH,Total,Basti,Bicycle,26521,25624,897,0,0,0,3991,3836,155,11495,11157,338,5587,5450,137,2616,2551,65,2832,2630,202,0,0,0,0,0,0,0,0,0,26.8139844,82.7629893
UTTAR PRADESH,Total,Basti,Moped/Scooter/Motor Cycle,15926,15005,921,0,0,0,1679,1594,85,5047,4740,307,2783,2604,179,2601,2452,149,1425,1356,69,1140,1081,59,511,492,19,740,686,54,26.8139844,82.7629893
UTTAR PRADESH,Total,Basti,Car/Jeep/Van,1840,1528,312,0,0,0,155,129,26,343,283,60,246,187,59,332,262,70,266,225,41,230,207,23,162,151,11,106,84,22,26.8139844,82.7629893
UTTAR PRADESH,Total,Basti,Tempo/Autorickshaw/Taxi,2462,1662,800,0,0,0,163,103,60,747,443,304,501,310,191,464,324,140,263,211,52,139,125,14,64,53,11,121,93,28,26.8139844,82.7629893
UTTAR PRADESH,Total,Basti,Bus,3091,2655,436,0,0,0,89,71,18,137,103,34,144,111,33,319,238,81,455,374,81,682,596,86,1099,1015,84,166,147,19,26.8139844,82.7629893
UTTAR PRADESH,Total,Basti,Train,3853,3622,231,0,0,0,197,180,17,162,147,15,111,99,12,100,96,4,129,117,12,237,225,12,2369,2241,128,548,517,31,26.8139844,82.7629893
UTTAR PRADESH,Total,Basti,Water transport,76,66,10,0,0,0,20,13,7,7,7,0,4,4,0,4,4,0,5,5,0,5,4,1,11,10,1,20,19,1,26.8139844,82.7629893
UTTAR PRADESH,Total,Basti,Any other,504,461,43,0,0,0,62,52,10,146,130,16,84,79,5,43,40,3,17,16,1,16,15,1,77,76,1,59,53,6,26.8139844,82.7629893
UTTAR PRADESH,Total,Basti,No travel,89983,60499,29484,89983,60499,29484,0,0,0,0,0,0,0,0,0,0,0,0,0,0,0,0,0,0,0,0,0,0,0,0,26.8139844,82.7629893
UTTAR PRADESH,Rural,Basti,All Modes,137307,100983,36324,76587,49874,26713,16001,11307,4694,16570,14478,2092,11124,9448,1676,5768,5420,348,4558,4199,359,1933,1802,131,3416,3226,190,1350,1229,121,26.8139844,82.7629893
UTTAR PRADESH,Rural,Basti,On foot,18112,11067,7045,0,0,0,11296,6898,4398,3673,2262,1411,3143,1907,1236,0,0,0,0,0,0,0,0,0,0,0,0,0,0,0,26.8139844,82.7629893
UTTAR PRADESH,Rural,Basti,Bicycle,22690,21880,810,0,0,0,3287,3143,144,9229,8942,287,5122,4996,126,2525,2464,61,2527,2335,192,0,0,0,0,0,0,0,0,0,26.8139844,82.7629893
UTTAR PRADESH,Rural,Basti,Moped/Scooter/Motor Cycle,11196,10489,707,0,0,0,947,881,66,2850,2634,216,2093,1954,139,2238,2121,117,1155,1101,54,930,880,50,413,397,16,570,521,49,26.8139844,82.7629893
UTTAR PRADESH,Rural,Basti,Car/Jeep/Van,1325,1128,197,0,0,0,78,64,14,187,154,33,192,147,45,264,221,43,216,192,24,186,170,16,126,119,7,76,61,15,26.8139844,82.7629893
UTTAR PRADESH,Rural,Basti,Tempo/Autorickshaw/Taxi,1553,1175,378,0,0,0,92,65,27,324,217,107,308,209,99,369,289,80,219,189,30,113,104,9,52,45,7,76,57,19,26.8139844,82.7629893
UTTAR PRADESH,Rural,Basti,Bus,2393,2125,268,0,0,0,74,58,16,103,80,23,112,96,16,245,205,40,334,284,50,527,479,48,865,804,61,133,119,14,26.8139844,82.7629893
UTTAR PRADESH,Rural,Basti,Train,2996,2827,169,0,0,0,156,140,16,116,106,10,91,81,10,83,79,4,86,78,8,160,154,6,1883,1785,98,421,404,17,26.8139844,82.7629893
UTTAR PRADESH,Rural,Basti,Water transport,62,53,9,0,0,0,18,11,7,6,6,0,3,3,0,3,3,0,4,4,0,2,1,1,7,7,0,19,18,1,26.8139844,82.7629893
UTTAR PRADESH,Rural,Basti,Any other,393,365,28,0,0,0,53,47,6,82,77,5,60,55,5,41,38,3,17,16,1,15,14,1,70,69,1,55,49,6,26.8139844,82.7629893
UTTAR PRADESH,Rural,Basti,No travel,76587,49874,26713,76587,49874,26713,0,0,0,0,0,0,0,0,0,0,0,0,0,0,0,0,0,0,0,0,0,0,0,0,26.8139844,82.7629893
UTTAR PRADESH,Urban,Basti,All Modes,30337,25849,4488,13396,10625,2771,4262,3861,401,6779,6240,539,2552,2208,344,711,547,164,834,735,99,516,451,65,877,812,65,410,370,40,26.8139844,82.7629893
UTTAR PRADESH,Urban,Basti,On foot,5276,4643,633,0,0,0,2611,2292,319,1592,1446,146,1073,905,168,0,0,0,0,0,0,0,0,0,0,0,0,0,0,0,26.8139844,82.7629893
UTTAR PRADESH,Urban,Basti,Bicycle,3831,3744,87,0,0,0,704,693,11,2266,2215,51,465,454,11,91,87,4,305,295,10,0,0,0,0,0,0,0,0,0,26.8139844,82.7629893
UTTAR PRADESH,Urban,Basti,Moped/Scooter/Motor Cycle,4730,4516,214,0,0,0,732,713,19,2197,2106,91,690,650,40,363,331,32,270,255,15,210,201,9,98,95,3,170,165,5,26.8139844,82.7629893
UTTAR PRADESH,Urban,Basti,Car/Jeep/Van,515,400,115,0,0,0,77,65,12,156,129,27,54,40,14,68,41,27,50,33,17,44,37,7,36,32,4,30,23,7,26.8139844,82.7629893
UTTAR PRADESH,Urban,Basti,Tempo/Autorickshaw/Taxi,909,487,422,0,0,0,71,38,33,423,226,197,193,101,92,95,35,60,44,22,22,26,21,5,12,8,4,45,36,9,26.8139844,82.7629893
UTTAR PRADESH,Urban,Basti,Bus,698,530,168,0,0,0,15,13,2,34,23,11,32,15,17,74,33,41,121,90,31,155,117,38,234,211,23,33,28,5,26.8139844,82.7629893
UTTAR PRADESH,Urban,Basti,Train,857,795,62,0,0,0,41,40,1,46,41,5,20,18,2,17,17,0,43,39,4,77,71,6,486,456,30,127,113,14,26.8139844,82.7629893
UTTAR PRADESH,Urban,Basti,Water transport,14,13,1,0,0,0,2,2,0,1,1,0,1,1,0,1,1,0,1,1,0,3,3,0,4,3,1,1,1,0,26.8139844,82.7629893
UTTAR PRADESH,Urban,Basti,Any other,111,96,15,0,0,0,9,5,4,64,53,11,24,24,0,2,2,0,0,0,0,1,1,0,7,7,0,4,4,0,26.8139844,82.7629893
UTTAR PRADESH,Urban,Basti,No travel,13396,10625,2771,13396,10625,2771,0,0,0,0,0,0,0,0,0,0,0,0,0,0,0,0,0,0,0,0,0,0,0,0,26.8139844,82.7629893
UTTAR PRADESH,Total,Siddharthnagar,All Modes,148789,105990,42799,89947,56251,33696,16477,12204,4273,18339,16357,1982,11564,9565,1999,4130,3889,241,3547,3265,282,1051,989,62,2330,2232,98,1404,1238,166,27.2715633,82.820974
UTTAR PRADESH,Total,Siddharthnagar,On foot,22176,15214,6962,0,0,0,12264,8290,3974,5177,3841,1336,4735,3083,1652,0,0,0,0,0,0,0,0,0,0,0,0,0,0,0,27.2715633,82.820974
UTTAR PRADESH,Total,Siddharthnagar,Bicycle,20314,19562,752,0,0,0,2620,2496,124,9169,8908,261,4149,4032,117,1825,1775,50,2551,2351,200,0,0,0,0,0,0,0,0,0,27.2715633,82.820974
UTTAR PRADESH,Total,Siddharthnagar,Moped/Scooter/Motor Cycle,8887,8365,522,0,0,0,1041,973,68,2798,2594,204,1679,1583,96,1397,1327,70,546,522,24,454,445,9,363,356,7,609,565,44,27.2715633,82.820974
UTTAR PRADESH,Total,Siddharthnagar,Car/Jeep/Van,1067,875,192,0,0,0,123,97,26,217,183,34,153,126,27,114,94,20,77,62,15,92,82,10,132,120,12,159,111,48,27.2715633,82.820974
UTTAR PRADESH,Total,Siddharthnagar,Tempo/Autorickshaw/Taxi,1407,1133,274,0,0,0,122,95,27,382,286,96,344,283,61,304,254,50,87,72,15,66,62,4,49,43,6,53,38,15,27.2715633,82.820974
UTTAR PRADESH,Total,Siddharthnagar,Bus,1838,1628,210,0,0,0,79,58,21,193,163,30,236,201,35,306,264,42,169,152,17,301,271,30,456,430,26,98,89,9,27.2715633,82.820974
UTTAR PRADESH,Total,Siddharthnagar,Train,2536,2414,122,0,0,0,145,125,20,217,206,11,139,135,4,144,136,8,101,91,10,121,112,9,1287,1240,47,382,369,13,27.2715633,82.820974
UTTAR PRADESH,Total,Siddharthnagar,Water transport,42,36,6,0,0,0,8,7,1,7,6,1,2,1,1,2,2,0,2,1,1,1,1,0,12,12,0,8,6,2,27.2715633,82.820974
UTTAR PRADESH,Total,Siddharthnagar,Any other,575,512,63,0,0,0,75,63,12,179,170,9,127,121,6,38,37,1,14,14,0,16,16,0,31,31,0,95,60,35,27.2715633,82.820974
UTTAR PRADESH,Total,Siddharthnagar,No travel,89947,56251,33696,89947,56251,33696,0,0,0,0,0,0,0,0,0,0,0,0,0,0,0,0,0,0,0,0,0,0,0,0,27.2715633,82.820974
UTTAR PRADESH,Rural,Siddharthnagar,All Modes,119783,82993,36790,74184,45033,29151,11534,7831,3703,14267,12651,1616,9552,7892,1660,3470,3290,180,2852,2635,217,827,782,45,1882,1808,74,1215,1071,144,27.2715633,82.820974
UTTAR PRADESH,Rural,Siddharthnagar,On foot,16208,10192,6016,0,0,0,8629,5147,3482,3806,2669,1137,3773,2376,1397,0,0,0,0,0,0,0,0,0,0,0,0,0,0,0,27.2715633,82.820974
UTTAR PRADESH,Rural,Siddharthnagar,Bicycle,16600,16000,600,0,0,0,1858,1770,88,7438,7221,217,3579,3484,95,1618,1574,44,2107,1951,156,0,0,0,0,0,0,0,0,0,27.2715633,82.820974
UTTAR PRADESH,Rural,Siddharthnagar,Moped/Scooter/Motor Cycle,6885,6474,411,0,0,0,647,595,52,2080,1930,150,1383,1307,76,1171,1115,56,426,405,21,384,376,8,299,293,6,495,453,42,27.2715633,82.820974
UTTAR PRADESH,Rural,Siddharthnagar,Car/Jeep/Van,780,628,152,0,0,0,81,62,19,158,132,26,114,93,21,90,74,16,54,41,13,65,57,8,88,78,10,130,91,39,27.2715633,82.820974
UTTAR PRADESH,Rural,Siddharthnagar,Tempo/Autorickshaw/Taxi,1031,872,159,0,0,0,90,73,17,295,240,55,274,236,38,201,172,29,46,42,4,51,49,2,30,26,4,44,34,10,27.2715633,82.820974
UTTAR PRADESH,Rural,Siddharthnagar,Bus,1442,1293,149,0,0,0,64,45,19,155,138,17,202,177,25,233,203,30,123,109,14,221,201,20,357,339,18,87,81,6,27.2715633,82.820974
UTTAR PRADESH,Rural,Siddharthnagar,Train,2141,2048,93,0,0,0,109,93,16,188,182,6,117,113,4,120,116,4,81,73,8,90,83,7,1075,1039,36,361,349,12,27.2715633,82.820974
UTTAR PRADESH,Rural,Siddharthnagar,Water transport,35,30,5,0,0,0,5,4,1,6,5,1,1,1,0,2,2,0,2,1,1,1,1,0,11,11,0,7,5,2,27.2715633,82.820974
UTTAR PRADESH,Rural,Siddharthnagar,Any other,477,423,54,0,0,0,51,42,9,141,134,7,109,105,4,35,34,1,13,13,0,15,15,0,22,22,0,91,58,33,27.2715633,82.820974
UTTAR PRADESH,Rural,Siddharthnagar,No travel,74184,45033,29151,74184,45033,29151,0,0,0,0,0,0,0,0,0,0,0,0,0,0,0,0,0,0,0,0,0,0,0,0,27.2715633,82.820974
UTTAR PRADESH,Urban,Siddharthnagar,All Modes,29006,22997,6009,15763,11218,4545,4943,4373,570,4072,3706,366,2012,1673,339,660,599,61,695,630,65,224,207,17,448,424,24,189,167,22,27.2715633,82.820974
UTTAR PRADESH,Urban,Siddharthnagar,On foot,5968,5022,946,0,0,0,3635,3143,492,1371,1172,199,962,707,255,0,0,0,0,0,0,0,0,0,0,0,0,0,0,0,27.2715633,82.820974
UTTAR PRADESH,Urban,Siddharthnagar,Bicycle,3714,3562,152,0,0,0,762,726,36,1731,1687,44,570,548,22,207,201,6,444,400,44,0,0,0,0,0,0,0,0,0,27.2715633,82.820974
UTTAR PRADESH,Urban,Siddharthnagar,Moped/Scooter/Motor Cycle,2002,1891,111,0,0,0,394,378,16,718,664,54,296,276,20,226,212,14,120,117,3,70,69,1,64,63,1,114,112,2,27.2715633,82.820974
UTTAR PRADESH,Urban,Siddharthnagar,Car/Jeep/Van,287,247,40,0,0,0,42,35,7,59,51,8,39,33,6,24,20,4,23,21,2,27,25,2,44,42,2,29,20,9,27.2715633,82.820974
UTTAR PRADESH,Urban,Siddharthnagar,Tempo/Autorickshaw/Taxi,376,261,115,0,0,0,32,22,10,87,46,41,70,47,23,103,82,21,41,30,11,15,13,2,19,17,2,9,4,5,27.2715633,82.820974
UTTAR PRADESH,Urban,Siddharthnagar,Bus,396,335,61,0,0,0,15,13,2,38,25,13,34,24,10,73,61,12,46,43,3,80,70,10,99,91,8,11,8,3,27.2715633,82.820974
UTTAR PRADESH,Urban,Siddharthnagar,Train,395,366,29,0,0,0,36,32,4,29,24,5,22,22,0,24,20,4,20,18,2,31,29,2,212,201,11,21,20,1,27.2715633,82.820974
UTTAR PRADESH,Urban,Siddharthnagar,Water transport,7,6,1,0,0,0,3,3,0,1,1,0,1,0,1,0,0,0,0,0,0,0,0,0,1,1,0,1,1,0,27.2715633,82.820974
UTTAR PRADESH,Urban,Siddharthnagar,Any other,98,89,9,0,0,0,24,21,3,38,36,2,18,16,2,3,3,0,1,1,0,1,1,0,9,9,0,4,2,2,27.2715633,82.820974
UTTAR PRADESH,Urban,Siddharthnagar,No travel,15763,11218,4545,15763,11218,4545,0,0,0,0,0,0,0,0,0,0,0,0,0,0,0,0,0,0,0,0,0,0,0,0,27.2715633,82.820974
UTTAR PRADESH,Total,Varanasi,All Modes,671846,555251,116595,251843,180895,70948,79707,64217,15490,131785,117508,14277,94704,84856,9848,48857,46933,1924,32703,31215,1488,7062,6529,533,9938,9269,669,15247,13829,1418,25.3176452,82.9739144
UTTAR PRADESH,Total,Varanasi,On foot,110484,84078,26406,0,0,0,55088,41604,13484,29599,22578,7021,25797,19896,5901,0,0,0,0,0,0,0,0,0,0,0,0,0,0,0,25.3176452,82.9739144
UTTAR PRADESH,Total,Varanasi,Bicycle,168780,163673,5107,0,0,0,14341,13658,683,62266,60067,2199,40929,39989,940,28689,28299,390,22555,21660,895,0,0,0,0,0,0,0,0,0,25.3176452,82.9739144
UTTAR PRADESH,Total,Varanasi,Moped/Scooter/Motor Cycle,83546,78477,5069,0,0,0,7073,6551,522,29844,27701,2143,19853,18712,1141,11538,11070,468,3995,3848,147,2561,2450,111,1307,1275,32,7375,6870,505,25.3176452,82.9739144
UTTAR PRADESH,Total,Varanasi,Car/Jeep/Van,8689,7417,1272,0,0,0,778,616,162,2201,1791,410,1492,1238,254,1317,1160,157,773,719,54,712,640,72,625,569,56,791,684,107,25.3176452,82.9739144
UTTAR PRADESH,Total,Varanasi,Tempo/Autorickshaw/Taxi,15596,11139,4457,0,0,0,878,554,324,4839,2818,2021,3937,2794,1143,2815,2368,447,933,862,71,518,467,51,221,192,29,1455,1084,371,25.3176452,82.9739144
UTTAR PRADESH,Total,Varanasi,Bus,15617,13404,2213,0,0,0,490,335,155,1139,794,345,1355,964,391,3223,2809,414,3428,3147,281,2342,2102,240,2330,2111,219,1310,1142,168,25.3176452,82.9739144
UTTAR PRADESH,Total,Varanasi,Train,13850,12961,889,0,0,0,689,585,104,907,833,74,639,598,41,890,851,39,887,849,38,809,753,56,5246,4923,323,3783,3569,214,25.3176452,82.9739144
UTTAR PRADESH,Total,Varanasi,Water transport,316,268,48,0,0,0,64,46,18,38,28,10,40,35,5,13,11,2,17,16,1,13,13,0,48,45,3,83,74,9,25.3176452,82.9739144
UTTAR PRADESH,Total,Varanasi,Any other,3125,2939,186,0,0,0,306,268,38,952,898,54,662,630,32,372,365,7,115,114,1,107,104,3,161,154,7,450,406,44,25.3176452,82.9739144
UTTAR PRADESH,Total,Varanasi,No travel,251843,180895,70948,251843,180895,70948,0,0,0,0,0,0,0,0,0,0,0,0,0,0,0,0,0,0,0,0,0,0,0,0,25.3176452,82.9739144
UTTAR PRADESH,Rural,Varanasi,All Modes,288826,237712,51114,99435,67868,31567,30697,22616,8081,44875,39374,5501,42683,38938,3745,35104,34247,857,21134,20527,607,4186,3979,207,4985,4766,219,5727,5397,330,25.3176452,82.9739144
UTTAR PRADESH,Rural,Varanasi,On foot,43197,29292,13905,0,0,0,22478,14949,7529,11775,7985,3790,8944,6358,2586,0,0,0,0,0,0,0,0,0,0,0,0,0,0,0,25.3176452,82.9739144
UTTAR PRADESH,Rural,Varanasi,Bicycle,95343,93059,2284,0,0,0,6100,5805,295,25989,25092,897,25946,25438,508,23728,23461,267,13580,13263,317,0,0,0,0,0,0,0,0,0,25.3176452,82.9739144
UTTAR PRADESH,Rural,Varanasi,Moped/Scooter/Motor Cycle,22389,21432,957,0,0,0,1166,1089,77,4579,4264,315,4883,4680,203,5623,5459,164,2538,2474,64,1312,1267,45,498,493,5,1790,1706,84,25.3176452,82.9739144
UTTAR PRADESH,Rural,Varanasi,Car/Jeep/Van,2863,2616,247,0,0,0,141,122,19,316,268,48,359,318,41,647,589,58,509,491,18,360,343,17,259,242,17,272,243,29,25.3176452,82.9739144
UTTAR PRADESH,Rural,Varanasi,Tempo/Autorickshaw/Taxi,5277,4449,828,0,0,0,184,149,35,857,560,297,1176,942,234,1592,1437,155,659,632,27,294,277,17,104,101,3,411,351,60,25.3176452,82.9739144
UTTAR PRADESH,Rural,Varanasi,Bus,10633,9721,912,0,0,0,219,161,58,569,458,111,732,588,144,2550,2359,191,2981,2823,158,1619,1520,99,1116,1039,77,847,773,74,25.3176452,82.9739144
UTTAR PRADESH,Rural,Varanasi,Train,8061,7730,331,0,0,0,284,240,44,369,346,23,336,320,16,714,696,18,765,742,23,512,485,27,2864,2751,113,2217,2150,67,25.3176452,82.9739144
UTTAR PRADESH,Rural,Varanasi,Water transport,124,113,11,0,0,0,20,14,6,1,1,0,14,13,1,9,8,1,10,10,0,10,10,0,29,28,1,31,29,2,25.3176452,82.9739144
UTTAR PRADESH,Rural,Varanasi,Any other,1504,1432,72,0,0,0,105,87,18,420,400,20,293,281,12,241,238,3,92,92,0,79,77,2,115,112,3,159,145,14,25.3176452,82.9739144
UTTAR PRADESH,Rural,Varanasi,No travel,99435,67868,31567,99435,67868,31567,0,0,0,0,0,0,0,0,0,0,0,0,0,0,0,0,0,0,0,0,0,0,0,0,25.3176452,82.9739144
UTTAR PRADESH,Urban,Varanasi,All Modes,383020,317539,65481,152408,113027,39381,49010,41601,7409,86910,78134,8776,52021,45918,6103,13753,12686,1067,11569,10688,881,2876,2550,326,4953,4503,450,9520,8432,1088,25.3176452,82.9739144
UTTAR PRADESH,Urban,Varanasi,On foot,67287,54786,12501,0,0,0,32610,26655,5955,17824,14593,3231,16853,13538,3315,0,0,0,0,0,0,0,0,0,0,0,0,0,0,0,25.3176452,82.9739144
UTTAR PRADESH,Urban,Varanasi,Bicycle,73437,70614,2823,0,0,0,8241,7853,388,36277,34975,1302,14983,14551,432,4961,4838,123,8975,8397,578,0,0,0,0,0,0,0,0,0,25.3176452,82.9739144
UTTAR PRADESH,Urban,Varanasi,Moped/Scooter/Motor Cycle,61157,57045,4112,0,0,0,5907,5462,445,25265,23437,1828,14970,14032,938,5915,5611,304,1457,1374,83,1249,1183,66,809,782,27,5585,5164,421,25.3176452,82.9739144
UTTAR PRADESH,Urban,Varanasi,Car/Jeep/Van,5826,4801,1025,0,0,0,637,494,143,1885,1523,362,1133,920,213,670,571,99,264,228,36,352,297,55,366,327,39,519,441,78,25.3176452,82.9739144
UTTAR PRADESH,Urban,Varanasi,Tempo/Autorickshaw/Taxi,10319,6690,3629,0,0,0,694,405,289,3982,2258,1724,2761,1852,909,1223,931,292,274,230,44,224,190,34,117,91,26,1044,733,311,25.3176452,82.9739144
UTTAR PRADESH,Urban,Varanasi,Bus,4984,3683,1301,0,0,0,271,174,97,570,336,234,623,376,247,673,450,223,447,324,123,723,582,141,1214,1072,142,463,369,94,25.3176452,82.9739144
UTTAR PRADESH,Urban,Varanasi,Train,5789,5231,558,0,0,0,405,345,60,538,487,51,303,278,25,176,155,21,122,107,15,297,268,29,2382,2172,210,1566,1419,147,25.3176452,82.9739144
UTTAR PRADESH,Urban,Varanasi,Water transport,192,155,37,0,0,0,44,32,12,37,27,10,26,22,4,4,3,1,7,6,1,3,3,0,19,17,2,52,45,7,25.3176452,82.9739144
UTTAR PRADESH,Urban,Varanasi,Any other,1621,1507,114,0,0,0,201,181,20,532,498,34,369,349,20,131,127,4,23,22,1,28,27,1,46,42,4,291,261,30,25.3176452,82.9739144
UTTAR PRADESH,Urban,Varanasi,No travel,152408,113027,39381,152408,113027,39381,0,0,0,0,0,0,0,0,0,0,0,0,0,0,0,0,0,0,0,0,0,0,0,0,25.3176452,82.9739144
UTTAR PRADESH,Total,Sant Kabir Nagar,All Modes,119156,90705,28451,60816,39874,20942,15051,11633,3418,18554,16912,1642,11158,9435,1723,3964,3809,155,3568,3239,329,1772,1705,67,2981,2916,65,1292,1182,110,26.7671755,83.0361376
UTTAR PRADESH,Total,Sant Kabir Nagar,On foot,19889,14060,5829,0,0,0,10772,7549,3223,4770,3599,1171,4347,2912,1435,0,0,0,0,0,0,0,0,0,0,0,0,0,0,0,26.7671755,83.0361376
UTTAR PRADESH,Total,Sant Kabir Nagar,Bicycle,21939,21223,716,0,0,0,2985,2908,77,10459,10237,222,4413,4297,116,1824,1793,31,2258,1988,270,0,0,0,0,0,0,0,0,0,26.7671755,83.0361376
UTTAR PRADESH,Total,Sant Kabir Nagar,Moped/Scooter/Motor Cycle,7154,6848,306,0,0,0,798,755,43,2095,1997,98,1316,1262,54,1231,1187,44,558,543,15,505,492,13,292,284,8,359,328,31,26.7671755,83.0361376
UTTAR PRADESH,Total,Sant Kabir Nagar,Car/Jeep/Van,1338,1165,173,0,0,0,100,84,16,194,159,35,185,152,33,247,218,29,179,161,18,238,222,16,109,104,5,86,65,21,26.7671755,83.0361376
UTTAR PRADESH,Total,Sant Kabir Nagar,Tempo/Autorickshaw/Taxi,1274,1081,193,0,0,0,60,49,11,287,216,71,362,302,60,219,194,25,110,106,4,96,91,5,78,74,4,62,49,13,26.7671755,83.0361376
UTTAR PRADESH,Total,Sant Kabir Nagar,Bus,2291,2153,138,0,0,0,71,60,11,325,305,20,297,280,17,290,270,20,299,281,18,469,443,26,468,449,19,72,65,7,26.7671755,83.0361376
UTTAR PRADESH,Total,Sant Kabir Nagar,Train,3780,3695,85,0,0,0,179,160,19,261,254,7,157,150,7,113,112,1,144,142,2,435,429,6,1886,1859,27,605,589,16,26.7671755,83.0361376
UTTAR PRADESH,Total,Sant Kabir Nagar,Water transport,41,38,3,0,0,0,8,7,1,2,2,0,3,3,0,2,2,0,0,0,0,1,1,0,16,15,1,9,8,1,26.7671755,83.0361376
UTTAR PRADESH,Total,Sant Kabir Nagar,Any other,634,568,66,0,0,0,78,61,17,161,143,18,78,77,1,38,33,5,20,18,2,28,27,1,132,131,1,99,78,21,26.7671755,83.0361376
UTTAR PRADESH,Total,Sant Kabir Nagar,No travel,60816,39874,20942,60816,39874,20942,0,0,0,0,0,0,0,0,0,0,0,0,0,0,0,0,0,0,0,0,0,0,0,0,26.7671755,83.0361376
UTTAR PRADESH,Rural,Sant Kabir Nagar,All Modes,94299,69593,24706,49326,30887,18439,10288,7405,2883,14198,12919,1279,9007,7486,1521,3390,3274,116,3032,2739,293,1300,1259,41,2682,2630,52,1076,994,82,26.7671755,83.0361376
UTTAR PRADESH,Rural,Sant Kabir Nagar,On foot,14269,9335,4934,0,0,0,7615,4874,2741,3426,2511,915,3228,1950,1278,0,0,0,0,0,0,0,0,0,0,0,0,0,0,0,26.7671755,83.0361376
UTTAR PRADESH,Rural,Sant Kabir Nagar,Bicycle,17574,16929,645,0,0,0,1901,1831,70,8248,8060,188,3806,3702,104,1588,1560,28,2031,1776,255,0,0,0,0,0,0,0,0,0,26.7671755,83.0361376
UTTAR PRADESH,Rural,Sant Kabir Nagar,Moped/Scooter/Motor Cycle,5562,5318,244,0,0,0,471,440,31,1548,1469,79,1098,1050,48,1053,1019,34,456,447,9,403,392,11,259,252,7,274,249,25,26.7671755,83.0361376
UTTAR PRADESH,Rural,Sant Kabir Nagar,Car/Jeep/Van,1040,905,135,0,0,0,55,45,10,153,123,30,157,131,26,205,184,21,142,132,10,170,157,13,91,86,5,67,47,20,26.7671755,83.0361376
UTTAR PRADESH,Rural,Sant Kabir Nagar,Tempo/Autorickshaw/Taxi,956,827,129,0,0,0,39,31,8,218,178,40,259,216,43,171,154,17,80,77,3,59,56,3,76,72,4,54,43,11,26.7671755,83.0361376
UTTAR PRADESH,Rural,Sant Kabir Nagar,Bus,1931,1831,100,0,0,0,53,47,6,297,279,18,257,243,14,250,237,13,225,210,15,372,359,13,408,394,14,69,62,7,26.7671755,83.0361376
UTTAR PRADESH,Rural,Sant Kabir Nagar,Train,3230,3165,65,0,0,0,135,120,15,217,212,5,139,132,7,99,98,1,92,91,1,273,273,0,1711,1690,21,564,549,15,26.7671755,83.0361376
UTTAR PRADESH,Rural,Sant Kabir Nagar,Water transport,39,36,3,0,0,0,6,5,1,2,2,0,3,3,0,2,2,0,0,0,0,1,1,0,16,15,1,9,8,1,26.7671755,83.0361376
UTTAR PRADESH,Rural,Sant Kabir Nagar,Any other,372,360,12,0,0,0,13,12,1,89,85,4,60,59,1,22,20,2,6,6,0,22,21,1,121,121,0,39,36,3,26.7671755,83.0361376
UTTAR PRADESH,Rural,Sant Kabir Nagar,No travel,49326,30887,18439,49326,30887,18439,0,0,0,0,0,0,0,0,0,0,0,0,0,0,0,0,0,0,0,0,0,0,0,0,26.7671755,83.0361376
UTTAR PRADESH,Urban,Sant Kabir Nagar,All Modes,24857,21112,3745,11490,8987,2503,4763,4228,535,4356,3993,363,2151,1949,202,574,535,39,536,500,36,472,446,26,299,286,13,216,188,28,26.7671755,83.0361376
UTTAR PRADESH,Urban,Sant Kabir Nagar,On foot,5620,4725,895,0,0,0,3157,2675,482,1344,1088,256,1119,962,157,0,0,0,0,0,0,0,0,0,0,0,0,0,0,0,26.7671755,83.0361376
UTTAR PRADESH,Urban,Sant Kabir Nagar,Bicycle,4365,4294,71,0,0,0,1084,1077,7,2211,2177,34,607,595,12,236,233,3,227,212,15,0,0,0,0,0,0,0,0,0,26.7671755,83.0361376
UTTAR PRADESH,Urban,Sant Kabir Nagar,Moped/Scooter/Motor Cycle,1592,1530,62,0,0,0,327,315,12,547,528,19,218,212,6,178,168,10,102,96,6,102,100,2,33,32,1,85,79,6,26.7671755,83.0361376
UTTAR PRADESH,Urban,Sant Kabir Nagar,Car/Jeep/Van,298,260,38,0,0,0,45,39,6,41,36,5,28,21,7,42,34,8,37,29,8,68,65,3,18,18,0,19,18,1,26.7671755,83.0361376
UTTAR PRADESH,Urban,Sant Kabir Nagar,Tempo/Autorickshaw/Taxi,318,254,64,0,0,0,21,18,3,69,38,31,103,86,17,48,40,8,30,29,1,37,35,2,2,2,0,8,6,2,26.7671755,83.0361376
UTTAR PRADESH,Urban,Sant Kabir Nagar,Bus,360,322,38,0,0,0,18,13,5,28,26,2,40,37,3,40,33,7,74,71,3,97,84,13,60,55,5,3,3,0,26.7671755,83.0361376
UTTAR PRADESH,Urban,Sant Kabir Nagar,Train,550,530,20,0,0,0,44,40,4,44,42,2,18,18,0,14,14,0,52,51,1,162,156,6,175,169,6,41,40,1,26.7671755,83.0361376
UTTAR PRADESH,Urban,Sant Kabir Nagar,Water transport,2,2,0,0,0,0,2,2,0,0,0,0,0,0,0,0,0,0,0,0,0,0,0,0,0,0,0,0,0,0,26.7671755,83.0361376
UTTAR PRADESH,Urban,Sant Kabir Nagar,Any other,262,208,54,0,0,0,65,49,16,72,58,14,18,18,0,16,13,3,14,12,2,6,6,0,11,10,1,60,42,18,26.7671755,83.0361376
UTTAR PRADESH,Urban,Sant Kabir Nagar,No travel,11490,8987,2503,11490,8987,2503,0,0,0,0,0,0,0,0,0,0,0,0,0,0,0,0,0,0,0,0,0,0,0,0,26.7671755,83.0361376
UTTAR PRADESH,Total,Sonbhadra,All Modes,188714,148346,40368,60335,38474,21861,36799,29462,7337,56720,49631,7089,17748,14920,2828,5915,5507,408,3727,3421,306,2212,2028,184,3962,3730,232,1296,1173,123,24.6850005,83.0683519
UTTAR PRADESH,Total,Sonbhadra,On foot,48691,34351,14340,0,0,0,24107,17427,6680,17783,12356,5427,6801,4568,2233,0,0,0,0,0,0,0,0,0,0,0,0,0,0,0,24.6850005,83.0683519
UTTAR PRADESH,Total,Sonbhadra,Bicycle,34160,33065,1095,0,0,0,5601,5396,205,19158,18627,531,5619,5487,132,1979,1909,70,1803,1646,157,0,0,0,0,0,0,0,0,0,24.6850005,83.0683519
UTTAR PRADESH,Total,Sonbhadra,Moped/Scooter/Motor Cycle,25882,24708,1174,0,0,0,5724,5472,252,14343,13757,586,2668,2513,155,1253,1177,76,428,399,29,453,435,18,374,362,12,639,593,46,24.6850005,83.0683519
UTTAR PRADESH,Total,Sonbhadra,Car/Jeep/Van,4593,4184,409,0,0,0,657,575,82,2090,1943,147,568,500,68,446,393,53,264,249,15,177,170,7,248,232,16,143,122,21,24.6850005,83.0683519
UTTAR PRADESH,Total,Sonbhadra,Tempo/Autorickshaw/Taxi,1324,1070,254,0,0,0,79,63,16,424,310,114,303,235,68,312,276,36,99,90,9,27,24,3,47,45,2,33,27,6,24.6850005,83.0683519
UTTAR PRADESH,Total,Sonbhadra,Bus,10295,9284,1011,0,0,0,354,290,64,2406,2162,244,1489,1336,153,1621,1461,160,942,868,74,1366,1223,143,1931,1777,154,186,167,19,24.6850005,83.0683519
UTTAR PRADESH,Total,Sonbhadra,Train,2271,2120,151,0,0,0,205,178,27,260,230,30,96,87,9,82,78,4,48,44,4,119,109,10,1216,1169,47,245,225,20,24.6850005,83.0683519
UTTAR PRADESH,Total,Sonbhadra,Water transport,98,89,9,0,0,0,6,4,2,32,31,1,23,21,2,5,5,0,4,4,0,4,4,0,16,16,0,8,4,4,24.6850005,83.0683519
UTTAR PRADESH,Total,Sonbhadra,Any other,1065,1001,64,0,0,0,66,57,9,224,215,9,181,173,8,217,208,9,139,121,18,66,63,3,130,129,1,42,35,7,24.6850005,83.0683519
UTTAR PRADESH,Total,Sonbhadra,No travel,60335,38474,21861,60335,38474,21861,0,0,0,0,0,0,0,0,0,0,0,0,0,0,0,0,0,0,0,0,0,0,0,0,24.6850005,83.0683519
UTTAR PRADESH,Rural,Sonbhadra,All Modes,110782,80278,30504,42684,26016,16668,16728,11328,5400,26003,20708,5295,12148,9921,2227,5037,4718,319,2821,2591,230,1617,1473,144,3127,2968,159,617,555,62,24.6850005,83.0683519
UTTAR PRADESH,Rural,Sonbhadra,On foot,30803,19335,11468,0,0,0,13468,8335,5133,12387,7886,4501,4948,3114,1834,0,0,0,0,0,0,0,0,0,0,0,0,0,0,0,24.6850005,83.0683519
UTTAR PRADESH,Rural,Sonbhadra,Bicycle,19515,18689,826,0,0,0,2054,1924,130,9821,9439,382,4497,4379,118,1852,1783,69,1291,1164,127,0,0,0,0,0,0,0,0,0,24.6850005,83.0683519
UTTAR PRADESH,Rural,Sonbhadra,Moped/Scooter/Motor Cycle,6412,5947,465,0,0,0,726,673,53,2559,2344,215,1294,1204,90,854,803,51,274,256,18,283,270,13,211,206,5,211,191,20,24.6850005,83.0683519
UTTAR PRADESH,Rural,Sonbhadra,Car/Jeep/Van,1570,1387,183,0,0,0,108,88,20,318,264,54,315,277,38,353,314,39,198,190,8,68,64,4,145,135,10,65,55,10,24.6850005,83.0683519
UTTAR PRADESH,Rural,Sonbhadra,Tempo/Autorickshaw/Taxi,911,770,141,0,0,0,43,34,9,225,175,50,210,169,41,273,246,27,91,83,8,18,17,1,33,32,1,18,14,4,24.6850005,83.0683519
UTTAR PRADESH,Rural,Sonbhadra,Bus,6163,5571,592,0,0,0,147,117,30,343,276,67,645,556,89,1422,1301,121,793,744,49,1092,976,116,1613,1500,113,108,101,7,24.6850005,83.0683519
UTTAR PRADESH,Rural,Sonbhadra,Train,1738,1639,99,0,0,0,131,114,17,171,149,22,66,59,7,66,63,3,33,31,2,96,89,7,995,965,30,180,169,11,24.6850005,83.0683519
UTTAR PRADESH,Rural,Sonbhadra,Water transport,38,31,7,0,0,0,5,3,2,3,3,0,10,8,2,3,3,0,3,3,0,1,1,0,9,9,0,4,1,3,24.6850005,83.0683519
UTTAR PRADESH,Rural,Sonbhadra,Any other,948,893,55,0,0,0,46,40,6,176,172,4,163,155,8,214,205,9,138,120,18,59,56,3,121,121,0,31,24,7,24.6850005,83.0683519
UTTAR PRADESH,Rural,Sonbhadra,No travel,42684,26016,16668,42684,26016,16668,0,0,0,0,0,0,0,0,0,0,0,0,0,0,0,0,0,0,0,0,0,0,0,0,24.6850005,83.0683519
UTTAR PRADESH,Urban,Sonbhadra,All Modes,77932,68068,9864,17651,12458,5193,20071,18134,1937,30717,28923,1794,5600,4999,601,878,789,89,906,830,76,595,555,40,835,762,73,679,618,61,24.6850005,83.0683519
UTTAR PRADESH,Urban,Sonbhadra,On foot,17888,15016,2872,0,0,0,10639,9092,1547,5396,4470,926,1853,1454,399,0,0,0,0,0,0,0,0,0,0,0,0,0,0,0,24.6850005,83.0683519
UTTAR PRADESH,Urban,Sonbhadra,Bicycle,14645,14376,269,0,0,0,3547,3472,75,9337,9188,149,1122,1108,14,127,126,1,512,482,30,0,0,0,0,0,0,0,0,0,24.6850005,83.0683519
UTTAR PRADESH,Urban,Sonbhadra,Moped/Scooter/Motor Cycle,19470,18761,709,0,0,0,4998,4799,199,11784,11413,371,1374,1309,65,399,374,25,154,143,11,170,165,5,163,156,7,428,402,26,24.6850005,83.0683519
UTTAR PRADESH,Urban,Sonbhadra,Car/Jeep/Van,3023,2797,226,0,0,0,549,487,62,1772,1679,93,253,223,30,93,79,14,66,59,7,109,106,3,103,97,6,78,67,11,24.6850005,83.0683519
UTTAR PRADESH,Urban,Sonbhadra,Tempo/Autorickshaw/Taxi,413,300,113,0,0,0,36,29,7,199,135,64,93,66,27,39,30,9,8,7,1,9,7,2,14,13,1,15,13,2,24.6850005,83.0683519
UTTAR PRADESH,Urban,Sonbhadra,Bus,4132,3713,419,0,0,0,207,173,34,2063,1886,177,844,780,64,199,160,39,149,124,25,274,247,27,318,277,41,78,66,12,24.6850005,83.0683519
UTTAR PRADESH,Urban,Sonbhadra,Train,533,481,52,0,0,0,74,64,10,89,81,8,30,28,2,16,15,1,15,13,2,23,20,3,221,204,17,65,56,9,24.6850005,83.0683519
UTTAR PRADESH,Urban,Sonbhadra,Water transport,60,58,2,0,0,0,1,1,0,29,28,1,13,13,0,2,2,0,1,1,0,3,3,0,7,7,0,4,3,1,24.6850005,83.0683519
UTTAR PRADESH,Urban,Sonbhadra,Any other,117,108,9,0,0,0,20,17,3,48,43,5,18,18,0,3,3,0,1,1,0,7,7,0,9,8,1,11,11,0,24.6850005,83.0683519
UTTAR PRADESH,Urban,Sonbhadra,No travel,17651,12458,5193,17651,12458,5193,0,0,0,0,0,0,0,0,0,0,0,0,0,0,0,0,0,0,0,0,0,0,0,0,24.6850005,83.0683519
ODISHA,Total,Kalahandi,All Modes,151753,112933,38820,45034,29984,15050,30356,21878,8478,37010,28439,8571,19827,14856,4971,7151,6496,655,6016,5564,452,1690,1537,153,1993,1805,188,2676,2374,302,19.9137363,83.1649001
ODISHA,Total,Kalahandi,On foot,48389,29304,19085,0,0,0,21159,13355,7804,16748,9695,7053,10482,6254,4228,0,0,0,0,0,0,0,0,0,0,0,0,0,0,0,19.9137363,83.1649001
ODISHA,Total,Kalahandi,Bicycle,34771,33098,1673,0,0,0,5807,5491,316,14087,13343,744,6557,6283,274,3984,3871,113,4336,4110,226,0,0,0,0,0,0,0,0,0,19.9137363,83.1649001
ODISHA,Total,Kalahandi,Moped/Scooter/Motor Cycle,15229,13995,1234,0,0,0,2862,2653,209,4948,4490,458,1926,1746,180,1799,1664,135,876,814,62,778,732,46,491,467,24,1549,1429,120,19.9137363,83.1649001
ODISHA,Total,Kalahandi,Car/Jeep/Van,986,851,135,0,0,0,128,103,25,245,212,33,99,82,17,114,92,22,71,58,13,94,88,6,107,101,6,128,115,13,19.9137363,83.1649001
ODISHA,Total,Kalahandi,Tempo/Autorickshaw/Taxi,452,317,135,0,0,0,67,45,22,110,58,52,52,38,14,66,46,20,23,21,2,37,35,2,26,24,2,71,50,21,19.9137363,83.1649001
ODISHA,Total,Kalahandi,Bus,5014,3853,1161,0,0,0,171,119,52,562,408,154,496,293,203,1026,701,325,653,511,142,692,603,89,918,818,100,496,400,96,19.9137363,83.1649001
ODISHA,Total,Kalahandi,Train,1147,973,174,0,0,0,89,64,25,120,89,31,53,46,7,83,73,10,38,32,6,60,54,6,419,364,55,285,251,34,19.9137363,83.1649001
ODISHA,Total,Kalahandi,Water transport,52,46,6,0,0,0,8,7,1,9,7,2,6,6,0,4,2,2,2,2,0,5,4,1,6,6,0,12,12,0,19.9137363,83.1649001
ODISHA,Total,Kalahandi,Any other,679,512,167,0,0,0,65,41,24,181,137,44,156,108,48,75,47,28,17,16,1,24,21,3,26,25,1,135,117,18,19.9137363,83.1649001
ODISHA,Total,Kalahandi,No travel,45034,29984,15050,45034,29984,15050,0,0,0,0,0,0,0,0,0,0,0,0,0,0,0,0,0,0,0,0,0,0,0,0,19.9137363,83.1649001
ODISHA,Rural,Kalahandi,All Modes,115806,84255,31551,37743,25095,12648,20412,13907,6505,26297,19320,6977,16892,12639,4253,6338,5818,520,4173,3883,290,1093,1009,84,1364,1248,116,1494,1336,158,19.9137363,83.1649001
ODISHA,Rural,Kalahandi,On foot,38136,22395,15741,0,0,0,15559,9468,6091,13901,7911,5990,8676,5016,3660,0,0,0,0,0,0,0,0,0,0,0,0,0,0,0,19.9137363,83.1649001
ODISHA,Rural,Kalahandi,Bicycle,25702,24369,1333,0,0,0,3299,3084,215,9441,8859,582,6156,5897,259,3821,3714,107,2985,2815,170,0,0,0,0,0,0,0,0,0,19.9137363,83.1649001
ODISHA,Rural,Kalahandi,Moped/Scooter/Motor Cycle,8255,7587,668,0,0,0,1190,1092,98,2116,1898,218,1383,1267,116,1405,1302,103,630,590,40,500,469,31,311,297,14,720,672,48,19.9137363,83.1649001
ODISHA,Rural,Kalahandi,Car/Jeep/Van,575,502,73,0,0,0,68,54,14,122,111,11,64,54,10,86,67,19,41,36,5,56,52,4,64,62,2,74,66,8,19.9137363,83.1649001
ODISHA,Rural,Kalahandi,Tempo/Autorickshaw/Taxi,278,210,68,0,0,0,37,28,9,60,44,16,37,27,10,57,41,16,18,16,2,20,20,0,10,8,2,39,26,13,19.9137363,83.1649001
ODISHA,Rural,Kalahandi,Bus,3665,2926,739,0,0,0,134,96,38,480,370,110,393,245,148,822,583,239,446,380,66,444,404,40,611,559,52,335,289,46,19.9137363,83.1649001
ODISHA,Rural,Kalahandi,Train,960,813,147,0,0,0,72,50,22,86,61,25,48,41,7,76,66,10,37,31,6,50,45,5,347,302,45,244,217,27,19.9137363,83.1649001
ODISHA,Rural,Kalahandi,Water transport,42,36,6,0,0,0,6,5,1,7,5,2,4,4,0,4,2,2,1,1,0,5,4,1,6,6,0,9,9,0,19.9137363,83.1649001
ODISHA,Rural,Kalahandi,Any other,450,322,128,0,0,0,47,30,17,84,61,23,131,88,43,67,43,24,15,14,1,18,15,3,15,14,1,73,57,16,19.9137363,83.1649001
ODISHA,Rural,Kalahandi,No travel,37743,25095,12648,37743,25095,12648,0,0,0,0,0,0,0,0,0,0,0,0,0,0,0,0,0,0,0,0,0,0,0,0,19.9137363,83.1649001
ODISHA,Urban,Kalahandi,All Modes,35947,28678,7269,7291,4889,2402,9944,7971,1973,10713,9119,1594,2935,2217,718,813,678,135,1843,1681,162,597,528,69,629,557,72,1182,1038,144,19.9137363,83.1649001
ODISHA,Urban,Kalahandi,On foot,10253,6909,3344,0,0,0,5600,3887,1713,2847,1784,1063,1806,1238,568,0,0,0,0,0,0,0,0,0,0,0,0,0,0,0,19.9137363,83.1649001
ODISHA,Urban,Kalahandi,Bicycle,9069,8729,340,0,0,0,2508,2407,101,4646,4484,162,401,386,15,163,157,6,1351,1295,56,0,0,0,0,0,0,0,0,0,19.9137363,83.1649001
ODISHA,Urban,Kalahandi,Moped/Scooter/Motor Cycle,6974,6408,566,0,0,0,1672,1561,111,2832,2592,240,543,479,64,394,362,32,246,224,22,278,263,15,180,170,10,829,757,72,19.9137363,83.1649001
ODISHA,Urban,Kalahandi,Car/Jeep/Van,411,349,62,0,0,0,60,49,11,123,101,22,35,28,7,28,25,3,30,22,8,38,36,2,43,39,4,54,49,5,19.9137363,83.1649001
ODISHA,Urban,Kalahandi,Tempo/Autorickshaw/Taxi,174,107,67,0,0,0,30,17,13,50,14,36,15,11,4,9,5,4,5,5,0,17,15,2,16,16,0,32,24,8,19.9137363,83.1649001
ODISHA,Urban,Kalahandi,Bus,1349,927,422,0,0,0,37,23,14,82,38,44,103,48,55,204,118,86,207,131,76,248,199,49,307,259,48,161,111,50,19.9137363,83.1649001
ODISHA,Urban,Kalahandi,Train,187,160,27,0,0,0,17,14,3,34,28,6,5,5,0,7,7,0,1,1,0,10,9,1,72,62,10,41,34,7,19.9137363,83.1649001
ODISHA,Urban,Kalahandi,Water transport,10,10,0,0,0,0,2,2,0,2,2,0,2,2,0,0,0,0,1,1,0,0,0,0,0,0,0,3,3,0,19.9137363,83.1649001
ODISHA,Urban,Kalahandi,Any other,229,190,39,0,0,0,18,11,7,97,76,21,25,20,5,8,4,4,2,2,0,6,6,0,11,11,0,62,60,2,19.9137363,83.1649001
ODISHA,Urban,Kalahandi,No travel,7291,4889,2402,7291,4889,2402,0,0,0,0,0,0,0,0,0,0,0,0,0,0,0,0,0,0,0,0,0,0,0,0,19.9137363,83.1649001
CHHATTISGARH,Total,Surguja,All Modes,154521,116667,37854,41145,27579,13566,31822,21865,9957,39472,31290,8182,17864,14911,2953,10675,9247,1428,5416,4691,725,3867,3338,529,3853,3381,472,407,365,42,22.9494079,83.1649001
CHHATTISGARH,Total,Surguja,On foot,36985,22345,14640,0,0,0,20868,12139,8729,12637,7879,4758,3480,2327,1153,0,0,0,0,0,0,0,0,0,0,0,0,0,0,0,22.9494079,83.1649001
CHHATTISGARH,Total,Surguja,Bicycle,27663,25050,2613,0,0,0,4694,4134,560,12469,11113,1356,6338,5888,450,2863,2726,137,1299,1189,110,0,0,0,0,0,0,0,0,0,22.9494079,83.1649001
CHHATTISGARH,Total,Surguja,Moped/Scooter/Motor Cycle,35048,31347,3701,0,0,0,5623,5100,523,12667,11126,1541,6466,5681,785,5109,4584,525,2201,2037,164,1700,1600,100,1032,983,49,250,236,14,22.9494079,83.1649001
CHHATTISGARH,Total,Surguja,Car/Jeep/Van,2112,1920,192,0,0,0,255,230,25,557,491,66,238,204,34,285,260,25,186,176,10,279,265,14,291,276,15,21,18,3,22.9494079,83.1649001
CHHATTISGARH,Total,Surguja,Tempo/Autorickshaw/Taxi,606,471,135,0,0,0,42,28,14,209,124,85,102,84,18,108,99,9,66,64,2,50,47,3,21,18,3,8,7,1,22.9494079,83.1649001
CHHATTISGARH,Total,Surguja,Bus,9625,6806,2819,0,0,0,183,117,66,628,307,321,1046,560,486,2179,1468,711,1592,1158,434,1744,1341,403,2178,1798,380,75,57,18,22.9494079,83.1649001
CHHATTISGARH,Total,Surguja,Train,951,804,147,0,0,0,118,84,34,217,178,39,128,108,20,74,57,17,37,34,3,56,48,8,284,261,23,37,34,3,22.9494079,83.1649001
CHHATTISGARH,Total,Surguja,Water transport,28,24,4,0,0,0,12,9,3,1,1,0,4,4,0,2,1,1,0,0,0,0,0,0,5,5,0,4,4,0,22.9494079,83.1649001
CHHATTISGARH,Total,Surguja,Any other,358,321,37,0,0,0,27,24,3,87,71,16,62,55,7,55,52,3,35,33,2,38,37,1,42,40,2,12,9,3,22.9494079,83.1649001
CHHATTISGARH,Total,Surguja,No travel,41145,27579,13566,41145,27579,13566,0,0,0,0,0,0,0,0,0,0,0,0,0,0,0,0,0,0,0,0,0,0,0,0,22.9494079,83.1649001
CHHATTISGARH,Rural,Surguja,All Modes,92573,65514,27059,29336,18305,11031,16906,9597,7309,19679,14269,5410,12124,10259,1865,7291,6612,679,3162,2833,329,1959,1771,188,1896,1672,224,220,196,24,22.9494079,83.1649001
CHHATTISGARH,Rural,Surguja,On foot,23293,12363,10930,0,0,0,12817,6239,6578,8073,4571,3502,2403,1553,850,0,0,0,0,0,0,0,0,0,0,0,0,0,0,0,22.9494079,83.1649001
CHHATTISGARH,Rural,Surguja,Bicycle,17152,15099,2053,0,0,0,2204,1756,448,6405,5360,1045,5055,4687,368,2548,2438,110,940,858,82,0,0,0,0,0,0,0,0,0,22.9494079,83.1649001
CHHATTISGARH,Rural,Surguja,Moped/Scooter/Motor Cycle,16450,14753,1697,0,0,0,1672,1459,213,4615,3954,661,3836,3443,393,3380,3125,255,1314,1225,89,963,912,51,537,508,29,133,127,6,22.9494079,83.1649001
CHHATTISGARH,Rural,Surguja,Car/Jeep/Van,576,512,64,0,0,0,48,39,9,79,68,11,72,61,11,136,123,13,64,61,3,108,101,7,59,52,7,10,7,3,22.9494079,83.1649001
CHHATTISGARH,Rural,Surguja,Tempo/Autorickshaw/Taxi,230,204,26,0,0,0,9,5,4,50,42,8,40,33,7,54,51,3,43,43,0,18,18,0,10,7,3,6,5,1,22.9494079,83.1649001
CHHATTISGARH,Rural,Surguja,Bus,4860,3709,1151,0,0,0,85,56,29,339,188,151,597,376,221,1088,800,288,760,609,151,818,692,126,1131,955,176,42,33,9,22.9494079,83.1649001
CHHATTISGARH,Rural,Surguja,Train,498,412,86,0,0,0,54,29,25,93,67,26,89,78,11,51,43,8,23,21,2,35,31,4,136,128,8,17,15,2,22.9494079,83.1649001
CHHATTISGARH,Rural,Surguja,Water transport,12,10,2,0,0,0,5,3,2,0,0,0,2,2,0,1,1,0,0,0,0,0,0,0,1,1,0,3,3,0,22.9494079,83.1649001
CHHATTISGARH,Rural,Surguja,Any other,166,147,19,0,0,0,12,11,1,25,19,6,30,26,4,33,31,2,18,16,2,17,17,0,22,21,1,9,6,3,22.9494079,83.1649001
CHHATTISGARH,Rural,Surguja,No travel,29336,18305,11031,29336,18305,11031,0,0,0,0,0,0,0,0,0,0,0,0,0,0,0,0,0,0,0,0,0,0,0,0,22.9494079,83.1649001
CHHATTISGARH,Urban,Surguja,All Modes,61948,51153,10795,11809,9274,2535,14916,12268,2648,19793,17021,2772,5740,4652,1088,3384,2635,749,2254,1858,396,1908,1567,341,1957,1709,248,187,169,18,22.9494079,83.1649001
CHHATTISGARH,Urban,Surguja,On foot,13692,9982,3710,0,0,0,8051,5900,2151,4564,3308,1256,1077,774,303,0,0,0,0,0,0,0,0,0,0,0,0,0,0,0,22.9494079,83.1649001
CHHATTISGARH,Urban,Surguja,Bicycle,10511,9951,560,0,0,0,2490,2378,112,6064,5753,311,1283,1201,82,315,288,27,359,331,28,0,0,0,0,0,0,0,0,0,22.9494079,83.1649001
CHHATTISGARH,Urban,Surguja,Moped/Scooter/Motor Cycle,18598,16594,2004,0,0,0,3951,3641,310,8052,7172,880,2630,2238,392,1729,1459,270,887,812,75,737,688,49,495,475,20,117,109,8,22.9494079,83.1649001
CHHATTISGARH,Urban,Surguja,Car/Jeep/Van,1536,1408,128,0,0,0,207,191,16,478,423,55,166,143,23,149,137,12,122,115,7,171,164,7,232,224,8,11,11,0,22.9494079,83.1649001
CHHATTISGARH,Urban,Surguja,Tempo/Autorickshaw/Taxi,376,267,109,0,0,0,33,23,10,159,82,77,62,51,11,54,48,6,23,21,2,32,29,3,11,11,0,2,2,0,22.9494079,83.1649001
CHHATTISGARH,Urban,Surguja,Bus,4765,3097,1668,0,0,0,98,61,37,289,119,170,449,184,265,1091,668,423,832,549,283,926,649,277,1047,843,204,33,24,9,22.9494079,83.1649001
CHHATTISGARH,Urban,Surguja,Train,453,392,61,0,0,0,64,55,9,124,111,13,39,30,9,23,14,9,14,13,1,21,17,4,148,133,15,20,19,1,22.9494079,83.1649001
CHHATTISGARH,Urban,Surguja,Water transport,16,14,2,0,0,0,7,6,1,1,1,0,2,2,0,1,0,1,0,0,0,0,0,0,4,4,0,1,1,0,22.9494079,83.1649001
CHHATTISGARH,Urban,Surguja,Any other,192,174,18,0,0,0,15,13,2,62,52,10,32,29,3,22,21,1,17,17,0,21,20,1,20,19,1,3,3,0,22.9494079,83.1649001
CHHATTISGARH,Urban,Surguja,No travel,11809,9274,2535,11809,9274,2535,0,0,0,0,0,0,0,0,0,0,0,0,0,0,0,0,0,0,0,0,0,0,0,0,22.9494079,83.1649001
UTTAR PRADESH,Total,Azamgarh,All Modes,378356,287055,91301,187418,120771,66647,47800,36309,11491,66756,60150,6606,37998,33516,4482,13677,12938,739,9547,9032,515,4169,3945,224,7821,7491,330,3170,2903,267,26.0739138,83.1859495
UTTAR PRADESH,Total,Azamgarh,On foot,59836,41733,18103,0,0,0,34749,24086,10663,15529,11297,4232,9558,6350,3208,0,0,0,0,0,0,0,0,0,0,0,0,0,0,0,26.0739138,83.1859495
UTTAR PRADESH,Total,Azamgarh,Bicycle,74842,73000,1842,0,0,0,8372,8018,354,36668,35783,885,18087,17807,280,6084,5985,99,5631,5407,224,0,0,0,0,0,0,0,0,0,26.0739138,83.1859495
UTTAR PRADESH,Total,Azamgarh,Moped/Scooter/Motor Cycle,28565,27146,1419,0,0,0,2956,2806,150,10059,9504,555,6423,6110,313,4173,3988,185,1836,1762,74,1380,1346,34,683,664,19,1055,966,89,26.0739138,83.1859495
UTTAR PRADESH,Total,Azamgarh,Car/Jeep/Van,5343,4451,892,0,0,0,469,352,117,1057,798,259,992,782,210,1002,858,144,571,509,62,534,499,35,425,399,26,293,254,39,26.0739138,83.1859495
UTTAR PRADESH,Total,Azamgarh,Tempo/Autorickshaw/Taxi,5261,4053,1208,0,0,0,380,275,105,1623,1101,522,1380,1055,325,960,797,163,387,355,32,194,181,13,130,119,11,207,170,37,26.0739138,83.1859495
UTTAR PRADESH,Total,Azamgarh,Bus,8082,7303,779,0,0,0,283,231,52,638,562,76,791,671,120,1033,902,131,931,813,118,1690,1564,126,2364,2248,116,352,312,40,26.0739138,83.1859495
UTTAR PRADESH,Total,Azamgarh,Train,7140,6834,306,0,0,0,386,355,31,660,625,35,483,470,13,287,275,12,131,127,4,307,292,15,3952,3799,153,934,891,43,26.0739138,83.1859495
UTTAR PRADESH,Total,Azamgarh,Water transport,131,112,19,0,0,0,27,20,7,13,10,3,13,12,1,10,9,1,6,5,1,5,5,0,28,28,0,29,23,6,26.0739138,83.1859495
UTTAR PRADESH,Total,Azamgarh,Any other,1738,1652,86,0,0,0,178,166,12,509,470,39,271,259,12,128,124,4,54,54,0,59,58,1,239,234,5,300,287,13,26.0739138,83.1859495
UTTAR PRADESH,Total,Azamgarh,No travel,187418,120771,66647,187418,120771,66647,0,0,0,0,0,0,0,0,0,0,0,0,0,0,0,0,0,0,0,0,0,0,0,0,26.0739138,83.1859495
UTTAR PRADESH,Rural,Azamgarh,All Modes,311299,231892,79407,153343,94979,58364,34494,24465,10029,56147,50661,5486,33389,29497,3892,12249,11668,581,8425,7999,426,3550,3403,147,7105,6830,275,2597,2390,207,26.0739138,83.1859495
UTTAR PRADESH,Rural,Azamgarh,On foot,45130,29202,15928,0,0,0,24831,15486,9345,12684,8956,3728,7615,4760,2855,0,0,0,0,0,0,0,0,0,0,0,0,0,0,0,26.0739138,83.1859495
UTTAR PRADESH,Rural,Azamgarh,Bicycle,66711,65077,1634,0,0,0,6586,6274,312,32650,31878,772,16878,16616,262,5647,5559,88,4950,4750,200,0,0,0,0,0,0,0,0,0,26.0739138,83.1859495
UTTAR PRADESH,Rural,Azamgarh,Moped/Scooter/Motor Cycle,22534,21406,1128,0,0,0,1839,1720,119,7317,6900,417,5461,5203,258,3636,3488,148,1648,1581,67,1186,1158,28,605,590,15,842,766,76,26.0739138,83.1859495
UTTAR PRADESH,Rural,Azamgarh,Car/Jeep/Van,4228,3575,653,0,0,0,322,223,99,814,628,186,835,669,166,834,733,101,470,432,38,429,406,23,317,299,18,207,185,22,26.0739138,83.1859495
UTTAR PRADESH,Rural,Azamgarh,Tempo/Autorickshaw/Taxi,4098,3350,748,0,0,0,221,154,67,1085,827,258,1158,930,228,839,706,133,353,328,25,178,172,6,115,110,5,149,123,26,26.0739138,83.1859495
UTTAR PRADESH,Rural,Azamgarh,Bus,7035,6438,597,0,0,0,225,178,47,560,500,60,735,632,103,900,804,96,834,741,93,1433,1357,76,2061,1967,94,287,259,28,26.0739138,83.1859495
UTTAR PRADESH,Rural,Azamgarh,Train,6600,6334,266,0,0,0,316,290,26,604,574,30,450,440,10,268,258,10,117,115,2,262,249,13,3749,3611,138,834,797,37,26.0739138,83.1859495
UTTAR PRADESH,Rural,Azamgarh,Water transport,107,92,15,0,0,0,22,16,6,7,6,1,13,12,1,9,8,1,5,4,1,5,5,0,26,26,0,20,15,5,26.0739138,83.1859495
UTTAR PRADESH,Rural,Azamgarh,Any other,1513,1439,74,0,0,0,132,124,8,426,392,34,244,235,9,116,112,4,48,48,0,57,56,1,232,227,5,258,245,13,26.0739138,83.1859495
UTTAR PRADESH,Rural,Azamgarh,No travel,153343,94979,58364,153343,94979,58364,0,0,0,0,0,0,0,0,0,0,0,0,0,0,0,0,0,0,0,0,0,0,0,0,26.0739138,83.1859495
UTTAR PRADESH,Urban,Azamgarh,All Modes,67057,55163,11894,34075,25792,8283,13306,11844,1462,10609,9489,1120,4609,4019,590,1428,1270,158,1122,1033,89,619,542,77,716,661,55,573,513,60,26.0739138,83.1859495
UTTAR PRADESH,Urban,Azamgarh,On foot,14706,12531,2175,0,0,0,9918,8600,1318,2845,2341,504,1943,1590,353,0,0,0,0,0,0,0,0,0,0,0,0,0,0,0,26.0739138,83.1859495
UTTAR PRADESH,Urban,Azamgarh,Bicycle,8131,7923,208,0,0,0,1786,1744,42,4018,3905,113,1209,1191,18,437,426,11,681,657,24,0,0,0,0,0,0,0,0,0,26.0739138,83.1859495
UTTAR PRADESH,Urban,Azamgarh,Moped/Scooter/Motor Cycle,6031,5740,291,0,0,0,1117,1086,31,2742,2604,138,962,907,55,537,500,37,188,181,7,194,188,6,78,74,4,213,200,13,26.0739138,83.1859495
UTTAR PRADESH,Urban,Azamgarh,Car/Jeep/Van,1115,876,239,0,0,0,147,129,18,243,170,73,157,113,44,168,125,43,101,77,24,105,93,12,108,100,8,86,69,17,26.0739138,83.1859495
UTTAR PRADESH,Urban,Azamgarh,Tempo/Autorickshaw/Taxi,1163,703,460,0,0,0,159,121,38,538,274,264,222,125,97,121,91,30,34,27,7,16,9,7,15,9,6,58,47,11,26.0739138,83.1859495
UTTAR PRADESH,Urban,Azamgarh,Bus,1047,865,182,0,0,0,58,53,5,78,62,16,56,39,17,133,98,35,97,72,25,257,207,50,303,281,22,65,53,12,26.0739138,83.1859495
UTTAR PRADESH,Urban,Azamgarh,Train,540,500,40,0,0,0,70,65,5,56,51,5,33,30,3,19,17,2,14,12,2,45,43,2,203,188,15,100,94,6,26.0739138,83.1859495
UTTAR PRADESH,Urban,Azamgarh,Water transport,24,20,4,0,0,0,5,4,1,6,4,2,0,0,0,1,1,0,1,1,0,0,0,0,2,2,0,9,8,1,26.0739138,83.1859495
UTTAR PRADESH,Urban,Azamgarh,Any other,225,213,12,0,0,0,46,42,4,83,78,5,27,24,3,12,12,0,6,6,0,2,2,0,7,7,0,42,42,0,26.0739138,83.1859495
UTTAR PRADESH,Urban,Azamgarh,No travel,34075,25792,8283,34075,25792,8283,0,0,0,0,0,0,0,0,0,0,0,0,0,0,0,0,0,0,0,0,0,0,0,0,26.0739138,83.1859495
ANDHRA PRADESH,Total,Visakhapatnam,All Modes,934221,721721,212500,278238,185424,92814,113029,82574,30455,172633,137597,35036,149496,121673,27823,77921,67986,9935,41399,37512,3887,22134,19510,2624,15273,13599,1674,64098,55846,8252,17.6868159,83.2184815
ANDHRA PRADESH,Total,Visakhapatnam,On foot,195034,133191,61843,0,0,0,80683,54050,26633,58950,39759,19191,55401,39382,16019,0,0,0,0,0,0,0,0,0,0,0,0,0,0,0,17.6868159,83.2184815
ANDHRA PRADESH,Total,Visakhapatnam,Bicycle,82655,79181,3474,0,0,0,9278,8857,421,32812,31427,1385,16174,15609,565,7339,7062,277,17052,16226,826,0,0,0,0,0,0,0,0,0,17.6868159,83.2184815
ANDHRA PRADESH,Total,Visakhapatnam,Moped/Scooter/Motor Cycle,129080,121411,7669,0,0,0,12076,11182,894,35693,33018,2675,27688,26263,1425,21239,20351,888,4647,4489,158,3844,3642,202,1464,1390,74,22429,21076,1353,17.6868159,83.2184815
ANDHRA PRADESH,Total,Visakhapatnam,Car/Jeep/Van,20084,17174,2910,0,0,0,1521,1256,265,4579,3670,909,3500,2946,554,3288,2837,451,1354,1227,127,1241,1133,108,895,850,45,3706,3255,451,17.6868159,83.2184815
ANDHRA PRADESH,Total,Visakhapatnam,Tempo/Autorickshaw/Taxi,58042,43531,14511,0,0,0,2979,2109,870,15121,10030,5091,12983,9723,3260,10639,8299,2340,3368,2955,413,2725,2352,373,960,829,131,9267,7234,2033,17.6868159,83.2184815
ANDHRA PRADESH,Total,Visakhapatnam,Bus,144761,117590,27171,0,0,0,5126,3920,1206,23097,17600,5497,31295,25493,5802,33083,27276,5807,13223,10971,2252,10449,8737,1712,6051,5063,988,22437,18530,3907,17.6868159,83.2184815
ANDHRA PRADESH,Total,Visakhapatnam,Train,12940,11491,1449,0,0,0,556,456,100,1038,889,149,801,699,102,911,801,110,651,578,73,1840,1663,177,3739,3368,371,3404,3037,367,17.6868159,83.2184815
ANDHRA PRADESH,Total,Visakhapatnam,Water transport,8919,8561,358,0,0,0,492,463,29,565,500,65,981,934,47,983,945,38,804,777,27,1738,1693,45,1565,1524,41,1791,1725,66,17.6868159,83.2184815
ANDHRA PRADESH,Total,Visakhapatnam,Any other,4468,4167,301,0,0,0,318,281,37,778,704,74,673,624,49,439,415,24,300,289,11,297,290,7,599,575,24,1064,989,75,17.6868159,83.2184815
ANDHRA PRADESH,Total,Visakhapatnam,No travel,278238,185424,92814,278238,185424,92814,0,0,0,0,0,0,0,0,0,0,0,0,0,0,0,0,0,0,0,0,0,0,0,0,17.6868159,83.2184815
ANDHRA PRADESH,Rural,Visakhapatnam,All Modes,269468,188222,81246,106336,65807,40529,33587,21654,11933,42567,30321,12246,32312,23857,8455,17417,14112,3305,12134,10611,1523,9528,8496,1032,6712,6025,687,8875,7339,1536,17.6868159,83.2184815
ANDHRA PRADESH,Rural,Visakhapatnam,On foot,62085,37323,24762,0,0,0,28094,16895,11199,20343,11880,8463,13648,8548,5100,0,0,0,0,0,0,0,0,0,0,0,0,0,0,0,17.6868159,83.2184815
ANDHRA PRADESH,Rural,Visakhapatnam,Bicycle,22390,21448,942,0,0,0,2070,1957,113,9883,9479,404,5017,4843,174,2069,1988,81,3351,3181,170,0,0,0,0,0,0,0,0,0,17.6868159,83.2184815
ANDHRA PRADESH,Rural,Visakhapatnam,Moped/Scooter/Motor Cycle,14132,13394,738,0,0,0,1255,1178,77,3755,3543,212,2689,2545,144,2639,2530,109,1119,1077,42,970,933,37,333,317,16,1372,1271,101,17.6868159,83.2184815
ANDHRA PRADESH,Rural,Visakhapatnam,Car/Jeep/Van,2550,1880,670,0,0,0,134,91,43,534,299,235,381,230,151,432,307,125,244,214,30,305,285,20,247,235,12,273,219,54,17.6868159,83.2184815
ANDHRA PRADESH,Rural,Visakhapatnam,Tempo/Autorickshaw/Taxi,22648,16191,6457,0,0,0,842,571,271,4841,2898,1943,5467,3852,1615,5283,3916,1367,1866,1576,290,1432,1240,192,429,361,68,2488,1777,711,17.6868159,83.2184815
ANDHRA PRADESH,Rural,Visakhapatnam,Bus,27828,21383,6445,0,0,0,622,439,183,2403,1498,905,4017,2821,1196,6047,4500,1547,4538,3596,942,4690,4012,678,2962,2521,441,2549,1996,553,17.6868159,83.2184815
ANDHRA PRADESH,Rural,Visakhapatnam,Train,3869,3468,401,0,0,0,133,109,24,198,176,22,154,123,31,264,220,44,232,211,21,578,512,66,1404,1290,114,906,827,79,17.6868159,83.2184815
ANDHRA PRADESH,Rural,Visakhapatnam,Water transport,5961,5741,220,0,0,0,371,351,20,362,316,46,660,632,28,481,462,19,634,614,20,1400,1365,35,1035,1007,28,1018,994,24,17.6868159,83.2184815
ANDHRA PRADESH,Rural,Visakhapatnam,Any other,1669,1587,82,0,0,0,66,63,3,248,232,16,279,263,16,202,189,13,150,142,8,153,149,4,302,294,8,269,255,14,17.6868159,83.2184815
ANDHRA PRADESH,Rural,Visakhapatnam,No travel,106336,65807,40529,106336,65807,40529,0,0,0,0,0,0,0,0,0,0,0,0,0,0,0,0,0,0,0,0,0,0,0,0,17.6868159,83.2184815
ANDHRA PRADESH,Urban,Visakhapatnam,All Modes,664753,533499,131254,171902,119617,52285,79442,60920,18522,130066,107276,22790,117184,97816,19368,60504,53874,6630,29265,26901,2364,12606,11014,1592,8561,7574,987,55223,48507,6716,17.6868159,83.2184815
ANDHRA PRADESH,Urban,Visakhapatnam,On foot,132949,95868,37081,0,0,0,52589,37155,15434,38607,27879,10728,41753,30834,10919,0,0,0,0,0,0,0,0,0,0,0,0,0,0,0,17.6868159,83.2184815
ANDHRA PRADESH,Urban,Visakhapatnam,Bicycle,60265,57733,2532,0,0,0,7208,6900,308,22929,21948,981,11157,10766,391,5270,5074,196,13701,13045,656,0,0,0,0,0,0,0,0,0,17.6868159,83.2184815
ANDHRA PRADESH,Urban,Visakhapatnam,Moped/Scooter/Motor Cycle,114948,108017,6931,0,0,0,10821,10004,817,31938,29475,2463,24999,23718,1281,18600,17821,779,3528,3412,116,2874,2709,165,1131,1073,58,21057,19805,1252,17.6868159,83.2184815
ANDHRA PRADESH,Urban,Visakhapatnam,Car/Jeep/Van,17534,15294,2240,0,0,0,1387,1165,222,4045,3371,674,3119,2716,403,2856,2530,326,1110,1013,97,936,848,88,648,615,33,3433,3036,397,17.6868159,83.2184815
ANDHRA PRADESH,Urban,Visakhapatnam,Tempo/Autorickshaw/Taxi,35394,27340,8054,0,0,0,2137,1538,599,10280,7132,3148,7516,5871,1645,5356,4383,973,1502,1379,123,1293,1112,181,531,468,63,6779,5457,1322,17.6868159,83.2184815
ANDHRA PRADESH,Urban,Visakhapatnam,Bus,116933,96207,20726,0,0,0,4504,3481,1023,20694,16102,4592,27278,22672,4606,27036,22776,4260,8685,7375,1310,5759,4725,1034,3089,2542,547,19888,16534,3354,17.6868159,83.2184815
ANDHRA PRADESH,Urban,Visakhapatnam,Train,9071,8023,1048,0,0,0,423,347,76,840,713,127,647,576,71,647,581,66,419,367,52,1262,1151,111,2335,2078,257,2498,2210,288,17.6868159,83.2184815
ANDHRA PRADESH,Urban,Visakhapatnam,Water transport,2958,2820,138,0,0,0,121,112,9,203,184,19,321,302,19,502,483,19,170,163,7,338,328,10,530,517,13,773,731,42,17.6868159,83.2184815
ANDHRA PRADESH,Urban,Visakhapatnam,Any other,2799,2580,219,0,0,0,252,218,34,530,472,58,394,361,33,237,226,11,150,147,3,144,141,3,297,281,16,795,734,61,17.6868159,83.2184815
ANDHRA PRADESH,Urban,Visakhapatnam,No travel,171902,119617,52285,171902,119617,52285,0,0,0,0,0,0,0,0,0,0,0,0,0,0,0,0,0,0,0,0,0,0,0,0,17.6868159,83.2184815
UTTAR PRADESH,Total,Chandauli,All Modes,219337,168800,50537,105182,68648,36534,25910,19502,6408,39017,35351,3666,23979,21318,2661,9599,9158,441,5459,5117,342,2915,2814,101,5822,5587,235,1454,1305,149,25.2604696,83.264538
UTTAR PRADESH,Total,Chandauli,On foot,39287,28741,10546,0,0,0,19892,13931,5961,12000,9411,2589,7395,5399,1996,0,0,0,0,0,0,0,0,0,0,0,0,0,0,0,25.2604696,83.264538
UTTAR PRADESH,Total,Chandauli,Bicycle,43386,42148,1238,0,0,0,3898,3694,204,19986,19493,493,11641,11379,262,4557,4480,77,3304,3102,202,0,0,0,0,0,0,0,0,0,25.2604696,83.264538
UTTAR PRADESH,Total,Chandauli,Moped/Scooter/Motor Cycle,12913,12345,568,0,0,0,1184,1110,74,4560,4341,219,2490,2380,110,2125,2051,74,826,799,27,791,775,16,483,470,13,454,419,35,25.2604696,83.264538
UTTAR PRADESH,Total,Chandauli,Car/Jeep/Van,2342,2032,310,0,0,0,158,120,38,435,368,67,397,337,60,475,419,56,247,227,20,261,249,12,231,209,22,138,103,35,25.2604696,83.264538
UTTAR PRADESH,Total,Chandauli,Tempo/Autorickshaw/Taxi,3144,2706,438,0,0,0,169,123,46,873,688,185,955,847,108,715,662,53,151,140,11,106,98,8,77,67,10,98,81,17,25.2604696,83.264538
UTTAR PRADESH,Total,Chandauli,Bus,5728,5150,578,0,0,0,179,137,42,450,380,70,608,502,106,1135,983,152,684,617,67,1336,1279,57,1201,1142,59,135,110,25,25.2604696,83.264538
UTTAR PRADESH,Total,Chandauli,Train,6381,6130,251,0,0,0,280,253,27,444,421,23,305,296,9,486,465,21,211,199,12,389,381,8,3734,3608,126,532,507,25,25.2604696,83.264538
UTTAR PRADESH,Total,Chandauli,Water transport,113,100,13,0,0,0,19,15,4,13,12,1,12,9,3,13,13,0,3,3,0,6,6,0,29,27,2,18,15,3,25.2604696,83.264538
UTTAR PRADESH,Total,Chandauli,Any other,861,800,61,0,0,0,131,119,12,256,237,19,176,169,7,93,85,8,33,30,3,26,26,0,67,64,3,79,70,9,25.2604696,83.264538
UTTAR PRADESH,Total,Chandauli,No travel,105182,68648,36534,105182,68648,36534,0,0,0,0,0,0,0,0,0,0,0,0,0,0,0,0,0,0,0,0,0,0,0,0,25.2604696,83.264538
UTTAR PRADESH,Rural,Chandauli,All Modes,168227,125186,43041,85582,53941,31641,17608,12168,5440,25231,22490,2741,18992,16767,2225,7649,7328,321,4488,4199,289,2551,2473,78,5011,4831,180,1115,989,126,25.2604696,83.264538
UTTAR PRADESH,Rural,Chandauli,On foot,27799,18936,8863,0,0,0,14178,9061,5117,8073,6029,2044,5548,3846,1702,0,0,0,0,0,0,0,0,0,0,0,0,0,0,0,25.2604696,83.264538
UTTAR PRADESH,Rural,Chandauli,Bicycle,32861,31841,1020,0,0,0,2350,2191,159,13682,13310,372,10011,9775,236,4129,4056,73,2689,2509,180,0,0,0,0,0,0,0,0,0,25.2604696,83.264538
UTTAR PRADESH,Rural,Chandauli,Moped/Scooter/Motor Cycle,8082,7690,392,0,0,0,471,425,46,2064,1941,123,1798,1715,83,1568,1511,57,714,690,24,709,696,13,431,418,13,327,294,33,25.2604696,83.264538
UTTAR PRADESH,Rural,Chandauli,Car/Jeep/Van,1602,1379,223,0,0,0,98,67,31,219,178,41,289,244,45,345,307,38,175,161,14,199,189,10,182,164,18,95,69,26,25.2604696,83.264538
UTTAR PRADESH,Rural,Chandauli,Tempo/Autorickshaw/Taxi,1667,1430,237,0,0,0,76,52,24,366,285,81,517,451,66,391,361,30,116,109,7,75,69,6,56,48,8,70,55,15,25.2604696,83.264538
UTTAR PRADESH,Rural,Chandauli,Bus,4718,4300,418,0,0,0,136,107,29,340,293,47,440,363,77,774,670,104,593,540,53,1229,1184,45,1092,1050,42,114,93,21,25.2604696,83.264538
UTTAR PRADESH,Rural,Chandauli,Train,5190,4999,191,0,0,0,196,177,19,302,281,21,241,234,7,350,337,13,169,161,8,315,311,4,3172,3075,97,445,423,22,25.2604696,83.264538
UTTAR PRADESH,Rural,Chandauli,Water transport,97,86,11,0,0,0,18,14,4,12,11,1,12,9,3,10,10,0,3,3,0,6,6,0,22,21,1,14,12,2,25.2604696,83.264538
UTTAR PRADESH,Rural,Chandauli,Any other,629,584,45,0,0,0,85,74,11,173,162,11,136,130,6,82,76,6,29,26,3,18,18,0,56,55,1,50,43,7,25.2604696,83.264538
UTTAR PRADESH,Rural,Chandauli,No travel,85582,53941,31641,85582,53941,31641,0,0,0,0,0,0,0,0,0,0,0,0,0,0,0,0,0,0,0,0,0,0,0,0,25.2604696,83.264538
UTTAR PRADESH,Urban,Chandauli,All Modes,51110,43614,7496,19600,14707,4893,8302,7334,968,13786,12861,925,4987,4551,436,1950,1830,120,971,918,53,364,341,23,811,756,55,339,316,23,25.2604696,83.264538
UTTAR PRADESH,Urban,Chandauli,On foot,11488,9805,1683,0,0,0,5714,4870,844,3927,3382,545,1847,1553,294,0,0,0,0,0,0,0,0,0,0,0,0,0,0,0,25.2604696,83.264538
UTTAR PRADESH,Urban,Chandauli,Bicycle,10525,10307,218,0,0,0,1548,1503,45,6304,6183,121,1630,1604,26,428,424,4,615,593,22,0,0,0,0,0,0,0,0,0,25.2604696,83.264538
UTTAR PRADESH,Urban,Chandauli,Moped/Scooter/Motor Cycle,4831,4655,176,0,0,0,713,685,28,2496,2400,96,692,665,27,557,540,17,112,109,3,82,79,3,52,52,0,127,125,2,25.2604696,83.264538
UTTAR PRADESH,Urban,Chandauli,Car/Jeep/Van,740,653,87,0,0,0,60,53,7,216,190,26,108,93,15,130,112,18,72,66,6,62,60,2,49,45,4,43,34,9,25.2604696,83.264538
UTTAR PRADESH,Urban,Chandauli,Tempo/Autorickshaw/Taxi,1477,1276,201,0,0,0,93,71,22,507,403,104,438,396,42,324,301,23,35,31,4,31,29,2,21,19,2,28,26,2,25.2604696,83.264538
UTTAR PRADESH,Urban,Chandauli,Bus,1010,850,160,0,0,0,43,30,13,110,87,23,168,139,29,361,313,48,91,77,14,107,95,12,109,92,17,21,17,4,25.2604696,83.264538
UTTAR PRADESH,Urban,Chandauli,Train,1191,1131,60,0,0,0,84,76,8,142,140,2,64,62,2,136,128,8,42,38,4,74,70,4,562,533,29,87,84,3,25.2604696,83.264538
UTTAR PRADESH,Urban,Chandauli,Water transport,16,14,2,0,0,0,1,1,0,1,1,0,0,0,0,3,3,0,0,0,0,0,0,0,7,6,1,4,3,1,25.2604696,83.264538
UTTAR PRADESH,Urban,Chandauli,Any other,232,216,16,0,0,0,46,45,1,83,75,8,40,39,1,11,9,2,4,4,0,8,8,0,11,9,2,29,27,2,25.2604696,83.264538
UTTAR PRADESH,Urban,Chandauli,No travel,19600,14707,4893,19600,14707,4893,0,0,0,0,0,0,0,0,0,0,0,0,0,0,0,0,0,0,0,0,0,0,0,0,25.2604696,83.264538
UTTAR PRADESH,Total,Gorakhpur,All Modes,558073,443859,114214,254428,174572,79856,53810,42943,10867,90710,80935,9775,62623,55095,7528,35089,33401,1688,25627,23923,1704,8653,7945,708,13792,13043,749,13341,12002,1339,26.7605545,83.3731675
UTTAR PRADESH,Total,Gorakhpur,On foot,72307,53741,18566,0,0,0,34704,25456,9248,20202,15589,4613,17401,12696,4705,0,0,0,0,0,0,0,0,0,0,0,0,0,0,0,26.7605545,83.3731675
UTTAR PRADESH,Total,Gorakhpur,Bicycle,115135,110518,4617,0,0,0,10834,10214,620,42275,40522,1753,26590,25791,799,19262,18856,406,16174,15135,1039,0,0,0,0,0,0,0,0,0,26.7605545,83.3731675
UTTAR PRADESH,Total,Gorakhpur,Moped/Scooter/Motor Cycle,58743,55033,3710,0,0,0,5435,5028,407,20549,19155,1394,12102,11339,763,7604,7234,370,3283,3144,139,2868,2735,133,1471,1412,59,5431,4986,445,26.7605545,83.3731675
UTTAR PRADESH,Total,Gorakhpur,Car/Jeep/Van,7619,6439,1180,0,0,0,610,496,114,1684,1313,371,1134,939,195,1013,880,133,656,583,73,834,768,66,769,707,62,919,753,166,26.7605545,83.3731675
UTTAR PRADESH,Total,Gorakhpur,Tempo/Autorickshaw/Taxi,17704,13848,3856,0,0,0,836,553,283,3483,2191,1292,3399,2515,884,4271,3735,536,2679,2452,227,1292,1109,183,417,363,54,1327,930,397,26.7605545,83.3731675
UTTAR PRADESH,Total,Gorakhpur,Bus,9765,8617,1148,0,0,0,297,232,65,682,530,152,829,722,107,1267,1110,157,1385,1239,146,2321,2065,256,2320,2134,186,664,585,79,26.7605545,83.3731675
UTTAR PRADESH,Total,Gorakhpur,Train,19922,18848,1074,0,0,0,836,734,102,1283,1154,129,793,743,50,1361,1292,69,1340,1266,74,1249,1184,65,8564,8189,375,4496,4286,210,26.7605545,83.3731675
UTTAR PRADESH,Total,Gorakhpur,Water transport,416,362,54,0,0,0,48,40,8,77,69,8,50,41,9,44,36,8,17,15,2,22,22,0,66,60,6,92,79,13,26.7605545,83.3731675
UTTAR PRADESH,Total,Gorakhpur,Any other,2034,1881,153,0,0,0,210,190,20,475,412,63,325,309,16,267,258,9,93,89,4,67,62,5,185,178,7,412,383,29,26.7605545,83.3731675
UTTAR PRADESH,Total,Gorakhpur,No travel,254428,174572,79856,254428,174572,79856,0,0,0,0,0,0,0,0,0,0,0,0,0,0,0,0,0,0,0,0,0,0,0,0,26.7605545,83.3731675
UTTAR PRADESH,Rural,Gorakhpur,All Modes,342414,267963,74451,169751,114350,55401,28580,21155,7425,41739,37109,4630,37031,32657,4374,26886,26086,800,17114,16322,792,5677,5371,306,9114,8781,333,6522,6132,390,26.7605545,83.3731675
UTTAR PRADESH,Rural,Gorakhpur,On foot,42670,29464,13206,0,0,0,20317,13484,6833,11828,8716,3112,10525,7264,3261,0,0,0,0,0,0,0,0,0,0,0,0,0,0,0,26.7605545,83.3731675
UTTAR PRADESH,Rural,Gorakhpur,Bicycle,73598,71361,2237,0,0,0,5538,5256,282,22591,21862,729,19095,18614,481,16461,16185,276,9913,9444,469,0,0,0,0,0,0,0,0,0,26.7605545,83.3731675
UTTAR PRADESH,Rural,Gorakhpur,Moped/Scooter/Motor Cycle,19197,18273,924,0,0,0,1294,1203,91,4079,3817,262,3679,3490,189,4260,4117,143,2182,2117,65,1557,1504,53,702,688,14,1444,1337,107,26.7605545,83.3731675
UTTAR PRADESH,Rural,Gorakhpur,Car/Jeep/Van,3280,2948,332,0,0,0,201,166,35,361,297,64,383,324,59,621,557,64,459,430,29,560,539,21,415,396,19,280,239,41,26.7605545,83.3731675
UTTAR PRADESH,Rural,Gorakhpur,Tempo/Autorickshaw/Taxi,11767,10476,1291,0,0,0,437,349,88,1578,1237,341,2071,1757,314,3356,3145,211,2318,2197,121,1046,943,103,287,262,25,674,586,88,26.7605545,83.3731675
UTTAR PRADESH,Rural,Gorakhpur,Bus,6530,6090,440,0,0,0,191,158,33,421,373,48,591,555,36,924,865,59,1028,965,63,1584,1484,100,1381,1308,73,410,382,28,26.7605545,83.3731675
UTTAR PRADESH,Rural,Gorakhpur,Train,14131,13580,551,0,0,0,479,427,52,622,563,59,460,437,23,1017,977,40,1126,1082,44,872,844,28,6168,5972,196,3387,3278,109,26.7605545,83.3731675
UTTAR PRADESH,Rural,Gorakhpur,Water transport,222,202,20,0,0,0,21,16,5,33,28,5,23,21,2,25,24,1,13,12,1,12,12,0,43,41,2,52,48,4,26.7605545,83.3731675
UTTAR PRADESH,Rural,Gorakhpur,Any other,1268,1219,49,0,0,0,102,96,6,226,216,10,204,195,9,222,216,6,75,75,0,46,45,1,118,114,4,275,262,13,26.7605545,83.3731675
UTTAR PRADESH,Rural,Gorakhpur,No travel,169751,114350,55401,169751,114350,55401,0,0,0,0,0,0,0,0,0,0,0,0,0,0,0,0,0,0,0,0,0,0,0,0,26.7605545,83.3731675
UTTAR PRADESH,Urban,Gorakhpur,All Modes,215659,175896,39763,84677,60222,24455,25230,21788,3442,48971,43826,5145,25592,22438,3154,8203,7315,888,8513,7601,912,2976,2574,402,4678,4262,416,6819,5870,949,26.7605545,83.3731675
UTTAR PRADESH,Urban,Gorakhpur,On foot,29637,24277,5360,0,0,0,14387,11972,2415,8374,6873,1501,6876,5432,1444,0,0,0,0,0,0,0,0,0,0,0,0,0,0,0,26.7605545,83.3731675
UTTAR PRADESH,Urban,Gorakhpur,Bicycle,41537,39157,2380,0,0,0,5296,4958,338,19684,18660,1024,7495,7177,318,2801,2671,130,6261,5691,570,0,0,0,0,0,0,0,0,0,26.7605545,83.3731675
UTTAR PRADESH,Urban,Gorakhpur,Moped/Scooter/Motor Cycle,39546,36760,2786,0,0,0,4141,3825,316,16470,15338,1132,8423,7849,574,3344,3117,227,1101,1027,74,1311,1231,80,769,724,45,3987,3649,338,26.7605545,83.3731675
UTTAR PRADESH,Urban,Gorakhpur,Car/Jeep/Van,4339,3491,848,0,0,0,409,330,79,1323,1016,307,751,615,136,392,323,69,197,153,44,274,229,45,354,311,43,639,514,125,26.7605545,83.3731675
UTTAR PRADESH,Urban,Gorakhpur,Tempo/Autorickshaw/Taxi,5937,3372,2565,0,0,0,399,204,195,1905,954,951,1328,758,570,915,590,325,361,255,106,246,166,80,130,101,29,653,344,309,26.7605545,83.3731675
UTTAR PRADESH,Urban,Gorakhpur,Bus,3235,2527,708,0,0,0,106,74,32,261,157,104,238,167,71,343,245,98,357,274,83,737,581,156,939,826,113,254,203,51,26.7605545,83.3731675
UTTAR PRADESH,Urban,Gorakhpur,Train,5791,5268,523,0,0,0,357,307,50,661,591,70,333,306,27,344,315,29,214,184,30,377,340,37,2396,2217,179,1109,1008,101,26.7605545,83.3731675
UTTAR PRADESH,Urban,Gorakhpur,Water transport,194,160,34,0,0,0,27,24,3,44,41,3,27,20,7,19,12,7,4,3,1,10,10,0,23,19,4,40,31,9,26.7605545,83.3731675
UTTAR PRADESH,Urban,Gorakhpur,Any other,766,662,104,0,0,0,108,94,14,249,196,53,121,114,7,45,42,3,18,14,4,21,17,4,67,64,3,137,121,16,26.7605545,83.3731675
UTTAR PRADESH,Urban,Gorakhpur,No travel,84677,60222,24455,84677,60222,24455,0,0,0,0,0,0,0,0,0,0,0,0,0,0,0,0,0,0,0,0,0,0,0,0,26.7605545,83.3731675
CHHATTISGARH,Total,Raigarh,All Modes,148107,118349,29758,31321,21833,9488,36314,27504,8810,47732,39779,7953,16086,14110,1976,7674,6943,731,3462,3171,291,2620,2359,261,2704,2474,230,194,176,18,21.8974003,83.3949632
CHHATTISGARH,Total,Raigarh,On foot,37936,24318,13618,0,0,0,23153,15310,7843,12866,7798,5068,1917,1210,707,0,0,0,0,0,0,0,0,0,0,0,0,0,0,0,21.8974003,83.3949632
CHHATTISGARH,Total,Raigarh,Bicycle,37563,35484,2079,0,0,0,7212,6776,436,21115,19883,1232,6506,6201,305,2052,1989,63,678,635,43,0,0,0,0,0,0,0,0,0,21.8974003,83.3949632
CHHATTISGARH,Total,Raigarh,Moped/Scooter/Motor Cycle,28395,25630,2765,0,0,0,5248,4825,423,11472,10228,1244,5464,4864,600,3323,2999,324,1312,1217,95,959,906,53,506,488,18,111,103,8,21.8974003,83.3949632
CHHATTISGARH,Total,Raigarh,Car/Jeep/Van,2560,2398,162,0,0,0,282,255,27,797,740,57,388,363,25,325,310,15,272,260,12,307,292,15,180,170,10,9,8,1,21.8974003,83.3949632
CHHATTISGARH,Total,Raigarh,Tempo/Autorickshaw/Taxi,871,722,149,0,0,0,83,64,19,282,219,63,257,216,41,148,126,22,42,41,1,31,30,1,21,20,1,7,6,1,21.8974003,83.3949632
CHHATTISGARH,Total,Raigarh,Bus,6956,5796,1160,0,0,0,170,141,29,697,508,189,1283,1024,259,1633,1348,285,984,872,112,950,798,152,1207,1077,130,32,28,4,21.8974003,83.3949632
CHHATTISGARH,Total,Raigarh,Train,1573,1375,198,0,0,0,55,40,15,70,55,15,94,79,15,105,88,17,148,125,23,321,282,39,752,682,70,28,24,4,21.8974003,83.3949632
CHHATTISGARH,Total,Raigarh,Water transport,51,43,8,0,0,0,13,11,2,30,25,5,3,2,1,1,1,0,0,0,0,1,1,0,1,1,0,2,2,0,21.8974003,83.3949632
CHHATTISGARH,Total,Raigarh,Any other,881,750,131,0,0,0,98,82,16,403,323,80,174,151,23,87,82,5,26,21,5,51,50,1,37,36,1,5,5,0,21.8974003,83.3949632
CHHATTISGARH,Total,Raigarh,No travel,31321,21833,9488,31321,21833,9488,0,0,0,0,0,0,0,0,0,0,0,0,0,0,0,0,0,0,0,0,0,0,0,0,21.8974003,83.3949632
CHHATTISGARH,Rural,Raigarh,All Modes,76008,58577,17431,20149,13385,6764,17058,12065,4993,20809,17077,3732,9124,7955,1169,4457,4086,371,1718,1560,158,1233,1119,114,1365,1240,125,95,90,5,21.8974003,83.3949632
CHHATTISGARH,Rural,Raigarh,On foot,18385,10975,7410,0,0,0,12241,7701,4540,5141,2789,2352,1003,485,518,0,0,0,0,0,0,0,0,0,0,0,0,0,0,0,21.8974003,83.3949632
CHHATTISGARH,Rural,Raigarh,Bicycle,19244,17942,1302,0,0,0,2969,2684,285,9814,9099,715,4412,4199,213,1615,1560,55,434,400,34,0,0,0,0,0,0,0,0,0,21.8974003,83.3949632
CHHATTISGARH,Rural,Raigarh,Moped/Scooter/Motor Cycle,13016,11850,1166,0,0,0,1585,1458,127,4726,4245,481,2945,2659,286,2033,1875,158,815,750,65,559,522,37,305,295,10,48,46,2,21.8974003,83.3949632
CHHATTISGARH,Rural,Raigarh,Car/Jeep/Van,1072,1012,60,0,0,0,92,81,11,483,458,25,173,164,9,95,88,7,62,60,2,104,100,4,59,57,2,4,4,0,21.8974003,83.3949632
CHHATTISGARH,Rural,Raigarh,Tempo/Autorickshaw/Taxi,162,137,25,0,0,0,14,10,4,37,34,3,45,38,7,47,36,11,2,2,0,7,7,0,7,7,0,3,3,0,21.8974003,83.3949632
CHHATTISGARH,Rural,Raigarh,Bus,2958,2402,556,0,0,0,104,93,11,442,335,107,431,323,108,571,441,130,320,266,54,419,356,63,651,570,81,20,18,2,21.8974003,83.3949632
CHHATTISGARH,Rural,Raigarh,Train,694,620,74,0,0,0,25,17,8,37,26,11,48,42,6,50,44,6,74,73,1,116,107,9,328,296,32,16,15,1,21.8974003,83.3949632
CHHATTISGARH,Rural,Raigarh,Water transport,44,36,8,0,0,0,9,7,2,28,23,5,2,1,1,1,1,0,0,0,0,1,1,0,1,1,0,2,2,0,21.8974003,83.3949632
CHHATTISGARH,Rural,Raigarh,Any other,284,218,66,0,0,0,19,14,5,101,68,33,65,44,21,45,41,4,11,9,2,27,26,1,14,14,0,2,2,0,21.8974003,83.3949632
CHHATTISGARH,Rural,Raigarh,No travel,20149,13385,6764,20149,13385,6764,0,0,0,0,0,0,0,0,0,0,0,0,0,0,0,0,0,0,0,0,0,0,0,0,21.8974003,83.3949632
CHHATTISGARH,Urban,Raigarh,All Modes,72099,59772,12327,11172,8448,2724,19256,15439,3817,26923,22702,4221,6962,6155,807,3217,2857,360,1744,1611,133,1387,1240,147,1339,1234,105,99,86,13,21.8974003,83.3949632
CHHATTISGARH,Urban,Raigarh,On foot,19551,13343,6208,0,0,0,10912,7609,3303,7725,5009,2716,914,725,189,0,0,0,0,0,0,0,0,0,0,0,0,0,0,0,21.8974003,83.3949632
CHHATTISGARH,Urban,Raigarh,Bicycle,18319,17542,777,0,0,0,4243,4092,151,11301,10784,517,2094,2002,92,437,429,8,244,235,9,0,0,0,0,0,0,0,0,0,21.8974003,83.3949632
CHHATTISGARH,Urban,Raigarh,Moped/Scooter/Motor Cycle,15379,13780,1599,0,0,0,3663,3367,296,6746,5983,763,2519,2205,314,1290,1124,166,497,467,30,400,384,16,201,193,8,63,57,6,21.8974003,83.3949632
CHHATTISGARH,Urban,Raigarh,Car/Jeep/Van,1488,1386,102,0,0,0,190,174,16,314,282,32,215,199,16,230,222,8,210,200,10,203,192,11,121,113,8,5,4,1,21.8974003,83.3949632
CHHATTISGARH,Urban,Raigarh,Tempo/Autorickshaw/Taxi,709,585,124,0,0,0,69,54,15,245,185,60,212,178,34,101,90,11,40,39,1,24,23,1,14,13,1,4,3,1,21.8974003,83.3949632
CHHATTISGARH,Urban,Raigarh,Bus,3998,3394,604,0,0,0,66,48,18,255,173,82,852,701,151,1062,907,155,664,606,58,531,442,89,556,507,49,12,10,2,21.8974003,83.3949632
CHHATTISGARH,Urban,Raigarh,Train,879,755,124,0,0,0,30,23,7,33,29,4,46,37,9,55,44,11,74,52,22,205,175,30,424,386,38,12,9,3,21.8974003,83.3949632
CHHATTISGARH,Urban,Raigarh,Water transport,7,7,0,0,0,0,4,4,0,2,2,0,1,1,0,0,0,0,0,0,0,0,0,0,0,0,0,0,0,0,21.8974003,83.3949632
CHHATTISGARH,Urban,Raigarh,Any other,597,532,65,0,0,0,79,68,11,302,255,47,109,107,2,42,41,1,15,12,3,24,24,0,23,22,1,3,3,0,21.8974003,83.3949632
CHHATTISGARH,Urban,Raigarh,No travel,11172,8448,2724,11172,8448,2724,0,0,0,0,0,0,0,0,0,0,0,0,0,0,0,0,0,0,0,0,0,0,0,0,21.8974003,83.3949632
ANDHRA PRADESH,Total,Vizianagaram,All Modes,360954,274850,86104,120208,81844,38364,62753,44490,18263,76401,60532,15869,40621,33644,6977,22264,19460,2804,14468,13073,1395,10406,9320,1086,9215,8360,855,4618,4127,491,18.1066576,83.3955506
ANDHRA PRADESH,Total,Vizianagaram,On foot,90280,57722,32558,0,0,0,48214,31032,17182,29608,18109,11499,12458,8581,3877,0,0,0,0,0,0,0,0,0,0,0,0,0,0,0,18.1066576,83.3955506
ANDHRA PRADESH,Total,Vizianagaram,Bicycle,51975,50382,1593,0,0,0,7196,6928,268,25916,25083,833,11032,10782,250,4236,4144,92,3595,3445,150,0,0,0,0,0,0,0,0,0,18.1066576,83.3955506
ANDHRA PRADESH,Total,Vizianagaram,Moped/Scooter/Motor Cycle,30223,28394,1829,0,0,0,4649,4352,297,10920,10156,764,5460,5140,320,4463,4231,232,1801,1734,67,1296,1247,49,523,504,19,1111,1030,81,18.1066576,83.3955506
ANDHRA PRADESH,Total,Vizianagaram,Car/Jeep/Van,2936,2623,313,0,0,0,268,225,43,561,465,96,450,403,47,413,375,38,291,271,20,391,367,24,399,374,25,163,143,20,18.1066576,83.3955506
ANDHRA PRADESH,Total,Vizianagaram,Tempo/Autorickshaw/Taxi,18525,14105,4420,0,0,0,922,713,209,4732,3112,1620,5106,3804,1302,4522,3645,877,1482,1310,172,771,675,96,329,294,35,661,552,109,18.1066576,83.3955506
ANDHRA PRADESH,Total,Vizianagaram,Bus,32938,26858,6080,0,0,0,758,581,177,3084,2163,921,4554,3455,1099,7407,5908,1499,6220,5295,925,5879,5103,776,3883,3402,481,1153,951,202,18.1066576,83.3955506
ANDHRA PRADESH,Total,Vizianagaram,Train,6753,6090,663,0,0,0,262,212,50,360,311,49,265,236,29,291,258,33,463,416,47,1312,1194,118,3049,2768,281,751,695,56,18.1066576,83.3955506
ANDHRA PRADESH,Total,Vizianagaram,Water transport,4107,4012,95,0,0,0,102,93,9,428,423,5,725,704,21,596,583,13,448,437,11,534,520,14,671,663,8,603,589,14,18.1066576,83.3955506
ANDHRA PRADESH,Total,Vizianagaram,Any other,3009,2820,189,0,0,0,382,354,28,792,710,82,571,539,32,336,316,20,168,165,3,223,214,9,361,355,6,176,167,9,18.1066576,83.3955506
ANDHRA PRADESH,Total,Vizianagaram,No travel,120208,81844,38364,120208,81844,38364,0,0,0,0,0,0,0,0,0,0,0,0,0,0,0,0,0,0,0,0,0,0,0,0,18.1066576,83.3955506
ANDHRA PRADESH,Rural,Vizianagaram,All Modes,210044,155512,54532,84890,56728,28162,27025,17312,9713,33495,24850,8645,25279,21000,4279,16177,14506,1671,8775,8023,752,6297,5721,576,5251,4811,440,2855,2561,294,18.1066576,83.3955506
ANDHRA PRADESH,Rural,Vizianagaram,On foot,46046,27413,18633,0,0,0,22718,13442,9276,15776,8884,6892,7552,5087,2465,0,0,0,0,0,0,0,0,0,0,0,0,0,0,0,18.1066576,83.3955506
ANDHRA PRADESH,Rural,Vizianagaram,Bicycle,24510,23766,744,0,0,0,2058,1944,114,9853,9511,342,7126,6984,142,3412,3355,57,2061,1972,89,0,0,0,0,0,0,0,0,0,18.1066576,83.3955506
ANDHRA PRADESH,Rural,Vizianagaram,Moped/Scooter/Motor Cycle,11648,11048,600,0,0,0,982,907,75,2557,2389,168,2749,2624,125,2773,2656,117,1107,1066,41,732,708,24,285,276,9,463,422,41,18.1066576,83.3955506
ANDHRA PRADESH,Rural,Vizianagaram,Car/Jeep/Van,1411,1258,153,0,0,0,90,70,20,179,133,46,239,215,24,270,250,20,185,177,8,189,178,11,176,163,13,83,72,11,18.1066576,83.3955506
ANDHRA PRADESH,Rural,Vizianagaram,Tempo/Autorickshaw/Taxi,12705,10141,2564,0,0,0,448,366,82,2402,1716,686,3504,2623,881,3801,3164,637,1251,1129,122,578,519,59,242,217,25,479,407,72,18.1066576,83.3955506
ANDHRA PRADESH,Rural,Vizianagaram,Bus,20045,16832,3213,0,0,0,437,333,104,1855,1392,463,2950,2359,591,4920,4114,806,3374,2916,458,3526,3110,416,2237,1986,251,746,622,124,18.1066576,83.3955506
ANDHRA PRADESH,Rural,Vizianagaram,Train,3297,2975,322,0,0,0,133,99,34,201,168,33,171,157,14,156,145,11,208,187,21,581,531,50,1446,1315,131,401,373,28,18.1066576,83.3955506
ANDHRA PRADESH,Rural,Vizianagaram,Water transport,3992,3914,78,0,0,0,67,62,5,408,405,3,718,700,18,584,575,9,446,435,11,527,515,12,651,644,7,591,578,13,18.1066576,83.3955506
ANDHRA PRADESH,Rural,Vizianagaram,Any other,1500,1437,63,0,0,0,92,89,3,264,252,12,270,251,19,261,247,14,143,141,2,164,160,4,214,210,4,92,87,5,18.1066576,83.3955506
ANDHRA PRADESH,Rural,Vizianagaram,No travel,84890,56728,28162,84890,56728,28162,0,0,0,0,0,0,0,0,0,0,0,0,0,0,0,0,0,0,0,0,0,0,0,0,18.1066576,83.3955506
ANDHRA PRADESH,Urban,Vizianagaram,All Modes,150910,119338,31572,35318,25116,10202,35728,27178,8550,42906,35682,7224,15342,12644,2698,6087,4954,1133,5693,5050,643,4109,3599,510,3964,3549,415,1763,1566,197,18.1066576,83.3955506
ANDHRA PRADESH,Urban,Vizianagaram,On foot,44234,30309,13925,0,0,0,25496,17590,7906,13832,9225,4607,4906,3494,1412,0,0,0,0,0,0,0,0,0,0,0,0,0,0,0,18.1066576,83.3955506
ANDHRA PRADESH,Urban,Vizianagaram,Bicycle,27465,26616,849,0,0,0,5138,4984,154,16063,15572,491,3906,3798,108,824,789,35,1534,1473,61,0,0,0,0,0,0,0,0,0,18.1066576,83.3955506
ANDHRA PRADESH,Urban,Vizianagaram,Moped/Scooter/Motor Cycle,18575,17346,1229,0,0,0,3667,3445,222,8363,7767,596,2711,2516,195,1690,1575,115,694,668,26,564,539,25,238,228,10,648,608,40,18.1066576,83.3955506
ANDHRA PRADESH,Urban,Vizianagaram,Car/Jeep/Van,1525,1365,160,0,0,0,178,155,23,382,332,50,211,188,23,143,125,18,106,94,12,202,189,13,223,211,12,80,71,9,18.1066576,83.3955506
ANDHRA PRADESH,Urban,Vizianagaram,Tempo/Autorickshaw/Taxi,5820,3964,1856,0,0,0,474,347,127,2330,1396,934,1602,1181,421,721,481,240,231,181,50,193,156,37,87,77,10,182,145,37,18.1066576,83.3955506
ANDHRA PRADESH,Urban,Vizianagaram,Bus,12893,10026,2867,0,0,0,321,248,73,1229,771,458,1604,1096,508,2487,1794,693,2846,2379,467,2353,1993,360,1646,1416,230,407,329,78,18.1066576,83.3955506
ANDHRA PRADESH,Urban,Vizianagaram,Train,3456,3115,341,0,0,0,129,113,16,159,143,16,94,79,15,135,113,22,255,229,26,731,663,68,1603,1453,150,350,322,28,18.1066576,83.3955506
ANDHRA PRADESH,Urban,Vizianagaram,Water transport,115,98,17,0,0,0,35,31,4,20,18,2,7,4,3,12,8,4,2,2,0,7,5,2,20,19,1,12,11,1,18.1066576,83.3955506
ANDHRA PRADESH,Urban,Vizianagaram,Any other,1509,1383,126,0,0,0,290,265,25,528,458,70,301,288,13,75,69,6,25,24,1,59,54,5,147,145,2,84,80,4,18.1066576,83.3955506
ANDHRA PRADESH,Urban,Vizianagaram,No travel,35318,25116,10202,35318,25116,10202,0,0,0,0,0,0,0,0,0,0,0,0,0,0,0,0,0,0,0,0,0,0,0,0,18.1066576,83.3955506
ODISHA,Total,Rayagada,All Modes,109723,78722,31001,31957,20080,11877,23996,17443,6553,26752,19699,7053,14623,10281,4342,3511,3080,431,3447,3179,268,1152,1012,140,1158,1080,78,3127,2868,259,19.171209,83.4163226
ODISHA,Total,Rayagada,On foot,39731,24158,15573,0,0,0,17633,11498,6135,13070,7269,5801,9028,5391,3637,0,0,0,0,0,0,0,0,0,0,0,0,0,0,0,19.171209,83.4163226
ODISHA,Total,Rayagada,Bicycle,16948,16016,932,0,0,0,3636,3473,163,8090,7658,432,2185,2053,132,784,730,54,2253,2102,151,0,0,0,0,0,0,0,0,0,19.171209,83.4163226
ODISHA,Total,Rayagada,Moped/Scooter/Motor Cycle,11427,10667,760,0,0,0,2063,1938,125,4038,3733,305,1748,1617,131,1291,1214,77,481,463,18,423,393,30,194,187,7,1189,1122,67,19.171209,83.4163226
ODISHA,Total,Rayagada,Car/Jeep/Van,1245,1134,111,0,0,0,167,153,14,206,181,25,185,159,26,211,193,18,131,128,3,90,82,8,98,96,2,157,142,15,19.171209,83.4163226
ODISHA,Total,Rayagada,Tempo/Autorickshaw/Taxi,1024,778,246,0,0,0,128,107,21,321,208,113,209,154,55,154,131,23,42,38,4,30,23,7,19,17,2,121,100,21,19.171209,83.4163226
ODISHA,Total,Rayagada,Bus,4966,3704,1262,0,0,0,230,159,71,761,447,314,1072,763,309,945,711,234,465,383,82,451,374,77,514,464,50,528,403,125,19.171209,83.4163226
ODISHA,Total,Rayagada,Train,1872,1743,129,0,0,0,88,72,16,105,89,16,77,60,17,88,71,17,49,41,8,123,108,15,291,277,14,1051,1025,26,19.171209,83.4163226
ODISHA,Total,Rayagada,Water transport,34,31,3,0,0,0,5,4,1,5,4,1,6,6,0,2,2,0,2,2,0,2,1,1,4,4,0,8,8,0,19.171209,83.4163226
ODISHA,Total,Rayagada,Any other,519,411,108,0,0,0,46,39,7,156,110,46,113,78,35,36,28,8,24,22,2,33,31,2,38,35,3,73,68,5,19.171209,83.4163226
ODISHA,Total,Rayagada,No travel,31957,20080,11877,31957,20080,11877,0,0,0,0,0,0,0,0,0,0,0,0,0,0,0,0,0,0,0,0,0,0,0,0,19.171209,83.4163226
ODISHA,Rural,Rayagada,All Modes,63880,42974,20906,21074,12681,8393,12100,7929,4171,14773,10021,4752,9395,6406,2989,2235,1969,266,1601,1465,136,470,421,49,501,465,36,1731,1617,114,19.171209,83.4163226
ODISHA,Rural,Rayagada,On foot,24711,13994,10717,0,0,0,9967,5974,3993,8866,4691,4175,5878,3329,2549,0,0,0,0,0,0,0,0,0,0,0,0,0,0,0,19.171209,83.4163226
ODISHA,Rural,Rayagada,Bicycle,8519,7985,534,0,0,0,1293,1216,77,4003,3774,229,1631,1533,98,624,576,48,968,886,82,0,0,0,0,0,0,0,0,0,19.171209,83.4163226
ODISHA,Rural,Rayagada,Moped/Scooter/Motor Cycle,4130,3822,308,0,0,0,526,493,33,1191,1086,105,845,771,74,692,648,44,252,244,8,179,169,10,73,68,5,372,343,29,19.171209,83.4163226
ODISHA,Rural,Rayagada,Car/Jeep/Van,584,527,57,0,0,0,56,47,9,77,66,11,132,111,21,134,125,9,79,78,1,30,28,2,26,26,0,50,46,4,19.171209,83.4163226
ODISHA,Rural,Rayagada,Tempo/Autorickshaw/Taxi,517,400,117,0,0,0,49,42,7,129,90,39,125,88,37,116,97,19,28,26,2,13,10,3,10,9,1,47,38,9,19.171209,83.4163226
ODISHA,Rural,Rayagada,Bus,2658,2040,618,0,0,0,136,97,39,352,211,141,636,473,163,587,457,130,240,200,40,181,157,24,247,224,23,279,221,58,19.171209,83.4163226
ODISHA,Rural,Rayagada,Train,1372,1303,69,0,0,0,50,42,8,60,47,13,58,43,15,52,43,9,19,18,1,52,44,8,134,129,5,947,937,10,19.171209,83.4163226
ODISHA,Rural,Rayagada,Water transport,13,11,2,0,0,0,1,0,1,2,1,1,3,3,0,1,1,0,1,1,0,1,1,0,1,1,0,3,3,0,19.171209,83.4163226
ODISHA,Rural,Rayagada,Any other,302,211,91,0,0,0,22,18,4,93,55,38,87,55,32,29,22,7,14,12,2,14,12,2,10,8,2,33,29,4,19.171209,83.4163226
ODISHA,Rural,Rayagada,No travel,21074,12681,8393,21074,12681,8393,0,0,0,0,0,0,0,0,0,0,0,0,0,0,0,0,0,0,0,0,0,0,0,0,19.171209,83.4163226
ODISHA,Urban,Rayagada,All Modes,45843,35748,10095,10883,7399,3484,11896,9514,2382,11979,9678,2301,5228,3875,1353,1276,1111,165,1846,1714,132,682,591,91,657,615,42,1396,1251,145,19.171209,83.4163226
ODISHA,Urban,Rayagada,On foot,15020,10164,4856,0,0,0,7666,5524,2142,4204,2578,1626,3150,2062,1088,0,0,0,0,0,0,0,0,0,0,0,0,0,0,0,19.171209,83.4163226
ODISHA,Urban,Rayagada,Bicycle,8429,8031,398,0,0,0,2343,2257,86,4087,3884,203,554,520,34,160,154,6,1285,1216,69,0,0,0,0,0,0,0,0,0,19.171209,83.4163226
ODISHA,Urban,Rayagada,Moped/Scooter/Motor Cycle,7297,6845,452,0,0,0,1537,1445,92,2847,2647,200,903,846,57,599,566,33,229,219,10,244,224,20,121,119,2,817,779,38,19.171209,83.4163226
ODISHA,Urban,Rayagada,Car/Jeep/Van,661,607,54,0,0,0,111,106,5,129,115,14,53,48,5,77,68,9,52,50,2,60,54,6,72,70,2,107,96,11,19.171209,83.4163226
ODISHA,Urban,Rayagada,Tempo/Autorickshaw/Taxi,507,378,129,0,0,0,79,65,14,192,118,74,84,66,18,38,34,4,14,12,2,17,13,4,9,8,1,74,62,12,19.171209,83.4163226
ODISHA,Urban,Rayagada,Bus,2308,1664,644,0,0,0,94,62,32,409,236,173,436,290,146,358,254,104,225,183,42,270,217,53,267,240,27,249,182,67,19.171209,83.4163226
ODISHA,Urban,Rayagada,Train,500,440,60,0,0,0,38,30,8,45,42,3,19,17,2,36,28,8,30,23,7,71,64,7,157,148,9,104,88,16,19.171209,83.4163226
ODISHA,Urban,Rayagada,Water transport,21,20,1,0,0,0,4,4,0,3,3,0,3,3,0,1,1,0,1,1,0,1,0,1,3,3,0,5,5,0,19.171209,83.4163226
ODISHA,Urban,Rayagada,Any other,217,200,17,0,0,0,24,21,3,63,55,8,26,23,3,7,6,1,10,10,0,19,19,0,28,27,1,40,39,1,19.171209,83.4163226
ODISHA,Urban,Rayagada,No travel,10883,7399,3484,10883,7399,3484,0,0,0,0,0,0,0,0,0,0,0,0,0,0,0,0,0,0,0,0,0,0,0,0,19.171209,83.4163226
ODISHA,Total,Balangir,All Modes,198970,151179,47791,68518,45324,23194,37278,27195,10083,44142,35951,8191,24279,20107,4172,9297,8579,718,7224,6710,514,2256,2031,225,3113,2774,339,2863,2508,355,20.7074234,83.4842725
ODISHA,Total,Balangir,On foot,51988,33444,18544,0,0,0,25980,16734,9246,16912,10787,6125,9096,5923,3173,0,0,0,0,0,0,0,0,0,0,0,0,0,0,0,20.7074234,83.4842725
ODISHA,Total,Balangir,Bicycle,48594,46225,2369,0,0,0,7143,6747,396,19755,18683,1072,11224,10776,448,5386,5190,196,5086,4829,257,0,0,0,0,0,0,0,0,0,20.7074234,83.4842725
ODISHA,Total,Balangir,Moped/Scooter/Motor Cycle,19109,17459,1650,0,0,0,3411,3149,262,6275,5612,663,2888,2635,253,2426,2238,188,1157,1087,70,969,916,53,558,521,37,1425,1301,124,20.7074234,83.4842725
ODISHA,Total,Balangir,Car/Jeep/Van,1081,929,152,0,0,0,147,116,31,212,183,29,157,137,20,109,88,21,101,78,23,103,97,6,128,122,6,124,108,16,20.7074234,83.4842725
ODISHA,Total,Balangir,Tempo/Autorickshaw/Taxi,609,451,158,0,0,0,102,70,32,194,122,72,73,62,11,62,52,10,23,20,3,17,16,1,22,20,2,116,89,27,20.7074234,83.4842725
ODISHA,Total,Balangir,Bus,5180,3942,1238,0,0,0,180,116,64,352,204,148,589,342,247,1091,817,274,728,579,149,939,805,134,902,771,131,399,308,91,20.7074234,83.4842725
ODISHA,Total,Balangir,Train,2945,2587,358,0,0,0,184,154,30,207,167,40,92,83,9,126,109,17,88,78,10,188,165,23,1393,1245,148,667,586,81,20.7074234,83.4842725
ODISHA,Total,Balangir,Water transport,98,81,17,0,0,0,13,9,4,20,17,3,13,12,1,7,6,1,5,5,0,5,3,2,11,9,2,24,20,4,20.7074234,83.4842725
ODISHA,Total,Balangir,Any other,848,737,111,0,0,0,118,100,18,215,176,39,147,137,10,90,79,11,36,34,2,35,29,6,99,86,13,108,96,12,20.7074234,83.4842725
ODISHA,Total,Balangir,No travel,68518,45324,23194,68518,45324,23194,0,0,0,0,0,0,0,0,0,0,0,0,0,0,0,0,0,0,0,0,0,0,0,0,20.7074234,83.4842725
ODISHA,Rural,Balangir,All Modes,139202,102802,36400,52142,33462,18680,22221,14917,7304,28404,22440,5964,19659,16430,3229,7605,7170,435,4606,4293,313,1277,1189,88,1880,1671,209,1408,1230,178,20.7074234,83.4842725
ODISHA,Rural,Balangir,On foot,37368,23062,14306,0,0,0,17664,10749,6915,12943,8066,4877,6761,4247,2514,0,0,0,0,0,0,0,0,0,0,0,0,0,0,0,20.7074234,83.4842725
ODISHA,Rural,Balangir,Bicycle,34946,33144,1802,0,0,0,3461,3212,249,13088,12309,779,10259,9841,418,4944,4771,173,3194,3011,183,0,0,0,0,0,0,0,0,0,20.7074234,83.4842725
ODISHA,Rural,Balangir,Moped/Scooter/Motor Cycle,8414,7720,694,0,0,0,776,713,63,1885,1671,214,1960,1804,156,1698,1574,124,776,728,48,543,517,26,293,269,24,483,444,39,20.7074234,83.4842725
ODISHA,Rural,Balangir,Car/Jeep/Van,599,515,84,0,0,0,57,37,20,81,73,8,113,103,10,79,64,15,73,57,16,61,56,5,65,63,2,70,62,8,20.7074234,83.4842725
ODISHA,Rural,Balangir,Tempo/Autorickshaw/Taxi,260,217,43,0,0,0,26,20,6,51,44,7,45,41,4,41,34,7,11,11,0,9,9,0,14,13,1,63,45,18,20.7074234,83.4842725
ODISHA,Rural,Balangir,Bus,3147,2628,519,0,0,0,98,72,26,154,111,43,356,242,114,714,607,107,474,412,62,551,505,46,549,469,80,251,210,41,20.7074234,83.4842725
ODISHA,Rural,Balangir,Train,1775,1569,206,0,0,0,88,69,19,120,95,25,44,40,4,56,56,0,46,43,3,87,82,5,873,783,90,461,401,60,20.7074234,83.4842725
ODISHA,Rural,Balangir,Water transport,47,38,9,0,0,0,6,4,2,7,6,1,4,4,0,5,4,1,1,1,0,1,1,0,8,7,1,15,11,4,20.7074234,83.4842725
ODISHA,Rural,Balangir,Any other,504,447,57,0,0,0,45,41,4,75,65,10,117,108,9,68,60,8,31,30,1,25,19,6,78,67,11,65,57,8,20.7074234,83.4842725
ODISHA,Rural,Balangir,No travel,52142,33462,18680,52142,33462,18680,0,0,0,0,0,0,0,0,0,0,0,0,0,0,0,0,0,0,0,0,0,0,0,0,20.7074234,83.4842725
ODISHA,Urban,Balangir,All Modes,59768,48377,11391,16376,11862,4514,15057,12278,2779,15738,13511,2227,4620,3677,943,1692,1409,283,2618,2417,201,979,842,137,1233,1103,130,1455,1278,177,20.7074234,83.4842725
ODISHA,Urban,Balangir,On foot,14620,10382,4238,0,0,0,8316,5985,2331,3969,2721,1248,2335,1676,659,0,0,0,0,0,0,0,0,0,0,0,0,0,0,0,20.7074234,83.4842725
ODISHA,Urban,Balangir,Bicycle,13648,13081,567,0,0,0,3682,3535,147,6667,6374,293,965,935,30,442,419,23,1892,1818,74,0,0,0,0,0,0,0,0,0,20.7074234,83.4842725
ODISHA,Urban,Balangir,Moped/Scooter/Motor Cycle,10695,9739,956,0,0,0,2635,2436,199,4390,3941,449,928,831,97,728,664,64,381,359,22,426,399,27,265,252,13,942,857,85,20.7074234,83.4842725
ODISHA,Urban,Balangir,Car/Jeep/Van,482,414,68,0,0,0,90,79,11,131,110,21,44,34,10,30,24,6,28,21,7,42,41,1,63,59,4,54,46,8,20.7074234,83.4842725
ODISHA,Urban,Balangir,Tempo/Autorickshaw/Taxi,349,234,115,0,0,0,76,50,26,143,78,65,28,21,7,21,18,3,12,9,3,8,7,1,8,7,1,53,44,9,20.7074234,83.4842725
ODISHA,Urban,Balangir,Bus,2033,1314,719,0,0,0,82,44,38,198,93,105,233,100,133,377,210,167,254,167,87,388,300,88,353,302,51,148,98,50,20.7074234,83.4842725
ODISHA,Urban,Balangir,Train,1170,1018,152,0,0,0,96,85,11,87,72,15,48,43,5,70,53,17,42,35,7,101,83,18,520,462,58,206,185,21,20.7074234,83.4842725
ODISHA,Urban,Balangir,Water transport,51,43,8,0,0,0,7,5,2,13,11,2,9,8,1,2,2,0,4,4,0,4,2,2,3,2,1,9,9,0,20.7074234,83.4842725
ODISHA,Urban,Balangir,Any other,344,290,54,0,0,0,73,59,14,140,111,29,30,29,1,22,19,3,5,4,1,10,10,0,21,19,2,43,39,4,20.7074234,83.4842725
ODISHA,Urban,Balangir,No travel,16376,11862,4514,16376,11862,4514,0,0,0,0,0,0,0,0,0,0,0,0,0,0,0,0,0,0,0,0,0,0,0,0,20.7074234,83.4842725
UTTAR PRADESH,Total,Mau,All Modes,220565,166093,54472,117695,78039,39656,28849,21936,6913,34688,30930,3758,19407,16770,2637,6031,5548,483,5144,4794,350,2073,1890,183,3941,3675,266,2737,2511,226,25.9431287,83.5562366
UTTAR PRADESH,Total,Mau,On foot,39663,28976,10687,0,0,0,22102,15699,6403,10648,8246,2402,6913,5031,1882,0,0,0,0,0,0,0,0,0,0,0,0,0,0,0,25.9431287,83.5562366
UTTAR PRADESH,Total,Mau,Bicycle,35104,34103,1001,0,0,0,4289,4113,176,17206,16742,464,8097,7917,180,2381,2339,42,3131,2992,139,0,0,0,0,0,0,0,0,0,25.9431287,83.5562366
UTTAR PRADESH,Total,Mau,Moped/Scooter/Motor Cycle,12226,11490,736,0,0,0,1408,1317,91,4379,4092,287,2316,2181,135,1671,1587,84,758,724,34,605,575,30,303,286,17,786,728,58,25.9431287,83.5562366
UTTAR PRADESH,Total,Mau,Car/Jeep/Van,2216,1749,467,0,0,0,173,125,48,436,316,120,479,360,119,421,333,88,200,172,28,185,166,19,125,112,13,197,165,32,25.9431287,83.5562366
UTTAR PRADESH,Total,Mau,Tempo/Autorickshaw/Taxi,2869,2068,801,0,0,0,249,151,98,1051,686,365,695,512,183,437,348,89,130,111,19,71,68,3,51,44,7,185,148,37,25.9431287,83.5562366
UTTAR PRADESH,Total,Mau,Bus,4731,3934,797,0,0,0,223,166,57,362,278,84,491,371,120,833,666,167,752,640,112,862,751,111,844,748,96,364,314,50,25.9431287,83.5562366
UTTAR PRADESH,Total,Mau,Train,5016,4739,277,0,0,0,259,229,30,278,256,22,220,208,12,224,213,11,161,145,16,310,290,20,2531,2401,130,1033,997,36,25.9431287,83.5562366
UTTAR PRADESH,Total,Mau,Water transport,96,86,10,0,0,0,14,12,2,11,11,0,9,9,0,6,5,1,1,1,0,5,5,0,19,17,2,31,26,5,25.9431287,83.5562366
UTTAR PRADESH,Total,Mau,Any other,949,909,40,0,0,0,132,124,8,317,303,14,187,181,6,58,57,1,11,9,2,35,35,0,68,67,1,141,133,8,25.9431287,83.5562366
UTTAR PRADESH,Total,Mau,No travel,117695,78039,39656,117695,78039,39656,0,0,0,0,0,0,0,0,0,0,0,0,0,0,0,0,0,0,0,0,0,0,0,0,25.9431287,83.5562366
UTTAR PRADESH,Rural,Mau,All Modes,150198,110949,39249,76639,48874,27765,18997,13388,5609,23385,20674,2711,15104,13027,2077,5092,4742,350,4107,3857,250,1624,1499,125,3139,2937,202,2111,1951,160,25.9431287,83.5562366
UTTAR PRADESH,Rural,Mau,On foot,26651,18030,8621,0,0,0,14782,9498,5284,7142,5291,1851,4727,3241,1486,0,0,0,0,0,0,0,0,0,0,0,0,0,0,0,25.9431287,83.5562366
UTTAR PRADESH,Rural,Mau,Bicycle,27294,26507,787,0,0,0,2835,2710,125,12610,12254,356,7065,6906,159,2199,2159,40,2585,2478,107,0,0,0,0,0,0,0,0,0,25.9431287,83.5562366
UTTAR PRADESH,Rural,Mau,Moped/Scooter/Motor Cycle,7861,7337,524,0,0,0,726,665,61,2230,2041,189,1719,1616,103,1349,1282,67,587,560,27,501,473,28,243,230,13,506,470,36,25.9431287,83.5562366
UTTAR PRADESH,Rural,Mau,Car/Jeep/Van,1566,1233,333,0,0,0,99,66,33,275,190,85,345,254,91,316,257,59,149,134,15,150,135,15,92,81,11,140,116,24,25.9431287,83.5562366
UTTAR PRADESH,Rural,Mau,Tempo/Autorickshaw/Taxi,1721,1307,414,0,0,0,120,76,44,469,325,144,504,379,125,326,262,64,104,92,12,49,48,1,29,26,3,120,99,21,25.9431287,83.5562366
UTTAR PRADESH,Rural,Mau,Bus,3737,3164,573,0,0,0,144,108,36,296,233,63,405,306,99,657,546,111,557,480,77,671,605,66,687,606,81,320,280,40,25.9431287,83.5562366
UTTAR PRADESH,Rural,Mau,Train,4075,3870,205,0,0,0,199,177,22,216,197,19,188,178,10,195,188,7,117,106,11,234,219,15,2028,1937,91,898,868,30,25.9431287,83.5562366
UTTAR PRADESH,Rural,Mau,Water transport,82,73,9,0,0,0,8,7,1,9,9,0,7,7,0,6,5,1,1,1,0,5,5,0,17,15,2,29,24,5,25.9431287,83.5562366
UTTAR PRADESH,Rural,Mau,Any other,572,554,18,0,0,0,84,81,3,138,134,4,144,140,4,44,43,1,7,6,1,14,14,0,43,42,1,98,94,4,25.9431287,83.5562366
UTTAR PRADESH,Rural,Mau,No travel,76639,48874,27765,76639,48874,27765,0,0,0,0,0,0,0,0,0,0,0,0,0,0,0,0,0,0,0,0,0,0,0,0,25.9431287,83.5562366
UTTAR PRADESH,Urban,Mau,All Modes,70367,55144,15223,41056,29165,11891,9852,8548,1304,11303,10256,1047,4303,3743,560,939,806,133,1037,937,100,449,391,58,802,738,64,626,560,66,25.9431287,83.5562366
UTTAR PRADESH,Urban,Mau,On foot,13012,10946,2066,0,0,0,7320,6201,1119,3506,2955,551,2186,1790,396,0,0,0,0,0,0,0,0,0,0,0,0,0,0,0,25.9431287,83.5562366
UTTAR PRADESH,Urban,Mau,Bicycle,7810,7596,214,0,0,0,1454,1403,51,4596,4488,108,1032,1011,21,182,180,2,546,514,32,0,0,0,0,0,0,0,0,0,25.9431287,83.5562366
UTTAR PRADESH,Urban,Mau,Moped/Scooter/Motor Cycle,4365,4153,212,0,0,0,682,652,30,2149,2051,98,597,565,32,322,305,17,171,164,7,104,102,2,60,56,4,280,258,22,25.9431287,83.5562366
UTTAR PRADESH,Urban,Mau,Car/Jeep/Van,650,516,134,0,0,0,74,59,15,161,126,35,134,106,28,105,76,29,51,38,13,35,31,4,33,31,2,57,49,8,25.9431287,83.5562366
UTTAR PRADESH,Urban,Mau,Tempo/Autorickshaw/Taxi,1148,761,387,0,0,0,129,75,54,582,361,221,191,133,58,111,86,25,26,19,7,22,20,2,22,18,4,65,49,16,25.9431287,83.5562366
UTTAR PRADESH,Urban,Mau,Bus,994,770,224,0,0,0,79,58,21,66,45,21,86,65,21,176,120,56,195,160,35,191,146,45,157,142,15,44,34,10,25.9431287,83.5562366
UTTAR PRADESH,Urban,Mau,Train,941,869,72,0,0,0,60,52,8,62,59,3,32,30,2,29,25,4,44,39,5,76,71,5,503,464,39,135,129,6,25.9431287,83.5562366
UTTAR PRADESH,Urban,Mau,Water transport,14,13,1,0,0,0,6,5,1,2,2,0,2,2,0,0,0,0,0,0,0,0,0,0,2,2,0,2,2,0,25.9431287,83.5562366
UTTAR PRADESH,Urban,Mau,Any other,377,355,22,0,0,0,48,43,5,179,169,10,43,41,2,14,14,0,4,3,1,21,21,0,25,25,0,43,39,4,25.9431287,83.5562366
UTTAR PRADESH,Urban,Mau,No travel,41056,29165,11891,41056,29165,11891,0,0,0,0,0,0,0,0,0,0,0,0,0,0,0,0,0,0,0,0,0,0,0,0,25.9431287,83.5562366
UTTAR PRADESH,Total,Mahrajganj,All Modes,188905,135818,53087,108831,67514,41317,20278,15112,5166,22515,19927,2588,16239,13242,2997,4984,4756,228,5767,5465,302,2012,1915,97,4808,4653,155,3471,3234,237,27.1446035,83.5621737
UTTAR PRADESH,Total,Mahrajganj,On foot,27753,18770,8983,0,0,0,14528,9831,4697,6330,4535,1795,6895,4404,2491,0,0,0,0,0,0,0,0,0,0,0,0,0,0,0,27.1446035,83.5621737
UTTAR PRADESH,Total,Mahrajganj,Bicycle,27992,26874,1118,0,0,0,3601,3388,213,11655,11291,364,6030,5785,245,2419,2349,70,4287,4061,226,0,0,0,0,0,0,0,0,0,27.1446035,83.5621737
UTTAR PRADESH,Total,Mahrajganj,Moped/Scooter/Motor Cycle,10535,9859,676,0,0,0,1408,1280,128,3106,2878,228,1919,1809,110,1436,1383,53,682,647,35,617,590,27,471,454,17,896,818,78,27.1446035,83.5621737
UTTAR PRADESH,Total,Mahrajganj,Car/Jeep/Van,1272,1133,139,0,0,0,125,97,28,232,195,37,192,173,19,152,141,11,93,91,2,154,148,6,170,161,9,154,127,27,27.1446035,83.5621737
UTTAR PRADESH,Total,Mahrajganj,Tempo/Autorickshaw/Taxi,1965,1643,322,0,0,0,119,85,34,416,311,105,466,394,72,340,292,48,201,191,10,159,146,13,97,91,6,167,133,34,27.1446035,83.5621737
UTTAR PRADESH,Total,Mahrajganj,Bus,3415,3176,239,0,0,0,119,96,23,273,249,24,363,329,34,391,357,34,368,345,23,589,557,32,1030,978,52,282,265,17,27.1446035,83.5621737
UTTAR PRADESH,Total,Mahrajganj,Train,6296,6058,238,0,0,0,299,264,35,359,341,18,268,248,20,183,174,9,115,109,6,470,452,18,2927,2858,69,1675,1612,63,27.1446035,83.5621737
UTTAR PRADESH,Total,Mahrajganj,Water transport,98,91,7,0,0,0,9,7,2,9,8,1,11,9,2,13,12,1,0,0,0,1,1,0,18,18,0,37,36,1,27.1446035,83.5621737
UTTAR PRADESH,Total,Mahrajganj,Any other,748,700,48,0,0,0,70,64,6,135,119,16,95,91,4,50,48,2,21,21,0,22,21,1,95,93,2,260,243,17,27.1446035,83.5621737
UTTAR PRADESH,Total,Mahrajganj,No travel,108831,67514,41317,108831,67514,41317,0,0,0,0,0,0,0,0,0,0,0,0,0,0,0,0,0,0,0,0,0,0,0,0,27.1446035,83.5621737
UTTAR PRADESH,Rural,Mahrajganj,All Modes,163073,113619,49454,97407,58375,39032,14598,10006,4592,18100,15831,2269,14017,11340,2677,4489,4302,187,5234,4959,275,1766,1682,84,4312,4190,122,3150,2934,216,27.1446035,83.5621737
UTTAR PRADESH,Rural,Mahrajganj,On foot,21118,13043,8075,0,0,0,10370,6182,4188,4926,3290,1636,5822,3571,2251,0,0,0,0,0,0,0,0,0,0,0,0,0,0,0,27.1446035,83.5621737
UTTAR PRADESH,Rural,Mahrajganj,Bicycle,24639,23602,1037,0,0,0,2802,2611,191,9962,9630,332,5625,5391,234,2303,2237,66,3947,3733,214,0,0,0,0,0,0,0,0,0,27.1446035,83.5621737
UTTAR PRADESH,Rural,Mahrajganj,Moped/Scooter/Motor Cycle,7889,7348,541,0,0,0,816,715,101,2093,1925,168,1495,1411,84,1214,1172,42,586,552,34,521,497,24,392,377,15,772,699,73,27.1446035,83.5621737
UTTAR PRADESH,Rural,Mahrajganj,Car/Jeep/Van,969,860,109,0,0,0,89,67,22,155,128,27,131,115,16,127,120,7,70,69,1,133,128,5,135,129,6,129,104,25,27.1446035,83.5621737
UTTAR PRADESH,Rural,Mahrajganj,Tempo/Autorickshaw/Taxi,1577,1337,240,0,0,0,98,69,29,309,244,65,318,265,53,291,254,37,188,178,10,144,133,11,87,82,5,142,112,30,27.1446035,83.5621737
UTTAR PRADESH,Rural,Mahrajganj,Bus,2997,2824,173,0,0,0,108,86,22,233,219,14,299,281,18,335,310,25,316,303,13,538,508,30,913,877,36,255,240,15,27.1446035,83.5621737
UTTAR PRADESH,Rural,Mahrajganj,Train,5733,5532,201,0,0,0,254,221,33,310,294,16,238,222,16,161,154,7,106,103,3,408,395,13,2680,2622,58,1576,1521,55,27.1446035,83.5621737
UTTAR PRADESH,Rural,Mahrajganj,Water transport,90,83,7,0,0,0,8,6,2,7,6,1,10,8,2,12,11,1,0,0,0,1,1,0,16,16,0,36,35,1,27.1446035,83.5621737
UTTAR PRADESH,Rural,Mahrajganj,Any other,654,615,39,0,0,0,53,49,4,105,95,10,79,76,3,46,44,2,21,21,0,21,20,1,89,87,2,240,223,17,27.1446035,83.5621737
UTTAR PRADESH,Rural,Mahrajganj,No travel,97407,58375,39032,97407,58375,39032,0,0,0,0,0,0,0,0,0,0,0,0,0,0,0,0,0,0,0,0,0,0,0,0,27.1446035,83.5621737
UTTAR PRADESH,Urban,Mahrajganj,All Modes,25832,22199,3633,11424,9139,2285,5680,5106,574,4415,4096,319,2222,1902,320,495,454,41,533,506,27,246,233,13,496,463,33,321,300,21,27.1446035,83.5621737
UTTAR PRADESH,Urban,Mahrajganj,On foot,6635,5727,908,0,0,0,4158,3649,509,1404,1245,159,1073,833,240,0,0,0,0,0,0,0,0,0,0,0,0,0,0,0,27.1446035,83.5621737
UTTAR PRADESH,Urban,Mahrajganj,Bicycle,3353,3272,81,0,0,0,799,777,22,1693,1661,32,405,394,11,116,112,4,340,328,12,0,0,0,0,0,0,0,0,0,27.1446035,83.5621737
UTTAR PRADESH,Urban,Mahrajganj,Moped/Scooter/Motor Cycle,2646,2511,135,0,0,0,592,565,27,1013,953,60,424,398,26,222,211,11,96,95,1,96,93,3,79,77,2,124,119,5,27.1446035,83.5621737
UTTAR PRADESH,Urban,Mahrajganj,Car/Jeep/Van,303,273,30,0,0,0,36,30,6,77,67,10,61,58,3,25,21,4,23,22,1,21,20,1,35,32,3,25,23,2,27.1446035,83.5621737
UTTAR PRADESH,Urban,Mahrajganj,Tempo/Autorickshaw/Taxi,388,306,82,0,0,0,21,16,5,107,67,40,148,129,19,49,38,11,13,13,0,15,13,2,10,9,1,25,21,4,27.1446035,83.5621737
UTTAR PRADESH,Urban,Mahrajganj,Bus,418,352,66,0,0,0,11,10,1,40,30,10,64,48,16,56,47,9,52,42,10,51,49,2,117,101,16,27,25,2,27.1446035,83.5621737
UTTAR PRADESH,Urban,Mahrajganj,Train,563,526,37,0,0,0,45,43,2,49,47,2,30,26,4,22,20,2,9,6,3,62,57,5,247,236,11,99,91,8,27.1446035,83.5621737
UTTAR PRADESH,Urban,Mahrajganj,Water transport,8,8,0,0,0,0,1,1,0,2,2,0,1,1,0,1,1,0,0,0,0,0,0,0,2,2,0,1,1,0,27.1446035,83.5621737
UTTAR PRADESH,Urban,Mahrajganj,Any other,94,85,9,0,0,0,17,15,2,30,24,6,16,15,1,4,4,0,0,0,0,1,1,0,6,6,0,20,20,0,27.1446035,83.5621737
UTTAR PRADESH,Urban,Mahrajganj,No travel,11424,9139,2285,11424,9139,2285,0,0,0,0,0,0,0,0,0,0,0,0,0,0,0,0,0,0,0,0,0,0,0,0,27.1446035,83.5621737
UTTAR PRADESH,Total,Ghazipur,All Modes,331471,252163,79308,172772,115540,57232,41746,32146,9600,48165,42636,5529,29534,24908,4626,9441,8865,576,9662,9088,574,4308,4075,233,9998,9589,409,5845,5316,529,25.5877901,83.5783078
UTTAR PRADESH,Total,Ghazipur,On foot,60075,43751,16324,0,0,0,31761,22898,8863,15491,11771,3720,12823,9082,3741,0,0,0,0,0,0,0,0,0,0,0,0,0,0,0,25.5877901,83.5783078
UTTAR PRADESH,Total,Ghazipur,Bicycle,50117,48397,1720,0,0,0,6193,5903,290,23094,22299,795,10595,10363,232,3932,3845,87,6303,5987,316,0,0,0,0,0,0,0,0,0,25.5877901,83.5783078
UTTAR PRADESH,Total,Ghazipur,Moped/Scooter/Motor Cycle,17798,16751,1047,0,0,0,2170,2032,138,5903,5521,382,3184,2993,191,2466,2361,105,1121,1067,54,1032,986,46,531,518,13,1391,1273,118,25.5877901,83.5783078
UTTAR PRADESH,Total,Ghazipur,Car/Jeep/Van,2718,2324,394,0,0,0,222,175,47,541,439,102,434,374,60,422,370,52,241,216,25,264,250,14,278,258,20,316,242,74,25.5877901,83.5783078
UTTAR PRADESH,Total,Ghazipur,Tempo/Autorickshaw/Taxi,2610,2049,561,0,0,0,223,154,69,883,638,245,672,533,139,352,308,44,85,72,13,96,90,6,71,69,2,228,185,43,25.5877901,83.5783078
UTTAR PRADESH,Total,Ghazipur,Bus,10381,9158,1223,0,0,0,414,324,90,974,792,182,1097,889,208,1646,1399,247,1393,1252,141,1934,1809,125,2119,1997,122,804,696,108,25.5877901,83.5783078
UTTAR PRADESH,Total,Ghazipur,Train,13109,12492,617,0,0,0,558,492,66,738,676,62,477,439,38,475,440,35,467,445,22,905,866,39,6740,6492,248,2749,2642,107,25.5877901,83.5783078
UTTAR PRADESH,Total,Ghazipur,Water transport,161,142,19,0,0,0,23,17,6,37,37,0,10,9,1,6,6,0,6,5,1,8,7,1,34,32,2,37,29,8,25.5877901,83.5783078
UTTAR PRADESH,Total,Ghazipur,Any other,1730,1559,171,0,0,0,182,151,31,504,463,41,242,226,16,142,136,6,46,44,2,69,67,2,225,223,2,320,249,71,25.5877901,83.5783078
UTTAR PRADESH,Total,Ghazipur,No travel,172772,115540,57232,172772,115540,57232,0,0,0,0,0,0,0,0,0,0,0,0,0,0,0,0,0,0,0,0,0,0,0,0,25.5877901,83.5783078
UTTAR PRADESH,Rural,Ghazipur,All Modes,274600,203668,70932,146054,94361,51693,30658,22123,8535,37973,33350,4623,25172,21050,4122,8398,7943,455,8543,8044,499,3683,3492,191,8954,8607,347,5165,4698,467,25.5877901,83.5783078
UTTAR PRADESH,Rural,Ghazipur,On foot,47199,32507,14692,0,0,0,23984,16015,7969,12490,9201,3289,10725,7291,3434,0,0,0,0,0,0,0,0,0,0,0,0,0,0,0,25.5877901,83.5783078
UTTAR PRADESH,Rural,Ghazipur,Bicycle,42348,40825,1523,0,0,0,4334,4088,246,19113,18408,705,9553,9355,198,3683,3601,82,5665,5373,292,0,0,0,0,0,0,0,0,0,25.5877901,83.5783078
UTTAR PRADESH,Rural,Ghazipur,Moped/Scooter/Motor Cycle,12555,11784,771,0,0,0,1110,1018,92,3586,3336,250,2479,2327,152,2081,1998,83,935,890,45,845,805,40,462,451,11,1057,959,98,25.5877901,83.5783078
UTTAR PRADESH,Rural,Ghazipur,Car/Jeep/Van,2191,1878,313,0,0,0,151,120,31,402,323,79,362,313,49,366,325,41,203,183,20,216,204,12,222,206,16,269,204,65,25.5877901,83.5783078
UTTAR PRADESH,Rural,Ghazipur,Tempo/Autorickshaw/Taxi,1840,1577,263,0,0,0,127,98,29,551,466,85,474,396,78,299,273,26,76,65,11,77,75,2,60,58,2,176,146,30,25.5877901,83.5783078
UTTAR PRADESH,Rural,Ghazipur,Bus,8951,7991,960,0,0,0,348,267,81,845,709,136,952,792,160,1407,1220,187,1210,1102,108,1669,1571,98,1783,1691,92,737,639,98,25.5877901,83.5783078
UTTAR PRADESH,Rural,Ghazipur,Train,11981,11413,568,0,0,0,480,416,64,645,588,57,427,392,35,425,395,30,409,389,20,807,769,38,6189,5967,222,2599,2497,102,25.5877901,83.5783078
UTTAR PRADESH,Rural,Ghazipur,Water transport,109,97,12,0,0,0,13,9,4,13,13,0,7,6,1,6,6,0,5,4,1,7,7,0,34,32,2,24,20,4,25.5877901,83.5783078
UTTAR PRADESH,Rural,Ghazipur,Any other,1372,1235,137,0,0,0,111,92,19,328,306,22,193,178,15,131,125,6,40,38,2,62,61,1,204,202,2,303,233,70,25.5877901,83.5783078
UTTAR PRADESH,Rural,Ghazipur,No travel,146054,94361,51693,146054,94361,51693,0,0,0,0,0,0,0,0,0,0,0,0,0,0,0,0,0,0,0,0,0,0,0,0,25.5877901,83.5783078
UTTAR PRADESH,Urban,Ghazipur,All Modes,56871,48495,8376,26718,21179,5539,11088,10023,1065,10192,9286,906,4362,3858,504,1043,922,121,1119,1044,75,625,583,42,1044,982,62,680,618,62,25.5877901,83.5783078
UTTAR PRADESH,Urban,Ghazipur,On foot,12876,11244,1632,0,0,0,7777,6883,894,3001,2570,431,2098,1791,307,0,0,0,0,0,0,0,0,0,0,0,0,0,0,0,25.5877901,83.5783078
UTTAR PRADESH,Urban,Ghazipur,Bicycle,7769,7572,197,0,0,0,1859,1815,44,3981,3891,90,1042,1008,34,249,244,5,638,614,24,0,0,0,0,0,0,0,0,0,25.5877901,83.5783078
UTTAR PRADESH,Urban,Ghazipur,Moped/Scooter/Motor Cycle,5243,4967,276,0,0,0,1060,1014,46,2317,2185,132,705,666,39,385,363,22,186,177,9,187,181,6,69,67,2,334,314,20,25.5877901,83.5783078
UTTAR PRADESH,Urban,Ghazipur,Car/Jeep/Van,527,446,81,0,0,0,71,55,16,139,116,23,72,61,11,56,45,11,38,33,5,48,46,2,56,52,4,47,38,9,25.5877901,83.5783078
UTTAR PRADESH,Urban,Ghazipur,Tempo/Autorickshaw/Taxi,770,472,298,0,0,0,96,56,40,332,172,160,198,137,61,53,35,18,9,7,2,19,15,4,11,11,0,52,39,13,25.5877901,83.5783078
UTTAR PRADESH,Urban,Ghazipur,Bus,1430,1167,263,0,0,0,66,57,9,129,83,46,145,97,48,239,179,60,183,150,33,265,238,27,336,306,30,67,57,10,25.5877901,83.5783078
UTTAR PRADESH,Urban,Ghazipur,Train,1128,1079,49,0,0,0,78,76,2,93,88,5,50,47,3,50,45,5,58,56,2,98,97,1,551,525,26,150,145,5,25.5877901,83.5783078
UTTAR PRADESH,Urban,Ghazipur,Water transport,52,45,7,0,0,0,10,8,2,24,24,0,3,3,0,0,0,0,1,1,0,1,0,1,0,0,0,13,9,4,25.5877901,83.5783078
UTTAR PRADESH,Urban,Ghazipur,Any other,358,324,34,0,0,0,71,59,12,176,157,19,49,48,1,11,11,0,6,6,0,7,6,1,21,21,0,17,16,1,25.5877901,83.5783078
UTTAR PRADESH,Urban,Ghazipur,No travel,26718,21179,5539,26718,21179,5539,0,0,0,0,0,0,0,0,0,0,0,0,0,0,0,0,0,0,0,0,0,0,0,0,25.5877901,83.5783078
BIHAR,Total,Kaimur (Bhabua),All Modes,92616,73646,18970,43952,31561,12391,14768,11909,2859,15055,13265,1790,9047,7740,1307,2704,2487,217,1722,1618,104,987,912,75,3193,3092,101,1188,1062,126,25.0426227,83.6055732
BIHAR,Total,Kaimur (Bhabua),On foot,23806,18792,5014,0,0,0,12163,9493,2670,7343,5967,1376,4300,3332,968,0,0,0,0,0,0,0,0,0,0,0,0,0,0,0,25.0426227,83.6055732
BIHAR,Total,Kaimur (Bhabua),Bicycle,10077,9798,279,0,0,0,1228,1176,52,4886,4767,119,2322,2279,43,790,769,21,851,807,44,0,0,0,0,0,0,0,0,0,25.0426227,83.6055732
BIHAR,Total,Kaimur (Bhabua),Moped/Scooter/Motor Cycle,4080,3786,294,0,0,0,615,581,34,1317,1216,101,836,776,60,560,526,34,216,206,10,164,151,13,120,117,3,252,213,39,25.0426227,83.6055732
BIHAR,Total,Kaimur (Bhabua),Car/Jeep/Van,1033,905,128,0,0,0,135,116,19,214,179,35,192,161,31,177,156,21,64,62,2,63,56,7,109,104,5,79,71,8,25.0426227,83.6055732
BIHAR,Total,Kaimur (Bhabua),Tempo/Autorickshaw/Taxi,685,588,97,0,0,0,60,43,17,276,243,33,160,134,26,62,52,10,33,31,2,22,22,0,18,17,1,54,46,8,25.0426227,83.6055732
BIHAR,Total,Kaimur (Bhabua),Bus,4628,4032,596,0,0,0,271,226,45,688,584,104,1049,881,168,959,835,124,435,396,39,428,390,38,585,553,32,213,167,46,25.0426227,83.6055732
BIHAR,Total,Kaimur (Bhabua),Train,3848,3715,133,0,0,0,228,212,16,211,202,9,132,127,5,113,107,6,111,104,7,284,267,17,2294,2235,59,475,461,14,25.0426227,83.6055732
BIHAR,Total,Kaimur (Bhabua),Water transport,55,50,5,0,0,0,9,8,1,4,3,1,8,6,2,2,2,0,3,3,0,1,1,0,15,15,0,13,12,1,25.0426227,83.6055732
BIHAR,Total,Kaimur (Bhabua),Any other,452,419,33,0,0,0,59,54,5,116,104,12,48,44,4,41,40,1,9,9,0,25,25,0,52,51,1,102,92,10,25.0426227,83.6055732
BIHAR,Total,Kaimur (Bhabua),No travel,43952,31561,12391,43952,31561,12391,0,0,0,0,0,0,0,0,0,0,0,0,0,0,0,0,0,0,0,0,0,0,0,0,25.0426227,83.6055732
BIHAR,Rural,Kaimur (Bhabua),All Modes,81472,63714,17758,39039,27280,11759,11686,9109,2577,13570,11906,1664,8193,6987,1206,2453,2276,177,1598,1502,96,905,834,71,2992,2904,88,1036,916,120,25.0426227,83.6055732
BIHAR,Rural,Kaimur (Bhabua),On foot,20342,15680,4662,0,0,0,9745,7321,2424,6748,5431,1317,3849,2928,921,0,0,0,0,0,0,0,0,0,0,0,0,0,0,0,25.0426227,83.6055732
BIHAR,Rural,Kaimur (Bhabua),Bicycle,9115,8857,258,0,0,0,918,875,43,4414,4305,109,2211,2169,42,763,742,21,809,766,43,0,0,0,0,0,0,0,0,0,25.0426227,83.6055732
BIHAR,Rural,Kaimur (Bhabua),Moped/Scooter/Motor Cycle,3258,2995,263,0,0,0,372,343,29,1080,992,88,691,636,55,470,440,30,190,181,9,149,136,13,119,116,3,187,151,36,25.0426227,83.6055732
BIHAR,Rural,Kaimur (Bhabua),Car/Jeep/Van,874,776,98,0,0,0,104,90,14,174,148,26,165,142,23,163,147,16,55,55,0,50,44,6,102,97,5,61,53,8,25.0426227,83.6055732
BIHAR,Rural,Kaimur (Bhabua),Tempo/Autorickshaw/Taxi,581,508,73,0,0,0,40,30,10,224,204,20,145,121,24,55,47,8,33,31,2,21,21,0,18,17,1,45,37,8,25.0426227,83.6055732
BIHAR,Rural,Kaimur (Bhabua),Bus,4224,3730,494,0,0,0,245,207,38,641,552,89,956,825,131,850,755,95,395,360,35,399,364,35,550,522,28,188,145,43,25.0426227,83.6055732
BIHAR,Rural,Kaimur (Bhabua),Train,3609,3489,120,0,0,0,206,193,13,201,192,9,125,121,4,110,104,6,106,99,7,264,247,17,2151,2101,50,446,432,14,25.0426227,83.6055732
BIHAR,Rural,Kaimur (Bhabua),Water transport,49,44,5,0,0,0,9,8,1,3,2,1,8,6,2,2,2,0,2,2,0,1,1,0,13,13,0,11,10,1,25.0426227,83.6055732
BIHAR,Rural,Kaimur (Bhabua),Any other,381,355,26,0,0,0,47,42,5,85,80,5,43,39,4,40,39,1,8,8,0,21,21,0,39,38,1,98,88,10,25.0426227,83.6055732
BIHAR,Rural,Kaimur (Bhabua),No travel,39039,27280,11759,39039,27280,11759,0,0,0,0,0,0,0,0,0,0,0,0,0,0,0,0,0,0,0,0,0,0,0,0,25.0426227,83.6055732
BIHAR,Urban,Kaimur (Bhabua),All Modes,11144,9932,1212,4913,4281,632,3082,2800,282,1485,1359,126,854,753,101,251,211,40,124,116,8,82,78,4,201,188,13,152,146,6,25.0426227,83.6055732
BIHAR,Urban,Kaimur (Bhabua),On foot,3464,3112,352,0,0,0,2418,2172,246,595,536,59,451,404,47,0,0,0,0,0,0,0,0,0,0,0,0,0,0,0,25.0426227,83.6055732
BIHAR,Urban,Kaimur (Bhabua),Bicycle,962,941,21,0,0,0,310,301,9,472,462,10,111,110,1,27,27,0,42,41,1,0,0,0,0,0,0,0,0,0,25.0426227,83.6055732
BIHAR,Urban,Kaimur (Bhabua),Moped/Scooter/Motor Cycle,822,791,31,0,0,0,243,238,5,237,224,13,145,140,5,90,86,4,26,25,1,15,15,0,1,1,0,65,62,3,25.0426227,83.6055732
BIHAR,Urban,Kaimur (Bhabua),Car/Jeep/Van,159,129,30,0,0,0,31,26,5,40,31,9,27,19,8,14,9,5,9,7,2,13,12,1,7,7,0,18,18,0,25.0426227,83.6055732
BIHAR,Urban,Kaimur (Bhabua),Tempo/Autorickshaw/Taxi,104,80,24,0,0,0,20,13,7,52,39,13,15,13,2,7,5,2,0,0,0,1,1,0,0,0,0,9,9,0,25.0426227,83.6055732
BIHAR,Urban,Kaimur (Bhabua),Bus,404,302,102,0,0,0,26,19,7,47,32,15,93,56,37,109,80,29,40,36,4,29,26,3,35,31,4,25,22,3,25.0426227,83.6055732
BIHAR,Urban,Kaimur (Bhabua),Train,239,226,13,0,0,0,22,19,3,10,10,0,7,6,1,3,3,0,5,5,0,20,20,0,143,134,9,29,29,0,25.0426227,83.6055732
BIHAR,Urban,Kaimur (Bhabua),Water transport,6,6,0,0,0,0,0,0,0,1,1,0,0,0,0,0,0,0,1,1,0,0,0,0,2,2,0,2,2,0,25.0426227,83.6055732
BIHAR,Urban,Kaimur (Bhabua),Any other,71,64,7,0,0,0,12,12,0,31,24,7,5,5,0,1,1,0,1,1,0,4,4,0,13,13,0,4,4,0,25.0426227,83.6055732
BIHAR,Urban,Kaimur (Bhabua),No travel,4913,4281,632,4913,4281,632,0,0,0,0,0,0,0,0,0,0,0,0,0,0,0,0,0,0,0,0,0,0,0,0,25.0426227,83.6055732
ODISHA,Total,Bargarh,All Modes,136884,105604,31280,45740,30138,15602,31415,23469,7946,30789,26472,4317,13636,11413,2223,6032,5573,459,4311,4003,308,1856,1696,160,2067,1902,165,1038,938,100,21.3425839,83.624201
ODISHA,Total,Bargarh,On foot,30890,19197,11693,0,0,0,19356,11961,7395,7287,4499,2788,4247,2737,1510,0,0,0,0,0,0,0,0,0,0,0,0,0,0,0,21.3425839,83.624201
ODISHA,Total,Bargarh,Bicycle,34974,33373,1601,0,0,0,8181,7853,328,16264,15477,787,5723,5430,293,2550,2453,97,2256,2160,96,0,0,0,0,0,0,0,0,0,21.3425839,83.624201
ODISHA,Total,Bargarh,Moped/Scooter/Motor Cycle,17093,16130,963,0,0,0,3342,3210,132,5722,5331,391,2807,2614,193,2292,2181,111,1091,1045,46,759,737,22,413,391,22,667,621,46,21.3425839,83.624201
ODISHA,Total,Bargarh,Car/Jeep/Van,1137,1020,117,0,0,0,123,101,22,217,199,18,158,134,24,187,167,20,127,113,14,132,127,5,119,114,5,74,65,9,21.3425839,83.624201
ODISHA,Total,Bargarh,Tempo/Autorickshaw/Taxi,586,449,137,0,0,0,58,41,17,211,140,71,119,97,22,58,49,9,34,27,7,39,38,1,31,29,2,36,28,8,21.3425839,83.624201
ODISHA,Total,Bargarh,Bus,4385,3457,928,0,0,0,90,66,24,282,153,129,441,276,165,847,638,209,750,613,137,850,724,126,1003,887,116,122,100,22,21.3425839,83.624201
ODISHA,Total,Bargarh,Train,1005,934,71,0,0,0,157,142,15,186,175,11,63,55,8,32,28,4,10,6,4,52,47,5,418,403,15,87,78,9,21.3425839,83.624201
ODISHA,Total,Bargarh,Water transport,376,270,106,0,0,0,33,27,6,316,218,98,3,3,0,3,3,0,3,2,1,2,2,0,10,10,0,6,5,1,21.3425839,83.624201
ODISHA,Total,Bargarh,Any other,698,636,62,0,0,0,75,68,7,304,280,24,75,67,8,63,54,9,40,37,3,22,21,1,73,68,5,46,41,5,21.3425839,83.624201
ODISHA,Total,Bargarh,No travel,45740,30138,15602,45740,30138,15602,0,0,0,0,0,0,0,0,0,0,0,0,0,0,0,0,0,0,0,0,0,0,0,0,21.3425839,83.624201
ODISHA,Rural,Bargarh,All Modes,92474,69455,23019,34863,22915,11948,17994,12338,5656,18687,15673,3014,9979,8451,1528,4761,4416,345,2837,2603,234,1376,1247,129,1488,1371,117,489,441,48,21.3425839,83.624201
ODISHA,Rural,Bargarh,On foot,20724,12368,8356,0,0,0,13076,7715,5361,5051,3051,2000,2597,1602,995,0,0,0,0,0,0,0,0,0,0,0,0,0,0,0,21.3425839,83.624201
ODISHA,Rural,Bargarh,Bicycle,22510,21249,1261,0,0,0,3645,3434,211,10363,9744,619,4887,4621,266,2284,2193,91,1331,1257,74,0,0,0,0,0,0,0,0,0,21.3425839,83.624201
ODISHA,Rural,Bargarh,Moped/Scooter/Motor Cycle,9036,8502,534,0,0,0,1022,980,42,2408,2220,188,1970,1846,124,1707,1618,89,807,764,43,557,539,18,302,287,15,263,248,15,21.3425839,83.624201
ODISHA,Rural,Bargarh,Car/Jeep/Van,590,525,65,0,0,0,50,41,9,104,92,12,91,75,16,101,90,11,77,71,6,71,68,3,54,50,4,42,38,4,21.3425839,83.624201
ODISHA,Rural,Bargarh,Tempo/Autorickshaw/Taxi,264,224,40,0,0,0,18,18,0,80,66,14,41,36,5,44,35,9,25,18,7,23,23,0,14,14,0,19,14,5,21.3425839,83.624201
ODISHA,Rural,Bargarh,Bus,3123,2508,615,0,0,0,50,38,12,149,87,62,286,176,110,557,423,134,568,471,97,681,577,104,748,667,81,84,69,15,21.3425839,83.624201
ODISHA,Rural,Bargarh,Train,618,566,52,0,0,0,67,57,10,104,96,8,46,38,8,24,21,3,7,4,3,24,21,3,300,288,12,46,41,5,21.3425839,83.624201
ODISHA,Rural,Bargarh,Water transport,371,265,106,0,0,0,33,27,6,314,216,98,3,3,0,3,3,0,3,2,1,2,2,0,9,9,0,4,3,1,21.3425839,83.624201
ODISHA,Rural,Bargarh,Any other,375,333,42,0,0,0,33,28,5,114,101,13,58,54,4,41,33,8,19,16,3,18,17,1,61,56,5,31,28,3,21.3425839,83.624201
ODISHA,Rural,Bargarh,No travel,34863,22915,11948,34863,22915,11948,0,0,0,0,0,0,0,0,0,0,0,0,0,0,0,0,0,0,0,0,0,0,0,0,21.3425839,83.624201
ODISHA,Urban,Bargarh,All Modes,44410,36149,8261,10877,7223,3654,13421,11131,2290,12102,10799,1303,3657,2962,695,1271,1157,114,1474,1400,74,480,449,31,579,531,48,549,497,52,21.3425839,83.624201
ODISHA,Urban,Bargarh,On foot,10166,6829,3337,0,0,0,6280,4246,2034,2236,1448,788,1650,1135,515,0,0,0,0,0,0,0,0,0,0,0,0,0,0,0,21.3425839,83.624201
ODISHA,Urban,Bargarh,Bicycle,12464,12124,340,0,0,0,4536,4419,117,5901,5733,168,836,809,27,266,260,6,925,903,22,0,0,0,0,0,0,0,0,0,21.3425839,83.624201
ODISHA,Urban,Bargarh,Moped/Scooter/Motor Cycle,8057,7628,429,0,0,0,2320,2230,90,3314,3111,203,837,768,69,585,563,22,284,281,3,202,198,4,111,104,7,404,373,31,21.3425839,83.624201
ODISHA,Urban,Bargarh,Car/Jeep/Van,547,495,52,0,0,0,73,60,13,113,107,6,67,59,8,86,77,9,50,42,8,61,59,2,65,64,1,32,27,5,21.3425839,83.624201
ODISHA,Urban,Bargarh,Tempo/Autorickshaw/Taxi,322,225,97,0,0,0,40,23,17,131,74,57,78,61,17,14,14,0,9,9,0,16,15,1,17,15,2,17,14,3,21.3425839,83.624201
ODISHA,Urban,Bargarh,Bus,1262,949,313,0,0,0,40,28,12,133,66,67,155,100,55,290,215,75,182,142,40,169,147,22,255,220,35,38,31,7,21.3425839,83.624201
ODISHA,Urban,Bargarh,Train,387,368,19,0,0,0,90,85,5,82,79,3,17,17,0,8,7,1,3,2,1,28,26,2,118,115,3,41,37,4,21.3425839,83.624201
ODISHA,Urban,Bargarh,Water transport,5,5,0,0,0,0,0,0,0,2,2,0,0,0,0,0,0,0,0,0,0,0,0,0,1,1,0,2,2,0,21.3425839,83.624201
ODISHA,Urban,Bargarh,Any other,323,303,20,0,0,0,42,40,2,190,179,11,17,13,4,22,21,1,21,21,0,4,4,0,12,12,0,15,13,2,21.3425839,83.624201
ODISHA,Urban,Bargarh,No travel,10877,7223,3654,10877,7223,3654,0,0,0,0,0,0,0,0,0,0,0,0,0,0,0,0,0,0,0,0,0,0,0,0,21.3425839,83.624201
UTTAR PRADESH,Total,Deoria,All Modes,296575,236482,60093,136004,93304,42700,39809,32318,7491,48763,44369,4394,31642,28236,3406,11252,10709,543,8985,8456,529,4588,4316,272,10108,9723,385,5424,5051,373,26.5024286,83.7791283
UTTAR PRADESH,Total,Deoria,On foot,52446,40509,11937,0,0,0,29161,22296,6865,13716,11032,2684,9569,7181,2388,0,0,0,0,0,0,0,0,0,0,0,0,0,0,0,26.5024286,83.7791283
UTTAR PRADESH,Total,Deoria,Bicycle,54940,53433,1507,0,0,0,6294,6033,261,24050,23410,640,14512,14233,279,4978,4895,83,5106,4862,244,0,0,0,0,0,0,0,0,0,26.5024286,83.7791283
UTTAR PRADESH,Total,Deoria,Moped/Scooter/Motor Cycle,21954,20826,1128,0,0,0,2934,2789,145,7428,6992,436,4046,3834,212,2933,2812,121,1413,1355,58,1256,1218,38,721,690,31,1223,1136,87,26.5024286,83.7791283
UTTAR PRADESH,Total,Deoria,Car/Jeep/Van,3274,2822,452,0,0,0,261,217,44,643,539,104,563,463,100,564,500,64,390,350,40,327,293,34,250,232,18,276,228,48,26.5024286,83.7791283
UTTAR PRADESH,Total,Deoria,Tempo/Autorickshaw/Taxi,4940,3915,1025,0,0,0,236,174,62,1359,971,388,1395,1083,312,964,828,136,354,325,29,265,249,16,109,96,13,258,189,69,26.5024286,83.7791283
UTTAR PRADESH,Total,Deoria,Bus,6850,6208,642,0,0,0,210,175,35,617,551,66,845,767,78,1034,923,111,1035,936,99,1290,1177,113,1453,1353,100,366,326,40,26.5024286,83.7791283
UTTAR PRADESH,Total,Deoria,Train,14802,14199,603,0,0,0,551,502,49,656,606,50,515,495,20,700,673,27,648,593,55,1397,1328,69,7420,7200,220,2915,2802,113,26.5024286,83.7791283
UTTAR PRADESH,Total,Deoria,Water transport,185,171,14,0,0,0,28,22,6,23,22,1,15,15,0,9,9,0,3,3,0,10,9,1,43,43,0,54,48,6,26.5024286,83.7791283
UTTAR PRADESH,Total,Deoria,Any other,1180,1095,85,0,0,0,134,110,24,271,246,25,182,165,17,70,69,1,36,32,4,43,42,1,112,109,3,332,322,10,26.5024286,83.7791283
UTTAR PRADESH,Total,Deoria,No travel,136004,93304,42700,136004,93304,42700,0,0,0,0,0,0,0,0,0,0,0,0,0,0,0,0,0,0,0,0,0,0,0,0,26.5024286,83.7791283
UTTAR PRADESH,Rural,Deoria,All Modes,232193,180739,51454,111684,73810,37874,24929,18826,6103,36668,33327,3341,26061,23397,2664,9481,9102,379,7338,6948,390,3535,3358,177,8104,7863,241,4393,4108,285,26.5024286,83.7791283
UTTAR PRADESH,Rural,Deoria,On foot,35338,25525,9813,0,0,0,18217,12545,5672,9998,7817,2181,7123,5163,1960,0,0,0,0,0,0,0,0,0,0,0,0,0,0,0,26.5024286,83.7791283
UTTAR PRADESH,Rural,Deoria,Bicycle,46273,45025,1248,0,0,0,4436,4243,193,19831,19303,528,13218,12974,244,4371,4301,70,4417,4204,213,0,0,0,0,0,0,0,0,0,26.5024286,83.7791283
UTTAR PRADESH,Rural,Deoria,Moped/Scooter/Motor Cycle,14202,13473,729,0,0,0,1249,1171,78,4268,4010,258,3005,2860,145,2315,2224,91,1050,1003,47,955,926,29,517,495,22,843,784,59,26.5024286,83.7791283
UTTAR PRADESH,Rural,Deoria,Car/Jeep/Van,2302,2007,295,0,0,0,144,118,26,404,335,69,421,355,66,449,405,44,274,254,20,229,206,23,168,160,8,213,174,39,26.5024286,83.7791283
UTTAR PRADESH,Rural,Deoria,Tempo/Autorickshaw/Taxi,3697,3077,620,0,0,0,177,134,43,893,678,215,1020,839,181,798,706,92,297,279,18,225,213,12,89,81,8,198,147,51,26.5024286,83.7791283
UTTAR PRADESH,Rural,Deoria,Bus,5483,5081,402,0,0,0,162,137,25,510,468,42,686,638,48,869,802,67,787,730,57,1017,948,69,1159,1095,64,293,263,30,26.5024286,83.7791283
UTTAR PRADESH,Rural,Deoria,Train,12156,11746,410,0,0,0,436,393,43,570,532,38,446,432,14,610,596,14,479,448,31,1065,1022,43,6038,5902,136,2512,2421,91,26.5024286,83.7791283
UTTAR PRADESH,Rural,Deoria,Water transport,141,129,12,0,0,0,18,13,5,19,18,1,12,12,0,6,6,0,2,2,0,7,7,0,33,33,0,44,38,6,26.5024286,83.7791283
UTTAR PRADESH,Rural,Deoria,Any other,917,866,51,0,0,0,90,72,18,175,166,9,130,124,6,63,62,1,32,28,4,37,36,1,100,97,3,290,281,9,26.5024286,83.7791283
UTTAR PRADESH,Rural,Deoria,No travel,111684,73810,37874,111684,73810,37874,0,0,0,0,0,0,0,0,0,0,0,0,0,0,0,0,0,0,0,0,0,0,0,0,26.5024286,83.7791283
UTTAR PRADESH,Urban,Deoria,All Modes,64382,55743,8639,24320,19494,4826,14880,13492,1388,12095,11042,1053,5581,4839,742,1771,1607,164,1647,1508,139,1053,958,95,2004,1860,144,1031,943,88,26.5024286,83.7791283
UTTAR PRADESH,Urban,Deoria,On foot,17108,14984,2124,0,0,0,10944,9751,1193,3718,3215,503,2446,2018,428,0,0,0,0,0,0,0,0,0,0,0,0,0,0,0,26.5024286,83.7791283
UTTAR PRADESH,Urban,Deoria,Bicycle,8667,8408,259,0,0,0,1858,1790,68,4219,4107,112,1294,1259,35,607,594,13,689,658,31,0,0,0,0,0,0,0,0,0,26.5024286,83.7791283
UTTAR PRADESH,Urban,Deoria,Moped/Scooter/Motor Cycle,7752,7353,399,0,0,0,1685,1618,67,3160,2982,178,1041,974,67,618,588,30,363,352,11,301,292,9,204,195,9,380,352,28,26.5024286,83.7791283
UTTAR PRADESH,Urban,Deoria,Car/Jeep/Van,972,815,157,0,0,0,117,99,18,239,204,35,142,108,34,115,95,20,116,96,20,98,87,11,82,72,10,63,54,9,26.5024286,83.7791283
UTTAR PRADESH,Urban,Deoria,Tempo/Autorickshaw/Taxi,1243,838,405,0,0,0,59,40,19,466,293,173,375,244,131,166,122,44,57,46,11,40,36,4,20,15,5,60,42,18,26.5024286,83.7791283
UTTAR PRADESH,Urban,Deoria,Bus,1367,1127,240,0,0,0,48,38,10,107,83,24,159,129,30,165,121,44,248,206,42,273,229,44,294,258,36,73,63,10,26.5024286,83.7791283
UTTAR PRADESH,Urban,Deoria,Train,2646,2453,193,0,0,0,115,109,6,86,74,12,69,63,6,90,77,13,169,145,24,332,306,26,1382,1298,84,403,381,22,26.5024286,83.7791283
UTTAR PRADESH,Urban,Deoria,Water transport,44,42,2,0,0,0,10,9,1,4,4,0,3,3,0,3,3,0,1,1,0,3,2,1,10,10,0,10,10,0,26.5024286,83.7791283
UTTAR PRADESH,Urban,Deoria,Any other,263,229,34,0,0,0,44,38,6,96,80,16,52,41,11,7,7,0,4,4,0,6,6,0,12,12,0,42,41,1,26.5024286,83.7791283
UTTAR PRADESH,Urban,Deoria,No travel,24320,19494,4826,24320,19494,4826,0,0,0,0,0,0,0,0,0,0,0,0,0,0,0,0,0,0,0,0,0,0,0,0,26.5024286,83.7791283
JHARKHAND,Total,Garhwa,All Modes,114710,91854,22856,34460,22967,11493,20700,16016,4684,30010,25791,4219,13107,11558,1549,4211,3929,282,1799,1713,86,1892,1767,125,7990,7599,391,541,514,27,24.1548982,83.7995617
JHARKHAND,Total,Garhwa,On foot,37515,28447,9068,0,0,0,17204,12756,4448,16517,12955,3562,3794,2736,1058,0,0,0,0,0,0,0,0,0,0,0,0,0,0,0,24.1548982,83.7995617
JHARKHAND,Total,Garhwa,Bicycle,15757,15389,368,0,0,0,1469,1422,47,8048,7838,210,4811,4732,79,999,981,18,430,416,14,0,0,0,0,0,0,0,0,0,24.1548982,83.7995617
JHARKHAND,Total,Garhwa,Moped/Scooter/Motor Cycle,7147,6810,337,0,0,0,1104,1042,62,2936,2799,137,1204,1134,70,876,841,35,407,395,12,369,358,11,188,180,8,63,61,2,24.1548982,83.7995617
JHARKHAND,Total,Garhwa,Car/Jeep/Van,1332,1230,102,0,0,0,144,129,15,309,275,34,284,263,21,213,200,13,120,110,10,131,126,5,114,110,4,17,17,0,24.1548982,83.7995617
JHARKHAND,Total,Garhwa,Tempo/Autorickshaw/Taxi,4292,3695,597,0,0,0,320,265,55,1263,1070,193,1773,1534,239,610,525,85,144,135,9,100,93,7,57,53,4,25,20,5,24.1548982,83.7995617
JHARKHAND,Total,Garhwa,Bus,6220,5742,478,0,0,0,187,165,22,468,424,44,875,812,63,1266,1152,114,594,555,39,879,809,70,1905,1782,123,46,43,3,24.1548982,83.7995617
JHARKHAND,Total,Garhwa,Train,7275,6899,376,0,0,0,214,187,27,311,276,35,171,163,8,136,127,9,91,89,2,389,357,32,5600,5351,249,363,349,14,24.1548982,83.7995617
JHARKHAND,Total,Garhwa,Water transport,36,33,3,0,0,0,7,6,1,0,0,0,2,1,1,3,2,1,0,0,0,2,2,0,19,19,0,3,3,0,24.1548982,83.7995617
JHARKHAND,Total,Garhwa,Any other,676,642,34,0,0,0,51,44,7,158,154,4,193,183,10,108,101,7,13,13,0,22,22,0,107,104,3,24,21,3,24.1548982,83.7995617
JHARKHAND,Total,Garhwa,No travel,34460,22967,11493,34460,22967,11493,0,0,0,0,0,0,0,0,0,0,0,0,0,0,0,0,0,0,0,0,0,0,0,0,24.1548982,83.7995617
JHARKHAND,Rural,Garhwa,All Modes,101098,79597,21501,31185,20133,11052,16920,12590,4330,25737,21921,3816,12349,10869,1480,3752,3504,248,1566,1499,67,1615,1502,113,7463,7093,370,511,486,25,24.1548982,83.7995617
JHARKHAND,Rural,Garhwa,On foot,32616,24173,8443,0,0,0,14249,10119,4130,14747,11467,3280,3620,2587,1033,0,0,0,0,0,0,0,0,0,0,0,0,0,0,0,24.1548982,83.7995617
JHARKHAND,Rural,Garhwa,Bicycle,14306,13950,356,0,0,0,1256,1210,46,7066,6864,202,4627,4549,78,952,935,17,405,392,13,0,0,0,0,0,0,0,0,0,24.1548982,83.7995617
JHARKHAND,Rural,Garhwa,Moped/Scooter/Motor Cycle,5031,4759,272,0,0,0,653,602,51,1846,1740,106,1025,964,61,724,696,28,308,299,9,269,261,8,153,146,7,53,51,2,24.1548982,83.7995617
JHARKHAND,Rural,Garhwa,Car/Jeep/Van,1027,950,77,0,0,0,86,76,10,213,188,25,255,235,20,172,162,10,97,91,6,102,99,3,87,84,3,15,15,0,24.1548982,83.7995617
JHARKHAND,Rural,Garhwa,Tempo/Autorickshaw/Taxi,3797,3307,490,0,0,0,273,231,42,1012,881,131,1666,1447,219,562,486,76,130,123,7,82,76,6,52,48,4,20,15,5,24.1548982,83.7995617
JHARKHAND,Rural,Garhwa,Bus,5706,5277,429,0,0,0,162,142,20,425,390,35,822,770,52,1138,1032,106,533,503,30,786,721,65,1794,1676,118,46,43,3,24.1548982,83.7995617
JHARKHAND,Rural,Garhwa,Train,6798,6447,351,0,0,0,189,166,23,284,250,34,154,147,7,124,117,7,83,81,2,354,323,31,5259,5024,235,351,339,12,24.1548982,83.7995617
JHARKHAND,Rural,Garhwa,Water transport,33,30,3,0,0,0,6,5,1,0,0,0,2,1,1,2,1,1,0,0,0,2,2,0,18,18,0,3,3,0,24.1548982,83.7995617
JHARKHAND,Rural,Garhwa,Any other,599,571,28,0,0,0,46,39,7,144,141,3,178,169,9,78,75,3,10,10,0,20,20,0,100,97,3,23,20,3,24.1548982,83.7995617
JHARKHAND,Rural,Garhwa,No travel,31185,20133,11052,31185,20133,11052,0,0,0,0,0,0,0,0,0,0,0,0,0,0,0,0,0,0,0,0,0,0,0,0,24.1548982,83.7995617
JHARKHAND,Urban,Garhwa,All Modes,13612,12257,1355,3275,2834,441,3780,3426,354,4273,3870,403,758,689,69,459,425,34,233,214,19,277,265,12,527,506,21,30,28,2,24.1548982,83.7995617
JHARKHAND,Urban,Garhwa,On foot,4899,4274,625,0,0,0,2955,2637,318,1770,1488,282,174,149,25,0,0,0,0,0,0,0,0,0,0,0,0,0,0,0,24.1548982,83.7995617
JHARKHAND,Urban,Garhwa,Bicycle,1451,1439,12,0,0,0,213,212,1,982,974,8,184,183,1,47,46,1,25,24,1,0,0,0,0,0,0,0,0,0,24.1548982,83.7995617
JHARKHAND,Urban,Garhwa,Moped/Scooter/Motor Cycle,2116,2051,65,0,0,0,451,440,11,1090,1059,31,179,170,9,152,145,7,99,96,3,100,97,3,35,34,1,10,10,0,24.1548982,83.7995617
JHARKHAND,Urban,Garhwa,Car/Jeep/Van,305,280,25,0,0,0,58,53,5,96,87,9,29,28,1,41,38,3,23,19,4,29,27,2,27,26,1,2,2,0,24.1548982,83.7995617
JHARKHAND,Urban,Garhwa,Tempo/Autorickshaw/Taxi,495,388,107,0,0,0,47,34,13,251,189,62,107,87,20,48,39,9,14,12,2,18,17,1,5,5,0,5,5,0,24.1548982,83.7995617
JHARKHAND,Urban,Garhwa,Bus,514,465,49,0,0,0,25,23,2,43,34,9,53,42,11,128,120,8,61,52,9,93,88,5,111,106,5,0,0,0,24.1548982,83.7995617
JHARKHAND,Urban,Garhwa,Train,477,452,25,0,0,0,25,21,4,27,26,1,17,16,1,12,10,2,8,8,0,35,34,1,341,327,14,12,10,2,24.1548982,83.7995617
JHARKHAND,Urban,Garhwa,Water transport,3,3,0,0,0,0,1,1,0,0,0,0,0,0,0,1,1,0,0,0,0,0,0,0,1,1,0,0,0,0,24.1548982,83.7995617
JHARKHAND,Urban,Garhwa,Any other,77,71,6,0,0,0,5,5,0,14,13,1,15,14,1,30,26,4,3,3,0,2,2,0,7,7,0,1,1,0,24.1548982,83.7995617
JHARKHAND,Urban,Garhwa,No travel,3275,2834,441,3275,2834,441,0,0,0,0,0,0,0,0,0,0,0,0,0,0,0,0,0,0,0,0,0,0,0,0,24.1548982,83.7995617
UTTAR PRADESH,Total,Kushinagar,All Modes,265850,196106,69744,147114,94133,52981,28272,21360,6912,33069,29740,3329,25061,20469,4592,6890,6523,367,10482,9738,744,2919,2773,146,6105,5881,224,5938,5489,449,26.7398787,83.8869698
UTTAR PRADESH,Total,Kushinagar,On foot,41571,29396,12175,0,0,0,19533,13477,6056,9419,7296,2123,12619,8623,3996,0,0,0,0,0,0,0,0,0,0,0,0,0,0,0,26.7398787,83.8869698
UTTAR PRADESH,Total,Kushinagar,Bicycle,42472,40395,2077,0,0,0,5319,4893,426,17286,16635,651,8116,7853,263,3210,3097,113,8541,7917,624,0,0,0,0,0,0,0,0,0,26.7398787,83.8869698
UTTAR PRADESH,Total,Kushinagar,Moped/Scooter/Motor Cycle,14934,13983,951,0,0,0,2037,1862,175,4052,3771,281,2515,2380,135,2038,1930,108,947,903,44,1025,985,40,565,548,17,1755,1604,151,26.7398787,83.8869698
UTTAR PRADESH,Total,Kushinagar,Car/Jeep/Van,2198,1898,300,0,0,0,227,164,63,395,339,56,325,280,45,279,249,30,171,158,13,232,213,19,200,189,11,369,306,63,26.7398787,83.8869698
UTTAR PRADESH,Total,Kushinagar,Tempo/Autorickshaw/Taxi,2867,2499,368,0,0,0,228,176,52,655,541,114,529,451,78,399,358,41,212,197,15,398,381,17,140,132,8,306,263,43,26.7398787,83.8869698
UTTAR PRADESH,Total,Kushinagar,Bus,4951,4569,382,0,0,0,295,242,53,485,435,50,559,512,47,632,576,56,421,384,37,895,844,51,1081,1031,50,583,545,38,26.7398787,83.8869698
UTTAR PRADESH,Total,Kushinagar,Train,8823,8387,436,0,0,0,542,466,76,599,557,42,301,286,15,273,257,16,167,158,9,346,328,18,3993,3861,132,2602,2474,128,26.7398787,83.8869698
UTTAR PRADESH,Total,Kushinagar,Water transport,76,69,7,0,0,0,9,8,1,10,8,2,1,1,0,2,2,0,0,0,0,4,4,0,15,15,0,35,31,4,26.7398787,83.8869698
UTTAR PRADESH,Total,Kushinagar,Any other,844,777,67,0,0,0,82,72,10,168,158,10,96,83,13,57,54,3,23,21,2,19,18,1,111,105,6,288,266,22,26.7398787,83.8869698
UTTAR PRADESH,Total,Kushinagar,No travel,147114,94133,52981,147114,94133,52981,0,0,0,0,0,0,0,0,0,0,0,0,0,0,0,0,0,0,0,0,0,0,0,0,26.7398787,83.8869698
UTTAR PRADESH,Rural,Kushinagar,All Modes,236462,171011,65451,131003,81187,49816,22531,16091,6440,29611,26597,3014,23111,18716,4395,6498,6163,335,9882,9175,707,2651,2527,124,5771,5563,208,5404,4992,412,26.7398787,83.8869698
UTTAR PRADESH,Rural,Kushinagar,On foot,34895,23396,11499,0,0,0,15375,9723,5652,8188,6206,1982,11332,7467,3865,0,0,0,0,0,0,0,0,0,0,0,0,0,0,0,26.7398787,83.8869698
UTTAR PRADESH,Rural,Kushinagar,Bicycle,39811,37838,1973,0,0,0,4607,4202,405,16059,15458,601,7887,7634,253,3140,3028,112,8118,7516,602,0,0,0,0,0,0,0,0,0,26.7398787,83.8869698
UTTAR PRADESH,Rural,Kushinagar,Moped/Scooter/Motor Cycle,12342,11532,810,0,0,0,1305,1152,153,3240,3019,221,2197,2087,110,1845,1746,99,849,812,37,899,863,36,512,495,17,1495,1358,137,26.7398787,83.8869698
UTTAR PRADESH,Rural,Kushinagar,Car/Jeep/Van,1910,1647,263,0,0,0,187,131,56,351,303,48,289,251,38,242,216,26,140,130,10,198,181,17,169,159,10,334,276,58,26.7398787,83.8869698
UTTAR PRADESH,Rural,Kushinagar,Tempo/Autorickshaw/Taxi,2609,2325,284,0,0,0,196,156,40,571,499,72,490,425,65,365,331,34,201,188,13,379,365,14,128,122,6,279,239,40,26.7398787,83.8869698
UTTAR PRADESH,Rural,Kushinagar,Bus,4499,4174,325,0,0,0,265,215,50,453,416,37,526,489,37,585,537,48,386,351,35,817,775,42,954,912,42,513,479,34,26.7398787,83.8869698
UTTAR PRADESH,Rural,Kushinagar,Train,8521,8107,414,0,0,0,518,443,75,579,537,42,297,282,15,262,249,13,166,157,9,335,321,14,3887,3758,129,2477,2360,117,26.7398787,83.8869698
UTTAR PRADESH,Rural,Kushinagar,Water transport,73,66,7,0,0,0,6,5,1,10,8,2,1,1,0,2,2,0,0,0,0,4,4,0,15,15,0,35,31,4,26.7398787,83.8869698
UTTAR PRADESH,Rural,Kushinagar,Any other,799,739,60,0,0,0,72,64,8,160,151,9,92,80,12,57,54,3,22,21,1,19,18,1,106,102,4,271,249,22,26.7398787,83.8869698
UTTAR PRADESH,Rural,Kushinagar,No travel,131003,81187,49816,131003,81187,49816,0,0,0,0,0,0,0,0,0,0,0,0,0,0,0,0,0,0,0,0,0,0,0,0,26.7398787,83.8869698
UTTAR PRADESH,Urban,Kushinagar,All Modes,29388,25095,4293,16111,12946,3165,5741,5269,472,3458,3143,315,1950,1753,197,392,360,32,600,563,37,268,246,22,334,318,16,534,497,37,26.7398787,83.8869698
UTTAR PRADESH,Urban,Kushinagar,On foot,6676,6000,676,0,0,0,4158,3754,404,1231,1090,141,1287,1156,131,0,0,0,0,0,0,0,0,0,0,0,0,0,0,0,26.7398787,83.8869698
UTTAR PRADESH,Urban,Kushinagar,Bicycle,2661,2557,104,0,0,0,712,691,21,1227,1177,50,229,219,10,70,69,1,423,401,22,0,0,0,0,0,0,0,0,0,26.7398787,83.8869698
UTTAR PRADESH,Urban,Kushinagar,Moped/Scooter/Motor Cycle,2592,2451,141,0,0,0,732,710,22,812,752,60,318,293,25,193,184,9,98,91,7,126,122,4,53,53,0,260,246,14,26.7398787,83.8869698
UTTAR PRADESH,Urban,Kushinagar,Car/Jeep/Van,288,251,37,0,0,0,40,33,7,44,36,8,36,29,7,37,33,4,31,28,3,34,32,2,31,30,1,35,30,5,26.7398787,83.8869698
UTTAR PRADESH,Urban,Kushinagar,Tempo/Autorickshaw/Taxi,258,174,84,0,0,0,32,20,12,84,42,42,39,26,13,34,27,7,11,9,2,19,16,3,12,10,2,27,24,3,26.7398787,83.8869698
UTTAR PRADESH,Urban,Kushinagar,Bus,452,395,57,0,0,0,30,27,3,32,19,13,33,23,10,47,39,8,35,33,2,78,69,9,127,119,8,70,66,4,26.7398787,83.8869698
UTTAR PRADESH,Urban,Kushinagar,Train,302,280,22,0,0,0,24,23,1,20,20,0,4,4,0,11,8,3,1,1,0,11,7,4,106,103,3,125,114,11,26.7398787,83.8869698
UTTAR PRADESH,Urban,Kushinagar,Water transport,3,3,0,0,0,0,3,3,0,0,0,0,0,0,0,0,0,0,0,0,0,0,0,0,0,0,0,0,0,0,26.7398787,83.8869698
UTTAR PRADESH,Urban,Kushinagar,Any other,45,38,7,0,0,0,10,8,2,8,7,1,4,3,1,0,0,0,1,0,1,0,0,0,5,3,2,17,17,0,26.7398787,83.8869698
UTTAR PRADESH,Urban,Kushinagar,No travel,16111,12946,3165,16111,12946,3165,0,0,0,0,0,0,0,0,0,0,0,0,0,0,0,0,0,0,0,0,0,0,0,0,26.7398787,83.8869698
ANDHRA PRADESH,Total,Srikakulam,All Modes,389659,294922,94737,132204,92095,40109,72334,49742,22592,76378,59857,16521,46602,38446,8156,24142,20868,3274,12050,10451,1599,8800,7695,1105,13926,12802,1124,3223,2966,257,18.294846,83.8937761
ANDHRA PRADESH,Total,Srikakulam,On foot,102282,64245,38037,0,0,0,57481,35920,21561,32067,19770,12297,12734,8555,4179,0,0,0,0,0,0,0,0,0,0,0,0,0,0,0,18.294846,83.8937761
ANDHRA PRADESH,Total,Srikakulam,Bicycle,46593,45310,1283,0,0,0,6498,6281,217,22532,21905,627,11407,11140,267,3802,3726,76,2354,2258,96,0,0,0,0,0,0,0,0,0,18.294846,83.8937761
ANDHRA PRADESH,Total,Srikakulam,Moped/Scooter/Motor Cycle,29267,27819,1448,0,0,0,4773,4564,209,9661,9096,565,6268,5936,332,4674,4471,203,1586,1525,61,1135,1105,30,601,588,13,569,534,35,18.294846,83.8937761
ANDHRA PRADESH,Total,Srikakulam,Car/Jeep/Van,2922,2601,321,0,0,0,317,262,55,642,555,87,518,453,65,465,426,39,212,196,16,292,271,21,389,363,26,87,75,12,18.294846,83.8937761
ANDHRA PRADESH,Total,Srikakulam,Tempo/Autorickshaw/Taxi,14981,10643,4338,0,0,0,692,450,242,4318,2695,1623,4335,3138,1197,3082,2455,627,1448,1064,384,544,391,153,327,282,45,235,168,67,18.294846,83.8937761
ANDHRA PRADESH,Total,Srikakulam,Bus,37488,29355,8133,0,0,0,810,590,220,4074,2891,1183,8122,6122,2000,9683,7416,2267,4867,3885,982,4767,3908,859,4695,4152,543,470,391,79,18.294846,83.8937761
ANDHRA PRADESH,Total,Srikakulam,Train,10028,9237,791,0,0,0,319,268,51,544,477,67,436,365,71,326,302,24,211,185,26,473,443,30,6594,6123,471,1125,1074,51,18.294846,83.8937761
ANDHRA PRADESH,Total,Srikakulam,Water transport,11738,11584,154,0,0,0,1204,1189,15,1930,1895,35,2411,2390,21,1858,1836,22,1262,1244,18,1466,1456,10,1037,1017,20,570,557,13,18.294846,83.8937761
ANDHRA PRADESH,Total,Srikakulam,Any other,2156,2033,123,0,0,0,240,218,22,610,573,37,371,347,24,252,236,16,110,94,16,123,121,2,283,277,6,167,167,0,18.294846,83.8937761
ANDHRA PRADESH,Total,Srikakulam,No travel,132204,92095,40109,132204,92095,40109,0,0,0,0,0,0,0,0,0,0,0,0,0,0,0,0,0,0,0,0,0,0,0,0,18.294846,83.8937761
ANDHRA PRADESH,Rural,Srikakulam,All Modes,263131,196745,66386,99797,68748,31049,38430,25496,12934,44310,33157,11153,34715,28729,5986,18363,15959,2404,8652,7503,1149,6299,5553,746,10308,9504,804,2257,2096,161,18.294846,83.8937761
ANDHRA PRADESH,Rural,Srikakulam,On foot,63379,38920,24459,0,0,0,32944,20463,12481,21075,12246,8829,9360,6211,3149,0,0,0,0,0,0,0,0,0,0,0,0,0,0,0,18.294846,83.8937761
ANDHRA PRADESH,Rural,Srikakulam,Bicycle,27400,26635,765,0,0,0,2011,1904,107,11873,11543,330,9061,8852,209,3131,3071,60,1324,1265,59,0,0,0,0,0,0,0,0,0,18.294846,83.8937761
ANDHRA PRADESH,Rural,Srikakulam,Moped/Scooter/Motor Cycle,13405,12773,632,0,0,0,1137,1087,50,3281,3075,206,3656,3490,166,2988,2853,135,1021,986,35,703,680,23,391,384,7,228,218,10,18.294846,83.8937761
ANDHRA PRADESH,Rural,Srikakulam,Car/Jeep/Van,1389,1228,161,0,0,0,77,65,12,221,184,37,256,207,49,291,268,23,136,125,11,159,150,9,201,188,13,48,41,7,18.294846,83.8937761
ANDHRA PRADESH,Rural,Srikakulam,Tempo/Autorickshaw/Taxi,11616,8458,3158,0,0,0,336,238,98,2698,1779,919,3624,2625,999,2748,2191,557,1346,975,371,454,315,139,273,232,41,137,103,34,18.294846,83.8937761
ANDHRA PRADESH,Rural,Srikakulam,Bus,25681,20312,5369,0,0,0,485,347,138,2654,1909,745,5719,4406,1313,6902,5325,1577,3333,2711,622,3094,2555,539,3227,2847,380,267,212,55,18.294846,83.8937761
ANDHRA PRADESH,Rural,Srikakulam,Train,7556,6980,576,0,0,0,182,150,32,327,290,37,367,303,64,250,234,16,139,121,18,334,310,24,5025,4684,341,932,888,44,18.294846,83.8937761
ANDHRA PRADESH,Rural,Srikakulam,Water transport,11647,11500,147,0,0,0,1195,1180,15,1923,1889,34,2407,2387,20,1851,1830,21,1258,1240,18,1465,1455,10,998,980,18,550,539,11,18.294846,83.8937761
ANDHRA PRADESH,Rural,Srikakulam,Any other,1261,1191,70,0,0,0,63,62,1,258,242,16,265,248,17,202,187,15,95,80,15,90,88,2,193,189,4,95,95,0,18.294846,83.8937761
ANDHRA PRADESH,Rural,Srikakulam,No travel,99797,68748,31049,99797,68748,31049,0,0,0,0,0,0,0,0,0,0,0,0,0,0,0,0,0,0,0,0,0,0,0,0,18.294846,83.8937761
ANDHRA PRADESH,Urban,Srikakulam,All Modes,126528,98177,28351,32407,23347,9060,33904,24246,9658,32068,26700,5368,11887,9717,2170,5779,4909,870,3398,2948,450,2501,2142,359,3618,3298,320,966,870,96,18.294846,83.8937761
ANDHRA PRADESH,Urban,Srikakulam,On foot,38903,25325,13578,0,0,0,24537,15457,9080,10992,7524,3468,3374,2344,1030,0,0,0,0,0,0,0,0,0,0,0,0,0,0,0,18.294846,83.8937761
ANDHRA PRADESH,Urban,Srikakulam,Bicycle,19193,18675,518,0,0,0,4487,4377,110,10659,10362,297,2346,2288,58,671,655,16,1030,993,37,0,0,0,0,0,0,0,0,0,18.294846,83.8937761
ANDHRA PRADESH,Urban,Srikakulam,Moped/Scooter/Motor Cycle,15862,15046,816,0,0,0,3636,3477,159,6380,6021,359,2612,2446,166,1686,1618,68,565,539,26,432,425,7,210,204,6,341,316,25,18.294846,83.8937761
ANDHRA PRADESH,Urban,Srikakulam,Car/Jeep/Van,1533,1373,160,0,0,0,240,197,43,421,371,50,262,246,16,174,158,16,76,71,5,133,121,12,188,175,13,39,34,5,18.294846,83.8937761
ANDHRA PRADESH,Urban,Srikakulam,Tempo/Autorickshaw/Taxi,3365,2185,1180,0,0,0,356,212,144,1620,916,704,711,513,198,334,264,70,102,89,13,90,76,14,54,50,4,98,65,33,18.294846,83.8937761
ANDHRA PRADESH,Urban,Srikakulam,Bus,11807,9043,2764,0,0,0,325,243,82,1420,982,438,2403,1716,687,2781,2091,690,1534,1174,360,1673,1353,320,1468,1305,163,203,179,24,18.294846,83.8937761
ANDHRA PRADESH,Urban,Srikakulam,Train,2472,2257,215,0,0,0,137,118,19,217,187,30,69,62,7,76,68,8,72,64,8,139,133,6,1569,1439,130,193,186,7,18.294846,83.8937761
ANDHRA PRADESH,Urban,Srikakulam,Water transport,91,84,7,0,0,0,9,9,0,7,6,1,4,3,1,7,6,1,4,4,0,1,1,0,39,37,2,20,18,2,18.294846,83.8937761
ANDHRA PRADESH,Urban,Srikakulam,Any other,895,842,53,0,0,0,177,156,21,352,331,21,106,99,7,50,49,1,15,14,1,33,33,0,90,88,2,72,72,0,18.294846,83.8937761
ANDHRA PRADESH,Urban,Srikakulam,No travel,32407,23347,9060,32407,23347,9060,0,0,0,0,0,0,0,0,0,0,0,0,0,0,0,0,0,0,0,0,0,0,0,0,18.294846,83.8937761
ODISHA,Total,Subarnapur,All Modes,54487,40509,13978,19689,13158,6531,11474,8276,3198,11629,9187,2442,5741,4482,1259,2049,1848,201,1885,1716,169,696,641,55,730,676,54,594,525,69,20.8480141,83.8950042
ODISHA,Total,Subarnapur,On foot,15808,9938,5870,0,0,0,8172,5192,2980,4931,3060,1871,2705,1686,1019,0,0,0,0,0,0,0,0,0,0,0,0,0,0,0,20.8480141,83.8950042
ODISHA,Total,Subarnapur,Bicycle,11470,10758,712,0,0,0,2241,2121,120,4928,4583,345,2092,1984,108,951,905,46,1258,1165,93,0,0,0,0,0,0,0,0,0,20.8480141,83.8950042
ODISHA,Total,Subarnapur,Moped/Scooter/Motor Cycle,4762,4321,441,0,0,0,802,734,68,1359,1204,155,712,644,68,744,671,73,334,309,25,318,297,21,162,155,7,331,307,24,20.8480141,83.8950042
ODISHA,Total,Subarnapur,Car/Jeep/Van,323,292,31,0,0,0,51,43,8,81,71,10,28,25,3,30,29,1,18,17,1,40,38,2,37,37,0,38,32,6,20.8480141,83.8950042
ODISHA,Total,Subarnapur,Tempo/Autorickshaw/Taxi,104,80,24,0,0,0,14,11,3,35,25,10,16,11,5,11,10,1,7,7,0,4,4,0,3,3,0,14,9,5,20.8480141,83.8950042
ODISHA,Total,Subarnapur,Bus,1601,1309,292,0,0,0,40,30,10,99,63,36,128,80,48,284,212,72,257,208,49,304,273,31,396,366,30,93,77,16,20.8480141,83.8950042
ODISHA,Total,Subarnapur,Train,291,243,48,0,0,0,28,25,3,44,33,11,16,12,4,9,6,3,6,6,0,15,15,0,110,96,14,63,50,13,20.8480141,83.8950042
ODISHA,Total,Subarnapur,Water transport,280,270,10,0,0,0,89,86,3,127,125,2,16,16,0,2,1,1,2,1,1,8,7,1,5,5,0,31,29,2,20.8480141,83.8950042
ODISHA,Total,Subarnapur,Any other,159,140,19,0,0,0,37,34,3,25,23,2,28,24,4,18,14,4,3,3,0,7,7,0,17,14,3,24,21,3,20.8480141,83.8950042
ODISHA,Total,Subarnapur,No travel,19689,13158,6531,19689,13158,6531,0,0,0,0,0,0,0,0,0,0,0,0,0,0,0,0,0,0,0,0,0,0,0,0,20.8480141,83.8950042
ODISHA,Rural,Subarnapur,All Modes,42614,30894,11720,17020,11239,5781,7551,5028,2523,8705,6763,1942,4857,3768,1089,1639,1505,134,1347,1220,127,507,467,40,582,542,40,406,362,44,20.8480141,83.8950042
ODISHA,Rural,Subarnapur,On foot,12073,7226,4847,0,0,0,5878,3471,2407,4013,2464,1549,2182,1291,891,0,0,0,0,0,0,0,0,0,0,0,0,0,0,0,20.8480141,83.8950042
ODISHA,Rural,Subarnapur,Bicycle,8541,7980,561,0,0,0,1146,1074,72,3657,3396,261,1917,1816,101,871,826,45,950,868,82,0,0,0,0,0,0,0,0,0,20.8480141,83.8950042
ODISHA,Rural,Subarnapur,Moped/Scooter/Motor Cycle,3124,2827,297,0,0,0,366,334,32,808,716,92,594,535,59,562,500,62,219,202,17,233,217,16,122,118,4,220,205,15,20.8480141,83.8950042
ODISHA,Rural,Subarnapur,Car/Jeep/Van,176,156,20,0,0,0,27,26,1,31,24,7,21,18,3,19,18,1,6,5,1,25,23,2,26,26,0,21,16,5,20.8480141,83.8950042
ODISHA,Rural,Subarnapur,Tempo/Autorickshaw/Taxi,62,47,15,0,0,0,6,5,1,16,11,5,13,10,3,8,7,1,4,4,0,2,2,0,2,2,0,11,6,5,20.8480141,83.8950042
ODISHA,Rural,Subarnapur,Bus,1075,931,144,0,0,0,20,16,4,64,44,20,78,54,24,156,135,21,162,135,27,229,207,22,311,290,21,55,50,5,20.8480141,83.8950042
ODISHA,Rural,Subarnapur,Train,216,183,33,0,0,0,12,11,1,23,16,7,11,7,4,5,5,0,4,4,0,12,12,0,99,87,12,50,41,9,20.8480141,83.8950042
ODISHA,Rural,Subarnapur,Water transport,199,195,4,0,0,0,71,69,2,79,79,0,15,15,0,0,0,0,0,0,0,0,0,0,5,5,0,29,27,2,20.8480141,83.8950042
ODISHA,Rural,Subarnapur,Any other,128,110,18,0,0,0,25,22,3,14,13,1,26,22,4,18,14,4,2,2,0,6,6,0,17,14,3,20,17,3,20.8480141,83.8950042
ODISHA,Rural,Subarnapur,No travel,17020,11239,5781,17020,11239,5781,0,0,0,0,0,0,0,0,0,0,0,0,0,0,0,0,0,0,0,0,0,0,0,0,20.8480141,83.8950042
ODISHA,Urban,Subarnapur,All Modes,11873,9615,2258,2669,1919,750,3923,3248,675,2924,2424,500,884,714,170,410,343,67,538,496,42,189,174,15,148,134,14,188,163,25,20.8480141,83.8950042
ODISHA,Urban,Subarnapur,On foot,3735,2712,1023,0,0,0,2294,1721,573,918,596,322,523,395,128,0,0,0,0,0,0,0,0,0,0,0,0,0,0,0,20.8480141,83.8950042
ODISHA,Urban,Subarnapur,Bicycle,2929,2778,151,0,0,0,1095,1047,48,1271,1187,84,175,168,7,80,79,1,308,297,11,0,0,0,0,0,0,0,0,0,20.8480141,83.8950042
ODISHA,Urban,Subarnapur,Moped/Scooter/Motor Cycle,1638,1494,144,0,0,0,436,400,36,551,488,63,118,109,9,182,171,11,115,107,8,85,80,5,40,37,3,111,102,9,20.8480141,83.8950042
ODISHA,Urban,Subarnapur,Car/Jeep/Van,147,136,11,0,0,0,24,17,7,50,47,3,7,7,0,11,11,0,12,12,0,15,15,0,11,11,0,17,16,1,20.8480141,83.8950042
ODISHA,Urban,Subarnapur,Tempo/Autorickshaw/Taxi,42,33,9,0,0,0,8,6,2,19,14,5,3,1,2,3,3,0,3,3,0,2,2,0,1,1,0,3,3,0,20.8480141,83.8950042
ODISHA,Urban,Subarnapur,Bus,526,378,148,0,0,0,20,14,6,35,19,16,50,26,24,128,77,51,95,73,22,75,66,9,85,76,9,38,27,11,20.8480141,83.8950042
ODISHA,Urban,Subarnapur,Train,75,60,15,0,0,0,16,14,2,21,17,4,5,5,0,4,1,3,2,2,0,3,3,0,11,9,2,13,9,4,20.8480141,83.8950042
ODISHA,Urban,Subarnapur,Water transport,81,75,6,0,0,0,18,17,1,48,46,2,1,1,0,2,1,1,2,1,1,8,7,1,0,0,0,2,2,0,20.8480141,83.8950042
ODISHA,Urban,Subarnapur,Any other,31,30,1,0,0,0,12,12,0,11,10,1,2,2,0,0,0,0,1,1,0,1,1,0,0,0,0,4,4,0,20.8480141,83.8950042
ODISHA,Urban,Subarnapur,No travel,2669,1919,750,2669,1919,750,0,0,0,0,0,0,0,0,0,0,0,0,0,0,0,0,0,0,0,0,0,0,0,0,20.8480141,83.8950042
BIHAR,Total,Rohtas,All Modes,252736,201571,51165,110000,76292,33708,47993,39968,8025,45174,41156,4018,25471,21893,3578,7572,7032,540,5409,4952,457,2366,2182,184,5196,5024,172,3555,3072,483,24.6287405,83.9201656
BIHAR,Total,Rohtas,On foot,72763,59882,12881,0,0,0,39499,32132,7367,20363,17651,2712,12901,10099,2802,0,0,0,0,0,0,0,0,0,0,0,0,0,0,0,24.6287405,83.9201656
BIHAR,Total,Rohtas,Bicycle,31332,30396,936,0,0,0,4370,4194,176,15776,15447,329,6033,5925,108,2080,2043,37,3073,2787,286,0,0,0,0,0,0,0,0,0,24.6287405,83.9201656
BIHAR,Total,Rohtas,Moped/Scooter/Motor Cycle,13416,12566,850,0,0,0,2296,2129,167,4897,4610,287,2300,2162,138,1624,1536,88,620,589,31,520,494,26,266,257,9,893,789,104,24.6287405,83.9201656
BIHAR,Total,Rohtas,Car/Jeep/Van,2278,1937,341,0,0,0,329,275,54,550,460,90,350,291,59,326,281,45,136,131,5,132,121,11,159,145,14,296,233,63,24.6287405,83.9201656
BIHAR,Total,Rohtas,Tempo/Autorickshaw/Taxi,2920,2319,601,0,0,0,311,231,80,1059,805,254,720,618,102,304,243,61,100,73,27,134,113,21,82,75,7,210,161,49,24.6287405,83.9201656
BIHAR,Total,Rohtas,Bus,11283,9894,1389,0,0,0,568,456,112,1637,1341,296,2518,2184,334,2643,2363,280,1240,1149,91,1106,1011,95,944,906,38,627,484,143,24.6287405,83.9201656
BIHAR,Total,Rohtas,Train,7241,6926,315,0,0,0,439,400,39,501,473,28,389,366,23,460,437,23,200,187,13,411,384,27,3585,3484,101,1256,1195,61,24.6287405,83.9201656
BIHAR,Total,Rohtas,Water transport,117,106,11,0,0,0,16,13,3,10,9,1,10,9,1,16,14,2,3,3,0,10,10,0,25,25,0,27,23,4,24.6287405,83.9201656
BIHAR,Total,Rohtas,Any other,1386,1253,133,0,0,0,165,138,27,381,360,21,250,239,11,119,115,4,37,33,4,53,49,4,135,132,3,246,187,59,24.6287405,83.9201656
BIHAR,Total,Rohtas,No travel,110000,76292,33708,110000,76292,33708,0,0,0,0,0,0,0,0,0,0,0,0,0,0,0,0,0,0,0,0,0,0,0,0,24.6287405,83.9201656
BIHAR,Rural,Rohtas,All Modes,169603,129098,40505,80515,53202,27313,26599,20501,6098,27328,24496,2832,17841,14953,2888,5505,5115,390,3932,3561,371,1487,1381,106,3749,3647,102,2647,2242,405,24.6287405,83.9201656
BIHAR,Rural,Rohtas,On foot,43288,33163,10125,0,0,0,22359,16654,5705,12265,10207,2058,8664,6302,2362,0,0,0,0,0,0,0,0,0,0,0,0,0,0,0,24.6287405,83.9201656
BIHAR,Rural,Rohtas,Bicycle,21503,20795,708,0,0,0,2397,2285,112,10177,9954,223,4766,4695,71,1776,1742,34,2387,2119,268,0,0,0,0,0,0,0,0,0,24.6287405,83.9201656
BIHAR,Rural,Rohtas,Moped/Scooter/Motor Cycle,6970,6371,599,0,0,0,863,753,110,2312,2121,191,1364,1268,96,997,927,70,383,358,25,300,280,20,172,167,5,579,497,82,24.6287405,83.9201656
BIHAR,Rural,Rohtas,Car/Jeep/Van,1417,1168,249,0,0,0,170,132,38,302,246,56,231,192,39,224,186,38,80,77,3,90,84,6,102,92,10,218,159,59,24.6287405,83.9201656
BIHAR,Rural,Rohtas,Tempo/Autorickshaw/Taxi,1962,1622,340,0,0,0,144,113,31,644,541,103,530,451,79,238,186,52,83,60,23,105,90,15,62,56,6,156,125,31,24.6287405,83.9201656
BIHAR,Rural,Rohtas,Bus,7965,7089,876,0,0,0,332,269,63,1115,943,172,1846,1630,216,1915,1737,178,861,815,46,731,679,52,683,655,28,482,361,121,24.6287405,83.9201656
BIHAR,Rural,Rohtas,Train,5032,4848,184,0,0,0,230,208,22,312,295,17,279,264,15,253,239,14,105,101,4,212,202,10,2641,2591,50,1000,948,52,24.6287405,83.9201656
BIHAR,Rural,Rohtas,Water transport,85,78,7,0,0,0,13,11,2,4,4,0,5,5,0,11,9,2,3,3,0,7,7,0,21,21,0,21,18,3,24.6287405,83.9201656
BIHAR,Rural,Rohtas,Any other,866,762,104,0,0,0,91,76,15,197,185,12,156,146,10,91,89,2,30,28,2,42,39,3,68,65,3,191,134,57,24.6287405,83.9201656
BIHAR,Rural,Rohtas,No travel,80515,53202,27313,80515,53202,27313,0,0,0,0,0,0,0,0,0,0,0,0,0,0,0,0,0,0,0,0,0,0,0,0,24.6287405,83.9201656
BIHAR,Urban,Rohtas,All Modes,83133,72473,10660,29485,23090,6395,21394,19467,1927,17846,16660,1186,7630,6940,690,2067,1917,150,1477,1391,86,879,801,78,1447,1377,70,908,830,78,24.6287405,83.9201656
BIHAR,Urban,Rohtas,On foot,29475,26719,2756,0,0,0,17140,15478,1662,8098,7444,654,4237,3797,440,0,0,0,0,0,0,0,0,0,0,0,0,0,0,0,24.6287405,83.9201656
BIHAR,Urban,Rohtas,Bicycle,9829,9601,228,0,0,0,1973,1909,64,5599,5493,106,1267,1230,37,304,301,3,686,668,18,0,0,0,0,0,0,0,0,0,24.6287405,83.9201656
BIHAR,Urban,Rohtas,Moped/Scooter/Motor Cycle,6446,6195,251,0,0,0,1433,1376,57,2585,2489,96,936,894,42,627,609,18,237,231,6,220,214,6,94,90,4,314,292,22,24.6287405,83.9201656
BIHAR,Urban,Rohtas,Car/Jeep/Van,861,769,92,0,0,0,159,143,16,248,214,34,119,99,20,102,95,7,56,54,2,42,37,5,57,53,4,78,74,4,24.6287405,83.9201656
BIHAR,Urban,Rohtas,Tempo/Autorickshaw/Taxi,958,697,261,0,0,0,167,118,49,415,264,151,190,167,23,66,57,9,17,13,4,29,23,6,20,19,1,54,36,18,24.6287405,83.9201656
BIHAR,Urban,Rohtas,Bus,3318,2805,513,0,0,0,236,187,49,522,398,124,672,554,118,728,626,102,379,334,45,375,332,43,261,251,10,145,123,22,24.6287405,83.9201656
BIHAR,Urban,Rohtas,Train,2209,2078,131,0,0,0,209,192,17,189,178,11,110,102,8,207,198,9,95,86,9,199,182,17,944,893,51,256,247,9,24.6287405,83.9201656
BIHAR,Urban,Rohtas,Water transport,32,28,4,0,0,0,3,2,1,6,5,1,5,4,1,5,5,0,0,0,0,3,3,0,4,4,0,6,5,1,24.6287405,83.9201656
BIHAR,Urban,Rohtas,Any other,520,491,29,0,0,0,74,62,12,184,175,9,94,93,1,28,26,2,7,5,2,11,10,1,67,67,0,55,53,2,24.6287405,83.9201656
BIHAR,Urban,Rohtas,No travel,29485,23090,6395,29485,23090,6395,0,0,0,0,0,0,0,0,0,0,0,0,0,0,0,0,0,0,0,0,0,0,0,0,24.6287405,83.9201656
BIHAR,Total,Buxar,All Modes,127938,102026,25912,60666,42194,18472,21235,17395,3840,22479,20613,1866,11350,10259,1091,3632,3422,210,2514,2395,119,1220,1142,78,3499,3380,119,1343,1226,117,25.5647103,83.9777482
BIHAR,Total,Buxar,On foot,31970,26357,5613,0,0,0,17638,14028,3610,9474,8226,1248,4858,4103,755,0,0,0,0,0,0,0,0,0,0,0,0,0,0,0,25.5647103,83.9777482
BIHAR,Total,Buxar,Bicycle,17531,17177,354,0,0,0,2022,1967,55,8918,8758,160,3951,3886,65,1223,1205,18,1417,1361,56,0,0,0,0,0,0,0,0,0,25.5647103,83.9777482
BIHAR,Total,Buxar,Moped/Scooter/Motor Cycle,5758,5438,320,0,0,0,771,712,59,2252,2135,117,961,905,56,800,761,39,276,266,10,252,241,11,107,104,3,339,314,25,25.5647103,83.9777482
BIHAR,Total,Buxar,Car/Jeep/Van,1294,1143,151,0,0,0,132,111,21,289,241,48,266,234,32,269,246,23,120,109,11,89,82,7,61,57,4,68,63,5,25.5647103,83.9777482
BIHAR,Total,Buxar,Tempo/Autorickshaw/Taxi,1256,977,279,0,0,0,142,108,34,507,362,145,281,229,52,132,121,11,51,49,2,34,28,6,27,25,2,82,55,27,25.5647103,83.9777482
BIHAR,Total,Buxar,Bus,3503,3037,466,0,0,0,179,143,36,499,387,112,688,576,112,890,791,99,425,392,33,402,370,32,284,270,14,136,108,28,25.5647103,83.9777482
BIHAR,Total,Buxar,Train,5088,4892,196,0,0,0,211,194,17,258,239,19,195,187,8,267,251,16,205,198,7,413,394,19,2930,2839,91,609,590,19,25.5647103,83.9777482
BIHAR,Total,Buxar,Water transport,114,107,7,0,0,0,12,12,0,40,37,3,22,21,1,4,4,0,2,2,0,6,6,0,12,10,2,16,15,1,25.5647103,83.9777482
BIHAR,Total,Buxar,Any other,758,704,54,0,0,0,128,120,8,242,228,14,128,118,10,47,43,4,18,18,0,24,21,3,78,75,3,93,81,12,25.5647103,83.9777482
BIHAR,Total,Buxar,No travel,60666,42194,18472,60666,42194,18472,0,0,0,0,0,0,0,0,0,0,0,0,0,0,0,0,0,0,0,0,0,0,0,0,25.5647103,83.9777482
BIHAR,Rural,Buxar,All Modes,94553,72922,21631,47287,31348,15939,13703,10650,3053,15071,13727,1344,8813,7964,849,2956,2812,144,1946,1856,90,935,890,45,2878,2792,86,964,883,81,25.5647103,83.9777482
BIHAR,Rural,Buxar,On foot,21556,17074,4482,0,0,0,11773,8857,2916,6450,5479,971,3333,2738,595,0,0,0,0,0,0,0,0,0,0,0,0,0,0,0,25.5647103,83.9777482
BIHAR,Rural,Buxar,Bicycle,13175,12901,274,0,0,0,1195,1153,42,6318,6208,110,3518,3459,59,1072,1059,13,1072,1022,50,0,0,0,0,0,0,0,0,0,25.5647103,83.9777482
BIHAR,Rural,Buxar,Moped/Scooter/Motor Cycle,3460,3231,229,0,0,0,316,277,39,1159,1082,77,692,644,48,623,591,32,212,206,6,179,172,7,73,72,1,206,187,19,25.5647103,83.9777482
BIHAR,Rural,Buxar,Car/Jeep/Van,918,825,93,0,0,0,56,46,10,177,147,30,209,186,23,219,205,14,94,88,6,72,70,2,48,44,4,43,39,4,25.5647103,83.9777482
BIHAR,Rural,Buxar,Tempo/Autorickshaw/Taxi,836,688,148,0,0,0,64,51,13,269,205,64,241,200,41,117,108,9,46,45,1,28,24,4,21,20,1,50,35,15,25.5647103,83.9777482
BIHAR,Rural,Buxar,Bus,2776,2479,297,0,0,0,111,95,16,377,303,74,548,479,69,713,649,64,347,323,24,337,316,21,243,235,8,100,79,21,25.5647103,83.9777482
BIHAR,Rural,Buxar,Train,3985,3853,132,0,0,0,136,124,12,165,153,12,152,147,5,175,167,8,158,155,3,296,286,10,2412,2345,67,491,476,15,25.5647103,83.9777482
BIHAR,Rural,Buxar,Water transport,82,77,5,0,0,0,8,8,0,24,22,2,21,21,0,3,3,0,2,2,0,6,6,0,9,7,2,9,8,1,25.5647103,83.9777482
BIHAR,Rural,Buxar,Any other,478,446,32,0,0,0,44,39,5,132,128,4,99,90,9,34,30,4,15,15,0,17,16,1,72,69,3,65,59,6,25.5647103,83.9777482
BIHAR,Rural,Buxar,No travel,47287,31348,15939,47287,31348,15939,0,0,0,0,0,0,0,0,0,0,0,0,0,0,0,0,0,0,0,0,0,0,0,0,25.5647103,83.9777482
BIHAR,Urban,Buxar,All Modes,33385,29104,4281,13379,10846,2533,7532,6745,787,7408,6886,522,2537,2295,242,676,610,66,568,539,29,285,252,33,621,588,33,379,343,36,25.5647103,83.9777482
BIHAR,Urban,Buxar,On foot,10414,9283,1131,0,0,0,5865,5171,694,3024,2747,277,1525,1365,160,0,0,0,0,0,0,0,0,0,0,0,0,0,0,0,25.5647103,83.9777482
BIHAR,Urban,Buxar,Bicycle,4356,4276,80,0,0,0,827,814,13,2600,2550,50,433,427,6,151,146,5,345,339,6,0,0,0,0,0,0,0,0,0,25.5647103,83.9777482
BIHAR,Urban,Buxar,Moped/Scooter/Motor Cycle,2298,2207,91,0,0,0,455,435,20,1093,1053,40,269,261,8,177,170,7,64,60,4,73,69,4,34,32,2,133,127,6,25.5647103,83.9777482
BIHAR,Urban,Buxar,Car/Jeep/Van,376,318,58,0,0,0,76,65,11,112,94,18,57,48,9,50,41,9,26,21,5,17,12,5,13,13,0,25,24,1,25.5647103,83.9777482
BIHAR,Urban,Buxar,Tempo/Autorickshaw/Taxi,420,289,131,0,0,0,78,57,21,238,157,81,40,29,11,15,13,2,5,4,1,6,4,2,6,5,1,32,20,12,25.5647103,83.9777482
BIHAR,Urban,Buxar,Bus,727,558,169,0,0,0,68,48,20,122,84,38,140,97,43,177,142,35,78,69,9,65,54,11,41,35,6,36,29,7,25.5647103,83.9777482
BIHAR,Urban,Buxar,Train,1103,1039,64,0,0,0,75,70,5,93,86,7,43,40,3,92,84,8,47,43,4,117,108,9,518,494,24,118,114,4,25.5647103,83.9777482
BIHAR,Urban,Buxar,Water transport,32,30,2,0,0,0,4,4,0,16,15,1,1,0,1,1,1,0,0,0,0,0,0,0,3,3,0,7,7,0,25.5647103,83.9777482
BIHAR,Urban,Buxar,Any other,280,258,22,0,0,0,84,81,3,110,100,10,29,28,1,13,13,0,3,3,0,7,5,2,6,6,0,28,22,6,25.5647103,83.9777482
BIHAR,Urban,Buxar,No travel,13379,10846,2533,13379,10846,2533,0,0,0,0,0,0,0,0,0,0,0,0,0,0,0,0,0,0,0,0,0,0,0,0,25.5647103,83.9777482
ODISHA,Total,Sambalpur,All Modes,198954,149628,49326,51620,31915,19705,43199,31509,11690,57989,46864,11125,22821,18410,4411,8275,7278,997,6133,5612,521,3181,2876,305,3284,2971,313,2452,2193,259,21.4668716,83.9811665
ODISHA,Total,Sambalpur,On foot,56912,35108,21804,0,0,0,27585,16991,10594,20678,12642,8036,8649,5475,3174,0,0,0,0,0,0,0,0,0,0,0,0,0,0,0,21.4668716,83.9811665
ODISHA,Total,Sambalpur,Bicycle,47543,44897,2646,0,0,0,9575,9055,520,23825,22434,1391,7977,7586,391,2746,2604,142,3420,3218,202,0,0,0,0,0,0,0,0,0,21.4668716,83.9811665
ODISHA,Total,Sambalpur,Moped/Scooter/Motor Cycle,26088,24281,1807,0,0,0,5043,4688,355,10713,9866,847,4022,3765,257,2677,2535,142,995,942,53,865,832,33,446,428,18,1327,1225,102,21.4668716,83.9811665
ODISHA,Total,Sambalpur,Car/Jeep/Van,2430,2147,283,0,0,0,292,253,39,575,499,76,299,235,64,367,319,48,241,223,18,226,214,12,225,217,8,205,187,18,21.4668716,83.9811665
ODISHA,Total,Sambalpur,Tempo/Autorickshaw/Taxi,2755,1842,913,0,0,0,165,110,55,971,471,500,609,424,185,452,325,127,145,131,14,135,133,2,106,100,6,172,148,24,21.4668716,83.9811665
ODISHA,Total,Sambalpur,Bus,7515,5845,1670,0,0,0,239,161,78,583,392,191,856,569,287,1788,1286,502,1052,851,201,1339,1154,185,1344,1179,165,314,253,61,21.4668716,83.9811665
ODISHA,Total,Sambalpur,Train,2886,2519,367,0,0,0,185,155,30,297,262,35,167,131,36,156,134,22,233,201,32,542,473,69,1024,916,108,282,247,35,21.4668716,83.9811665
ODISHA,Total,Sambalpur,Water transport,195,173,22,0,0,0,28,22,6,92,85,7,26,24,2,14,12,2,4,4,0,7,6,1,15,13,2,9,7,2,21.4668716,83.9811665
ODISHA,Total,Sambalpur,Any other,1010,901,109,0,0,0,87,74,13,255,213,42,216,201,15,75,63,12,43,42,1,67,64,3,124,118,6,143,126,17,21.4668716,83.9811665
ODISHA,Total,Sambalpur,No travel,51620,31915,19705,51620,31915,19705,0,0,0,0,0,0,0,0,0,0,0,0,0,0,0,0,0,0,0,0,0,0,0,0,21.4668716,83.9811665
ODISHA,Rural,Sambalpur,All Modes,98928,70293,28635,31707,18541,13166,17996,11899,6097,25011,19450,5561,12427,9857,2570,4811,4251,560,3055,2769,286,1719,1547,172,1514,1363,151,688,616,72,21.4668716,83.9811665
ODISHA,Rural,Sambalpur,On foot,30890,18748,12142,0,0,0,13965,8249,5716,12150,7650,4500,4775,2849,1926,0,0,0,0,0,0,0,0,0,0,0,0,0,0,0,21.4668716,83.9811665
ODISHA,Rural,Sambalpur,Bicycle,22263,20722,1541,0,0,0,2822,2560,262,10476,9730,746,5341,5037,304,2125,2002,123,1499,1393,106,0,0,0,0,0,0,0,0,0,21.4668716,83.9811665
ODISHA,Rural,Sambalpur,Moped/Scooter/Motor Cycle,6605,6187,418,0,0,0,886,838,48,1703,1567,136,1475,1378,97,1168,1108,60,553,521,32,391,375,16,142,134,8,287,266,21,21.4668716,83.9811665
ODISHA,Rural,Sambalpur,Car/Jeep/Van,799,694,105,0,0,0,115,103,12,104,82,22,102,72,30,145,125,20,121,111,10,83,78,5,65,62,3,64,61,3,21.4668716,83.9811665
ODISHA,Rural,Sambalpur,Tempo/Autorickshaw/Taxi,746,501,245,0,0,0,30,21,9,145,79,66,187,107,80,221,146,75,59,53,6,45,45,0,27,25,2,32,25,7,21.4668716,83.9811665
ODISHA,Rural,Sambalpur,Bus,3867,3126,741,0,0,0,103,73,30,200,134,66,344,242,102,980,727,253,604,503,101,788,690,98,712,639,73,136,118,18,21.4668716,83.9811665
ODISHA,Rural,Sambalpur,Train,1524,1305,219,0,0,0,47,31,16,92,84,8,76,56,20,118,101,17,187,156,31,369,319,50,512,451,61,123,107,16,21.4668716,83.9811665
ODISHA,Rural,Sambalpur,Water transport,120,107,13,0,0,0,10,7,3,64,60,4,21,20,1,9,7,2,1,1,0,5,5,0,8,6,2,2,1,1,21.4668716,83.9811665
ODISHA,Rural,Sambalpur,Any other,407,362,45,0,0,0,18,17,1,77,64,13,106,96,10,45,35,10,31,31,0,38,35,3,48,46,2,44,38,6,21.4668716,83.9811665
ODISHA,Rural,Sambalpur,No travel,31707,18541,13166,31707,18541,13166,0,0,0,0,0,0,0,0,0,0,0,0,0,0,0,0,0,0,0,0,0,0,0,0,21.4668716,83.9811665
ODISHA,Urban,Sambalpur,All Modes,100026,79335,20691,19913,13374,6539,25203,19610,5593,32978,27414,5564,10394,8553,1841,3464,3027,437,3078,2843,235,1462,1329,133,1770,1608,162,1764,1577,187,21.4668716,83.9811665
ODISHA,Urban,Sambalpur,On foot,26022,16360,9662,0,0,0,13620,8742,4878,8528,4992,3536,3874,2626,1248,0,0,0,0,0,0,0,0,0,0,0,0,0,0,0,21.4668716,83.9811665
ODISHA,Urban,Sambalpur,Bicycle,25280,24175,1105,0,0,0,6753,6495,258,13349,12704,645,2636,2549,87,621,602,19,1921,1825,96,0,0,0,0,0,0,0,0,0,21.4668716,83.9811665
ODISHA,Urban,Sambalpur,Moped/Scooter/Motor Cycle,19483,18094,1389,0,0,0,4157,3850,307,9010,8299,711,2547,2387,160,1509,1427,82,442,421,21,474,457,17,304,294,10,1040,959,81,21.4668716,83.9811665
ODISHA,Urban,Sambalpur,Car/Jeep/Van,1631,1453,178,0,0,0,177,150,27,471,417,54,197,163,34,222,194,28,120,112,8,143,136,7,160,155,5,141,126,15,21.4668716,83.9811665
ODISHA,Urban,Sambalpur,Tempo/Autorickshaw/Taxi,2009,1341,668,0,0,0,135,89,46,826,392,434,422,317,105,231,179,52,86,78,8,90,88,2,79,75,4,140,123,17,21.4668716,83.9811665
ODISHA,Urban,Sambalpur,Bus,3648,2719,929,0,0,0,136,88,48,383,258,125,512,327,185,808,559,249,448,348,100,551,464,87,632,540,92,178,135,43,21.4668716,83.9811665
ODISHA,Urban,Sambalpur,Train,1362,1214,148,0,0,0,138,124,14,205,178,27,91,75,16,38,33,5,46,45,1,173,154,19,512,465,47,159,140,19,21.4668716,83.9811665
ODISHA,Urban,Sambalpur,Water transport,75,66,9,0,0,0,18,15,3,28,25,3,5,4,1,5,5,0,3,3,0,2,1,1,7,7,0,7,6,1,21.4668716,83.9811665
ODISHA,Urban,Sambalpur,Any other,603,539,64,0,0,0,69,57,12,178,149,29,110,105,5,30,28,2,12,11,1,29,29,0,76,72,4,99,88,11,21.4668716,83.9811665
ODISHA,Urban,Sambalpur,No travel,19913,13374,6539,19913,13374,6539,0,0,0,0,0,0,0,0,0,0,0,0,0,0,0,0,0,0,0,0,0,0,0,0,21.4668716,83.9811665
ODISHA,Total,Jharsuguda,All Modes,134195,106751,27444,29173,18724,10449,25991,19781,6210,43119,36118,7001,18680,16179,2501,8759,8219,540,4697,4311,386,1266,1120,146,1199,1097,102,1311,1202,109,21.8554375,84.0061661
ODISHA,Total,Jharsuguda,On foot,34282,21981,12301,0,0,0,16231,10616,5615,13539,8355,5184,4512,3010,1502,0,0,0,0,0,0,0,0,0,0,0,0,0,0,0,21.8554375,84.0061661
ODISHA,Total,Jharsuguda,Bicycle,40650,38693,1957,0,0,0,5936,5622,314,19761,18751,1010,8175,7789,386,3801,3702,99,2977,2829,148,0,0,0,0,0,0,0,0,0,21.8554375,84.0061661
ODISHA,Total,Jharsuguda,Moped/Scooter/Motor Cycle,20311,19254,1057,0,0,0,3210,3025,185,8288,7803,485,4089,3886,203,2523,2440,83,758,728,30,412,392,20,224,216,8,807,764,43,21.8554375,84.0061661
ODISHA,Total,Jharsuguda,Car/Jeep/Van,1796,1584,212,0,0,0,230,205,25,431,381,50,324,274,50,334,302,32,141,121,20,128,103,25,109,107,2,99,91,8,21.8554375,84.0061661
ODISHA,Total,Jharsuguda,Tempo/Autorickshaw/Taxi,988,708,280,0,0,0,58,48,10,274,195,79,269,187,82,196,137,59,60,32,28,58,49,9,19,15,4,54,45,9,21.8554375,84.0061661
ODISHA,Total,Jharsuguda,Bus,5216,4313,903,0,0,0,146,117,29,588,441,147,1075,851,224,1762,1537,225,574,452,122,466,392,74,409,351,58,196,172,24,21.8554375,84.0061661
ODISHA,Total,Jharsuguda,Train,1106,956,150,0,0,0,40,26,14,101,77,24,58,50,8,59,44,15,158,126,32,182,167,15,406,377,29,102,89,13,21.8554375,84.0061661
ODISHA,Total,Jharsuguda,Water transport,283,246,37,0,0,0,91,78,13,58,49,9,71,69,2,30,24,6,2,2,0,3,2,1,7,7,0,21,15,6,21.8554375,84.0061661
ODISHA,Total,Jharsuguda,Any other,390,292,98,0,0,0,49,44,5,79,66,13,107,63,44,54,33,21,27,21,6,17,15,2,25,24,1,32,26,6,21.8554375,84.0061661
ODISHA,Total,Jharsuguda,No travel,29173,18724,10449,29173,18724,10449,0,0,0,0,0,0,0,0,0,0,0,0,0,0,0,0,0,0,0,0,0,0,0,0,21.8554375,84.0061661
ODISHA,Rural,Jharsuguda,All Modes,61970,45985,15985,15887,9017,6870,10330,7100,3230,17090,13701,3389,9865,8203,1662,4300,3960,340,2739,2464,275,753,642,111,602,537,65,404,361,43,21.8554375,84.0061661
ODISHA,Rural,Jharsuguda,On foot,17195,10466,6729,0,0,0,7685,4704,2981,6840,4136,2704,2670,1626,1044,0,0,0,0,0,0,0,0,0,0,0,0,0,0,0,21.8554375,84.0061661
ODISHA,Rural,Jharsuguda,Bicycle,20035,18943,1092,0,0,0,1986,1827,159,8264,7788,476,5322,5035,287,2759,2685,74,1704,1608,96,0,0,0,0,0,0,0,0,0,21.8554375,84.0061661
ODISHA,Rural,Jharsuguda,Moped/Scooter/Motor Cycle,5329,4988,341,0,0,0,451,412,39,1599,1484,115,1272,1185,87,972,924,48,450,431,19,242,228,14,103,99,4,240,225,15,21.8554375,84.0061661
ODISHA,Rural,Jharsuguda,Car/Jeep/Van,580,448,132,0,0,0,34,22,12,113,95,18,103,70,33,81,56,25,88,71,17,71,50,21,49,48,1,41,36,5,21.8554375,84.0061661
ODISHA,Rural,Jharsuguda,Tempo/Autorickshaw/Taxi,464,271,193,0,0,0,18,14,4,61,41,20,157,83,74,114,58,56,41,19,22,39,30,9,13,9,4,21,17,4,21.8554375,84.0061661
ODISHA,Rural,Jharsuguda,Bus,1602,1157,445,0,0,0,43,31,12,106,75,31,206,97,109,296,192,104,311,226,85,313,258,55,292,251,41,35,27,8,21.8554375,84.0061661
ODISHA,Rural,Jharsuguda,Train,498,405,93,0,0,0,20,13,7,52,40,12,27,21,6,18,10,8,121,91,30,75,66,9,134,120,14,51,44,7,21.8554375,84.0061661
ODISHA,Rural,Jharsuguda,Water transport,207,180,27,0,0,0,81,69,12,32,28,4,61,60,1,18,13,5,1,1,0,2,1,1,1,1,0,11,7,4,21.8554375,84.0061661
ODISHA,Rural,Jharsuguda,Any other,173,110,63,0,0,0,12,8,4,23,14,9,47,26,21,42,22,20,23,17,6,11,9,2,10,9,1,5,5,0,21.8554375,84.0061661
ODISHA,Rural,Jharsuguda,No travel,15887,9017,6870,15887,9017,6870,0,0,0,0,0,0,0,0,0,0,0,0,0,0,0,0,0,0,0,0,0,0,0,0,21.8554375,84.0061661
ODISHA,Urban,Jharsuguda,All Modes,72225,60766,11459,13286,9707,3579,15661,12681,2980,26029,22417,3612,8815,7976,839,4459,4259,200,1958,1847,111,513,478,35,597,560,37,907,841,66,21.8554375,84.0061661
ODISHA,Urban,Jharsuguda,On foot,17087,11515,5572,0,0,0,8546,5912,2634,6699,4219,2480,1842,1384,458,0,0,0,0,0,0,0,0,0,0,0,0,0,0,0,21.8554375,84.0061661
ODISHA,Urban,Jharsuguda,Bicycle,20615,19750,865,0,0,0,3950,3795,155,11497,10963,534,2853,2754,99,1042,1017,25,1273,1221,52,0,0,0,0,0,0,0,0,0,21.8554375,84.0061661
ODISHA,Urban,Jharsuguda,Moped/Scooter/Motor Cycle,14982,14266,716,0,0,0,2759,2613,146,6689,6319,370,2817,2701,116,1551,1516,35,308,297,11,170,164,6,121,117,4,567,539,28,21.8554375,84.0061661
ODISHA,Urban,Jharsuguda,Car/Jeep/Van,1216,1136,80,0,0,0,196,183,13,318,286,32,221,204,17,253,246,7,53,50,3,57,53,4,60,59,1,58,55,3,21.8554375,84.0061661
ODISHA,Urban,Jharsuguda,Tempo/Autorickshaw/Taxi,524,437,87,0,0,0,40,34,6,213,154,59,112,104,8,82,79,3,19,13,6,19,19,0,6,6,0,33,28,5,21.8554375,84.0061661
ODISHA,Urban,Jharsuguda,Bus,3614,3156,458,0,0,0,103,86,17,482,366,116,869,754,115,1466,1345,121,263,226,37,153,134,19,117,100,17,161,145,16,21.8554375,84.0061661
ODISHA,Urban,Jharsuguda,Train,608,551,57,0,0,0,20,13,7,49,37,12,31,29,2,41,34,7,37,35,2,107,101,6,272,257,15,51,45,6,21.8554375,84.0061661
ODISHA,Urban,Jharsuguda,Water transport,76,66,10,0,0,0,10,9,1,26,21,5,10,9,1,12,11,1,1,1,0,1,1,0,6,6,0,10,8,2,21.8554375,84.0061661
ODISHA,Urban,Jharsuguda,Any other,217,182,35,0,0,0,37,36,1,56,52,4,60,37,23,12,11,1,4,4,0,6,6,0,15,15,0,27,21,6,21.8554375,84.0061661
ODISHA,Urban,Jharsuguda,No travel,13286,9707,3579,13286,9707,3579,0,0,0,0,0,0,0,0,0,0,0,0,0,0,0,0,0,0,0,0,0,0,0,0,21.8554375,84.0061661
ANDHRA PRADESH,Total,Nizamabad,All Modes,363382,258028,105354,158559,98947,59612,53182,34471,18711,68353,56474,11879,36481,27088,9393,12940,11212,1728,14108,12747,1361,5604,4772,832,5913,5096,817,8242,7221,1021,18.2836461,84.0140984
ANDHRA PRADESH,Total,Nizamabad,On foot,80764,48134,32630,0,0,0,37785,20327,17458,22977,15192,7785,20002,12615,7387,0,0,0,0,0,0,0,0,0,0,0,0,0,0,0,18.2836461,84.0140984
ANDHRA PRADESH,Total,Nizamabad,Bicycle,41306,39636,1670,0,0,0,6922,6602,320,21325,20538,787,3944,3806,138,1537,1474,63,7578,7216,362,0,0,0,0,0,0,0,0,0,18.2836461,84.0140984
ANDHRA PRADESH,Total,Nizamabad,Moped/Scooter/Motor Cycle,37350,35633,1717,0,0,0,5893,5631,262,15084,14421,663,5017,4776,241,3624,3468,156,1646,1572,74,1524,1458,66,672,626,46,3890,3681,209,18.2836461,84.0140984
ANDHRA PRADESH,Total,Nizamabad,Car/Jeep/Van,3384,2979,405,0,0,0,377,321,56,962,848,114,420,372,48,326,284,42,247,220,27,277,241,36,360,326,34,415,367,48,18.2836461,84.0140984
ANDHRA PRADESH,Total,Nizamabad,Tempo/Autorickshaw/Taxi,13548,10287,3261,0,0,0,1056,777,279,4651,2978,1673,2969,2405,564,1929,1661,268,681,618,63,541,465,76,338,289,49,1383,1094,289,18.2836461,84.0140984
ANDHRA PRADESH,Total,Nizamabad,Bus,24687,19127,5560,0,0,0,800,542,258,2630,1870,760,3663,2718,945,5219,4056,1163,3774,2954,820,2994,2365,629,3697,3095,602,1910,1527,383,18.2836461,84.0140984
ANDHRA PRADESH,Total,Nizamabad,Train,2350,2007,343,0,0,0,238,180,58,437,379,58,201,174,27,179,151,28,100,88,12,170,150,20,661,585,76,364,300,64,18.2836461,84.0140984
ANDHRA PRADESH,Total,Nizamabad,Water transport,100,79,21,0,0,0,10,8,2,17,14,3,14,10,4,8,7,1,8,6,2,5,5,0,16,13,3,22,16,6,18.2836461,84.0140984
ANDHRA PRADESH,Total,Nizamabad,Any other,1334,1199,135,0,0,0,101,83,18,270,234,36,251,212,39,118,111,7,74,73,1,93,88,5,169,162,7,258,236,22,18.2836461,84.0140984
ANDHRA PRADESH,Total,Nizamabad,No travel,158559,98947,59612,158559,98947,59612,0,0,0,0,0,0,0,0,0,0,0,0,0,0,0,0,0,0,0,0,0,0,0,0,18.2836461,84.0140984
ANDHRA PRADESH,Rural,Nizamabad,All Modes,191012,128556,62456,102110,62891,39219,25021,14634,10387,22474,17704,4770,17886,12644,5242,8397,7428,969,5912,5313,599,3035,2595,440,3043,2664,379,3134,2683,451,18.2836461,84.0140984
ANDHRA PRADESH,Rural,Nizamabad,On foot,37508,20122,17386,0,0,0,19483,9679,9804,8959,5532,3427,9066,4911,4155,0,0,0,0,0,0,0,0,0,0,0,0,0,0,0,18.2836461,84.0140984
ANDHRA PRADESH,Rural,Nizamabad,Bicycle,13767,13168,599,0,0,0,2692,2557,135,6371,6135,236,1635,1574,61,861,821,40,2208,2081,127,0,0,0,0,0,0,0,0,0,18.2836461,84.0140984
ANDHRA PRADESH,Rural,Nizamabad,Moped/Scooter/Motor Cycle,11858,11262,596,0,0,0,1492,1397,95,3341,3186,155,2080,1981,99,2044,1959,85,877,846,31,723,686,37,283,264,19,1018,943,75,18.2836461,84.0140984
ANDHRA PRADESH,Rural,Nizamabad,Car/Jeep/Van,1356,1165,191,0,0,0,134,101,33,215,175,40,216,187,29,200,177,23,126,113,13,132,118,14,181,164,17,152,130,22,18.2836461,84.0140984
ANDHRA PRADESH,Rural,Nizamabad,Tempo/Autorickshaw/Taxi,7125,5914,1211,0,0,0,496,398,98,1694,1210,484,1954,1663,291,1428,1268,160,470,435,35,300,271,29,201,183,18,582,486,96,18.2836461,84.0140984
ANDHRA PRADESH,Rural,Nizamabad,Bus,15451,12449,3002,0,0,0,555,381,174,1602,1220,382,2646,2085,561,3667,3027,640,2117,1731,386,1739,1390,349,2007,1712,295,1118,903,215,18.2836461,84.0140984
ANDHRA PRADESH,Rural,Nizamabad,Train,1002,844,158,0,0,0,106,69,37,170,142,28,109,100,9,105,90,15,51,46,5,68,59,9,237,214,23,156,124,32,18.2836461,84.0140984
ANDHRA PRADESH,Rural,Nizamabad,Water transport,54,40,14,0,0,0,7,5,2,8,6,2,8,5,3,7,7,0,3,2,1,1,1,0,9,7,2,11,7,4,18.2836461,84.0140984
ANDHRA PRADESH,Rural,Nizamabad,Any other,781,701,80,0,0,0,56,47,9,114,98,16,172,138,34,85,79,6,60,59,1,72,70,2,125,120,5,97,90,7,18.2836461,84.0140984
ANDHRA PRADESH,Rural,Nizamabad,No travel,102110,62891,39219,102110,62891,39219,0,0,0,0,0,0,0,0,0,0,0,0,0,0,0,0,0,0,0,0,0,0,0,0,18.2836461,84.0140984
ANDHRA PRADESH,Urban,Nizamabad,All Modes,172370,129472,42898,56449,36056,20393,28161,19837,8324,45879,38770,7109,18595,14444,4151,4543,3784,759,8196,7434,762,2569,2177,392,2870,2432,438,5108,4538,570,18.2836461,84.0140984
ANDHRA PRADESH,Urban,Nizamabad,On foot,43256,28012,15244,0,0,0,18302,10648,7654,14018,9660,4358,10936,7704,3232,0,0,0,0,0,0,0,0,0,0,0,0,0,0,0,18.2836461,84.0140984
ANDHRA PRADESH,Urban,Nizamabad,Bicycle,27539,26468,1071,0,0,0,4230,4045,185,14954,14403,551,2309,2232,77,676,653,23,5370,5135,235,0,0,0,0,0,0,0,0,0,18.2836461,84.0140984
ANDHRA PRADESH,Urban,Nizamabad,Moped/Scooter/Motor Cycle,25492,24371,1121,0,0,0,4401,4234,167,11743,11235,508,2937,2795,142,1580,1509,71,769,726,43,801,772,29,389,362,27,2872,2738,134,18.2836461,84.0140984
ANDHRA PRADESH,Urban,Nizamabad,Car/Jeep/Van,2028,1814,214,0,0,0,243,220,23,747,673,74,204,185,19,126,107,19,121,107,14,145,123,22,179,162,17,263,237,26,18.2836461,84.0140984
ANDHRA PRADESH,Urban,Nizamabad,Tempo/Autorickshaw/Taxi,6423,4373,2050,0,0,0,560,379,181,2957,1768,1189,1015,742,273,501,393,108,211,183,28,241,194,47,137,106,31,801,608,193,18.2836461,84.0140984
ANDHRA PRADESH,Urban,Nizamabad,Bus,9236,6678,2558,0,0,0,245,161,84,1028,650,378,1017,633,384,1552,1029,523,1657,1223,434,1255,975,280,1690,1383,307,792,624,168,18.2836461,84.0140984
ANDHRA PRADESH,Urban,Nizamabad,Train,1348,1163,185,0,0,0,132,111,21,267,237,30,92,74,18,74,61,13,49,42,7,102,91,11,424,371,53,208,176,32,18.2836461,84.0140984
ANDHRA PRADESH,Urban,Nizamabad,Water transport,46,39,7,0,0,0,3,3,0,9,8,1,6,5,1,1,0,1,5,4,1,4,4,0,7,6,1,11,9,2,18.2836461,84.0140984
ANDHRA PRADESH,Urban,Nizamabad,Any other,553,498,55,0,0,0,45,36,9,156,136,20,79,74,5,33,32,1,14,14,0,21,18,3,44,42,2,161,146,15,18.2836461,84.0140984
ANDHRA PRADESH,Urban,Nizamabad,No travel,56449,36056,20393,56449,36056,20393,0,0,0,0,0,0,0,0,0,0,0,0,0,0,0,0,0,0,0,0,0,0,0,0,18.2836461,84.0140984
ODISHA,Total,Kandhamal,All Modes,101250,65529,35721,23547,14978,8569,26696,16590,10106,32287,20115,12172,11448,7524,3924,2700,2274,426,1762,1570,192,998,855,143,1147,1048,99,665,575,90,20.1342042,84.0167423
ODISHA,Total,Kandhamal,On foot,53863,29649,24214,0,0,0,22433,12693,9740,23876,12786,11090,7554,4170,3384,0,0,0,0,0,0,0,0,0,0,0,0,0,0,0,20.1342042,84.0167423
ODISHA,Total,Kandhamal,Bicycle,11214,10366,848,0,0,0,2261,2115,146,5545,5059,486,1928,1803,125,742,707,35,738,682,56,0,0,0,0,0,0,0,0,0,20.1342042,84.0167423
ODISHA,Total,Kandhamal,Moped/Scooter/Motor Cycle,6816,6142,674,0,0,0,1675,1521,154,2028,1755,273,992,887,105,863,797,66,431,411,20,337,320,17,196,188,8,294,263,31,20.1342042,84.0167423
ODISHA,Total,Kandhamal,Car/Jeep/Van,431,365,66,0,0,0,75,65,10,85,62,23,41,35,6,57,46,11,36,30,6,43,38,5,56,55,1,38,34,4,20.1342042,84.0167423
ODISHA,Total,Kandhamal,Tempo/Autorickshaw/Taxi,970,687,283,0,0,0,87,68,19,282,170,112,294,207,87,148,108,40,57,48,9,28,25,3,24,19,5,50,42,8,20.1342042,84.0167423
ODISHA,Total,Kandhamal,Bus,3889,2873,1016,0,0,0,104,74,30,380,207,173,548,341,207,849,576,273,484,385,99,570,453,117,736,658,78,218,179,39,20.1342042,84.0167423
ODISHA,Total,Kandhamal,Train,303,269,34,0,0,0,43,36,7,49,39,10,24,20,4,14,13,1,6,6,0,10,10,0,113,107,6,44,38,6,20.1342042,84.0167423
ODISHA,Total,Kandhamal,Water transport,17,15,2,0,0,0,2,2,0,5,5,0,3,2,1,0,0,0,2,1,1,1,1,0,1,1,0,3,3,0,20.1342042,84.0167423
ODISHA,Total,Kandhamal,Any other,200,185,15,0,0,0,16,16,0,37,32,5,64,59,5,27,27,0,8,7,1,9,8,1,21,20,1,18,16,2,20.1342042,84.0167423
ODISHA,Total,Kandhamal,No travel,23547,14978,8569,23547,14978,8569,0,0,0,0,0,0,0,0,0,0,0,0,0,0,0,0,0,0,0,0,0,0,0,0,20.1342042,84.0167423
ODISHA,Rural,Kandhamal,All Modes,78784,48327,30457,19004,11690,7314,18887,10638,8249,26439,15655,10784,9948,6367,3581,1871,1633,238,1091,979,112,543,475,68,568,519,49,433,371,62,20.1342042,84.0167423
ODISHA,Rural,Kandhamal,On foot,45722,24315,21407,0,0,0,17400,9319,8081,21381,11269,10112,6941,3727,3214,0,0,0,0,0,0,0,0,0,0,0,0,0,0,0,20.1342042,84.0167423
ODISHA,Rural,Kandhamal,Bicycle,7533,6893,640,0,0,0,963,874,89,3752,3388,364,1636,1526,110,628,596,32,554,509,45,0,0,0,0,0,0,0,0,0,20.1342042,84.0167423
ODISHA,Rural,Kandhamal,Moped/Scooter/Motor Cycle,2919,2620,299,0,0,0,343,305,38,781,665,116,658,590,68,473,444,29,209,197,12,189,178,11,89,84,5,177,157,20,20.1342042,84.0167423
ODISHA,Rural,Kandhamal,Car/Jeep/Van,233,194,39,0,0,0,27,22,5,39,24,15,30,28,2,35,31,4,29,25,4,21,16,5,27,27,0,25,21,4,20.1342042,84.0167423
ODISHA,Rural,Kandhamal,Tempo/Autorickshaw/Taxi,606,442,164,0,0,0,50,39,11,147,91,56,202,146,56,116,89,27,32,28,4,17,16,1,12,10,2,30,23,7,20.1342042,84.0167423
ODISHA,Rural,Kandhamal,Bus,2366,1813,553,0,0,0,67,48,19,269,159,110,407,286,121,587,441,146,253,207,46,301,251,50,337,301,36,145,120,25,20.1342042,84.0167423
ODISHA,Rural,Kandhamal,Train,244,218,26,0,0,0,23,17,6,43,36,7,21,17,4,10,10,0,5,5,0,8,8,0,94,89,5,40,36,4,20.1342042,84.0167423
ODISHA,Rural,Kandhamal,Water transport,12,11,1,0,0,0,1,1,0,2,2,0,3,2,1,0,0,0,1,1,0,1,1,0,1,1,0,3,3,0,20.1342042,84.0167423
ODISHA,Rural,Kandhamal,Any other,145,131,14,0,0,0,13,13,0,25,21,4,50,45,5,22,22,0,8,7,1,6,5,1,8,7,1,13,11,2,20.1342042,84.0167423
ODISHA,Rural,Kandhamal,No travel,19004,11690,7314,19004,11690,7314,0,0,0,0,0,0,0,0,0,0,0,0,0,0,0,0,0,0,0,0,0,0,0,0,20.1342042,84.0167423
ODISHA,Urban,Kandhamal,All Modes,22466,17202,5264,4543,3288,1255,7809,5952,1857,5848,4460,1388,1500,1157,343,829,641,188,671,591,80,455,380,75,579,529,50,232,204,28,20.1342042,84.0167423
ODISHA,Urban,Kandhamal,On foot,8141,5334,2807,0,0,0,5033,3374,1659,2495,1517,978,613,443,170,0,0,0,0,0,0,0,0,0,0,0,0,0,0,0,20.1342042,84.0167423
ODISHA,Urban,Kandhamal,Bicycle,3681,3473,208,0,0,0,1298,1241,57,1793,1671,122,292,277,15,114,111,3,184,173,11,0,0,0,0,0,0,0,0,0,20.1342042,84.0167423
ODISHA,Urban,Kandhamal,Moped/Scooter/Motor Cycle,3897,3522,375,0,0,0,1332,1216,116,1247,1090,157,334,297,37,390,353,37,222,214,8,148,142,6,107,104,3,117,106,11,20.1342042,84.0167423
ODISHA,Urban,Kandhamal,Car/Jeep/Van,198,171,27,0,0,0,48,43,5,46,38,8,11,7,4,22,15,7,7,5,2,22,22,0,29,28,1,13,13,0,20.1342042,84.0167423
ODISHA,Urban,Kandhamal,Tempo/Autorickshaw/Taxi,364,245,119,0,0,0,37,29,8,135,79,56,92,61,31,32,19,13,25,20,5,11,9,2,12,9,3,20,19,1,20.1342042,84.0167423
ODISHA,Urban,Kandhamal,Bus,1523,1060,463,0,0,0,37,26,11,111,48,63,141,55,86,262,135,127,231,178,53,269,202,67,399,357,42,73,59,14,20.1342042,84.0167423
ODISHA,Urban,Kandhamal,Train,59,51,8,0,0,0,20,19,1,6,3,3,3,3,0,4,3,1,1,1,0,2,2,0,19,18,1,4,2,2,20.1342042,84.0167423
ODISHA,Urban,Kandhamal,Water transport,5,4,1,0,0,0,1,1,0,3,3,0,0,0,0,0,0,0,1,0,1,0,0,0,0,0,0,0,0,0,20.1342042,84.0167423
ODISHA,Urban,Kandhamal,Any other,55,54,1,0,0,0,3,3,0,12,11,1,14,14,0,5,5,0,0,0,0,3,3,0,13,13,0,5,5,0,20.1342042,84.0167423
ODISHA,Urban,Kandhamal,No travel,4543,3288,1255,4543,3288,1255,0,0,0,0,0,0,0,0,0,0,0,0,0,0,0,0,0,0,0,0,0,0,0,0,20.1342042,84.0167423
ODISHA,Total,Sundargarh,All Modes,408657,319666,88991,77587,52121,25466,78167,57321,20846,117735,94302,23433,66321,55111,11210,26308,23330,2978,21243,18918,2325,6823,5789,1034,4304,3877,427,10169,8897,1272,22.1240025,84.043175
ODISHA,Total,Sundargarh,On foot,105642,66672,38970,0,0,0,52009,33731,18278,37187,22493,14694,16446,10448,5998,0,0,0,0,0,0,0,0,0,0,0,0,0,0,0,22.1240025,84.043175
ODISHA,Total,Sundargarh,Bicycle,118816,107769,11047,0,0,0,15333,13982,1351,53172,47844,5328,25113,22807,2306,10630,9877,753,14568,13259,1309,0,0,0,0,0,0,0,0,0,22.1240025,84.043175
ODISHA,Total,Sundargarh,Moped/Scooter/Motor Cycle,67281,62370,4911,0,0,0,8542,7843,699,21109,19335,1774,17888,16787,1101,8124,7594,530,2250,2123,127,2483,2296,187,803,752,51,6082,5640,442,22.1240025,84.043175
ODISHA,Total,Sundargarh,Car/Jeep/Van,5454,4900,554,0,0,0,610,540,70,1360,1210,150,1153,1044,109,808,730,78,372,342,30,352,321,31,247,227,20,552,486,66,22.1240025,84.043175
ODISHA,Total,Sundargarh,Tempo/Autorickshaw/Taxi,7728,5346,2382,0,0,0,574,417,157,1743,1044,699,1909,1273,636,1553,1159,394,536,424,112,482,366,116,152,137,15,779,526,253,22.1240025,84.043175
ODISHA,Total,Sundargarh,Bus,20354,15362,4992,0,0,0,689,478,211,2335,1654,681,3084,2113,971,4656,3498,1158,3146,2452,694,2837,2213,624,1848,1601,247,1759,1353,406,22.1240025,84.043175
ODISHA,Total,Sundargarh,Train,3909,3389,520,0,0,0,246,189,57,468,395,73,341,286,55,286,242,44,282,234,48,521,451,70,992,902,90,773,690,83,22.1240025,84.043175
ODISHA,Total,Sundargarh,Water transport,239,204,35,0,0,0,38,26,12,60,51,9,50,46,4,22,19,3,8,8,0,13,11,2,15,14,1,33,29,4,22.1240025,84.043175
ODISHA,Total,Sundargarh,Any other,1647,1533,114,0,0,0,126,115,11,301,276,25,337,307,30,229,211,18,81,76,5,135,131,4,247,244,3,191,173,18,22.1240025,84.043175
ODISHA,Total,Sundargarh,No travel,77587,52121,25466,77587,52121,25466,0,0,0,0,0,0,0,0,0,0,0,0,0,0,0,0,0,0,0,0,0,0,0,0,22.1240025,84.043175
ODISHA,Rural,Sundargarh,All Modes,176567,127348,49219,45289,29067,16222,33964,22066,11898,46352,34224,12128,23936,18457,5479,11666,10254,1412,8101,7081,1020,3162,2647,515,1881,1705,176,2216,1847,369,22.1240025,84.043175
ODISHA,Rural,Sundargarh,On foot,57306,34050,23256,0,0,0,26840,15881,10959,21883,13054,8829,8583,5115,3468,0,0,0,0,0,0,0,0,0,0,0,0,0,0,0,22.1240025,84.043175
ODISHA,Rural,Sundargarh,Bicycle,47570,42074,5496,0,0,0,5050,4376,674,19836,17266,2570,11271,10031,1240,6558,6041,517,4855,4360,495,0,0,0,0,0,0,0,0,0,22.1240025,84.043175
ODISHA,Rural,Sundargarh,Moped/Scooter/Motor Cycle,11976,10973,1003,0,0,0,1437,1328,109,3060,2745,315,2254,2035,219,2171,2010,161,1030,974,56,839,787,52,322,306,16,863,788,75,22.1240025,84.043175
ODISHA,Rural,Sundargarh,Car/Jeep/Van,1096,971,125,0,0,0,154,145,9,321,292,29,133,107,26,127,107,20,92,85,7,87,80,7,78,71,7,104,84,20,22.1240025,84.043175
ODISHA,Rural,Sundargarh,Tempo/Autorickshaw/Taxi,1733,1212,521,0,0,0,76,58,18,218,147,71,232,154,78,529,361,168,253,185,68,244,175,69,23,21,2,158,111,47,22.1240025,84.043175
ODISHA,Rural,Sundargarh,Bus,9450,7128,2322,0,0,0,272,173,99,752,474,278,1150,748,402,2022,1508,514,1695,1324,371,1693,1343,350,1056,935,121,810,623,187,22.1240025,84.043175
ODISHA,Rural,Sundargarh,Train,1229,1025,204,0,0,0,70,48,22,146,121,25,99,74,25,112,94,18,120,100,20,213,179,34,280,252,28,189,157,32,22.1240025,84.043175
ODISHA,Rural,Sundargarh,Water transport,77,67,10,0,0,0,16,12,4,30,26,4,11,11,0,2,1,1,0,0,0,3,3,0,3,3,0,12,11,1,22.1240025,84.043175
ODISHA,Rural,Sundargarh,Any other,841,781,60,0,0,0,49,45,4,106,99,7,203,182,21,145,132,13,56,53,3,83,80,3,119,117,2,80,73,7,22.1240025,84.043175
ODISHA,Rural,Sundargarh,No travel,45289,29067,16222,45289,29067,16222,0,0,0,0,0,0,0,0,0,0,0,0,0,0,0,0,0,0,0,0,0,0,0,0,22.1240025,84.043175
ODISHA,Urban,Sundargarh,All Modes,232090,192318,39772,32298,23054,9244,44203,35255,8948,71383,60078,11305,42385,36654,5731,14642,13076,1566,13142,11837,1305,3661,3142,519,2423,2172,251,7953,7050,903,22.1240025,84.043175
ODISHA,Urban,Sundargarh,On foot,48336,32622,15714,0,0,0,25169,17850,7319,15304,9439,5865,7863,5333,2530,0,0,0,0,0,0,0,0,0,0,0,0,0,0,0,22.1240025,84.043175
ODISHA,Urban,Sundargarh,Bicycle,71246,65695,5551,0,0,0,10283,9606,677,33336,30578,2758,13842,12776,1066,4072,3836,236,9713,8899,814,0,0,0,0,0,0,0,0,0,22.1240025,84.043175
ODISHA,Urban,Sundargarh,Moped/Scooter/Motor Cycle,55305,51397,3908,0,0,0,7105,6515,590,18049,16590,1459,15634,14752,882,5953,5584,369,1220,1149,71,1644,1509,135,481,446,35,5219,4852,367,22.1240025,84.043175
ODISHA,Urban,Sundargarh,Car/Jeep/Van,4358,3929,429,0,0,0,456,395,61,1039,918,121,1020,937,83,681,623,58,280,257,23,265,241,24,169,156,13,448,402,46,22.1240025,84.043175
ODISHA,Urban,Sundargarh,Tempo/Autorickshaw/Taxi,5995,4134,1861,0,0,0,498,359,139,1525,897,628,1677,1119,558,1024,798,226,283,239,44,238,191,47,129,116,13,621,415,206,22.1240025,84.043175
ODISHA,Urban,Sundargarh,Bus,10904,8234,2670,0,0,0,417,305,112,1583,1180,403,1934,1365,569,2634,1990,644,1451,1128,323,1144,870,274,792,666,126,949,730,219,22.1240025,84.043175
ODISHA,Urban,Sundargarh,Train,2680,2364,316,0,0,0,176,141,35,322,274,48,242,212,30,174,148,26,162,134,28,308,272,36,712,650,62,584,533,51,22.1240025,84.043175
ODISHA,Urban,Sundargarh,Water transport,162,137,25,0,0,0,22,14,8,30,25,5,39,35,4,20,18,2,8,8,0,10,8,2,12,11,1,21,18,3,22.1240025,84.043175
ODISHA,Urban,Sundargarh,Any other,806,752,54,0,0,0,77,70,7,195,177,18,134,125,9,84,79,5,25,23,2,52,51,1,128,127,1,111,100,11,22.1240025,84.043175
ODISHA,Urban,Sundargarh,No travel,32298,23054,9244,32298,23054,9244,0,0,0,0,0,0,0,0,0,0,0,0,0,0,0,0,0,0,0,0,0,0,0,0,22.1240025,84.043175
CHHATTISGARH,Total,Jashpur,All Modes,55383,38949,16434,15858,10277,5581,16553,11026,5527,12509,9163,3346,4742,3721,1021,2912,2362,550,1150,953,197,820,698,122,781,700,81,58,49,9,22.8874202,84.1382368
CHHATTISGARH,Total,Jashpur,On foot,18124,10832,7292,0,0,0,12086,7172,4914,5015,3004,2011,1023,656,367,0,0,0,0,0,0,0,0,0,0,0,0,0,0,0,22.8874202,84.1382368
CHHATTISGARH,Total,Jashpur,Bicycle,8574,7253,1321,0,0,0,1839,1514,325,4263,3559,704,1617,1412,205,635,567,68,220,201,19,0,0,0,0,0,0,0,0,0,22.8874202,84.1382368
CHHATTISGARH,Total,Jashpur,Moped/Scooter/Motor Cycle,9366,8088,1278,0,0,0,2369,2133,236,2820,2327,493,1671,1399,272,1486,1283,203,508,466,42,313,293,20,154,149,5,45,38,7,22.8874202,84.1382368
CHHATTISGARH,Total,Jashpur,Car/Jeep/Van,522,476,46,0,0,0,115,100,15,96,85,11,61,56,5,76,71,5,43,37,6,52,52,0,76,72,4,3,3,0,22.8874202,84.1382368
CHHATTISGARH,Total,Jashpur,Tempo/Autorickshaw/Taxi,81,72,9,0,0,0,14,12,2,19,16,3,5,4,1,15,13,2,13,13,0,10,10,0,4,4,0,1,0,1,22.8874202,84.1382368
CHHATTISGARH,Total,Jashpur,Bus,2465,1614,851,0,0,0,67,41,26,190,82,108,311,149,162,629,368,261,347,218,129,421,321,100,495,431,64,5,4,1,22.8874202,84.1382368
CHHATTISGARH,Total,Jashpur,Train,217,165,52,0,0,0,39,33,6,68,52,16,37,28,9,27,17,10,6,5,1,6,4,2,31,23,8,3,3,0,22.8874202,84.1382368
CHHATTISGARH,Total,Jashpur,Water transport,6,6,0,0,0,0,4,4,0,2,2,0,0,0,0,0,0,0,0,0,0,0,0,0,0,0,0,0,0,0,22.8874202,84.1382368
CHHATTISGARH,Total,Jashpur,Any other,170,166,4,0,0,0,20,17,3,36,36,0,17,17,0,44,43,1,13,13,0,18,18,0,21,21,0,1,1,0,22.8874202,84.1382368
CHHATTISGARH,Total,Jashpur,No travel,15858,10277,5581,15858,10277,5581,0,0,0,0,0,0,0,0,0,0,0,0,0,0,0,0,0,0,0,0,0,0,0,0,22.8874202,84.1382368
CHHATTISGARH,Rural,Jashpur,All Modes,37084,24457,12627,12416,7676,4740,9074,5070,4004,8074,5617,2457,3808,3007,801,1995,1660,335,735,590,145,487,403,84,464,409,55,31,25,6,22.8874202,84.1382368
CHHATTISGARH,Rural,Jashpur,On foot,11346,5912,5434,0,0,0,7298,3672,3626,3274,1768,1506,774,472,302,0,0,0,0,0,0,0,0,0,0,0,0,0,0,0,22.8874202,84.1382368
CHHATTISGARH,Rural,Jashpur,Bicycle,6081,5033,1048,0,0,0,983,743,240,2927,2384,543,1492,1302,190,533,475,58,146,129,17,0,0,0,0,0,0,0,0,0,22.8874202,84.1382368
CHHATTISGARH,Rural,Jashpur,Moped/Scooter/Motor Cycle,5228,4433,795,0,0,0,706,597,109,1647,1331,316,1241,1052,189,1008,878,130,335,303,32,183,170,13,85,83,2,23,19,4,22.8874202,84.1382368
CHHATTISGARH,Rural,Jashpur,Car/Jeep/Van,210,190,20,0,0,0,20,15,5,27,25,2,44,41,3,44,41,3,26,20,6,16,16,0,33,32,1,0,0,0,22.8874202,84.1382368
CHHATTISGARH,Rural,Jashpur,Tempo/Autorickshaw/Taxi,28,22,6,0,0,0,0,0,0,7,4,3,4,3,1,3,2,1,4,4,0,8,8,0,1,1,0,1,0,1,22.8874202,84.1382368
CHHATTISGARH,Rural,Jashpur,Bus,1539,991,548,0,0,0,38,20,18,120,43,77,212,100,112,367,231,136,216,126,90,269,200,69,313,268,45,4,3,1,22.8874202,84.1382368
CHHATTISGARH,Rural,Jashpur,Train,155,122,33,0,0,0,19,15,4,49,39,10,30,26,4,21,15,6,3,3,0,4,2,2,26,19,7,3,3,0,22.8874202,84.1382368
CHHATTISGARH,Rural,Jashpur,Water transport,4,4,0,0,0,0,3,3,0,1,1,0,0,0,0,0,0,0,0,0,0,0,0,0,0,0,0,0,0,0,22.8874202,84.1382368
CHHATTISGARH,Rural,Jashpur,Any other,77,74,3,0,0,0,7,5,2,22,22,0,11,11,0,19,18,1,5,5,0,7,7,0,6,6,0,0,0,0,22.8874202,84.1382368
CHHATTISGARH,Rural,Jashpur,No travel,12416,7676,4740,12416,7676,4740,0,0,0,0,0,0,0,0,0,0,0,0,0,0,0,0,0,0,0,0,0,0,0,0,22.8874202,84.1382368
CHHATTISGARH,Urban,Jashpur,All Modes,18299,14492,3807,3442,2601,841,7479,5956,1523,4435,3546,889,934,714,220,917,702,215,415,363,52,333,295,38,317,291,26,27,24,3,22.8874202,84.1382368
CHHATTISGARH,Urban,Jashpur,On foot,6778,4920,1858,0,0,0,4788,3500,1288,1741,1236,505,249,184,65,0,0,0,0,0,0,0,0,0,0,0,0,0,0,0,22.8874202,84.1382368
CHHATTISGARH,Urban,Jashpur,Bicycle,2493,2220,273,0,0,0,856,771,85,1336,1175,161,125,110,15,102,92,10,74,72,2,0,0,0,0,0,0,0,0,0,22.8874202,84.1382368
CHHATTISGARH,Urban,Jashpur,Moped/Scooter/Motor Cycle,4138,3655,483,0,0,0,1663,1536,127,1173,996,177,430,347,83,478,405,73,173,163,10,130,123,7,69,66,3,22,19,3,22.8874202,84.1382368
CHHATTISGARH,Urban,Jashpur,Car/Jeep/Van,312,286,26,0,0,0,95,85,10,69,60,9,17,15,2,32,30,2,17,17,0,36,36,0,43,40,3,3,3,0,22.8874202,84.1382368
CHHATTISGARH,Urban,Jashpur,Tempo/Autorickshaw/Taxi,53,50,3,0,0,0,14,12,2,12,12,0,1,1,0,12,11,1,9,9,0,2,2,0,3,3,0,0,0,0,22.8874202,84.1382368
CHHATTISGARH,Urban,Jashpur,Bus,926,623,303,0,0,0,29,21,8,70,39,31,99,49,50,262,137,125,131,92,39,152,121,31,182,163,19,1,1,0,22.8874202,84.1382368
CHHATTISGARH,Urban,Jashpur,Train,62,43,19,0,0,0,20,18,2,19,13,6,7,2,5,6,2,4,3,2,1,2,2,0,5,4,1,0,0,0,22.8874202,84.1382368
CHHATTISGARH,Urban,Jashpur,Water transport,2,2,0,0,0,0,1,1,0,1,1,0,0,0,0,0,0,0,0,0,0,0,0,0,0,0,0,0,0,0,22.8874202,84.1382368
CHHATTISGARH,Urban,Jashpur,Any other,93,92,1,0,0,0,13,12,1,14,14,0,6,6,0,25,25,0,8,8,0,11,11,0,15,15,0,1,1,0,22.8874202,84.1382368
CHHATTISGARH,Urban,Jashpur,No travel,3442,2601,841,3442,2601,841,0,0,0,0,0,0,0,0,0,0,0,0,0,0,0,0,0,0,0,0,0,0,0,0,22.8874202,84.1382368
UTTAR PRADESH,Total,Ballia,All Modes,356629,258309,98320,210753,135130,75623,40588,30746,9842,43572,38622,4950,29117,23596,5521,6864,6358,506,9070,8290,780,2514,2339,175,7667,7346,321,6484,5882,602,25.7584381,84.1487319
UTTAR PRADESH,Total,Ballia,On foot,63447,46776,16671,0,0,0,31558,22724,8834,15988,12875,3113,15901,11177,4724,0,0,0,0,0,0,0,0,0,0,0,0,0,0,0,25.7584381,84.1487319
UTTAR PRADESH,Total,Ballia,Bicycle,41829,39569,2260,0,0,0,5478,4993,485,19098,18257,841,7862,7625,237,2596,2499,97,6795,6195,600,0,0,0,0,0,0,0,0,0,25.7584381,84.1487319
UTTAR PRADESH,Total,Ballia,Moped/Scooter/Motor Cycle,15425,14439,986,0,0,0,1849,1684,165,5087,4776,311,2618,2479,139,1950,1849,101,907,859,48,763,727,36,462,440,22,1789,1625,164,25.7584381,84.1487319
UTTAR PRADESH,Total,Ballia,Car/Jeep/Van,3396,2685,711,0,0,0,306,215,91,695,495,200,523,412,111,624,480,144,286,258,28,310,280,30,219,200,19,433,345,88,25.7584381,84.1487319
UTTAR PRADESH,Total,Ballia,Tempo/Autorickshaw/Taxi,3328,2568,760,0,0,0,265,169,96,951,651,300,868,679,189,582,521,61,144,121,23,98,88,10,67,62,5,353,277,76,25.7584381,84.1487319
UTTAR PRADESH,Total,Ballia,Bus,5069,4514,555,0,0,0,342,268,74,656,562,94,688,601,87,726,654,72,595,543,52,715,650,65,755,713,42,592,523,69,25.7584381,84.1487319
UTTAR PRADESH,Total,Ballia,Train,12006,11370,636,0,0,0,619,543,76,698,644,54,450,420,30,315,288,27,307,280,27,594,562,32,6023,5795,228,3000,2838,162,25.7584381,84.1487319
UTTAR PRADESH,Total,Ballia,Water transport,295,271,24,0,0,0,57,51,6,103,95,8,23,23,0,3,2,1,5,4,1,8,8,0,40,39,1,56,49,7,25.7584381,84.1487319
UTTAR PRADESH,Total,Ballia,Any other,1081,987,94,0,0,0,114,99,15,296,267,29,184,180,4,68,65,3,31,30,1,26,24,2,101,97,4,261,225,36,25.7584381,84.1487319
UTTAR PRADESH,Total,Ballia,No travel,210753,135130,75623,210753,135130,75623,0,0,0,0,0,0,0,0,0,0,0,0,0,0,0,0,0,0,0,0,0,0,0,0,25.7584381,84.1487319
UTTAR PRADESH,Rural,Ballia,All Modes,294295,209012,85283,178917,113140,65777,28793,20236,8557,33821,29655,4166,24671,19787,4884,5942,5533,409,7873,7229,644,2025,1911,114,6667,6425,242,5586,5096,490,25.7584381,84.1487319
UTTAR PRADESH,Rural,Ballia,On foot,47726,33038,14688,0,0,0,22390,14653,7737,12272,9547,2725,13064,8838,4226,0,0,0,0,0,0,0,0,0,0,0,0,0,0,0,25.7584381,84.1487319
UTTAR PRADESH,Rural,Ballia,Bicycle,34624,32709,1915,0,0,0,3929,3521,408,15312,14617,695,7052,6831,221,2398,2311,87,5933,5429,504,0,0,0,0,0,0,0,0,0,25.7584381,84.1487319
UTTAR PRADESH,Rural,Ballia,Moped/Scooter/Motor Cycle,11453,10715,738,0,0,0,1065,951,114,3435,3209,226,2176,2064,112,1618,1535,83,756,716,40,625,600,25,372,355,17,1406,1285,121,25.7584381,84.1487319
UTTAR PRADESH,Rural,Ballia,Car/Jeep/Van,2741,2156,585,0,0,0,232,151,81,539,374,165,434,343,91,508,393,115,244,223,21,233,214,19,184,167,17,367,291,76,25.7584381,84.1487319
UTTAR PRADESH,Rural,Ballia,Tempo/Autorickshaw/Taxi,2699,2182,517,0,0,0,201,135,66,728,529,199,744,610,134,469,431,38,116,101,15,84,77,7,55,51,4,302,248,54,25.7584381,84.1487319
UTTAR PRADESH,Rural,Ballia,Bus,4386,3944,442,0,0,0,298,234,64,569,494,75,598,526,72,629,571,58,534,492,42,567,525,42,642,610,32,549,492,57,25.7584381,84.1487319
UTTAR PRADESH,Rural,Ballia,Train,10518,10006,512,0,0,0,523,456,67,623,575,48,405,381,24,253,229,24,267,246,21,484,465,19,5290,5122,168,2673,2532,141,25.7584381,84.1487319
UTTAR PRADESH,Rural,Ballia,Water transport,280,259,21,0,0,0,55,49,6,98,91,7,23,23,0,3,2,1,4,4,0,7,7,0,38,37,1,52,46,6,25.7584381,84.1487319
UTTAR PRADESH,Rural,Ballia,Any other,951,863,88,0,0,0,100,86,14,245,219,26,175,171,4,64,61,3,19,18,1,25,23,2,86,83,3,237,202,35,25.7584381,84.1487319
UTTAR PRADESH,Rural,Ballia,No travel,178917,113140,65777,178917,113140,65777,0,0,0,0,0,0,0,0,0,0,0,0,0,0,0,0,0,0,0,0,0,0,0,0,25.7584381,84.1487319
UTTAR PRADESH,Urban,Ballia,All Modes,62334,49297,13037,31836,21990,9846,11795,10510,1285,9751,8967,784,4446,3809,637,922,825,97,1197,1061,136,489,428,61,1000,921,79,898,786,112,25.7584381,84.1487319
UTTAR PRADESH,Urban,Ballia,On foot,15721,13738,1983,0,0,0,9168,8071,1097,3716,3328,388,2837,2339,498,0,0,0,0,0,0,0,0,0,0,0,0,0,0,0,25.7584381,84.1487319
UTTAR PRADESH,Urban,Ballia,Bicycle,7205,6860,345,0,0,0,1549,1472,77,3786,3640,146,810,794,16,198,188,10,862,766,96,0,0,0,0,0,0,0,0,0,25.7584381,84.1487319
UTTAR PRADESH,Urban,Ballia,Moped/Scooter/Motor Cycle,3972,3724,248,0,0,0,784,733,51,1652,1567,85,442,415,27,332,314,18,151,143,8,138,127,11,90,85,5,383,340,43,25.7584381,84.1487319
UTTAR PRADESH,Urban,Ballia,Car/Jeep/Van,655,529,126,0,0,0,74,64,10,156,121,35,89,69,20,116,87,29,42,35,7,77,66,11,35,33,2,66,54,12,25.7584381,84.1487319
UTTAR PRADESH,Urban,Ballia,Tempo/Autorickshaw/Taxi,629,386,243,0,0,0,64,34,30,223,122,101,124,69,55,113,90,23,28,20,8,14,11,3,12,11,1,51,29,22,25.7584381,84.1487319
UTTAR PRADESH,Urban,Ballia,Bus,683,570,113,0,0,0,44,34,10,87,68,19,90,75,15,97,83,14,61,51,10,148,125,23,113,103,10,43,31,12,25.7584381,84.1487319
UTTAR PRADESH,Urban,Ballia,Train,1488,1364,124,0,0,0,96,87,9,75,69,6,45,39,6,62,59,3,40,34,6,110,97,13,733,673,60,327,306,21,25.7584381,84.1487319
UTTAR PRADESH,Urban,Ballia,Water transport,15,12,3,0,0,0,2,2,0,5,4,1,0,0,0,0,0,0,1,0,1,1,1,0,2,2,0,4,3,1,25.7584381,84.1487319
UTTAR PRADESH,Urban,Ballia,Any other,130,124,6,0,0,0,14,13,1,51,48,3,9,9,0,4,4,0,12,12,0,1,1,0,15,14,1,24,23,1,25.7584381,84.1487319
UTTAR PRADESH,Urban,Ballia,No travel,31836,21990,9846,31836,21990,9846,0,0,0,0,0,0,0,0,0,0,0,0,0,0,0,0,0,0,0,0,0,0,0,0,25.7584381,84.1487319
ODISHA,Total,Gajapati,All Modes,70302,45321,24981,20384,12030,8354,15956,9786,6170,17300,11168,6132,9378,6224,3154,2514,2068,446,1928,1664,264,820,689,131,961,867,94,1061,825,236,19.1912221,84.1857115
ODISHA,Total,Gajapati,On foot,31047,17163,13884,0,0,0,13685,7738,5947,11296,6000,5296,6066,3425,2641,0,0,0,0,0,0,0,0,0,0,0,0,0,0,0,19.1912221,84.1857115
ODISHA,Total,Gajapati,Bicycle,7057,6655,402,0,0,0,1081,1015,66,3465,3258,207,1272,1215,57,403,386,17,836,781,55,0,0,0,0,0,0,0,0,0,19.1912221,84.1857115
ODISHA,Total,Gajapati,Moped/Scooter/Motor Cycle,4479,4169,310,0,0,0,899,832,67,1436,1315,121,698,653,45,555,525,30,280,273,7,205,200,5,114,98,16,292,273,19,19.1912221,84.1857115
ODISHA,Total,Gajapati,Car/Jeep/Van,483,399,84,0,0,0,43,36,7,63,51,12,68,56,12,106,83,23,54,45,9,40,36,4,34,31,3,75,61,14,19.1912221,84.1857115
ODISHA,Total,Gajapati,Tempo/Autorickshaw/Taxi,1481,947,534,0,0,0,83,50,33,515,220,295,376,281,95,193,165,28,82,70,12,69,48,21,40,37,3,123,76,47,19.1912221,84.1857115
ODISHA,Total,Gajapati,Bus,4565,3317,1248,0,0,0,102,70,32,427,249,178,824,534,290,1199,863,336,654,477,177,480,384,96,510,459,51,369,281,88,19.1912221,84.1857115
ODISHA,Total,Gajapati,Train,539,454,85,0,0,0,31,26,5,62,48,14,29,22,7,20,16,4,10,8,2,10,5,5,254,233,21,123,96,27,19.1912221,84.1857115
ODISHA,Total,Gajapati,Water transport,19,14,5,0,0,0,4,2,2,2,0,2,4,4,0,2,2,0,4,3,1,0,0,0,2,2,0,1,1,0,19.1912221,84.1857115
ODISHA,Total,Gajapati,Any other,248,173,75,0,0,0,28,17,11,34,27,7,41,34,7,36,28,8,8,7,1,16,16,0,7,7,0,78,37,41,19.1912221,84.1857115
ODISHA,Total,Gajapati,No travel,20384,12030,8354,20384,12030,8354,0,0,0,0,0,0,0,0,0,0,0,0,0,0,0,0,0,0,0,0,0,0,0,0,19.1912221,84.1857115
ODISHA,Rural,Gajapati,All Modes,49086,29415,19671,15757,8811,6946,9425,4906,4519,12135,7202,4933,7182,4600,2582,1783,1515,268,1089,972,117,422,362,60,548,490,58,745,557,188,19.1912221,84.1857115
ODISHA,Rural,Gajapati,On foot,22971,11875,11096,0,0,0,8780,4368,4412,9229,4786,4443,4962,2721,2241,0,0,0,0,0,0,0,0,0,0,0,0,0,0,0,19.1912221,84.1857115
ODISHA,Rural,Gajapati,Bicycle,3999,3739,260,0,0,0,317,286,31,1846,1718,128,949,904,45,332,316,16,555,515,40,0,0,0,0,0,0,0,0,0,19.1912221,84.1857115
ODISHA,Rural,Gajapati,Moped/Scooter/Motor Cycle,1872,1723,149,0,0,0,170,147,23,449,398,51,396,368,28,375,357,18,150,149,1,99,99,0,71,57,14,162,148,14,19.1912221,84.1857115
ODISHA,Rural,Gajapati,Car/Jeep/Van,324,264,60,0,0,0,21,19,2,31,21,10,47,38,9,88,68,20,35,32,3,24,21,3,16,15,1,62,50,12,19.1912221,84.1857115
ODISHA,Rural,Gajapati,Tempo/Autorickshaw/Taxi,972,607,365,0,0,0,43,26,17,292,102,190,265,190,75,150,130,20,56,46,10,47,32,15,19,18,1,100,63,37,19.1912221,84.1857115
ODISHA,Rural,Gajapati,Bus,2575,1919,656,0,0,0,59,39,20,229,135,94,501,330,171,788,605,183,280,217,63,232,193,39,236,211,25,250,189,61,19.1912221,84.1857115
ODISHA,Rural,Gajapati,Train,399,332,67,0,0,0,15,11,4,39,28,11,24,18,6,15,12,3,4,4,0,7,4,3,198,181,17,97,74,23,19.1912221,84.1857115
ODISHA,Rural,Gajapati,Water transport,12,10,2,0,0,0,2,1,1,1,0,1,3,3,0,2,2,0,2,2,0,0,0,0,2,2,0,0,0,0,19.1912221,84.1857115
ODISHA,Rural,Gajapati,Any other,205,135,70,0,0,0,18,9,9,19,14,5,35,28,7,33,25,8,7,7,0,13,13,0,6,6,0,74,33,41,19.1912221,84.1857115
ODISHA,Rural,Gajapati,No travel,15757,8811,6946,15757,8811,6946,0,0,0,0,0,0,0,0,0,0,0,0,0,0,0,0,0,0,0,0,0,0,0,0,19.1912221,84.1857115
ODISHA,Urban,Gajapati,All Modes,21216,15906,5310,4627,3219,1408,6531,4880,1651,5165,3966,1199,2196,1624,572,731,553,178,839,692,147,398,327,71,413,377,36,316,268,48,19.1912221,84.1857115
ODISHA,Urban,Gajapati,On foot,8076,5288,2788,0,0,0,4905,3370,1535,2067,1214,853,1104,704,400,0,0,0,0,0,0,0,0,0,0,0,0,0,0,0,19.1912221,84.1857115
ODISHA,Urban,Gajapati,Bicycle,3058,2916,142,0,0,0,764,729,35,1619,1540,79,323,311,12,71,70,1,281,266,15,0,0,0,0,0,0,0,0,0,19.1912221,84.1857115
ODISHA,Urban,Gajapati,Moped/Scooter/Motor Cycle,2607,2446,161,0,0,0,729,685,44,987,917,70,302,285,17,180,168,12,130,124,6,106,101,5,43,41,2,130,125,5,19.1912221,84.1857115
ODISHA,Urban,Gajapati,Car/Jeep/Van,159,135,24,0,0,0,22,17,5,32,30,2,21,18,3,18,15,3,19,13,6,16,15,1,18,16,2,13,11,2,19.1912221,84.1857115
ODISHA,Urban,Gajapati,Tempo/Autorickshaw/Taxi,509,340,169,0,0,0,40,24,16,223,118,105,111,91,20,43,35,8,26,24,2,22,16,6,21,19,2,23,13,10,19.1912221,84.1857115
ODISHA,Urban,Gajapati,Bus,1990,1398,592,0,0,0,43,31,12,198,114,84,323,204,119,411,258,153,374,260,114,248,191,57,274,248,26,119,92,27,19.1912221,84.1857115
ODISHA,Urban,Gajapati,Train,140,122,18,0,0,0,16,15,1,23,20,3,5,4,1,5,4,1,6,4,2,3,1,2,56,52,4,26,22,4,19.1912221,84.1857115
ODISHA,Urban,Gajapati,Water transport,7,4,3,0,0,0,2,1,1,1,0,1,1,1,0,0,0,0,2,1,1,0,0,0,0,0,0,1,1,0,19.1912221,84.1857115
ODISHA,Urban,Gajapati,Any other,43,38,5,0,0,0,10,8,2,15,13,2,6,6,0,3,3,0,1,0,1,3,3,0,1,1,0,4,4,0,19.1912221,84.1857115
ODISHA,Urban,Gajapati,No travel,4627,3219,1408,4627,3219,1408,0,0,0,0,0,0,0,0,0,0,0,0,0,0,0,0,0,0,0,0,0,0,0,0,19.1912221,84.1857115
JHARKHAND,Total,Palamu,All Modes,178703,142740,35963,64337,43122,21215,28108,21993,6115,39908,34779,5129,21127,18923,2204,8288,7846,442,3641,3406,235,2705,2565,140,8825,8472,353,1764,1634,130,24.1286106,84.1857115
JHARKHAND,Total,Palamu,On foot,51346,39918,11428,0,0,0,23321,17499,5822,20772,16713,4059,7253,5706,1547,0,0,0,0,0,0,0,0,0,0,0,0,0,0,0,24.1286106,84.1857115
JHARKHAND,Total,Palamu,Bicycle,24353,23902,451,0,0,0,2048,1991,57,10928,10714,214,7553,7445,108,2650,2623,27,1174,1129,45,0,0,0,0,0,0,0,0,0,24.1286106,84.1857115
JHARKHAND,Total,Palamu,Moped/Scooter/Motor Cycle,12914,12342,572,0,0,0,1852,1754,98,5311,5078,233,2453,2336,117,1460,1409,51,600,580,20,531,516,15,323,314,9,384,355,29,24.1286106,84.1857115
JHARKHAND,Total,Palamu,Car/Jeep/Van,1768,1578,190,0,0,0,196,174,22,407,330,77,292,256,36,380,361,19,135,126,9,119,107,12,170,159,11,69,65,4,24.1286106,84.1857115
JHARKHAND,Total,Palamu,Tempo/Autorickshaw/Taxi,6533,5548,985,0,0,0,242,173,69,1550,1156,394,2276,2005,271,1771,1586,185,297,265,32,170,159,11,91,88,3,136,116,20,24.1286106,84.1857115
JHARKHAND,Total,Palamu,Bus,8824,8092,732,0,0,0,182,155,27,576,450,126,1001,892,109,1526,1400,126,1193,1079,114,1352,1274,78,2695,2562,133,299,280,19,24.1286106,84.1857115
JHARKHAND,Total,Palamu,Train,7992,7661,331,0,0,0,171,160,11,222,213,9,194,182,12,447,418,29,220,207,13,485,464,21,5453,5256,197,800,761,39,24.1286106,84.1857115
JHARKHAND,Total,Palamu,Water transport,93,89,4,0,0,0,42,38,4,7,7,0,8,8,0,6,6,0,1,1,0,3,3,0,20,20,0,6,6,0,24.1286106,84.1857115
JHARKHAND,Total,Palamu,Any other,543,488,55,0,0,0,54,49,5,135,118,17,97,93,4,48,43,5,21,19,2,45,42,3,73,73,0,70,51,19,24.1286106,84.1857115
JHARKHAND,Total,Palamu,No travel,64337,43122,21215,64337,43122,21215,0,0,0,0,0,0,0,0,0,0,0,0,0,0,0,0,0,0,0,0,0,0,0,0,24.1286106,84.1857115
JHARKHAND,Rural,Palamu,All Modes,128478,99949,28529,49851,32215,17636,17227,12566,4661,24169,20629,3540,17045,15279,1766,7081,6750,331,2721,2575,146,1947,1867,80,7244,6969,275,1193,1099,94,24.1286106,84.1857115
JHARKHAND,Rural,Palamu,On foot,35020,26046,8974,0,0,0,15036,10538,4498,14059,10922,3137,5925,4586,1339,0,0,0,0,0,0,0,0,0,0,0,0,0,0,0,24.1286106,84.1857115
JHARKHAND,Rural,Palamu,Bicycle,18197,17857,340,0,0,0,1165,1126,39,7099,6954,145,6576,6483,93,2490,2463,27,867,831,36,0,0,0,0,0,0,0,0,0,24.1286106,84.1857115
JHARKHAND,Rural,Palamu,Moped/Scooter/Motor Cycle,5211,4920,291,0,0,0,480,428,52,1488,1394,94,1312,1248,64,907,874,33,371,361,10,288,277,11,179,173,6,186,165,21,24.1286106,84.1857115
JHARKHAND,Rural,Palamu,Car/Jeep/Van,962,895,67,0,0,0,50,46,4,135,117,18,172,156,16,299,288,11,90,86,4,77,69,8,99,95,4,40,38,2,24.1286106,84.1857115
JHARKHAND,Rural,Palamu,Tempo/Autorickshaw/Taxi,5238,4712,526,0,0,0,149,115,34,805,700,105,2034,1847,187,1675,1517,158,265,239,26,132,127,5,81,79,2,97,88,9,24.1286106,84.1857115
JHARKHAND,Rural,Palamu,Bus,6933,6549,384,0,0,0,144,125,19,346,323,23,780,724,56,1255,1185,70,944,881,63,1051,1008,43,2178,2078,100,235,225,10,24.1286106,84.1857115
JHARKHAND,Rural,Palamu,Train,6616,6353,263,0,0,0,142,132,10,172,166,6,159,152,7,410,383,27,172,167,5,358,347,11,4628,4465,163,575,541,34,24.1286106,84.1857115
JHARKHAND,Rural,Palamu,Water transport,85,82,3,0,0,0,41,38,3,7,7,0,8,8,0,6,6,0,0,0,0,2,2,0,15,15,0,6,6,0,24.1286106,84.1857115
JHARKHAND,Rural,Palamu,Any other,365,320,45,0,0,0,20,18,2,58,46,12,79,75,4,39,34,5,12,10,2,39,37,2,64,64,0,54,36,18,24.1286106,84.1857115
JHARKHAND,Rural,Palamu,No travel,49851,32215,17636,49851,32215,17636,0,0,0,0,0,0,0,0,0,0,0,0,0,0,0,0,0,0,0,0,0,0,0,0,24.1286106,84.1857115
JHARKHAND,Urban,Palamu,All Modes,50225,42791,7434,14486,10907,3579,10881,9427,1454,15739,14150,1589,4082,3644,438,1207,1096,111,920,831,89,758,698,60,1581,1503,78,571,535,36,24.1286106,84.1857115
JHARKHAND,Urban,Palamu,On foot,16326,13872,2454,0,0,0,8285,6961,1324,6713,5791,922,1328,1120,208,0,0,0,0,0,0,0,0,0,0,0,0,0,0,0,24.1286106,84.1857115
JHARKHAND,Urban,Palamu,Bicycle,6156,6045,111,0,0,0,883,865,18,3829,3760,69,977,962,15,160,160,0,307,298,9,0,0,0,0,0,0,0,0,0,24.1286106,84.1857115
JHARKHAND,Urban,Palamu,Moped/Scooter/Motor Cycle,7703,7422,281,0,0,0,1372,1326,46,3823,3684,139,1141,1088,53,553,535,18,229,219,10,243,239,4,144,141,3,198,190,8,24.1286106,84.1857115
JHARKHAND,Urban,Palamu,Car/Jeep/Van,806,683,123,0,0,0,146,128,18,272,213,59,120,100,20,81,73,8,45,40,5,42,38,4,71,64,7,29,27,2,24.1286106,84.1857115
JHARKHAND,Urban,Palamu,Tempo/Autorickshaw/Taxi,1295,836,459,0,0,0,93,58,35,745,456,289,242,158,84,96,69,27,32,26,6,38,32,6,10,9,1,39,28,11,24.1286106,84.1857115
JHARKHAND,Urban,Palamu,Bus,1891,1543,348,0,0,0,38,30,8,230,127,103,221,168,53,271,215,56,249,198,51,301,266,35,517,484,33,64,55,9,24.1286106,84.1857115
JHARKHAND,Urban,Palamu,Train,1376,1308,68,0,0,0,29,28,1,50,47,3,35,30,5,37,35,2,48,40,8,127,117,10,825,791,34,225,220,5,24.1286106,84.1857115
JHARKHAND,Urban,Palamu,Water transport,8,7,1,0,0,0,1,0,1,0,0,0,0,0,0,0,0,0,1,1,0,1,1,0,5,5,0,0,0,0,24.1286106,84.1857115
JHARKHAND,Urban,Palamu,Any other,178,168,10,0,0,0,34,31,3,77,72,5,18,18,0,9,9,0,9,9,0,6,5,1,9,9,0,16,15,1,24.1286106,84.1857115
JHARKHAND,Urban,Palamu,No travel,14486,10907,3579,14486,10907,3579,0,0,0,0,0,0,0,0,0,0,0,0,0,0,0,0,0,0,0,0,0,0,0,0,24.1286106,84.1857115
ODISHA,Total,Baudh,All Modes,39441,27573,11868,14468,9445,5023,7542,5003,2539,8551,6194,2357,4960,3440,1520,1219,1064,155,1223,1106,117,362,324,38,605,563,42,511,434,77,20.828446,84.3271305
ODISHA,Total,Baudh,On foot,12686,7091,5595,0,0,0,5393,3049,2344,4294,2375,1919,2999,1667,1332,0,0,0,0,0,0,0,0,0,0,0,0,0,0,0,20.828446,84.3271305
ODISHA,Total,Baudh,Bicycle,7070,6537,533,0,0,0,1317,1222,95,3019,2762,257,1275,1194,81,564,529,35,895,830,65,0,0,0,0,0,0,0,0,0,20.828446,84.3271305
ODISHA,Total,Baudh,Moped/Scooter/Motor Cycle,3344,2970,374,0,0,0,657,588,69,1037,904,133,508,458,50,390,350,40,181,165,16,170,160,10,113,110,3,288,235,53,20.828446,84.3271305
ODISHA,Total,Baudh,Car/Jeep/Van,254,218,36,0,0,0,44,36,8,48,39,9,33,27,6,15,15,0,15,12,3,27,21,6,39,39,0,33,29,4,20.828446,84.3271305
ODISHA,Total,Baudh,Tempo/Autorickshaw/Taxi,140,122,18,0,0,0,23,20,3,27,19,8,22,21,1,23,19,4,8,8,0,7,7,0,8,8,0,22,20,2,20.828446,84.3271305
ODISHA,Total,Baudh,Bus,1107,848,259,0,0,0,45,30,15,63,34,29,87,40,47,204,129,75,116,83,33,146,125,21,366,334,32,80,73,7,20.828446,84.3271305
ODISHA,Total,Baudh,Train,153,138,15,0,0,0,24,23,1,16,14,2,8,6,2,3,3,0,1,1,0,4,3,1,63,59,4,34,29,5,20.828446,84.3271305
ODISHA,Total,Baudh,Water transport,70,69,1,0,0,0,10,10,0,23,23,0,5,5,0,4,3,1,1,1,0,2,2,0,1,1,0,24,24,0,20.828446,84.3271305
ODISHA,Total,Baudh,Any other,149,135,14,0,0,0,29,25,4,24,24,0,23,22,1,16,16,0,6,6,0,6,6,0,15,12,3,30,24,6,20.828446,84.3271305
ODISHA,Total,Baudh,No travel,14468,9445,5023,14468,9445,5023,0,0,0,0,0,0,0,0,0,0,0,0,0,0,0,0,0,0,0,0,0,0,0,0,20.828446,84.3271305
ODISHA,Rural,Baudh,All Modes,33910,23201,10709,13159,8462,4697,5665,3489,2176,7273,5180,2093,4546,3136,1410,1053,937,116,1041,947,94,288,261,27,496,465,31,389,324,65,20.828446,84.3271305
ODISHA,Rural,Baudh,On foot,11233,6176,5057,0,0,0,4522,2471,2051,3939,2192,1747,2772,1513,1259,0,0,0,0,0,0,0,0,0,0,0,0,0,0,0,20.828446,84.3271305
ODISHA,Rural,Baudh,Bicycle,5803,5320,483,0,0,0,755,679,76,2524,2290,234,1217,1138,79,537,502,35,770,711,59,0,0,0,0,0,0,0,0,0,20.828446,84.3271305
ODISHA,Rural,Baudh,Moped/Scooter/Motor Cycle,2300,2054,246,0,0,0,288,259,29,680,593,87,413,374,39,306,280,26,154,143,11,139,133,6,84,81,3,236,191,45,20.828446,84.3271305
ODISHA,Rural,Baudh,Car/Jeep/Van,186,161,25,0,0,0,16,14,2,29,23,6,32,27,5,13,13,0,12,10,2,22,16,6,34,34,0,28,24,4,20.828446,84.3271305
ODISHA,Rural,Baudh,Tempo/Autorickshaw/Taxi,84,76,8,0,0,0,8,7,1,11,9,2,18,18,0,18,15,3,5,5,0,4,4,0,7,7,0,13,11,2,20.828446,84.3271305
ODISHA,Rural,Baudh,Bus,871,705,166,0,0,0,35,23,12,45,29,16,59,34,25,156,105,51,92,70,22,114,100,14,309,287,22,61,57,4,20.828446,84.3271305
ODISHA,Rural,Baudh,Train,110,98,12,0,0,0,14,13,1,12,11,1,8,6,2,3,3,0,1,1,0,3,2,1,47,44,3,22,18,4,20.828446,84.3271305
ODISHA,Rural,Baudh,Water transport,26,25,1,0,0,0,1,1,0,12,12,0,4,4,0,4,3,1,1,1,0,0,0,0,0,0,0,4,4,0,20.828446,84.3271305
ODISHA,Rural,Baudh,Any other,138,124,14,0,0,0,26,22,4,21,21,0,23,22,1,16,16,0,6,6,0,6,6,0,15,12,3,25,19,6,20.828446,84.3271305
ODISHA,Rural,Baudh,No travel,13159,8462,4697,13159,8462,4697,0,0,0,0,0,0,0,0,0,0,0,0,0,0,0,0,0,0,0,0,0,0,0,0,20.828446,84.3271305
ODISHA,Urban,Baudh,All Modes,5531,4372,1159,1309,983,326,1877,1514,363,1278,1014,264,414,304,110,166,127,39,182,159,23,74,63,11,109,98,11,122,110,12,20.828446,84.3271305
ODISHA,Urban,Baudh,On foot,1453,915,538,0,0,0,871,578,293,355,183,172,227,154,73,0,0,0,0,0,0,0,0,0,0,0,0,0,0,0,20.828446,84.3271305
ODISHA,Urban,Baudh,Bicycle,1267,1217,50,0,0,0,562,543,19,495,472,23,58,56,2,27,27,0,125,119,6,0,0,0,0,0,0,0,0,0,20.828446,84.3271305
ODISHA,Urban,Baudh,Moped/Scooter/Motor Cycle,1044,916,128,0,0,0,369,329,40,357,311,46,95,84,11,84,70,14,27,22,5,31,27,4,29,29,0,52,44,8,20.828446,84.3271305
ODISHA,Urban,Baudh,Car/Jeep/Van,68,57,11,0,0,0,28,22,6,19,16,3,1,0,1,2,2,0,3,2,1,5,5,0,5,5,0,5,5,0,20.828446,84.3271305
ODISHA,Urban,Baudh,Tempo/Autorickshaw/Taxi,56,46,10,0,0,0,15,13,2,16,10,6,4,3,1,5,4,1,3,3,0,3,3,0,1,1,0,9,9,0,20.828446,84.3271305
ODISHA,Urban,Baudh,Bus,236,143,93,0,0,0,10,7,3,18,5,13,28,6,22,48,24,24,24,13,11,32,25,7,57,47,10,19,16,3,20.828446,84.3271305
ODISHA,Urban,Baudh,Train,43,40,3,0,0,0,10,10,0,4,3,1,0,0,0,0,0,0,0,0,0,1,1,0,16,15,1,12,11,1,20.828446,84.3271305
ODISHA,Urban,Baudh,Water transport,44,44,0,0,0,0,9,9,0,11,11,0,1,1,0,0,0,0,0,0,0,2,2,0,1,1,0,20,20,0,20.828446,84.3271305
ODISHA,Urban,Baudh,Any other,11,11,0,0,0,0,3,3,0,3,3,0,0,0,0,0,0,0,0,0,0,0,0,0,0,0,0,5,5,0,20.828446,84.3271305
ODISHA,Urban,Baudh,No travel,1309,983,326,1309,983,326,0,0,0,0,0,0,0,0,0,0,0,0,0,0,0,0,0,0,0,0,0,0,0,0,20.828446,84.3271305
BIHAR,Total,Aurangabad,All Modes,192497,142487,50010,98637,63125,35512,27359,21379,5980,26232,23278,2954,19367,15833,3534,5305,4776,529,5128,4626,502,1951,1729,222,4038,3732,306,4480,4009,471,24.7033198,84.3542049
BIHAR,Total,Aurangabad,On foot,45017,34960,10057,0,0,0,21247,16216,5031,11981,9932,2049,11789,8812,2977,0,0,0,0,0,0,0,0,0,0,0,0,0,0,0,24.7033198,84.3542049
BIHAR,Total,Aurangabad,Bicycle,21450,20071,1379,0,0,0,3779,3138,641,9036,8726,310,3933,3841,92,1385,1347,38,3317,3019,298,0,0,0,0,0,0,0,0,0,24.7033198,84.3542049
BIHAR,Total,Aurangabad,Moped/Scooter/Motor Cycle,8337,7833,504,0,0,0,1136,1054,82,2754,2597,157,1287,1221,66,1046,991,55,411,396,15,348,332,16,181,173,8,1174,1069,105,24.7033198,84.3542049
BIHAR,Total,Aurangabad,Car/Jeep/Van,1087,971,116,0,0,0,127,113,14,232,195,37,167,143,24,134,126,8,61,61,0,68,66,2,82,75,7,216,192,24,24.7033198,84.3542049
BIHAR,Total,Aurangabad,Tempo/Autorickshaw/Taxi,2823,2265,558,0,0,0,252,195,57,903,716,187,626,501,125,425,388,37,105,92,13,93,86,7,53,40,13,366,247,119,24.7033198,84.3542049
BIHAR,Total,Aurangabad,Bus,8725,7262,1463,0,0,0,431,326,105,850,677,173,1254,1026,228,2016,1644,372,1035,875,160,939,778,161,1184,1043,141,1016,893,123,24.7033198,84.3542049
BIHAR,Total,Aurangabad,Train,5747,5381,366,0,0,0,312,274,38,286,254,32,238,219,19,257,240,17,181,170,11,468,439,29,2456,2322,134,1549,1463,86,24.7033198,84.3542049
BIHAR,Total,Aurangabad,Water transport,82,68,14,0,0,0,6,3,3,15,15,0,11,10,1,8,7,1,1,1,0,7,4,3,11,10,1,23,18,5,24.7033198,84.3542049
BIHAR,Total,Aurangabad,Any other,592,551,41,0,0,0,69,60,9,175,166,9,62,60,2,34,33,1,17,12,5,28,24,4,71,69,2,136,127,9,24.7033198,84.3542049
BIHAR,Total,Aurangabad,No travel,98637,63125,35512,98637,63125,35512,0,0,0,0,0,0,0,0,0,0,0,0,0,0,0,0,0,0,0,0,0,0,0,0,24.7033198,84.3542049
BIHAR,Rural,Aurangabad,All Modes,145412,103357,42055,79164,48014,31150,17927,13030,4897,17769,15597,2172,14735,11955,2780,3890,3641,249,4029,3697,332,1259,1199,60,3188,3070,118,3451,3154,297,24.7033198,84.3542049
BIHAR,Rural,Aurangabad,On foot,30537,22364,8173,0,0,0,13624,9551,4073,8069,6432,1637,8844,6381,2463,0,0,0,0,0,0,0,0,0,0,0,0,0,0,0,24.7033198,84.3542049
BIHAR,Rural,Aurangabad,Bicycle,16739,15583,1156,0,0,0,2889,2276,613,6566,6372,194,3328,3255,73,1183,1150,33,2773,2530,243,0,0,0,0,0,0,0,0,0,24.7033198,84.3542049
BIHAR,Rural,Aurangabad,Moped/Scooter/Motor Cycle,5117,4748,369,0,0,0,540,483,57,1475,1367,108,868,818,50,752,708,44,304,292,12,235,226,9,133,126,7,810,728,82,24.7033198,84.3542049
BIHAR,Rural,Aurangabad,Car/Jeep/Van,767,681,86,0,0,0,71,60,11,141,119,22,147,125,22,95,88,7,51,51,0,49,48,1,59,54,5,154,136,18,24.7033198,84.3542049
BIHAR,Rural,Aurangabad,Tempo/Autorickshaw/Taxi,1831,1582,249,0,0,0,145,118,27,502,418,84,420,373,47,351,328,23,83,72,11,75,69,6,42,32,10,213,172,41,24.7033198,84.3542049
BIHAR,Rural,Aurangabad,Bus,5982,5362,620,0,0,0,358,279,79,627,532,95,893,781,112,1272,1142,130,659,602,57,509,484,25,825,786,39,839,756,83,24.7033198,84.3542049
BIHAR,Rural,Aurangabad,Train,4717,4509,208,0,0,0,241,212,29,240,215,25,179,168,11,198,188,10,144,139,5,360,348,12,2054,1998,56,1301,1241,60,24.7033198,84.3542049
BIHAR,Rural,Aurangabad,Water transport,70,59,11,0,0,0,5,2,3,14,14,0,9,9,0,7,6,1,1,1,0,6,3,3,10,10,0,18,14,4,24.7033198,84.3542049
BIHAR,Rural,Aurangabad,Any other,488,455,33,0,0,0,54,49,5,135,128,7,47,45,2,32,31,1,14,10,4,25,21,4,65,64,1,116,107,9,24.7033198,84.3542049
BIHAR,Rural,Aurangabad,No travel,79164,48014,31150,79164,48014,31150,0,0,0,0,0,0,0,0,0,0,0,0,0,0,0,0,0,0,0,0,0,0,0,0,24.7033198,84.3542049
BIHAR,Urban,Aurangabad,All Modes,47085,39130,7955,19473,15111,4362,9432,8349,1083,8463,7681,782,4632,3878,754,1415,1135,280,1099,929,170,692,530,162,850,662,188,1029,855,174,24.7033198,84.3542049
BIHAR,Urban,Aurangabad,On foot,14480,12596,1884,0,0,0,7623,6665,958,3912,3500,412,2945,2431,514,0,0,0,0,0,0,0,0,0,0,0,0,0,0,0,24.7033198,84.3542049
BIHAR,Urban,Aurangabad,Bicycle,4711,4488,223,0,0,0,890,862,28,2470,2354,116,605,586,19,202,197,5,544,489,55,0,0,0,0,0,0,0,0,0,24.7033198,84.3542049
BIHAR,Urban,Aurangabad,Moped/Scooter/Motor Cycle,3220,3085,135,0,0,0,596,571,25,1279,1230,49,419,403,16,294,283,11,107,104,3,113,106,7,48,47,1,364,341,23,24.7033198,84.3542049
BIHAR,Urban,Aurangabad,Car/Jeep/Van,320,290,30,0,0,0,56,53,3,91,76,15,20,18,2,39,38,1,10,10,0,19,18,1,23,21,2,62,56,6,24.7033198,84.3542049
BIHAR,Urban,Aurangabad,Tempo/Autorickshaw/Taxi,992,683,309,0,0,0,107,77,30,401,298,103,206,128,78,74,60,14,22,20,2,18,17,1,11,8,3,153,75,78,24.7033198,84.3542049
BIHAR,Urban,Aurangabad,Bus,2743,1900,843,0,0,0,73,47,26,223,145,78,361,245,116,744,502,242,376,273,103,430,294,136,359,257,102,177,137,40,24.7033198,84.3542049
BIHAR,Urban,Aurangabad,Train,1030,872,158,0,0,0,71,62,9,46,39,7,59,51,8,59,52,7,37,31,6,108,91,17,402,324,78,248,222,26,24.7033198,84.3542049
BIHAR,Urban,Aurangabad,Water transport,12,9,3,0,0,0,1,1,0,1,1,0,2,1,1,1,1,0,0,0,0,1,1,0,1,0,1,5,4,1,24.7033198,84.3542049
BIHAR,Urban,Aurangabad,Any other,104,96,8,0,0,0,15,11,4,40,38,2,15,15,0,2,2,0,3,2,1,3,3,0,6,5,1,20,20,0,24.7033198,84.3542049
BIHAR,Urban,Aurangabad,No travel,19473,15111,4362,19473,15111,4362,0,0,0,0,0,0,0,0,0,0,0,0,0,0,0,0,0,0,0,0,0,0,0,0,24.7033198,84.3542049
BIHAR,Total,Pashchim Champaran,All Modes,223884,176512,47372,99000,65872,33128,35240,29162,6078,39835,36333,3502,23917,20934,2983,7948,7305,643,5578,5174,404,2328,2183,145,6067,5870,197,3971,3679,292,27.1543104,84.3542049
BIHAR,Total,Pashchim Champaran,On foot,49148,39270,9878,0,0,0,27194,21645,5549,13448,11266,2182,8506,6359,2147,0,0,0,0,0,0,0,0,0,0,0,0,0,0,0,27.1543104,84.3542049
BIHAR,Total,Pashchim Champaran,Bicycle,43170,42136,1034,0,0,0,5303,5115,188,19593,19185,408,11063,10870,193,3700,3626,74,3511,3340,171,0,0,0,0,0,0,0,0,0,27.1543104,84.3542049
BIHAR,Total,Pashchim Champaran,Moped/Scooter/Motor Cycle,13308,11974,1334,0,0,0,1702,1546,156,4723,4265,458,2475,2193,282,1990,1798,192,786,714,72,628,595,33,250,236,14,754,627,127,27.1543104,84.3542049
BIHAR,Total,Pashchim Champaran,Car/Jeep/Van,1634,1300,334,0,0,0,196,164,32,352,259,93,275,198,77,347,271,76,125,107,18,142,129,13,99,87,12,98,85,13,27.1543104,84.3542049
BIHAR,Total,Pashchim Champaran,Tempo/Autorickshaw/Taxi,1788,1345,443,0,0,0,130,87,43,613,425,188,482,377,105,288,226,62,68,59,9,49,43,6,40,37,3,118,91,27,27.1543104,84.3542049
BIHAR,Total,Pashchim Champaran,Bus,3956,3379,577,0,0,0,150,112,38,320,259,61,520,384,136,921,747,174,458,384,74,592,554,38,706,671,35,289,268,21,27.1543104,84.3542049
BIHAR,Total,Pashchim Champaran,Train,10606,10128,478,0,0,0,417,369,48,409,375,34,395,370,25,591,535,56,602,549,53,873,822,51,4845,4715,130,2474,2393,81,27.1543104,84.3542049
BIHAR,Total,Pashchim Champaran,Water transport,117,106,11,0,0,0,22,19,3,22,22,0,4,3,1,9,9,0,1,1,0,8,7,1,20,20,0,31,25,6,27.1543104,84.3542049
BIHAR,Total,Pashchim Champaran,Any other,1157,1002,155,0,0,0,126,105,21,355,277,78,197,180,17,102,93,9,27,20,7,36,33,3,107,104,3,207,190,17,27.1543104,84.3542049
BIHAR,Total,Pashchim Champaran,No travel,99000,65872,33128,99000,65872,33128,0,0,0,0,0,0,0,0,0,0,0,0,0,0,0,0,0,0,0,0,0,0,0,0,27.1543104,84.3542049
BIHAR,Rural,Pashchim Champaran,All Modes,154609,116509,38100,76274,48353,27921,17388,12882,4506,22562,20285,2277,18258,15932,2326,6285,5946,339,4350,4070,280,1566,1481,85,4722,4590,132,3204,2970,234,27.1543104,84.3542049
BIHAR,Rural,Pashchim Champaran,On foot,25446,17947,7499,0,0,0,13023,8859,4164,6623,5092,1531,5800,3996,1804,0,0,0,0,0,0,0,0,0,0,0,0,0,0,0,27.1543104,84.3542049
BIHAR,Rural,Pashchim Champaran,Bicycle,31206,30406,800,0,0,0,3027,2898,129,12465,12173,292,9631,9458,173,3251,3197,54,2832,2680,152,0,0,0,0,0,0,0,0,0,27.1543104,84.3542049
BIHAR,Rural,Pashchim Champaran,Moped/Scooter/Motor Cycle,7675,6754,921,0,0,0,705,597,108,2305,2014,291,1604,1407,197,1389,1259,130,547,504,43,412,384,28,183,172,11,530,417,113,27.1543104,84.3542049
BIHAR,Rural,Pashchim Champaran,Car/Jeep/Van,975,835,140,0,0,0,78,65,13,173,137,36,173,142,31,236,209,27,80,75,5,96,88,8,65,55,10,74,64,10,27.1543104,84.3542049
BIHAR,Rural,Pashchim Champaran,Tempo/Autorickshaw/Taxi,1064,917,147,0,0,0,55,41,14,316,267,49,300,263,37,195,177,18,51,47,4,37,33,4,23,21,2,87,68,19,27.1543104,84.3542049
BIHAR,Rural,Pashchim Champaran,Bus,2915,2640,275,0,0,0,98,73,25,221,188,33,332,270,62,713,643,70,346,312,34,464,446,18,512,490,22,229,218,11,27.1543104,84.3542049
BIHAR,Rural,Pashchim Champaran,Train,8249,7922,327,0,0,0,320,279,41,302,273,29,279,267,12,409,375,34,470,432,38,525,500,25,3836,3751,85,2108,2045,63,27.1543104,84.3542049
BIHAR,Rural,Pashchim Champaran,Water transport,94,85,9,0,0,0,16,13,3,17,17,0,3,3,0,7,7,0,1,1,0,5,4,1,18,18,0,27,22,5,27.1543104,84.3542049
BIHAR,Rural,Pashchim Champaran,Any other,711,650,61,0,0,0,66,57,9,140,124,16,136,126,10,85,79,6,23,19,4,27,26,1,85,83,2,149,136,13,27.1543104,84.3542049
BIHAR,Rural,Pashchim Champaran,No travel,76274,48353,27921,76274,48353,27921,0,0,0,0,0,0,0,0,0,0,0,0,0,0,0,0,0,0,0,0,0,0,0,0,27.1543104,84.3542049
BIHAR,Urban,Pashchim Champaran,All Modes,69275,60003,9272,22726,17519,5207,17852,16280,1572,17273,16048,1225,5659,5002,657,1663,1359,304,1228,1104,124,762,702,60,1345,1280,65,767,709,58,27.1543104,84.3542049
BIHAR,Urban,Pashchim Champaran,On foot,23702,21323,2379,0,0,0,14171,12786,1385,6825,6174,651,2706,2363,343,0,0,0,0,0,0,0,0,0,0,0,0,0,0,0,27.1543104,84.3542049
BIHAR,Urban,Pashchim Champaran,Bicycle,11964,11730,234,0,0,0,2276,2217,59,7128,7012,116,1432,1412,20,449,429,20,679,660,19,0,0,0,0,0,0,0,0,0,27.1543104,84.3542049
BIHAR,Urban,Pashchim Champaran,Moped/Scooter/Motor Cycle,5633,5220,413,0,0,0,997,949,48,2418,2251,167,871,786,85,601,539,62,239,210,29,216,211,5,67,64,3,224,210,14,27.1543104,84.3542049
BIHAR,Urban,Pashchim Champaran,Car/Jeep/Van,659,465,194,0,0,0,118,99,19,179,122,57,102,56,46,111,62,49,45,32,13,46,41,5,34,32,2,24,21,3,27.1543104,84.3542049
BIHAR,Urban,Pashchim Champaran,Tempo/Autorickshaw/Taxi,724,428,296,0,0,0,75,46,29,297,158,139,182,114,68,93,49,44,17,12,5,12,10,2,17,16,1,31,23,8,27.1543104,84.3542049
BIHAR,Urban,Pashchim Champaran,Bus,1041,739,302,0,0,0,52,39,13,99,71,28,188,114,74,208,104,104,112,72,40,128,108,20,194,181,13,60,50,10,27.1543104,84.3542049
BIHAR,Urban,Pashchim Champaran,Train,2357,2206,151,0,0,0,97,90,7,107,102,5,116,103,13,182,160,22,132,117,15,348,322,26,1009,964,45,366,348,18,27.1543104,84.3542049
BIHAR,Urban,Pashchim Champaran,Water transport,23,21,2,0,0,0,6,6,0,5,5,0,1,0,1,2,2,0,0,0,0,3,3,0,2,2,0,4,3,1,27.1543104,84.3542049
BIHAR,Urban,Pashchim Champaran,Any other,446,352,94,0,0,0,60,48,12,215,153,62,61,54,7,17,14,3,4,1,3,9,7,2,22,21,1,58,54,4,27.1543104,84.3542049
BIHAR,Urban,Pashchim Champaran,No travel,22726,17519,5207,22726,17519,5207,0,0,0,0,0,0,0,0,0,0,0,0,0,0,0,0,0,0,0,0,0,0,0,0,27.1543104,84.3542049
BIHAR,Total,Siwan,All Modes,259900,221372,38528,94945,71006,23939,44381,37415,6966,60950,56990,3960,31247,28825,2422,9536,9050,486,8089,7801,288,2086,1976,110,5535,5393,142,3131,2916,215,26.2098172,84.3633802
BIHAR,Total,Siwan,On foot,56041,45608,10433,0,0,0,30536,24188,6348,16706,14245,2461,8799,7175,1624,0,0,0,0,0,0,0,0,0,0,0,0,0,0,0,26.2098172,84.3633802
BIHAR,Total,Siwan,Bicycle,69726,68506,1220,0,0,0,9951,9709,242,34490,33924,566,15264,15056,208,4136,4079,57,5885,5738,147,0,0,0,0,0,0,0,0,0,26.2098172,84.3633802
BIHAR,Total,Siwan,Moped/Scooter/Motor Cycle,15953,14776,1177,0,0,0,2189,2020,169,5817,5350,467,3212,2976,236,2125,1976,149,789,757,32,624,589,35,247,239,8,950,869,81,26.2098172,84.3633802
BIHAR,Total,Siwan,Car/Jeep/Van,3237,2872,365,0,0,0,339,296,43,665,567,98,705,612,93,749,670,79,287,271,16,197,187,10,126,120,6,169,149,20,26.2098172,84.3633802
BIHAR,Total,Siwan,Tempo/Autorickshaw/Taxi,3067,2573,494,0,0,0,275,210,65,1074,848,226,892,788,104,415,366,49,101,96,5,81,71,10,47,44,3,182,150,32,26.2098172,84.3633802
BIHAR,Total,Siwan,Bus,7468,6894,574,0,0,0,412,367,45,1115,1018,97,1673,1542,131,1692,1556,136,783,712,71,738,699,39,672,652,20,383,348,35,26.2098172,84.3633802
BIHAR,Total,Siwan,Train,8170,7914,256,0,0,0,480,444,36,711,692,19,476,457,19,340,326,14,222,207,15,415,401,14,4340,4239,101,1186,1148,38,26.2098172,84.3633802
BIHAR,Total,Siwan,Water transport,130,121,9,0,0,0,15,14,1,32,30,2,16,15,1,8,8,0,6,5,1,7,6,1,24,24,0,22,19,3,26.2098172,84.3633802
BIHAR,Total,Siwan,Any other,1163,1102,61,0,0,0,184,167,17,340,316,24,210,204,6,71,69,2,16,15,1,24,23,1,79,75,4,239,233,6,26.2098172,84.3633802
BIHAR,Total,Siwan,No travel,94945,71006,23939,94945,71006,23939,0,0,0,0,0,0,0,0,0,0,0,0,0,0,0,0,0,0,0,0,0,0,0,0,26.2098172,84.3633802
BIHAR,Rural,Siwan,All Modes,220795,187636,33159,80827,60159,20668,33458,27395,6063,52509,49138,3371,28426,26301,2125,8854,8491,363,7333,7107,226,1841,1761,80,5026,4917,109,2521,2367,154,26.2098172,84.3633802
BIHAR,Rural,Siwan,On foot,43555,34295,9260,0,0,0,22554,16976,5578,13610,11394,2216,7391,5925,1466,0,0,0,0,0,0,0,0,0,0,0,0,0,0,0,26.2098172,84.3633802
BIHAR,Rural,Siwan,Bicycle,63411,62290,1121,0,0,0,8154,7941,213,31252,30731,521,14575,14377,198,4024,3968,56,5406,5273,133,0,0,0,0,0,0,0,0,0,26.2098172,84.3633802
BIHAR,Rural,Siwan,Moped/Scooter/Motor Cycle,12442,11468,974,0,0,0,1342,1210,132,4296,3925,371,2808,2600,208,1891,1755,136,675,649,26,539,510,29,207,201,6,684,618,66,26.2098172,84.3633802
BIHAR,Rural,Siwan,Car/Jeep/Van,2722,2485,237,0,0,0,234,205,29,534,472,62,619,550,69,660,613,47,257,247,10,170,165,5,109,105,4,139,128,11,26.2098172,84.3633802
BIHAR,Rural,Siwan,Tempo/Autorickshaw/Taxi,2586,2345,241,0,0,0,212,183,29,845,749,96,809,742,67,372,347,25,92,90,2,68,63,5,42,41,1,146,130,16,26.2098172,84.3633802
BIHAR,Rural,Siwan,Bus,6870,6452,418,0,0,0,385,347,38,1039,962,77,1578,1480,98,1544,1455,89,707,661,46,677,648,29,624,605,19,316,294,22,26.2098172,84.3633802
BIHAR,Rural,Siwan,Train,7326,7130,196,0,0,0,421,388,33,662,646,16,447,433,14,289,281,8,177,170,7,358,348,10,3950,3874,76,1022,990,32,26.2098172,84.3633802
BIHAR,Rural,Siwan,Water transport,114,107,7,0,0,0,12,11,1,28,26,2,15,15,0,7,7,0,6,5,1,7,6,1,21,21,0,18,16,2,26.2098172,84.3633802
BIHAR,Rural,Siwan,Any other,942,905,37,0,0,0,144,134,10,243,233,10,184,179,5,67,65,2,13,12,1,22,21,1,73,70,3,196,191,5,26.2098172,84.3633802
BIHAR,Rural,Siwan,No travel,80827,60159,20668,80827,60159,20668,0,0,0,0,0,0,0,0,0,0,0,0,0,0,0,0,0,0,0,0,0,0,0,0,26.2098172,84.3633802
BIHAR,Urban,Siwan,All Modes,39105,33736,5369,14118,10847,3271,10923,10020,903,8441,7852,589,2821,2524,297,682,559,123,756,694,62,245,215,30,509,476,33,610,549,61,26.2098172,84.3633802
BIHAR,Urban,Siwan,On foot,12486,11313,1173,0,0,0,7982,7212,770,3096,2851,245,1408,1250,158,0,0,0,0,0,0,0,0,0,0,0,0,0,0,0,26.2098172,84.3633802
BIHAR,Urban,Siwan,Bicycle,6315,6216,99,0,0,0,1797,1768,29,3238,3193,45,689,679,10,112,111,1,479,465,14,0,0,0,0,0,0,0,0,0,26.2098172,84.3633802
BIHAR,Urban,Siwan,Moped/Scooter/Motor Cycle,3511,3308,203,0,0,0,847,810,37,1521,1425,96,404,376,28,234,221,13,114,108,6,85,79,6,40,38,2,266,251,15,26.2098172,84.3633802
BIHAR,Urban,Siwan,Car/Jeep/Van,515,387,128,0,0,0,105,91,14,131,95,36,86,62,24,89,57,32,30,24,6,27,22,5,17,15,2,30,21,9,26.2098172,84.3633802
BIHAR,Urban,Siwan,Tempo/Autorickshaw/Taxi,481,228,253,0,0,0,63,27,36,229,99,130,83,46,37,43,19,24,9,6,3,13,8,5,5,3,2,36,20,16,26.2098172,84.3633802
BIHAR,Urban,Siwan,Bus,598,442,156,0,0,0,27,20,7,76,56,20,95,62,33,148,101,47,76,51,25,61,51,10,48,47,1,67,54,13,26.2098172,84.3633802
BIHAR,Urban,Siwan,Train,844,784,60,0,0,0,59,56,3,49,46,3,29,24,5,51,45,6,45,37,8,57,53,4,390,365,25,164,158,6,26.2098172,84.3633802
BIHAR,Urban,Siwan,Water transport,16,14,2,0,0,0,3,3,0,4,4,0,1,0,1,1,1,0,0,0,0,0,0,0,3,3,0,4,3,1,26.2098172,84.3633802
BIHAR,Urban,Siwan,Any other,221,197,24,0,0,0,40,33,7,97,83,14,26,25,1,4,4,0,3,3,0,2,2,0,6,5,1,43,42,1,26.2098172,84.3633802
BIHAR,Urban,Siwan,No travel,14118,10847,3271,14118,10847,3271,0,0,0,0,0,0,0,0,0,0,0,0,0,0,0,0,0,0,0,0,0,0,0,0,26.2098172,84.3633802
BIHAR,Total,Gopalganj,All Modes,154527,125119,29408,66031,46321,19710,25377,20881,4496,32064,29351,2713,16024,14374,1650,5335,5023,312,3914,3693,221,1227,1150,77,3125,3030,95,1430,1296,134,26.4685472,84.4433318
BIHAR,Total,Gopalganj,On foot,30136,23400,6736,0,0,0,18073,14010,4063,7902,6298,1604,4161,3092,1069,0,0,0,0,0,0,0,0,0,0,0,0,0,0,0,26.4685472,84.4433318
BIHAR,Total,Gopalganj,Bicycle,35886,34985,901,0,0,0,5026,4839,187,18256,17849,407,7890,7752,138,2157,2110,47,2557,2435,122,0,0,0,0,0,0,0,0,0,26.4685472,84.4433318
BIHAR,Total,Gopalganj,Moped/Scooter/Motor Cycle,11005,9960,1045,0,0,0,1552,1423,129,3954,3512,442,2163,1952,211,1601,1475,126,622,584,38,424,392,32,271,256,15,418,366,52,26.4685472,84.4433318
BIHAR,Total,Gopalganj,Car/Jeep/Van,1430,1236,194,0,0,0,159,124,35,356,297,59,281,231,50,260,239,21,100,95,5,108,100,8,103,95,8,63,55,8,26.4685472,84.4433318
BIHAR,Total,Gopalganj,Tempo/Autorickshaw/Taxi,1190,1013,177,0,0,0,87,65,22,466,399,67,308,258,50,146,133,13,55,51,4,34,31,3,20,20,0,74,56,18,26.4685472,84.4433318
BIHAR,Total,Gopalganj,Bus,4204,3758,446,0,0,0,169,143,26,626,527,99,855,750,105,933,835,98,462,424,38,466,438,28,535,508,27,158,133,25,26.4685472,84.4433318
BIHAR,Total,Gopalganj,Train,3922,3774,148,0,0,0,217,201,16,343,326,17,255,236,19,185,178,7,107,93,14,173,167,6,2081,2038,43,561,535,26,26.4685472,84.4433318
BIHAR,Total,Gopalganj,Water transport,78,69,9,0,0,0,12,9,3,7,6,1,5,5,0,3,3,0,1,1,0,4,4,0,30,28,2,16,13,3,26.4685472,84.4433318
BIHAR,Total,Gopalganj,Any other,645,603,42,0,0,0,82,67,15,154,137,17,106,98,8,50,50,0,10,10,0,18,18,0,85,85,0,140,138,2,26.4685472,84.4433318
BIHAR,Total,Gopalganj,No travel,66031,46321,19710,66031,46321,19710,0,0,0,0,0,0,0,0,0,0,0,0,0,0,0,0,0,0,0,0,0,0,0,0,26.4685472,84.4433318
BIHAR,Rural,Gopalganj,All Modes,129348,103450,25898,56087,38530,17557,17974,14115,3859,27678,25314,2364,14215,12789,1426,4707,4455,252,3511,3320,191,1077,1021,56,2897,2817,80,1202,1089,113,26.4685472,84.4433318
BIHAR,Rural,Gopalganj,On foot,22029,16134,5895,0,0,0,12304,8797,3507,6403,4961,1442,3322,2376,946,0,0,0,0,0,0,0,0,0,0,0,0,0,0,0,26.4685472,84.4433318
BIHAR,Rural,Gopalganj,Bicycle,32510,31678,832,0,0,0,4133,3967,166,16540,16169,371,7437,7305,132,2068,2022,46,2332,2215,117,0,0,0,0,0,0,0,0,0,26.4685472,84.4433318
BIHAR,Rural,Gopalganj,Moped/Scooter/Motor Cycle,8768,7889,879,0,0,0,963,854,109,3081,2713,368,1895,1716,179,1373,1264,109,536,504,32,393,365,28,239,226,13,288,247,41,26.4685472,84.4433318
BIHAR,Rural,Gopalganj,Car/Jeep/Van,1142,997,145,0,0,0,109,88,21,269,221,48,237,198,39,216,200,16,77,73,4,93,89,4,94,87,7,47,41,6,26.4685472,84.4433318
BIHAR,Rural,Gopalganj,Tempo/Autorickshaw/Taxi,1002,888,114,0,0,0,60,52,8,387,349,38,261,225,36,133,123,10,50,47,3,27,26,1,17,17,0,67,49,18,26.4685472,84.4433318
BIHAR,Rural,Gopalganj,Bus,3549,3242,307,0,0,0,138,117,21,549,481,68,735,665,70,724,660,64,413,387,26,387,368,19,475,454,21,128,110,18,26.4685472,84.4433318
BIHAR,Rural,Gopalganj,Train,3628,3497,131,0,0,0,195,180,15,315,299,16,229,212,17,147,140,7,92,83,9,158,154,4,1965,1927,38,527,502,25,26.4685472,84.4433318
BIHAR,Rural,Gopalganj,Water transport,58,51,7,0,0,0,9,7,2,6,5,1,2,2,0,3,3,0,1,1,0,2,2,0,24,23,1,11,8,3,26.4685472,84.4433318
BIHAR,Rural,Gopalganj,Any other,575,544,31,0,0,0,63,53,10,128,116,12,97,90,7,43,43,0,10,10,0,17,17,0,83,83,0,134,132,2,26.4685472,84.4433318
BIHAR,Rural,Gopalganj,No travel,56087,38530,17557,56087,38530,17557,0,0,0,0,0,0,0,0,0,0,0,0,0,0,0,0,0,0,0,0,0,0,0,0,26.4685472,84.4433318
BIHAR,Urban,Gopalganj,All Modes,25179,21669,3510,9944,7791,2153,7403,6766,637,4386,4037,349,1809,1585,224,628,568,60,403,373,30,150,129,21,228,213,15,228,207,21,26.4685472,84.4433318
BIHAR,Urban,Gopalganj,On foot,8107,7266,841,0,0,0,5769,5213,556,1499,1337,162,839,716,123,0,0,0,0,0,0,0,0,0,0,0,0,0,0,0,26.4685472,84.4433318
BIHAR,Urban,Gopalganj,Bicycle,3376,3307,69,0,0,0,893,872,21,1716,1680,36,453,447,6,89,88,1,225,220,5,0,0,0,0,0,0,0,0,0,26.4685472,84.4433318
BIHAR,Urban,Gopalganj,Moped/Scooter/Motor Cycle,2237,2071,166,0,0,0,589,569,20,873,799,74,268,236,32,228,211,17,86,80,6,31,27,4,32,30,2,130,119,11,26.4685472,84.4433318
BIHAR,Urban,Gopalganj,Car/Jeep/Van,288,239,49,0,0,0,50,36,14,87,76,11,44,33,11,44,39,5,23,22,1,15,11,4,9,8,1,16,14,2,26.4685472,84.4433318
BIHAR,Urban,Gopalganj,Tempo/Autorickshaw/Taxi,188,125,63,0,0,0,27,13,14,79,50,29,47,33,14,13,10,3,5,4,1,7,5,2,3,3,0,7,7,0,26.4685472,84.4433318
BIHAR,Urban,Gopalganj,Bus,655,516,139,0,0,0,31,26,5,77,46,31,120,85,35,209,175,34,49,37,12,79,70,9,60,54,6,30,23,7,26.4685472,84.4433318
BIHAR,Urban,Gopalganj,Train,294,277,17,0,0,0,22,21,1,28,27,1,26,24,2,38,38,0,15,10,5,15,13,2,116,111,5,34,33,1,26.4685472,84.4433318
BIHAR,Urban,Gopalganj,Water transport,20,18,2,0,0,0,3,2,1,1,1,0,3,3,0,0,0,0,0,0,0,2,2,0,6,5,1,5,5,0,26.4685472,84.4433318
BIHAR,Urban,Gopalganj,Any other,70,59,11,0,0,0,19,14,5,26,21,5,9,8,1,7,7,0,0,0,0,1,1,0,2,2,0,6,6,0,26.4685472,84.4433318
BIHAR,Urban,Gopalganj,No travel,9944,7791,2153,9944,7791,2153,0,0,0,0,0,0,0,0,0,0,0,0,0,0,0,0,0,0,0,0,0,0,0,0,26.4685472,84.4433318
JHARKHAND,Total,Simdega,All Modes,32383,22749,9634,12353,7865,4488,7317,4922,2395,7370,5590,1780,2427,1952,475,1194,979,215,762,639,123,486,397,89,392,335,57,82,70,12,22.6151138,84.4959985
JHARKHAND,Total,Simdega,On foot,7939,4511,3428,0,0,0,5019,2910,2109,2387,1254,1133,533,347,186,0,0,0,0,0,0,0,0,0,0,0,0,0,0,0,22.6151138,84.4959985
JHARKHAND,Total,Simdega,Bicycle,5538,4990,548,0,0,0,1197,1071,126,2861,2570,291,985,898,87,302,277,25,193,174,19,0,0,0,0,0,0,0,0,0,22.6151138,84.4959985
JHARKHAND,Total,Simdega,Moped/Scooter/Motor Cycle,4014,3496,518,0,0,0,891,781,110,1548,1356,192,559,456,103,471,402,69,220,199,21,201,186,15,78,74,4,46,42,4,22.6151138,84.4959985
JHARKHAND,Total,Simdega,Car/Jeep/Van,296,248,48,0,0,0,72,61,11,86,65,21,36,29,7,26,21,5,23,22,1,25,25,0,23,22,1,5,3,2,22.6151138,84.4959985
JHARKHAND,Total,Simdega,Tempo/Autorickshaw/Taxi,562,425,137,0,0,0,41,29,12,236,168,68,94,69,25,105,84,21,48,41,7,27,24,3,7,6,1,4,4,0,22.6151138,84.4959985
JHARKHAND,Total,Simdega,Bus,1319,899,420,0,0,0,57,36,21,175,109,66,181,117,64,249,160,89,251,181,70,194,129,65,198,159,39,14,8,6,22.6151138,84.4959985
JHARKHAND,Total,Simdega,Train,157,132,25,0,0,0,18,14,4,17,13,4,9,8,1,12,10,2,4,3,1,21,19,2,69,58,11,7,7,0,22.6151138,84.4959985
JHARKHAND,Total,Simdega,Water transport,6,5,1,0,0,0,0,0,0,1,1,0,2,2,0,0,0,0,0,0,0,1,0,1,1,1,0,1,1,0,22.6151138,84.4959985
JHARKHAND,Total,Simdega,Any other,199,178,21,0,0,0,22,20,2,59,54,5,28,26,2,29,25,4,23,19,4,17,14,3,16,15,1,5,5,0,22.6151138,84.4959985
JHARKHAND,Total,Simdega,No travel,12353,7865,4488,12353,7865,4488,0,0,0,0,0,0,0,0,0,0,0,0,0,0,0,0,0,0,0,0,0,0,0,0,22.6151138,84.4959985
JHARKHAND,Rural,Simdega,All Modes,23284,15420,7864,10313,6293,4020,5077,3121,1956,4026,2832,1194,1945,1563,382,815,682,133,517,442,75,273,217,56,256,219,37,62,51,11,22.6151138,84.4959985
JHARKHAND,Rural,Simdega,On foot,5704,3022,2682,0,0,0,3725,1993,1732,1498,716,782,481,313,168,0,0,0,0,0,0,0,0,0,0,0,0,0,0,0,22.6151138,84.4959985
JHARKHAND,Rural,Simdega,Bicycle,3796,3340,456,0,0,0,808,695,113,1672,1451,221,882,799,83,272,251,21,162,144,18,0,0,0,0,0,0,0,0,0,22.6151138,84.4959985
JHARKHAND,Rural,Simdega,Moped/Scooter/Motor Cycle,1923,1617,306,0,0,0,419,349,70,564,470,94,372,301,71,266,226,40,116,104,12,99,88,11,52,48,4,35,31,4,22.6151138,84.4959985
JHARKHAND,Rural,Simdega,Car/Jeep/Van,129,100,29,0,0,0,25,18,7,29,16,13,24,19,5,15,12,3,15,15,0,11,11,0,9,9,0,1,0,1,22.6151138,84.4959985
JHARKHAND,Rural,Simdega,Tempo/Autorickshaw/Taxi,351,267,84,0,0,0,30,22,8,111,78,33,69,49,20,71,57,14,41,36,5,21,18,3,5,4,1,3,3,0,22.6151138,84.4959985
JHARKHAND,Rural,Simdega,Bus,793,546,247,0,0,0,46,25,21,106,61,45,87,55,32,153,104,49,165,130,35,109,72,37,117,95,22,10,4,6,22.6151138,84.4959985
JHARKHAND,Rural,Simdega,Train,138,115,23,0,0,0,15,11,4,15,11,4,7,6,1,12,10,2,3,2,1,20,19,1,59,49,10,7,7,0,22.6151138,84.4959985
JHARKHAND,Rural,Simdega,Water transport,6,5,1,0,0,0,0,0,0,1,1,0,2,2,0,0,0,0,0,0,0,1,0,1,1,1,0,1,1,0,22.6151138,84.4959985
JHARKHAND,Rural,Simdega,Any other,131,115,16,0,0,0,9,8,1,30,28,2,21,19,2,26,22,4,15,11,4,12,9,3,13,13,0,5,5,0,22.6151138,84.4959985
JHARKHAND,Rural,Simdega,No travel,10313,6293,4020,10313,6293,4020,0,0,0,0,0,0,0,0,0,0,0,0,0,0,0,0,0,0,0,0,0,0,0,0,22.6151138,84.4959985
JHARKHAND,Urban,Simdega,All Modes,9099,7329,1770,2040,1572,468,2240,1801,439,3344,2758,586,482,389,93,379,297,82,245,197,48,213,180,33,136,116,20,20,19,1,22.6151138,84.4959985
JHARKHAND,Urban,Simdega,On foot,2235,1489,746,0,0,0,1294,917,377,889,538,351,52,34,18,0,0,0,0,0,0,0,0,0,0,0,0,0,0,0,22.6151138,84.4959985
JHARKHAND,Urban,Simdega,Bicycle,1742,1650,92,0,0,0,389,376,13,1189,1119,70,103,99,4,30,26,4,31,30,1,0,0,0,0,0,0,0,0,0,22.6151138,84.4959985
JHARKHAND,Urban,Simdega,Moped/Scooter/Motor Cycle,2091,1879,212,0,0,0,472,432,40,984,886,98,187,155,32,205,176,29,104,95,9,102,98,4,26,26,0,11,11,0,22.6151138,84.4959985
JHARKHAND,Urban,Simdega,Car/Jeep/Van,167,148,19,0,0,0,47,43,4,57,49,8,12,10,2,11,9,2,8,7,1,14,14,0,14,13,1,4,3,1,22.6151138,84.4959985
JHARKHAND,Urban,Simdega,Tempo/Autorickshaw/Taxi,211,158,53,0,0,0,11,7,4,125,90,35,25,20,5,34,27,7,7,5,2,6,6,0,2,2,0,1,1,0,22.6151138,84.4959985
JHARKHAND,Urban,Simdega,Bus,526,353,173,0,0,0,11,11,0,69,48,21,94,62,32,96,56,40,86,51,35,85,57,28,81,64,17,4,4,0,22.6151138,84.4959985
JHARKHAND,Urban,Simdega,Train,19,17,2,0,0,0,3,3,0,2,2,0,2,2,0,0,0,0,1,1,0,1,0,1,10,9,1,0,0,0,22.6151138,84.4959985
JHARKHAND,Urban,Simdega,Water transport,0,0,0,0,0,0,0,0,0,0,0,0,0,0,0,0,0,0,0,0,0,0,0,0,0,0,0,0,0,0,22.6151138,84.4959985
JHARKHAND,Urban,Simdega,Any other,68,63,5,0,0,0,13,12,1,29,26,3,7,7,0,3,3,0,8,8,0,5,5,0,3,2,1,0,0,0,22.6151138,84.4959985
JHARKHAND,Urban,Simdega,No travel,2040,1572,468,2040,1572,468,0,0,0,0,0,0,0,0,0,0,0,0,0,0,0,0,0,0,0,0,0,0,0,0,22.6151138,84.4959985
JHARKHAND,Total,Latehar,All Modes,57752,41675,16077,20471,13730,6741,13119,9066,4053,13138,9778,3360,6380,5009,1371,1660,1496,164,678,598,80,453,392,61,1598,1380,218,255,226,29,23.7463215,84.5091102
JHARKHAND,Total,Latehar,On foot,22490,14610,7880,0,0,0,11369,7467,3902,8301,5330,2971,2820,1813,1007,0,0,0,0,0,0,0,0,0,0,0,0,0,0,0,23.7463215,84.5091102
JHARKHAND,Total,Latehar,Bicycle,7492,7007,485,0,0,0,823,755,68,3425,3224,201,2392,2235,157,617,585,32,235,208,27,0,0,0,0,0,0,0,0,0,23.7463215,84.5091102
JHARKHAND,Total,Latehar,Moped/Scooter/Motor Cycle,2933,2683,250,0,0,0,668,623,45,1049,945,104,585,522,63,343,324,19,93,90,3,73,69,4,47,41,6,75,69,6,23.7463215,84.5091102
JHARKHAND,Total,Latehar,Car/Jeep/Van,549,494,55,0,0,0,76,71,5,72,63,9,82,70,12,171,156,15,40,38,2,39,33,6,53,51,2,16,12,4,23.7463215,84.5091102
JHARKHAND,Total,Latehar,Tempo/Autorickshaw/Taxi,544,433,111,0,0,0,51,42,9,121,92,29,185,136,49,122,105,17,23,19,4,15,14,1,13,13,0,14,12,2,23.7463215,84.5091102
JHARKHAND,Total,Latehar,Bus,1900,1537,363,0,0,0,55,44,11,98,61,37,227,165,62,321,251,70,207,169,38,211,183,28,723,615,108,58,49,9,23.7463215,84.5091102
JHARKHAND,Total,Latehar,Train,1192,1026,166,0,0,0,57,48,9,35,28,7,63,51,12,72,64,8,73,68,5,101,80,21,725,625,100,66,62,4,23.7463215,84.5091102
JHARKHAND,Total,Latehar,Water transport,18,13,5,0,0,0,3,2,1,0,0,0,2,0,2,3,2,1,0,0,0,4,3,1,4,4,0,2,2,0,23.7463215,84.5091102
JHARKHAND,Total,Latehar,Any other,163,142,21,0,0,0,17,14,3,37,35,2,24,17,7,11,9,2,7,6,1,10,10,0,33,31,2,24,20,4,23.7463215,84.5091102
JHARKHAND,Total,Latehar,No travel,20471,13730,6741,20471,13730,6741,0,0,0,0,0,0,0,0,0,0,0,0,0,0,0,0,0,0,0,0,0,0,0,0,23.7463215,84.5091102
JHARKHAND,Rural,Latehar,All Modes,45549,31603,13946,16949,10952,5997,9040,5666,3374,10363,7466,2897,5420,4195,1225,1341,1207,134,531,467,64,346,302,44,1387,1196,191,172,152,20,23.7463215,84.5091102
JHARKHAND,Rural,Latehar,On foot,17075,10289,6786,0,0,0,8029,4758,3271,6637,4057,2580,2409,1474,935,0,0,0,0,0,0,0,0,0,0,0,0,0,0,0,23.7463215,84.5091102
JHARKHAND,Rural,Latehar,Bicycle,6378,5930,448,0,0,0,559,501,58,2846,2657,189,2205,2059,146,565,535,30,203,178,25,0,0,0,0,0,0,0,0,0,23.7463215,84.5091102
JHARKHAND,Rural,Latehar,Moped/Scooter/Motor Cycle,1772,1626,146,0,0,0,300,283,17,632,566,66,392,356,36,261,249,12,63,61,2,55,51,4,34,31,3,35,29,6,23.7463215,84.5091102
JHARKHAND,Rural,Latehar,Car/Jeep/Van,320,285,35,0,0,0,26,23,3,36,30,6,50,41,9,111,100,11,30,30,0,28,25,3,30,28,2,9,8,1,23.7463215,84.5091102
JHARKHAND,Rural,Latehar,Tempo/Autorickshaw/Taxi,367,292,75,0,0,0,23,18,5,78,59,19,119,86,33,96,82,14,13,11,2,13,13,0,12,12,0,13,11,2,23.7463215,84.5091102
JHARKHAND,Rural,Latehar,Bus,1571,1269,302,0,0,0,44,35,9,74,45,29,182,131,51,246,186,60,166,136,30,172,152,20,647,549,98,40,35,5,23.7463215,84.5091102
JHARKHAND,Rural,Latehar,Train,969,836,133,0,0,0,43,36,7,29,23,6,42,36,6,52,47,5,49,45,4,69,53,16,631,545,86,54,51,3,23.7463215,84.5091102
JHARKHAND,Rural,Latehar,Water transport,14,10,4,0,0,0,3,2,1,0,0,0,2,0,2,2,2,0,0,0,0,2,1,1,3,3,0,2,2,0,23.7463215,84.5091102
JHARKHAND,Rural,Latehar,Any other,134,114,20,0,0,0,13,10,3,31,29,2,19,12,7,8,6,2,7,6,1,7,7,0,30,28,2,19,16,3,23.7463215,84.5091102
JHARKHAND,Rural,Latehar,No travel,16949,10952,5997,16949,10952,5997,0,0,0,0,0,0,0,0,0,0,0,0,0,0,0,0,0,0,0,0,0,0,0,0,23.7463215,84.5091102
JHARKHAND,Urban,Latehar,All Modes,12203,10072,2131,3522,2778,744,4079,3400,679,2775,2312,463,960,814,146,319,289,30,147,131,16,107,90,17,211,184,27,83,74,9,23.7463215,84.5091102
JHARKHAND,Urban,Latehar,On foot,5415,4321,1094,0,0,0,3340,2709,631,1664,1273,391,411,339,72,0,0,0,0,0,0,0,0,0,0,0,0,0,0,0,23.7463215,84.5091102
JHARKHAND,Urban,Latehar,Bicycle,1114,1077,37,0,0,0,264,254,10,579,567,12,187,176,11,52,50,2,32,30,2,0,0,0,0,0,0,0,0,0,23.7463215,84.5091102
JHARKHAND,Urban,Latehar,Moped/Scooter/Motor Cycle,1161,1057,104,0,0,0,368,340,28,417,379,38,193,166,27,82,75,7,30,29,1,18,18,0,13,10,3,40,40,0,23.7463215,84.5091102
JHARKHAND,Urban,Latehar,Car/Jeep/Van,229,209,20,0,0,0,50,48,2,36,33,3,32,29,3,60,56,4,10,8,2,11,8,3,23,23,0,7,4,3,23.7463215,84.5091102
JHARKHAND,Urban,Latehar,Tempo/Autorickshaw/Taxi,177,141,36,0,0,0,28,24,4,43,33,10,66,50,16,26,23,3,10,8,2,2,1,1,1,1,0,1,1,0,23.7463215,84.5091102
JHARKHAND,Urban,Latehar,Bus,329,268,61,0,0,0,11,9,2,24,16,8,45,34,11,75,65,10,41,33,8,39,31,8,76,66,10,18,14,4,23.7463215,84.5091102
JHARKHAND,Urban,Latehar,Train,223,190,33,0,0,0,14,12,2,6,5,1,21,15,6,20,17,3,24,23,1,32,27,5,94,80,14,12,11,1,23.7463215,84.5091102
JHARKHAND,Urban,Latehar,Water transport,4,3,1,0,0,0,0,0,0,0,0,0,0,0,0,1,0,1,0,0,0,2,2,0,1,1,0,0,0,0,23.7463215,84.5091102
JHARKHAND,Urban,Latehar,Any other,29,28,1,0,0,0,4,4,0,6,6,0,5,5,0,3,3,0,0,0,0,3,3,0,3,3,0,5,4,1,23.7463215,84.5091102
JHARKHAND,Urban,Latehar,No travel,3522,2778,744,3522,2778,744,0,0,0,0,0,0,0,0,0,0,0,0,0,0,0,0,0,0,0,0,0,0,0,0,23.7463215,84.5091102
BIHAR,Total,Bhojpur,All Modes,218737,174030,44707,107817,76233,31584,31083,25670,5413,32715,30014,2701,21878,18387,3491,5576,5185,391,5290,4935,355,2853,2701,152,6339,6125,214,5186,4780,406,25.466155,84.5222189
BIHAR,Total,Bhojpur,On foot,55438,45706,9732,0,0,0,26174,21163,5011,16101,14283,1818,13163,10260,2903,0,0,0,0,0,0,0,0,0,0,0,0,0,0,0,25.466155,84.5222189
BIHAR,Total,Bhojpur,Bicycle,22897,22205,692,0,0,0,2494,2390,104,10870,10611,259,4578,4489,89,1476,1452,24,3479,3263,216,0,0,0,0,0,0,0,0,0,25.466155,84.5222189
BIHAR,Total,Bhojpur,Moped/Scooter/Motor Cycle,8410,7891,519,0,0,0,1043,964,79,3071,2892,179,1301,1232,69,1065,1016,49,348,332,16,390,376,14,172,171,1,1020,908,112,25.466155,84.5222189
BIHAR,Total,Bhojpur,Car/Jeep/Van,1776,1510,266,0,0,0,184,145,39,361,303,58,344,276,68,309,277,32,117,109,8,110,97,13,85,81,4,266,222,44,25.466155,84.5222189
BIHAR,Total,Bhojpur,Tempo/Autorickshaw/Taxi,2053,1627,426,0,0,0,230,162,68,731,537,194,438,367,71,228,199,29,48,47,1,60,52,8,46,43,3,272,220,52,25.466155,84.5222189
BIHAR,Total,Bhojpur,Bus,7495,6566,929,0,0,0,340,269,71,821,669,152,1454,1208,246,1848,1644,204,811,719,92,694,645,49,712,678,34,815,734,81,25.466155,84.5222189
BIHAR,Total,Bhojpur,Train,11934,11442,492,0,0,0,493,462,31,500,477,23,451,416,35,591,544,47,461,440,21,1555,1489,66,5230,5064,166,2653,2550,103,25.466155,84.5222189
BIHAR,Total,Bhojpur,Water transport,143,129,14,0,0,0,17,16,1,8,8,0,11,8,3,9,7,2,5,5,0,10,10,0,38,33,5,45,42,3,25.466155,84.5222189
BIHAR,Total,Bhojpur,Any other,774,721,53,0,0,0,108,99,9,252,234,18,138,131,7,50,46,4,21,20,1,34,32,2,56,55,1,115,104,11,25.466155,84.5222189
BIHAR,Total,Bhojpur,No travel,107817,76233,31584,107817,76233,31584,0,0,0,0,0,0,0,0,0,0,0,0,0,0,0,0,0,0,0,0,0,0,0,0,25.466155,84.5222189
BIHAR,Rural,Bhojpur,All Modes,146078,110163,35915,79210,52818,26392,16065,11931,4134,17830,16234,1596,15280,12394,2886,4172,3961,211,3817,3612,205,1602,1544,58,4352,4225,127,3750,3444,306,25.466155,84.5222189
BIHAR,Rural,Bhojpur,On foot,30305,22731,7574,0,0,0,13303,9423,3880,8079,6900,1179,8923,6408,2515,0,0,0,0,0,0,0,0,0,0,0,0,0,0,0,25.466155,84.5222189
BIHAR,Rural,Bhojpur,Bicycle,15734,15256,478,0,0,0,1439,1367,72,6959,6795,164,3532,3459,73,1200,1182,18,2604,2453,151,0,0,0,0,0,0,0,0,0,25.466155,84.5222189
BIHAR,Rural,Bhojpur,Moped/Scooter/Motor Cycle,4300,3953,347,0,0,0,413,362,51,1219,1123,96,733,686,47,703,665,38,237,228,9,224,214,10,109,108,1,662,567,95,25.466155,84.5222189
BIHAR,Rural,Bhojpur,Car/Jeep/Van,1258,1100,158,0,0,0,105,89,16,203,178,25,270,218,52,236,222,14,90,86,4,76,70,6,58,56,2,220,181,39,25.466155,84.5222189
BIHAR,Rural,Bhojpur,Tempo/Autorickshaw/Taxi,1215,1056,159,0,0,0,136,104,32,335,306,29,288,246,42,157,141,16,36,36,0,39,35,4,32,31,1,192,157,35,25.466155,84.5222189
BIHAR,Rural,Bhojpur,Bus,5446,4953,493,0,0,0,276,221,55,585,501,84,1060,929,131,1422,1320,102,528,492,36,448,433,15,482,468,14,645,589,56,25.466155,84.5222189
BIHAR,Rural,Bhojpur,Train,8061,7784,277,0,0,0,335,311,24,339,325,14,356,339,17,405,386,19,300,295,5,788,765,23,3605,3501,104,1933,1862,71,25.466155,84.5222189
BIHAR,Rural,Bhojpur,Water transport,94,82,12,0,0,0,9,8,1,4,4,0,11,8,3,6,6,0,4,4,0,5,5,0,28,23,5,27,24,3,25.466155,84.5222189
BIHAR,Rural,Bhojpur,Any other,455,430,25,0,0,0,49,46,3,107,102,5,107,101,6,43,39,4,18,18,0,22,22,0,38,38,0,71,64,7,25.466155,84.5222189
BIHAR,Rural,Bhojpur,No travel,79210,52818,26392,79210,52818,26392,0,0,0,0,0,0,0,0,0,0,0,0,0,0,0,0,0,0,0,0,0,0,0,0,25.466155,84.5222189
BIHAR,Urban,Bhojpur,All Modes,72659,63867,8792,28607,23415,5192,15018,13739,1279,14885,13780,1105,6598,5993,605,1404,1224,180,1473,1323,150,1251,1157,94,1987,1900,87,1436,1336,100,25.466155,84.5222189
BIHAR,Urban,Bhojpur,On foot,25133,22975,2158,0,0,0,12871,11740,1131,8022,7383,639,4240,3852,388,0,0,0,0,0,0,0,0,0,0,0,0,0,0,0,25.466155,84.5222189
BIHAR,Urban,Bhojpur,Bicycle,7163,6949,214,0,0,0,1055,1023,32,3911,3816,95,1046,1030,16,276,270,6,875,810,65,0,0,0,0,0,0,0,0,0,25.466155,84.5222189
BIHAR,Urban,Bhojpur,Moped/Scooter/Motor Cycle,4110,3938,172,0,0,0,630,602,28,1852,1769,83,568,546,22,362,351,11,111,104,7,166,162,4,63,63,0,358,341,17,25.466155,84.5222189
BIHAR,Urban,Bhojpur,Car/Jeep/Van,518,410,108,0,0,0,79,56,23,158,125,33,74,58,16,73,55,18,27,23,4,34,27,7,27,25,2,46,41,5,25.466155,84.5222189
BIHAR,Urban,Bhojpur,Tempo/Autorickshaw/Taxi,838,571,267,0,0,0,94,58,36,396,231,165,150,121,29,71,58,13,12,11,1,21,17,4,14,12,2,80,63,17,25.466155,84.5222189
BIHAR,Urban,Bhojpur,Bus,2049,1613,436,0,0,0,64,48,16,236,168,68,394,279,115,426,324,102,283,227,56,246,212,34,230,210,20,170,145,25,25.466155,84.5222189
BIHAR,Urban,Bhojpur,Train,3873,3658,215,0,0,0,158,151,7,161,152,9,95,77,18,186,158,28,161,145,16,767,724,43,1625,1563,62,720,688,32,25.466155,84.5222189
BIHAR,Urban,Bhojpur,Water transport,49,47,2,0,0,0,8,8,0,4,4,0,0,0,0,3,1,2,1,1,0,5,5,0,10,10,0,18,18,0,25.466155,84.5222189
BIHAR,Urban,Bhojpur,Any other,319,291,28,0,0,0,59,53,6,145,132,13,31,30,1,7,7,0,3,2,1,12,10,2,18,17,1,44,40,4,25.466155,84.5222189
BIHAR,Urban,Bhojpur,No travel,28607,23415,5192,28607,23415,5192,0,0,0,0,0,0,0,0,0,0,0,0,0,0,0,0,0,0,0,0,0,0,0,0,25.466155,84.5222189
JHARKHAND,Total,Gumla,All Modes,55547,38700,16847,23581,14903,8678,11997,8216,3781,9886,7429,2457,4081,3018,1063,2269,1924,345,1241,1027,214,782,673,109,1488,1313,175,222,197,25,23.0441295,84.5379455
JHARKHAND,Total,Gumla,On foot,14826,9051,5775,0,0,0,9348,5808,3540,4148,2497,1651,1330,746,584,0,0,0,0,0,0,0,0,0,0,0,0,0,0,0,23.0441295,84.5379455
JHARKHAND,Total,Gumla,Bicycle,6660,6005,655,0,0,0,1184,1085,99,3244,2917,327,1302,1154,148,644,594,50,286,255,31,0,0,0,0,0,0,0,0,0,23.0441295,84.5379455
JHARKHAND,Total,Gumla,Moped/Scooter/Motor Cycle,5164,4599,565,0,0,0,1121,1042,79,1745,1547,198,791,665,126,720,628,92,336,295,41,220,206,14,144,139,5,87,77,10,23.0441295,84.5379455
JHARKHAND,Total,Gumla,Car/Jeep/Van,455,411,44,0,0,0,90,79,11,77,70,7,51,44,7,69,64,5,41,35,6,34,31,3,77,73,4,16,15,1,23.0441295,84.5379455
JHARKHAND,Total,Gumla,Tempo/Autorickshaw/Taxi,1399,968,431,0,0,0,95,66,29,408,212,196,360,245,115,360,292,68,85,69,16,36,33,3,37,35,2,18,16,2,23.0441295,84.5379455
JHARKHAND,Total,Gumla,Bus,2756,2128,628,0,0,0,85,70,15,154,94,60,192,116,76,416,292,124,421,305,116,460,372,88,983,839,144,45,40,5,23.0441295,84.5379455
JHARKHAND,Total,Gumla,Train,300,259,41,0,0,0,25,24,1,27,18,9,12,10,2,13,10,3,10,8,2,5,4,1,170,151,19,38,34,4,23.0441295,84.5379455
JHARKHAND,Total,Gumla,Water transport,15,13,2,0,0,0,4,3,1,3,3,0,1,0,1,0,0,0,0,0,0,0,0,0,5,5,0,2,2,0,23.0441295,84.5379455
JHARKHAND,Total,Gumla,Any other,391,363,28,0,0,0,45,39,6,80,71,9,42,38,4,47,44,3,62,60,2,27,27,0,72,71,1,16,13,3,23.0441295,84.5379455
JHARKHAND,Total,Gumla,No travel,23581,14903,8678,23581,14903,8678,0,0,0,0,0,0,0,0,0,0,0,0,0,0,0,0,0,0,0,0,0,0,0,0,23.0441295,84.5379455
JHARKHAND,Rural,Gumla,All Modes,41270,27332,13938,19063,11510,7553,7763,4755,3008,7323,5360,1963,3234,2363,871,1638,1413,225,767,657,110,404,343,61,943,811,132,135,120,15,23.0441295,84.5379455
JHARKHAND,Rural,Gumla,On foot,10533,5864,4669,0,0,0,6306,3478,2828,3181,1829,1352,1046,557,489,0,0,0,0,0,0,0,0,0,0,0,0,0,0,0,23.0441295,84.5379455
JHARKHAND,Rural,Gumla,Bicycle,5466,4879,587,0,0,0,823,734,89,2623,2328,295,1214,1073,141,588,545,43,218,199,19,0,0,0,0,0,0,0,0,0,23.0441295,84.5379455
JHARKHAND,Rural,Gumla,Moped/Scooter/Motor Cycle,3031,2621,410,0,0,0,451,397,54,1037,893,144,592,487,105,493,431,62,209,181,28,116,108,8,87,84,3,46,40,6,23.0441295,84.5379455
JHARKHAND,Rural,Gumla,Car/Jeep/Van,239,218,21,0,0,0,25,22,3,42,39,3,32,28,4,52,48,4,25,22,3,12,11,1,43,40,3,8,8,0,23.0441295,84.5379455
JHARKHAND,Rural,Gumla,Tempo/Autorickshaw/Taxi,723,488,235,0,0,0,44,29,15,244,134,110,168,101,67,191,161,30,47,38,9,7,5,2,13,12,1,9,8,1,23.0441295,84.5379455
JHARKHAND,Rural,Gumla,Bus,1648,1241,407,0,0,0,57,46,11,98,54,44,132,74,58,265,183,82,205,155,50,241,192,49,620,510,110,30,27,3,23.0441295,84.5379455
JHARKHAND,Rural,Gumla,Train,216,187,29,0,0,0,19,18,1,22,16,6,11,9,2,9,8,1,5,4,1,3,2,1,122,107,15,25,23,2,23.0441295,84.5379455
JHARKHAND,Rural,Gumla,Water transport,14,12,2,0,0,0,4,3,1,2,2,0,1,0,1,0,0,0,0,0,0,0,0,0,5,5,0,2,2,0,23.0441295,84.5379455
JHARKHAND,Rural,Gumla,Any other,337,312,25,0,0,0,34,28,6,74,65,9,38,34,4,40,37,3,58,58,0,25,25,0,53,53,0,15,12,3,23.0441295,84.5379455
JHARKHAND,Rural,Gumla,No travel,19063,11510,7553,19063,11510,7553,0,0,0,0,0,0,0,0,0,0,0,0,0,0,0,0,0,0,0,0,0,0,0,0,23.0441295,84.5379455
JHARKHAND,Urban,Gumla,All Modes,14277,11368,2909,4518,3393,1125,4234,3461,773,2563,2069,494,847,655,192,631,511,120,474,370,104,378,330,48,545,502,43,87,77,10,23.0441295,84.5379455
JHARKHAND,Urban,Gumla,On foot,4293,3187,1106,0,0,0,3042,2330,712,967,668,299,284,189,95,0,0,0,0,0,0,0,0,0,0,0,0,0,0,0,23.0441295,84.5379455
JHARKHAND,Urban,Gumla,Bicycle,1194,1126,68,0,0,0,361,351,10,621,589,32,88,81,7,56,49,7,68,56,12,0,0,0,0,0,0,0,0,0,23.0441295,84.5379455
JHARKHAND,Urban,Gumla,Moped/Scooter/Motor Cycle,2133,1978,155,0,0,0,670,645,25,708,654,54,199,178,21,227,197,30,127,114,13,104,98,6,57,55,2,41,37,4,23.0441295,84.5379455
JHARKHAND,Urban,Gumla,Car/Jeep/Van,216,193,23,0,0,0,65,57,8,35,31,4,19,16,3,17,16,1,16,13,3,22,20,2,34,33,1,8,7,1,23.0441295,84.5379455
JHARKHAND,Urban,Gumla,Tempo/Autorickshaw/Taxi,676,480,196,0,0,0,51,37,14,164,78,86,192,144,48,169,131,38,38,31,7,29,28,1,24,23,1,9,8,1,23.0441295,84.5379455
JHARKHAND,Urban,Gumla,Bus,1108,887,221,0,0,0,28,24,4,56,40,16,60,42,18,151,109,42,216,150,66,219,180,39,363,329,34,15,13,2,23.0441295,84.5379455
JHARKHAND,Urban,Gumla,Train,84,72,12,0,0,0,6,6,0,5,2,3,1,1,0,4,2,2,5,4,1,2,2,0,48,44,4,13,11,2,23.0441295,84.5379455
JHARKHAND,Urban,Gumla,Water transport,1,1,0,0,0,0,0,0,0,1,1,0,0,0,0,0,0,0,0,0,0,0,0,0,0,0,0,0,0,0,23.0441295,84.5379455
JHARKHAND,Urban,Gumla,Any other,54,51,3,0,0,0,11,11,0,6,6,0,4,4,0,7,7,0,4,2,2,2,2,0,19,18,1,1,1,0,23.0441295,84.5379455
JHARKHAND,Urban,Gumla,No travel,4518,3393,1125,4518,3393,1125,0,0,0,0,0,0,0,0,0,0,0,0,0,0,0,0,0,0,0,0,0,0,0,0,23.0441295,84.5379455
BIHAR,Total,Arwal,All Modes,35771,29049,6722,18272,13601,4671,5249,4287,962,6060,5485,575,2718,2388,330,896,823,73,614,585,29,418,398,20,1260,1221,39,284,261,23,25.2440189,84.6662199
BIHAR,Total,Arwal,On foot,8244,6725,1519,0,0,0,4494,3588,906,2735,2318,417,1015,819,196,0,0,0,0,0,0,0,0,0,0,0,0,0,0,0,25.2440189,84.6662199
BIHAR,Total,Arwal,Bicycle,4158,4072,86,0,0,0,424,409,15,2279,2235,44,959,946,13,251,248,3,245,234,11,0,0,0,0,0,0,0,0,0,25.2440189,84.6662199
BIHAR,Total,Arwal,Moped/Scooter/Motor Cycle,1768,1645,123,0,0,0,155,142,13,581,537,44,359,327,32,276,263,13,117,113,4,105,98,7,92,90,2,83,75,8,25.2440189,84.6662199
BIHAR,Total,Arwal,Car/Jeep/Van,286,251,35,0,0,0,30,26,4,61,57,4,34,29,5,45,36,9,15,14,1,25,25,0,63,54,9,13,10,3,25.2440189,84.6662199
BIHAR,Total,Arwal,Tempo/Autorickshaw/Taxi,339,256,83,0,0,0,27,20,7,151,113,38,84,54,30,29,26,3,14,12,2,12,12,0,8,8,0,14,11,3,25.2440189,84.6662199
BIHAR,Total,Arwal,Bus,1601,1448,153,0,0,0,56,48,8,160,139,21,215,165,50,270,228,42,200,192,8,210,201,9,452,439,13,38,36,2,25.2440189,84.6662199
BIHAR,Total,Arwal,Train,1019,975,44,0,0,0,52,44,8,72,67,5,34,32,2,23,20,3,21,18,3,55,51,4,636,621,15,126,122,4,25.2440189,84.6662199
BIHAR,Total,Arwal,Water transport,10,9,1,0,0,0,1,0,1,2,2,0,1,1,0,0,0,0,0,0,0,3,3,0,2,2,0,1,1,0,25.2440189,84.6662199
BIHAR,Total,Arwal,Any other,74,67,7,0,0,0,10,10,0,19,17,2,17,15,2,2,2,0,2,2,0,8,8,0,7,7,0,9,6,3,25.2440189,84.6662199
BIHAR,Total,Arwal,No travel,18272,13601,4671,18272,13601,4671,0,0,0,0,0,0,0,0,0,0,0,0,0,0,0,0,0,0,0,0,0,0,0,0,25.2440189,84.6662199
BIHAR,Rural,Arwal,All Modes,29559,23622,5937,15454,11317,4137,4231,3364,867,4550,4080,470,2325,2019,306,775,714,61,544,518,26,317,300,17,1118,1083,35,245,227,18,25.2440189,84.6662199
BIHAR,Rural,Arwal,On foot,6470,5123,1347,0,0,0,3622,2807,815,1961,1612,349,887,704,183,0,0,0,0,0,0,0,0,0,0,0,0,0,0,0,25.2440189,84.6662199
BIHAR,Rural,Arwal,Bicycle,3254,3183,71,0,0,0,336,322,14,1741,1709,32,771,758,13,203,200,3,203,194,9,0,0,0,0,0,0,0,0,0,25.2440189,84.6662199
BIHAR,Rural,Arwal,Moped/Scooter/Motor Cycle,1505,1394,111,0,0,0,126,113,13,456,420,36,320,290,30,250,237,13,109,105,4,85,78,7,87,85,2,72,66,6,25.2440189,84.6662199
BIHAR,Rural,Arwal,Car/Jeep/Van,240,212,28,0,0,0,25,21,4,51,48,3,32,27,5,36,30,6,13,13,0,14,14,0,58,50,8,11,9,2,25.2440189,84.6662199
BIHAR,Rural,Arwal,Tempo/Autorickshaw/Taxi,289,221,68,0,0,0,23,18,5,124,96,28,77,49,28,25,23,2,12,10,2,8,8,0,6,6,0,14,11,3,25.2440189,84.6662199
BIHAR,Rural,Arwal,Bus,1379,1250,129,0,0,0,41,34,7,147,129,18,197,153,44,239,205,34,184,176,8,154,148,6,389,379,10,28,26,2,25.2440189,84.6662199
BIHAR,Rural,Arwal,Train,915,873,42,0,0,0,50,42,8,59,56,3,31,29,2,20,17,3,21,18,3,49,45,4,571,556,15,114,110,4,25.2440189,84.6662199
BIHAR,Rural,Arwal,Water transport,6,5,1,0,0,0,1,0,1,1,1,0,1,1,0,0,0,0,0,0,0,1,1,0,2,2,0,0,0,0,25.2440189,84.6662199
BIHAR,Rural,Arwal,Any other,47,44,3,0,0,0,7,7,0,10,9,1,9,8,1,2,2,0,2,2,0,6,6,0,5,5,0,6,5,1,25.2440189,84.6662199
BIHAR,Rural,Arwal,No travel,15454,11317,4137,15454,11317,4137,0,0,0,0,0,0,0,0,0,0,0,0,0,0,0,0,0,0,0,0,0,0,0,0,25.2440189,84.6662199
BIHAR,Urban,Arwal,All Modes,6212,5427,785,2818,2284,534,1018,923,95,1510,1405,105,393,369,24,121,109,12,70,67,3,101,98,3,142,138,4,39,34,5,25.2440189,84.6662199
BIHAR,Urban,Arwal,On foot,1774,1602,172,0,0,0,872,781,91,774,706,68,128,115,13,0,0,0,0,0,0,0,0,0,0,0,0,0,0,0,25.2440189,84.6662199
BIHAR,Urban,Arwal,Bicycle,904,889,15,0,0,0,88,87,1,538,526,12,188,188,0,48,48,0,42,40,2,0,0,0,0,0,0,0,0,0,25.2440189,84.6662199
BIHAR,Urban,Arwal,Moped/Scooter/Motor Cycle,263,251,12,0,0,0,29,29,0,125,117,8,39,37,2,26,26,0,8,8,0,20,20,0,5,5,0,11,9,2,25.2440189,84.6662199
BIHAR,Urban,Arwal,Car/Jeep/Van,46,39,7,0,0,0,5,5,0,10,9,1,2,2,0,9,6,3,2,1,1,11,11,0,5,4,1,2,1,1,25.2440189,84.6662199
BIHAR,Urban,Arwal,Tempo/Autorickshaw/Taxi,50,35,15,0,0,0,4,2,2,27,17,10,7,5,2,4,3,1,2,2,0,4,4,0,2,2,0,0,0,0,25.2440189,84.6662199
BIHAR,Urban,Arwal,Bus,222,198,24,0,0,0,15,14,1,13,10,3,18,12,6,31,23,8,16,16,0,56,53,3,63,60,3,10,10,0,25.2440189,84.6662199
BIHAR,Urban,Arwal,Train,104,102,2,0,0,0,2,2,0,13,11,2,3,3,0,3,3,0,0,0,0,6,6,0,65,65,0,12,12,0,25.2440189,84.6662199
BIHAR,Urban,Arwal,Water transport,4,4,0,0,0,0,0,0,0,1,1,0,0,0,0,0,0,0,0,0,0,2,2,0,0,0,0,1,1,0,25.2440189,84.6662199
BIHAR,Urban,Arwal,Any other,27,23,4,0,0,0,3,3,0,9,8,1,8,7,1,0,0,0,0,0,0,2,2,0,2,2,0,3,1,2,25.2440189,84.6662199
BIHAR,Urban,Arwal,No travel,2818,2284,534,2818,2284,534,0,0,0,0,0,0,0,0,0,0,0,0,0,0,0,0,0,0,0,0,0,0,0,0,25.2440189,84.6662199
JHARKHAND,Total,Lohardaga,All Modes,36263,27101,9162,11798,8151,3647,8807,6001,2806,7840,6214,1626,3426,2783,643,1899,1691,208,834,771,63,552,499,53,964,870,94,143,121,22,23.4409325,84.6845216
JHARKHAND,Total,Lohardaga,On foot,11090,6955,4135,0,0,0,7092,4418,2674,2980,1890,1090,1018,647,371,0,0,0,0,0,0,0,0,0,0,0,0,0,0,0,23.4409325,84.6845216
JHARKHAND,Total,Lohardaga,Bicycle,6052,5697,355,0,0,0,980,926,54,2936,2762,174,1254,1167,87,595,571,24,287,271,16,0,0,0,0,0,0,0,0,0,23.4409325,84.6845216
JHARKHAND,Total,Lohardaga,Moped/Scooter/Motor Cycle,3462,3167,295,0,0,0,527,495,32,1214,1084,130,637,583,54,613,560,53,227,216,11,151,140,11,51,51,0,42,38,4,23.4409325,84.6845216
JHARKHAND,Total,Lohardaga,Car/Jeep/Van,406,371,35,0,0,0,39,33,6,73,62,11,47,42,5,70,64,6,48,47,1,58,56,2,66,62,4,5,5,0,23.4409325,84.6845216
JHARKHAND,Total,Lohardaga,Tempo/Autorickshaw/Taxi,1429,1016,413,0,0,0,87,63,24,416,241,175,331,233,98,368,293,75,125,102,23,61,56,5,22,19,3,19,9,10,23.4409325,84.6845216
JHARKHAND,Total,Lohardaga,Bus,922,775,147,0,0,0,24,18,6,60,32,28,46,34,12,134,101,33,95,87,8,190,168,22,355,322,33,18,13,5,23.4409325,84.6845216
JHARKHAND,Total,Lohardaga,Train,691,578,113,0,0,0,38,30,8,85,73,12,45,34,11,49,36,13,17,13,4,51,39,12,381,330,51,25,23,2,23.4409325,84.6845216
JHARKHAND,Total,Lohardaga,Water transport,12,11,1,0,0,0,4,3,1,2,2,0,0,0,0,0,0,0,1,1,0,1,1,0,3,3,0,1,1,0,23.4409325,84.6845216
JHARKHAND,Total,Lohardaga,Any other,401,380,21,0,0,0,16,15,1,74,68,6,48,43,5,70,66,4,34,34,0,40,39,1,86,83,3,33,32,1,23.4409325,84.6845216
JHARKHAND,Total,Lohardaga,No travel,11798,8151,3647,11798,8151,3647,0,0,0,0,0,0,0,0,0,0,0,0,0,0,0,0,0,0,0,0,0,0,0,0,23.4409325,84.6845216
JHARKHAND,Rural,Lohardaga,All Modes,21746,15351,6395,8093,5302,2791,4517,2572,1945,3987,3025,962,2552,2068,484,1213,1117,96,482,455,27,299,268,31,509,465,44,94,79,15,23.4409325,84.6845216
JHARKHAND,Rural,Lohardaga,On foot,6400,3474,2926,0,0,0,3884,2005,1879,1724,995,729,792,474,318,0,0,0,0,0,0,0,0,0,0,0,0,0,0,0,23.4409325,84.6845216
JHARKHAND,Rural,Lohardaga,Bicycle,3750,3500,250,0,0,0,417,384,33,1566,1458,108,1060,982,78,503,484,19,204,192,12,0,0,0,0,0,0,0,0,0,23.4409325,84.6845216
JHARKHAND,Rural,Lohardaga,Moped/Scooter/Motor Cycle,1434,1292,142,0,0,0,143,128,15,409,351,58,345,317,28,309,278,31,104,101,3,77,74,3,22,22,0,25,21,4,23.4409325,84.6845216
JHARKHAND,Rural,Lohardaga,Car/Jeep/Van,176,162,14,0,0,0,5,4,1,29,25,4,32,29,3,38,36,2,18,17,1,21,20,1,30,28,2,3,3,0,23.4409325,84.6845216
JHARKHAND,Rural,Lohardaga,Tempo/Autorickshaw/Taxi,722,588,134,0,0,0,22,18,4,157,106,51,218,176,42,208,185,23,63,59,4,31,28,3,16,14,2,7,2,5,23.4409325,84.6845216
JHARKHAND,Rural,Lohardaga,Bus,538,468,70,0,0,0,13,8,5,18,16,2,30,26,4,72,57,15,61,55,6,104,91,13,229,208,21,11,7,4,23.4409325,84.6845216
JHARKHAND,Rural,Lohardaga,Train,362,309,53,0,0,0,23,16,7,46,41,5,34,28,6,32,28,4,6,5,1,42,32,10,159,140,19,20,19,1,23.4409325,84.6845216
JHARKHAND,Rural,Lohardaga,Water transport,7,7,0,0,0,0,1,1,0,1,1,0,0,0,0,0,0,0,1,1,0,1,1,0,3,3,0,0,0,0,23.4409325,84.6845216
JHARKHAND,Rural,Lohardaga,Any other,264,249,15,0,0,0,9,8,1,37,32,5,41,36,5,51,49,2,25,25,0,23,22,1,50,50,0,28,27,1,23.4409325,84.6845216
JHARKHAND,Rural,Lohardaga,No travel,8093,5302,2791,8093,5302,2791,0,0,0,0,0,0,0,0,0,0,0,0,0,0,0,0,0,0,0,0,0,0,0,0,23.4409325,84.6845216
JHARKHAND,Urban,Lohardaga,All Modes,14517,11750,2767,3705,2849,856,4290,3429,861,3853,3189,664,874,715,159,686,574,112,352,316,36,253,231,22,455,405,50,49,42,7,23.4409325,84.6845216
JHARKHAND,Urban,Lohardaga,On foot,4690,3481,1209,0,0,0,3208,2413,795,1256,895,361,226,173,53,0,0,0,0,0,0,0,0,0,0,0,0,0,0,0,23.4409325,84.6845216
JHARKHAND,Urban,Lohardaga,Bicycle,2302,2197,105,0,0,0,563,542,21,1370,1304,66,194,185,9,92,87,5,83,79,4,0,0,0,0,0,0,0,0,0,23.4409325,84.6845216
JHARKHAND,Urban,Lohardaga,Moped/Scooter/Motor Cycle,2028,1875,153,0,0,0,384,367,17,805,733,72,292,266,26,304,282,22,123,115,8,74,66,8,29,29,0,17,17,0,23.4409325,84.6845216
JHARKHAND,Urban,Lohardaga,Car/Jeep/Van,230,209,21,0,0,0,34,29,5,44,37,7,15,13,2,32,28,4,30,30,0,37,36,1,36,34,2,2,2,0,23.4409325,84.6845216
JHARKHAND,Urban,Lohardaga,Tempo/Autorickshaw/Taxi,707,428,279,0,0,0,65,45,20,259,135,124,113,57,56,160,108,52,62,43,19,30,28,2,6,5,1,12,7,5,23.4409325,84.6845216
JHARKHAND,Urban,Lohardaga,Bus,384,307,77,0,0,0,11,10,1,42,16,26,16,8,8,62,44,18,34,32,2,86,77,9,126,114,12,7,6,1,23.4409325,84.6845216
JHARKHAND,Urban,Lohardaga,Train,329,269,60,0,0,0,15,14,1,39,32,7,11,6,5,17,8,9,11,8,3,9,7,2,222,190,32,5,4,1,23.4409325,84.6845216
JHARKHAND,Urban,Lohardaga,Water transport,5,4,1,0,0,0,3,2,1,1,1,0,0,0,0,0,0,0,0,0,0,0,0,0,0,0,0,1,1,0,23.4409325,84.6845216
JHARKHAND,Urban,Lohardaga,Any other,137,131,6,0,0,0,7,7,0,37,36,1,7,7,0,19,17,2,9,9,0,17,17,0,36,33,3,5,5,0,23.4409325,84.6845216
JHARKHAND,Urban,Lohardaga,No travel,3705,2849,856,3705,2849,856,0,0,0,0,0,0,0,0,0,0,0,0,0,0,0,0,0,0,0,0,0,0,0,0,23.4409325,84.6845216
ODISHA,Total,Debagarh,All Modes,32198,22193,10005,11183,6861,4322,6169,3955,2214,7494,5209,2285,3309,2481,828,1139,1009,130,794,711,83,529,480,49,1253,1190,63,328,297,31,21.5383136,84.7289442
ODISHA,Total,Debagarh,On foot,10786,6090,4696,0,0,0,4628,2528,2100,4477,2556,1921,1681,1006,675,0,0,0,0,0,0,0,0,0,0,0,0,0,0,0,21.5383136,84.7289442
ODISHA,Total,Debagarh,Bicycle,4325,3923,402,0,0,0,888,815,73,1913,1675,238,928,883,45,274,265,9,322,285,37,0,0,0,0,0,0,0,0,0,21.5383136,84.7289442
ODISHA,Total,Debagarh,Moped/Scooter/Motor Cycle,2853,2686,167,0,0,0,532,511,21,903,817,86,423,402,21,407,388,19,191,188,3,130,125,5,135,131,4,132,124,8,21.5383136,84.7289442
ODISHA,Total,Debagarh,Car/Jeep/Van,200,178,22,0,0,0,28,24,4,32,29,3,14,12,2,23,16,7,19,18,1,21,19,2,32,30,2,31,30,1,21.5383136,84.7289442
ODISHA,Total,Debagarh,Tempo/Autorickshaw/Taxi,70,54,16,0,0,0,8,8,0,17,11,6,18,15,3,11,7,4,2,1,1,4,4,0,7,7,0,3,1,2,21.5383136,84.7289442
ODISHA,Total,Debagarh,Bus,2479,2125,354,0,0,0,46,33,13,105,80,25,230,152,78,404,318,86,250,211,39,364,324,40,955,901,54,125,106,19,21.5383136,84.7289442
ODISHA,Total,Debagarh,Train,181,167,14,0,0,0,18,16,2,20,18,2,6,6,0,9,7,2,6,4,2,3,1,2,93,90,3,26,25,1,21.5383136,84.7289442
ODISHA,Total,Debagarh,Water transport,12,11,1,0,0,0,0,0,0,4,3,1,0,0,0,1,1,0,0,0,0,2,2,0,5,5,0,0,0,0,21.5383136,84.7289442
ODISHA,Total,Debagarh,Any other,109,98,11,0,0,0,21,20,1,23,20,3,9,5,4,10,7,3,4,4,0,5,5,0,26,26,0,11,11,0,21.5383136,84.7289442
ODISHA,Total,Debagarh,No travel,11183,6861,4322,11183,6861,4322,0,0,0,0,0,0,0,0,0,0,0,0,0,0,0,0,0,0,0,0,0,0,0,0,21.5383136,84.7289442
ODISHA,Rural,Debagarh,All Modes,25662,17050,8612,9796,5813,3983,4058,2298,1760,5662,3767,1895,2864,2142,722,943,854,89,605,542,63,438,403,35,1097,1046,51,199,185,14,21.5383136,84.7289442
ODISHA,Rural,Debagarh,On foot,8261,4390,3871,0,0,0,3333,1655,1678,3541,1941,1600,1387,794,593,0,0,0,0,0,0,0,0,0,0,0,0,0,0,0,21.5383136,84.7289442
ODISHA,Rural,Debagarh,Bicycle,3314,2950,364,0,0,0,458,403,55,1466,1243,223,878,833,45,256,248,8,256,223,33,0,0,0,0,0,0,0,0,0,21.5383136,84.7289442
ODISHA,Rural,Debagarh,Moped/Scooter/Motor Cycle,1831,1725,106,0,0,0,203,192,11,526,477,49,357,342,15,319,304,15,137,134,3,95,90,5,111,107,4,83,79,4,21.5383136,84.7289442
ODISHA,Rural,Debagarh,Car/Jeep/Van,118,101,17,0,0,0,15,11,4,14,13,1,14,12,2,17,10,7,5,5,0,17,16,1,16,15,1,20,19,1,21.5383136,84.7289442
ODISHA,Rural,Debagarh,Tempo/Autorickshaw/Taxi,50,42,8,0,0,0,4,4,0,5,5,0,18,15,3,9,6,3,2,1,1,4,4,0,7,7,0,1,0,1,21.5383136,84.7289442
ODISHA,Rural,Debagarh,Bus,2056,1817,239,0,0,0,29,20,9,83,67,16,198,138,60,324,272,52,196,172,24,314,287,27,845,802,43,67,59,8,21.5383136,84.7289442
ODISHA,Rural,Debagarh,Train,151,139,12,0,0,0,10,8,2,16,14,2,5,5,0,7,6,1,5,3,2,3,1,2,87,84,3,18,18,0,21.5383136,84.7289442
ODISHA,Rural,Debagarh,Water transport,10,9,1,0,0,0,0,0,0,3,2,1,0,0,0,1,1,0,0,0,0,1,1,0,5,5,0,0,0,0,21.5383136,84.7289442
ODISHA,Rural,Debagarh,Any other,75,64,11,0,0,0,6,5,1,8,5,3,7,3,4,10,7,3,4,4,0,4,4,0,26,26,0,10,10,0,21.5383136,84.7289442
ODISHA,Rural,Debagarh,No travel,9796,5813,3983,9796,5813,3983,0,0,0,0,0,0,0,0,0,0,0,0,0,0,0,0,0,0,0,0,0,0,0,0,21.5383136,84.7289442
ODISHA,Urban,Debagarh,All Modes,6536,5143,1393,1387,1048,339,2111,1657,454,1832,1442,390,445,339,106,196,155,41,189,169,20,91,77,14,156,144,12,129,112,17,21.5383136,84.7289442
ODISHA,Urban,Debagarh,On foot,2525,1700,825,0,0,0,1295,873,422,936,615,321,294,212,82,0,0,0,0,0,0,0,0,0,0,0,0,0,0,0,21.5383136,84.7289442
ODISHA,Urban,Debagarh,Bicycle,1011,973,38,0,0,0,430,412,18,447,432,15,50,50,0,18,17,1,66,62,4,0,0,0,0,0,0,0,0,0,21.5383136,84.7289442
ODISHA,Urban,Debagarh,Moped/Scooter/Motor Cycle,1022,961,61,0,0,0,329,319,10,377,340,37,66,60,6,88,84,4,54,54,0,35,35,0,24,24,0,49,45,4,21.5383136,84.7289442
ODISHA,Urban,Debagarh,Car/Jeep/Van,82,77,5,0,0,0,13,13,0,18,16,2,0,0,0,6,6,0,14,13,1,4,3,1,16,15,1,11,11,0,21.5383136,84.7289442
ODISHA,Urban,Debagarh,Tempo/Autorickshaw/Taxi,20,12,8,0,0,0,4,4,0,12,6,6,0,0,0,2,1,1,0,0,0,0,0,0,0,0,0,2,1,1,21.5383136,84.7289442
ODISHA,Urban,Debagarh,Bus,423,308,115,0,0,0,17,13,4,22,13,9,32,14,18,80,46,34,54,39,15,50,37,13,110,99,11,58,47,11,21.5383136,84.7289442
ODISHA,Urban,Debagarh,Train,30,28,2,0,0,0,8,8,0,4,4,0,1,1,0,2,1,1,1,1,0,0,0,0,6,6,0,8,7,1,21.5383136,84.7289442
ODISHA,Urban,Debagarh,Water transport,2,2,0,0,0,0,0,0,0,1,1,0,0,0,0,0,0,0,0,0,0,1,1,0,0,0,0,0,0,0,21.5383136,84.7289442
ODISHA,Urban,Debagarh,Any other,34,34,0,0,0,0,15,15,0,15,15,0,2,2,0,0,0,0,0,0,0,1,1,0,0,0,0,1,1,0,21.5383136,84.7289442
ODISHA,Urban,Debagarh,No travel,1387,1048,339,1387,1048,339,0,0,0,0,0,0,0,0,0,0,0,0,0,0,0,0,0,0,0,0,0,0,0,0,21.5383136,84.7289442
BIHAR,Total,Saran,All Modes,272570,227595,44975,114700,84010,30690,40311,34180,6131,54614,50957,3657,29363,26439,2924,9014,8558,456,9219,8845,374,3448,3258,190,7061,6876,185,4840,4472,368,25.7765249,84.7380858
BIHAR,Total,Saran,On foot,56562,46897,9665,0,0,0,28406,23004,5402,16515,14413,2102,11641,9480,2161,0,0,0,0,0,0,0,0,0,0,0,0,0,0,0,25.7765249,84.7380858
BIHAR,Total,Saran,Bicycle,55637,54535,1102,0,0,0,7757,7559,198,27333,26834,499,10920,10762,158,3494,3426,68,6133,5954,179,0,0,0,0,0,0,0,0,0,25.7765249,84.7380858
BIHAR,Total,Saran,Moped/Scooter/Motor Cycle,17118,16016,1102,0,0,0,2241,2086,155,6211,5805,406,3026,2807,219,2045,1924,121,878,830,48,922,882,40,414,399,15,1381,1283,98,25.7765249,84.7380858
BIHAR,Total,Saran,Car/Jeep/Van,2292,1988,304,0,0,0,272,218,54,501,414,87,337,277,60,339,317,22,241,216,25,195,182,13,198,184,14,209,180,29,25.7765249,84.7380858
BIHAR,Total,Saran,Tempo/Autorickshaw/Taxi,5520,4574,946,0,0,0,518,360,158,1759,1352,407,1319,1158,161,943,863,80,268,253,15,212,191,21,109,100,9,392,297,95,25.7765249,84.7380858
BIHAR,Total,Saran,Bus,7144,6575,569,0,0,0,309,261,48,977,884,93,1180,1070,110,1298,1177,121,842,773,69,942,886,56,1091,1066,25,505,458,47,25.7765249,84.7380858
BIHAR,Total,Saran,Train,11680,11245,435,0,0,0,487,446,41,838,805,33,646,612,34,714,674,40,761,727,34,1076,1021,55,5089,4969,120,2069,1991,78,25.7765249,84.7380858
BIHAR,Total,Saran,Water transport,414,394,20,0,0,0,33,30,3,139,130,9,60,57,3,53,52,1,37,36,1,21,20,1,26,26,0,45,43,2,25.7765249,84.7380858
BIHAR,Total,Saran,Any other,1503,1361,142,0,0,0,288,216,72,341,320,21,234,216,18,128,125,3,59,56,3,80,76,4,134,132,2,239,220,19,25.7765249,84.7380858
BIHAR,Total,Saran,No travel,114700,84010,30690,114700,84010,30690,0,0,0,0,0,0,0,0,0,0,0,0,0,0,0,0,0,0,0,0,0,0,0,0,25.7765249,84.7380858
BIHAR,Rural,Saran,All Modes,211133,173884,37249,93199,66970,26229,28390,23554,4836,39859,37116,2743,22522,20183,2339,7520,7181,339,7278,7002,276,2655,2542,113,6094,5959,135,3616,3377,239,25.7765249,84.7380858
BIHAR,Rural,Saran,On foot,39234,31373,7861,0,0,0,19800,15407,4393,11302,9587,1715,8132,6379,1753,0,0,0,0,0,0,0,0,0,0,0,0,0,0,0,25.7765249,84.7380858
BIHAR,Rural,Saran,Bicycle,44778,43911,867,0,0,0,6105,5955,150,21679,21290,389,9141,9014,127,3031,2976,55,4822,4676,146,0,0,0,0,0,0,0,0,0,25.7765249,84.7380858
BIHAR,Rural,Saran,Moped/Scooter/Motor Cycle,11525,10672,853,0,0,0,1245,1144,101,3824,3512,312,2304,2113,191,1641,1536,105,708,668,40,679,649,30,319,310,9,805,740,65,25.7765249,84.7380858
BIHAR,Rural,Saran,Car/Jeep/Van,1664,1487,177,0,0,0,128,106,22,338,289,49,256,216,40,280,265,15,200,181,19,159,149,10,162,155,7,141,126,15,25.7765249,84.7380858
BIHAR,Rural,Saran,Tempo/Autorickshaw/Taxi,3539,3103,436,0,0,0,235,190,45,906,746,160,930,830,100,745,689,56,217,205,12,148,140,8,95,86,9,263,217,46,25.7765249,84.7380858
BIHAR,Rural,Saran,Bus,6094,5719,375,0,0,0,236,212,24,850,778,72,1034,954,80,1096,1016,80,716,672,44,796,767,29,945,927,18,421,393,28,25.7765249,84.7380858
BIHAR,Rural,Saran,Train,9592,9286,306,0,0,0,364,336,28,640,618,22,485,458,27,585,561,24,536,523,13,798,765,33,4428,4337,91,1756,1688,68,25.7765249,84.7380858
BIHAR,Rural,Saran,Water transport,334,319,15,0,0,0,30,28,2,111,105,6,50,47,3,35,34,1,27,27,0,15,14,1,24,24,0,42,40,2,25.7765249,84.7380858
BIHAR,Rural,Saran,Any other,1174,1044,130,0,0,0,247,176,71,209,191,18,190,172,18,107,104,3,52,50,2,60,58,2,121,120,1,188,173,15,25.7765249,84.7380858
BIHAR,Rural,Saran,No travel,93199,66970,26229,93199,66970,26229,0,0,0,0,0,0,0,0,0,0,0,0,0,0,0,0,0,0,0,0,0,0,0,0,25.7765249,84.7380858
BIHAR,Urban,Saran,All Modes,61437,53711,7726,21501,17040,4461,11921,10626,1295,14755,13841,914,6841,6256,585,1494,1377,117,1941,1843,98,793,716,77,967,917,50,1224,1095,129,25.7765249,84.7380858
BIHAR,Urban,Saran,On foot,17328,15524,1804,0,0,0,8606,7597,1009,5213,4826,387,3509,3101,408,0,0,0,0,0,0,0,0,0,0,0,0,0,0,0,25.7765249,84.7380858
BIHAR,Urban,Saran,Bicycle,10859,10624,235,0,0,0,1652,1604,48,5654,5544,110,1779,1748,31,463,450,13,1311,1278,33,0,0,0,0,0,0,0,0,0,25.7765249,84.7380858
BIHAR,Urban,Saran,Moped/Scooter/Motor Cycle,5593,5344,249,0,0,0,996,942,54,2387,2293,94,722,694,28,404,388,16,170,162,8,243,233,10,95,89,6,576,543,33,25.7765249,84.7380858
BIHAR,Urban,Saran,Car/Jeep/Van,628,501,127,0,0,0,144,112,32,163,125,38,81,61,20,59,52,7,41,35,6,36,33,3,36,29,7,68,54,14,25.7765249,84.7380858
BIHAR,Urban,Saran,Tempo/Autorickshaw/Taxi,1981,1471,510,0,0,0,283,170,113,853,606,247,389,328,61,198,174,24,51,48,3,64,51,13,14,14,0,129,80,49,25.7765249,84.7380858
BIHAR,Urban,Saran,Bus,1050,856,194,0,0,0,73,49,24,127,106,21,146,116,30,202,161,41,126,101,25,146,119,27,146,139,7,84,65,19,25.7765249,84.7380858
BIHAR,Urban,Saran,Train,2088,1959,129,0,0,0,123,110,13,198,187,11,161,154,7,129,113,16,225,204,21,278,256,22,661,632,29,313,303,10,25.7765249,84.7380858
BIHAR,Urban,Saran,Water transport,80,75,5,0,0,0,3,2,1,28,25,3,10,10,0,18,18,0,10,9,1,6,6,0,2,2,0,3,3,0,25.7765249,84.7380858
BIHAR,Urban,Saran,Any other,329,317,12,0,0,0,41,40,1,132,129,3,44,44,0,21,21,0,7,6,1,20,18,2,13,12,1,51,47,4,25.7765249,84.7380858
BIHAR,Urban,Saran,No travel,21501,17040,4461,21501,17040,4461,0,0,0,0,0,0,0,0,0,0,0,0,0,0,0,0,0,0,0,0,0,0,0,0,25.7765249,84.7380858
BIHAR,Total,Purba Champaran,All Modes,284926,224998,59928,116780,76274,40506,45648,36852,8796,53486,48573,4913,30681,26964,3717,9635,9065,570,10218,9665,553,3764,3558,206,8123,7905,218,6591,6142,449,26.6098139,84.8567932
BIHAR,Total,Purba Champaran,On foot,59771,45827,13944,0,0,0,33041,24972,8069,15032,11982,3050,11698,8873,2825,0,0,0,0,0,0,0,0,0,0,0,0,0,0,0,26.6098139,84.8567932
BIHAR,Total,Purba Champaran,Bicycle,59920,58433,1487,0,0,0,8246,7993,253,27387,26727,660,12687,12479,208,4505,4430,75,7095,6804,291,0,0,0,0,0,0,0,0,0,26.6098139,84.8567932
BIHAR,Total,Purba Champaran,Moped/Scooter/Motor Cycle,21560,19725,1835,0,0,0,2871,2611,260,7625,6970,655,3689,3322,367,2645,2405,240,1325,1231,94,1223,1164,59,480,462,18,1702,1560,142,26.6098139,84.8567932
BIHAR,Total,Purba Champaran,Car/Jeep/Van,2277,2004,273,0,0,0,257,216,41,504,430,74,346,293,53,326,292,34,175,156,19,230,214,16,209,199,10,230,204,26,26.6098139,84.8567932
BIHAR,Total,Purba Champaran,Tempo/Autorickshaw/Taxi,2960,2325,635,0,0,0,247,187,60,1176,871,305,694,587,107,329,284,45,100,83,17,89,79,10,61,56,5,264,178,86,26.6098139,84.8567932
BIHAR,Total,Purba Champaran,Bus,7211,6623,588,0,0,0,285,245,40,644,570,74,821,707,114,1019,896,123,834,767,67,1074,1010,64,1772,1718,54,762,710,52,26.6098139,84.8567932
BIHAR,Total,Purba Champaran,Train,13173,12608,565,0,0,0,563,509,54,819,756,63,544,513,31,650,600,50,644,582,62,1083,1027,56,5455,5326,129,3415,3295,120,26.6098139,84.8567932
BIHAR,Total,Purba Champaran,Water transport,138,127,11,0,0,0,13,9,4,18,15,3,27,27,0,11,10,1,4,4,0,12,12,0,28,28,0,25,22,3,26.6098139,84.8567932
BIHAR,Total,Purba Champaran,Any other,1136,1052,84,0,0,0,125,110,15,281,252,29,175,163,12,150,148,2,41,38,3,53,52,1,118,116,2,193,173,20,26.6098139,84.8567932
BIHAR,Total,Purba Champaran,No travel,116780,76274,40506,116780,76274,40506,0,0,0,0,0,0,0,0,0,0,0,0,0,0,0,0,0,0,0,0,0,0,0,0,26.6098139,84.8567932
BIHAR,Rural,Purba Champaran,All Modes,218478,167228,51250,96211,60203,36008,29382,22269,7113,37922,34107,3815,24537,21564,2973,8135,7737,398,7663,7310,353,2801,2666,135,7102,6934,168,4725,4438,287,26.6098139,84.8567932
BIHAR,Rural,Purba Champaran,On foot,40594,29146,11448,0,0,0,21538,14946,6592,10648,8109,2539,8408,6091,2317,0,0,0,0,0,0,0,0,0,0,0,0,0,0,0,26.6098139,84.8567932
BIHAR,Rural,Purba Champaran,Bicycle,46909,45725,1184,0,0,0,5466,5265,201,20619,20087,532,11358,11175,183,4123,4055,68,5343,5143,200,0,0,0,0,0,0,0,0,0,26.6098139,84.8567932
BIHAR,Rural,Purba Champaran,Moped/Scooter/Motor Cycle,13559,12151,1408,0,0,0,1366,1178,188,4322,3821,501,2695,2395,300,2004,1816,188,996,925,71,883,837,46,390,375,15,903,804,99,26.6098139,84.8567932
BIHAR,Rural,Purba Champaran,Car/Jeep/Van,1487,1346,141,0,0,0,120,98,22,268,232,36,256,227,29,240,218,22,116,110,6,171,162,9,169,163,6,147,136,11,26.6098139,84.8567932
BIHAR,Rural,Purba Champaran,Tempo/Autorickshaw/Taxi,1983,1733,250,0,0,0,146,124,22,670,568,102,528,483,45,272,248,24,80,72,8,70,67,3,52,48,4,165,123,42,26.6098139,84.8567932
BIHAR,Rural,Purba Champaran,Bus,6018,5669,349,0,0,0,231,205,26,535,493,42,691,618,73,859,798,61,675,642,33,873,830,43,1584,1539,45,570,544,26,26.6098139,84.8567932
BIHAR,Rural,Purba Champaran,Train,10720,10333,387,0,0,0,423,375,48,659,617,42,446,431,15,495,462,33,411,379,32,753,720,33,4773,4677,96,2760,2672,88,26.6098139,84.8567932
BIHAR,Rural,Purba Champaran,Water transport,118,108,10,0,0,0,10,6,4,16,14,2,26,26,0,9,8,1,4,4,0,8,8,0,25,25,0,20,17,3,26.6098139,84.8567932
BIHAR,Rural,Purba Champaran,Any other,879,814,65,0,0,0,82,72,10,185,166,19,129,118,11,133,132,1,38,35,3,43,42,1,109,107,2,160,142,18,26.6098139,84.8567932
BIHAR,Rural,Purba Champaran,No travel,96211,60203,36008,96211,60203,36008,0,0,0,0,0,0,0,0,0,0,0,0,0,0,0,0,0,0,0,0,0,0,0,0,26.6098139,84.8567932
BIHAR,Urban,Purba Champaran,All Modes,66448,57770,8678,20569,16071,4498,16266,14583,1683,15564,14466,1098,6144,5400,744,1500,1328,172,2555,2355,200,963,892,71,1021,971,50,1866,1704,162,26.6098139,84.8567932
BIHAR,Urban,Purba Champaran,On foot,19177,16681,2496,0,0,0,11503,10026,1477,4384,3873,511,3290,2782,508,0,0,0,0,0,0,0,0,0,0,0,0,0,0,0,26.6098139,84.8567932
BIHAR,Urban,Purba Champaran,Bicycle,13011,12708,303,0,0,0,2780,2728,52,6768,6640,128,1329,1304,25,382,375,7,1752,1661,91,0,0,0,0,0,0,0,0,0,26.6098139,84.8567932
BIHAR,Urban,Purba Champaran,Moped/Scooter/Motor Cycle,8001,7574,427,0,0,0,1505,1433,72,3303,3149,154,994,927,67,641,589,52,329,306,23,340,327,13,90,87,3,799,756,43,26.6098139,84.8567932
BIHAR,Urban,Purba Champaran,Car/Jeep/Van,790,658,132,0,0,0,137,118,19,236,198,38,90,66,24,86,74,12,59,46,13,59,52,7,40,36,4,83,68,15,26.6098139,84.8567932
BIHAR,Urban,Purba Champaran,Tempo/Autorickshaw/Taxi,977,592,385,0,0,0,101,63,38,506,303,203,166,104,62,57,36,21,20,11,9,19,12,7,9,8,1,99,55,44,26.6098139,84.8567932
BIHAR,Urban,Purba Champaran,Bus,1193,954,239,0,0,0,54,40,14,109,77,32,130,89,41,160,98,62,159,125,34,201,180,21,188,179,9,192,166,26,26.6098139,84.8567932
BIHAR,Urban,Purba Champaran,Train,2453,2275,178,0,0,0,140,134,6,160,139,21,98,82,16,155,138,17,233,203,30,330,307,23,682,649,33,655,623,32,26.6098139,84.8567932
BIHAR,Urban,Purba Champaran,Water transport,20,19,1,0,0,0,3,3,0,2,1,1,1,1,0,2,2,0,0,0,0,4,4,0,3,3,0,5,5,0,26.6098139,84.8567932
BIHAR,Urban,Purba Champaran,Any other,257,238,19,0,0,0,43,38,5,96,86,10,46,45,1,17,16,1,3,3,0,10,10,0,9,9,0,33,31,2,26.6098139,84.8567932
BIHAR,Urban,Purba Champaran,No travel,20569,16071,4498,20569,16071,4498,0,0,0,0,0,0,0,0,0,0,0,0,0,0,0,0,0,0,0,0,0,0,0,0,26.6098139,84.8567932
JHARKHAND,Total,Chatra,All Modes,75670,58505,17165,28822,19777,9045,13417,10201,3216,17138,13772,3366,8595,7372,1223,2144,2023,121,1189,1135,54,1172,1121,51,2774,2702,72,419,402,17,24.2065446,84.871802
JHARKHAND,Total,Chatra,On foot,22494,15555,6939,0,0,0,10563,7502,3061,8823,5905,2918,3108,2148,960,0,0,0,0,0,0,0,0,0,0,0,0,0,0,0,24.2065446,84.871802
JHARKHAND,Total,Chatra,Bicycle,9903,9585,318,0,0,0,1458,1412,46,4972,4795,177,2669,2590,79,513,505,8,291,283,8,0,0,0,0,0,0,0,0,0,24.2065446,84.871802
JHARKHAND,Total,Chatra,Moped/Scooter/Motor Cycle,5122,4863,259,0,0,0,783,748,35,2042,1922,120,1106,1055,51,542,520,22,201,196,5,242,227,15,133,126,7,73,69,4,24.2065446,84.871802
JHARKHAND,Total,Chatra,Car/Jeep/Van,708,668,40,0,0,0,96,85,11,147,140,7,122,111,11,101,98,3,73,71,2,92,90,2,50,50,0,27,23,4,24.2065446,84.871802
JHARKHAND,Total,Chatra,Tempo/Autorickshaw/Taxi,1033,891,142,0,0,0,92,72,20,354,280,74,324,292,32,151,142,9,39,38,1,37,36,1,25,24,1,11,7,4,24.2065446,84.871802
JHARKHAND,Total,Chatra,Bus,6276,5887,389,0,0,0,345,309,36,650,586,64,1178,1092,86,797,720,77,577,539,38,766,733,33,1862,1811,51,101,97,4,24.2065446,84.871802
JHARKHAND,Total,Chatra,Train,937,919,18,0,0,0,40,39,1,48,45,3,27,27,0,13,13,0,3,3,0,18,18,0,595,582,13,193,192,1,24.2065446,84.871802
JHARKHAND,Total,Chatra,Water transport,18,16,2,0,0,0,3,2,1,3,3,0,1,1,0,3,2,1,0,0,0,1,1,0,3,3,0,4,4,0,24.2065446,84.871802
JHARKHAND,Total,Chatra,Any other,357,344,13,0,0,0,37,32,5,99,96,3,60,56,4,24,23,1,5,5,0,16,16,0,106,106,0,10,10,0,24.2065446,84.871802
JHARKHAND,Total,Chatra,No travel,28822,19777,9045,28822,19777,9045,0,0,0,0,0,0,0,0,0,0,0,0,0,0,0,0,0,0,0,0,0,0,0,0,24.2065446,84.871802
JHARKHAND,Rural,Chatra,All Modes,60510,45072,15438,24556,16143,8413,9717,7001,2716,12960,9999,2961,6658,5541,1117,1690,1613,77,992,954,38,956,918,38,2607,2542,65,374,361,13,24.2065446,84.871802
JHARKHAND,Rural,Chatra,On foot,17703,11539,6164,0,0,0,7953,5331,2622,7152,4529,2623,2598,1679,919,0,0,0,0,0,0,0,0,0,0,0,0,0,0,0,24.2065446,84.871802
JHARKHAND,Rural,Chatra,Bicycle,8030,7760,270,0,0,0,988,954,34,3800,3650,150,2494,2423,71,492,484,8,256,249,7,0,0,0,0,0,0,0,0,0,24.2065446,84.871802
JHARKHAND,Rural,Chatra,Moped/Scooter/Motor Cycle,3305,3087,218,0,0,0,415,393,22,1274,1165,109,707,663,44,400,382,18,152,148,4,178,165,13,122,116,6,57,55,2,24.2065446,84.871802
JHARKHAND,Rural,Chatra,Car/Jeep/Van,421,393,28,0,0,0,61,54,7,68,64,4,42,35,7,63,61,2,55,53,2,72,70,2,38,38,0,22,18,4,24.2065446,84.871802
JHARKHAND,Rural,Chatra,Tempo/Autorickshaw/Taxi,778,701,77,0,0,0,44,37,7,221,184,37,284,260,24,132,126,6,32,32,0,32,32,0,24,23,1,9,7,2,24.2065446,84.871802
JHARKHAND,Rural,Chatra,Bus,4529,4291,238,0,0,0,183,166,17,359,326,33,460,412,48,566,525,41,489,464,25,645,622,23,1748,1701,47,79,75,4,24.2065446,84.871802
JHARKHAND,Rural,Chatra,Train,910,895,15,0,0,0,38,37,1,44,42,2,25,25,0,12,12,0,3,3,0,17,17,0,578,567,11,193,192,1,24.2065446,84.871802
JHARKHAND,Rural,Chatra,Water transport,16,14,2,0,0,0,3,2,1,2,2,0,1,1,0,3,2,1,0,0,0,0,0,0,3,3,0,4,4,0,24.2065446,84.871802
JHARKHAND,Rural,Chatra,Any other,262,249,13,0,0,0,32,27,5,40,37,3,47,43,4,22,21,1,5,5,0,12,12,0,94,94,0,10,10,0,24.2065446,84.871802
JHARKHAND,Rural,Chatra,No travel,24556,16143,8413,24556,16143,8413,0,0,0,0,0,0,0,0,0,0,0,0,0,0,0,0,0,0,0,0,0,0,0,0,24.2065446,84.871802
JHARKHAND,Urban,Chatra,All Modes,15160,13433,1727,4266,3634,632,3700,3200,500,4178,3773,405,1937,1831,106,454,410,44,197,181,16,216,203,13,167,160,7,45,41,4,24.2065446,84.871802
JHARKHAND,Urban,Chatra,On foot,4791,4016,775,0,0,0,2610,2171,439,1671,1376,295,510,469,41,0,0,0,0,0,0,0,0,0,0,0,0,0,0,0,24.2065446,84.871802
JHARKHAND,Urban,Chatra,Bicycle,1873,1825,48,0,0,0,470,458,12,1172,1145,27,175,167,8,21,21,0,35,34,1,0,0,0,0,0,0,0,0,0,24.2065446,84.871802
JHARKHAND,Urban,Chatra,Moped/Scooter/Motor Cycle,1817,1776,41,0,0,0,368,355,13,768,757,11,399,392,7,142,138,4,49,48,1,64,62,2,11,10,1,16,14,2,24.2065446,84.871802
JHARKHAND,Urban,Chatra,Car/Jeep/Van,287,275,12,0,0,0,35,31,4,79,76,3,80,76,4,38,37,1,18,18,0,20,20,0,12,12,0,5,5,0,24.2065446,84.871802
JHARKHAND,Urban,Chatra,Tempo/Autorickshaw/Taxi,255,190,65,0,0,0,48,35,13,133,96,37,40,32,8,19,16,3,7,6,1,5,4,1,1,1,0,2,0,2,24.2065446,84.871802
JHARKHAND,Urban,Chatra,Bus,1747,1596,151,0,0,0,162,143,19,291,260,31,718,680,38,231,195,36,88,75,13,121,111,10,114,110,4,22,22,0,24.2065446,84.871802
JHARKHAND,Urban,Chatra,Train,27,24,3,0,0,0,2,2,0,4,3,1,2,2,0,1,1,0,0,0,0,1,1,0,17,15,2,0,0,0,24.2065446,84.871802
JHARKHAND,Urban,Chatra,Water transport,2,2,0,0,0,0,0,0,0,1,1,0,0,0,0,0,0,0,0,0,0,1,1,0,0,0,0,0,0,0,24.2065446,84.871802
JHARKHAND,Urban,Chatra,Any other,95,95,0,0,0,0,5,5,0,59,59,0,13,13,0,2,2,0,0,0,0,4,4,0,12,12,0,0,0,0,24.2065446,84.871802
JHARKHAND,Urban,Chatra,No travel,4266,3634,632,4266,3634,632,0,0,0,0,0,0,0,0,0,0,0,0,0,0,0,0,0,0,0,0,0,0,0,0,24.2065446,84.871802
BIHAR,Total,Jehanabad,All Modes,84676,67177,17499,40381,28511,11870,12499,10018,2481,13450,11912,1538,8211,7154,1057,2568,2366,202,1309,1227,82,2233,2140,93,3104,2990,114,921,859,62,25.2139287,84.9895549
BIHAR,Total,Jehanabad,On foot,20577,16504,4073,0,0,0,10860,8566,2294,6408,5364,1044,3309,2574,735,0,0,0,0,0,0,0,0,0,0,0,0,0,0,0,25.2139287,84.9895549
BIHAR,Total,Jehanabad,Bicycle,7235,7048,187,0,0,0,627,593,34,3762,3676,86,1948,1911,37,433,424,9,465,444,21,0,0,0,0,0,0,0,0,0,25.2139287,84.9895549
BIHAR,Total,Jehanabad,Moped/Scooter/Motor Cycle,3886,3679,207,0,0,0,349,318,31,1412,1327,85,857,818,39,520,498,22,215,206,9,222,217,5,147,144,3,164,151,13,25.2139287,84.9895549
BIHAR,Total,Jehanabad,Car/Jeep/Van,773,684,89,0,0,0,75,65,10,209,173,36,160,143,17,100,92,8,48,43,5,80,73,7,56,53,3,45,42,3,25.2139287,84.9895549
BIHAR,Total,Jehanabad,Tempo/Autorickshaw/Taxi,2084,1697,387,0,0,0,165,123,42,814,644,170,607,503,104,286,239,47,63,55,8,46,45,1,33,30,3,70,58,12,25.2139287,84.9895549
BIHAR,Total,Jehanabad,Bus,3378,2972,406,0,0,0,139,106,33,504,414,90,895,793,102,762,665,97,252,221,31,339,311,28,370,356,14,117,106,11,25.2139287,84.9895549
BIHAR,Total,Jehanabad,Train,5911,5672,239,0,0,0,228,204,24,261,245,16,368,349,19,437,419,18,258,250,8,1495,1444,51,2433,2350,83,431,411,20,25.2139287,84.9895549
BIHAR,Total,Jehanabad,Water transport,55,47,8,0,0,0,10,7,3,1,1,0,6,5,1,3,3,0,1,1,0,13,12,1,15,12,3,6,6,0,25.2139287,84.9895549
BIHAR,Total,Jehanabad,Any other,396,363,33,0,0,0,46,36,10,79,68,11,61,58,3,27,26,1,7,7,0,38,38,0,50,45,5,88,85,3,25.2139287,84.9895549
BIHAR,Total,Jehanabad,No travel,40381,28511,11870,40381,28511,11870,0,0,0,0,0,0,0,0,0,0,0,0,0,0,0,0,0,0,0,0,0,0,0,0,25.2139287,84.9895549
BIHAR,Rural,Jehanabad,All Modes,60527,46697,13830,30355,20729,9626,7178,5258,1920,8779,7772,1007,6445,5590,855,2076,1918,158,978,920,58,1556,1497,59,2525,2423,102,635,590,45,25.2139287,84.9895549
BIHAR,Rural,Jehanabad,On foot,12521,9395,3126,0,0,0,6134,4344,1790,3976,3269,707,2411,1782,629,0,0,0,0,0,0,0,0,0,0,0,0,0,0,0,25.2139287,84.9895549
BIHAR,Rural,Jehanabad,Bicycle,5834,5680,154,0,0,0,450,420,30,2877,2809,68,1774,1741,33,395,388,7,338,322,16,0,0,0,0,0,0,0,0,0,25.2139287,84.9895549
BIHAR,Rural,Jehanabad,Moped/Scooter/Motor Cycle,2561,2407,154,0,0,0,173,150,23,803,746,57,627,596,31,422,402,20,161,153,8,155,150,5,125,124,1,95,86,9,25.2139287,84.9895549
BIHAR,Rural,Jehanabad,Car/Jeep/Van,550,485,65,0,0,0,46,39,7,122,103,19,138,122,16,78,70,8,38,34,4,59,53,6,43,40,3,26,24,2,25.2139287,84.9895549
BIHAR,Rural,Jehanabad,Tempo/Autorickshaw/Taxi,1328,1102,226,0,0,0,66,47,19,399,317,82,465,395,70,241,201,40,54,48,6,36,36,0,27,24,3,40,34,6,25.2139287,84.9895549
BIHAR,Rural,Jehanabad,Bus,2617,2365,252,0,0,0,109,86,23,376,324,52,690,633,57,594,526,68,185,168,17,261,246,15,307,295,12,95,87,8,25.2139287,84.9895549
BIHAR,Rural,Jehanabad,Train,4441,4249,192,0,0,0,163,145,18,184,170,14,292,277,15,321,307,14,195,188,7,1002,970,32,1970,1895,75,314,297,17,25.2139287,84.9895549
BIHAR,Rural,Jehanabad,Water transport,45,38,7,0,0,0,9,7,2,1,1,0,5,4,1,3,3,0,1,1,0,9,8,1,12,9,3,5,5,0,25.2139287,84.9895549
BIHAR,Rural,Jehanabad,Any other,275,247,28,0,0,0,28,20,8,41,33,8,43,40,3,22,21,1,6,6,0,34,34,0,41,36,5,60,57,3,25.2139287,84.9895549
BIHAR,Rural,Jehanabad,No travel,30355,20729,9626,30355,20729,9626,0,0,0,0,0,0,0,0,0,0,0,0,0,0,0,0,0,0,0,0,0,0,0,0,25.2139287,84.9895549
BIHAR,Urban,Jehanabad,All Modes,24149,20480,3669,10026,7782,2244,5321,4760,561,4671,4140,531,1766,1564,202,492,448,44,331,307,24,677,643,34,579,567,12,286,269,17,25.2139287,84.9895549
BIHAR,Urban,Jehanabad,On foot,8056,7109,947,0,0,0,4726,4222,504,2432,2095,337,898,792,106,0,0,0,0,0,0,0,0,0,0,0,0,0,0,0,25.2139287,84.9895549
BIHAR,Urban,Jehanabad,Bicycle,1401,1368,33,0,0,0,177,173,4,885,867,18,174,170,4,38,36,2,127,122,5,0,0,0,0,0,0,0,0,0,25.2139287,84.9895549
BIHAR,Urban,Jehanabad,Moped/Scooter/Motor Cycle,1325,1272,53,0,0,0,176,168,8,609,581,28,230,222,8,98,96,2,54,53,1,67,67,0,22,20,2,69,65,4,25.2139287,84.9895549
BIHAR,Urban,Jehanabad,Car/Jeep/Van,223,199,24,0,0,0,29,26,3,87,70,17,22,21,1,22,22,0,10,9,1,21,20,1,13,13,0,19,18,1,25.2139287,84.9895549
BIHAR,Urban,Jehanabad,Tempo/Autorickshaw/Taxi,756,595,161,0,0,0,99,76,23,415,327,88,142,108,34,45,38,7,9,7,2,10,9,1,6,6,0,30,24,6,25.2139287,84.9895549
BIHAR,Urban,Jehanabad,Bus,761,607,154,0,0,0,30,20,10,128,90,38,205,160,45,168,139,29,67,53,14,78,65,13,63,61,2,22,19,3,25.2139287,84.9895549
BIHAR,Urban,Jehanabad,Train,1470,1423,47,0,0,0,65,59,6,77,75,2,76,72,4,116,112,4,63,62,1,493,474,19,463,455,8,117,114,3,25.2139287,84.9895549
BIHAR,Urban,Jehanabad,Water transport,10,9,1,0,0,0,1,0,1,0,0,0,1,1,0,0,0,0,0,0,0,4,4,0,3,3,0,1,1,0,25.2139287,84.9895549
BIHAR,Urban,Jehanabad,Any other,121,116,5,0,0,0,18,16,2,38,35,3,18,18,0,5,5,0,1,1,0,4,4,0,9,9,0,28,28,0,25.2139287,84.9895549
BIHAR,Urban,Jehanabad,No travel,10026,7782,2244,10026,7782,2244,0,0,0,0,0,0,0,0,0,0,0,0,0,0,0,0,0,0,0,0,0,0,0,0,25.2139287,84.9895549
BIHAR,Total,Gaya,All Modes,422620,301516,121104,225220,137198,88022,46979,35553,11426,56242,48431,7811,47386,37448,9938,9009,8268,741,12483,11480,1003,3012,2770,242,5370,5074,296,16919,15294,1625,24.7913957,85.0002336
BIHAR,Total,Gaya,On foot,94346,69859,24487,0,0,0,38112,27713,10399,25566,20138,5428,30668,22008,8660,0,0,0,0,0,0,0,0,0,0,0,0,0,0,0,24.7913957,85.0002336
BIHAR,Total,Gaya,Bicycle,42314,40125,2189,0,0,0,4503,4164,339,18093,17333,760,7924,7647,277,2359,2263,96,9435,8718,717,0,0,0,0,0,0,0,0,0,24.7913957,85.0002336
BIHAR,Total,Gaya,Moped/Scooter/Motor Cycle,19956,18529,1427,0,0,0,2085,1900,185,7022,6551,471,3240,3029,211,1678,1573,105,641,601,40,579,536,43,304,290,14,4407,4049,358,24.7913957,85.0002336
BIHAR,Total,Gaya,Car/Jeep/Van,2620,2224,396,0,0,0,239,197,42,629,518,111,378,326,52,353,313,40,126,107,19,134,119,15,132,122,10,629,522,107,24.7913957,85.0002336
BIHAR,Total,Gaya,Tempo/Autorickshaw/Taxi,8651,6800,1851,0,0,0,580,383,197,2626,1900,726,2005,1646,359,1263,1128,135,246,226,20,156,141,15,110,98,12,1665,1278,387,24.7913957,85.0002336
BIHAR,Total,Gaya,Bus,13908,12257,1651,0,0,0,621,475,146,1313,1110,203,2273,1962,311,2470,2170,300,1358,1206,152,1321,1199,122,1385,1292,93,3167,2843,324,24.7913957,85.0002336
BIHAR,Total,Gaya,Train,14050,13157,893,0,0,0,682,595,87,668,603,65,646,596,50,802,745,57,649,595,54,789,745,44,3348,3185,163,6466,6093,373,24.7913957,85.0002336
BIHAR,Total,Gaya,Water transport,242,216,26,0,0,0,30,23,7,15,12,3,16,15,1,14,12,2,8,8,0,3,3,0,30,28,2,126,115,11,24.7913957,85.0002336
BIHAR,Total,Gaya,Any other,1313,1151,162,0,0,0,127,103,24,310,266,44,236,219,17,70,64,6,20,19,1,30,27,3,61,59,2,459,394,65,24.7913957,85.0002336
BIHAR,Total,Gaya,No travel,225220,137198,88022,225220,137198,88022,0,0,0,0,0,0,0,0,0,0,0,0,0,0,0,0,0,0,0,0,0,0,0,0,24.7913957,85.0002336
BIHAR,Rural,Gaya,All Modes,282973,191653,91320,162762,93628,69134,28264,20232,8032,29652,24784,4868,31233,23991,7242,6771,6336,435,7402,6903,499,2072,1947,125,4009,3847,162,10808,9985,823,24.7913957,85.0002336
BIHAR,Rural,Gaya,On foot,59654,41645,18009,0,0,0,23835,16330,7505,15657,11731,3926,20162,13584,6578,0,0,0,0,0,0,0,0,0,0,0,0,0,0,0,24.7913957,85.0002336
BIHAR,Rural,Gaya,Bicycle,23982,22905,1077,0,0,0,2233,2045,188,9054,8708,346,5627,5487,140,1868,1806,62,5200,4859,341,0,0,0,0,0,0,0,0,0,24.7913957,85.0002336
BIHAR,Rural,Gaya,Moped/Scooter/Motor Cycle,7252,6658,594,0,0,0,715,638,77,2034,1846,188,1334,1238,96,946,891,55,364,348,16,275,256,19,172,166,6,1412,1275,137,24.7913957,85.0002336
BIHAR,Rural,Gaya,Car/Jeep/Van,1166,1027,139,0,0,0,83,65,18,241,203,38,154,139,15,203,187,16,86,75,11,62,55,7,74,71,3,263,232,31,24.7913957,85.0002336
BIHAR,Rural,Gaya,Tempo/Autorickshaw/Taxi,4952,4333,619,0,0,0,276,203,73,1072,877,195,1333,1200,133,972,904,68,189,181,8,119,110,9,75,71,4,916,787,129,24.7913957,85.0002336
BIHAR,Rural,Gaya,Bus,11202,10162,1040,0,0,0,489,393,96,995,879,116,1936,1700,236,2042,1849,193,1014,930,84,995,936,59,1106,1061,45,2625,2414,211,24.7913957,85.0002336
BIHAR,Rural,Gaya,Train,11022,10428,594,0,0,0,539,481,58,464,420,44,505,472,33,678,642,36,527,488,39,596,567,29,2506,2405,101,5207,4953,254,24.7913957,85.0002336
BIHAR,Rural,Gaya,Water transport,166,151,15,0,0,0,19,15,4,9,7,2,13,12,1,12,11,1,5,5,0,2,2,0,22,21,1,84,78,6,24.7913957,85.0002336
BIHAR,Rural,Gaya,Any other,815,716,99,0,0,0,75,62,13,126,113,13,169,159,10,50,46,4,17,17,0,23,21,2,54,52,2,301,246,55,24.7913957,85.0002336
BIHAR,Rural,Gaya,No travel,162762,93628,69134,162762,93628,69134,0,0,0,0,0,0,0,0,0,0,0,0,0,0,0,0,0,0,0,0,0,0,0,0,24.7913957,85.0002336
BIHAR,Urban,Gaya,All Modes,139647,109863,29784,62458,43570,18888,18715,15321,3394,26590,23647,2943,16153,13457,2696,2238,1932,306,5081,4577,504,940,823,117,1361,1227,134,6111,5309,802,24.7913957,85.0002336
BIHAR,Urban,Gaya,On foot,34692,28214,6478,0,0,0,14277,11383,2894,9909,8407,1502,10506,8424,2082,0,0,0,0,0,0,0,0,0,0,0,0,0,0,0,24.7913957,85.0002336
BIHAR,Urban,Gaya,Bicycle,18332,17220,1112,0,0,0,2270,2119,151,9039,8625,414,2297,2160,137,491,457,34,4235,3859,376,0,0,0,0,0,0,0,0,0,24.7913957,85.0002336
BIHAR,Urban,Gaya,Moped/Scooter/Motor Cycle,12704,11871,833,0,0,0,1370,1262,108,4988,4705,283,1906,1791,115,732,682,50,277,253,24,304,280,24,132,124,8,2995,2774,221,24.7913957,85.0002336
BIHAR,Urban,Gaya,Car/Jeep/Van,1454,1197,257,0,0,0,156,132,24,388,315,73,224,187,37,150,126,24,40,32,8,72,64,8,58,51,7,366,290,76,24.7913957,85.0002336
BIHAR,Urban,Gaya,Tempo/Autorickshaw/Taxi,3699,2467,1232,0,0,0,304,180,124,1554,1023,531,672,446,226,291,224,67,57,45,12,37,31,6,35,27,8,749,491,258,24.7913957,85.0002336
BIHAR,Urban,Gaya,Bus,2706,2095,611,0,0,0,132,82,50,318,231,87,337,262,75,428,321,107,344,276,68,326,263,63,279,231,48,542,429,113,24.7913957,85.0002336
BIHAR,Urban,Gaya,Train,3028,2729,299,0,0,0,143,114,29,204,183,21,141,124,17,124,103,21,122,107,15,193,178,15,842,780,62,1259,1140,119,24.7913957,85.0002336
BIHAR,Urban,Gaya,Water transport,76,65,11,0,0,0,11,8,3,6,5,1,3,3,0,2,1,1,3,3,0,1,1,0,8,7,1,42,37,5,24.7913957,85.0002336
BIHAR,Urban,Gaya,Any other,498,435,63,0,0,0,52,41,11,184,153,31,67,60,7,20,18,2,3,2,1,7,6,1,7,7,0,158,148,10,24.7913957,85.0002336
BIHAR,Urban,Gaya,No travel,62458,43570,18888,62458,43570,18888,0,0,0,0,0,0,0,0,0,0,0,0,0,0,0,0,0,0,0,0,0,0,0,0,24.7913957,85.0002336
ODISHA,Total,Ganjam,All Modes,595107,466207,128900,151064,107948,43116,112962,84518,28444,163071,130278,32793,84263,67865,16398,32410,28870,3540,20983,19015,1968,7832,7018,814,10819,10074,745,11703,10621,1082,19.387389,85.0515413
ODISHA,Total,Ganjam,On foot,175180,111216,63964,0,0,0,80839,54511,26328,64213,38233,25980,30128,18472,11656,0,0,0,0,0,0,0,0,0,0,0,0,0,0,0,19.387389,85.0515413
ODISHA,Total,Ganjam,Bicycle,140708,136187,4521,0,0,0,19710,18977,733,66065,63849,2216,30521,29723,798,11959,11684,275,12453,11954,499,0,0,0,0,0,0,0,0,0,19.387389,85.0515413
ODISHA,Total,Ganjam,Moped/Scooter/Motor Cycle,57409,53678,3731,0,0,0,8361,7773,588,21907,20152,1755,10630,10024,606,6837,6535,302,2522,2424,98,2570,2450,120,1041,1009,32,3541,3311,230,19.387389,85.0515413
ODISHA,Total,Ganjam,Car/Jeep/Van,4048,3378,670,0,0,0,490,405,85,921,719,202,619,476,143,592,499,93,312,273,39,365,326,39,348,328,20,401,352,49,19.387389,85.0515413
ODISHA,Total,Ganjam,Tempo/Autorickshaw/Taxi,8074,6386,1688,0,0,0,629,482,147,2530,1838,692,2149,1675,474,1239,1008,231,374,350,24,366,339,27,184,173,11,603,521,82,19.387389,85.0515413
ODISHA,Total,Ganjam,Bus,36050,26668,9382,0,0,0,1333,950,383,4727,3042,1685,7221,4780,2441,8814,6472,2342,4342,3122,1220,3667,3115,552,3545,3199,346,2401,1988,413,19.387389,85.0515413
ODISHA,Total,Ganjam,Train,13556,12292,1264,0,0,0,775,670,105,1093,971,122,888,772,116,920,690,230,382,321,61,595,525,70,4923,4600,323,3980,3743,237,19.387389,85.0515413
ODISHA,Total,Ganjam,Water transport,5836,5676,160,0,0,0,341,321,20,866,838,28,1431,1390,41,1697,1662,35,483,465,18,137,134,3,583,576,7,298,290,8,19.387389,85.0515413
ODISHA,Total,Ganjam,Any other,3182,2778,404,0,0,0,484,429,55,749,636,113,676,553,123,352,320,32,115,106,9,132,129,3,195,189,6,479,416,63,19.387389,85.0515413
ODISHA,Total,Ganjam,No travel,151064,107948,43116,151064,107948,43116,0,0,0,0,0,0,0,0,0,0,0,0,0,0,0,0,0,0,0,0,0,0,0,0,19.387389,85.0515413
ODISHA,Rural,Ganjam,All Modes,368560,283496,85064,103154,72981,30173,65599,46562,19037,94759,73723,21036,56697,45549,11148,21462,19654,1808,11049,10242,807,3740,3485,255,5477,5186,291,6623,6114,509,19.387389,85.0515413
ODISHA,Rural,Ganjam,On foot,120652,76143,44509,0,0,0,53938,35685,18253,45864,27767,18097,20850,12691,8159,0,0,0,0,0,0,0,0,0,0,0,0,0,0,0,19.387389,85.0515413
ODISHA,Rural,Ganjam,Bicycle,84680,82127,2553,0,0,0,8005,7682,323,37333,36138,1195,22636,22064,572,9710,9508,202,6996,6735,261,0,0,0,0,0,0,0,0,0,19.387389,85.0515413
ODISHA,Rural,Ganjam,Moped/Scooter/Motor Cycle,18640,17747,893,0,0,0,1623,1530,93,5261,4923,338,4501,4280,221,3469,3353,116,1136,1096,40,1004,981,23,396,387,9,1250,1197,53,19.387389,85.0515413
ODISHA,Rural,Ganjam,Car/Jeep/Van,1476,1278,198,0,0,0,143,121,22,293,239,54,250,209,41,236,208,28,111,98,13,139,125,14,134,127,7,170,151,19,19.387389,85.0515413
ODISHA,Rural,Ganjam,Tempo/Autorickshaw/Taxi,5444,4477,967,0,0,0,327,272,55,1611,1273,338,1666,1309,357,920,778,142,252,234,18,216,204,12,101,96,5,351,311,40,19.387389,85.0515413
ODISHA,Rural,Ganjam,Bus,22108,17297,4811,0,0,0,768,575,193,3079,2168,911,5250,3641,1609,5680,4551,1129,2049,1623,426,1921,1761,160,1775,1639,136,1586,1339,247,19.387389,85.0515413
ODISHA,Rural,Ganjam,Train,8503,7856,647,0,0,0,392,334,58,646,594,52,609,550,59,666,506,160,212,175,37,331,287,44,2819,2688,131,2828,2722,106,19.387389,85.0515413
ODISHA,Rural,Ganjam,Water transport,1907,1837,70,0,0,0,169,157,12,314,308,6,430,402,28,527,516,11,216,207,9,33,32,1,136,134,2,82,81,1,19.387389,85.0515413
ODISHA,Rural,Ganjam,Any other,1996,1753,243,0,0,0,234,206,28,358,313,45,505,403,102,254,234,20,77,74,3,96,95,1,116,115,1,356,313,43,19.387389,85.0515413
ODISHA,Rural,Ganjam,No travel,103154,72981,30173,103154,72981,30173,0,0,0,0,0,0,0,0,0,0,0,0,0,0,0,0,0,0,0,0,0,0,0,0,19.387389,85.0515413
ODISHA,Urban,Ganjam,All Modes,226547,182711,43836,47910,34967,12943,47363,37956,9407,68312,56555,11757,27566,22316,5250,10948,9216,1732,9934,8773,1161,4092,3533,559,5342,4888,454,5080,4507,573,19.387389,85.0515413
ODISHA,Urban,Ganjam,On foot,54528,35073,19455,0,0,0,26901,18826,8075,18349,10466,7883,9278,5781,3497,0,0,0,0,0,0,0,0,0,0,0,0,0,0,0,19.387389,85.0515413
ODISHA,Urban,Ganjam,Bicycle,56028,54060,1968,0,0,0,11705,11295,410,28732,27711,1021,7885,7659,226,2249,2176,73,5457,5219,238,0,0,0,0,0,0,0,0,0,19.387389,85.0515413
ODISHA,Urban,Ganjam,Moped/Scooter/Motor Cycle,38769,35931,2838,0,0,0,6738,6243,495,16646,15229,1417,6129,5744,385,3368,3182,186,1386,1328,58,1566,1469,97,645,622,23,2291,2114,177,19.387389,85.0515413
ODISHA,Urban,Ganjam,Car/Jeep/Van,2572,2100,472,0,0,0,347,284,63,628,480,148,369,267,102,356,291,65,201,175,26,226,201,25,214,201,13,231,201,30,19.387389,85.0515413
ODISHA,Urban,Ganjam,Tempo/Autorickshaw/Taxi,2630,1909,721,0,0,0,302,210,92,919,565,354,483,366,117,319,230,89,122,116,6,150,135,15,83,77,6,252,210,42,19.387389,85.0515413
ODISHA,Urban,Ganjam,Bus,13942,9371,4571,0,0,0,565,375,190,1648,874,774,1971,1139,832,3134,1921,1213,2293,1499,794,1746,1354,392,1770,1560,210,815,649,166,19.387389,85.0515413
ODISHA,Urban,Ganjam,Train,5053,4436,617,0,0,0,383,336,47,447,377,70,279,222,57,254,184,70,170,146,24,264,238,26,2104,1912,192,1152,1021,131,19.387389,85.0515413
ODISHA,Urban,Ganjam,Water transport,3929,3839,90,0,0,0,172,164,8,552,530,22,1001,988,13,1170,1146,24,267,258,9,104,102,2,447,442,5,216,209,7,19.387389,85.0515413
ODISHA,Urban,Ganjam,Any other,1186,1025,161,0,0,0,250,223,27,391,323,68,171,150,21,98,86,12,38,32,6,36,34,2,79,74,5,123,103,20,19.387389,85.0515413
ODISHA,Urban,Ganjam,No travel,47910,34967,12943,47910,34967,12943,0,0,0,0,0,0,0,0,0,0,0,0,0,0,0,0,0,0,0,0,0,0,0,0,19.387389,85.0515413
ODISHA,Total,Nayagarh,All Modes,122925,101209,21716,37697,26867,10830,20301,15643,4658,26153,22647,3506,15639,14074,1565,6639,6257,382,4446,4236,210,2105,1983,122,8075,7757,318,1870,1745,125,20.1231332,85.1038426
ODISHA,Total,Nayagarh,On foot,27301,19364,7937,0,0,0,13851,9504,4347,9257,6686,2571,4193,3174,1019,0,0,0,0,0,0,0,0,0,0,0,0,0,0,0,20.1231332,85.1038426
ODISHA,Total,Nayagarh,Bicycle,30411,29545,866,0,0,0,4360,4221,139,12392,12020,372,7649,7475,174,3153,3065,88,2857,2764,93,0,0,0,0,0,0,0,0,0,20.1231332,85.1038426
ODISHA,Total,Nayagarh,Moped/Scooter/Motor Cycle,12078,11335,743,0,0,0,1560,1454,106,3291,2998,293,2406,2258,148,1964,1876,88,726,697,29,715,689,26,796,776,20,620,587,33,20.1231332,85.1038426
ODISHA,Total,Nayagarh,Car/Jeep/Van,780,705,75,0,0,0,79,70,9,132,106,26,87,82,5,89,82,7,41,37,4,84,79,5,189,176,13,79,73,6,20.1231332,85.1038426
ODISHA,Total,Nayagarh,Tempo/Autorickshaw/Taxi,1693,1505,188,0,0,0,141,131,10,366,290,76,408,365,43,284,252,32,96,90,6,120,118,2,177,173,4,101,86,15,20.1231332,85.1038426
ODISHA,Total,Nayagarh,Bus,10828,9863,965,0,0,0,180,152,28,503,356,147,751,582,169,1065,902,163,689,614,75,1119,1034,85,5847,5603,244,674,620,54,20.1231332,85.1038426
ODISHA,Total,Nayagarh,Train,1604,1535,69,0,0,0,80,69,11,108,99,9,54,50,4,35,33,2,17,16,1,32,30,2,958,929,29,320,309,11,20.1231332,85.1038426
ODISHA,Total,Nayagarh,Water transport,75,65,10,0,0,0,10,6,4,8,7,1,10,10,0,9,8,1,4,4,0,4,3,1,16,15,1,14,12,2,20.1231332,85.1038426
ODISHA,Total,Nayagarh,Any other,458,425,33,0,0,0,40,36,4,96,85,11,81,78,3,40,39,1,16,14,2,31,30,1,92,85,7,62,58,4,20.1231332,85.1038426
ODISHA,Total,Nayagarh,No travel,37697,26867,10830,37697,26867,10830,0,0,0,0,0,0,0,0,0,0,0,0,0,0,0,0,0,0,0,0,0,0,0,0,20.1231332,85.1038426
ODISHA,Rural,Nayagarh,All Modes,101295,82609,18686,31865,22234,9631,14248,10314,3934,21760,18826,2934,13564,12258,1306,5861,5571,290,3799,3632,167,1682,1603,79,6961,6719,242,1555,1452,103,20.1231332,85.1038426
ODISHA,Rural,Nayagarh,On foot,22163,15277,6886,0,0,0,10501,6774,3727,8198,5929,2269,3464,2574,890,0,0,0,0,0,0,0,0,0,0,0,0,0,0,0,20.1231332,85.1038426
ODISHA,Rural,Nayagarh,Bicycle,25738,24969,769,0,0,0,2669,2557,112,10449,10117,332,7088,6926,162,2965,2884,81,2567,2485,82,0,0,0,0,0,0,0,0,0,20.1231332,85.1038426
ODISHA,Rural,Nayagarh,Moped/Scooter/Motor Cycle,8508,8041,467,0,0,0,673,623,50,2150,1980,170,1874,1767,107,1591,1533,58,553,531,22,567,548,19,637,623,14,463,436,27,20.1231332,85.1038426
ODISHA,Rural,Nayagarh,Car/Jeep/Van,563,522,41,0,0,0,45,40,5,93,77,16,66,64,2,69,64,5,28,26,2,57,56,1,146,140,6,59,55,4,20.1231332,85.1038426
ODISHA,Rural,Nayagarh,Tempo/Autorickshaw/Taxi,1444,1323,121,0,0,0,103,96,7,290,254,36,347,317,30,257,229,28,86,82,4,108,107,1,171,168,3,82,70,12,20.1231332,85.1038426
ODISHA,Rural,Nayagarh,Bus,9146,8461,685,0,0,0,148,131,17,394,298,96,599,489,110,906,792,114,536,481,55,887,832,55,5063,4871,192,613,567,46,20.1231332,85.1038426
ODISHA,Rural,Nayagarh,Train,1409,1358,51,0,0,0,71,61,10,93,88,5,51,48,3,34,32,2,11,11,0,30,28,2,841,821,20,278,269,9,20.1231332,85.1038426
ODISHA,Rural,Nayagarh,Water transport,65,56,9,0,0,0,9,5,4,7,7,0,9,9,0,7,6,1,3,3,0,4,3,1,16,15,1,10,8,2,20.1231332,85.1038426
ODISHA,Rural,Nayagarh,Any other,394,368,26,0,0,0,29,27,2,86,76,10,66,64,2,32,31,1,15,13,2,29,29,0,87,81,6,50,47,3,20.1231332,85.1038426
ODISHA,Rural,Nayagarh,No travel,31865,22234,9631,31865,22234,9631,0,0,0,0,0,0,0,0,0,0,0,0,0,0,0,0,0,0,0,0,0,0,0,0,20.1231332,85.1038426
ODISHA,Urban,Nayagarh,All Modes,21630,18600,3030,5832,4633,1199,6053,5329,724,4393,3821,572,2075,1816,259,778,686,92,647,604,43,423,380,43,1114,1038,76,315,293,22,20.1231332,85.1038426
ODISHA,Urban,Nayagarh,On foot,5138,4087,1051,0,0,0,3350,2730,620,1059,757,302,729,600,129,0,0,0,0,0,0,0,0,0,0,0,0,0,0,0,20.1231332,85.1038426
ODISHA,Urban,Nayagarh,Bicycle,4673,4576,97,0,0,0,1691,1664,27,1943,1903,40,561,549,12,188,181,7,290,279,11,0,0,0,0,0,0,0,0,0,20.1231332,85.1038426
ODISHA,Urban,Nayagarh,Moped/Scooter/Motor Cycle,3570,3294,276,0,0,0,887,831,56,1141,1018,123,532,491,41,373,343,30,173,166,7,148,141,7,159,153,6,157,151,6,20.1231332,85.1038426
ODISHA,Urban,Nayagarh,Car/Jeep/Van,217,183,34,0,0,0,34,30,4,39,29,10,21,18,3,20,18,2,13,11,2,27,23,4,43,36,7,20,18,2,20.1231332,85.1038426
ODISHA,Urban,Nayagarh,Tempo/Autorickshaw/Taxi,249,182,67,0,0,0,38,35,3,76,36,40,61,48,13,27,23,4,10,8,2,12,11,1,6,5,1,19,16,3,20.1231332,85.1038426
ODISHA,Urban,Nayagarh,Bus,1682,1402,280,0,0,0,32,21,11,109,58,51,152,93,59,159,110,49,153,133,20,232,202,30,784,732,52,61,53,8,20.1231332,85.1038426
ODISHA,Urban,Nayagarh,Train,195,177,18,0,0,0,9,8,1,15,11,4,3,2,1,1,1,0,6,5,1,2,2,0,117,108,9,42,40,2,20.1231332,85.1038426
ODISHA,Urban,Nayagarh,Water transport,10,9,1,0,0,0,1,1,0,1,0,1,1,1,0,2,2,0,1,1,0,0,0,0,0,0,0,4,4,0,20.1231332,85.1038426
ODISHA,Urban,Nayagarh,Any other,64,57,7,0,0,0,11,9,2,10,9,1,15,14,1,8,8,0,1,1,0,2,1,1,5,4,1,12,11,1,20.1231332,85.1038426
ODISHA,Urban,Nayagarh,No travel,5832,4633,1199,5832,4633,1199,0,0,0,0,0,0,0,0,0,0,0,0,0,0,0,0,0,0,0,0,0,0,0,0,20.1231332,85.1038426
BIHAR,Total,Patna,All Modes,867118,707887,159231,327614,233128,94486,112500,93960,18540,167470,148653,18817,127067,111224,15843,37787,34683,3104,30570,28581,1989,13595,12462,1133,15039,13843,1196,35476,31353,4123,25.5940947,85.1375645
BIHAR,Total,Patna,On foot,196316,162674,33642,0,0,0,84041,68795,15246,57540,48922,8618,54735,44957,9778,0,0,0,0,0,0,0,0,0,0,0,0,0,0,0,25.5940947,85.1375645
BIHAR,Total,Patna,Bicycle,108688,104710,3978,0,0,0,11045,10459,586,47305,45730,1575,23158,22551,607,8593,8365,228,18587,17605,982,0,0,0,0,0,0,0,0,0,25.5940947,85.1375645
BIHAR,Total,Patna,Moped/Scooter/Motor Cycle,91625,86162,5463,0,0,0,8349,7688,661,32218,30236,1982,22228,21113,1115,9969,9500,469,2169,2067,102,2632,2500,132,1059,1005,54,13001,12053,948,25.5940947,85.1375645
BIHAR,Total,Patna,Car/Jeep/Van,21750,17715,4035,0,0,0,1937,1540,397,6440,5083,1357,4872,3978,894,2660,2206,454,953,813,140,1014,868,146,857,758,99,3017,2469,548,25.5940947,85.1375645
BIHAR,Total,Patna,Tempo/Autorickshaw/Taxi,49313,38740,10573,0,0,0,3520,2443,1077,16613,12353,4260,13490,11047,2443,6658,5694,964,1223,1078,145,1139,924,215,455,364,91,6215,4837,1378,25.5940947,85.1375645
BIHAR,Total,Patna,Bus,17647,14778,2869,0,0,0,835,618,217,2371,1768,603,3207,2609,598,3254,2740,514,1721,1525,196,1886,1688,198,2054,1868,186,2319,1962,357,25.5940947,85.1375645
BIHAR,Total,Patna,Train,48710,45037,3673,0,0,0,2137,1880,257,3319,3043,276,4436,4086,350,6122,5678,444,5737,5327,410,6727,6305,422,10354,9603,751,9878,9115,763,25.5940947,85.1375645
BIHAR,Total,Patna,Water transport,753,662,91,0,0,0,68,53,15,161,144,17,142,126,16,116,104,12,32,31,1,40,35,5,57,53,4,137,116,21,25.5940947,85.1375645
BIHAR,Total,Patna,Any other,4702,4281,421,0,0,0,568,484,84,1503,1374,129,799,757,42,415,396,19,148,135,13,157,142,15,203,192,11,909,801,108,25.5940947,85.1375645
BIHAR,Total,Patna,No travel,327614,233128,94486,327614,233128,94486,0,0,0,0,0,0,0,0,0,0,0,0,0,0,0,0,0,0,0,0,0,0,0,0,25.5940947,85.1375645
BIHAR,Rural,Patna,All Modes,256814,197181,59633,121529,78517,43012,25460,19919,5541,34816,30734,4082,32830,28149,4681,12975,12362,613,10878,10246,632,5777,5512,265,5614,5337,277,6935,6405,530,25.5940947,85.1375645
BIHAR,Rural,Patna,On foot,52014,40298,11716,0,0,0,20085,15178,4907,16313,13288,3025,15616,11832,3784,0,0,0,0,0,0,0,0,0,0,0,0,0,0,0,25.5940947,85.1375645
BIHAR,Rural,Patna,Bicycle,32445,31311,1134,0,0,0,2666,2478,188,11427,11082,345,9205,8983,222,4183,4100,83,4964,4668,296,0,0,0,0,0,0,0,0,0,25.5940947,85.1375645
BIHAR,Rural,Patna,Moped/Scooter/Motor Cycle,9191,8657,534,0,0,0,729,626,103,2151,2046,105,1996,1905,91,1764,1700,64,651,631,20,537,521,16,200,190,10,1163,1038,125,25.5940947,85.1375645
BIHAR,Rural,Patna,Car/Jeep/Van,2311,2048,263,0,0,0,180,149,31,363,308,55,424,365,59,475,425,50,252,231,21,223,204,19,140,133,7,254,233,21,25.5940947,85.1375645
BIHAR,Rural,Patna,Tempo/Autorickshaw/Taxi,9222,8155,1067,0,0,0,511,384,127,2401,2050,351,2629,2348,281,1991,1869,122,499,460,39,295,275,20,92,82,10,804,687,117,25.5940947,85.1375645
BIHAR,Rural,Patna,Bus,6960,6279,681,0,0,0,271,217,54,626,518,108,1127,992,135,1508,1362,146,976,907,69,1072,1007,65,653,619,34,727,657,70,25.5940947,85.1375645
BIHAR,Rural,Patna,Train,21355,20251,1104,0,0,0,834,737,97,1024,946,78,1538,1442,96,2895,2750,145,3441,3263,178,3531,3394,137,4397,4185,212,3695,3534,161,25.5940947,85.1375645
BIHAR,Rural,Patna,Water transport,261,231,30,0,0,0,29,19,10,66,62,4,42,38,4,18,18,0,18,17,1,19,17,2,23,21,2,46,39,7,25.5940947,85.1375645
BIHAR,Rural,Patna,Any other,1526,1434,92,0,0,0,155,131,24,445,434,11,253,244,9,141,138,3,77,69,8,100,94,6,109,107,2,246,217,29,25.5940947,85.1375645
BIHAR,Rural,Patna,No travel,121529,78517,43012,121529,78517,43012,0,0,0,0,0,0,0,0,0,0,0,0,0,0,0,0,0,0,0,0,0,0,0,0,25.5940947,85.1375645
BIHAR,Urban,Patna,All Modes,610304,510706,99598,206085,154611,51474,87040,74041,12999,132654,117919,14735,94237,83075,11162,24812,22321,2491,19692,18335,1357,7818,6950,868,9425,8506,919,28541,24948,3593,25.5940947,85.1375645
BIHAR,Urban,Patna,On foot,144302,122376,21926,0,0,0,63956,53617,10339,41227,35634,5593,39119,33125,5994,0,0,0,0,0,0,0,0,0,0,0,0,0,0,0,25.5940947,85.1375645
BIHAR,Urban,Patna,Bicycle,76243,73399,2844,0,0,0,8379,7981,398,35878,34648,1230,13953,13568,385,4410,4265,145,13623,12937,686,0,0,0,0,0,0,0,0,0,25.5940947,85.1375645
BIHAR,Urban,Patna,Moped/Scooter/Motor Cycle,82434,77505,4929,0,0,0,7620,7062,558,30067,28190,1877,20232,19208,1024,8205,7800,405,1518,1436,82,2095,1979,116,859,815,44,11838,11015,823,25.5940947,85.1375645
BIHAR,Urban,Patna,Car/Jeep/Van,19439,15667,3772,0,0,0,1757,1391,366,6077,4775,1302,4448,3613,835,2185,1781,404,701,582,119,791,664,127,717,625,92,2763,2236,527,25.5940947,85.1375645
BIHAR,Urban,Patna,Tempo/Autorickshaw/Taxi,40091,30585,9506,0,0,0,3009,2059,950,14212,10303,3909,10861,8699,2162,4667,3825,842,724,618,106,844,649,195,363,282,81,5411,4150,1261,25.5940947,85.1375645
BIHAR,Urban,Patna,Bus,10687,8499,2188,0,0,0,564,401,163,1745,1250,495,2080,1617,463,1746,1378,368,745,618,127,814,681,133,1401,1249,152,1592,1305,287,25.5940947,85.1375645
BIHAR,Urban,Patna,Train,27355,24786,2569,0,0,0,1303,1143,160,2295,2097,198,2898,2644,254,3227,2928,299,2296,2064,232,3196,2911,285,5957,5418,539,6183,5581,602,25.5940947,85.1375645
BIHAR,Urban,Patna,Water transport,492,431,61,0,0,0,39,34,5,95,82,13,100,88,12,98,86,12,14,14,0,21,18,3,34,32,2,91,77,14,25.5940947,85.1375645
BIHAR,Urban,Patna,Any other,3176,2847,329,0,0,0,413,353,60,1058,940,118,546,513,33,274,258,16,71,66,5,57,48,9,94,85,9,663,584,79,25.5940947,85.1375645
BIHAR,Urban,Patna,No travel,206085,154611,51474,206085,154611,51474,0,0,0,0,0,0,0,0,0,0,0,0,0,0,0,0,0,0,0,0,0,0,0,0,25.5940947,85.1375645
ODISHA,Total,Anugul,All Modes,211430,169354,42076,49170,32607,16563,32190,23697,8493,57645,47711,9934,31894,27072,4822,17292,16397,895,10448,9923,525,3406,3180,226,4235,3993,242,5150,4774,376,20.8444033,85.1510818
ODISHA,Total,Anugul,On foot,47116,28906,18210,0,0,0,19423,11843,7580,17667,10614,7053,10026,6449,3577,0,0,0,0,0,0,0,0,0,0,0,0,0,0,0,20.8444033,85.1510818
ODISHA,Total,Anugul,Bicycle,54332,51872,2460,0,0,0,7011,6652,359,22360,21056,1304,11833,11436,397,7077,6910,167,6051,5818,233,0,0,0,0,0,0,0,0,0,20.8444033,85.1510818
ODISHA,Total,Anugul,Moped/Scooter/Motor Cycle,39686,37374,2312,0,0,0,4647,4278,369,14507,13492,1015,7831,7427,404,6035,5803,232,2222,2163,59,1262,1196,66,534,518,16,2648,2497,151,20.8444033,85.1510818
ODISHA,Total,Anugul,Car/Jeep/Van,3588,3340,248,0,0,0,321,283,38,1186,1110,76,386,356,30,675,635,40,245,221,24,228,218,10,181,173,8,366,344,22,20.8444033,85.1510818
ODISHA,Total,Anugul,Tempo/Autorickshaw/Taxi,2845,2264,581,0,0,0,236,186,50,668,422,246,528,416,112,640,560,80,272,229,43,128,113,15,91,89,2,282,249,33,20.8444033,85.1510818
ODISHA,Total,Anugul,Bus,11505,10054,1451,0,0,0,264,219,45,702,521,181,973,697,276,2585,2225,360,1519,1362,157,1675,1545,130,2581,2409,172,1206,1076,130,20.8444033,85.1510818
ODISHA,Total,Anugul,Train,2187,2043,144,0,0,0,157,124,33,332,305,27,201,193,8,171,166,5,43,41,2,68,65,3,736,695,41,479,454,25,20.8444033,85.1510818
ODISHA,Total,Anugul,Water transport,151,135,16,0,0,0,15,10,5,84,76,8,15,14,1,6,5,1,2,2,0,4,4,0,8,7,1,17,17,0,20.8444033,85.1510818
ODISHA,Total,Anugul,Any other,850,759,91,0,0,0,116,102,14,139,115,24,101,84,17,103,93,10,94,87,7,41,39,2,104,102,2,152,137,15,20.8444033,85.1510818
ODISHA,Total,Anugul,No travel,49170,32607,16563,49170,32607,16563,0,0,0,0,0,0,0,0,0,0,0,0,0,0,0,0,0,0,0,0,0,0,0,0,20.8444033,85.1510818
ODISHA,Rural,Anugul,All Modes,149105,116957,32148,39305,25670,13635,19423,13371,6052,35884,28827,7057,23661,19849,3812,13294,12658,636,7979,7602,377,2729,2574,155,3355,3185,170,3475,3221,254,20.8444033,85.1510818
ODISHA,Rural,Anugul,On foot,35871,21594,14277,0,0,0,13536,7912,5624,14063,8449,5614,8272,5233,3039,0,0,0,0,0,0,0,0,0,0,0,0,0,0,0,20.8444033,85.1510818
ODISHA,Rural,Anugul,Bicycle,38444,36908,1536,0,0,0,3831,3611,220,14220,13525,695,9427,9128,299,6285,6134,151,4681,4510,171,0,0,0,0,0,0,0,0,0,20.8444033,85.1510818
ODISHA,Rural,Anugul,Moped/Scooter/Motor Cycle,20426,19296,1130,0,0,0,1422,1318,104,5765,5333,432,4537,4305,232,4231,4065,166,1717,1668,49,889,843,46,360,349,11,1505,1415,90,20.8444033,85.1510818
ODISHA,Rural,Anugul,Car/Jeep/Van,1765,1633,132,0,0,0,92,74,18,537,504,33,155,144,11,366,343,23,117,99,18,156,150,6,113,108,5,229,211,18,20.8444033,85.1510818
ODISHA,Rural,Anugul,Tempo/Autorickshaw/Taxi,1978,1633,345,0,0,0,167,146,21,407,266,141,350,293,57,445,389,56,230,189,41,91,84,7,68,67,1,220,199,21,20.8444033,85.1510818
ODISHA,Rural,Anugul,Bus,8897,7987,910,0,0,0,201,172,29,493,394,99,661,510,151,1724,1499,225,1110,1020,90,1507,1413,94,2208,2075,133,993,904,89,20.8444033,85.1510818
ODISHA,Rural,Anugul,Train,1680,1580,100,0,0,0,116,92,24,249,226,23,164,158,6,155,151,4,36,34,2,49,49,0,522,503,19,389,367,22,20.8444033,85.1510818
ODISHA,Rural,Anugul,Water transport,128,114,14,0,0,0,14,9,5,79,72,7,10,9,1,6,5,1,2,2,0,3,3,0,2,2,0,12,12,0,20.8444033,85.1510818
ODISHA,Rural,Anugul,Any other,611,542,69,0,0,0,44,37,7,71,58,13,85,69,16,82,72,10,86,80,6,34,32,2,82,81,1,127,113,14,20.8444033,85.1510818
ODISHA,Rural,Anugul,No travel,39305,25670,13635,39305,25670,13635,0,0,0,0,0,0,0,0,0,0,0,0,0,0,0,0,0,0,0,0,0,0,0,0,20.8444033,85.1510818
ODISHA,Urban,Anugul,All Modes,62325,52397,9928,9865,6937,2928,12767,10326,2441,21761,18884,2877,8233,7223,1010,3998,3739,259,2469,2321,148,677,606,71,880,808,72,1675,1553,122,20.8444033,85.1510818
ODISHA,Urban,Anugul,On foot,11245,7312,3933,0,0,0,5887,3931,1956,3604,2165,1439,1754,1216,538,0,0,0,0,0,0,0,0,0,0,0,0,0,0,0,20.8444033,85.1510818
ODISHA,Urban,Anugul,Bicycle,15888,14964,924,0,0,0,3180,3041,139,8140,7531,609,2406,2308,98,792,776,16,1370,1308,62,0,0,0,0,0,0,0,0,0,20.8444033,85.1510818
ODISHA,Urban,Anugul,Moped/Scooter/Motor Cycle,19260,18078,1182,0,0,0,3225,2960,265,8742,8159,583,3294,3122,172,1804,1738,66,505,495,10,373,353,20,174,169,5,1143,1082,61,20.8444033,85.1510818
ODISHA,Urban,Anugul,Car/Jeep/Van,1823,1707,116,0,0,0,229,209,20,649,606,43,231,212,19,309,292,17,128,122,6,72,68,4,68,65,3,137,133,4,20.8444033,85.1510818
ODISHA,Urban,Anugul,Tempo/Autorickshaw/Taxi,867,631,236,0,0,0,69,40,29,261,156,105,178,123,55,195,171,24,42,40,2,37,29,8,23,22,1,62,50,12,20.8444033,85.1510818
ODISHA,Urban,Anugul,Bus,2608,2067,541,0,0,0,63,47,16,209,127,82,312,187,125,861,726,135,409,342,67,168,132,36,373,334,39,213,172,41,20.8444033,85.1510818
ODISHA,Urban,Anugul,Train,507,463,44,0,0,0,41,32,9,83,79,4,37,35,2,16,15,1,7,7,0,19,16,3,214,192,22,90,87,3,20.8444033,85.1510818
ODISHA,Urban,Anugul,Water transport,23,21,2,0,0,0,1,1,0,5,4,1,5,5,0,0,0,0,0,0,0,1,1,0,6,5,1,5,5,0,20.8444033,85.1510818
ODISHA,Urban,Anugul,Any other,239,217,22,0,0,0,72,65,7,68,57,11,16,15,1,21,21,0,8,7,1,7,7,0,22,21,1,25,24,1,20.8444033,85.1510818
ODISHA,Urban,Anugul,No travel,9865,6937,2928,9865,6937,2928,0,0,0,0,0,0,0,0,0,0,0,0,0,0,0,0,0,0,0,0,0,0,0,0,20.8444033,85.1510818
JHARKHAND,Total,Khunti,All Modes,35001,24004,10997,14198,8573,5625,6805,4434,2371,6213,4603,1610,3296,2646,650,1966,1607,359,990,828,162,874,735,139,542,473,69,117,105,12,23.0797595,85.2774207
JHARKHAND,Total,Khunti,On foot,8365,4943,3422,0,0,0,5277,3128,2149,2301,1318,983,787,497,290,0,0,0,0,0,0,0,0,0,0,0,0,0,0,0,23.0797595,85.2774207
JHARKHAND,Total,Khunti,Bicycle,5012,4505,507,0,0,0,723,632,91,2183,1919,264,1351,1255,96,500,465,35,255,234,21,0,0,0,0,0,0,0,0,0,23.0797595,85.2774207
JHARKHAND,Total,Khunti,Moped/Scooter/Motor Cycle,2605,2281,324,0,0,0,474,415,59,892,784,108,482,413,69,339,294,45,190,168,22,137,125,12,52,48,4,39,34,5,23.0797595,85.2774207
JHARKHAND,Total,Khunti,Car/Jeep/Van,325,280,45,0,0,0,51,37,14,78,66,12,33,27,6,58,52,6,26,23,3,44,42,2,23,22,1,12,11,1,23.0797595,85.2774207
JHARKHAND,Total,Khunti,Tempo/Autorickshaw/Taxi,1742,1287,455,0,0,0,92,63,29,463,305,158,267,197,70,570,434,136,209,165,44,118,101,17,18,18,0,5,4,1,23.0797595,85.2774207
JHARKHAND,Total,Khunti,Bus,1986,1455,531,0,0,0,52,47,5,156,93,63,263,160,103,420,290,130,258,191,67,485,379,106,333,279,54,19,16,3,23.0797595,85.2774207
JHARKHAND,Total,Khunti,Train,300,258,42,0,0,0,42,28,14,52,45,7,47,40,7,13,11,2,11,9,2,17,16,1,98,89,9,20,20,0,23.0797595,85.2774207
JHARKHAND,Total,Khunti,Water transport,8,5,3,0,0,0,3,1,2,0,0,0,2,2,0,0,0,0,1,1,0,1,0,1,1,1,0,0,0,0,23.0797595,85.2774207
JHARKHAND,Total,Khunti,Any other,460,417,43,0,0,0,91,83,8,88,73,15,64,55,9,66,61,5,40,37,3,72,72,0,17,16,1,22,20,2,23.0797595,85.2774207
JHARKHAND,Total,Khunti,No travel,14198,8573,5625,14198,8573,5625,0,0,0,0,0,0,0,0,0,0,0,0,0,0,0,0,0,0,0,0,0,0,0,0,23.0797595,85.2774207
JHARKHAND,Rural,Khunti,All Modes,24456,16044,8412,11393,6556,4837,3767,2218,1549,3587,2561,1026,2577,2084,493,1444,1187,257,728,618,110,507,431,76,368,315,53,85,74,11,23.0797595,85.2774207
JHARKHAND,Rural,Khunti,On foot,5001,2700,2301,0,0,0,3012,1599,1413,1344,707,637,645,394,251,0,0,0,0,0,0,0,0,0,0,0,0,0,0,0,23.0797595,85.2774207
JHARKHAND,Rural,Khunti,Bicycle,3790,3378,412,0,0,0,452,385,67,1506,1290,216,1156,1073,83,453,426,27,223,204,19,0,0,0,0,0,0,0,0,0,23.0797595,85.2774207
JHARKHAND,Rural,Khunti,Moped/Scooter/Motor Cycle,1405,1212,193,0,0,0,185,152,33,398,331,67,320,283,37,232,207,25,130,117,13,76,67,9,36,32,4,28,23,5,23.0797595,85.2774207
JHARKHAND,Rural,Khunti,Car/Jeep/Van,147,125,22,0,0,0,20,13,7,16,12,4,19,13,6,34,31,3,16,16,0,22,22,0,13,12,1,7,6,1,23.0797595,85.2774207
JHARKHAND,Rural,Khunti,Tempo/Autorickshaw/Taxi,1044,748,296,0,0,0,31,17,14,176,115,61,180,130,50,400,280,120,162,125,37,78,65,13,15,15,0,2,1,1,23.0797595,85.2774207
JHARKHAND,Rural,Khunti,Bus,1186,888,298,0,0,0,34,32,2,71,40,31,165,111,54,260,184,76,155,117,38,261,207,54,223,183,40,17,14,3,23.0797595,85.2774207
JHARKHAND,Rural,Khunti,Train,200,174,26,0,0,0,19,12,7,34,29,5,37,32,5,9,8,1,8,7,1,11,11,0,67,60,7,15,15,0,23.0797595,85.2774207
JHARKHAND,Rural,Khunti,Water transport,5,3,2,0,0,0,2,0,2,0,0,0,1,1,0,0,0,0,1,1,0,0,0,0,1,1,0,0,0,0,23.0797595,85.2774207
JHARKHAND,Rural,Khunti,Any other,285,260,25,0,0,0,12,8,4,42,37,5,54,47,7,56,51,5,33,31,2,59,59,0,13,12,1,16,15,1,23.0797595,85.2774207
JHARKHAND,Rural,Khunti,No travel,11393,6556,4837,11393,6556,4837,0,0,0,0,0,0,0,0,0,0,0,0,0,0,0,0,0,0,0,0,0,0,0,0,23.0797595,85.2774207
JHARKHAND,Urban,Khunti,All Modes,10545,7960,2585,2805,2017,788,3038,2216,822,2626,2042,584,719,562,157,522,420,102,262,210,52,367,304,63,174,158,16,32,31,1,23.0797595,85.2774207
JHARKHAND,Urban,Khunti,On foot,3364,2243,1121,0,0,0,2265,1529,736,957,611,346,142,103,39,0,0,0,0,0,0,0,0,0,0,0,0,0,0,0,23.0797595,85.2774207
JHARKHAND,Urban,Khunti,Bicycle,1222,1127,95,0,0,0,271,247,24,677,629,48,195,182,13,47,39,8,32,30,2,0,0,0,0,0,0,0,0,0,23.0797595,85.2774207
JHARKHAND,Urban,Khunti,Moped/Scooter/Motor Cycle,1200,1069,131,0,0,0,289,263,26,494,453,41,162,130,32,107,87,20,60,51,9,61,58,3,16,16,0,11,11,0,23.0797595,85.2774207
JHARKHAND,Urban,Khunti,Car/Jeep/Van,178,155,23,0,0,0,31,24,7,62,54,8,14,14,0,24,21,3,10,7,3,22,20,2,10,10,0,5,5,0,23.0797595,85.2774207
JHARKHAND,Urban,Khunti,Tempo/Autorickshaw/Taxi,698,539,159,0,0,0,61,46,15,287,190,97,87,67,20,170,154,16,47,40,7,40,36,4,3,3,0,3,3,0,23.0797595,85.2774207
JHARKHAND,Urban,Khunti,Bus,800,567,233,0,0,0,18,15,3,85,53,32,98,49,49,160,106,54,103,74,29,224,172,52,110,96,14,2,2,0,23.0797595,85.2774207
JHARKHAND,Urban,Khunti,Train,100,84,16,0,0,0,23,16,7,18,16,2,10,8,2,4,3,1,3,2,1,6,5,1,31,29,2,5,5,0,23.0797595,85.2774207
JHARKHAND,Urban,Khunti,Water transport,3,2,1,0,0,0,1,1,0,0,0,0,1,1,0,0,0,0,0,0,0,1,0,1,0,0,0,0,0,0,23.0797595,85.2774207
JHARKHAND,Urban,Khunti,Any other,175,157,18,0,0,0,79,75,4,46,36,10,10,8,2,10,10,0,7,6,1,13,13,0,4,4,0,6,5,1,23.0797595,85.2774207
JHARKHAND,Urban,Khunti,No travel,2805,2017,788,2805,2017,788,0,0,0,0,0,0,0,0,0,0,0,0,0,0,0,0,0,0,0,0,0,0,0,0,23.0797595,85.2774207
BIHAR,Total,Sheohar,All Modes,32192,22976,9216,17779,10963,6816,3693,2749,944,4049,3532,517,3220,2488,732,832,762,70,875,825,50,249,244,5,1043,1014,29,452,399,53,26.5145872,85.2942313
BIHAR,Total,Sheohar,On foot,5692,3862,1830,0,0,0,2608,1762,846,1382,1020,362,1702,1080,622,0,0,0,0,0,0,0,0,0,0,0,0,0,0,0,26.5145872,85.2942313
BIHAR,Total,Sheohar,Bicycle,4266,4116,150,0,0,0,618,590,28,1846,1796,50,926,898,28,332,326,6,544,506,38,0,0,0,0,0,0,0,0,0,26.5145872,85.2942313
BIHAR,Total,Sheohar,Moped/Scooter/Motor Cycle,1785,1616,169,0,0,0,237,208,29,527,476,51,332,294,38,257,234,23,155,150,5,106,105,1,56,53,3,115,96,19,26.5145872,85.2942313
BIHAR,Total,Sheohar,Car/Jeep/Van,246,205,41,0,0,0,35,29,6,37,30,7,41,32,9,34,25,9,14,13,1,20,20,0,29,28,1,36,28,8,26.5145872,85.2942313
BIHAR,Total,Sheohar,Tempo/Autorickshaw/Taxi,260,194,66,0,0,0,29,18,11,73,50,23,65,49,16,51,45,6,14,14,0,2,2,0,7,6,1,19,10,9,26.5145872,85.2942313
BIHAR,Total,Sheohar,Bus,851,755,96,0,0,0,54,36,18,110,91,19,94,79,15,123,99,24,124,120,4,92,88,4,225,218,7,29,24,5,26.5145872,85.2942313
BIHAR,Total,Sheohar,Train,1235,1191,44,0,0,0,100,95,5,51,48,3,44,40,4,31,29,2,21,19,2,26,26,0,717,700,17,245,234,11,26.5145872,85.2942313
BIHAR,Total,Sheohar,Water transport,4,4,0,0,0,0,0,0,0,0,0,0,1,1,0,0,0,0,0,0,0,1,1,0,1,1,0,1,1,0,26.5145872,85.2942313
BIHAR,Total,Sheohar,Any other,74,70,4,0,0,0,12,11,1,23,21,2,15,15,0,4,4,0,3,3,0,2,2,0,8,8,0,7,6,1,26.5145872,85.2942313
BIHAR,Total,Sheohar,No travel,17779,10963,6816,17779,10963,6816,0,0,0,0,0,0,0,0,0,0,0,0,0,0,0,0,0,0,0,0,0,0,0,0,26.5145872,85.2942313
BIHAR,Rural,Sheohar,All Modes,28944,20204,8740,16212,9722,6490,3057,2177,880,3637,3152,485,2847,2165,682,782,715,67,792,743,49,235,230,5,956,927,29,426,373,53,26.5145872,85.2942313
BIHAR,Rural,Sheohar,On foot,4765,3043,1722,0,0,0,2107,1319,788,1220,874,346,1438,850,588,0,0,0,0,0,0,0,0,0,0,0,0,0,0,0,26.5145872,85.2942313
BIHAR,Rural,Sheohar,Bicycle,3861,3719,142,0,0,0,546,519,27,1662,1616,46,868,841,27,316,311,5,469,432,37,0,0,0,0,0,0,0,0,0,26.5145872,85.2942313
BIHAR,Rural,Sheohar,Moped/Scooter/Motor Cycle,1644,1488,156,0,0,0,199,171,28,485,438,47,307,277,30,242,219,23,151,146,5,101,100,1,53,50,3,106,87,19,26.5145872,85.2942313
BIHAR,Rural,Sheohar,Car/Jeep/Van,218,179,39,0,0,0,22,18,4,35,28,7,35,26,9,33,24,9,13,12,1,18,18,0,27,26,1,35,27,8,26.5145872,85.2942313
BIHAR,Rural,Sheohar,Tempo/Autorickshaw/Taxi,243,183,60,0,0,0,27,17,10,66,46,20,61,47,14,49,43,6,14,14,0,2,2,0,7,6,1,17,8,9,26.5145872,85.2942313
BIHAR,Rural,Sheohar,Bus,753,668,85,0,0,0,48,31,17,100,84,16,80,70,10,108,86,22,121,117,4,90,86,4,179,172,7,27,22,5,26.5145872,85.2942313
BIHAR,Rural,Sheohar,Train,1176,1133,43,0,0,0,96,91,5,49,47,2,44,40,4,31,29,2,21,19,2,21,21,0,681,664,17,233,222,11,26.5145872,85.2942313
BIHAR,Rural,Sheohar,Water transport,4,4,0,0,0,0,0,0,0,0,0,0,1,1,0,0,0,0,0,0,0,1,1,0,1,1,0,1,1,0,26.5145872,85.2942313
BIHAR,Rural,Sheohar,Any other,68,65,3,0,0,0,12,11,1,20,19,1,13,13,0,3,3,0,3,3,0,2,2,0,8,8,0,7,6,1,26.5145872,85.2942313
BIHAR,Rural,Sheohar,No travel,16212,9722,6490,16212,9722,6490,0,0,0,0,0,0,0,0,0,0,0,0,0,0,0,0,0,0,0,0,0,0,0,0,26.5145872,85.2942313
BIHAR,Urban,Sheohar,All Modes,3248,2772,476,1567,1241,326,636,572,64,412,380,32,373,323,50,50,47,3,83,82,1,14,14,0,87,87,0,26,26,0,26.5145872,85.2942313
BIHAR,Urban,Sheohar,On foot,927,819,108,0,0,0,501,443,58,162,146,16,264,230,34,0,0,0,0,0,0,0,0,0,0,0,0,0,0,0,26.5145872,85.2942313
BIHAR,Urban,Sheohar,Bicycle,405,397,8,0,0,0,72,71,1,184,180,4,58,57,1,16,15,1,75,74,1,0,0,0,0,0,0,0,0,0,26.5145872,85.2942313
BIHAR,Urban,Sheohar,Moped/Scooter/Motor Cycle,141,128,13,0,0,0,38,37,1,42,38,4,25,17,8,15,15,0,4,4,0,5,5,0,3,3,0,9,9,0,26.5145872,85.2942313
BIHAR,Urban,Sheohar,Car/Jeep/Van,28,26,2,0,0,0,13,11,2,2,2,0,6,6,0,1,1,0,1,1,0,2,2,0,2,2,0,1,1,0,26.5145872,85.2942313
BIHAR,Urban,Sheohar,Tempo/Autorickshaw/Taxi,17,11,6,0,0,0,2,1,1,7,4,3,4,2,2,2,2,0,0,0,0,0,0,0,0,0,0,2,2,0,26.5145872,85.2942313
BIHAR,Urban,Sheohar,Bus,98,87,11,0,0,0,6,5,1,10,7,3,14,9,5,15,13,2,3,3,0,2,2,0,46,46,0,2,2,0,26.5145872,85.2942313
BIHAR,Urban,Sheohar,Train,59,58,1,0,0,0,4,4,0,2,1,1,0,0,0,0,0,0,0,0,0,5,5,0,36,36,0,12,12,0,26.5145872,85.2942313
BIHAR,Urban,Sheohar,Water transport,0,0,0,0,0,0,0,0,0,0,0,0,0,0,0,0,0,0,0,0,0,0,0,0,0,0,0,0,0,0,26.5145872,85.2942313
BIHAR,Urban,Sheohar,Any other,6,5,1,0,0,0,0,0,0,3,2,1,2,2,0,1,1,0,0,0,0,0,0,0,0,0,0,0,0,0,26.5145872,85.2942313
BIHAR,Urban,Sheohar,No travel,1567,1241,326,1567,1241,326,0,0,0,0,0,0,0,0,0,0,0,0,0,0,0,0,0,0,0,0,0,0,0,0,26.5145872,85.2942313
JHARKHAND,Total,Ranchi,All Modes,519568,403686,115882,149766,104827,44939,73335,54300,19035,119414,97321,22093,78693,62963,15730,33608,28573,5035,22663,20535,2128,7381,6137,1244,7275,6270,1005,27433,22760,4673,23.3440997,85.309562
JHARKHAND,Total,Ranchi,On foot,119581,81383,38198,0,0,0,51883,35016,16867,37100,24891,12209,30598,21476,9122,0,0,0,0,0,0,0,0,0,0,0,0,0,0,0,23.3440997,85.309562
JHARKHAND,Total,Ranchi,Bicycle,80786,77602,3184,0,0,0,8119,7779,340,32610,31264,1346,15960,15424,536,9460,9162,298,14637,13973,664,0,0,0,0,0,0,0,0,0,23.3440997,85.309562
JHARKHAND,Total,Ranchi,Moped/Scooter/Motor Cycle,80888,75675,5213,0,0,0,8834,8266,568,29646,27722,1924,15962,14959,1003,8907,8407,500,1920,1832,88,1865,1753,112,913,860,53,12841,11876,965,23.3440997,85.309562
JHARKHAND,Total,Ranchi,Car/Jeep/Van,14333,11886,2447,0,0,0,1400,1148,252,4680,3915,765,2655,2149,506,1634,1354,280,537,429,108,657,564,93,605,543,62,2165,1784,381,23.3440997,85.309562
JHARKHAND,Total,Ranchi,Tempo/Autorickshaw/Taxi,47041,30856,16185,0,0,0,2046,1284,762,12759,7633,5126,10772,6889,3883,10221,7128,3093,2924,2232,692,1557,1219,338,441,344,97,6321,4127,2194,23.3440997,85.309562
JHARKHAND,Total,Ranchi,Bus,17899,13413,4486,0,0,0,486,322,164,1624,1047,577,1892,1314,578,2753,1992,761,2284,1751,533,2718,2085,633,2976,2464,512,3166,2438,728,23.3440997,85.309562
JHARKHAND,Total,Ranchi,Train,7132,6187,945,0,0,0,327,283,44,523,452,71,494,439,55,379,315,64,279,239,40,450,389,61,2192,1921,271,2488,2149,339,23.3440997,85.309562
JHARKHAND,Total,Ranchi,Water transport,190,146,44,0,0,0,22,11,11,39,34,5,18,14,4,19,15,4,2,2,0,9,9,0,12,11,1,69,50,19,23.3440997,85.309562
JHARKHAND,Total,Ranchi,Any other,1952,1711,241,0,0,0,218,191,27,433,363,70,342,299,43,235,200,35,80,77,3,125,118,7,136,127,9,383,336,47,23.3440997,85.309562
JHARKHAND,Total,Ranchi,No travel,149766,104827,44939,149766,104827,44939,0,0,0,0,0,0,0,0,0,0,0,0,0,0,0,0,0,0,0,0,0,0,0,0,23.3440997,85.309562
JHARKHAND,Rural,Ranchi,All Modes,166657,121655,45002,54367,35163,19204,22143,14591,7552,28081,21109,6972,23459,17780,5679,17021,14399,2622,10711,9512,1199,3392,2915,477,2486,2177,309,4997,4009,988,23.3440997,85.309562
JHARKHAND,Rural,Ranchi,On foot,38749,22810,15939,0,0,0,17647,10517,7130,12217,6995,5222,8885,5298,3587,0,0,0,0,0,0,0,0,0,0,0,0,0,0,0,23.3440997,85.309562
JHARKHAND,Rural,Ranchi,Bicycle,32787,31348,1439,0,0,0,2579,2440,139,10248,9673,575,7632,7356,276,6740,6524,216,5588,5355,233,0,0,0,0,0,0,0,0,0,23.3440997,85.309562
JHARKHAND,Rural,Ranchi,Moped/Scooter/Motor Cycle,11792,10972,820,0,0,0,1089,1012,77,2929,2696,233,2309,2145,164,2554,2412,142,817,775,42,485,462,23,213,200,13,1396,1270,126,23.3440997,85.309562
JHARKHAND,Rural,Ranchi,Car/Jeep/Van,1259,1046,213,0,0,0,102,88,14,184,155,29,130,108,22,248,199,49,166,120,46,185,167,18,99,87,12,145,122,23,23.3440997,85.309562
JHARKHAND,Rural,Ranchi,Tempo/Autorickshaw/Taxi,17474,11872,5602,0,0,0,443,298,145,1943,1128,815,3832,2302,1530,5968,4097,1871,2372,1842,530,994,854,140,164,145,19,1758,1206,552,23.3440997,85.309562
JHARKHAND,Rural,Ranchi,Bus,7274,5848,1426,0,0,0,106,79,27,308,245,63,479,397,82,1222,925,297,1547,1225,322,1407,1147,260,1182,1005,177,1023,825,198,23.3440997,85.309562
JHARKHAND,Rural,Ranchi,Train,2101,1823,278,0,0,0,73,62,11,89,73,16,69,61,8,159,136,23,154,129,25,223,193,30,771,684,87,563,485,78,23.3440997,85.309562
JHARKHAND,Rural,Ranchi,Water transport,60,50,10,0,0,0,8,4,4,19,18,1,5,5,0,7,5,2,2,2,0,3,3,0,1,1,0,15,12,3,23.3440997,85.309562
JHARKHAND,Rural,Ranchi,Any other,794,723,71,0,0,0,96,91,5,144,126,18,118,108,10,123,101,22,65,64,1,95,89,6,56,55,1,97,89,8,23.3440997,85.309562
JHARKHAND,Rural,Ranchi,No travel,54367,35163,19204,54367,35163,19204,0,0,0,0,0,0,0,0,0,0,0,0,0,0,0,0,0,0,0,0,0,0,0,0,23.3440997,85.309562
JHARKHAND,Urban,Ranchi,All Modes,352911,282031,70880,95399,69664,25735,51192,39709,11483,91333,76212,15121,55234,45183,10051,16587,14174,2413,11952,11023,929,3989,3222,767,4789,4093,696,22436,18751,3685,23.3440997,85.309562
JHARKHAND,Urban,Ranchi,On foot,80832,58573,22259,0,0,0,34236,24499,9737,24883,17896,6987,21713,16178,5535,0,0,0,0,0,0,0,0,0,0,0,0,0,0,0,23.3440997,85.309562
JHARKHAND,Urban,Ranchi,Bicycle,47999,46254,1745,0,0,0,5540,5339,201,22362,21591,771,8328,8068,260,2720,2638,82,9049,8618,431,0,0,0,0,0,0,0,0,0,23.3440997,85.309562
JHARKHAND,Urban,Ranchi,Moped/Scooter/Motor Cycle,69096,64703,4393,0,0,0,7745,7254,491,26717,25026,1691,13653,12814,839,6353,5995,358,1103,1057,46,1380,1291,89,700,660,40,11445,10606,839,23.3440997,85.309562
JHARKHAND,Urban,Ranchi,Car/Jeep/Van,13074,10840,2234,0,0,0,1298,1060,238,4496,3760,736,2525,2041,484,1386,1155,231,371,309,62,472,397,75,506,456,50,2020,1662,358,23.3440997,85.309562
JHARKHAND,Urban,Ranchi,Tempo/Autorickshaw/Taxi,29567,18984,10583,0,0,0,1603,986,617,10816,6505,4311,6940,4587,2353,4253,3031,1222,552,390,162,563,365,198,277,199,78,4563,2921,1642,23.3440997,85.309562
JHARKHAND,Urban,Ranchi,Bus,10625,7565,3060,0,0,0,380,243,137,1316,802,514,1413,917,496,1531,1067,464,737,526,211,1311,938,373,1794,1459,335,2143,1613,530,23.3440997,85.309562
JHARKHAND,Urban,Ranchi,Train,5031,4364,667,0,0,0,254,221,33,434,379,55,425,378,47,220,179,41,125,110,15,227,196,31,1421,1237,184,1925,1664,261,23.3440997,85.309562
JHARKHAND,Urban,Ranchi,Water transport,130,96,34,0,0,0,14,7,7,20,16,4,13,9,4,12,10,2,0,0,0,6,6,0,11,10,1,54,38,16,23.3440997,85.309562
JHARKHAND,Urban,Ranchi,Any other,1158,988,170,0,0,0,122,100,22,289,237,52,224,191,33,112,99,13,15,13,2,30,29,1,80,72,8,286,247,39,23.3440997,85.309562
JHARKHAND,Urban,Ranchi,No travel,95399,69664,25735,95399,69664,25735,0,0,0,0,0,0,0,0,0,0,0,0,0,0,0,0,0,0,0,0,0,0,0,0,23.3440997,85.309562
BIHAR,Total,Vaishali,All Modes,265732,221087,44645,110058,80717,29341,29170,23935,5235,42970,39313,3657,30688,26741,3947,10148,9655,493,19185,18588,597,4722,4483,239,4257,4140,117,14534,13515,1019,25.6838206,85.354965
BIHAR,Total,Vaishali,On foot,47826,37375,10451,0,0,0,19734,15001,4733,12710,10288,2422,15382,12086,3296,0,0,0,0,0,0,0,0,0,0,0,0,0,0,0,25.6838206,85.354965
BIHAR,Total,Vaishali,Bicycle,57050,55958,1092,0,0,0,6297,6124,173,22355,21929,426,9810,9695,115,3963,3917,46,14625,14293,332,0,0,0,0,0,0,0,0,0,25.6838206,85.354965
BIHAR,Total,Vaishali,Moped/Scooter/Motor Cycle,17012,15949,1063,0,0,0,1566,1443,123,4367,4041,326,2357,2208,149,2253,2141,112,1173,1135,38,1086,1044,42,334,327,7,3876,3610,266,25.6838206,85.354965
BIHAR,Total,Vaishali,Car/Jeep/Van,2168,1914,254,0,0,0,149,121,28,365,309,56,242,218,24,344,306,38,242,226,16,229,212,17,106,98,8,491,424,67,25.6838206,85.354965
BIHAR,Total,Vaishali,Tempo/Autorickshaw/Taxi,5774,4811,963,0,0,0,321,235,86,1138,867,271,1077,884,193,1054,960,94,436,400,36,288,260,28,103,94,9,1357,1111,246,25.6838206,85.354965
BIHAR,Total,Vaishali,Bus,11855,10937,918,0,0,0,392,346,46,965,875,90,1132,991,141,1765,1602,163,1576,1470,106,2277,2160,117,1095,1060,35,2653,2433,220,25.6838206,85.354965
BIHAR,Total,Vaishali,Train,12637,12160,477,0,0,0,588,548,40,692,655,37,428,408,20,644,610,34,1096,1032,64,777,744,33,2562,2507,55,5850,5656,194,25.6838206,85.354965
BIHAR,Total,Vaishali,Water transport,172,156,16,0,0,0,15,14,1,34,33,1,17,16,1,20,19,1,7,6,1,11,10,1,21,20,1,47,38,9,25.6838206,85.354965
BIHAR,Total,Vaishali,Any other,1180,1110,70,0,0,0,108,103,5,344,316,28,243,235,8,105,100,5,30,26,4,54,53,1,36,34,2,260,243,17,25.6838206,85.354965
BIHAR,Total,Vaishali,No travel,110058,80717,29341,110058,80717,29341,0,0,0,0,0,0,0,0,0,0,0,0,0,0,0,0,0,0,0,0,0,0,0,0,25.6838206,85.354965
BIHAR,Rural,Vaishali,All Modes,221557,181901,39656,95803,69023,26780,22714,18156,4558,33786,30698,3088,24916,21528,3388,8761,8376,385,15922,15460,462,4063,3893,170,3848,3757,91,11744,11010,734,25.6838206,85.354965
BIHAR,Rural,Vaishali,On foot,36065,26874,9191,0,0,0,15303,11112,4191,9562,7417,2145,11200,8345,2855,0,0,0,0,0,0,0,0,0,0,0,0,0,0,0,25.6838206,85.354965
BIHAR,Rural,Vaishali,Bicycle,48226,47312,914,0,0,0,5123,4980,143,18509,18157,352,8988,8888,100,3594,3554,40,12012,11733,279,0,0,0,0,0,0,0,0,0,25.6838206,85.354965
BIHAR,Rural,Vaishali,Moped/Scooter/Motor Cycle,12651,11793,858,0,0,0,1046,949,97,3023,2758,265,2025,1894,131,1832,1739,93,932,901,31,853,822,31,279,273,6,2661,2457,204,25.6838206,85.354965
BIHAR,Rural,Vaishali,Car/Jeep/Van,1780,1597,183,0,0,0,105,90,15,267,227,40,222,199,23,291,262,29,203,191,12,201,190,11,90,83,7,401,355,46,25.6838206,85.354965
BIHAR,Rural,Vaishali,Tempo/Autorickshaw/Taxi,4430,3858,572,0,0,0,212,174,38,810,646,164,905,777,128,836,771,65,320,310,10,228,217,11,86,81,5,1033,882,151,25.6838206,85.354965
BIHAR,Rural,Vaishali,Bus,10616,9859,757,0,0,0,340,299,41,879,802,77,1037,910,127,1544,1413,131,1395,1318,77,2064,1971,93,1013,982,31,2344,2164,180,25.6838206,85.354965
BIHAR,Rural,Vaishali,Train,11030,10684,346,0,0,0,492,461,31,499,472,27,358,341,17,570,548,22,1034,983,51,668,645,23,2329,2288,41,5080,4946,134,25.6838206,85.354965
BIHAR,Rural,Vaishali,Water transport,150,137,13,0,0,0,13,12,1,27,26,1,16,15,1,17,16,1,5,5,0,10,9,1,20,20,0,42,34,8,25.6838206,85.354965
BIHAR,Rural,Vaishali,Any other,806,764,42,0,0,0,80,79,1,210,193,17,165,159,6,77,73,4,21,19,2,39,39,0,31,30,1,183,172,11,25.6838206,85.354965
BIHAR,Rural,Vaishali,No travel,95803,69023,26780,95803,69023,26780,0,0,0,0,0,0,0,0,0,0,0,0,0,0,0,0,0,0,0,0,0,0,0,0,25.6838206,85.354965
BIHAR,Urban,Vaishali,All Modes,44175,39186,4989,14255,11694,2561,6456,5779,677,9184,8615,569,5772,5213,559,1387,1279,108,3263,3128,135,659,590,69,409,383,26,2790,2505,285,25.6838206,85.354965
BIHAR,Urban,Vaishali,On foot,11761,10501,1260,0,0,0,4431,3889,542,3148,2871,277,4182,3741,441,0,0,0,0,0,0,0,0,0,0,0,0,0,0,0,25.6838206,85.354965
BIHAR,Urban,Vaishali,Bicycle,8824,8646,178,0,0,0,1174,1144,30,3846,3772,74,822,807,15,369,363,6,2613,2560,53,0,0,0,0,0,0,0,0,0,25.6838206,85.354965
BIHAR,Urban,Vaishali,Moped/Scooter/Motor Cycle,4361,4156,205,0,0,0,520,494,26,1344,1283,61,332,314,18,421,402,19,241,234,7,233,222,11,55,54,1,1215,1153,62,25.6838206,85.354965
BIHAR,Urban,Vaishali,Car/Jeep/Van,388,317,71,0,0,0,44,31,13,98,82,16,20,19,1,53,44,9,39,35,4,28,22,6,16,15,1,90,69,21,25.6838206,85.354965
BIHAR,Urban,Vaishali,Tempo/Autorickshaw/Taxi,1344,953,391,0,0,0,109,61,48,328,221,107,172,107,65,218,189,29,116,90,26,60,43,17,17,13,4,324,229,95,25.6838206,85.354965
BIHAR,Urban,Vaishali,Bus,1239,1078,161,0,0,0,52,47,5,86,73,13,95,81,14,221,189,32,181,152,29,213,189,24,82,78,4,309,269,40,25.6838206,85.354965
BIHAR,Urban,Vaishali,Train,1607,1476,131,0,0,0,96,87,9,193,183,10,70,67,3,74,62,12,62,49,13,109,99,10,233,219,14,770,710,60,25.6838206,85.354965
BIHAR,Urban,Vaishali,Water transport,22,19,3,0,0,0,2,2,0,7,7,0,1,1,0,3,3,0,2,1,1,1,1,0,1,0,1,5,4,1,25.6838206,85.354965
BIHAR,Urban,Vaishali,Any other,374,346,28,0,0,0,28,24,4,134,123,11,78,76,2,28,27,1,9,7,2,15,14,1,5,4,1,77,71,6,25.6838206,85.354965
BIHAR,Urban,Vaishali,No travel,14255,11694,2561,14255,11694,2561,0,0,0,0,0,0,0,0,0,0,0,0,0,0,0,0,0,0,0,0,0,0,0,0,25.6838206,85.354965
JHARKHAND,Total,Hazaribagh,All Modes,223641,189767,33874,53030,38864,14166,40926,32774,8152,64674,56949,7725,30051,27696,2355,13603,13032,571,7095,6778,317,5570,5295,275,7688,7432,256,1004,947,57,23.993255,85.3619616
JHARKHAND,Total,Hazaribagh,On foot,58993,44220,14773,0,0,0,30395,22703,7692,22828,17101,5727,5770,4416,1354,0,0,0,0,0,0,0,0,0,0,0,0,0,0,0,23.993255,85.3619616
JHARKHAND,Total,Hazaribagh,Bicycle,49882,49030,852,0,0,0,5042,4932,110,25201,24723,478,13834,13634,200,4159,4122,37,1646,1619,27,0,0,0,0,0,0,0,0,0,23.993255,85.3619616
JHARKHAND,Total,Hazaribagh,Moped/Scooter/Motor Cycle,24948,23836,1112,0,0,0,3611,3481,130,11357,10730,627,4684,4484,200,2618,2547,71,1102,1077,25,859,827,32,484,471,13,233,219,14,23.993255,85.3619616
JHARKHAND,Total,Hazaribagh,Car/Jeep/Van,5874,5369,505,0,0,0,495,429,66,1390,1203,187,1125,1018,107,1264,1196,68,697,664,33,453,441,12,386,361,25,64,57,7,23.993255,85.3619616
JHARKHAND,Total,Hazaribagh,Tempo/Autorickshaw/Taxi,7287,6279,1008,0,0,0,498,405,93,1967,1500,467,2088,1823,265,1935,1796,139,398,379,19,207,193,14,127,123,4,67,60,7,23.993255,85.3619616
JHARKHAND,Total,Hazaribagh,Bus,17965,16710,1255,0,0,0,529,486,43,1369,1194,175,1967,1768,199,3201,2962,239,2996,2791,205,3431,3223,208,4263,4088,175,209,198,11,23.993255,85.3619616
JHARKHAND,Total,Hazaribagh,Train,4118,4010,108,0,0,0,173,164,9,212,201,11,298,290,8,229,217,12,157,151,6,500,491,9,2168,2130,38,381,366,15,23.993255,85.3619616
JHARKHAND,Total,Hazaribagh,Water transport,66,61,5,0,0,0,11,9,2,10,9,1,9,9,0,2,2,0,2,1,1,4,4,0,25,25,0,3,2,1,23.993255,85.3619616
JHARKHAND,Total,Hazaribagh,Any other,1478,1388,90,0,0,0,172,165,7,340,288,52,276,254,22,195,190,5,97,96,1,116,116,0,235,234,1,47,45,2,23.993255,85.3619616
JHARKHAND,Total,Hazaribagh,No travel,53030,38864,14166,53030,38864,14166,0,0,0,0,0,0,0,0,0,0,0,0,0,0,0,0,0,0,0,0,0,0,0,0,23.993255,85.3619616
JHARKHAND,Rural,Hazaribagh,All Modes,154600,129210,25390,39341,27602,11739,24889,18942,5947,38536,33373,5163,24410,22599,1811,11604,11257,347,5511,5359,152,3846,3739,107,5740,5646,94,723,693,30,23.993255,85.3619616
JHARKHAND,Rural,Hazaribagh,On foot,40035,28741,11294,0,0,0,19604,13856,5748,15736,11381,4355,4695,3504,1191,0,0,0,0,0,0,0,0,0,0,0,0,0,0,0,23.993255,85.3619616
JHARKHAND,Rural,Hazaribagh,Bicycle,35779,35182,597,0,0,0,2931,2855,76,15657,15358,299,12073,11905,168,3885,3851,34,1233,1213,20,0,0,0,0,0,0,0,0,0,23.993255,85.3619616
JHARKHAND,Rural,Hazaribagh,Moped/Scooter/Motor Cycle,11366,10965,401,0,0,0,1148,1114,34,3762,3565,197,2980,2883,97,1891,1852,39,713,701,12,484,474,10,262,258,4,126,118,8,23.993255,85.3619616
JHARKHAND,Rural,Hazaribagh,Car/Jeep/Van,3902,3705,197,0,0,0,191,178,13,646,590,56,839,780,59,1067,1034,33,593,575,18,306,300,6,215,208,7,45,40,5,23.993255,85.3619616
JHARKHAND,Rural,Hazaribagh,Tempo/Autorickshaw/Taxi,5894,5405,489,0,0,0,349,311,38,1358,1197,161,1772,1603,169,1753,1650,103,339,330,9,162,157,5,108,107,1,53,50,3,23.993255,85.3619616
JHARKHAND,Rural,Hazaribagh,Bus,13396,12839,557,0,0,0,390,363,27,1013,939,74,1575,1470,105,2626,2502,124,2394,2309,85,2310,2230,80,2948,2890,58,140,136,4,23.993255,85.3619616
JHARKHAND,Rural,Hazaribagh,Train,3716,3641,75,0,0,0,144,137,7,177,168,9,268,261,7,207,198,9,143,137,6,476,470,6,1979,1956,23,322,314,8,23.993255,85.3619616
JHARKHAND,Rural,Hazaribagh,Water transport,47,42,5,0,0,0,5,3,2,6,5,1,9,9,0,0,0,0,2,1,1,3,3,0,20,20,0,2,1,1,23.993255,85.3619616
JHARKHAND,Rural,Hazaribagh,Any other,1124,1088,36,0,0,0,127,125,2,181,170,11,199,184,15,175,170,5,94,93,1,105,105,0,208,207,1,35,34,1,23.993255,85.3619616
JHARKHAND,Rural,Hazaribagh,No travel,39341,27602,11739,39341,27602,11739,0,0,0,0,0,0,0,0,0,0,0,0,0,0,0,0,0,0,0,0,0,0,0,0,23.993255,85.3619616
JHARKHAND,Urban,Hazaribagh,All Modes,69041,60557,8484,13689,11262,2427,16037,13832,2205,26138,23576,2562,5641,5097,544,1999,1775,224,1584,1419,165,1724,1556,168,1948,1786,162,281,254,27,23.993255,85.3619616
JHARKHAND,Urban,Hazaribagh,On foot,18958,15479,3479,0,0,0,10791,8847,1944,7092,5720,1372,1075,912,163,0,0,0,0,0,0,0,0,0,0,0,0,0,0,0,23.993255,85.3619616
JHARKHAND,Urban,Hazaribagh,Bicycle,14103,13848,255,0,0,0,2111,2077,34,9544,9365,179,1761,1729,32,274,271,3,413,406,7,0,0,0,0,0,0,0,0,0,23.993255,85.3619616
JHARKHAND,Urban,Hazaribagh,Moped/Scooter/Motor Cycle,13582,12871,711,0,0,0,2463,2367,96,7595,7165,430,1704,1601,103,727,695,32,389,376,13,375,353,22,222,213,9,107,101,6,23.993255,85.3619616
JHARKHAND,Urban,Hazaribagh,Car/Jeep/Van,1972,1664,308,0,0,0,304,251,53,744,613,131,286,238,48,197,162,35,104,89,15,147,141,6,171,153,18,19,17,2,23.993255,85.3619616
JHARKHAND,Urban,Hazaribagh,Tempo/Autorickshaw/Taxi,1393,874,519,0,0,0,149,94,55,609,303,306,316,220,96,182,146,36,59,49,10,45,36,9,19,16,3,14,10,4,23.993255,85.3619616
JHARKHAND,Urban,Hazaribagh,Bus,4569,3871,698,0,0,0,139,123,16,356,255,101,392,298,94,575,460,115,602,482,120,1121,993,128,1315,1198,117,69,62,7,23.993255,85.3619616
JHARKHAND,Urban,Hazaribagh,Train,402,369,33,0,0,0,29,27,2,35,33,2,30,29,1,22,19,3,14,14,0,24,21,3,189,174,15,59,52,7,23.993255,85.3619616
JHARKHAND,Urban,Hazaribagh,Water transport,19,19,0,0,0,0,6,6,0,4,4,0,0,0,0,2,2,0,0,0,0,1,1,0,5,5,0,1,1,0,23.993255,85.3619616
JHARKHAND,Urban,Hazaribagh,Any other,354,300,54,0,0,0,45,40,5,159,118,41,77,70,7,20,20,0,3,3,0,11,11,0,27,27,0,12,11,1,23.993255,85.3619616
JHARKHAND,Urban,Hazaribagh,No travel,13689,11262,2427,13689,11262,2427,0,0,0,0,0,0,0,0,0,0,0,0,0,0,0,0,0,0,0,0,0,0,0,0,23.993255,85.3619616
BIHAR,Total,Muzaffarpur,All Modes,439896,353376,86520,174160,119013,55147,51740,40927,10813,83595,74753,8842,55146,48373,6773,25165,23640,1525,20329,19182,1147,6755,6114,641,11798,11241,557,11208,10133,1075,26.1195629,85.3910581
BIHAR,Total,Muzaffarpur,On foot,76526,56981,19545,0,0,0,34172,24731,9441,23617,18376,5241,18737,13874,4863,0,0,0,0,0,0,0,0,0,0,0,0,0,0,0,26.1195629,85.3910581
BIHAR,Total,Muzaffarpur,Bicycle,98318,95819,2499,0,0,0,10667,10248,419,39049,38034,1015,23224,22780,444,12526,12344,182,12852,12413,439,0,0,0,0,0,0,0,0,0,26.1195629,85.3910581
BIHAR,Total,Muzaffarpur,Moped/Scooter/Motor Cycle,37113,34627,2486,0,0,0,4087,3785,302,13123,12207,916,6720,6290,430,4708,4422,286,2157,2035,122,1794,1695,99,986,936,50,3538,3257,281,26.1195629,85.3910581
BIHAR,Total,Muzaffarpur,Car/Jeep/Van,4168,3450,718,0,0,0,364,286,78,1122,884,238,638,531,107,523,440,83,297,251,46,331,293,38,402,356,46,491,409,82,26.1195629,85.3910581
BIHAR,Total,Muzaffarpur,Tempo/Autorickshaw/Taxi,9697,7399,2298,0,0,0,740,526,214,3163,2182,981,2210,1738,472,1777,1484,293,496,434,62,310,256,54,183,159,24,818,620,198,26.1195629,85.3910581
BIHAR,Total,Muzaffarpur,Bus,19464,16909,2555,0,0,0,742,545,197,1730,1449,281,2318,1933,385,4191,3605,586,3156,2775,381,2906,2570,336,2957,2769,188,1464,1263,201,26.1195629,85.3910581
BIHAR,Total,Muzaffarpur,Train,18097,17099,998,0,0,0,735,624,111,1228,1137,91,842,793,49,1196,1113,83,1282,1188,94,1295,1189,106,7102,6857,245,4417,4198,219,26.1195629,85.3910581
BIHAR,Total,Muzaffarpur,Water transport,195,171,24,0,0,0,16,14,2,28,27,1,14,12,2,20,15,5,14,12,2,14,10,4,37,36,1,52,45,7,26.1195629,85.3910581
BIHAR,Total,Muzaffarpur,Any other,2158,1908,250,0,0,0,217,168,49,535,457,78,443,422,21,224,217,7,75,74,1,105,101,4,131,128,3,428,341,87,26.1195629,85.3910581
BIHAR,Total,Muzaffarpur,No travel,174160,119013,55147,174160,119013,55147,0,0,0,0,0,0,0,0,0,0,0,0,0,0,0,0,0,0,0,0,0,0,0,0,26.1195629,85.3910581
BIHAR,Rural,Muzaffarpur,All Modes,324211,257500,66711,136802,91430,45372,32712,24726,7986,53230,47726,5504,41582,36757,4825,21444,20457,987,16263,15487,776,5061,4684,377,9069,8736,333,8048,7497,551,26.1195629,85.3910581
BIHAR,Rural,Muzaffarpur,On foot,49983,35345,14638,0,0,0,21704,14520,7184,15493,11674,3819,12786,9151,3635,0,0,0,0,0,0,0,0,0,0,0,0,0,0,0,26.1195629,85.3910581
BIHAR,Rural,Muzaffarpur,Bicycle,77236,75479,1757,0,0,0,7431,7140,291,28118,27460,658,20117,19783,334,11475,11321,154,10095,9775,320,0,0,0,0,0,0,0,0,0,26.1195629,85.3910581
BIHAR,Rural,Muzaffarpur,Moped/Scooter/Motor Cycle,19728,18252,1476,0,0,0,1777,1603,174,5246,4766,480,3906,3638,268,3310,3105,205,1619,1534,85,1163,1097,66,601,568,33,2106,1941,165,26.1195629,85.3910581
BIHAR,Rural,Muzaffarpur,Car/Jeep/Van,2029,1767,262,0,0,0,147,119,28,321,266,55,288,243,45,340,301,39,210,186,24,232,208,24,223,207,16,268,237,31,26.1195629,85.3910581
BIHAR,Rural,Muzaffarpur,Tempo/Autorickshaw/Taxi,6038,5124,914,0,0,0,392,311,81,1463,1202,261,1473,1241,232,1398,1245,153,427,388,39,233,200,33,139,122,17,513,415,98,26.1195629,85.3910581
BIHAR,Rural,Muzaffarpur,Bus,16450,14797,1653,0,0,0,582,455,127,1410,1243,167,2002,1735,267,3719,3345,374,2788,2533,255,2455,2249,206,2259,2140,119,1235,1097,138,26.1195629,85.3910581
BIHAR,Rural,Muzaffarpur,Train,14369,13815,554,0,0,0,526,452,74,842,805,37,685,651,34,1021,961,60,1047,995,52,886,841,45,5717,5573,144,3645,3537,108,26.1195629,85.3910581
BIHAR,Rural,Muzaffarpur,Water transport,122,111,11,0,0,0,13,11,2,18,18,0,11,10,1,9,8,1,8,8,0,8,5,3,25,24,1,30,27,3,26.1195629,85.3910581
BIHAR,Rural,Muzaffarpur,Any other,1454,1380,74,0,0,0,140,115,25,319,292,27,314,305,9,172,171,1,69,68,1,84,84,0,105,102,3,251,243,8,26.1195629,85.3910581
BIHAR,Rural,Muzaffarpur,No travel,136802,91430,45372,136802,91430,45372,0,0,0,0,0,0,0,0,0,0,0,0,0,0,0,0,0,0,0,0,0,0,0,0,26.1195629,85.3910581
BIHAR,Urban,Muzaffarpur,All Modes,115685,95876,19809,37358,27583,9775,19028,16201,2827,30365,27027,3338,13564,11616,1948,3721,3183,538,4066,3695,371,1694,1430,264,2729,2505,224,3160,2636,524,26.1195629,85.3910581
BIHAR,Urban,Muzaffarpur,On foot,26543,21636,4907,0,0,0,12468,10211,2257,8124,6702,1422,5951,4723,1228,0,0,0,0,0,0,0,0,0,0,0,0,0,0,0,26.1195629,85.3910581
BIHAR,Urban,Muzaffarpur,Bicycle,21082,20340,742,0,0,0,3236,3108,128,10931,10574,357,3107,2997,110,1051,1023,28,2757,2638,119,0,0,0,0,0,0,0,0,0,26.1195629,85.3910581
BIHAR,Urban,Muzaffarpur,Moped/Scooter/Motor Cycle,17385,16375,1010,0,0,0,2310,2182,128,7877,7441,436,2814,2652,162,1398,1317,81,538,501,37,631,598,33,385,368,17,1432,1316,116,26.1195629,85.3910581
BIHAR,Urban,Muzaffarpur,Car/Jeep/Van,2139,1683,456,0,0,0,217,167,50,801,618,183,350,288,62,183,139,44,87,65,22,99,85,14,179,149,30,223,172,51,26.1195629,85.3910581
BIHAR,Urban,Muzaffarpur,Tempo/Autorickshaw/Taxi,3659,2275,1384,0,0,0,348,215,133,1700,980,720,737,497,240,379,239,140,69,46,23,77,56,21,44,37,7,305,205,100,26.1195629,85.3910581
BIHAR,Urban,Muzaffarpur,Bus,3014,2112,902,0,0,0,160,90,70,320,206,114,316,198,118,472,260,212,368,242,126,451,321,130,698,629,69,229,166,63,26.1195629,85.3910581
BIHAR,Urban,Muzaffarpur,Train,3728,3284,444,0,0,0,209,172,37,386,332,54,157,142,15,175,152,23,235,193,42,409,348,61,1385,1284,101,772,661,111,26.1195629,85.3910581
BIHAR,Urban,Muzaffarpur,Water transport,73,60,13,0,0,0,3,3,0,10,9,1,3,2,1,11,7,4,6,4,2,6,5,1,12,12,0,22,18,4,26.1195629,85.3910581
BIHAR,Urban,Muzaffarpur,Any other,704,528,176,0,0,0,77,53,24,216,165,51,129,117,12,52,46,6,6,6,0,21,17,4,26,26,0,177,98,79,26.1195629,85.3910581
BIHAR,Urban,Muzaffarpur,No travel,37358,27583,9775,37358,27583,9775,0,0,0,0,0,0,0,0,0,0,0,0,0,0,0,0,0,0,0,0,0,0,0,0,26.1195629,85.3910581
JHARKHAND,Total,Pashchimi Singhbhum,All Modes,158391,118846,39545,38209,25020,13189,37607,27138,10469,46409,35012,11397,17847,14872,2975,8038,7370,668,3438,3142,296,2329,2111,218,4241,3922,319,273,259,14,22.3650858,85.4375574
JHARKHAND,Total,Pashchimi Singhbhum,On foot,53570,32883,20687,0,0,0,26961,17288,9673,21646,12479,9167,4963,3116,1847,0,0,0,0,0,0,0,0,0,0,0,0,0,0,0,22.3650858,85.4375574
JHARKHAND,Total,Pashchimi Singhbhum,Bicycle,33700,31429,2271,0,0,0,5441,5076,365,15089,13914,1175,7816,7294,522,4233,4092,141,1121,1053,68,0,0,0,0,0,0,0,0,0,22.3650858,85.4375574
JHARKHAND,Total,Pashchimi Singhbhum,Moped/Scooter/Motor Cycle,17284,15892,1392,0,0,0,4117,3860,257,6979,6337,642,2487,2263,224,1851,1666,185,862,820,42,575,548,27,303,291,12,110,107,3,22.3650858,85.4375574
JHARKHAND,Total,Pashchimi Singhbhum,Car/Jeep/Van,2227,1984,243,0,0,0,313,264,49,634,576,58,335,282,53,474,423,51,155,145,10,133,121,12,168,158,10,15,15,0,22.3650858,85.4375574
JHARKHAND,Total,Pashchimi Singhbhum,Tempo/Autorickshaw/Taxi,956,761,195,0,0,0,130,101,29,309,233,76,187,141,46,215,178,37,53,50,3,25,23,2,31,29,2,6,6,0,22.3650858,85.4375574
JHARKHAND,Total,Pashchimi Singhbhum,Bus,6010,5078,932,0,0,0,276,229,47,1019,832,187,1543,1327,216,790,577,213,826,702,124,669,594,75,853,788,65,34,29,5,22.3650858,85.4375574
JHARKHAND,Total,Pashchimi Singhbhum,Train,5298,4776,522,0,0,0,247,211,36,383,325,58,215,193,22,340,314,26,362,317,45,872,771,101,2800,2571,229,79,74,5,22.3650858,85.4375574
JHARKHAND,Total,Pashchimi Singhbhum,Water transport,25,23,2,0,0,0,4,4,0,7,6,1,3,2,1,2,2,0,1,1,0,4,4,0,4,4,0,0,0,0,22.3650858,85.4375574
JHARKHAND,Total,Pashchimi Singhbhum,Any other,1112,1000,112,0,0,0,118,105,13,343,310,33,298,254,44,133,118,15,58,54,4,51,50,1,82,81,1,29,28,1,22.3650858,85.4375574
JHARKHAND,Total,Pashchimi Singhbhum,No travel,38209,25020,13189,38209,25020,13189,0,0,0,0,0,0,0,0,0,0,0,0,0,0,0,0,0,0,0,0,0,0,0,0,22.3650858,85.4375574
JHARKHAND,Rural,Pashchimi Singhbhum,All Modes,97023,68084,28939,27424,16828,10596,16155,9624,6531,27146,18670,8476,13267,10921,2346,6385,5935,450,2207,2021,186,1439,1314,125,2849,2628,221,151,143,8,22.3650858,85.4375574
JHARKHAND,Rural,Pashchimi Singhbhum,On foot,31637,16940,14697,0,0,0,13204,7084,6120,14644,7569,7075,3789,2287,1502,0,0,0,0,0,0,0,0,0,0,0,0,0,0,0,22.3650858,85.4375574
JHARKHAND,Rural,Pashchimi Singhbhum,Bicycle,23569,21685,1884,0,0,0,1964,1705,259,9600,8658,942,7167,6672,495,3980,3852,128,858,798,60,0,0,0,0,0,0,0,0,0,22.3650858,85.4375574
JHARKHAND,Rural,Pashchimi Singhbhum,Moped/Scooter/Motor Cycle,6384,5706,678,0,0,0,582,521,61,1970,1685,285,1531,1374,157,1188,1063,125,529,500,29,366,352,14,175,169,6,43,42,1,22.3650858,85.4375574
JHARKHAND,Rural,Pashchimi Singhbhum,Car/Jeep/Van,913,797,116,0,0,0,88,66,22,201,176,25,102,75,27,306,278,28,78,74,4,63,58,5,67,62,5,8,8,0,22.3650858,85.4375574
JHARKHAND,Rural,Pashchimi Singhbhum,Tempo/Autorickshaw/Taxi,491,372,119,0,0,0,47,34,13,114,85,29,112,77,35,147,112,35,31,28,3,16,14,2,22,20,2,2,2,0,22.3650858,85.4375574
JHARKHAND,Rural,Pashchimi Singhbhum,Bus,2602,2157,445,0,0,0,83,60,23,255,187,68,292,204,88,426,317,109,483,415,68,402,367,35,642,591,51,19,16,3,22.3650858,85.4375574
JHARKHAND,Rural,Pashchimi Singhbhum,Train,3503,3162,341,0,0,0,152,124,28,234,199,35,144,130,14,236,221,15,201,181,20,565,496,69,1905,1749,156,66,62,4,22.3650858,85.4375574
JHARKHAND,Rural,Pashchimi Singhbhum,Water transport,15,14,1,0,0,0,3,3,0,2,1,1,1,1,0,2,2,0,1,1,0,3,3,0,3,3,0,0,0,0,22.3650858,85.4375574
JHARKHAND,Rural,Pashchimi Singhbhum,Any other,485,423,62,0,0,0,32,27,5,126,110,16,129,101,28,100,90,10,26,24,2,24,24,0,35,34,1,13,13,0,22.3650858,85.4375574
JHARKHAND,Rural,Pashchimi Singhbhum,No travel,27424,16828,10596,27424,16828,10596,0,0,0,0,0,0,0,0,0,0,0,0,0,0,0,0,0,0,0,0,0,0,0,0,22.3650858,85.4375574
JHARKHAND,Urban,Pashchimi Singhbhum,All Modes,61368,50762,10606,10785,8192,2593,21452,17514,3938,19263,16342,2921,4580,3951,629,1653,1435,218,1231,1121,110,890,797,93,1392,1294,98,122,116,6,22.3650858,85.4375574
JHARKHAND,Urban,Pashchimi Singhbhum,On foot,21933,15943,5990,0,0,0,13757,10204,3553,7002,4910,2092,1174,829,345,0,0,0,0,0,0,0,0,0,0,0,0,0,0,0,22.3650858,85.4375574
JHARKHAND,Urban,Pashchimi Singhbhum,Bicycle,10131,9744,387,0,0,0,3477,3371,106,5489,5256,233,649,622,27,253,240,13,263,255,8,0,0,0,0,0,0,0,0,0,22.3650858,85.4375574
JHARKHAND,Urban,Pashchimi Singhbhum,Moped/Scooter/Motor Cycle,10900,10186,714,0,0,0,3535,3339,196,5009,4652,357,956,889,67,663,603,60,333,320,13,209,196,13,128,122,6,67,65,2,22.3650858,85.4375574
JHARKHAND,Urban,Pashchimi Singhbhum,Car/Jeep/Van,1314,1187,127,0,0,0,225,198,27,433,400,33,233,207,26,168,145,23,77,71,6,70,63,7,101,96,5,7,7,0,22.3650858,85.4375574
JHARKHAND,Urban,Pashchimi Singhbhum,Tempo/Autorickshaw/Taxi,465,389,76,0,0,0,83,67,16,195,148,47,75,64,11,68,66,2,22,22,0,9,9,0,9,9,0,4,4,0,22.3650858,85.4375574
JHARKHAND,Urban,Pashchimi Singhbhum,Bus,3408,2921,487,0,0,0,193,169,24,764,645,119,1251,1123,128,364,260,104,343,287,56,267,227,40,211,197,14,15,13,2,22.3650858,85.4375574
JHARKHAND,Urban,Pashchimi Singhbhum,Train,1795,1614,181,0,0,0,95,87,8,149,126,23,71,63,8,104,93,11,161,136,25,307,275,32,895,822,73,13,12,1,22.3650858,85.4375574
JHARKHAND,Urban,Pashchimi Singhbhum,Water transport,10,9,1,0,0,0,1,1,0,5,5,0,2,1,1,0,0,0,0,0,0,1,1,0,1,1,0,0,0,0,22.3650858,85.4375574
JHARKHAND,Urban,Pashchimi Singhbhum,Any other,627,577,50,0,0,0,86,78,8,217,200,17,169,153,16,33,28,5,32,30,2,27,26,1,47,47,0,16,15,1,22.3650858,85.4375574
JHARKHAND,Urban,Pashchimi Singhbhum,No travel,10785,8192,2593,10785,8192,2593,0,0,0,0,0,0,0,0,0,0,0,0,0,0,0,0,0,0,0,0,0,0,0,0,22.3650858,85.4375574
BIHAR,Total,Nalanda,All Modes,237574,174666,62908,123994,77615,46379,35091,28248,6843,36645,32300,4345,20796,17489,3307,5681,5061,620,4039,3673,366,3111,2801,310,5220,4855,365,2997,2624,373,25.2621826,85.4788065
BIHAR,Total,Nalanda,On foot,59038,47652,11386,0,0,0,29170,23017,6153,18617,15718,2899,11251,8917,2334,0,0,0,0,0,0,0,0,0,0,0,0,0,0,0,25.2621826,85.4788065
BIHAR,Total,Nalanda,Bicycle,16351,15822,529,0,0,0,2333,2215,118,8860,8613,247,2882,2824,58,730,709,21,1546,1461,85,0,0,0,0,0,0,0,0,0,25.2621826,85.4788065
BIHAR,Total,Nalanda,Moped/Scooter/Motor Cycle,10549,9956,593,0,0,0,1563,1467,96,4031,3804,227,1848,1740,108,1172,1120,52,485,469,16,471,449,22,306,294,12,673,613,60,25.2621826,85.4788065
BIHAR,Total,Nalanda,Car/Jeep/Van,2299,1975,324,0,0,0,272,221,51,542,441,101,414,336,78,344,307,37,177,164,13,196,186,10,214,194,20,140,126,14,25.2621826,85.4788065
BIHAR,Total,Nalanda,Tempo/Autorickshaw/Taxi,5088,4034,1054,0,0,0,455,330,125,1993,1510,483,1402,1148,254,593,511,82,133,115,18,169,142,27,97,90,7,246,188,58,25.2621826,85.4788065
BIHAR,Total,Nalanda,Bus,12358,10342,2016,0,0,0,657,479,178,1726,1400,326,2444,2012,432,2447,2046,401,1330,1121,209,1411,1229,182,1699,1534,165,644,521,123,25.2621826,85.4788065
BIHAR,Total,Nalanda,Train,6782,6237,545,0,0,0,483,379,104,533,490,43,340,314,26,325,301,24,333,311,22,810,748,62,2807,2648,159,1151,1046,105,25.2621826,85.4788065
BIHAR,Total,Nalanda,Water transport,118,99,19,0,0,0,18,14,4,11,10,1,14,11,3,4,4,0,6,5,1,10,6,4,22,22,0,33,27,6,25.2621826,85.4788065
BIHAR,Total,Nalanda,Any other,997,934,63,0,0,0,140,126,14,332,314,18,201,187,14,66,63,3,29,27,2,44,41,3,75,73,2,110,103,7,25.2621826,85.4788065
BIHAR,Total,Nalanda,No travel,123994,77615,46379,123994,77615,46379,0,0,0,0,0,0,0,0,0,0,0,0,0,0,0,0,0,0,0,0,0,0,0,0,25.2621826,85.4788065
BIHAR,Rural,Nalanda,All Modes,150773,102216,48557,87755,50861,36894,16864,12015,4849,18789,15795,2994,13194,10730,2464,4175,3768,407,2578,2323,255,2108,1905,203,3348,3104,244,1962,1715,247,25.2621826,85.4788065
BIHAR,Rural,Nalanda,On foot,30323,21996,8327,0,0,0,14330,9915,4415,9652,7518,2134,6341,4563,1778,0,0,0,0,0,0,0,0,0,0,0,0,0,0,0,25.2621826,85.4788065
BIHAR,Rural,Nalanda,Bicycle,8543,8236,307,0,0,0,883,826,57,4351,4200,151,2035,2001,34,494,483,11,780,726,54,0,0,0,0,0,0,0,0,0,25.2621826,85.4788065
BIHAR,Rural,Nalanda,Moped/Scooter/Motor Cycle,5282,4918,364,0,0,0,507,465,42,1728,1594,134,1146,1067,79,790,752,38,337,323,14,285,267,18,172,167,5,317,283,34,25.2621826,85.4788065
BIHAR,Rural,Nalanda,Car/Jeep/Van,1582,1357,225,0,0,0,152,120,32,346,277,69,313,253,60,265,242,23,134,125,9,128,122,6,132,117,15,112,101,11,25.2621826,85.4788065
BIHAR,Rural,Nalanda,Tempo/Autorickshaw/Taxi,3326,2699,627,0,0,0,226,166,60,1067,829,238,1146,950,196,469,417,52,92,76,16,102,87,15,54,49,5,170,125,45,25.2621826,85.4788065
BIHAR,Rural,Nalanda,Bus,9015,7621,1394,0,0,0,440,302,138,1249,1021,228,1864,1571,293,1872,1607,265,949,806,143,1007,884,123,1153,1043,110,481,387,94,25.2621826,85.4788065
BIHAR,Rural,Nalanda,Train,4358,3987,371,0,0,0,258,165,93,262,232,30,231,216,15,234,218,16,258,241,17,550,512,38,1781,1674,107,784,729,55,25.2621826,85.4788065
BIHAR,Rural,Nalanda,Water transport,76,64,12,0,0,0,15,11,4,6,5,1,8,6,2,4,4,0,5,5,0,5,4,1,10,10,0,23,19,4,25.2621826,85.4788065
BIHAR,Rural,Nalanda,Any other,513,477,36,0,0,0,53,45,8,128,119,9,110,103,7,47,45,2,23,21,2,31,29,2,46,44,2,75,71,4,25.2621826,85.4788065
BIHAR,Rural,Nalanda,No travel,87755,50861,36894,87755,50861,36894,0,0,0,0,0,0,0,0,0,0,0,0,0,0,0,0,0,0,0,0,0,0,0,0,25.2621826,85.4788065
BIHAR,Urban,Nalanda,All Modes,86801,72450,14351,36239,26754,9485,18227,16233,1994,17856,16505,1351,7602,6759,843,1506,1293,213,1461,1350,111,1003,896,107,1872,1751,121,1035,909,126,25.2621826,85.4788065
BIHAR,Urban,Nalanda,On foot,28715,25656,3059,0,0,0,14840,13102,1738,8965,8200,765,4910,4354,556,0,0,0,0,0,0,0,0,0,0,0,0,0,0,0,25.2621826,85.4788065
BIHAR,Urban,Nalanda,Bicycle,7808,7586,222,0,0,0,1450,1389,61,4509,4413,96,847,823,24,236,226,10,766,735,31,0,0,0,0,0,0,0,0,0,25.2621826,85.4788065
BIHAR,Urban,Nalanda,Moped/Scooter/Motor Cycle,5267,5038,229,0,0,0,1056,1002,54,2303,2210,93,702,673,29,382,368,14,148,146,2,186,182,4,134,127,7,356,330,26,25.2621826,85.4788065
BIHAR,Urban,Nalanda,Car/Jeep/Van,717,618,99,0,0,0,120,101,19,196,164,32,101,83,18,79,65,14,43,39,4,68,64,4,82,77,5,28,25,3,25.2621826,85.4788065
BIHAR,Urban,Nalanda,Tempo/Autorickshaw/Taxi,1762,1335,427,0,0,0,229,164,65,926,681,245,256,198,58,124,94,30,41,39,2,67,55,12,43,41,2,76,63,13,25.2621826,85.4788065
BIHAR,Urban,Nalanda,Bus,3343,2721,622,0,0,0,217,177,40,477,379,98,580,441,139,575,439,136,381,315,66,404,345,59,546,491,55,163,134,29,25.2621826,85.4788065
BIHAR,Urban,Nalanda,Train,2424,2250,174,0,0,0,225,214,11,271,258,13,109,98,11,91,83,8,75,70,5,260,236,24,1026,974,52,367,317,50,25.2621826,85.4788065
BIHAR,Urban,Nalanda,Water transport,42,35,7,0,0,0,3,3,0,5,5,0,6,5,1,0,0,0,1,0,1,5,2,3,12,12,0,10,8,2,25.2621826,85.4788065
BIHAR,Urban,Nalanda,Any other,484,457,27,0,0,0,87,81,6,204,195,9,91,84,7,19,18,1,6,6,0,13,12,1,29,29,0,35,32,3,25.2621826,85.4788065
BIHAR,Urban,Nalanda,No travel,36239,26754,9485,36239,26754,9485,0,0,0,0,0,0,0,0,0,0,0,0,0,0,0,0,0,0,0,0,0,0,0,0,25.2621826,85.4788065
BIHAR,Total,Sitamarhi,All Modes,224732,175789,48943,95262,63653,31609,35058,27545,7513,41470,37014,4456,25233,21567,3666,6820,6359,461,9251,8767,484,1723,1610,113,3156,3018,138,6759,6256,503,26.5952476,85.4808393
BIHAR,Total,Sitamarhi,On foot,54516,41399,13117,0,0,0,26981,19953,7028,15128,12024,3104,12407,9422,2985,0,0,0,0,0,0,0,0,0,0,0,0,0,0,0,26.5952476,85.4808393
BIHAR,Total,Sitamarhi,Bicycle,41529,40407,1122,0,0,0,5046,4887,159,19110,18618,492,7929,7798,131,2844,2793,51,6600,6311,289,0,0,0,0,0,0,0,0,0,26.5952476,85.4808393
BIHAR,Total,Sitamarhi,Moped/Scooter/Motor Cycle,12857,11911,946,0,0,0,1648,1525,123,4141,3853,288,2101,1911,190,1480,1367,113,857,814,43,498,478,20,235,219,16,1897,1744,153,26.5952476,85.4808393
BIHAR,Total,Sitamarhi,Car/Jeep/Van,1433,1213,220,0,0,0,182,151,31,297,242,55,213,170,43,160,141,19,126,111,15,97,92,5,105,93,12,253,213,40,26.5952476,85.4808393
BIHAR,Total,Sitamarhi,Tempo/Autorickshaw/Taxi,2858,2200,658,0,0,0,260,187,73,1114,791,323,619,502,117,247,216,31,101,91,10,63,51,12,41,35,6,413,327,86,26.5952476,85.4808393
BIHAR,Total,Sitamarhi,Bus,8570,7621,949,0,0,0,362,308,54,1044,891,153,1495,1310,185,1661,1434,227,1132,1020,112,748,693,55,941,893,48,1187,1072,115,26.5952476,85.4808393
BIHAR,Total,Sitamarhi,Train,6397,6152,245,0,0,0,380,348,32,319,296,23,241,229,12,323,310,13,384,372,12,292,273,19,1728,1680,48,2730,2644,86,26.5952476,85.4808393
BIHAR,Total,Sitamarhi,Water transport,97,84,13,0,0,0,12,9,3,12,12,0,7,6,1,5,3,2,4,3,1,3,2,1,19,18,1,35,31,4,26.5952476,85.4808393
BIHAR,Total,Sitamarhi,Any other,1213,1149,64,0,0,0,187,177,10,305,287,18,221,219,2,100,95,5,47,45,2,22,21,1,87,80,7,244,225,19,26.5952476,85.4808393
BIHAR,Total,Sitamarhi,No travel,95262,63653,31609,95262,63653,31609,0,0,0,0,0,0,0,0,0,0,0,0,0,0,0,0,0,0,0,0,0,0,0,0,26.5952476,85.4808393
BIHAR,Rural,Sitamarhi,All Modes,185231,141986,43245,82309,53735,28574,25927,19159,6768,33119,29587,3532,20518,17435,3083,6093,5749,344,7564,7196,368,1428,1346,82,2776,2664,112,5497,5115,382,26.5952476,85.4808393
BIHAR,Rural,Sitamarhi,On foot,41063,29592,11471,0,0,0,20211,13811,6400,11724,9215,2509,9128,6566,2562,0,0,0,0,0,0,0,0,0,0,0,0,0,0,0,26.5952476,85.4808393
BIHAR,Rural,Sitamarhi,Bicycle,35120,34209,911,0,0,0,3715,3591,124,16089,15684,405,7294,7181,113,2657,2621,36,5365,5132,233,0,0,0,0,0,0,0,0,0,26.5952476,85.4808393
BIHAR,Rural,Sitamarhi,Moped/Scooter/Motor Cycle,9119,8354,765,0,0,0,952,858,94,2820,2588,232,1620,1462,158,1201,1111,90,656,624,32,361,347,14,185,171,14,1324,1193,131,26.5952476,85.4808393
BIHAR,Rural,Sitamarhi,Car/Jeep/Van,1053,907,146,0,0,0,100,81,19,206,174,32,171,143,28,123,110,13,89,80,9,86,81,5,79,69,10,199,169,30,26.5952476,85.4808393
BIHAR,Rural,Sitamarhi,Tempo/Autorickshaw/Taxi,2291,1879,412,0,0,0,212,160,52,851,653,198,508,440,68,222,199,23,82,78,4,49,43,6,37,34,3,330,272,58,26.5952476,85.4808393
BIHAR,Rural,Sitamarhi,Bus,7586,6863,723,0,0,0,309,268,41,955,827,128,1392,1248,144,1500,1333,167,989,905,84,670,627,43,791,750,41,980,905,75,26.5952476,85.4808393
BIHAR,Rural,Sitamarhi,Train,5700,5513,187,0,0,0,308,278,30,265,248,17,217,209,8,293,283,10,338,333,5,245,232,13,1585,1549,36,2449,2381,68,26.5952476,85.4808393
BIHAR,Rural,Sitamarhi,Water transport,75,68,7,0,0,0,8,5,3,9,9,0,6,6,0,3,3,0,2,2,0,1,1,0,16,15,1,30,27,3,26.5952476,85.4808393
BIHAR,Rural,Sitamarhi,Any other,915,866,49,0,0,0,112,107,5,200,189,11,182,180,2,94,89,5,43,42,1,16,15,1,83,76,7,185,168,17,26.5952476,85.4808393
BIHAR,Rural,Sitamarhi,No travel,82309,53735,28574,82309,53735,28574,0,0,0,0,0,0,0,0,0,0,0,0,0,0,0,0,0,0,0,0,0,0,0,0,26.5952476,85.4808393
BIHAR,Urban,Sitamarhi,All Modes,39501,33803,5698,12953,9918,3035,9131,8386,745,8351,7427,924,4715,4132,583,727,610,117,1687,1571,116,295,264,31,380,354,26,1262,1141,121,26.5952476,85.4808393
BIHAR,Urban,Sitamarhi,On foot,13453,11807,1646,0,0,0,6770,6142,628,3404,2809,595,3279,2856,423,0,0,0,0,0,0,0,0,0,0,0,0,0,0,0,26.5952476,85.4808393
BIHAR,Urban,Sitamarhi,Bicycle,6409,6198,211,0,0,0,1331,1296,35,3021,2934,87,635,617,18,187,172,15,1235,1179,56,0,0,0,0,0,0,0,0,0,26.5952476,85.4808393
BIHAR,Urban,Sitamarhi,Moped/Scooter/Motor Cycle,3738,3557,181,0,0,0,696,667,29,1321,1265,56,481,449,32,279,256,23,201,190,11,137,131,6,50,48,2,573,551,22,26.5952476,85.4808393
BIHAR,Urban,Sitamarhi,Car/Jeep/Van,380,306,74,0,0,0,82,70,12,91,68,23,42,27,15,37,31,6,37,31,6,11,11,0,26,24,2,54,44,10,26.5952476,85.4808393
BIHAR,Urban,Sitamarhi,Tempo/Autorickshaw/Taxi,567,321,246,0,0,0,48,27,21,263,138,125,111,62,49,25,17,8,19,13,6,14,8,6,4,1,3,83,55,28,26.5952476,85.4808393
BIHAR,Urban,Sitamarhi,Bus,984,758,226,0,0,0,53,40,13,89,64,25,103,62,41,161,101,60,143,115,28,78,66,12,150,143,7,207,167,40,26.5952476,85.4808393
BIHAR,Urban,Sitamarhi,Train,697,639,58,0,0,0,72,70,2,54,48,6,24,20,4,30,27,3,46,39,7,47,41,6,143,131,12,281,263,18,26.5952476,85.4808393
BIHAR,Urban,Sitamarhi,Water transport,22,16,6,0,0,0,4,4,0,3,3,0,1,0,1,2,0,2,2,1,1,2,1,1,3,3,0,5,4,1,26.5952476,85.4808393
BIHAR,Urban,Sitamarhi,Any other,298,283,15,0,0,0,75,70,5,105,98,7,39,39,0,6,6,0,4,3,1,6,6,0,4,4,0,59,57,2,26.5952476,85.4808393
BIHAR,Urban,Sitamarhi,No travel,12953,9918,3035,12953,9918,3035,0,0,0,0,0,0,0,0,0,0,0,0,0,0,0,0,0,0,0,0,0,0,0,0,26.5952476,85.4808393
JHARKHAND,Total,Ramgarh,All Modes,166204,143639,22565,32607,25278,7329,40865,33988,6877,58066,51805,6261,19316,17907,1409,6944,6665,279,3289,3136,153,2610,2482,128,2186,2084,102,321,294,27,23.6464706,85.5118795
JHARKHAND,Total,Ramgarh,On foot,57510,45579,11931,0,0,0,30985,24466,6519,22752,18064,4688,3773,3049,724,0,0,0,0,0,0,0,0,0,0,0,0,0,0,0,23.6464706,85.5118795
JHARKHAND,Total,Ramgarh,Bicycle,28789,28369,420,0,0,0,3918,3853,65,16000,15746,254,6210,6151,59,1781,1762,19,880,857,23,0,0,0,0,0,0,0,0,0,23.6464706,85.5118795
JHARKHAND,Total,Ramgarh,Moped/Scooter/Motor Cycle,26544,25813,731,0,0,0,4766,4637,129,13286,12911,375,4730,4586,144,2122,2071,51,752,738,14,556,547,9,214,208,6,118,115,3,23.6464706,85.5118795
JHARKHAND,Total,Ramgarh,Car/Jeep/Van,4124,3779,345,0,0,0,499,436,63,1239,1109,130,906,843,63,583,542,41,338,319,19,357,337,20,173,166,7,29,27,2,23.6464706,85.5118795
JHARKHAND,Total,Ramgarh,Tempo/Autorickshaw/Taxi,7883,6830,1053,0,0,0,310,258,52,2949,2371,578,2437,2153,284,1373,1287,86,450,417,33,252,245,7,86,82,4,26,17,9,23.6464706,85.5118795
JHARKHAND,Total,Ramgarh,Bus,5800,5199,601,0,0,0,155,123,32,1341,1148,193,909,801,108,734,668,66,695,639,56,1118,1035,83,806,748,58,42,37,5,23.6464706,85.5118795
JHARKHAND,Total,Ramgarh,Train,1794,1700,94,0,0,0,115,104,11,230,212,18,120,110,10,145,137,8,120,115,5,227,219,8,763,736,27,74,67,7,23.6464706,85.5118795
JHARKHAND,Total,Ramgarh,Water transport,40,34,6,0,0,0,10,6,4,2,1,1,7,6,1,3,3,0,1,1,0,1,1,0,4,4,0,12,12,0,23.6464706,85.5118795
JHARKHAND,Total,Ramgarh,Any other,1113,1058,55,0,0,0,107,105,2,267,243,24,224,208,16,203,195,8,53,50,3,99,98,1,140,140,0,20,19,1,23.6464706,85.5118795
JHARKHAND,Total,Ramgarh,No travel,32607,25278,7329,32607,25278,7329,0,0,0,0,0,0,0,0,0,0,0,0,0,0,0,0,0,0,0,0,0,0,0,0,23.6464706,85.5118795
JHARKHAND,Rural,Ramgarh,All Modes,63082,52714,10368,14000,9976,4024,11357,8485,2872,20040,17543,2497,9404,8747,657,4020,3893,127,1719,1637,82,1269,1221,48,1169,1116,53,104,96,8,23.6464706,85.5118795
JHARKHAND,Rural,Ramgarh,On foot,19426,14121,5305,0,0,0,9222,6434,2788,8437,6334,2103,1767,1353,414,0,0,0,0,0,0,0,0,0,0,0,0,0,0,0,23.6464706,85.5118795
JHARKHAND,Rural,Ramgarh,Bicycle,13489,13319,170,0,0,0,1122,1101,21,6759,6659,100,3904,3870,34,1296,1286,10,408,403,5,0,0,0,0,0,0,0,0,0,23.6464706,85.5118795
JHARKHAND,Rural,Ramgarh,Moped/Scooter/Motor Cycle,7728,7522,206,0,0,0,725,704,21,3278,3186,92,1903,1844,59,1131,1106,25,344,338,6,245,243,2,74,73,1,28,28,0,23.6464706,85.5118795
JHARKHAND,Rural,Ramgarh,Car/Jeep/Van,1336,1249,87,0,0,0,67,60,7,250,230,20,353,333,20,279,259,20,159,149,10,156,150,6,61,58,3,11,10,1,23.6464706,85.5118795
JHARKHAND,Rural,Ramgarh,Tempo/Autorickshaw/Taxi,3354,3059,295,0,0,0,107,91,16,853,729,124,1092,1002,90,785,747,38,294,273,21,166,164,2,48,46,2,9,7,2,23.6464706,85.5118795
JHARKHAND,Rural,Ramgarh,Bus,2528,2300,228,0,0,0,46,33,13,339,288,51,256,226,30,377,350,27,455,420,35,553,520,33,481,445,36,21,18,3,23.6464706,85.5118795
JHARKHAND,Rural,Ramgarh,Train,718,690,28,0,0,0,30,27,3,47,45,2,31,29,2,50,48,2,36,33,3,81,77,4,418,407,11,25,24,1,23.6464706,85.5118795
JHARKHAND,Rural,Ramgarh,Water transport,13,9,4,0,0,0,3,0,3,1,1,0,4,3,1,0,0,0,1,1,0,1,1,0,3,3,0,0,0,0,23.6464706,85.5118795
JHARKHAND,Rural,Ramgarh,Any other,490,469,21,0,0,0,35,35,0,76,71,5,94,87,7,102,97,5,22,20,2,67,66,1,84,84,0,10,9,1,23.6464706,85.5118795
JHARKHAND,Rural,Ramgarh,No travel,14000,9976,4024,14000,9976,4024,0,0,0,0,0,0,0,0,0,0,0,0,0,0,0,0,0,0,0,0,0,0,0,0,23.6464706,85.5118795
JHARKHAND,Urban,Ramgarh,All Modes,103122,90925,12197,18607,15302,3305,29508,25503,4005,38026,34262,3764,9912,9160,752,2924,2772,152,1570,1499,71,1341,1261,80,1017,968,49,217,198,19,23.6464706,85.5118795
JHARKHAND,Urban,Ramgarh,On foot,38084,31458,6626,0,0,0,21763,18032,3731,14315,11730,2585,2006,1696,310,0,0,0,0,0,0,0,0,0,0,0,0,0,0,0,23.6464706,85.5118795
JHARKHAND,Urban,Ramgarh,Bicycle,15300,15050,250,0,0,0,2796,2752,44,9241,9087,154,2306,2281,25,485,476,9,472,454,18,0,0,0,0,0,0,0,0,0,23.6464706,85.5118795
JHARKHAND,Urban,Ramgarh,Moped/Scooter/Motor Cycle,18816,18291,525,0,0,0,4041,3933,108,10008,9725,283,2827,2742,85,991,965,26,408,400,8,311,304,7,140,135,5,90,87,3,23.6464706,85.5118795
JHARKHAND,Urban,Ramgarh,Car/Jeep/Van,2788,2530,258,0,0,0,432,376,56,989,879,110,553,510,43,304,283,21,179,170,9,201,187,14,112,108,4,18,17,1,23.6464706,85.5118795
JHARKHAND,Urban,Ramgarh,Tempo/Autorickshaw/Taxi,4529,3771,758,0,0,0,203,167,36,2096,1642,454,1345,1151,194,588,540,48,156,144,12,86,81,5,38,36,2,17,10,7,23.6464706,85.5118795
JHARKHAND,Urban,Ramgarh,Bus,3272,2899,373,0,0,0,109,90,19,1002,860,142,653,575,78,357,318,39,240,219,21,565,515,50,325,303,22,21,19,2,23.6464706,85.5118795
JHARKHAND,Urban,Ramgarh,Train,1076,1010,66,0,0,0,85,77,8,183,167,16,89,81,8,95,89,6,84,82,2,146,142,4,345,329,16,49,43,6,23.6464706,85.5118795
JHARKHAND,Urban,Ramgarh,Water transport,27,25,2,0,0,0,7,6,1,1,0,1,3,3,0,3,3,0,0,0,0,0,0,0,1,1,0,12,12,0,23.6464706,85.5118795
JHARKHAND,Urban,Ramgarh,Any other,623,589,34,0,0,0,72,70,2,191,172,19,130,121,9,101,98,3,31,30,1,32,32,0,56,56,0,10,10,0,23.6464706,85.5118795
JHARKHAND,Urban,Ramgarh,No travel,18607,15302,3305,18607,15302,3305,0,0,0,0,0,0,0,0,0,0,0,0,0,0,0,0,0,0,0,0,0,0,0,0,23.6464706,85.5118795
BIHAR,Total,Nawada,All Modes,163118,120197,42921,85148,53967,31181,25441,20902,4539,23993,20719,3274,15593,12646,2947,3980,3673,307,2649,2416,233,1260,1184,76,3327,3169,158,1727,1521,206,24.8910775,85.5354724
BIHAR,Total,Nawada,On foot,43730,34559,9171,0,0,0,21021,16942,4079,13453,10861,2592,9256,6756,2500,0,0,0,0,0,0,0,0,0,0,0,0,0,0,0,24.8910775,85.5354724
BIHAR,Total,Nawada,Bicycle,12116,11660,456,0,0,0,1943,1820,123,5989,5805,184,2296,2259,37,771,757,14,1117,1019,98,0,0,0,0,0,0,0,0,0,24.8910775,85.5354724
BIHAR,Total,Nawada,Moped/Scooter/Motor Cycle,5147,4801,346,0,0,0,901,831,70,1720,1615,105,952,873,79,622,590,32,278,260,18,212,207,5,108,107,1,354,318,36,24.8910775,85.5354724
BIHAR,Total,Nawada,Car/Jeep/Van,1144,991,153,0,0,0,185,148,37,234,195,39,205,181,24,172,153,19,67,60,7,95,88,7,96,90,6,90,76,14,24.8910775,85.5354724
BIHAR,Total,Nawada,Tempo/Autorickshaw/Taxi,3040,2608,432,0,0,0,333,265,68,1061,888,173,954,846,108,388,345,43,72,66,6,38,34,4,47,47,0,147,117,30,24.8910775,85.5354724
BIHAR,Total,Nawada,Bus,8389,7519,870,0,0,0,647,549,98,1053,928,125,1625,1450,175,1812,1629,183,953,857,96,691,645,46,1137,1067,70,471,394,77,24.8910775,85.5354724
BIHAR,Total,Nawada,Train,3567,3347,220,0,0,0,280,244,36,247,227,20,156,142,14,159,146,13,137,130,7,190,178,12,1857,1776,81,541,504,37,24.8910775,85.5354724
BIHAR,Total,Nawada,Water transport,74,63,11,0,0,0,10,6,4,5,5,0,10,9,1,7,5,2,4,4,0,2,2,0,8,8,0,28,24,4,24.8910775,85.5354724
BIHAR,Total,Nawada,Any other,763,682,81,0,0,0,121,97,24,231,195,36,139,130,9,49,48,1,21,20,1,32,30,2,74,74,0,96,88,8,24.8910775,85.5354724
BIHAR,Total,Nawada,No travel,85148,53967,31181,85148,53967,31181,0,0,0,0,0,0,0,0,0,0,0,0,0,0,0,0,0,0,0,0,0,0,0,0,24.8910775,85.5354724
BIHAR,Rural,Nawada,All Modes,122543,86018,36525,68139,41268,26871,14723,11052,3671,17150,14371,2779,12238,9734,2504,3202,2995,207,1993,1831,162,925,878,47,2810,2680,130,1363,1209,154,24.8910775,85.5354724
BIHAR,Rural,Nawada,On foot,29098,21256,7842,0,0,0,12005,8695,3310,10020,7687,2333,7073,4874,2199,0,0,0,0,0,0,0,0,0,0,0,0,0,0,0,24.8910775,85.5354724
BIHAR,Rural,Nawada,Bicycle,8862,8485,377,0,0,0,1151,1044,107,4179,4039,140,1992,1958,34,685,671,14,855,773,82,0,0,0,0,0,0,0,0,0,24.8910775,85.5354724
BIHAR,Rural,Nawada,Moped/Scooter/Motor Cycle,3056,2831,225,0,0,0,386,339,47,902,848,54,664,600,64,444,424,20,198,188,10,139,136,3,71,71,0,252,225,27,24.8910775,85.5354724
BIHAR,Rural,Nawada,Car/Jeep/Van,819,720,99,0,0,0,106,83,23,147,127,20,160,142,18,137,125,12,53,49,4,73,67,6,67,63,4,76,64,12,24.8910775,85.5354724
BIHAR,Rural,Nawada,Tempo/Autorickshaw/Taxi,2386,2133,253,0,0,0,255,210,45,736,643,93,812,751,61,332,306,26,55,51,4,34,31,3,43,43,0,119,98,21,24.8910775,85.5354724
BIHAR,Rural,Nawada,Bus,6672,6068,604,0,0,0,522,436,86,847,754,93,1334,1223,111,1448,1323,125,722,663,59,511,485,26,916,865,51,372,319,53,24.8910775,85.5354724
BIHAR,Rural,Nawada,Train,2962,2782,180,0,0,0,212,182,30,175,159,16,117,106,11,126,117,9,93,91,2,142,135,7,1652,1577,75,445,415,30,24.8910775,85.5354724
BIHAR,Rural,Nawada,Water transport,60,52,8,0,0,0,8,4,4,3,3,0,6,6,0,5,5,0,3,3,0,2,2,0,6,6,0,27,23,4,24.8910775,85.5354724
BIHAR,Rural,Nawada,Any other,489,423,66,0,0,0,78,59,19,141,111,30,80,74,6,25,24,1,14,13,1,24,22,2,55,55,0,72,65,7,24.8910775,85.5354724
BIHAR,Rural,Nawada,No travel,68139,41268,26871,68139,41268,26871,0,0,0,0,0,0,0,0,0,0,0,0,0,0,0,0,0,0,0,0,0,0,0,0,24.8910775,85.5354724
BIHAR,Urban,Nawada,All Modes,40575,34179,6396,17009,12699,4310,10718,9850,868,6843,6348,495,3355,2912,443,778,678,100,656,585,71,335,306,29,517,489,28,364,312,52,24.8910775,85.5354724
BIHAR,Urban,Nawada,On foot,14632,13303,1329,0,0,0,9016,8247,769,3433,3174,259,2183,1882,301,0,0,0,0,0,0,0,0,0,0,0,0,0,0,0,24.8910775,85.5354724
BIHAR,Urban,Nawada,Bicycle,3254,3175,79,0,0,0,792,776,16,1810,1766,44,304,301,3,86,86,0,262,246,16,0,0,0,0,0,0,0,0,0,24.8910775,85.5354724
BIHAR,Urban,Nawada,Moped/Scooter/Motor Cycle,2091,1970,121,0,0,0,515,492,23,818,767,51,288,273,15,178,166,12,80,72,8,73,71,2,37,36,1,102,93,9,24.8910775,85.5354724
BIHAR,Urban,Nawada,Car/Jeep/Van,325,271,54,0,0,0,79,65,14,87,68,19,45,39,6,35,28,7,14,11,3,22,21,1,29,27,2,14,12,2,24.8910775,85.5354724
BIHAR,Urban,Nawada,Tempo/Autorickshaw/Taxi,654,475,179,0,0,0,78,55,23,325,245,80,142,95,47,56,39,17,17,15,2,4,3,1,4,4,0,28,19,9,24.8910775,85.5354724
BIHAR,Urban,Nawada,Bus,1717,1451,266,0,0,0,125,113,12,206,174,32,291,227,64,364,306,58,231,194,37,180,160,20,221,202,19,99,75,24,24.8910775,85.5354724
BIHAR,Urban,Nawada,Train,605,565,40,0,0,0,68,62,6,72,68,4,39,36,3,33,29,4,44,39,5,48,43,5,205,199,6,96,89,7,24.8910775,85.5354724
BIHAR,Urban,Nawada,Water transport,14,11,3,0,0,0,2,2,0,2,2,0,4,3,1,2,0,2,1,1,0,0,0,0,2,2,0,1,1,0,24.8910775,85.5354724
BIHAR,Urban,Nawada,Any other,274,259,15,0,0,0,43,38,5,90,84,6,59,56,3,24,24,0,7,7,0,8,8,0,19,19,0,24,23,1,24.8910775,85.5354724
BIHAR,Urban,Nawada,No travel,17009,12699,4310,17009,12699,4310,0,0,0,0,0,0,0,0,0,0,0,0,0,0,0,0,0,0,0,0,0,0,0,0,24.8910775,85.5354724
ODISHA,Total,Kendujhar,All Modes,237081,187692,49389,49391,35063,14328,59674,44578,15096,68410,54441,13969,28156,24087,4069,10901,10181,720,7046,6620,426,4577,4318,259,6915,6531,384,2011,1873,138,21.628933,85.5816847
ODISHA,Total,Kendujhar,On foot,87479,58879,28600,0,0,0,45588,31320,14268,32972,21363,11609,8919,6196,2723,0,0,0,0,0,0,0,0,0,0,0,0,0,0,0,21.628933,85.5816847
ODISHA,Total,Kendujhar,Bicycle,42392,40434,1958,0,0,0,6579,6212,367,19605,18632,973,9969,9564,405,3674,3575,99,2565,2451,114,0,0,0,0,0,0,0,0,0,21.628933,85.5816847
ODISHA,Total,Kendujhar,Moped/Scooter/Motor Cycle,32012,30326,1686,0,0,0,6126,5835,291,11833,11086,747,5278,4961,317,3796,3637,159,1841,1771,70,1533,1488,45,854,833,21,751,715,36,21.628933,85.5816847
ODISHA,Total,Kendujhar,Car/Jeep/Van,3752,3521,231,0,0,0,539,499,40,1017,960,57,658,603,55,497,462,35,306,295,11,249,242,7,337,319,18,149,141,8,21.628933,85.5816847
ODISHA,Total,Kendujhar,Tempo/Autorickshaw/Taxi,2379,1864,515,0,0,0,196,150,46,602,402,200,710,527,183,330,287,43,172,159,13,155,151,4,120,113,7,94,75,19,21.628933,85.5816847
ODISHA,Total,Kendujhar,Bus,16245,14386,1859,0,0,0,359,302,57,1949,1618,331,2312,1962,350,2445,2071,374,2067,1859,208,2478,2282,196,4063,3778,285,572,514,58,21.628933,85.5816847
ODISHA,Total,Kendujhar,Train,2027,1905,122,0,0,0,124,106,18,217,193,24,115,105,10,58,56,2,30,27,3,40,36,4,1153,1105,48,290,277,13,21.628933,85.5816847
ODISHA,Total,Kendujhar,Water transport,65,57,8,0,0,0,6,4,2,15,14,1,20,16,4,3,3,0,2,2,0,3,3,0,8,7,1,8,8,0,21.628933,85.5816847
ODISHA,Total,Kendujhar,Any other,1339,1257,82,0,0,0,157,150,7,200,173,27,175,153,22,98,90,8,63,56,7,119,116,3,380,376,4,147,143,4,21.628933,85.5816847
ODISHA,Total,Kendujhar,No travel,49391,35063,14328,49391,35063,14328,0,0,0,0,0,0,0,0,0,0,0,0,0,0,0,0,0,0,0,0,0,0,0,0,21.628933,85.5816847
ODISHA,Rural,Kendujhar,All Modes,161898,124414,37484,37875,26491,11384,35500,24660,10840,43386,32812,10574,21372,18077,3295,8382,7861,521,5311,4984,327,3477,3292,185,5163,4906,257,1432,1331,101,21.628933,85.5816847
ODISHA,Rural,Kendujhar,On foot,57972,36315,21657,0,0,0,28527,18134,10393,22807,13757,9050,6638,4424,2214,0,0,0,0,0,0,0,0,0,0,0,0,0,0,0,21.628933,85.5816847
ODISHA,Rural,Kendujhar,Bicycle,32102,30416,1686,0,0,0,4065,3774,291,13811,12990,821,8916,8530,386,3325,3232,93,1985,1890,95,0,0,0,0,0,0,0,0,0,21.628933,85.5816847
ODISHA,Rural,Kendujhar,Moped/Scooter/Motor Cycle,16877,15928,949,0,0,0,2252,2152,100,4876,4505,371,3496,3265,231,2763,2633,130,1373,1315,58,1124,1096,28,547,535,12,446,427,19,21.628933,85.5816847
ODISHA,Rural,Kendujhar,Car/Jeep/Van,1626,1502,124,0,0,0,209,199,10,433,412,21,262,219,43,203,182,21,132,126,6,112,109,3,194,180,14,81,75,6,21.628933,85.5816847
ODISHA,Rural,Kendujhar,Tempo/Autorickshaw/Taxi,1370,1074,296,0,0,0,68,61,7,259,195,64,513,354,159,253,219,34,90,79,11,65,62,3,55,52,3,67,52,15,21.628933,85.5816847
ODISHA,Rural,Kendujhar,Bus,11433,10207,1226,0,0,0,211,188,23,918,711,207,1328,1099,229,1724,1489,235,1659,1507,152,2045,1901,144,3086,2899,187,462,413,49,21.628933,85.5816847
ODISHA,Rural,Kendujhar,Train,1610,1521,89,0,0,0,73,60,13,143,127,16,92,84,8,44,42,2,23,22,1,28,24,4,964,928,36,243,234,9,21.628933,85.5816847
ODISHA,Rural,Kendujhar,Water transport,51,44,7,0,0,0,3,2,1,10,9,1,16,12,4,3,3,0,2,2,0,3,3,0,8,7,1,6,6,0,21.628933,85.5816847
ODISHA,Rural,Kendujhar,Any other,982,916,66,0,0,0,92,90,2,129,106,23,111,90,21,67,61,6,47,43,4,100,97,3,309,305,4,127,124,3,21.628933,85.5816847
ODISHA,Rural,Kendujhar,No travel,37875,26491,11384,37875,26491,11384,0,0,0,0,0,0,0,0,0,0,0,0,0,0,0,0,0,0,0,0,0,0,0,0,21.628933,85.5816847
ODISHA,Urban,Kendujhar,All Modes,75183,63278,11905,11516,8572,2944,24174,19918,4256,25024,21629,3395,6784,6010,774,2519,2320,199,1735,1636,99,1100,1026,74,1752,1625,127,579,542,37,21.628933,85.5816847
ODISHA,Urban,Kendujhar,On foot,29507,22564,6943,0,0,0,17061,13186,3875,10165,7606,2559,2281,1772,509,0,0,0,0,0,0,0,0,0,0,0,0,0,0,0,21.628933,85.5816847
ODISHA,Urban,Kendujhar,Bicycle,10290,10018,272,0,0,0,2514,2438,76,5794,5642,152,1053,1034,19,349,343,6,580,561,19,0,0,0,0,0,0,0,0,0,21.628933,85.5816847
ODISHA,Urban,Kendujhar,Moped/Scooter/Motor Cycle,15135,14398,737,0,0,0,3874,3683,191,6957,6581,376,1782,1696,86,1033,1004,29,468,456,12,409,392,17,307,298,9,305,288,17,21.628933,85.5816847
ODISHA,Urban,Kendujhar,Car/Jeep/Van,2126,2019,107,0,0,0,330,300,30,584,548,36,396,384,12,294,280,14,174,169,5,137,133,4,143,139,4,68,66,2,21.628933,85.5816847
ODISHA,Urban,Kendujhar,Tempo/Autorickshaw/Taxi,1009,790,219,0,0,0,128,89,39,343,207,136,197,173,24,77,68,9,82,80,2,90,89,1,65,61,4,27,23,4,21.628933,85.5816847
ODISHA,Urban,Kendujhar,Bus,4812,4179,633,0,0,0,148,114,34,1031,907,124,984,863,121,721,582,139,408,352,56,433,381,52,977,879,98,110,101,9,21.628933,85.5816847
ODISHA,Urban,Kendujhar,Train,417,384,33,0,0,0,51,46,5,74,66,8,23,21,2,14,14,0,7,5,2,12,12,0,189,177,12,47,43,4,21.628933,85.5816847
ODISHA,Urban,Kendujhar,Water transport,14,13,1,0,0,0,3,2,1,5,5,0,4,4,0,0,0,0,0,0,0,0,0,0,0,0,0,2,2,0,21.628933,85.5816847
ODISHA,Urban,Kendujhar,Any other,357,341,16,0,0,0,65,60,5,71,67,4,64,63,1,31,29,2,16,13,3,19,19,0,71,71,0,20,19,1,21.628933,85.5816847
ODISHA,Urban,Kendujhar,No travel,11516,8572,2944,11516,8572,2944,0,0,0,0,0,0,0,0,0,0,0,0,0,0,0,0,0,0,0,0,0,0,0,0,21.628933,85.5816847
JHARKHAND,Total,Kodarma,All Modes,102083,86950,15133,26455,19206,7249,15769,13108,2661,33047,29272,3775,15803,14588,1215,3985,3913,72,1537,1499,38,1195,1166,29,3922,3848,74,370,350,20,24.4676805,85.5933645
JHARKHAND,Total,Kodarma,On foot,28368,21850,6518,0,0,0,11300,8819,2481,14135,10845,3290,2933,2186,747,0,0,0,0,0,0,0,0,0,0,0,0,0,0,0,24.4676805,85.5933645
JHARKHAND,Total,Kodarma,Bicycle,23397,23179,218,0,0,0,2254,2215,39,12612,12494,118,7010,6964,46,1070,1061,9,451,445,6,0,0,0,0,0,0,0,0,0,24.4676805,85.5933645
JHARKHAND,Total,Kodarma,Moped/Scooter/Motor Cycle,8370,8161,209,0,0,0,1328,1298,30,3373,3266,107,2017,1967,50,1003,993,10,261,258,3,193,192,1,125,121,4,70,66,4,24.4676805,85.5933645
JHARKHAND,Total,Kodarma,Car/Jeep/Van,2231,2001,230,0,0,0,192,169,23,348,318,30,792,644,148,415,407,8,195,190,5,148,141,7,124,116,8,17,16,1,24.4676805,85.5933645
JHARKHAND,Total,Kodarma,Tempo/Autorickshaw/Taxi,5149,4764,385,0,0,0,318,275,43,1724,1564,160,2072,1920,152,746,726,20,131,126,5,64,61,3,60,60,0,34,32,2,24.4676805,85.5933645
JHARKHAND,Total,Kodarma,Bus,3690,3513,177,0,0,0,151,137,14,479,435,44,675,627,48,530,515,15,336,325,11,526,512,14,941,914,27,52,48,4,24.4676805,85.5933645
JHARKHAND,Total,Kodarma,Train,3767,3646,121,0,0,0,157,134,23,192,175,17,216,196,20,157,148,9,145,138,7,239,235,4,2498,2463,35,163,157,6,24.4676805,85.5933645
JHARKHAND,Total,Kodarma,Water transport,19,19,0,0,0,0,4,4,0,0,0,0,3,3,0,1,1,0,1,1,0,1,1,0,9,9,0,0,0,0,24.4676805,85.5933645
JHARKHAND,Total,Kodarma,Any other,637,611,26,0,0,0,65,57,8,184,175,9,85,81,4,63,62,1,17,16,1,24,24,0,165,165,0,34,31,3,24.4676805,85.5933645
JHARKHAND,Total,Kodarma,No travel,26455,19206,7249,26455,19206,7249,0,0,0,0,0,0,0,0,0,0,0,0,0,0,0,0,0,0,0,0,0,0,0,0,24.4676805,85.5933645
JHARKHAND,Rural,Kodarma,All Modes,68693,56792,11901,18602,12783,5819,8815,6791,2024,21127,18118,3009,11880,10942,938,3062,3032,30,1063,1045,18,819,804,15,3121,3083,38,204,194,10,24.4676805,85.5933645
JHARKHAND,Rural,Kodarma,On foot,19275,13903,5372,0,0,0,6943,4997,1946,10141,7357,2784,2191,1549,642,0,0,0,0,0,0,0,0,0,0,0,0,0,0,0,24.4676805,85.5933645
JHARKHAND,Rural,Kodarma,Bicycle,15971,15804,167,0,0,0,1076,1049,27,7937,7843,94,5718,5684,34,934,928,6,306,300,6,0,0,0,0,0,0,0,0,0,24.4676805,85.5933645
JHARKHAND,Rural,Kodarma,Moped/Scooter/Motor Cycle,3869,3800,69,0,0,0,374,365,9,1315,1273,42,1157,1144,13,682,679,3,154,153,1,101,101,0,61,61,0,25,24,1,24.4676805,85.5933645
JHARKHAND,Rural,Kodarma,Car/Jeep/Van,1479,1313,166,0,0,0,79,71,8,169,159,10,614,482,132,296,291,5,140,139,1,100,94,6,72,69,3,9,8,1,24.4676805,85.5933645
JHARKHAND,Rural,Kodarma,Tempo/Autorickshaw/Taxi,3494,3345,149,0,0,0,154,145,9,1055,1001,54,1470,1400,70,600,591,9,106,101,5,44,43,1,46,46,0,19,18,1,24.4676805,85.5933645
JHARKHAND,Rural,Kodarma,Bus,2607,2532,75,0,0,0,81,76,5,323,312,11,506,477,29,391,388,3,234,232,2,385,378,7,656,640,16,31,29,2,24.4676805,85.5933645
JHARKHAND,Rural,Kodarma,Train,3010,2940,70,0,0,0,89,69,20,123,115,8,169,154,15,108,105,3,108,106,2,169,168,1,2139,2120,19,105,103,2,24.4676805,85.5933645
JHARKHAND,Rural,Kodarma,Water transport,9,9,0,0,0,0,1,1,0,0,0,0,2,2,0,1,1,0,1,1,0,1,1,0,3,3,0,0,0,0,24.4676805,85.5933645
JHARKHAND,Rural,Kodarma,Any other,377,363,14,0,0,0,18,18,0,64,58,6,53,50,3,50,49,1,14,13,1,19,19,0,144,144,0,15,12,3,24.4676805,85.5933645
JHARKHAND,Rural,Kodarma,No travel,18602,12783,5819,18602,12783,5819,0,0,0,0,0,0,0,0,0,0,0,0,0,0,0,0,0,0,0,0,0,0,0,0,24.4676805,85.5933645
JHARKHAND,Urban,Kodarma,All Modes,33390,30158,3232,7853,6423,1430,6954,6317,637,11920,11154,766,3923,3646,277,923,881,42,474,454,20,376,362,14,801,765,36,166,156,10,24.4676805,85.5933645
JHARKHAND,Urban,Kodarma,On foot,9093,7947,1146,0,0,0,4357,3822,535,3994,3488,506,742,637,105,0,0,0,0,0,0,0,0,0,0,0,0,0,0,0,24.4676805,85.5933645
JHARKHAND,Urban,Kodarma,Bicycle,7426,7375,51,0,0,0,1178,1166,12,4675,4651,24,1292,1280,12,136,133,3,145,145,0,0,0,0,0,0,0,0,0,0,24.4676805,85.5933645
JHARKHAND,Urban,Kodarma,Moped/Scooter/Motor Cycle,4501,4361,140,0,0,0,954,933,21,2058,1993,65,860,823,37,321,314,7,107,105,2,92,91,1,64,60,4,45,42,3,24.4676805,85.5933645
JHARKHAND,Urban,Kodarma,Car/Jeep/Van,752,688,64,0,0,0,113,98,15,179,159,20,178,162,16,119,116,3,55,51,4,48,47,1,52,47,5,8,8,0,24.4676805,85.5933645
JHARKHAND,Urban,Kodarma,Tempo/Autorickshaw/Taxi,1655,1419,236,0,0,0,164,130,34,669,563,106,602,520,82,146,135,11,25,25,0,20,18,2,14,14,0,15,14,1,24.4676805,85.5933645
JHARKHAND,Urban,Kodarma,Bus,1083,981,102,0,0,0,70,61,9,156,123,33,169,150,19,139,127,12,102,93,9,141,134,7,285,274,11,21,19,2,24.4676805,85.5933645
JHARKHAND,Urban,Kodarma,Train,757,706,51,0,0,0,68,65,3,69,60,9,47,42,5,49,43,6,37,32,5,70,67,3,359,343,16,58,54,4,24.4676805,85.5933645
JHARKHAND,Urban,Kodarma,Water transport,10,10,0,0,0,0,3,3,0,0,0,0,1,1,0,0,0,0,0,0,0,0,0,0,6,6,0,0,0,0,24.4676805,85.5933645
JHARKHAND,Urban,Kodarma,Any other,260,248,12,0,0,0,47,39,8,120,117,3,32,31,1,13,13,0,3,3,0,5,5,0,21,21,0,19,19,0,24.4676805,85.5933645
JHARKHAND,Urban,Kodarma,No travel,7853,6423,1430,7853,6423,1430,0,0,0,0,0,0,0,0,0,0,0,0,0,0,0,0,0,0,0,0,0,0,0,0,24.4676805,85.5933645
ODISHA,Total,Dhenkanal,All Modes,183355,153248,30107,43600,31961,11639,27908,21101,6807,43075,36679,6396,26282,23009,3273,15511,14829,682,9901,9449,452,5366,5128,238,8256,7882,374,3456,3210,246,20.6503455,85.5972218
ODISHA,Total,Dhenkanal,On foot,45389,31721,13668,0,0,0,19393,13068,6325,17298,12354,4944,8698,6299,2399,0,0,0,0,0,0,0,0,0,0,0,0,0,0,0,20.6503455,85.5972218
ODISHA,Total,Dhenkanal,Bicycle,50675,49191,1484,0,0,0,5560,5328,232,19021,18348,673,12425,12141,284,8385,8259,126,5284,5115,169,0,0,0,0,0,0,0,0,0,20.6503455,85.5972218
ODISHA,Total,Dhenkanal,Moped/Scooter/Motor Cycle,18004,16858,1146,0,0,0,2146,1979,167,5241,4768,473,3033,2846,187,2987,2848,139,1407,1351,56,1195,1164,31,772,747,25,1223,1155,68,20.6503455,85.5972218
ODISHA,Total,Dhenkanal,Car/Jeep/Van,1529,1386,143,0,0,0,186,170,16,323,272,51,171,151,20,182,172,10,119,111,8,133,124,9,245,228,17,170,158,12,20.6503455,85.5972218
ODISHA,Total,Dhenkanal,Tempo/Autorickshaw/Taxi,1938,1660,278,0,0,0,155,144,11,354,249,105,399,315,84,451,405,46,158,155,3,143,141,2,100,97,3,178,154,24,20.6503455,85.5972218
ODISHA,Total,Dhenkanal,Bus,18001,16528,1473,0,0,0,215,186,29,594,472,122,1279,1015,264,3242,2898,344,2799,2586,213,3590,3402,188,5062,4849,213,1220,1120,100,20.6503455,85.5972218
ODISHA,Total,Dhenkanal,Train,3115,2920,195,0,0,0,89,78,11,118,101,17,79,72,7,106,99,7,86,83,3,225,217,8,1911,1798,113,501,472,29,20.6503455,85.5972218
ODISHA,Total,Dhenkanal,Water transport,89,84,5,0,0,0,17,16,1,12,12,0,11,10,1,10,10,0,5,5,0,5,5,0,17,15,2,12,11,1,20.6503455,85.5972218
ODISHA,Total,Dhenkanal,Any other,1015,939,76,0,0,0,147,132,15,114,103,11,187,160,27,148,138,10,43,43,0,75,75,0,149,148,1,152,140,12,20.6503455,85.5972218
ODISHA,Total,Dhenkanal,No travel,43600,31961,11639,43600,31961,11639,0,0,0,0,0,0,0,0,0,0,0,0,0,0,0,0,0,0,0,0,0,0,0,0,20.6503455,85.5972218
ODISHA,Rural,Dhenkanal,All Modes,152855,126894,25961,37654,27294,10360,21363,15447,5916,34354,28951,5403,23441,20542,2899,13959,13460,499,8532,8198,334,4438,4287,151,6353,6140,213,2761,2575,186,20.6503455,85.5972218
ODISHA,Rural,Dhenkanal,On foot,39250,26986,12264,0,0,0,16050,10446,5604,15331,10912,4419,7869,5628,2241,0,0,0,0,0,0,0,0,0,0,0,0,0,0,0,20.6503455,85.5972218
ODISHA,Rural,Dhenkanal,Bicycle,42918,41610,1308,0,0,0,3900,3703,197,15170,14608,562,11497,11222,275,7761,7642,119,4590,4435,155,0,0,0,0,0,0,0,0,0,20.6503455,85.5972218
ODISHA,Rural,Dhenkanal,Moped/Scooter/Motor Cycle,11678,11048,630,0,0,0,880,820,60,2718,2480,238,2271,2163,108,2467,2359,108,1101,1061,40,889,867,22,547,535,12,805,763,42,20.6503455,85.5972218
ODISHA,Rural,Dhenkanal,Car/Jeep/Van,1070,985,85,0,0,0,131,121,10,216,191,25,125,112,13,143,135,8,82,77,5,90,86,4,140,128,12,143,135,8,20.6503455,85.5972218
ODISHA,Rural,Dhenkanal,Tempo/Autorickshaw/Taxi,1522,1347,175,0,0,0,79,73,6,218,171,47,348,282,66,402,369,33,135,132,3,119,117,2,78,76,2,143,127,16,20.6503455,85.5972218
ODISHA,Rural,Dhenkanal,Bus,15706,14736,970,0,0,0,190,165,25,505,415,90,1095,932,163,2955,2739,216,2514,2385,129,3091,2975,116,4226,4082,144,1130,1043,87,20.6503455,85.5972218
ODISHA,Rural,Dhenkanal,Train,2185,2079,106,0,0,0,71,62,9,92,78,14,67,60,7,91,85,6,69,67,2,177,170,7,1227,1186,41,391,371,20,20.6503455,85.5972218
ODISHA,Rural,Dhenkanal,Water transport,81,76,5,0,0,0,15,14,1,10,10,0,11,10,1,10,10,0,5,5,0,5,5,0,14,12,2,11,10,1,20.6503455,85.5972218
ODISHA,Rural,Dhenkanal,Any other,791,733,58,0,0,0,47,43,4,94,86,8,158,133,25,130,121,9,36,36,0,67,67,0,121,121,0,138,126,12,20.6503455,85.5972218
ODISHA,Rural,Dhenkanal,No travel,37654,27294,10360,37654,27294,10360,0,0,0,0,0,0,0,0,0,0,0,0,0,0,0,0,0,0,0,0,0,0,0,0,20.6503455,85.5972218
ODISHA,Urban,Dhenkanal,All Modes,30500,26354,4146,5946,4667,1279,6545,5654,891,8721,7728,993,2841,2467,374,1552,1369,183,1369,1251,118,928,841,87,1903,1742,161,695,635,60,20.6503455,85.5972218
ODISHA,Urban,Dhenkanal,On foot,6139,4735,1404,0,0,0,3343,2622,721,1967,1442,525,829,671,158,0,0,0,0,0,0,0,0,0,0,0,0,0,0,0,20.6503455,85.5972218
ODISHA,Urban,Dhenkanal,Bicycle,7757,7581,176,0,0,0,1660,1625,35,3851,3740,111,928,919,9,624,617,7,694,680,14,0,0,0,0,0,0,0,0,0,20.6503455,85.5972218
ODISHA,Urban,Dhenkanal,Moped/Scooter/Motor Cycle,6326,5810,516,0,0,0,1266,1159,107,2523,2288,235,762,683,79,520,489,31,306,290,16,306,297,9,225,212,13,418,392,26,20.6503455,85.5972218
ODISHA,Urban,Dhenkanal,Car/Jeep/Van,459,401,58,0,0,0,55,49,6,107,81,26,46,39,7,39,37,2,37,34,3,43,38,5,105,100,5,27,23,4,20.6503455,85.5972218
ODISHA,Urban,Dhenkanal,Tempo/Autorickshaw/Taxi,416,313,103,0,0,0,76,71,5,136,78,58,51,33,18,49,36,13,23,23,0,24,24,0,22,21,1,35,27,8,20.6503455,85.5972218
ODISHA,Urban,Dhenkanal,Bus,2295,1792,503,0,0,0,25,21,4,89,57,32,184,83,101,287,159,128,285,201,84,499,427,72,836,767,69,90,77,13,20.6503455,85.5972218
ODISHA,Urban,Dhenkanal,Train,930,841,89,0,0,0,18,16,2,26,23,3,12,12,0,15,14,1,17,16,1,48,47,1,684,612,72,110,101,9,20.6503455,85.5972218
ODISHA,Urban,Dhenkanal,Water transport,8,8,0,0,0,0,2,2,0,2,2,0,0,0,0,0,0,0,0,0,0,0,0,0,3,3,0,1,1,0,20.6503455,85.5972218
ODISHA,Urban,Dhenkanal,Any other,224,206,18,0,0,0,100,89,11,20,17,3,29,27,2,18,17,1,7,7,0,8,8,0,28,27,1,14,14,0,20.6503455,85.5972218
ODISHA,Urban,Dhenkanal,No travel,5946,4667,1279,5946,4667,1279,0,0,0,0,0,0,0,0,0,0,0,0,0,0,0,0,0,0,0,0,0,0,0,0,20.6503455,85.5972218
ODISHA,Total,Khordha,All Modes,543786,440566,103220,118809,80072,38737,72918,56851,16067,132599,112106,20493,90940,75802,15138,46374,41718,4656,32628,30215,2413,12145,11000,1145,14169,12821,1348,23204,19981,3223,20.1862584,85.6222742
ODISHA,Total,Khordha,On foot,80874,51729,29145,0,0,0,38659,25463,13196,23497,14302,9195,18718,11964,6754,0,0,0,0,0,0,0,0,0,0,0,0,0,0,0,20.1862584,85.6222742
ODISHA,Total,Khordha,Bicycle,126712,121663,5049,0,0,0,16970,16280,690,52099,49887,2212,26623,25614,1009,14093,13724,369,16927,16158,769,0,0,0,0,0,0,0,0,0,20.1862584,85.6222742
ODISHA,Total,Khordha,Moped/Scooter/Motor Cycle,122575,112397,10178,0,0,0,12396,11388,1008,41111,37240,3871,28757,26297,2460,17600,16403,1197,5859,5586,273,3701,3470,231,1587,1499,88,11564,10514,1050,20.1862584,85.6222742
ODISHA,Total,Khordha,Car/Jeep/Van,19141,15745,3396,0,0,0,1425,1166,259,5063,4098,965,4331,3521,810,2962,2389,573,1287,1105,182,854,746,108,770,695,75,2449,2025,424,20.1862584,85.6222742
ODISHA,Total,Khordha,Tempo/Autorickshaw/Taxi,23245,14180,9065,0,0,0,1466,897,569,6540,3182,3358,6542,3702,2840,3939,2738,1201,1199,1026,173,875,768,107,440,383,57,2244,1484,760,20.1862584,85.6222742
ODISHA,Total,Khordha,Bus,24336,19107,5229,0,0,0,661,467,194,1843,1176,667,2939,1874,1065,3998,2934,1064,4709,3910,799,3687,3162,525,4247,3790,457,2252,1794,458,20.1862584,85.6222742
ODISHA,Total,Khordha,Train,16561,14713,1848,0,0,0,651,562,89,1032,913,119,801,683,118,1265,1077,188,1698,1505,193,1493,1342,151,6205,5566,639,3416,3065,351,20.1862584,85.6222742
ODISHA,Total,Khordha,Water transport,8000,7842,158,0,0,0,338,324,14,851,835,16,1687,1660,27,1825,1799,26,765,752,13,1410,1392,18,692,678,14,432,402,30,20.1862584,85.6222742
ODISHA,Total,Khordha,Any other,3533,3118,415,0,0,0,352,304,48,563,473,90,542,487,55,692,654,38,184,173,11,125,120,5,228,210,18,847,697,150,20.1862584,85.6222742
ODISHA,Total,Khordha,No travel,118809,80072,38737,118809,80072,38737,0,0,0,0,0,0,0,0,0,0,0,0,0,0,0,0,0,0,0,0,0,0,0,0,20.1862584,85.6222742
ODISHA,Rural,Khordha,All Modes,187928,155765,32163,49891,34771,15120,24151,18346,5805,34692,30125,4567,26791,23173,3618,18786,17676,1110,13676,13001,675,6917,6519,398,8216,7713,503,4808,4441,367,20.1862584,85.6222742
ODISHA,Rural,Khordha,On foot,30614,19867,10747,0,0,0,14944,9675,5269,8576,5535,3041,7094,4657,2437,0,0,0,0,0,0,0,0,0,0,0,0,0,0,0,20.1862584,85.6222742
ODISHA,Rural,Khordha,Bicycle,49797,48262,1535,0,0,0,6127,5873,254,18312,17666,646,11326,11036,290,7562,7423,139,6470,6264,206,0,0,0,0,0,0,0,0,0,20.1862584,85.6222742
ODISHA,Rural,Khordha,Moped/Scooter/Motor Cycle,22024,20857,1167,0,0,0,1784,1688,96,4574,4245,329,3949,3726,223,5521,5254,267,2634,2535,99,1533,1472,61,698,669,29,1331,1268,63,20.1862584,85.6222742
ODISHA,Rural,Khordha,Car/Jeep/Van,1602,1365,237,0,0,0,97,81,16,192,175,17,210,167,43,368,292,76,190,169,21,205,182,23,165,154,11,175,145,30,20.1862584,85.6222742
ODISHA,Rural,Khordha,Tempo/Autorickshaw/Taxi,4908,3704,1204,0,0,0,321,252,69,926,586,340,1058,696,362,1126,849,277,517,461,56,400,378,22,194,186,8,366,296,70,20.1862584,85.6222742
ODISHA,Rural,Khordha,Bus,13063,11716,1347,0,0,0,336,282,54,776,638,138,992,798,194,2105,1816,289,2593,2353,240,2639,2434,205,2658,2523,135,964,872,92,20.1862584,85.6222742
ODISHA,Rural,Khordha,Train,8484,7811,673,0,0,0,265,229,36,452,421,31,433,388,45,613,561,52,500,459,41,976,902,74,3751,3452,299,1494,1399,95,20.1862584,85.6222742
ODISHA,Rural,Khordha,Water transport,6220,6155,65,0,0,0,201,197,4,738,732,6,1554,1539,15,1092,1089,3,676,668,8,1098,1087,11,613,602,11,248,241,7,20.1862584,85.6222742
ODISHA,Rural,Khordha,Any other,1325,1257,68,0,0,0,76,69,7,146,127,19,175,166,9,399,392,7,96,92,4,66,64,2,137,127,10,230,220,10,20.1862584,85.6222742
ODISHA,Rural,Khordha,No travel,49891,34771,15120,49891,34771,15120,0,0,0,0,0,0,0,0,0,0,0,0,0,0,0,0,0,0,0,0,0,0,0,0,20.1862584,85.6222742
ODISHA,Urban,Khordha,All Modes,355858,284801,71057,68918,45301,23617,48767,38505,10262,97907,81981,15926,64149,52629,11520,27588,24042,3546,18952,17214,1738,5228,4481,747,5953,5108,845,18396,15540,2856,20.1862584,85.6222742
ODISHA,Urban,Khordha,On foot,50260,31862,18398,0,0,0,23715,15788,7927,14921,8767,6154,11624,7307,4317,0,0,0,0,0,0,0,0,0,0,0,0,0,0,0,20.1862584,85.6222742
ODISHA,Urban,Khordha,Bicycle,76915,73401,3514,0,0,0,10843,10407,436,33787,32221,1566,15297,14578,719,6531,6301,230,10457,9894,563,0,0,0,0,0,0,0,0,0,20.1862584,85.6222742
ODISHA,Urban,Khordha,Moped/Scooter/Motor Cycle,100551,91540,9011,0,0,0,10612,9700,912,36537,32995,3542,24808,22571,2237,12079,11149,930,3225,3051,174,2168,1998,170,889,830,59,10233,9246,987,20.1862584,85.6222742
ODISHA,Urban,Khordha,Car/Jeep/Van,17539,14380,3159,0,0,0,1328,1085,243,4871,3923,948,4121,3354,767,2594,2097,497,1097,936,161,649,564,85,605,541,64,2274,1880,394,20.1862584,85.6222742
ODISHA,Urban,Khordha,Tempo/Autorickshaw/Taxi,18337,10476,7861,0,0,0,1145,645,500,5614,2596,3018,5484,3006,2478,2813,1889,924,682,565,117,475,390,85,246,197,49,1878,1188,690,20.1862584,85.6222742
ODISHA,Urban,Khordha,Bus,11273,7391,3882,0,0,0,325,185,140,1067,538,529,1947,1076,871,1893,1118,775,2116,1557,559,1048,728,320,1589,1267,322,1288,922,366,20.1862584,85.6222742
ODISHA,Urban,Khordha,Train,8077,6902,1175,0,0,0,386,333,53,580,492,88,368,295,73,652,516,136,1198,1046,152,517,440,77,2454,2114,340,1922,1666,256,20.1862584,85.6222742
ODISHA,Urban,Khordha,Water transport,1780,1687,93,0,0,0,137,127,10,113,103,10,133,121,12,733,710,23,89,84,5,312,305,7,79,76,3,184,161,23,20.1862584,85.6222742
ODISHA,Urban,Khordha,Any other,2208,1861,347,0,0,0,276,235,41,417,346,71,367,321,46,293,262,31,88,81,7,59,56,3,91,83,8,617,477,140,20.1862584,85.6222742
ODISHA,Urban,Khordha,No travel,68918,45301,23617,68918,45301,23617,0,0,0,0,0,0,0,0,0,0,0,0,0,0,0,0,0,0,0,0,0,0,0,0,20.1862584,85.6222742
BIHAR,Total,Samastipur,All Modes,274815,222000,52815,105677,73111,32566,46802,37282,9520,59300,53625,5675,30245,27259,2986,11009,10216,793,7565,7146,419,3716,3403,313,6973,6697,276,3528,3261,267,25.8629679,85.7810263
BIHAR,Total,Samastipur,On foot,60111,45354,14757,0,0,0,33710,24826,8884,17887,14000,3887,8514,6528,1986,0,0,0,0,0,0,0,0,0,0,0,0,0,0,0,25.8629679,85.7810263
BIHAR,Total,Samastipur,Bicycle,65194,64102,1092,0,0,0,9070,8856,214,31627,31104,523,14863,14686,177,5149,5090,59,4485,4366,119,0,0,0,0,0,0,0,0,0,25.8629679,85.7810263
BIHAR,Total,Samastipur,Moped/Scooter/Motor Cycle,17001,15641,1360,0,0,0,2488,2326,162,5747,5230,517,3168,2914,254,2456,2257,199,978,908,70,875,817,58,522,497,25,767,692,75,25.8629679,85.7810263
BIHAR,Total,Samastipur,Car/Jeep/Van,2016,1772,244,0,0,0,290,239,51,523,445,78,321,279,42,273,244,29,138,130,8,147,138,9,208,191,17,116,106,10,25.8629679,85.7810263
BIHAR,Total,Samastipur,Tempo/Autorickshaw/Taxi,2984,2207,777,0,0,0,227,155,72,1072,732,340,775,582,193,453,361,92,148,130,18,108,89,19,59,53,6,142,105,37,25.8629679,85.7810263
BIHAR,Total,Samastipur,Bus,7319,6148,1171,0,0,0,304,238,66,1087,883,204,1454,1182,272,1497,1190,307,794,683,111,898,796,102,993,938,55,292,238,54,25.8629679,85.7810263
BIHAR,Total,Samastipur,Train,12295,11604,691,0,0,0,467,426,41,615,572,43,560,514,46,944,844,100,968,879,89,1637,1514,123,5060,4890,170,2044,1965,79,25.8629679,85.7810263
BIHAR,Total,Samastipur,Water transport,214,200,14,0,0,0,30,24,6,104,103,1,14,13,1,10,10,0,2,1,1,6,6,0,25,24,1,23,19,4,25.8629679,85.7810263
BIHAR,Total,Samastipur,Any other,2004,1861,143,0,0,0,216,192,24,638,556,82,576,561,15,227,220,7,52,49,3,45,43,2,106,104,2,144,136,8,25.8629679,85.7810263
BIHAR,Total,Samastipur,No travel,105677,73111,32566,105677,73111,32566,0,0,0,0,0,0,0,0,0,0,0,0,0,0,0,0,0,0,0,0,0,0,0,0,25.8629679,85.7810263
BIHAR,Rural,Samastipur,All Modes,240644,192569,48075,95834,65246,30588,36039,27737,8302,52160,47208,4952,27264,24666,2598,10261,9635,626,6634,6288,346,3169,2924,245,6312,6096,216,2971,2769,202,25.8629679,85.7810263
BIHAR,Rural,Samastipur,On foot,48150,35085,13065,0,0,0,26050,18249,7801,15418,11901,3517,6682,4935,1747,0,0,0,0,0,0,0,0,0,0,0,0,0,0,0,25.8629679,85.7810263
BIHAR,Rural,Samastipur,Bicycle,59554,58536,1018,0,0,0,7312,7120,192,28889,28403,486,14383,14210,173,5002,4946,56,3968,3857,111,0,0,0,0,0,0,0,0,0,25.8629679,85.7810263
BIHAR,Rural,Samastipur,Moped/Scooter/Motor Cycle,13567,12405,1162,0,0,0,1543,1412,131,4476,4039,437,2807,2586,221,2180,2006,174,841,780,61,738,687,51,442,419,23,540,476,64,25.8629679,85.7810263
BIHAR,Rural,Samastipur,Car/Jeep/Van,1665,1497,168,0,0,0,178,145,33,447,392,55,286,256,30,243,221,22,121,116,5,130,124,6,166,157,9,94,86,8,25.8629679,85.7810263
BIHAR,Rural,Samastipur,Tempo/Autorickshaw/Taxi,2553,1999,554,0,0,0,162,117,45,853,634,219,706,543,163,424,349,75,137,123,14,101,85,16,56,53,3,114,95,19,25.8629679,85.7810263
BIHAR,Rural,Samastipur,Bus,6690,5790,900,0,0,0,260,213,47,981,827,154,1346,1131,215,1338,1118,220,751,658,93,843,756,87,917,874,43,254,213,41,25.8629679,85.7810263
BIHAR,Rural,Samastipur,Train,10681,10183,498,0,0,0,344,314,30,481,454,27,507,473,34,845,772,73,764,706,58,1309,1226,83,4608,4473,135,1823,1765,58,25.8629679,85.7810263
BIHAR,Rural,Samastipur,Water transport,206,193,13,0,0,0,30,24,6,100,100,0,14,13,1,8,8,0,2,1,1,6,6,0,24,23,1,22,18,4,25.8629679,85.7810263
BIHAR,Rural,Samastipur,Any other,1744,1635,109,0,0,0,160,143,17,515,458,57,533,519,14,221,215,6,50,47,3,42,40,2,99,97,2,124,116,8,25.8629679,85.7810263
BIHAR,Rural,Samastipur,No travel,95834,65246,30588,95834,65246,30588,0,0,0,0,0,0,0,0,0,0,0,0,0,0,0,0,0,0,0,0,0,0,0,0,25.8629679,85.7810263
BIHAR,Urban,Samastipur,All Modes,34171,29431,4740,9843,7865,1978,10763,9545,1218,7140,6417,723,2981,2593,388,748,581,167,931,858,73,547,479,68,661,601,60,557,492,65,25.8629679,85.7810263
BIHAR,Urban,Samastipur,On foot,11961,10269,1692,0,0,0,7660,6577,1083,2469,2099,370,1832,1593,239,0,0,0,0,0,0,0,0,0,0,0,0,0,0,0,25.8629679,85.7810263
BIHAR,Urban,Samastipur,Bicycle,5640,5566,74,0,0,0,1758,1736,22,2738,2701,37,480,476,4,147,144,3,517,509,8,0,0,0,0,0,0,0,0,0,25.8629679,85.7810263
BIHAR,Urban,Samastipur,Moped/Scooter/Motor Cycle,3434,3236,198,0,0,0,945,914,31,1271,1191,80,361,328,33,276,251,25,137,128,9,137,130,7,80,78,2,227,216,11,25.8629679,85.7810263
BIHAR,Urban,Samastipur,Car/Jeep/Van,351,275,76,0,0,0,112,94,18,76,53,23,35,23,12,30,23,7,17,14,3,17,14,3,42,34,8,22,20,2,25.8629679,85.7810263
BIHAR,Urban,Samastipur,Tempo/Autorickshaw/Taxi,431,208,223,0,0,0,65,38,27,219,98,121,69,39,30,29,12,17,11,7,4,7,4,3,3,0,3,28,10,18,25.8629679,85.7810263
BIHAR,Urban,Samastipur,Bus,629,358,271,0,0,0,44,25,19,106,56,50,108,51,57,159,72,87,43,25,18,55,40,15,76,64,12,38,25,13,25.8629679,85.7810263
BIHAR,Urban,Samastipur,Train,1614,1421,193,0,0,0,123,112,11,134,118,16,53,41,12,99,72,27,204,173,31,328,288,40,452,417,35,221,200,21,25.8629679,85.7810263
BIHAR,Urban,Samastipur,Water transport,8,7,1,0,0,0,0,0,0,4,3,1,0,0,0,2,2,0,0,0,0,0,0,0,1,1,0,1,1,0,25.8629679,85.7810263
BIHAR,Urban,Samastipur,Any other,260,226,34,0,0,0,56,49,7,123,98,25,43,42,1,6,5,1,2,2,0,3,3,0,7,7,0,20,20,0,25.8629679,85.7810263
BIHAR,Urban,Samastipur,No travel,9843,7865,1978,9843,7865,1978,0,0,0,0,0,0,0,0,0,0,0,0,0,0,0,0,0,0,0,0,0,0,0,0,25.8629679,85.7810263
ODISHA,Total,Puri,All Modes,259858,206199,53659,70762,44849,25913,43044,32546,10498,62318,53224,9094,30898,26586,4312,15881,14726,1155,13552,12701,851,8451,7785,666,10180,9447,733,4772,4335,437,19.8133822,85.8314655
ODISHA,Total,Puri,On foot,51392,33293,18099,0,0,0,28061,18479,9582,15355,9521,5834,7976,5293,2683,0,0,0,0,0,0,0,0,0,0,0,0,0,0,0,19.8133822,85.8314655
ODISHA,Total,Puri,Bicycle,64540,61859,2681,0,0,0,10163,9718,445,30025,28628,1397,11925,11496,429,6242,6105,137,6185,5912,273,0,0,0,0,0,0,0,0,0,19.8133822,85.8314655
ODISHA,Total,Puri,Moped/Scooter/Motor Cycle,29534,27407,2127,0,0,0,3097,2882,215,11037,10107,930,4928,4541,387,3853,3627,226,1935,1848,87,1906,1803,103,1287,1238,49,1491,1361,130,19.8133822,85.8314655
ODISHA,Total,Puri,Car/Jeep/Van,1797,1572,225,0,0,0,145,119,26,392,325,67,203,179,24,192,168,24,142,130,12,223,202,21,320,293,27,180,156,24,19.8133822,85.8314655
ODISHA,Total,Puri,Tempo/Autorickshaw/Taxi,3806,3120,686,0,0,0,342,280,62,1182,843,339,656,520,136,510,450,60,320,301,19,290,279,11,211,201,10,295,246,49,19.8133822,85.8314655
ODISHA,Total,Puri,Bus,17882,14937,2945,0,0,0,404,304,100,960,608,352,1493,958,535,2746,2131,615,2736,2360,376,3871,3468,403,4645,4216,429,1027,892,135,19.8133822,85.8314655
ODISHA,Total,Puri,Train,8417,7764,653,0,0,0,287,245,42,454,389,65,325,283,42,618,560,58,848,784,64,1506,1386,120,3326,3125,201,1053,992,61,19.8133822,85.8314655
ODISHA,Total,Puri,Water transport,10222,10016,206,0,0,0,403,390,13,2489,2439,50,3082,3019,63,1571,1540,31,1321,1304,17,555,550,5,251,242,9,550,532,18,19.8133822,85.8314655
ODISHA,Total,Puri,Any other,1506,1382,124,0,0,0,142,129,13,424,364,60,310,297,13,149,145,4,65,62,3,100,97,3,140,132,8,176,156,20,19.8133822,85.8314655
ODISHA,Total,Puri,No travel,70762,44849,25913,70762,44849,25913,0,0,0,0,0,0,0,0,0,0,0,0,0,0,0,0,0,0,0,0,0,0,0,0,19.8133822,85.8314655
ODISHA,Rural,Puri,All Modes,176939,137749,39190,55621,34002,21619,25007,17447,7560,33335,28811,4524,22506,19599,2907,12840,12042,798,9841,9266,575,6869,6369,500,7526,7084,442,3394,3129,265,19.8133822,85.8314655
ODISHA,Rural,Puri,On foot,31859,19973,11886,0,0,0,17517,10446,7071,9012,6019,2993,5330,3508,1822,0,0,0,0,0,0,0,0,0,0,0,0,0,0,0,19.8133822,85.8314655
ODISHA,Rural,Puri,Bicycle,41254,39553,1701,0,0,0,5211,4951,260,16400,15597,803,9577,9240,337,5621,5501,120,4445,4264,181,0,0,0,0,0,0,0,0,0,19.8133822,85.8314655
ODISHA,Rural,Puri,Moped/Scooter/Motor Cycle,16153,15065,1088,0,0,0,1260,1165,95,3994,3645,349,3174,2928,246,2964,2805,159,1560,1496,64,1467,1388,79,893,865,28,841,773,68,19.8133822,85.8314655
ODISHA,Rural,Puri,Car/Jeep/Van,954,860,94,0,0,0,57,45,12,136,117,19,99,91,8,122,109,13,102,93,9,154,137,17,182,174,8,102,94,8,19.8133822,85.8314655
ODISHA,Rural,Puri,Tempo/Autorickshaw/Taxi,2129,1860,269,0,0,0,129,108,21,416,346,70,392,315,77,409,371,38,256,240,16,204,197,7,142,136,6,181,147,34,19.8133822,85.8314655
ODISHA,Rural,Puri,Bus,14458,12522,1936,0,0,0,301,243,58,719,512,207,1175,834,341,2171,1765,406,2327,2078,249,3331,3026,305,3603,3317,286,831,747,84,19.8133822,85.8314655
ODISHA,Rural,Puri,Train,6327,5931,396,0,0,0,165,138,27,204,179,25,231,211,20,496,456,40,680,632,48,1304,1218,86,2380,2277,103,867,820,47,19.8133822,85.8314655
ODISHA,Rural,Puri,Water transport,7297,7149,148,0,0,0,298,286,12,2298,2257,41,2319,2274,45,952,932,20,416,411,5,322,319,3,217,211,6,475,459,16,19.8133822,85.8314655
ODISHA,Rural,Puri,Any other,887,834,53,0,0,0,69,65,4,156,139,17,209,198,11,105,103,2,55,52,3,87,84,3,109,104,5,97,89,8,19.8133822,85.8314655
ODISHA,Rural,Puri,No travel,55621,34002,21619,55621,34002,21619,0,0,0,0,0,0,0,0,0,0,0,0,0,0,0,0,0,0,0,0,0,0,0,0,19.8133822,85.8314655
ODISHA,Urban,Puri,All Modes,82919,68450,14469,15141,10847,4294,18037,15099,2938,28983,24413,4570,8392,6987,1405,3041,2684,357,3711,3435,276,1582,1416,166,2654,2363,291,1378,1206,172,19.8133822,85.8314655
ODISHA,Urban,Puri,On foot,19533,13320,6213,0,0,0,10544,8033,2511,6343,3502,2841,2646,1785,861,0,0,0,0,0,0,0,0,0,0,0,0,0,0,0,19.8133822,85.8314655
ODISHA,Urban,Puri,Bicycle,23286,22306,980,0,0,0,4952,4767,185,13625,13031,594,2348,2256,92,621,604,17,1740,1648,92,0,0,0,0,0,0,0,0,0,19.8133822,85.8314655
ODISHA,Urban,Puri,Moped/Scooter/Motor Cycle,13381,12342,1039,0,0,0,1837,1717,120,7043,6462,581,1754,1613,141,889,822,67,375,352,23,439,415,24,394,373,21,650,588,62,19.8133822,85.8314655
ODISHA,Urban,Puri,Car/Jeep/Van,843,712,131,0,0,0,88,74,14,256,208,48,104,88,16,70,59,11,40,37,3,69,65,4,138,119,19,78,62,16,19.8133822,85.8314655
ODISHA,Urban,Puri,Tempo/Autorickshaw/Taxi,1677,1260,417,0,0,0,213,172,41,766,497,269,264,205,59,101,79,22,64,61,3,86,82,4,69,65,4,114,99,15,19.8133822,85.8314655
ODISHA,Urban,Puri,Bus,3424,2415,1009,0,0,0,103,61,42,241,96,145,318,124,194,575,366,209,409,282,127,540,442,98,1042,899,143,196,145,51,19.8133822,85.8314655
ODISHA,Urban,Puri,Train,2090,1833,257,0,0,0,122,107,15,250,210,40,94,72,22,122,104,18,168,152,16,202,168,34,946,848,98,186,172,14,19.8133822,85.8314655
ODISHA,Urban,Puri,Water transport,2925,2867,58,0,0,0,105,104,1,191,182,9,763,745,18,619,608,11,905,893,12,233,231,2,34,31,3,75,73,2,19.8133822,85.8314655
ODISHA,Urban,Puri,Any other,619,548,71,0,0,0,73,64,9,268,225,43,101,99,2,44,42,2,10,10,0,13,13,0,31,28,3,79,67,12,19.8133822,85.8314655
ODISHA,Urban,Puri,No travel,15141,10847,4294,15141,10847,4294,0,0,0,0,0,0,0,0,0,0,0,0,0,0,0,0,0,0,0,0,0,0,0,0,19.8133822,85.8314655
BIHAR,Total,Sheikhpura,All Modes,50531,36372,14159,26444,16301,10143,9547,7527,2020,7167,6184,983,3983,3228,755,1242,1147,95,578,532,46,264,250,14,958,908,50,348,295,53,25.1416937,85.8628915
BIHAR,Total,Sheikhpura,On foot,14348,11126,3222,0,0,0,8373,6454,1919,3869,3119,750,2106,1553,553,0,0,0,0,0,0,0,0,0,0,0,0,0,0,0,25.1416937,85.8628915
BIHAR,Total,Sheikhpura,Bicycle,3963,3777,186,0,0,0,589,560,29,1955,1869,86,850,800,50,299,293,6,270,255,15,0,0,0,0,0,0,0,0,0,25.1416937,85.8628915
BIHAR,Total,Sheikhpura,Moped/Scooter/Motor Cycle,1874,1731,143,0,0,0,262,246,16,681,639,42,393,349,44,282,258,24,83,81,2,57,55,2,42,38,4,74,65,9,25.1416937,85.8628915
BIHAR,Total,Sheikhpura,Car/Jeep/Van,421,341,80,0,0,0,54,42,12,115,94,21,102,81,21,68,52,16,19,14,5,22,21,1,22,21,1,19,16,3,25.1416937,85.8628915
BIHAR,Total,Sheikhpura,Tempo/Autorickshaw/Taxi,347,291,56,0,0,0,21,18,3,137,109,28,105,92,13,52,45,7,8,8,0,6,5,1,4,4,0,14,10,4,25.1416937,85.8628915
BIHAR,Total,Sheikhpura,Bus,1671,1448,223,0,0,0,128,108,20,247,207,40,338,271,67,452,415,37,149,129,20,112,105,7,165,155,10,80,58,22,25.1416937,85.8628915
BIHAR,Total,Sheikhpura,Train,1216,1144,72,0,0,0,78,69,9,85,77,8,54,50,4,54,51,3,40,36,4,60,57,3,702,670,32,143,134,9,25.1416937,85.8628915
BIHAR,Total,Sheikhpura,Water transport,23,18,5,0,0,0,2,2,0,4,3,1,0,0,0,4,4,0,0,0,0,0,0,0,10,8,2,3,1,2,25.1416937,85.8628915
BIHAR,Total,Sheikhpura,Any other,224,195,29,0,0,0,40,28,12,74,67,7,35,32,3,31,29,2,9,9,0,7,7,0,13,12,1,15,11,4,25.1416937,85.8628915
BIHAR,Total,Sheikhpura,No travel,26444,16301,10143,26444,16301,10143,0,0,0,0,0,0,0,0,0,0,0,0,0,0,0,0,0,0,0,0,0,0,0,0,25.1416937,85.8628915
BIHAR,Rural,Sheikhpura,All Modes,32301,21027,11274,19069,10455,8614,4515,3144,1371,3590,3089,501,2694,2096,598,905,840,65,398,362,36,197,187,10,680,642,38,253,212,41,25.1416937,85.8628915
BIHAR,Rural,Sheikhpura,On foot,7182,5052,2130,0,0,0,4041,2729,1312,1776,1414,362,1365,909,456,0,0,0,0,0,0,0,0,0,0,0,0,0,0,0,25.1416937,85.8628915
BIHAR,Rural,Sheikhpura,Bicycle,2301,2157,144,0,0,0,203,185,18,1077,1015,62,646,600,46,207,203,4,168,154,14,0,0,0,0,0,0,0,0,0,25.1416937,85.8628915
BIHAR,Rural,Sheikhpura,Moped/Scooter/Motor Cycle,976,890,86,0,0,0,80,73,7,307,287,20,225,197,28,178,160,18,68,66,2,45,43,2,28,24,4,45,40,5,25.1416937,85.8628915
BIHAR,Rural,Sheikhpura,Car/Jeep/Van,255,208,47,0,0,0,23,17,6,64,52,12,64,53,11,51,40,11,13,9,4,16,16,0,9,8,1,15,13,2,25.1416937,85.8628915
BIHAR,Rural,Sheikhpura,Tempo/Autorickshaw/Taxi,277,239,38,0,0,0,12,9,3,108,91,17,88,80,8,46,40,6,6,6,0,4,3,1,3,3,0,10,7,3,25.1416937,85.8628915
BIHAR,Rural,Sheikhpura,Bus,1292,1142,150,0,0,0,94,80,14,183,162,21,259,215,44,366,342,24,110,95,15,90,86,4,124,116,8,66,46,20,25.1416937,85.8628915
BIHAR,Rural,Sheikhpura,Train,826,781,45,0,0,0,45,40,5,40,36,4,33,31,2,39,38,1,29,28,1,38,35,3,499,476,23,103,97,6,25.1416937,85.8628915
BIHAR,Rural,Sheikhpura,Water transport,16,12,4,0,0,0,1,1,0,2,1,1,0,0,0,3,3,0,0,0,0,0,0,0,8,6,2,2,1,1,25.1416937,85.8628915
BIHAR,Rural,Sheikhpura,Any other,107,91,16,0,0,0,16,10,6,33,31,2,14,11,3,15,14,1,4,4,0,4,4,0,9,9,0,12,8,4,25.1416937,85.8628915
BIHAR,Rural,Sheikhpura,No travel,19069,10455,8614,19069,10455,8614,0,0,0,0,0,0,0,0,0,0,0,0,0,0,0,0,0,0,0,0,0,0,0,0,25.1416937,85.8628915
BIHAR,Urban,Sheikhpura,All Modes,18230,15345,2885,7375,5846,1529,5032,4383,649,3577,3095,482,1289,1132,157,337,307,30,180,170,10,67,63,4,278,266,12,95,83,12,25.1416937,85.8628915
BIHAR,Urban,Sheikhpura,On foot,7166,6074,1092,0,0,0,4332,3725,607,2093,1705,388,741,644,97,0,0,0,0,0,0,0,0,0,0,0,0,0,0,0,25.1416937,85.8628915
BIHAR,Urban,Sheikhpura,Bicycle,1662,1620,42,0,0,0,386,375,11,878,854,24,204,200,4,92,90,2,102,101,1,0,0,0,0,0,0,0,0,0,25.1416937,85.8628915
BIHAR,Urban,Sheikhpura,Moped/Scooter/Motor Cycle,898,841,57,0,0,0,182,173,9,374,352,22,168,152,16,104,98,6,15,15,0,12,12,0,14,14,0,29,25,4,25.1416937,85.8628915
BIHAR,Urban,Sheikhpura,Car/Jeep/Van,166,133,33,0,0,0,31,25,6,51,42,9,38,28,10,17,12,5,6,5,1,6,5,1,13,13,0,4,3,1,25.1416937,85.8628915
BIHAR,Urban,Sheikhpura,Tempo/Autorickshaw/Taxi,70,52,18,0,0,0,9,9,0,29,18,11,17,12,5,6,5,1,2,2,0,2,2,0,1,1,0,4,3,1,25.1416937,85.8628915
BIHAR,Urban,Sheikhpura,Bus,379,306,73,0,0,0,34,28,6,64,45,19,79,56,23,86,73,13,39,34,5,22,19,3,41,39,2,14,12,2,25.1416937,85.8628915
BIHAR,Urban,Sheikhpura,Train,390,363,27,0,0,0,33,29,4,45,41,4,21,19,2,15,13,2,11,8,3,22,22,0,203,194,9,40,37,3,25.1416937,85.8628915
BIHAR,Urban,Sheikhpura,Water transport,7,6,1,0,0,0,1,1,0,2,2,0,0,0,0,1,1,0,0,0,0,0,0,0,2,2,0,1,0,1,25.1416937,85.8628915
BIHAR,Urban,Sheikhpura,Any other,117,104,13,0,0,0,24,18,6,41,36,5,21,21,0,16,15,1,5,5,0,3,3,0,4,3,1,3,3,0,25.1416937,85.8628915
BIHAR,Urban,Sheikhpura,No travel,7375,5846,1529,7375,5846,1529,0,0,0,0,0,0,0,0,0,0,0,0,0,0,0,0,0,0,0,0,0,0,0,0,25.1416937,85.8628915
ODISHA,Total,Cuttack,All Modes,497560,408486,89074,131037,90014,41023,75405,58877,16528,113542,98724,14818,66214,57908,8306,33886,31483,2403,31126,28907,2219,16753,15335,1418,18016,16915,1101,11581,10323,1258,20.462521,85.8829895
ODISHA,Total,Cuttack,On foot,81620,55189,26431,0,0,0,42669,28562,14107,23366,15637,7729,15585,10990,4595,0,0,0,0,0,0,0,0,0,0,0,0,0,0,0,20.462521,85.8829895
ODISHA,Total,Cuttack,Bicycle,133583,128293,5290,0,0,0,19642,18761,881,55297,52764,2533,27696,26824,872,14623,14310,313,16325,15634,691,0,0,0,0,0,0,0,0,0,20.462521,85.8829895
ODISHA,Total,Cuttack,Moped/Scooter/Motor Cycle,88177,81902,6275,0,0,0,10017,9247,770,27947,25522,2425,17114,15840,1274,11745,11109,636,6659,6338,321,5713,5460,253,2977,2847,130,6005,5539,466,20.462521,85.8829895
ODISHA,Total,Cuttack,Car/Jeep/Van,6745,5663,1082,0,0,0,620,494,126,1508,1208,300,1001,822,179,688,603,85,731,617,114,745,664,81,663,599,64,789,656,133,20.462521,85.8829895
ODISHA,Total,Cuttack,Tempo/Autorickshaw/Taxi,7037,4802,2235,0,0,0,646,412,234,2043,1002,1041,1339,839,500,999,809,190,459,409,50,513,472,41,360,339,21,678,520,158,20.462521,85.8829895
ODISHA,Total,Cuttack,Bus,37466,31746,5720,0,0,0,826,547,279,1744,1190,554,2491,1692,799,4984,3872,1112,6251,5267,984,8802,7830,972,10360,9659,701,2008,1689,319,20.462521,85.8829895
ODISHA,Total,Cuttack,Train,8595,7947,648,0,0,0,564,490,74,794,730,64,490,450,40,497,443,54,544,494,50,801,738,63,3322,3153,169,1583,1449,134,20.462521,85.8829895
ODISHA,Total,Cuttack,Water transport,473,439,34,0,0,0,53,47,6,132,126,6,69,66,3,75,71,4,20,17,3,20,20,0,45,41,4,59,51,8,20.462521,85.8829895
ODISHA,Total,Cuttack,Any other,2827,2491,336,0,0,0,368,317,51,711,545,166,429,385,44,275,266,9,137,131,6,159,151,8,289,277,12,459,419,40,20.462521,85.8829895
ODISHA,Total,Cuttack,No travel,131037,90014,41023,131037,90014,41023,0,0,0,0,0,0,0,0,0,0,0,0,0,0,0,0,0,0,0,0,0,0,0,0,20.462521,85.8829895
ODISHA,Rural,Cuttack,All Modes,269816,220117,49699,77268,51810,25458,35080,25696,9384,50027,43389,6638,35435,31168,4267,22146,20923,1223,18452,17551,901,12349,11575,774,14690,13981,709,4369,4024,345,20.462521,85.8829895
ODISHA,Rural,Cuttack,On foot,47202,31265,15937,0,0,0,23646,15074,8572,14361,9861,4500,9195,6330,2865,0,0,0,0,0,0,0,0,0,0,0,0,0,0,0,20.462521,85.8829895
ODISHA,Rural,Cuttack,Bicycle,74903,72218,2685,0,0,0,8229,7801,428,27369,26158,1211,18541,18009,532,11164,10944,220,9600,9306,294,0,0,0,0,0,0,0,0,0,20.462521,85.8829895
ODISHA,Rural,Cuttack,Moped/Scooter/Motor Cycle,30946,29121,1825,0,0,0,2113,1944,169,6086,5565,521,5059,4700,359,6229,5908,321,3756,3621,135,3852,3709,143,2226,2142,84,1625,1532,93,20.462521,85.8829895
ODISHA,Rural,Cuttack,Car/Jeep/Van,1753,1571,182,0,0,0,120,99,21,202,170,32,168,154,14,228,197,31,170,161,9,327,299,28,371,343,28,167,148,19,20.462521,85.8829895
ODISHA,Rural,Cuttack,Tempo/Autorickshaw/Taxi,2751,2444,307,0,0,0,174,150,24,450,356,94,422,340,82,515,471,44,276,260,16,378,366,12,284,276,8,252,225,27,20.462521,85.8829895
ODISHA,Rural,Cuttack,Bus,28303,25322,2981,0,0,0,429,307,122,974,738,236,1563,1174,389,3582,2993,589,4313,3881,432,7180,6613,567,8954,8465,489,1308,1151,157,20.462521,85.8829895
ODISHA,Rural,Cuttack,Train,5185,4941,244,0,0,0,240,202,38,321,298,23,272,260,12,238,224,14,228,217,11,485,465,20,2577,2487,90,824,788,36,20.462521,85.8829895
ODISHA,Rural,Cuttack,Water transport,325,314,11,0,0,0,33,30,3,101,100,1,47,46,1,49,49,0,11,11,0,14,14,0,37,35,2,33,29,4,20.462521,85.8829895
ODISHA,Rural,Cuttack,Any other,1180,1111,69,0,0,0,96,89,7,163,143,20,168,155,13,141,137,4,98,94,4,113,109,4,241,233,8,160,151,9,20.462521,85.8829895
ODISHA,Rural,Cuttack,No travel,77268,51810,25458,77268,51810,25458,0,0,0,0,0,0,0,0,0,0,0,0,0,0,0,0,0,0,0,0,0,0,0,0,20.462521,85.8829895
ODISHA,Urban,Cuttack,All Modes,227744,188369,39375,53769,38204,15565,40325,33181,7144,63515,55335,8180,30779,26740,4039,11740,10560,1180,12674,11356,1318,4404,3760,644,3326,2934,392,7212,6299,913,20.462521,85.8829895
ODISHA,Urban,Cuttack,On foot,34418,23924,10494,0,0,0,19023,13488,5535,9005,5776,3229,6390,4660,1730,0,0,0,0,0,0,0,0,0,0,0,0,0,0,0,20.462521,85.8829895
ODISHA,Urban,Cuttack,Bicycle,58680,56075,2605,0,0,0,11413,10960,453,27928,26606,1322,9155,8815,340,3459,3366,93,6725,6328,397,0,0,0,0,0,0,0,0,0,20.462521,85.8829895
ODISHA,Urban,Cuttack,Moped/Scooter/Motor Cycle,57231,52781,4450,0,0,0,7904,7303,601,21861,19957,1904,12055,11140,915,5516,5201,315,2903,2717,186,1861,1751,110,751,705,46,4380,4007,373,20.462521,85.8829895
ODISHA,Urban,Cuttack,Car/Jeep/Van,4992,4092,900,0,0,0,500,395,105,1306,1038,268,833,668,165,460,406,54,561,456,105,418,365,53,292,256,36,622,508,114,20.462521,85.8829895
ODISHA,Urban,Cuttack,Tempo/Autorickshaw/Taxi,4286,2358,1928,0,0,0,472,262,210,1593,646,947,917,499,418,484,338,146,183,149,34,135,106,29,76,63,13,426,295,131,20.462521,85.8829895
ODISHA,Urban,Cuttack,Bus,9163,6424,2739,0,0,0,397,240,157,770,452,318,928,518,410,1402,879,523,1938,1386,552,1622,1217,405,1406,1194,212,700,538,162,20.462521,85.8829895
ODISHA,Urban,Cuttack,Train,3410,3006,404,0,0,0,324,288,36,473,432,41,218,190,28,259,219,40,316,277,39,316,273,43,745,666,79,759,661,98,20.462521,85.8829895
ODISHA,Urban,Cuttack,Water transport,148,125,23,0,0,0,20,17,3,31,26,5,22,20,2,26,22,4,9,6,3,6,6,0,8,6,2,26,22,4,20.462521,85.8829895
ODISHA,Urban,Cuttack,Any other,1647,1380,267,0,0,0,272,228,44,548,402,146,261,230,31,134,129,5,39,37,2,46,42,4,48,44,4,299,268,31,20.462521,85.8829895
ODISHA,Urban,Cuttack,No travel,53769,38204,15565,53769,38204,15565,0,0,0,0,0,0,0,0,0,0,0,0,0,0,0,0,0,0,0,0,0,0,0,0,20.462521,85.8829895
BIHAR,Total,Darbhanga,All Modes,300006,250392,49614,112742,82504,30238,46062,38098,7964,68603,62773,5830,37550,33930,3620,12115,11470,645,8924,8418,506,3917,3644,273,5820,5589,231,4273,3966,307,26.1542045,85.8918454
BIHAR,Total,Darbhanga,On foot,69348,55560,13788,0,0,0,33757,26454,7303,23095,19237,3858,12496,9869,2627,0,0,0,0,0,0,0,0,0,0,0,0,0,0,0,26.1542045,85.8918454
BIHAR,Total,Darbhanga,Bicycle,61914,60821,1093,0,0,0,7629,7450,179,30620,30125,495,14215,14049,166,4453,4401,52,4997,4796,201,0,0,0,0,0,0,0,0,0,26.1542045,85.8918454
BIHAR,Total,Darbhanga,Moped/Scooter/Motor Cycle,21994,20852,1142,0,0,0,2516,2390,126,8468,7996,472,4556,4311,245,2639,2531,108,1244,1197,47,964,924,40,536,513,23,1071,990,81,26.1542045,85.8918454
BIHAR,Total,Darbhanga,Car/Jeep/Van,3207,2769,438,0,0,0,349,299,50,835,677,158,619,544,75,450,393,57,254,231,23,262,238,24,204,188,16,234,199,35,26.1542045,85.8918454
BIHAR,Total,Darbhanga,Tempo/Autorickshaw/Taxi,6007,4827,1180,0,0,0,505,360,145,2350,1761,589,1667,1407,260,736,643,93,244,217,27,159,140,19,88,80,8,258,219,39,26.1542045,85.8918454
BIHAR,Total,Darbhanga,Bus,12116,11072,1044,0,0,0,610,537,73,2014,1856,158,2802,2608,194,2483,2237,246,1270,1119,151,1314,1199,115,1081,1021,60,542,495,47,26.1542045,85.8918454
BIHAR,Total,Darbhanga,Train,10913,10374,539,0,0,0,508,451,57,741,709,32,725,690,35,1147,1068,79,846,791,55,1177,1103,74,3831,3711,120,1938,1851,87,26.1542045,85.8918454
BIHAR,Total,Darbhanga,Water transport,117,108,9,0,0,0,17,13,4,19,18,1,16,15,1,8,6,2,8,8,0,10,10,0,14,13,1,25,25,0,26.1542045,85.8918454
BIHAR,Total,Darbhanga,Any other,1648,1505,143,0,0,0,171,144,27,461,394,67,454,437,17,199,191,8,61,59,2,31,30,1,66,63,3,205,187,18,26.1542045,85.8918454
BIHAR,Total,Darbhanga,No travel,112742,82504,30238,112742,82504,30238,0,0,0,0,0,0,0,0,0,0,0,0,0,0,0,0,0,0,0,0,0,0,0,0,26.1542045,85.8918454
BIHAR,Rural,Darbhanga,All Modes,218393,179089,39304,90379,64666,25713,29887,24056,5831,42054,38316,3738,28794,25986,2808,10094,9682,412,6883,6549,334,2734,2587,147,4308,4184,124,3260,3063,197,26.1542045,85.8918454
BIHAR,Rural,Darbhanga,On foot,47175,36730,10445,0,0,0,22151,16722,5429,15187,12390,2797,9837,7618,2219,0,0,0,0,0,0,0,0,0,0,0,0,0,0,0,26.1542045,85.8918454
BIHAR,Rural,Darbhanga,Bicycle,43314,42522,792,0,0,0,4955,4824,131,18909,18592,317,11486,11350,136,3965,3922,43,3999,3834,165,0,0,0,0,0,0,0,0,0,26.1542045,85.8918454
BIHAR,Rural,Darbhanga,Moped/Scooter/Motor Cycle,11885,11191,694,0,0,0,1218,1142,76,3691,3445,246,2596,2435,161,1893,1818,75,864,828,36,631,603,28,320,308,12,672,612,60,26.1542045,85.8918454
BIHAR,Rural,Darbhanga,Car/Jeep/Van,1830,1646,184,0,0,0,159,135,24,373,315,58,395,362,33,326,296,30,159,151,8,169,159,10,127,121,6,122,107,15,26.1542045,85.8918454
BIHAR,Rural,Darbhanga,Tempo/Autorickshaw/Taxi,3823,3411,412,0,0,0,321,262,59,1271,1121,150,1063,960,103,576,519,57,186,171,15,133,121,12,72,71,1,201,186,15,26.1542045,85.8918454
BIHAR,Rural,Darbhanga,Bus,10273,9622,651,0,0,0,541,489,52,1783,1669,114,2533,2409,124,2182,2033,149,954,877,77,1010,948,62,783,750,33,487,447,40,26.1542045,85.8918454
BIHAR,Rural,Darbhanga,Train,8557,8230,327,0,0,0,406,362,44,554,529,25,599,579,20,1010,960,50,663,632,31,761,726,35,2952,2883,69,1612,1559,53,26.1542045,85.8918454
BIHAR,Rural,Darbhanga,Water transport,93,88,5,0,0,0,12,11,1,15,15,0,14,13,1,7,5,2,7,7,0,7,7,0,12,11,1,19,19,0,26.1542045,85.8918454
BIHAR,Rural,Darbhanga,Any other,1064,983,81,0,0,0,124,109,15,271,240,31,271,260,11,135,129,6,51,49,2,23,23,0,42,40,2,147,133,14,26.1542045,85.8918454
BIHAR,Rural,Darbhanga,No travel,90379,64666,25713,90379,64666,25713,0,0,0,0,0,0,0,0,0,0,0,0,0,0,0,0,0,0,0,0,0,0,0,0,26.1542045,85.8918454
BIHAR,Urban,Darbhanga,All Modes,81613,71303,10310,22363,17838,4525,16175,14042,2133,26549,24457,2092,8756,7944,812,2021,1788,233,2041,1869,172,1183,1057,126,1512,1405,107,1013,903,110,26.1542045,85.8918454
BIHAR,Urban,Darbhanga,On foot,22173,18830,3343,0,0,0,11606,9732,1874,7908,6847,1061,2659,2251,408,0,0,0,0,0,0,0,0,0,0,0,0,0,0,0,26.1542045,85.8918454
BIHAR,Urban,Darbhanga,Bicycle,18600,18299,301,0,0,0,2674,2626,48,11711,11533,178,2729,2699,30,488,479,9,998,962,36,0,0,0,0,0,0,0,0,0,26.1542045,85.8918454
BIHAR,Urban,Darbhanga,Moped/Scooter/Motor Cycle,10109,9661,448,0,0,0,1298,1248,50,4777,4551,226,1960,1876,84,746,713,33,380,369,11,333,321,12,216,205,11,399,378,21,26.1542045,85.8918454
BIHAR,Urban,Darbhanga,Car/Jeep/Van,1377,1123,254,0,0,0,190,164,26,462,362,100,224,182,42,124,97,27,95,80,15,93,79,14,77,67,10,112,92,20,26.1542045,85.8918454
BIHAR,Urban,Darbhanga,Tempo/Autorickshaw/Taxi,2184,1416,768,0,0,0,184,98,86,1079,640,439,604,447,157,160,124,36,58,46,12,26,19,7,16,9,7,57,33,24,26.1542045,85.8918454
BIHAR,Urban,Darbhanga,Bus,1843,1450,393,0,0,0,69,48,21,231,187,44,269,199,70,301,204,97,316,242,74,304,251,53,298,271,27,55,48,7,26.1542045,85.8918454
BIHAR,Urban,Darbhanga,Train,2356,2144,212,0,0,0,102,89,13,187,180,7,126,111,15,137,108,29,183,159,24,416,377,39,879,828,51,326,292,34,26.1542045,85.8918454
BIHAR,Urban,Darbhanga,Water transport,24,20,4,0,0,0,5,2,3,4,3,1,2,2,0,1,1,0,1,1,0,3,3,0,2,2,0,6,6,0,26.1542045,85.8918454
BIHAR,Urban,Darbhanga,Any other,584,522,62,0,0,0,47,35,12,190,154,36,183,177,6,64,62,2,10,10,0,8,7,1,24,23,1,58,54,4,26.1542045,85.8918454
BIHAR,Urban,Darbhanga,No travel,22363,17838,4525,22363,17838,4525,0,0,0,0,0,0,0,0,0,0,0,0,0,0,0,0,0,0,0,0,0,0,0,0,26.1542045,85.8918454
JHARKHAND,Total,Saraikela-Kharsawan,All Modes,160103,131920,28183,27986,19964,8022,29460,22025,7435,48436,40509,7927,27819,24532,3287,13074,12393,681,6604,6251,353,3449,3231,218,2411,2245,166,864,770,94,22.8561261,86.0121573
JHARKHAND,Total,Saraikela-Kharsawan,On foot,39862,25642,14220,0,0,0,21526,14564,6962,13674,8098,5576,4662,2980,1682,0,0,0,0,0,0,0,0,0,0,0,0,0,0,0,22.8561261,86.0121573
JHARKHAND,Total,Saraikela-Kharsawan,Bicycle,53021,50384,2637,0,0,0,4992,4735,257,23937,22611,1326,13612,12946,666,7103,6853,250,3377,3239,138,0,0,0,0,0,0,0,0,0,22.8561261,86.0121573
JHARKHAND,Total,Saraikela-Kharsawan,Moped/Scooter/Motor Cycle,20021,19129,892,0,0,0,2135,2038,97,7538,7195,343,5586,5341,245,2664,2552,112,899,868,31,598,575,23,256,245,11,345,315,30,22.8561261,86.0121573
JHARKHAND,Total,Saraikela-Kharsawan,Car/Jeep/Van,2139,1910,229,0,0,0,179,164,15,528,442,86,523,450,73,337,314,23,197,183,14,196,189,7,120,114,6,59,54,5,22.8561261,86.0121573
JHARKHAND,Total,Saraikela-Kharsawan,Tempo/Autorickshaw/Taxi,4357,3565,792,0,0,0,229,173,56,1373,1042,331,1635,1353,282,679,619,60,176,159,17,93,85,8,52,39,13,120,95,25,22.8561261,86.0121573
JHARKHAND,Total,Saraikela-Kharsawan,Bus,6333,5399,934,0,0,0,165,136,29,993,781,212,1415,1110,305,1394,1220,174,874,789,85,880,800,80,522,483,39,90,80,10,22.8561261,86.0121573
JHARKHAND,Total,Saraikela-Kharsawan,Train,5766,5359,407,0,0,0,164,148,16,297,263,34,263,239,24,778,721,57,1017,954,63,1637,1541,96,1408,1312,96,202,181,21,22.8561261,86.0121573
JHARKHAND,Total,Saraikela-Kharsawan,Water transport,48,45,3,0,0,0,13,13,0,6,6,0,14,12,2,0,0,0,2,2,0,1,1,0,7,7,0,5,4,1,22.8561261,86.0121573
JHARKHAND,Total,Saraikela-Kharsawan,Any other,570,523,47,0,0,0,57,54,3,90,71,19,109,101,8,119,114,5,62,57,5,44,40,4,46,45,1,43,41,2,22.8561261,86.0121573
JHARKHAND,Total,Saraikela-Kharsawan,No travel,27986,19964,8022,27986,19964,8022,0,0,0,0,0,0,0,0,0,0,0,0,0,0,0,0,0,0,0,0,0,0,0,0,22.8561261,86.0121573
JHARKHAND,Rural,Saraikela-Kharsawan,All Modes,85789,67814,17975,18161,12664,5497,15556,10699,4857,20696,16088,4608,12659,10663,1996,9125,8674,451,4924,4658,266,2724,2561,163,1678,1574,104,266,233,33,22.8561261,86.0121573
JHARKHAND,Rural,Saraikela-Kharsawan,On foot,22787,13478,9309,0,0,0,12169,7572,4597,7650,4152,3498,2968,1754,1214,0,0,0,0,0,0,0,0,0,0,0,0,0,0,0,22.8561261,86.0121573
JHARKHAND,Rural,Saraikela-Kharsawan,Bicycle,28456,26681,1775,0,0,0,2262,2091,171,10494,9671,823,7249,6795,454,5944,5724,220,2507,2400,107,0,0,0,0,0,0,0,0,0,22.8561261,86.0121573
JHARKHAND,Rural,Saraikela-Kharsawan,Moped/Scooter/Motor Cycle,6565,6232,333,0,0,0,783,744,39,1761,1656,105,1447,1372,75,1318,1259,59,639,616,23,391,375,16,152,146,6,74,64,10,22.8561261,86.0121573
JHARKHAND,Rural,Saraikela-Kharsawan,Car/Jeep/Van,692,642,50,0,0,0,63,59,4,59,51,8,101,87,14,166,154,12,118,113,5,105,103,2,67,64,3,13,11,2,22.8561261,86.0121573
JHARKHAND,Rural,Saraikela-Kharsawan,Tempo/Autorickshaw/Taxi,835,642,193,0,0,0,67,49,18,231,161,70,217,145,72,139,129,10,89,79,10,45,42,3,19,15,4,28,22,6,22.8561261,86.0121573
JHARKHAND,Rural,Saraikela-Kharsawan,Bus,3432,2951,481,0,0,0,81,67,14,279,209,70,453,307,146,832,734,98,669,604,65,690,636,54,389,361,28,39,33,6,22.8561261,86.0121573
JHARKHAND,Rural,Saraikela-Kharsawan,Train,4487,4190,297,0,0,0,96,84,12,174,154,20,164,153,11,629,582,47,844,793,51,1459,1375,84,1022,959,63,99,90,9,22.8561261,86.0121573
JHARKHAND,Rural,Saraikela-Kharsawan,Water transport,22,20,2,0,0,0,7,7,0,2,2,0,5,3,2,0,0,0,2,2,0,1,1,0,5,5,0,0,0,0,22.8561261,86.0121573
JHARKHAND,Rural,Saraikela-Kharsawan,Any other,352,314,38,0,0,0,28,26,2,46,32,14,55,47,8,97,92,5,56,51,5,33,29,4,24,24,0,13,13,0,22.8561261,86.0121573
JHARKHAND,Rural,Saraikela-Kharsawan,No travel,18161,12664,5497,18161,12664,5497,0,0,0,0,0,0,0,0,0,0,0,0,0,0,0,0,0,0,0,0,0,0,0,0,22.8561261,86.0121573
JHARKHAND,Urban,Saraikela-Kharsawan,All Modes,74314,64106,10208,9825,7300,2525,13904,11326,2578,27740,24421,3319,15160,13869,1291,3949,3719,230,1680,1593,87,725,670,55,733,671,62,598,537,61,22.8561261,86.0121573
JHARKHAND,Urban,Saraikela-Kharsawan,On foot,17075,12164,4911,0,0,0,9357,6992,2365,6024,3946,2078,1694,1226,468,0,0,0,0,0,0,0,0,0,0,0,0,0,0,0,22.8561261,86.0121573
JHARKHAND,Urban,Saraikela-Kharsawan,Bicycle,24565,23703,862,0,0,0,2730,2644,86,13443,12940,503,6363,6151,212,1159,1129,30,870,839,31,0,0,0,0,0,0,0,0,0,22.8561261,86.0121573
JHARKHAND,Urban,Saraikela-Kharsawan,Moped/Scooter/Motor Cycle,13456,12897,559,0,0,0,1352,1294,58,5777,5539,238,4139,3969,170,1346,1293,53,260,252,8,207,200,7,104,99,5,271,251,20,22.8561261,86.0121573
JHARKHAND,Urban,Saraikela-Kharsawan,Car/Jeep/Van,1447,1268,179,0,0,0,116,105,11,469,391,78,422,363,59,171,160,11,79,70,9,91,86,5,53,50,3,46,43,3,22.8561261,86.0121573
JHARKHAND,Urban,Saraikela-Kharsawan,Tempo/Autorickshaw/Taxi,3522,2923,599,0,0,0,162,124,38,1142,881,261,1418,1208,210,540,490,50,87,80,7,48,43,5,33,24,9,92,73,19,22.8561261,86.0121573
JHARKHAND,Urban,Saraikela-Kharsawan,Bus,2901,2448,453,0,0,0,84,69,15,714,572,142,962,803,159,562,486,76,205,185,20,190,164,26,133,122,11,51,47,4,22.8561261,86.0121573
JHARKHAND,Urban,Saraikela-Kharsawan,Train,1279,1169,110,0,0,0,68,64,4,123,109,14,99,86,13,149,139,10,173,161,12,178,166,12,386,353,33,103,91,12,22.8561261,86.0121573
JHARKHAND,Urban,Saraikela-Kharsawan,Water transport,26,25,1,0,0,0,6,6,0,4,4,0,9,9,0,0,0,0,0,0,0,0,0,0,2,2,0,5,4,1,22.8561261,86.0121573
JHARKHAND,Urban,Saraikela-Kharsawan,Any other,218,209,9,0,0,0,29,28,1,44,39,5,54,54,0,22,22,0,6,6,0,11,11,0,22,21,1,30,28,2,22.8561261,86.0121573
JHARKHAND,Urban,Saraikela-Kharsawan,No travel,9825,7300,2525,9825,7300,2525,0,0,0,0,0,0,0,0,0,0,0,0,0,0,0,0,0,0,0,0,0,0,0,0,22.8561261,86.0121573
BIHAR,Total,Madhubani,All Modes,244482,189533,54949,111079,72660,38419,36000,28689,7311,44717,39975,4742,24478,21420,3058,9245,8708,537,6592,6276,316,2752,2586,166,5572,5416,156,4047,3803,244,26.3468544,86.0715474
BIHAR,Total,Madhubani,On foot,48183,36121,12062,0,0,0,25591,19009,6582,14032,10784,3248,8560,6328,2232,0,0,0,0,0,0,0,0,0,0,0,0,0,0,0,26.3468544,86.0715474
BIHAR,Total,Madhubani,Bicycle,41054,39918,1136,0,0,0,6284,6032,252,20021,19540,481,7951,7778,173,3080,3011,69,3718,3557,161,0,0,0,0,0,0,0,0,0,26.3468544,86.0715474
BIHAR,Total,Madhubani,Moped/Scooter/Motor Cycle,18618,17141,1477,0,0,0,2393,2175,218,6315,5761,554,3607,3319,288,2697,2511,186,1180,1125,55,1017,963,54,467,451,16,942,836,106,26.3468544,86.0715474
BIHAR,Total,Madhubani,Car/Jeep/Van,1876,1660,216,0,0,0,214,175,39,454,391,63,349,304,45,275,249,26,170,158,12,142,133,9,149,138,11,123,112,11,26.3468544,86.0715474
BIHAR,Total,Madhubani,Tempo/Autorickshaw/Taxi,3364,2960,404,0,0,0,250,204,46,1299,1102,197,816,739,77,413,377,36,110,109,1,81,75,6,69,66,3,326,288,38,26.3468544,86.0715474
BIHAR,Total,Madhubani,Bus,9729,9006,723,0,0,0,501,427,74,1713,1583,130,2328,2152,176,2030,1871,159,886,833,53,854,795,59,975,930,45,442,415,27,26.3468544,86.0715474
BIHAR,Total,Madhubani,Train,9286,8916,370,0,0,0,545,492,53,545,509,36,575,534,41,635,585,50,493,461,32,617,582,35,3819,3743,76,2057,2010,47,26.3468544,86.0715474
BIHAR,Total,Madhubani,Water transport,139,113,26,0,0,0,23,18,5,12,12,0,33,22,11,10,7,3,6,6,0,8,7,1,24,21,3,23,20,3,26.3468544,86.0715474
BIHAR,Total,Madhubani,Any other,1154,1038,116,0,0,0,199,157,42,326,293,33,259,244,15,105,97,8,29,27,2,33,31,2,69,67,2,134,122,12,26.3468544,86.0715474
BIHAR,Total,Madhubani,No travel,111079,72660,38419,111079,72660,38419,0,0,0,0,0,0,0,0,0,0,0,0,0,0,0,0,0,0,0,0,0,0,0,0,26.3468544,86.0715474
BIHAR,Rural,Madhubani,All Modes,214239,163823,50416,100002,64251,35751,27638,21178,6460,38496,34309,4187,22205,19401,2804,8595,8131,464,5944,5678,266,2405,2274,131,5267,5127,140,3687,3474,213,26.3468544,86.0715474
BIHAR,Rural,Madhubani,On foot,38662,27740,10922,0,0,0,19341,13475,5866,11830,8863,2967,7491,5402,2089,0,0,0,0,0,0,0,0,0,0,0,0,0,0,0,26.3468544,86.0715474
BIHAR,Rural,Madhubani,Bicycle,36506,35493,1013,0,0,0,5107,4892,215,17629,17207,422,7486,7324,162,2940,2871,69,3344,3199,145,0,0,0,0,0,0,0,0,0,26.3468544,86.0715474
BIHAR,Rural,Madhubani,Moped/Scooter/Motor Cycle,15609,14328,1281,0,0,0,1694,1515,179,5080,4614,466,3185,2929,256,2451,2282,169,1082,1030,52,904,854,50,432,419,13,781,685,96,26.3468544,86.0715474
BIHAR,Rural,Madhubani,Car/Jeep/Van,1534,1366,168,0,0,0,140,110,30,358,314,44,311,272,39,233,211,22,134,128,6,117,109,8,132,122,10,109,100,9,26.3468544,86.0715474
BIHAR,Rural,Madhubani,Tempo/Autorickshaw/Taxi,3053,2781,272,0,0,0,204,181,23,1155,1032,123,751,691,60,387,360,27,107,107,0,74,70,4,68,65,3,307,275,32,26.3468544,86.0715474
BIHAR,Rural,Madhubani,Bus,9209,8615,594,0,0,0,468,403,65,1640,1528,112,2210,2070,140,1939,1813,126,827,785,42,770,724,46,935,893,42,420,399,21,26.3468544,86.0715474
BIHAR,Rural,Madhubani,Train,8559,8253,306,0,0,0,501,450,51,510,480,30,528,494,34,550,510,40,421,402,19,502,482,20,3612,3544,68,1935,1891,44,26.3468544,86.0715474
BIHAR,Rural,Madhubani,Water transport,126,103,23,0,0,0,20,16,4,12,12,0,32,21,11,10,7,3,3,3,0,7,6,1,22,20,2,20,18,2,26.3468544,86.0715474
BIHAR,Rural,Madhubani,Any other,979,893,86,0,0,0,163,136,27,282,259,23,211,198,13,85,77,8,26,24,2,31,29,2,66,64,2,115,106,9,26.3468544,86.0715474
BIHAR,Rural,Madhubani,No travel,100002,64251,35751,100002,64251,35751,0,0,0,0,0,0,0,0,0,0,0,0,0,0,0,0,0,0,0,0,0,0,0,0,26.3468544,86.0715474
BIHAR,Urban,Madhubani,All Modes,30243,25710,4533,11077,8409,2668,8362,7511,851,6221,5666,555,2273,2019,254,650,577,73,648,598,50,347,312,35,305,289,16,360,329,31,26.3468544,86.0715474
BIHAR,Urban,Madhubani,On foot,9521,8381,1140,0,0,0,6250,5534,716,2202,1921,281,1069,926,143,0,0,0,0,0,0,0,0,0,0,0,0,0,0,0,26.3468544,86.0715474
BIHAR,Urban,Madhubani,Bicycle,4548,4425,123,0,0,0,1177,1140,37,2392,2333,59,465,454,11,140,140,0,374,358,16,0,0,0,0,0,0,0,0,0,26.3468544,86.0715474
BIHAR,Urban,Madhubani,Moped/Scooter/Motor Cycle,3009,2813,196,0,0,0,699,660,39,1235,1147,88,422,390,32,246,229,17,98,95,3,113,109,4,35,32,3,161,151,10,26.3468544,86.0715474
BIHAR,Urban,Madhubani,Car/Jeep/Van,342,294,48,0,0,0,74,65,9,96,77,19,38,32,6,42,38,4,36,30,6,25,24,1,17,16,1,14,12,2,26.3468544,86.0715474
BIHAR,Urban,Madhubani,Tempo/Autorickshaw/Taxi,311,179,132,0,0,0,46,23,23,144,70,74,65,48,17,26,17,9,3,2,1,7,5,2,1,1,0,19,13,6,26.3468544,86.0715474
BIHAR,Urban,Madhubani,Bus,520,391,129,0,0,0,33,24,9,73,55,18,118,82,36,91,58,33,59,48,11,84,71,13,40,37,3,22,16,6,26.3468544,86.0715474
BIHAR,Urban,Madhubani,Train,727,663,64,0,0,0,44,42,2,35,29,6,47,40,7,85,75,10,72,59,13,115,100,15,207,199,8,122,119,3,26.3468544,86.0715474
BIHAR,Urban,Madhubani,Water transport,13,10,3,0,0,0,3,2,1,0,0,0,1,1,0,0,0,0,3,3,0,1,1,0,2,1,1,3,2,1,26.3468544,86.0715474
BIHAR,Urban,Madhubani,Any other,175,145,30,0,0,0,36,21,15,44,34,10,48,46,2,20,20,0,3,3,0,2,2,0,3,3,0,19,16,3,26.3468544,86.0715474
BIHAR,Urban,Madhubani,No travel,11077,8409,2668,11077,8409,2668,0,0,0,0,0,0,0,0,0,0,0,0,0,0,0,0,0,0,0,0,0,0,0,0,26.3468544,86.0715474
BIHAR,Total,Lakhisarai,All Modes,74528,60395,14133,32860,23766,9094,12518,10455,2063,14730,13261,1469,6825,5954,871,1942,1745,197,1512,1380,132,1054,945,109,2268,2148,120,819,741,78,25.1571454,86.0951592
BIHAR,Total,Lakhisarai,On foot,22349,18791,3558,0,0,0,10843,8900,1943,8252,7198,1054,3254,2693,561,0,0,0,0,0,0,0,0,0,0,0,0,0,0,0,25.1571454,86.0951592
BIHAR,Total,Lakhisarai,Bicycle,7329,7201,128,0,0,0,846,825,21,3977,3906,71,1663,1650,13,372,368,4,471,452,19,0,0,0,0,0,0,0,0,0,25.1571454,86.0951592
BIHAR,Total,Lakhisarai,Moped/Scooter/Motor Cycle,2682,2491,191,0,0,0,333,311,22,1073,1000,73,524,483,41,349,324,25,134,126,8,114,107,7,55,49,6,100,91,9,25.1571454,86.0951592
BIHAR,Total,Lakhisarai,Car/Jeep/Van,1187,976,211,0,0,0,124,106,18,282,222,60,274,209,65,258,220,38,72,63,9,67,56,11,64,61,3,46,39,7,25.1571454,86.0951592
BIHAR,Total,Lakhisarai,Tempo/Autorickshaw/Taxi,892,674,218,0,0,0,74,56,18,383,280,103,240,183,57,99,75,24,16,16,0,21,15,6,9,8,1,50,41,9,25.1571454,86.0951592
BIHAR,Total,Lakhisarai,Bus,1255,989,266,0,0,0,57,41,16,255,192,63,312,245,67,273,223,50,128,96,32,114,96,18,84,72,12,32,24,8,25.1571454,86.0951592
BIHAR,Total,Lakhisarai,Train,5435,4993,442,0,0,0,198,176,22,349,309,40,477,417,60,552,498,54,681,617,64,716,650,66,1999,1903,96,463,423,40,25.1571454,86.0951592
BIHAR,Total,Lakhisarai,Water transport,32,29,3,0,0,0,6,6,0,2,2,0,4,3,1,3,2,1,1,1,0,2,2,0,7,7,0,7,6,1,25.1571454,86.0951592
BIHAR,Total,Lakhisarai,Any other,507,485,22,0,0,0,37,34,3,157,152,5,77,71,6,36,35,1,9,9,0,20,19,1,50,48,2,121,117,4,25.1571454,86.0951592
BIHAR,Total,Lakhisarai,No travel,32860,23766,9094,32860,23766,9094,0,0,0,0,0,0,0,0,0,0,0,0,0,0,0,0,0,0,0,0,0,0,0,0,25.1571454,86.0951592
BIHAR,Rural,Lakhisarai,All Modes,49918,38851,11067,23767,16344,7423,6790,5364,1426,8591,7554,1037,4956,4276,680,1538,1378,160,1203,1093,110,798,711,87,1647,1565,82,628,566,62,25.1571454,86.0951592
BIHAR,Rural,Lakhisarai,On foot,12493,9925,2568,0,0,0,5913,4551,1362,4413,3661,752,2167,1713,454,0,0,0,0,0,0,0,0,0,0,0,0,0,0,0,25.1571454,86.0951592
BIHAR,Rural,Lakhisarai,Bicycle,5072,4978,94,0,0,0,455,440,15,2676,2625,51,1315,1305,10,296,293,3,330,315,15,0,0,0,0,0,0,0,0,0,25.1571454,86.0951592
BIHAR,Rural,Lakhisarai,Moped/Scooter/Motor Cycle,1717,1579,138,0,0,0,150,142,8,605,552,53,384,354,30,282,258,24,107,100,7,85,79,6,41,36,5,63,58,5,25.1571454,86.0951592
BIHAR,Rural,Lakhisarai,Car/Jeep/Van,815,661,154,0,0,0,46,37,9,184,140,44,211,165,46,212,178,34,48,42,6,48,39,9,27,27,0,39,33,6,25.1571454,86.0951592
BIHAR,Rural,Lakhisarai,Tempo/Autorickshaw/Taxi,528,384,144,0,0,0,32,24,8,195,131,64,175,136,39,80,60,20,13,13,0,10,7,3,4,3,1,19,10,9,25.1571454,86.0951592
BIHAR,Rural,Lakhisarai,Bus,1018,807,211,0,0,0,42,31,11,211,161,50,256,204,52,213,176,37,111,82,29,94,79,15,62,52,10,29,22,7,25.1571454,86.0951592
BIHAR,Rural,Lakhisarai,Train,4188,3866,322,0,0,0,130,119,11,234,212,22,395,349,46,438,398,40,587,534,53,549,495,54,1497,1431,66,358,328,30,25.1571454,86.0951592
BIHAR,Rural,Lakhisarai,Water transport,28,25,3,0,0,0,5,5,0,2,2,0,4,3,1,2,1,1,1,1,0,2,2,0,6,6,0,6,5,1,25.1571454,86.0951592
BIHAR,Rural,Lakhisarai,Any other,292,282,10,0,0,0,17,15,2,71,70,1,49,47,2,15,14,1,6,6,0,10,10,0,10,10,0,114,110,4,25.1571454,86.0951592
BIHAR,Rural,Lakhisarai,No travel,23767,16344,7423,23767,16344,7423,0,0,0,0,0,0,0,0,0,0,0,0,0,0,0,0,0,0,0,0,0,0,0,0,25.1571454,86.0951592
BIHAR,Urban,Lakhisarai,All Modes,24610,21544,3066,9093,7422,1671,5728,5091,637,6139,5707,432,1869,1678,191,404,367,37,309,287,22,256,234,22,621,583,38,191,175,16,25.1571454,86.0951592
BIHAR,Urban,Lakhisarai,On foot,9856,8866,990,0,0,0,4930,4349,581,3839,3537,302,1087,980,107,0,0,0,0,0,0,0,0,0,0,0,0,0,0,0,25.1571454,86.0951592
BIHAR,Urban,Lakhisarai,Bicycle,2257,2223,34,0,0,0,391,385,6,1301,1281,20,348,345,3,76,75,1,141,137,4,0,0,0,0,0,0,0,0,0,25.1571454,86.0951592
BIHAR,Urban,Lakhisarai,Moped/Scooter/Motor Cycle,965,912,53,0,0,0,183,169,14,468,448,20,140,129,11,67,66,1,27,26,1,29,28,1,14,13,1,37,33,4,25.1571454,86.0951592
BIHAR,Urban,Lakhisarai,Car/Jeep/Van,372,315,57,0,0,0,78,69,9,98,82,16,63,44,19,46,42,4,24,21,3,19,17,2,37,34,3,7,6,1,25.1571454,86.0951592
BIHAR,Urban,Lakhisarai,Tempo/Autorickshaw/Taxi,364,290,74,0,0,0,42,32,10,188,149,39,65,47,18,19,15,4,3,3,0,11,8,3,5,5,0,31,31,0,25.1571454,86.0951592
BIHAR,Urban,Lakhisarai,Bus,237,182,55,0,0,0,15,10,5,44,31,13,56,41,15,60,47,13,17,14,3,20,17,3,22,20,2,3,2,1,25.1571454,86.0951592
BIHAR,Urban,Lakhisarai,Train,1247,1127,120,0,0,0,68,57,11,115,97,18,82,68,14,114,100,14,94,83,11,167,155,12,502,472,30,105,95,10,25.1571454,86.0951592
BIHAR,Urban,Lakhisarai,Water transport,4,4,0,0,0,0,1,1,0,0,0,0,0,0,0,1,1,0,0,0,0,0,0,0,1,1,0,1,1,0,25.1571454,86.0951592
BIHAR,Urban,Lakhisarai,Any other,215,203,12,0,0,0,20,19,1,86,82,4,28,24,4,21,21,0,3,3,0,10,9,1,40,38,2,7,7,0,25.1571454,86.0951592
BIHAR,Urban,Lakhisarai,No travel,9093,7422,1671,9093,7422,1671,0,0,0,0,0,0,0,0,0,0,0,0,0,0,0,0,0,0,0,0,0,0,0,0,25.1571454,86.0951592
BIHAR,Total,Begusarai,All Modes,303110,243653,59457,116527,79337,37190,47240,37474,9766,63941,57913,6028,35973,31769,4204,10485,9824,661,10527,9999,528,2973,2751,222,7877,7522,355,7567,7064,503,25.4181638,86.1271542
BIHAR,Total,Begusarai,On foot,73151,56545,16606,0,0,0,36188,27095,9093,22820,18519,4301,14143,10931,3212,0,0,0,0,0,0,0,0,0,0,0,0,0,0,0,25.4181638,86.1271542
BIHAR,Total,Begusarai,Bicycle,67804,66215,1589,0,0,0,7990,7712,278,32381,31670,711,14920,14660,260,4627,4554,73,7886,7619,267,0,0,0,0,0,0,0,0,0,25.4181638,86.1271542
BIHAR,Total,Begusarai,Moped/Scooter/Motor Cycle,13497,12481,1016,0,0,0,1569,1435,134,4706,4327,379,2617,2417,200,1838,1723,115,677,640,37,637,604,33,231,221,10,1222,1114,108,25.4181638,86.1271542
BIHAR,Total,Begusarai,Car/Jeep/Van,2750,2399,351,0,0,0,240,202,38,559,451,108,646,574,72,455,396,59,212,193,19,214,202,12,162,152,10,262,229,33,25.4181638,86.1271542
BIHAR,Total,Begusarai,Tempo/Autorickshaw/Taxi,2562,1992,570,0,0,0,139,92,47,798,561,237,650,519,131,446,380,66,117,101,16,89,74,15,36,30,6,287,235,52,25.4181638,86.1271542
BIHAR,Total,Begusarai,Bus,7770,6598,1172,0,0,0,270,199,71,974,780,194,1552,1285,267,1770,1497,273,1019,885,134,841,751,90,604,557,47,740,644,96,25.4181638,86.1271542
BIHAR,Total,Begusarai,Train,15981,15212,769,0,0,0,611,545,66,804,773,31,606,570,36,848,789,59,554,504,50,1120,1050,70,6736,6459,277,4702,4522,180,25.4181638,86.1271542
BIHAR,Total,Begusarai,Water transport,181,164,17,0,0,0,27,24,3,21,20,1,29,28,1,17,16,1,3,3,0,10,9,1,28,27,1,46,37,9,25.4181638,86.1271542
BIHAR,Total,Begusarai,Any other,2887,2710,177,0,0,0,206,170,36,878,812,66,810,785,25,484,469,15,59,54,5,62,61,1,80,76,4,308,283,25,25.4181638,86.1271542
BIHAR,Total,Begusarai,No travel,116527,79337,37190,116527,79337,37190,0,0,0,0,0,0,0,0,0,0,0,0,0,0,0,0,0,0,0,0,0,0,0,0,25.4181638,86.1271542
BIHAR,Rural,Begusarai,All Modes,196436,153547,42889,82347,54334,28013,25843,19300,6543,35855,31950,3905,24111,21108,3003,7458,7046,412,7350,7028,322,2044,1914,130,6127,5886,241,5301,4981,320,25.4181638,86.1271542
BIHAR,Rural,Begusarai,On foot,42738,31237,11501,0,0,0,19974,13843,6131,13385,10405,2980,9379,6989,2390,0,0,0,0,0,0,0,0,0,0,0,0,0,0,0,25.4181638,86.1271542
BIHAR,Rural,Begusarai,Bicycle,42623,41601,1022,0,0,0,4309,4140,169,18442,17998,444,10835,10652,183,3605,3546,59,5432,5265,167,0,0,0,0,0,0,0,0,0,25.4181638,86.1271542
BIHAR,Rural,Begusarai,Moped/Scooter/Motor Cycle,6475,5920,555,0,0,0,595,521,74,1774,1589,185,1325,1212,113,1110,1034,76,443,425,18,408,387,21,136,129,7,684,623,61,25.4181638,86.1271542
BIHAR,Rural,Begusarai,Car/Jeep/Van,1322,1172,150,0,0,0,92,82,10,248,204,44,255,226,29,250,222,28,125,118,7,121,116,5,91,83,8,140,121,19,25.4181638,86.1271542
BIHAR,Rural,Begusarai,Tempo/Autorickshaw/Taxi,1647,1354,293,0,0,0,90,63,27,436,343,93,429,351,78,305,266,39,85,73,12,58,51,7,28,23,5,216,184,32,25.4181638,86.1271542
BIHAR,Rural,Begusarai,Bus,5647,4882,765,0,0,0,203,144,59,613,496,117,901,727,174,1372,1197,175,851,764,87,655,599,56,501,466,35,551,489,62,25.4181638,86.1271542
BIHAR,Rural,Begusarai,Train,11741,11255,486,0,0,0,440,389,51,484,467,17,406,383,23,523,496,27,378,349,29,764,724,40,5294,5113,181,3452,3334,118,25.4181638,86.1271542
BIHAR,Rural,Begusarai,Water transport,136,124,12,0,0,0,24,21,3,10,10,0,20,20,0,14,14,0,2,2,0,8,7,1,22,21,1,36,29,7,25.4181638,86.1271542
BIHAR,Rural,Begusarai,Any other,1760,1668,92,0,0,0,116,97,19,463,438,25,561,548,13,279,271,8,34,32,2,30,30,0,55,51,4,222,201,21,25.4181638,86.1271542
BIHAR,Rural,Begusarai,No travel,82347,54334,28013,82347,54334,28013,0,0,0,0,0,0,0,0,0,0,0,0,0,0,0,0,0,0,0,0,0,0,0,0,25.4181638,86.1271542
BIHAR,Urban,Begusarai,All Modes,106674,90106,16568,34180,25003,9177,21397,18174,3223,28086,25963,2123,11862,10661,1201,3027,2778,249,3177,2971,206,929,837,92,1750,1636,114,2266,2083,183,25.4181638,86.1271542
BIHAR,Urban,Begusarai,On foot,30413,25308,5105,0,0,0,16214,13252,2962,9435,8114,1321,4764,3942,822,0,0,0,0,0,0,0,0,0,0,0,0,0,0,0,25.4181638,86.1271542
BIHAR,Urban,Begusarai,Bicycle,25181,24614,567,0,0,0,3681,3572,109,13939,13672,267,4085,4008,77,1022,1008,14,2454,2354,100,0,0,0,0,0,0,0,0,0,25.4181638,86.1271542
BIHAR,Urban,Begusarai,Moped/Scooter/Motor Cycle,7022,6561,461,0,0,0,974,914,60,2932,2738,194,1292,1205,87,728,689,39,234,215,19,229,217,12,95,92,3,538,491,47,25.4181638,86.1271542
BIHAR,Urban,Begusarai,Car/Jeep/Van,1428,1227,201,0,0,0,148,120,28,311,247,64,391,348,43,205,174,31,87,75,12,93,86,7,71,69,2,122,108,14,25.4181638,86.1271542
BIHAR,Urban,Begusarai,Tempo/Autorickshaw/Taxi,915,638,277,0,0,0,49,29,20,362,218,144,221,168,53,141,114,27,32,28,4,31,23,8,8,7,1,71,51,20,25.4181638,86.1271542
BIHAR,Urban,Begusarai,Bus,2123,1716,407,0,0,0,67,55,12,361,284,77,651,558,93,398,300,98,168,121,47,186,152,34,103,91,12,189,155,34,25.4181638,86.1271542
BIHAR,Urban,Begusarai,Train,4240,3957,283,0,0,0,171,156,15,320,306,14,200,187,13,325,293,32,176,155,21,356,326,30,1442,1346,96,1250,1188,62,25.4181638,86.1271542
BIHAR,Urban,Begusarai,Water transport,45,40,5,0,0,0,3,3,0,11,10,1,9,8,1,3,2,1,1,1,0,2,2,0,6,6,0,10,8,2,25.4181638,86.1271542
BIHAR,Urban,Begusarai,Any other,1127,1042,85,0,0,0,90,73,17,415,374,41,249,237,12,205,198,7,25,22,3,32,31,1,25,25,0,86,82,4,25.4181638,86.1271542
BIHAR,Urban,Begusarai,No travel,34180,25003,9177,34180,25003,9177,0,0,0,0,0,0,0,0,0,0,0,0,0,0,0,0,0,0,0,0,0,0,0,0,25.4181638,86.1271542
JHARKHAND,Total,Bokaro,All Modes,399770,343973,55797,67301,50210,17091,59714,47842,11872,121363,105650,15713,78847,71583,7264,33265,31739,1526,19707,18817,890,5611,5233,378,3139,2950,189,10823,9949,874,23.6692956,86.151112
JHARKHAND,Total,Bokaro,On foot,113501,86899,26602,0,0,0,45159,34321,10838,46597,35429,11168,21745,17149,4596,0,0,0,0,0,0,0,0,0,0,0,0,0,0,0,23.6692956,86.151112
JHARKHAND,Total,Bokaro,Bicycle,113759,109990,3769,0,0,0,6856,6574,282,43676,42039,1637,31948,31038,910,16785,16408,377,14494,13931,563,0,0,0,0,0,0,0,0,0,23.6692956,86.151112
JHARKHAND,Total,Bokaro,Moped/Scooter/Motor Cycle,69247,66108,3139,0,0,0,5993,5602,391,23298,22013,1285,17999,17401,598,10134,9804,330,2467,2374,93,2410,2308,102,495,480,15,6451,6126,325,23.6692956,86.151112
JHARKHAND,Total,Bokaro,Car/Jeep/Van,7624,6652,972,0,0,0,592,477,115,2358,1990,368,1935,1726,209,1069,944,125,379,348,31,367,339,28,213,195,18,711,633,78,23.6692956,86.151112
JHARKHAND,Total,Bokaro,Tempo/Autorickshaw/Taxi,9570,7448,2122,0,0,0,452,327,125,2834,2002,832,2477,1956,521,1947,1611,336,478,441,37,375,326,49,108,101,7,899,684,215,23.6692956,86.151112
JHARKHAND,Total,Bokaro,Bus,9903,8511,1392,0,0,0,186,139,47,1315,1010,305,1641,1300,341,2259,1977,282,1284,1161,123,1416,1298,118,872,813,59,930,813,117,23.6692956,86.151112
JHARKHAND,Total,Bokaro,Train,6853,6286,567,0,0,0,322,268,54,742,672,70,673,603,70,758,696,62,503,467,36,942,871,71,1370,1283,87,1543,1426,117,23.6692956,86.151112
JHARKHAND,Total,Bokaro,Water transport,120,101,19,0,0,0,10,7,3,10,9,1,28,23,5,18,17,1,6,4,2,8,8,0,8,6,2,32,27,5,23.6692956,86.151112
JHARKHAND,Total,Bokaro,Any other,1892,1768,124,0,0,0,144,127,17,533,486,47,401,387,14,295,282,13,96,91,5,93,83,10,73,72,1,257,240,17,23.6692956,86.151112
JHARKHAND,Total,Bokaro,No travel,67301,50210,17091,67301,50210,17091,0,0,0,0,0,0,0,0,0,0,0,0,0,0,0,0,0,0,0,0,0,0,0,0,23.6692956,86.151112
JHARKHAND,Rural,Bokaro,All Modes,153746,130126,23620,27189,19806,7383,19290,14238,5052,41103,34322,6781,31611,28560,3051,19397,18725,672,9179,8853,326,2360,2234,126,1415,1351,64,2202,2037,165,23.6692956,86.151112
JHARKHAND,Rural,Bokaro,On foot,46346,33331,13015,0,0,0,16317,11451,4866,20997,15062,5935,9032,6818,2214,0,0,0,0,0,0,0,0,0,0,0,0,0,0,0,23.6692956,86.151112
JHARKHAND,Rural,Bokaro,Bicycle,54659,53272,1387,0,0,0,1985,1914,71,16030,15518,512,17857,17454,403,12788,12554,234,5999,5832,167,0,0,0,0,0,0,0,0,0,23.6692956,86.151112
JHARKHAND,Rural,Bokaro,Moped/Scooter/Motor Cycle,13093,12510,583,0,0,0,648,610,38,2654,2502,152,2824,2690,134,3643,3531,112,1485,1433,52,833,799,34,155,151,4,851,794,57,23.6692956,86.151112
JHARKHAND,Rural,Bokaro,Car/Jeep/Van,1146,1024,122,0,0,0,55,38,17,247,215,32,198,174,24,264,239,25,140,131,9,85,82,3,59,56,3,98,89,9,23.6692956,86.151112
JHARKHAND,Rural,Bokaro,Tempo/Autorickshaw/Taxi,2909,2491,418,0,0,0,68,52,16,432,360,72,654,519,135,1079,939,140,319,302,17,146,136,10,41,38,3,170,145,25,23.6692956,86.151112
JHARKHAND,Rural,Bokaro,Bus,4944,4511,433,0,0,0,58,49,9,391,360,31,675,570,105,1133,1008,125,932,871,61,848,804,44,473,447,26,434,402,32,23.6692956,86.151112
JHARKHAND,Rural,Bokaro,Train,2726,2510,216,0,0,0,113,88,25,233,201,32,212,189,23,294,267,27,246,229,17,414,383,31,654,626,28,560,527,33,23.6692956,86.151112
JHARKHAND,Rural,Bokaro,Water transport,57,45,12,0,0,0,4,2,2,5,4,1,15,10,5,11,10,1,4,3,1,2,2,0,2,2,0,14,12,2,23.6692956,86.151112
JHARKHAND,Rural,Bokaro,Any other,677,626,51,0,0,0,42,34,8,114,100,14,144,136,8,185,177,8,54,52,2,32,28,4,31,31,0,75,68,7,23.6692956,86.151112
JHARKHAND,Rural,Bokaro,No travel,27189,19806,7383,27189,19806,7383,0,0,0,0,0,0,0,0,0,0,0,0,0,0,0,0,0,0,0,0,0,0,0,0,23.6692956,86.151112
JHARKHAND,Urban,Bokaro,All Modes,246024,213847,32177,40112,30404,9708,40424,33604,6820,80260,71328,8932,47236,43023,4213,13868,13014,854,10528,9964,564,3251,2999,252,1724,1599,125,8621,7912,709,23.6692956,86.151112
JHARKHAND,Urban,Bokaro,On foot,67155,53568,13587,0,0,0,28842,22870,5972,25600,20367,5233,12713,10331,2382,0,0,0,0,0,0,0,0,0,0,0,0,0,0,0,23.6692956,86.151112
JHARKHAND,Urban,Bokaro,Bicycle,59100,56718,2382,0,0,0,4871,4660,211,27646,26521,1125,14091,13584,507,3997,3854,143,8495,8099,396,0,0,0,0,0,0,0,0,0,23.6692956,86.151112
JHARKHAND,Urban,Bokaro,Moped/Scooter/Motor Cycle,56154,53598,2556,0,0,0,5345,4992,353,20644,19511,1133,15175,14711,464,6491,6273,218,982,941,41,1577,1509,68,340,329,11,5600,5332,268,23.6692956,86.151112
JHARKHAND,Urban,Bokaro,Car/Jeep/Van,6478,5628,850,0,0,0,537,439,98,2111,1775,336,1737,1552,185,805,705,100,239,217,22,282,257,25,154,139,15,613,544,69,23.6692956,86.151112
JHARKHAND,Urban,Bokaro,Tempo/Autorickshaw/Taxi,6661,4957,1704,0,0,0,384,275,109,2402,1642,760,1823,1437,386,868,672,196,159,139,20,229,190,39,67,63,4,729,539,190,23.6692956,86.151112
JHARKHAND,Urban,Bokaro,Bus,4959,4000,959,0,0,0,128,90,38,924,650,274,966,730,236,1126,969,157,352,290,62,568,494,74,399,366,33,496,411,85,23.6692956,86.151112
JHARKHAND,Urban,Bokaro,Train,4127,3776,351,0,0,0,209,180,29,509,471,38,461,414,47,464,429,35,257,238,19,528,488,40,716,657,59,983,899,84,23.6692956,86.151112
JHARKHAND,Urban,Bokaro,Water transport,63,56,7,0,0,0,6,5,1,5,5,0,13,13,0,7,7,0,2,1,1,6,6,0,6,4,2,18,15,3,23.6692956,86.151112
JHARKHAND,Urban,Bokaro,Any other,1215,1142,73,0,0,0,102,93,9,419,386,33,257,251,6,110,105,5,42,39,3,61,55,6,42,41,1,182,172,10,23.6692956,86.151112
JHARKHAND,Urban,Bokaro,No travel,40112,30404,9708,40112,30404,9708,0,0,0,0,0,0,0,0,0,0,0,0,0,0,0,0,0,0,0,0,0,0,0,0,23.6692956,86.151112
ODISHA,Total,Jagatsinghapur,All Modes,165649,132496,33153,48972,31584,17388,22591,16531,6060,36690,31925,4765,21388,18755,2633,11444,10609,835,7867,7412,455,5764,5423,341,7948,7520,428,2985,2737,248,20.2548998,86.1706221
ODISHA,Total,Jagatsinghapur,On foot,26192,16187,10005,0,0,0,14445,8903,5542,7671,4701,2970,4076,2583,1493,0,0,0,0,0,0,0,0,0,0,0,0,0,0,0,20.2548998,86.1706221
ODISHA,Total,Jagatsinghapur,Bicycle,42715,41012,1703,0,0,0,5198,4952,246,19513,18690,823,10086,9757,329,4131,4005,126,3787,3608,179,0,0,0,0,0,0,0,0,0,20.2548998,86.1706221
ODISHA,Total,Jagatsinghapur,Moped/Scooter/Motor Cycle,22993,21499,1494,0,0,0,2233,2075,158,7429,6823,606,4995,4692,303,3520,3336,184,1489,1415,74,1318,1268,50,894,855,39,1115,1035,80,20.2548998,86.1706221
ODISHA,Total,Jagatsinghapur,Car/Jeep/Van,1637,1502,135,0,0,0,136,123,13,369,335,34,245,223,22,239,222,17,129,117,12,188,176,12,222,205,17,109,101,8,20.2548998,86.1706221
ODISHA,Total,Jagatsinghapur,Tempo/Autorickshaw/Taxi,2837,2379,458,0,0,0,83,67,16,458,377,81,492,347,145,1419,1248,171,103,96,7,95,92,3,63,58,5,124,94,30,20.2548998,86.1706221
ODISHA,Total,Jagatsinghapur,Bus,13021,11541,1480,0,0,0,217,176,41,597,429,168,1027,723,304,1679,1368,311,1979,1814,165,3140,2930,210,3612,3418,194,770,683,87,20.2548998,86.1706221
ODISHA,Total,Jagatsinghapur,Train,5652,5312,340,0,0,0,174,151,23,274,251,23,172,165,7,182,168,14,324,310,14,879,814,65,2944,2777,167,703,676,27,20.2548998,86.1706221
ODISHA,Total,Jagatsinghapur,Water transport,811,772,39,0,0,0,35,32,3,228,201,27,128,125,3,154,153,1,19,19,0,98,97,1,96,93,3,53,52,1,20.2548998,86.1706221
ODISHA,Total,Jagatsinghapur,Any other,819,708,111,0,0,0,70,52,18,151,118,33,167,140,27,120,109,11,37,33,4,46,46,0,117,114,3,111,96,15,20.2548998,86.1706221
ODISHA,Total,Jagatsinghapur,No travel,48972,31584,17388,48972,31584,17388,0,0,0,0,0,0,0,0,0,0,0,0,0,0,0,0,0,0,0,0,0,0,0,0,20.2548998,86.1706221
ODISHA,Rural,Jagatsinghapur,All Modes,130771,102387,28384,43810,27710,16100,17387,12182,5205,22540,19346,3194,15726,13728,1998,8727,8168,559,7289,6867,422,5173,4867,306,7396,7015,381,2723,2504,219,20.2548998,86.1706221
ODISHA,Rural,Jagatsinghapur,On foot,19701,11794,7907,0,0,0,11540,6697,4843,4993,3101,1892,3168,1996,1172,0,0,0,0,0,0,0,0,0,0,0,0,0,0,0,20.2548998,86.1706221
ODISHA,Rural,Jagatsinghapur,Bicycle,31072,29649,1423,0,0,0,3886,3678,208,12415,11757,658,7721,7440,281,3635,3525,110,3415,3249,166,0,0,0,0,0,0,0,0,0,20.2548998,86.1706221
ODISHA,Rural,Jagatsinghapur,Moped/Scooter/Motor Cycle,15810,14731,1079,0,0,0,1432,1351,81,3711,3324,387,3346,3109,237,2946,2793,153,1393,1322,71,1201,1155,46,810,775,35,971,902,69,20.2548998,86.1706221
ODISHA,Rural,Jagatsinghapur,Car/Jeep/Van,1062,972,90,0,0,0,69,61,8,174,154,20,118,107,11,135,123,12,117,106,11,169,160,9,184,170,14,96,91,5,20.2548998,86.1706221
ODISHA,Rural,Jagatsinghapur,Tempo/Autorickshaw/Taxi,1041,875,166,0,0,0,58,51,7,266,226,40,224,171,53,163,135,28,90,84,6,86,83,3,55,50,5,99,75,24,20.2548998,86.1706221
ODISHA,Rural,Jagatsinghapur,Bus,11696,10480,1216,0,0,0,187,157,30,485,351,134,833,607,226,1436,1201,235,1912,1762,150,2759,2575,184,3348,3175,173,736,652,84,20.2548998,86.1706221
ODISHA,Rural,Jagatsinghapur,Train,5373,5063,310,0,0,0,154,132,22,211,192,19,142,137,5,174,161,13,318,304,14,866,803,63,2824,2675,149,684,659,25,20.2548998,86.1706221
ODISHA,Rural,Jagatsinghapur,Water transport,662,626,36,0,0,0,28,27,1,205,178,27,100,97,3,149,148,1,15,15,0,54,53,1,70,68,2,41,40,1,20.2548998,86.1706221
ODISHA,Rural,Jagatsinghapur,Any other,544,487,57,0,0,0,33,28,5,80,63,17,74,64,10,89,82,7,29,25,4,38,38,0,105,102,3,96,85,11,20.2548998,86.1706221
ODISHA,Rural,Jagatsinghapur,No travel,43810,27710,16100,43810,27710,16100,0,0,0,0,0,0,0,0,0,0,0,0,0,0,0,0,0,0,0,0,0,0,0,0,20.2548998,86.1706221
ODISHA,Urban,Jagatsinghapur,All Modes,34878,30109,4769,5162,3874,1288,5204,4349,855,14150,12579,1571,5662,5027,635,2717,2441,276,578,545,33,591,556,35,552,505,47,262,233,29,20.2548998,86.1706221
ODISHA,Urban,Jagatsinghapur,On foot,6491,4393,2098,0,0,0,2905,2206,699,2678,1600,1078,908,587,321,0,0,0,0,0,0,0,0,0,0,0,0,0,0,0,20.2548998,86.1706221
ODISHA,Urban,Jagatsinghapur,Bicycle,11643,11363,280,0,0,0,1312,1274,38,7098,6933,165,2365,2317,48,496,480,16,372,359,13,0,0,0,0,0,0,0,0,0,20.2548998,86.1706221
ODISHA,Urban,Jagatsinghapur,Moped/Scooter/Motor Cycle,7183,6768,415,0,0,0,801,724,77,3718,3499,219,1649,1583,66,574,543,31,96,93,3,117,113,4,84,80,4,144,133,11,20.2548998,86.1706221
ODISHA,Urban,Jagatsinghapur,Car/Jeep/Van,575,530,45,0,0,0,67,62,5,195,181,14,127,116,11,104,99,5,12,11,1,19,16,3,38,35,3,13,10,3,20.2548998,86.1706221
ODISHA,Urban,Jagatsinghapur,Tempo/Autorickshaw/Taxi,1796,1504,292,0,0,0,25,16,9,192,151,41,268,176,92,1256,1113,143,13,12,1,9,9,0,8,8,0,25,19,6,20.2548998,86.1706221
ODISHA,Urban,Jagatsinghapur,Bus,1325,1061,264,0,0,0,30,19,11,112,78,34,194,116,78,243,167,76,67,52,15,381,355,26,264,243,21,34,31,3,20.2548998,86.1706221
ODISHA,Urban,Jagatsinghapur,Train,279,249,30,0,0,0,20,19,1,63,59,4,30,28,2,8,7,1,6,6,0,13,11,2,120,102,18,19,17,2,20.2548998,86.1706221
ODISHA,Urban,Jagatsinghapur,Water transport,149,146,3,0,0,0,7,5,2,23,23,0,28,28,0,5,5,0,4,4,0,44,44,0,26,25,1,12,12,0,20.2548998,86.1706221
ODISHA,Urban,Jagatsinghapur,Any other,275,221,54,0,0,0,37,24,13,71,55,16,93,76,17,31,27,4,8,8,0,8,8,0,12,12,0,15,11,4,20.2548998,86.1706221
ODISHA,Urban,Jagatsinghapur,No travel,5162,3874,1288,5162,3874,1288,0,0,0,0,0,0,0,0,0,0,0,0,0,0,0,0,0,0,0,0,0,0,0,0,20.2548998,86.1706221
BIHAR,Total,Jamui,All Modes,133977,92718,41259,73592,41714,31878,18048,13814,4234,20770,17830,2940,10467,8888,1579,2312,2131,181,1939,1795,144,1132,1075,57,4594,4455,139,1123,1016,107,24.9195147,86.224718
BIHAR,Total,Jamui,On foot,30643,23088,7555,0,0,0,14638,10677,3961,10718,8394,2324,5287,4017,1270,0,0,0,0,0,0,0,0,0,0,0,0,0,0,0,24.9195147,86.224718
BIHAR,Total,Jamui,Bicycle,13130,12698,432,0,0,0,1762,1671,91,6647,6460,187,3001,2943,58,818,793,25,902,831,71,0,0,0,0,0,0,0,0,0,24.9195147,86.224718
BIHAR,Total,Jamui,Moped/Scooter/Motor Cycle,4596,4143,453,0,0,0,830,764,66,1745,1561,184,842,755,87,465,416,49,243,225,18,159,148,11,95,90,5,217,184,33,24.9195147,86.224718
BIHAR,Total,Jamui,Car/Jeep/Van,926,809,117,0,0,0,101,83,18,186,163,23,175,147,28,150,132,18,88,80,8,106,101,5,69,61,8,51,42,9,24.9195147,86.224718
BIHAR,Total,Jamui,Tempo/Autorickshaw/Taxi,1488,1171,317,0,0,0,156,121,35,447,317,130,460,375,85,206,172,34,88,78,10,57,54,3,18,18,0,56,36,20,24.9195147,86.224718
BIHAR,Total,Jamui,Bus,2230,1992,238,0,0,0,155,123,32,403,344,59,383,352,31,333,289,44,266,242,24,257,237,20,321,303,18,112,102,10,24.9195147,86.224718
BIHAR,Total,Jamui,Train,6628,6396,232,0,0,0,293,270,23,403,381,22,182,169,13,255,248,7,295,284,11,518,500,18,4053,3947,106,629,597,32,24.9195147,86.224718
BIHAR,Total,Jamui,Water transport,38,34,4,0,0,0,3,1,2,1,1,0,2,2,0,2,2,0,4,4,0,5,5,0,12,11,1,9,8,1,24.9195147,86.224718
BIHAR,Total,Jamui,Any other,706,673,33,0,0,0,110,104,6,220,209,11,135,128,7,83,79,4,53,51,2,30,30,0,26,25,1,49,47,2,24.9195147,86.224718
BIHAR,Total,Jamui,No travel,73592,41714,31878,73592,41714,31878,0,0,0,0,0,0,0,0,0,0,0,0,0,0,0,0,0,0,0,0,0,0,0,0,24.9195147,86.224718
BIHAR,Rural,Jamui,All Modes,107447,70965,36482,61664,33038,28626,12607,9087,3520,15325,12886,2439,8760,7354,1406,1816,1683,133,1524,1408,116,866,822,44,3978,3862,116,907,825,82,24.9195147,86.224718
BIHAR,Rural,Jamui,On foot,23643,17088,6555,0,0,0,10759,7412,3347,8374,6333,2041,4510,3343,1167,0,0,0,0,0,0,0,0,0,0,0,0,0,0,0,24.9195147,86.224718
BIHAR,Rural,Jamui,Bicycle,9671,9353,318,0,0,0,991,922,69,4710,4599,111,2548,2494,54,709,687,22,713,651,62,0,0,0,0,0,0,0,0,0,24.9195147,86.224718
BIHAR,Rural,Jamui,Moped/Scooter/Motor Cycle,2814,2484,330,0,0,0,297,260,37,1025,886,139,640,567,73,344,307,37,188,175,13,113,106,7,68,65,3,139,118,21,24.9195147,86.224718
BIHAR,Rural,Jamui,Car/Jeep/Van,737,655,82,0,0,0,64,53,11,138,126,12,140,119,21,120,105,15,81,74,7,98,93,5,54,51,3,42,34,8,24.9195147,86.224718
BIHAR,Rural,Jamui,Tempo/Autorickshaw/Taxi,998,834,164,0,0,0,87,76,11,278,212,66,341,291,50,131,116,15,67,60,7,35,34,1,15,15,0,44,30,14,24.9195147,86.224718
BIHAR,Rural,Jamui,Bus,2020,1818,202,0,0,0,134,111,23,370,318,52,355,328,27,295,258,37,228,208,20,238,220,18,296,280,16,104,95,9,24.9195147,86.224718
BIHAR,Rural,Jamui,Train,5478,5297,181,0,0,0,220,203,17,291,278,13,149,142,7,190,185,5,218,212,6,362,349,13,3516,3424,92,532,504,28,24.9195147,86.224718
BIHAR,Rural,Jamui,Water transport,31,29,2,0,0,0,2,1,1,1,1,0,2,2,0,1,1,0,3,3,0,4,4,0,11,10,1,7,7,0,24.9195147,86.224718
BIHAR,Rural,Jamui,Any other,391,369,22,0,0,0,53,49,4,138,133,5,75,68,7,26,24,2,26,25,1,16,16,0,18,17,1,39,37,2,24.9195147,86.224718
BIHAR,Rural,Jamui,No travel,61664,33038,28626,61664,33038,28626,0,0,0,0,0,0,0,0,0,0,0,0,0,0,0,0,0,0,0,0,0,0,0,0,24.9195147,86.224718
BIHAR,Urban,Jamui,All Modes,26530,21753,4777,11928,8676,3252,5441,4727,714,5445,4944,501,1707,1534,173,496,448,48,415,387,28,266,253,13,616,593,23,216,191,25,24.9195147,86.224718
BIHAR,Urban,Jamui,On foot,7000,6000,1000,0,0,0,3879,3265,614,2344,2061,283,777,674,103,0,0,0,0,0,0,0,0,0,0,0,0,0,0,0,24.9195147,86.224718
BIHAR,Urban,Jamui,Bicycle,3459,3345,114,0,0,0,771,749,22,1937,1861,76,453,449,4,109,106,3,189,180,9,0,0,0,0,0,0,0,0,0,24.9195147,86.224718
BIHAR,Urban,Jamui,Moped/Scooter/Motor Cycle,1782,1659,123,0,0,0,533,504,29,720,675,45,202,188,14,121,109,12,55,50,5,46,42,4,27,25,2,78,66,12,24.9195147,86.224718
BIHAR,Urban,Jamui,Car/Jeep/Van,189,154,35,0,0,0,37,30,7,48,37,11,35,28,7,30,27,3,7,6,1,8,8,0,15,10,5,9,8,1,24.9195147,86.224718
BIHAR,Urban,Jamui,Tempo/Autorickshaw/Taxi,490,337,153,0,0,0,69,45,24,169,105,64,119,84,35,75,56,19,21,18,3,22,20,2,3,3,0,12,6,6,24.9195147,86.224718
BIHAR,Urban,Jamui,Bus,210,174,36,0,0,0,21,12,9,33,26,7,28,24,4,38,31,7,38,34,4,19,17,2,25,23,2,8,7,1,24.9195147,86.224718
BIHAR,Urban,Jamui,Train,1150,1099,51,0,0,0,73,67,6,112,103,9,33,27,6,65,63,2,77,72,5,156,151,5,537,523,14,97,93,4,24.9195147,86.224718
BIHAR,Urban,Jamui,Water transport,7,5,2,0,0,0,1,0,1,0,0,0,0,0,0,1,1,0,1,1,0,1,1,0,1,1,0,2,1,1,24.9195147,86.224718
BIHAR,Urban,Jamui,Any other,315,304,11,0,0,0,57,55,2,82,76,6,60,60,0,57,55,2,27,26,1,14,14,0,8,8,0,10,10,0,24.9195147,86.224718
BIHAR,Urban,Jamui,No travel,11928,8676,3252,11928,8676,3252,0,0,0,0,0,0,0,0,0,0,0,0,0,0,0,0,0,0,0,0,0,0,0,0,24.9195147,86.224718
JHARKHAND,Total,Giridih,All Modes,271210,225684,45526,82221,56039,26182,42509,33499,9010,72813,65966,6847,37245,34727,2518,14362,13999,363,5800,5612,188,4477,4341,136,10179,9957,222,1604,1544,60,24.19135,86.2996368
JHARKHAND,Total,Giridih,On foot,71879,55694,16185,0,0,0,33845,25211,8634,28929,23268,5661,9105,7215,1890,0,0,0,0,0,0,0,0,0,0,0,0,0,0,0,24.19135,86.2996368
JHARKHAND,Total,Giridih,Bicycle,63981,63132,849,0,0,0,4901,4789,112,31227,30802,425,18575,18384,191,6805,6737,68,2473,2420,53,0,0,0,0,0,0,0,0,0,24.19135,86.2996368
JHARKHAND,Total,Giridih,Moped/Scooter/Motor Cycle,18967,18238,729,0,0,0,2434,2330,104,7599,7286,313,4179,4016,163,2241,2169,72,765,743,22,831,808,23,576,567,9,342,319,23,24.19135,86.2996368
JHARKHAND,Total,Giridih,Car/Jeep/Van,2687,2535,152,0,0,0,223,194,29,545,495,50,570,543,27,461,438,23,256,248,8,283,275,8,299,293,6,50,49,1,24.19135,86.2996368
JHARKHAND,Total,Giridih,Tempo/Autorickshaw/Taxi,7876,7257,619,0,0,0,421,352,69,2496,2207,289,2198,2048,150,1641,1562,79,462,448,14,327,317,10,209,206,3,122,117,5,24.19135,86.2996368
JHARKHAND,Total,Giridih,Bus,13801,13291,510,0,0,0,329,295,34,1279,1210,69,1881,1800,81,1961,1887,74,1426,1353,73,2139,2078,61,4454,4346,108,332,322,10,24.19135,86.2996368
JHARKHAND,Total,Giridih,Train,8643,8406,237,0,0,0,235,220,15,400,380,20,435,430,5,1123,1082,41,386,368,18,829,797,32,4530,4436,94,705,693,12,24.19135,86.2996368
JHARKHAND,Total,Giridih,Water transport,51,45,6,0,0,0,20,15,5,7,7,0,4,4,0,1,1,0,1,1,0,3,3,0,12,12,0,3,2,1,24.19135,86.2996368
JHARKHAND,Total,Giridih,Any other,1104,1047,57,0,0,0,101,93,8,331,311,20,298,287,11,129,123,6,31,31,0,65,63,2,99,97,2,50,42,8,24.19135,86.2996368
JHARKHAND,Total,Giridih,No travel,82221,56039,26182,82221,56039,26182,0,0,0,0,0,0,0,0,0,0,0,0,0,0,0,0,0,0,0,0,0,0,0,0,24.19135,86.2996368
JHARKHAND,Rural,Giridih,All Modes,220250,180197,40053,69537,45650,23887,31326,23728,7598,55925,50279,5646,30751,28560,2191,13077,12808,269,5049,4909,140,3829,3738,91,9347,9164,183,1409,1361,48,24.19135,86.2996368
JHARKHAND,Rural,Giridih,On foot,57304,43224,14080,0,0,0,25824,18433,7391,23700,18748,4952,7780,6043,1737,0,0,0,0,0,0,0,0,0,0,0,0,0,0,0,24.19135,86.2996368
JHARKHAND,Rural,Giridih,Bicycle,52401,51692,709,0,0,0,3481,3399,82,24540,24195,345,15827,15654,173,6416,6354,62,2137,2090,47,0,0,0,0,0,0,0,0,0,24.19135,86.2996368
JHARKHAND,Rural,Giridih,Moped/Scooter/Motor Cycle,11482,11029,453,0,0,0,1077,1022,55,3995,3813,182,2748,2636,112,1776,1723,53,581,565,16,606,592,14,450,445,5,249,233,16,24.19135,86.2996368
JHARKHAND,Rural,Giridih,Car/Jeep/Van,1885,1819,66,0,0,0,98,89,9,290,269,21,403,390,13,380,368,12,232,228,4,211,207,4,233,231,2,38,37,1,24.19135,86.2996368
JHARKHAND,Rural,Giridih,Tempo/Autorickshaw/Taxi,6392,6109,283,0,0,0,290,266,24,1781,1689,92,1809,1720,89,1506,1451,55,427,417,10,290,283,7,187,185,2,102,98,4,24.19135,86.2996368
JHARKHAND,Rural,Giridih,Bus,12425,12091,334,0,0,0,278,260,18,1080,1046,34,1581,1526,55,1826,1779,47,1287,1240,47,1912,1873,39,4150,4064,86,311,303,8,24.19135,86.2996368
JHARKHAND,Rural,Giridih,Train,7985,7783,202,0,0,0,203,191,12,329,314,15,383,379,4,1076,1042,34,356,340,16,748,723,25,4227,4141,86,663,653,10,24.19135,86.2996368
JHARKHAND,Rural,Giridih,Water transport,45,40,5,0,0,0,18,14,4,5,5,0,3,3,0,1,1,0,1,1,0,3,3,0,11,11,0,3,2,1,24.19135,86.2996368
JHARKHAND,Rural,Giridih,Any other,794,760,34,0,0,0,57,54,3,205,200,5,217,209,8,96,90,6,28,28,0,59,57,2,89,87,2,43,35,8,24.19135,86.2996368
JHARKHAND,Rural,Giridih,No travel,69537,45650,23887,69537,45650,23887,0,0,0,0,0,0,0,0,0,0,0,0,0,0,0,0,0,0,0,0,0,0,0,0,24.19135,86.2996368
JHARKHAND,Urban,Giridih,All Modes,50960,45487,5473,12684,10389,2295,11183,9771,1412,16888,15687,1201,6494,6167,327,1285,1191,94,751,703,48,648,603,45,832,793,39,195,183,12,24.19135,86.2996368
JHARKHAND,Urban,Giridih,On foot,14575,12470,2105,0,0,0,8021,6778,1243,5229,4520,709,1325,1172,153,0,0,0,0,0,0,0,0,0,0,0,0,0,0,0,24.19135,86.2996368
JHARKHAND,Urban,Giridih,Bicycle,11580,11440,140,0,0,0,1420,1390,30,6687,6607,80,2748,2730,18,389,383,6,336,330,6,0,0,0,0,0,0,0,0,0,24.19135,86.2996368
JHARKHAND,Urban,Giridih,Moped/Scooter/Motor Cycle,7485,7209,276,0,0,0,1357,1308,49,3604,3473,131,1431,1380,51,465,446,19,184,178,6,225,216,9,126,122,4,93,86,7,24.19135,86.2996368
JHARKHAND,Urban,Giridih,Car/Jeep/Van,802,716,86,0,0,0,125,105,20,255,226,29,167,153,14,81,70,11,24,20,4,72,68,4,66,62,4,12,12,0,24.19135,86.2996368
JHARKHAND,Urban,Giridih,Tempo/Autorickshaw/Taxi,1484,1148,336,0,0,0,131,86,45,715,518,197,389,328,61,135,111,24,35,31,4,37,34,3,22,21,1,20,19,1,24.19135,86.2996368
JHARKHAND,Urban,Giridih,Bus,1376,1200,176,0,0,0,51,35,16,199,164,35,300,274,26,135,108,27,139,113,26,227,205,22,304,282,22,21,19,2,24.19135,86.2996368
JHARKHAND,Urban,Giridih,Train,658,623,35,0,0,0,32,29,3,71,66,5,52,51,1,47,40,7,30,28,2,81,74,7,303,295,8,42,40,2,24.19135,86.2996368
JHARKHAND,Urban,Giridih,Water transport,6,5,1,0,0,0,2,1,1,2,2,0,1,1,0,0,0,0,0,0,0,0,0,0,1,1,0,0,0,0,24.19135,86.2996368
JHARKHAND,Urban,Giridih,Any other,310,287,23,0,0,0,44,39,5,126,111,15,81,78,3,33,33,0,3,3,0,6,6,0,10,10,0,7,7,0,24.19135,86.2996368
JHARKHAND,Urban,Giridih,No travel,12684,10389,2295,12684,10389,2295,0,0,0,0,0,0,0,0,0,0,0,0,0,0,0,0,0,0,0,0,0,0,0,0,24.19135,86.2996368
ODISHA,Total,Jajapur,All Modes,224394,193945,30449,57779,44668,13111,32035,25864,6171,53648,47996,5652,32391,29356,3035,16851,15984,867,13373,12809,564,5628,5308,320,7824,7410,414,4865,4550,315,20.8341019,86.3326058
ODISHA,Total,Jajapur,On foot,40655,29949,10706,0,0,0,20485,14907,5578,12722,9327,3395,7448,5715,1733,0,0,0,0,0,0,0,0,0,0,0,0,0,0,0,20.8341019,86.3326058
ODISHA,Total,Jajapur,Bicycle,69216,66837,2379,0,0,0,7864,7547,317,29484,28293,1191,15687,15226,461,7909,7771,138,8272,8000,272,0,0,0,0,0,0,0,0,0,20.8341019,86.3326058
ODISHA,Total,Jajapur,Moped/Scooter/Motor Cycle,29152,27478,1674,0,0,0,2564,2418,146,8761,8119,642,6205,5841,364,4983,4720,263,2089,2014,75,1727,1675,52,927,901,26,1896,1790,106,20.8341019,86.3326058
ODISHA,Total,Jajapur,Car/Jeep/Van,2270,2064,206,0,0,0,171,151,20,427,376,51,309,271,38,365,324,41,164,156,8,251,243,8,339,317,22,244,226,18,20.8341019,86.3326058
ODISHA,Total,Jajapur,Tempo/Autorickshaw/Taxi,2089,1736,353,0,0,0,145,116,29,479,351,128,472,372,100,345,296,49,165,157,8,168,164,4,110,108,2,205,172,33,20.8341019,86.3326058
ODISHA,Total,Jajapur,Bus,15888,14271,1617,0,0,0,363,311,52,999,834,165,1693,1391,302,2463,2121,342,2036,1863,173,2837,2607,230,4052,3800,252,1445,1344,101,20.8341019,86.3326058
ODISHA,Total,Jajapur,Train,4479,4241,238,0,0,0,184,168,16,373,342,31,237,226,11,282,269,13,255,246,9,393,372,21,1956,1852,104,799,766,33,20.8341019,86.3326058
ODISHA,Total,Jajapur,Water transport,162,153,9,0,0,0,51,50,1,25,21,4,11,10,1,11,11,0,6,6,0,10,9,1,26,26,0,22,20,2,20.8341019,86.3326058
ODISHA,Total,Jajapur,Any other,2704,2548,156,0,0,0,208,196,12,378,333,45,329,304,25,493,472,21,386,367,19,242,238,4,414,406,8,254,232,22,20.8341019,86.3326058
ODISHA,Total,Jajapur,No travel,57779,44668,13111,57779,44668,13111,0,0,0,0,0,0,0,0,0,0,0,0,0,0,0,0,0,0,0,0,0,0,0,0,20.8341019,86.3326058
ODISHA,Rural,Jajapur,All Modes,192319,165712,26607,51865,39935,11930,26435,21092,5343,43609,38994,4615,28087,25477,2610,14683,13954,729,11717,11211,506,5039,4755,284,7027,6678,349,3857,3616,241,20.8341019,86.3326058
ODISHA,Rural,Jajapur,On foot,34517,25278,9239,0,0,0,17314,12455,4859,10950,8074,2876,6253,4749,1504,0,0,0,0,0,0,0,0,0,0,0,0,0,0,0,20.8341019,86.3326058
ODISHA,Rural,Jajapur,Bicycle,60098,58016,2082,0,0,0,6437,6164,273,24576,23589,987,14487,14049,438,7444,7312,132,7154,6902,252,0,0,0,0,0,0,0,0,0,20.8341019,86.3326058
ODISHA,Rural,Jajapur,Moped/Scooter/Motor Cycle,22284,20997,1287,0,0,0,1717,1615,102,5947,5493,454,4901,4605,296,4094,3865,229,1861,1799,62,1508,1463,45,816,793,23,1440,1364,76,20.8341019,86.3326058
ODISHA,Rural,Jajapur,Car/Jeep/Van,1617,1460,157,0,0,0,124,108,16,295,261,34,206,175,31,212,184,28,122,116,6,207,199,8,265,247,18,186,170,16,20.8341019,86.3326058
ODISHA,Rural,Jajapur,Tempo/Autorickshaw/Taxi,1745,1496,249,0,0,0,124,103,21,384,299,85,401,332,69,313,273,40,141,136,5,119,116,3,102,100,2,161,137,24,20.8341019,86.3326058
ODISHA,Rural,Jajapur,Bus,13631,12292,1339,0,0,0,325,278,47,819,702,117,1324,1082,242,1884,1615,269,1816,1661,155,2599,2396,203,3736,3508,228,1128,1050,78,20.8341019,86.3326058
ODISHA,Rural,Jajapur,Train,3976,3792,184,0,0,0,167,155,12,308,281,27,213,206,7,259,248,11,240,232,8,374,354,20,1709,1638,71,706,678,28,20.8341019,86.3326058
ODISHA,Rural,Jajapur,Water transport,150,141,9,0,0,0,51,50,1,25,21,4,6,5,1,10,10,0,6,6,0,8,7,1,24,24,0,20,18,2,20.8341019,86.3326058
ODISHA,Rural,Jajapur,Any other,2436,2305,131,0,0,0,176,164,12,305,274,31,296,274,22,467,447,20,377,359,18,224,220,4,375,368,7,216,199,17,20.8341019,86.3326058
ODISHA,Rural,Jajapur,No travel,51865,39935,11930,51865,39935,11930,0,0,0,0,0,0,0,0,0,0,0,0,0,0,0,0,0,0,0,0,0,0,0,0,20.8341019,86.3326058
ODISHA,Urban,Jajapur,All Modes,32075,28233,3842,5914,4733,1181,5600,4772,828,10039,9002,1037,4304,3879,425,2168,2030,138,1656,1598,58,589,553,36,797,732,65,1008,934,74,20.8341019,86.3326058
ODISHA,Urban,Jajapur,On foot,6138,4671,1467,0,0,0,3171,2452,719,1772,1253,519,1195,966,229,0,0,0,0,0,0,0,0,0,0,0,0,0,0,0,20.8341019,86.3326058
ODISHA,Urban,Jajapur,Bicycle,9118,8821,297,0,0,0,1427,1383,44,4908,4704,204,1200,1177,23,465,459,6,1118,1098,20,0,0,0,0,0,0,0,0,0,20.8341019,86.3326058
ODISHA,Urban,Jajapur,Moped/Scooter/Motor Cycle,6868,6481,387,0,0,0,847,803,44,2814,2626,188,1304,1236,68,889,855,34,228,215,13,219,212,7,111,108,3,456,426,30,20.8341019,86.3326058
ODISHA,Urban,Jajapur,Car/Jeep/Van,653,604,49,0,0,0,47,43,4,132,115,17,103,96,7,153,140,13,42,40,2,44,44,0,74,70,4,58,56,2,20.8341019,86.3326058
ODISHA,Urban,Jajapur,Tempo/Autorickshaw/Taxi,344,240,104,0,0,0,21,13,8,95,52,43,71,40,31,32,23,9,24,21,3,49,48,1,8,8,0,44,35,9,20.8341019,86.3326058
ODISHA,Urban,Jajapur,Bus,2257,1979,278,0,0,0,38,33,5,180,132,48,369,309,60,579,506,73,220,202,18,238,211,27,316,292,24,317,294,23,20.8341019,86.3326058
ODISHA,Urban,Jajapur,Train,503,449,54,0,0,0,17,13,4,65,61,4,24,20,4,23,21,2,15,14,1,19,18,1,247,214,33,93,88,5,20.8341019,86.3326058
ODISHA,Urban,Jajapur,Water transport,12,12,0,0,0,0,0,0,0,0,0,0,5,5,0,1,1,0,0,0,0,2,2,0,2,2,0,2,2,0,20.8341019,86.3326058
ODISHA,Urban,Jajapur,Any other,268,243,25,0,0,0,32,32,0,73,59,14,33,30,3,26,25,1,9,8,1,18,18,0,39,38,1,38,33,5,20.8341019,86.3326058
ODISHA,Urban,Jajapur,No travel,5914,4733,1181,5914,4733,1181,0,0,0,0,0,0,0,0,0,0,0,0,0,0,0,0,0,0,0,0,0,0,0,0,20.8341019,86.3326058
WEST BENGAL,Total,Puruliya,All Modes,401077,318938,82139,130135,93157,36978,63658,48882,14776,93177,75861,17316,49039,41004,8035,23007,21404,1603,14899,13775,1124,10467,9562,905,14375,13198,1177,2320,2095,225,23.3322026,86.3616405
WEST BENGAL,Total,Puruliya,On foot,103797,71059,32738,0,0,0,47981,34237,13744,39106,25869,13237,16710,10953,5757,0,0,0,0,0,0,0,0,0,0,0,0,0,0,0,23.3322026,86.3616405
WEST BENGAL,Total,Puruliya,Bicycle,98374,93258,5116,0,0,0,11941,11335,606,43960,41186,2774,23521,22475,1046,12147,11790,357,6805,6472,333,0,0,0,0,0,0,0,0,0,23.3322026,86.3616405
WEST BENGAL,Total,Puruliya,Moped/Scooter/Motor Cycle,19197,17752,1445,0,0,0,2308,2157,151,6544,5994,550,3715,3384,331,3076,2851,225,1433,1358,75,1047,999,48,470,449,21,604,560,44,23.3322026,86.3616405
WEST BENGAL,Total,Puruliya,Car/Jeep/Van,1985,1765,220,0,0,0,194,170,24,430,369,61,311,268,43,284,242,42,138,123,15,242,234,8,305,284,21,81,75,6,23.3322026,86.3616405
WEST BENGAL,Total,Puruliya,Tempo/Autorickshaw/Taxi,1499,1149,350,0,0,0,154,96,58,400,251,149,360,305,55,214,169,45,89,75,14,87,80,7,61,60,1,134,113,21,23.3322026,86.3616405
WEST BENGAL,Total,Puruliya,Bus,23424,20026,3398,0,0,0,399,302,97,1421,1072,349,3009,2374,635,4913,4187,726,3460,3039,421,4765,4215,550,5068,4510,558,389,327,62,23.3322026,86.3616405
WEST BENGAL,Total,Puruliya,Train,19978,18439,1539,0,0,0,394,349,45,604,527,77,901,776,125,2112,1934,178,2880,2618,262,4182,3904,278,8038,7531,507,867,800,67,23.3322026,86.3616405
WEST BENGAL,Total,Puruliya,Water transport,193,171,22,0,0,0,22,17,5,18,14,4,18,17,1,14,12,2,9,7,2,27,27,0,55,53,2,30,24,6,23.3322026,86.3616405
WEST BENGAL,Total,Puruliya,Any other,2495,2162,333,0,0,0,265,219,46,694,579,115,494,452,42,247,219,28,85,83,2,117,103,14,378,311,67,215,196,19,23.3322026,86.3616405
WEST BENGAL,Total,Puruliya,No travel,130135,93157,36978,130135,93157,36978,0,0,0,0,0,0,0,0,0,0,0,0,0,0,0,0,0,0,0,0,0,0,0,0,23.3322026,86.3616405
WEST BENGAL,Rural,Puruliya,All Modes,296073,231355,64718,97436,68498,28938,37710,26835,10875,67713,53219,14494,39995,33348,6647,20224,19005,1219,11541,10731,810,8265,7621,644,11935,10944,991,1254,1154,100,23.3322026,86.3616405
WEST BENGAL,Rural,Puruliya,On foot,73093,46421,26672,0,0,0,30364,20087,10277,30400,18871,11529,12329,7463,4866,0,0,0,0,0,0,0,0,0,0,0,0,0,0,0,23.3322026,86.3616405
WEST BENGAL,Rural,Puruliya,Bicycle,75849,71640,4209,0,0,0,5942,5538,404,32308,30019,2289,21226,20272,954,11412,11075,337,4961,4736,225,0,0,0,0,0,0,0,0,0,23.3322026,86.3616405
WEST BENGAL,Rural,Puruliya,Moped/Scooter/Motor Cycle,11240,10439,801,0,0,0,599,549,50,3005,2734,271,2618,2406,212,2441,2289,152,1147,1090,57,797,766,31,360,345,15,273,260,13,23.3322026,86.3616405
WEST BENGAL,Rural,Puruliya,Car/Jeep/Van,1234,1096,138,0,0,0,79,70,9,200,166,34,233,199,34,197,168,29,106,98,8,162,155,7,213,198,15,44,42,2,23.3322026,86.3616405
WEST BENGAL,Rural,Puruliya,Tempo/Autorickshaw/Taxi,743,619,124,0,0,0,50,41,9,143,106,37,240,209,31,132,103,29,61,53,8,54,51,3,28,28,0,35,28,7,23.3322026,86.3616405
WEST BENGAL,Rural,Puruliya,Bus,18908,16471,2437,0,0,0,284,217,67,887,663,224,2331,1907,424,4115,3602,513,2741,2461,280,3826,3427,399,4479,3982,497,245,212,33,23.3322026,86.3616405
WEST BENGAL,Rural,Puruliya,Train,15865,14687,1178,0,0,0,270,232,38,437,373,64,689,596,93,1696,1565,131,2448,2219,229,3301,3110,191,6468,6071,397,556,521,35,23.3322026,86.3616405
WEST BENGAL,Rural,Puruliya,Water transport,131,118,13,0,0,0,13,10,3,8,6,2,14,13,1,12,10,2,8,7,1,19,19,0,44,42,2,13,11,2,23.3322026,86.3616405
WEST BENGAL,Rural,Puruliya,Any other,1574,1366,208,0,0,0,109,91,18,325,281,44,315,283,32,219,193,26,69,67,2,106,93,13,343,278,65,88,80,8,23.3322026,86.3616405
WEST BENGAL,Rural,Puruliya,No travel,97436,68498,28938,97436,68498,28938,0,0,0,0,0,0,0,0,0,0,0,0,0,0,0,0,0,0,0,0,0,0,0,0,23.3322026,86.3616405
WEST BENGAL,Urban,Puruliya,All Modes,105004,87583,17421,32699,24659,8040,25948,22047,3901,25464,22642,2822,9044,7656,1388,2783,2399,384,3358,3044,314,2202,1941,261,2440,2254,186,1066,941,125,23.3322026,86.3616405
WEST BENGAL,Urban,Puruliya,On foot,30704,24638,6066,0,0,0,17617,14150,3467,8706,6998,1708,4381,3490,891,0,0,0,0,0,0,0,0,0,0,0,0,0,0,0,23.3322026,86.3616405
WEST BENGAL,Urban,Puruliya,Bicycle,22525,21618,907,0,0,0,5999,5797,202,11652,11167,485,2295,2203,92,735,715,20,1844,1736,108,0,0,0,0,0,0,0,0,0,23.3322026,86.3616405
WEST BENGAL,Urban,Puruliya,Moped/Scooter/Motor Cycle,7957,7313,644,0,0,0,1709,1608,101,3539,3260,279,1097,978,119,635,562,73,286,268,18,250,233,17,110,104,6,331,300,31,23.3322026,86.3616405
WEST BENGAL,Urban,Puruliya,Car/Jeep/Van,751,669,82,0,0,0,115,100,15,230,203,27,78,69,9,87,74,13,32,25,7,80,79,1,92,86,6,37,33,4,23.3322026,86.3616405
WEST BENGAL,Urban,Puruliya,Tempo/Autorickshaw/Taxi,756,530,226,0,0,0,104,55,49,257,145,112,120,96,24,82,66,16,28,22,6,33,29,4,33,32,1,99,85,14,23.3322026,86.3616405
WEST BENGAL,Urban,Puruliya,Bus,4516,3555,961,0,0,0,115,85,30,534,409,125,678,467,211,798,585,213,719,578,141,939,788,151,589,528,61,144,115,29,23.3322026,86.3616405
WEST BENGAL,Urban,Puruliya,Train,4113,3752,361,0,0,0,124,117,7,167,154,13,212,180,32,416,369,47,432,399,33,881,794,87,1570,1460,110,311,279,32,23.3322026,86.3616405
WEST BENGAL,Urban,Puruliya,Water transport,62,53,9,0,0,0,9,7,2,10,8,2,4,4,0,2,2,0,1,0,1,8,8,0,11,11,0,17,13,4,23.3322026,86.3616405
WEST BENGAL,Urban,Puruliya,Any other,921,796,125,0,0,0,156,128,28,369,298,71,179,169,10,28,26,2,16,16,0,11,10,1,35,33,2,127,116,11,23.3322026,86.3616405
WEST BENGAL,Urban,Puruliya,No travel,32699,24659,8040,32699,24659,8040,0,0,0,0,0,0,0,0,0,0,0,0,0,0,0,0,0,0,0,0,0,0,0,0,23.3322026,86.3616405
ODISHA,Total,Mayurbhanj,All Modes,302199,210669,91530,84471,51857,32614,58338,36286,22052,80972,57476,23496,40928,31690,9238,15221,13480,1741,9488,8449,1039,4470,3938,532,5952,5393,559,2359,2100,259,22.0086978,86.4187308
ODISHA,Total,Mayurbhanj,On foot,90202,44852,45350,0,0,0,42945,22329,20616,34541,15940,18601,12716,6583,6133,0,0,0,0,0,0,0,0,0,0,0,0,0,0,0,22.0086978,86.4187308
ODISHA,Total,Mayurbhanj,Bicycle,75523,69261,6262,0,0,0,10221,9353,868,33469,30493,2976,19455,17921,1534,7484,6985,499,4894,4509,385,0,0,0,0,0,0,0,0,0,22.0086978,86.4187308
ODISHA,Total,Mayurbhanj,Moped/Scooter/Motor Cycle,28491,26142,2349,0,0,0,4175,3871,304,10355,9346,1009,5580,5057,523,3884,3607,277,1662,1568,94,1181,1139,42,647,620,27,1007,934,73,22.0086978,86.4187308
ODISHA,Total,Mayurbhanj,Car/Jeep/Van,1979,1734,245,0,0,0,180,142,38,396,323,73,313,269,44,299,263,36,195,180,15,181,171,10,292,272,20,123,114,9,22.0086978,86.4187308
ODISHA,Total,Mayurbhanj,Tempo/Autorickshaw/Taxi,2608,1797,811,0,0,0,199,139,60,913,486,427,603,407,196,400,332,68,127,116,11,154,144,10,62,58,4,150,115,35,22.0086978,86.4187308
ODISHA,Total,Mayurbhanj,Bus,14691,11328,3363,0,0,0,275,189,86,708,395,313,1854,1117,737,2868,2042,826,2391,1915,476,2679,2237,442,3343,2951,392,573,482,91,22.0086978,86.4187308
ODISHA,Total,Mayurbhanj,Train,2879,2526,353,0,0,0,163,122,41,259,214,45,172,138,34,135,118,17,159,106,53,190,170,20,1418,1310,108,383,348,35,22.0086978,86.4187308
ODISHA,Total,Mayurbhanj,Water transport,128,102,26,0,0,0,30,17,13,22,20,2,10,9,1,17,16,1,7,4,3,6,4,2,17,16,1,19,16,3,22.0086978,86.4187308
ODISHA,Total,Mayurbhanj,Any other,1227,1070,157,0,0,0,150,124,26,309,259,50,225,189,36,134,117,17,53,51,2,79,73,6,173,166,7,104,91,13,22.0086978,86.4187308
ODISHA,Total,Mayurbhanj,No travel,84471,51857,32614,84471,51857,32614,0,0,0,0,0,0,0,0,0,0,0,0,0,0,0,0,0,0,0,0,0,0,0,0,22.0086978,86.4187308
ODISHA,Rural,Mayurbhanj,All Modes,244840,164515,80325,73333,43648,29685,44772,25576,19196,61957,41456,20501,34933,26940,7993,13002,11711,1291,7582,6788,794,3328,2960,368,4346,4012,334,1587,1424,163,22.0086978,86.4187308
ODISHA,Rural,Mayurbhanj,On foot,77440,36759,40681,0,0,0,35509,17395,18114,30681,13715,16966,11250,5649,5601,0,0,0,0,0,0,0,0,0,0,0,0,0,0,0,22.0086978,86.4187308
ODISHA,Rural,Mayurbhanj,Bicycle,61264,55631,5633,0,0,0,6854,6097,757,25419,22793,2626,17703,16284,1419,7128,6650,478,4160,3807,353,0,0,0,0,0,0,0,0,0,22.0086978,86.4187308
ODISHA,Rural,Mayurbhanj,Moped/Scooter/Motor Cycle,15576,14272,1304,0,0,0,1724,1584,140,4328,3830,498,3643,3326,317,2824,2633,191,1163,1094,69,849,820,29,457,439,18,588,546,42,22.0086978,86.4187308
ODISHA,Rural,Mayurbhanj,Car/Jeep/Van,1274,1115,159,0,0,0,106,78,28,221,182,39,223,190,33,207,182,25,119,110,9,120,111,9,210,201,9,68,61,7,22.0086978,86.4187308
ODISHA,Rural,Mayurbhanj,Tempo/Autorickshaw/Taxi,1335,1094,241,0,0,0,94,74,20,328,255,73,324,253,71,274,236,38,91,87,4,78,71,7,46,44,2,100,74,26,22.0086978,86.4187308
ODISHA,Rural,Mayurbhanj,Bus,11131,8957,2174,0,0,0,230,162,68,517,305,212,1446,962,484,2309,1782,527,1854,1550,304,2054,1754,300,2309,2080,229,412,362,50,22.0086978,86.4187308
ODISHA,Rural,Mayurbhanj,Train,2457,2166,291,0,0,0,128,92,36,239,196,43,159,127,32,130,114,16,146,94,52,170,153,17,1170,1100,70,315,290,25,22.0086978,86.4187308
ODISHA,Rural,Mayurbhanj,Water transport,93,75,18,0,0,0,26,14,12,16,15,1,7,6,1,12,11,1,5,4,1,2,2,0,12,11,1,13,12,1,22.0086978,86.4187308
ODISHA,Rural,Mayurbhanj,Any other,937,798,139,0,0,0,101,80,21,208,165,43,178,143,35,118,103,15,44,42,2,55,49,6,142,137,5,91,79,12,22.0086978,86.4187308
ODISHA,Rural,Mayurbhanj,No travel,73333,43648,29685,73333,43648,29685,0,0,0,0,0,0,0,0,0,0,0,0,0,0,0,0,0,0,0,0,0,0,0,0,22.0086978,86.4187308
ODISHA,Urban,Mayurbhanj,All Modes,57359,46154,11205,11138,8209,2929,13566,10710,2856,19015,16020,2995,5995,4750,1245,2219,1769,450,1906,1661,245,1142,978,164,1606,1381,225,772,676,96,22.0086978,86.4187308
ODISHA,Urban,Mayurbhanj,On foot,12762,8093,4669,0,0,0,7436,4934,2502,3860,2225,1635,1466,934,532,0,0,0,0,0,0,0,0,0,0,0,0,0,0,0,22.0086978,86.4187308
ODISHA,Urban,Mayurbhanj,Bicycle,14259,13630,629,0,0,0,3367,3256,111,8050,7700,350,1752,1637,115,356,335,21,734,702,32,0,0,0,0,0,0,0,0,0,22.0086978,86.4187308
ODISHA,Urban,Mayurbhanj,Moped/Scooter/Motor Cycle,12915,11870,1045,0,0,0,2451,2287,164,6027,5516,511,1937,1731,206,1060,974,86,499,474,25,332,319,13,190,181,9,419,388,31,22.0086978,86.4187308
ODISHA,Urban,Mayurbhanj,Car/Jeep/Van,705,619,86,0,0,0,74,64,10,175,141,34,90,79,11,92,81,11,76,70,6,61,60,1,82,71,11,55,53,2,22.0086978,86.4187308
ODISHA,Urban,Mayurbhanj,Tempo/Autorickshaw/Taxi,1273,703,570,0,0,0,105,65,40,585,231,354,279,154,125,126,96,30,36,29,7,76,73,3,16,14,2,50,41,9,22.0086978,86.4187308
ODISHA,Urban,Mayurbhanj,Bus,3560,2371,1189,0,0,0,45,27,18,191,90,101,408,155,253,559,260,299,537,365,172,625,483,142,1034,871,163,161,120,41,22.0086978,86.4187308
ODISHA,Urban,Mayurbhanj,Train,422,360,62,0,0,0,35,30,5,20,18,2,13,11,2,5,4,1,13,12,1,20,17,3,248,210,38,68,58,10,22.0086978,86.4187308
ODISHA,Urban,Mayurbhanj,Water transport,35,27,8,0,0,0,4,3,1,6,5,1,3,3,0,5,5,0,2,0,2,4,2,2,5,5,0,6,4,2,22.0086978,86.4187308
ODISHA,Urban,Mayurbhanj,Any other,290,272,18,0,0,0,49,44,5,101,94,7,47,46,1,16,14,2,9,9,0,24,24,0,31,29,2,13,12,1,22.0086978,86.4187308
ODISHA,Urban,Mayurbhanj,No travel,11138,8209,2929,11138,8209,2929,0,0,0,0,0,0,0,0,0,0,0,0,0,0,0,0,0,0,0,0,0,0,0,0,22.0086978,86.4187308
ODISHA,Total,Kendrapara,All Modes,157218,124485,32733,50799,32228,18571,22256,16475,5781,31467,27538,3929,20482,17921,2561,11589,10901,688,7555,7145,410,3840,3607,233,6430,6103,327,2800,2567,233,20.4969108,86.4288534
ODISHA,Total,Kendrapara,On foot,27205,18026,9179,0,0,0,14585,9248,5337,7558,5258,2300,5062,3520,1542,0,0,0,0,0,0,0,0,0,0,0,0,0,0,0,20.4969108,86.4288534
ODISHA,Total,Kendrapara,Bicycle,40244,38400,1844,0,0,0,5366,5131,235,16836,15914,922,9280,8915,365,4738,4599,139,4024,3841,183,0,0,0,0,0,0,0,0,0,20.4969108,86.4288534
ODISHA,Total,Kendrapara,Moped/Scooter/Motor Cycle,18570,17300,1270,0,0,0,1579,1473,106,4984,4583,401,3603,3273,330,3686,3476,210,1517,1455,62,1246,1203,43,868,833,35,1087,1004,83,20.4969108,86.4288534
ODISHA,Total,Kendrapara,Car/Jeep/Van,1214,1082,132,0,0,0,86,78,8,167,150,17,153,137,16,189,159,30,100,92,8,158,139,19,242,225,17,119,102,17,20.4969108,86.4288534
ODISHA,Total,Kendrapara,Tempo/Autorickshaw/Taxi,2045,1626,419,0,0,0,113,90,23,426,274,152,380,265,115,466,394,72,274,254,20,134,127,7,107,100,7,145,122,23,20.4969108,86.4288534
ODISHA,Total,Kendrapara,Bus,10871,9786,1085,0,0,0,180,153,27,591,496,95,1009,857,152,1578,1359,219,1308,1178,130,1928,1772,156,3601,3366,235,676,605,71,20.4969108,86.4288534
ODISHA,Total,Kendrapara,Train,2320,2219,101,0,0,0,114,94,20,150,133,17,124,113,11,99,97,2,44,43,1,52,49,3,1260,1233,27,477,457,20,20.4969108,86.4288534
ODISHA,Total,Kendrapara,Water transport,2922,2847,75,0,0,0,119,110,9,520,504,16,688,671,17,720,709,11,244,241,3,277,274,3,221,216,5,133,122,11,20.4969108,86.4288534
ODISHA,Total,Kendrapara,Any other,1028,971,57,0,0,0,114,98,16,235,226,9,183,170,13,113,108,5,44,41,3,45,43,2,131,130,1,163,155,8,20.4969108,86.4288534
ODISHA,Total,Kendrapara,No travel,50799,32228,18571,50799,32228,18571,0,0,0,0,0,0,0,0,0,0,0,0,0,0,0,0,0,0,0,0,0,0,0,0,20.4969108,86.4288534
ODISHA,Rural,Kendrapara,All Modes,136241,106015,30226,47329,29722,17607,17255,12032,5223,24958,21521,3437,18080,15749,2331,10479,9902,577,6567,6194,373,3425,3224,201,5956,5655,301,2192,2016,176,20.4969108,86.4288534
ODISHA,Rural,Kendrapara,On foot,23534,15134,8400,0,0,0,12181,7329,4852,6814,4698,2116,4539,3107,1432,0,0,0,0,0,0,0,0,0,0,0,0,0,0,0,20.4969108,86.4288534
ODISHA,Rural,Kendrapara,Bicycle,32665,30995,1670,0,0,0,3573,3369,204,13028,12199,829,8297,7958,339,4431,4303,128,3336,3166,170,0,0,0,0,0,0,0,0,0,20.4969108,86.4288534
ODISHA,Rural,Kendrapara,Moped/Scooter/Motor Cycle,14541,13536,1005,0,0,0,939,863,76,3431,3157,274,2998,2714,284,3199,3015,184,1358,1301,57,1063,1028,35,773,740,33,780,718,62,20.4969108,86.4288534
ODISHA,Rural,Kendrapara,Car/Jeep/Van,943,838,105,0,0,0,56,51,5,119,105,14,124,110,14,164,142,22,90,82,8,119,104,15,195,181,14,76,63,13,20.4969108,86.4288534
ODISHA,Rural,Kendrapara,Tempo/Autorickshaw/Taxi,1681,1396,285,0,0,0,82,65,17,287,202,85,324,230,94,405,358,47,251,234,17,118,113,5,99,93,6,115,101,14,20.4969108,86.4288534
ODISHA,Rural,Kendrapara,Bus,9760,8829,931,0,0,0,160,134,26,516,436,80,847,720,127,1372,1194,178,1220,1106,114,1766,1627,139,3324,3108,216,555,504,51,20.4969108,86.4288534
ODISHA,Rural,Kendrapara,Train,2138,2042,96,0,0,0,88,69,19,127,112,15,119,108,11,88,86,2,34,33,1,45,43,2,1233,1206,27,404,385,19,20.4969108,86.4288534
ODISHA,Rural,Kendrapara,Water transport,2910,2837,73,0,0,0,119,110,9,519,503,16,688,671,17,720,709,11,243,240,3,276,273,3,215,211,4,130,120,10,20.4969108,86.4288534
ODISHA,Rural,Kendrapara,Any other,740,686,54,0,0,0,57,42,15,117,109,8,144,131,13,100,95,5,35,32,3,38,36,2,117,116,1,132,125,7,20.4969108,86.4288534
ODISHA,Rural,Kendrapara,No travel,47329,29722,17607,47329,29722,17607,0,0,0,0,0,0,0,0,0,0,0,0,0,0,0,0,0,0,0,0,0,0,0,0,20.4969108,86.4288534
ODISHA,Urban,Kendrapara,All Modes,20977,18470,2507,3470,2506,964,5001,4443,558,6509,6017,492,2402,2172,230,1110,999,111,988,951,37,415,383,32,474,448,26,608,551,57,20.4969108,86.4288534
ODISHA,Urban,Kendrapara,On foot,3671,2892,779,0,0,0,2404,1919,485,744,560,184,523,413,110,0,0,0,0,0,0,0,0,0,0,0,0,0,0,0,20.4969108,86.4288534
ODISHA,Urban,Kendrapara,Bicycle,7579,7405,174,0,0,0,1793,1762,31,3808,3715,93,983,957,26,307,296,11,688,675,13,0,0,0,0,0,0,0,0,0,20.4969108,86.4288534
ODISHA,Urban,Kendrapara,Moped/Scooter/Motor Cycle,4029,3764,265,0,0,0,640,610,30,1553,1426,127,605,559,46,487,461,26,159,154,5,183,175,8,95,93,2,307,286,21,20.4969108,86.4288534
ODISHA,Urban,Kendrapara,Car/Jeep/Van,271,244,27,0,0,0,30,27,3,48,45,3,29,27,2,25,17,8,10,10,0,39,35,4,47,44,3,43,39,4,20.4969108,86.4288534
ODISHA,Urban,Kendrapara,Tempo/Autorickshaw/Taxi,364,230,134,0,0,0,31,25,6,139,72,67,56,35,21,61,36,25,23,20,3,16,14,2,8,7,1,30,21,9,20.4969108,86.4288534
ODISHA,Urban,Kendrapara,Bus,1111,957,154,0,0,0,20,19,1,75,60,15,162,137,25,206,165,41,88,72,16,162,145,17,277,258,19,121,101,20,20.4969108,86.4288534
ODISHA,Urban,Kendrapara,Train,182,177,5,0,0,0,26,25,1,23,21,2,5,5,0,11,11,0,10,10,0,7,6,1,27,27,0,73,72,1,20.4969108,86.4288534
ODISHA,Urban,Kendrapara,Water transport,12,10,2,0,0,0,0,0,0,1,1,0,0,0,0,0,0,0,1,1,0,1,1,0,6,5,1,3,2,1,20.4969108,86.4288534
ODISHA,Urban,Kendrapara,Any other,288,285,3,0,0,0,57,56,1,118,117,1,39,39,0,13,13,0,9,9,0,7,7,0,14,14,0,31,30,1,20.4969108,86.4288534
ODISHA,Urban,Kendrapara,No travel,3470,2506,964,3470,2506,964,0,0,0,0,0,0,0,0,0,0,0,0,0,0,0,0,0,0,0,0,0,0,0,0,20.4969108,86.4288534
JHARKHAND,Total,Dhanbad,All Modes,618009,533480,84529,112049,82660,29389,121162,101841,19321,195240,175019,20221,100216,89705,10511,34974,32982,1992,26977,25877,1100,6384,5999,385,4192,3951,241,16815,15446,1369,23.7956531,86.4303859
JHARKHAND,Total,Dhanbad,On foot,218130,178709,39421,0,0,0,95287,77332,17955,79752,65706,14046,43091,35671,7420,0,0,0,0,0,0,0,0,0,0,0,0,0,0,0,23.7956531,86.4303859
JHARKHAND,Total,Dhanbad,Bicycle,135088,131608,3480,0,0,0,12133,11751,382,65427,63676,1751,26645,26084,561,12400,12183,217,18483,17914,569,0,0,0,0,0,0,0,0,0,23.7956531,86.4303859
JHARKHAND,Total,Dhanbad,Moped/Scooter/Motor Cycle,78623,75467,3156,0,0,0,10086,9663,423,32721,31324,1397,14953,14411,542,8101,7834,267,2577,2488,89,1825,1757,68,616,598,18,7744,7392,352,23.7956531,86.4303859
JHARKHAND,Total,Dhanbad,Car/Jeep/Van,8131,7045,1086,0,0,0,1001,864,137,2506,2121,385,1492,1268,224,1152,1010,142,442,391,51,453,426,27,228,207,21,857,758,99,23.7956531,86.4303859
JHARKHAND,Total,Dhanbad,Tempo/Autorickshaw/Taxi,37149,31887,5262,0,0,0,1563,1277,286,12086,9923,2163,10473,9198,1275,6785,5999,786,1500,1385,115,751,678,73,276,249,27,3715,3178,537,23.7956531,86.4303859
JHARKHAND,Total,Dhanbad,Bus,11796,10293,1503,0,0,0,323,254,69,1264,938,326,2271,1890,381,2953,2627,326,1781,1654,127,1388,1291,97,697,667,30,1119,972,147,23.7956531,86.4303859
JHARKHAND,Total,Dhanbad,Train,15218,14116,1102,0,0,0,588,531,57,1001,898,103,1016,925,91,3374,3129,245,2067,1924,143,1890,1774,116,2243,2103,140,3039,2832,207,23.7956531,86.4303859
JHARKHAND,Total,Dhanbad,Water transport,162,138,24,0,0,0,22,19,3,25,22,3,35,32,3,7,5,2,13,12,1,3,2,1,15,13,2,42,33,9,23.7956531,86.4303859
JHARKHAND,Total,Dhanbad,Any other,1663,1557,106,0,0,0,159,150,9,458,411,47,240,226,14,202,195,7,114,109,5,74,71,3,117,114,3,299,281,18,23.7956531,86.4303859
JHARKHAND,Total,Dhanbad,No travel,112049,82660,29389,112049,82660,29389,0,0,0,0,0,0,0,0,0,0,0,0,0,0,0,0,0,0,0,0,0,0,0,0,23.7956531,86.4303859
JHARKHAND,Rural,Dhanbad,All Modes,213965,180477,33488,36765,25529,11236,32263,24956,7307,61223,53285,7938,40809,35864,4945,20630,19636,994,14181,13653,528,2317,2195,122,1275,1228,47,4502,4131,371,23.7956531,86.4303859
JHARKHAND,Rural,Dhanbad,On foot,68375,51028,17347,0,0,0,25857,18864,6993,27002,20502,6500,15516,11662,3854,0,0,0,0,0,0,0,0,0,0,0,0,0,0,0,23.7956531,86.4303859
JHARKHAND,Rural,Dhanbad,Bicycle,66985,65371,1614,0,0,0,4017,3895,122,25827,25127,700,17242,16911,331,10122,9948,174,9777,9490,287,0,0,0,0,0,0,0,0,0,23.7956531,86.4303859
JHARKHAND,Rural,Dhanbad,Moped/Scooter/Motor Cycle,17956,17252,704,0,0,0,1703,1619,84,5693,5444,249,3684,3545,139,3084,2990,94,1096,1064,32,601,589,12,169,165,4,1926,1836,90,23.7956531,86.4303859
JHARKHAND,Rural,Dhanbad,Car/Jeep/Van,1243,1074,169,0,0,0,71,54,17,270,228,42,261,233,28,252,219,33,100,84,16,107,99,8,53,45,8,129,112,17,23.7956531,86.4303859
JHARKHAND,Rural,Dhanbad,Tempo/Autorickshaw/Taxi,9885,8470,1415,0,0,0,272,228,44,1572,1240,332,2680,2282,398,3165,2764,401,986,919,67,296,272,24,73,68,5,841,697,144,23.7956531,86.4303859
JHARKHAND,Rural,Dhanbad,Bus,5532,5011,521,0,0,0,120,101,19,375,312,63,838,698,140,1407,1273,134,1204,1144,60,794,753,41,341,331,10,453,399,54,23.7956531,86.4303859
JHARKHAND,Rural,Dhanbad,Train,6625,6181,444,0,0,0,180,157,23,392,345,47,496,452,44,2481,2330,151,928,866,62,484,450,34,591,571,20,1073,1010,63,23.7956531,86.4303859
JHARKHAND,Rural,Dhanbad,Water transport,47,41,6,0,0,0,8,7,1,5,4,1,11,9,2,4,3,1,7,7,0,1,0,1,5,5,0,6,6,0,23.7956531,86.4303859
JHARKHAND,Rural,Dhanbad,Any other,552,520,32,0,0,0,35,31,4,87,83,4,81,72,9,115,109,6,83,79,4,34,32,2,43,43,0,74,71,3,23.7956531,86.4303859
JHARKHAND,Rural,Dhanbad,No travel,36765,25529,11236,36765,25529,11236,0,0,0,0,0,0,0,0,0,0,0,0,0,0,0,0,0,0,0,0,0,0,0,0,23.7956531,86.4303859
JHARKHAND,Urban,Dhanbad,All Modes,404044,353003,51041,75284,57131,18153,88899,76885,12014,134017,121734,12283,59407,53841,5566,14344,13346,998,12796,12224,572,4067,3804,263,2917,2723,194,12313,11315,998,23.7956531,86.4303859
JHARKHAND,Urban,Dhanbad,On foot,149755,127681,22074,0,0,0,69430,58468,10962,52750,45204,7546,27575,24009,3566,0,0,0,0,0,0,0,0,0,0,0,0,0,0,0,23.7956531,86.4303859
JHARKHAND,Urban,Dhanbad,Bicycle,68103,66237,1866,0,0,0,8116,7856,260,39600,38549,1051,9403,9173,230,2278,2235,43,8706,8424,282,0,0,0,0,0,0,0,0,0,23.7956531,86.4303859
JHARKHAND,Urban,Dhanbad,Moped/Scooter/Motor Cycle,60667,58215,2452,0,0,0,8383,8044,339,27028,25880,1148,11269,10866,403,5017,4844,173,1481,1424,57,1224,1168,56,447,433,14,5818,5556,262,23.7956531,86.4303859
JHARKHAND,Urban,Dhanbad,Car/Jeep/Van,6888,5971,917,0,0,0,930,810,120,2236,1893,343,1231,1035,196,900,791,109,342,307,35,346,327,19,175,162,13,728,646,82,23.7956531,86.4303859
JHARKHAND,Urban,Dhanbad,Tempo/Autorickshaw/Taxi,27264,23417,3847,0,0,0,1291,1049,242,10514,8683,1831,7793,6916,877,3620,3235,385,514,466,48,455,406,49,203,181,22,2874,2481,393,23.7956531,86.4303859
JHARKHAND,Urban,Dhanbad,Bus,6264,5282,982,0,0,0,203,153,50,889,626,263,1433,1192,241,1546,1354,192,577,510,67,594,538,56,356,336,20,666,573,93,23.7956531,86.4303859
JHARKHAND,Urban,Dhanbad,Train,8593,7935,658,0,0,0,408,374,34,609,553,56,520,473,47,893,799,94,1139,1058,81,1406,1324,82,1652,1532,120,1966,1822,144,23.7956531,86.4303859
JHARKHAND,Urban,Dhanbad,Water transport,115,97,18,0,0,0,14,12,2,20,18,2,24,23,1,3,2,1,6,5,1,2,2,0,10,8,2,36,27,9,23.7956531,86.4303859
JHARKHAND,Urban,Dhanbad,Any other,1111,1037,74,0,0,0,124,119,5,371,328,43,159,154,5,87,86,1,31,30,1,40,39,1,74,71,3,225,210,15,23.7956531,86.4303859
JHARKHAND,Urban,Dhanbad,No travel,75284,57131,18153,75284,57131,18153,0,0,0,0,0,0,0,0,0,0,0,0,0,0,0,0,0,0,0,0,0,0,0,0,23.7956531,86.4303859
BIHAR,Total,Munger,All Modes,167566,143084,24482,59748,45358,14390,26468,22779,3689,45854,42353,3501,19596,17770,1826,4410,4115,295,3300,3097,203,2241,2055,186,4145,3902,243,1804,1655,149,25.3747561,86.4735251
BIHAR,Total,Munger,On foot,47306,40358,6948,0,0,0,19619,16309,3310,20262,17865,2397,7425,6184,1241,0,0,0,0,0,0,0,0,0,0,0,0,0,0,0,25.3747561,86.4735251
BIHAR,Total,Munger,Bicycle,31710,31151,559,0,0,0,4291,4178,113,18291,17992,299,6153,6091,62,1003,989,14,1972,1901,71,0,0,0,0,0,0,0,0,0,25.3747561,86.4735251
BIHAR,Total,Munger,Moped/Scooter/Motor Cycle,8811,8340,471,0,0,0,1306,1232,74,3836,3619,217,1741,1655,86,661,629,32,270,257,13,337,321,16,208,198,10,452,429,23,25.3747561,86.4735251
BIHAR,Total,Munger,Car/Jeep/Van,1478,1267,211,0,0,0,175,150,25,338,278,60,359,314,45,213,189,24,70,59,11,115,102,13,93,83,10,115,92,23,25.3747561,86.4735251
BIHAR,Total,Munger,Tempo/Autorickshaw/Taxi,3375,2674,701,0,0,0,247,179,68,1058,739,319,1369,1167,202,388,332,56,86,67,19,86,74,12,38,33,5,103,83,20,25.3747561,86.4735251
BIHAR,Total,Munger,Bus,2790,2389,401,0,0,0,122,97,25,430,355,75,629,541,88,486,408,78,313,277,36,420,376,44,305,265,40,85,70,15,25.3747561,86.4735251
BIHAR,Total,Munger,Train,10234,9619,615,0,0,0,445,404,41,823,776,47,1372,1294,78,1494,1409,85,507,463,44,1212,1121,91,3437,3262,175,944,890,54,25.3747561,86.4735251
BIHAR,Total,Munger,Water transport,242,215,27,0,0,0,23,17,6,44,41,3,57,50,7,28,27,1,22,20,2,27,23,4,20,20,0,21,17,4,25.3747561,86.4735251
BIHAR,Total,Munger,Any other,1872,1713,159,0,0,0,240,213,27,772,688,84,491,474,17,137,132,5,60,53,7,44,38,6,44,41,3,84,74,10,25.3747561,86.4735251
BIHAR,Total,Munger,No travel,59748,45358,14390,59748,45358,14390,0,0,0,0,0,0,0,0,0,0,0,0,0,0,0,0,0,0,0,0,0,0,0,0,25.3747561,86.4735251
BIHAR,Rural,Munger,All Modes,86047,71349,14698,32482,23330,9152,10860,8841,2019,20408,18631,1777,12172,11058,1114,3395,3198,197,1669,1551,118,1525,1420,105,2621,2486,135,915,834,81,25.3747561,86.4735251
BIHAR,Rural,Munger,On foot,23380,19374,4006,0,0,0,8729,6869,1860,10411,9064,1347,4240,3441,799,0,0,0,0,0,0,0,0,0,0,0,0,0,0,0,25.3747561,86.4735251
BIHAR,Rural,Munger,Bicycle,14205,13932,273,0,0,0,1295,1237,58,7086,6962,124,4307,4262,45,771,761,10,746,710,36,0,0,0,0,0,0,0,0,0,25.3747561,86.4735251
BIHAR,Rural,Munger,Moped/Scooter/Motor Cycle,3433,3224,209,0,0,0,305,275,30,1190,1114,76,860,812,48,439,418,21,169,160,9,207,196,11,142,134,8,121,115,6,25.3747561,86.4735251
BIHAR,Rural,Munger,Car/Jeep/Van,741,626,115,0,0,0,45,37,8,160,128,32,169,147,22,131,114,17,46,41,5,57,53,4,56,47,9,77,59,18,25.3747561,86.4735251
BIHAR,Rural,Munger,Tempo/Autorickshaw/Taxi,1663,1367,296,0,0,0,93,72,21,490,370,120,626,535,91,298,264,34,55,42,13,47,42,5,16,15,1,38,27,11,25.3747561,86.4735251
BIHAR,Rural,Munger,Bus,2066,1801,265,0,0,0,73,59,14,308,268,40,424,378,46,372,308,64,259,228,31,344,314,30,229,201,28,57,45,12,25.3747561,86.4735251
BIHAR,Rural,Munger,Train,7138,6801,337,0,0,0,223,202,21,510,486,24,1192,1141,51,1267,1219,48,367,346,21,846,792,54,2145,2056,89,588,559,29,25.3747561,86.4735251
BIHAR,Rural,Munger,Water transport,93,81,12,0,0,0,14,8,6,9,8,1,17,14,3,20,20,0,7,7,0,10,9,1,11,11,0,5,4,1,25.3747561,86.4735251
BIHAR,Rural,Munger,Any other,846,813,33,0,0,0,83,82,1,244,231,13,337,328,9,97,94,3,20,17,3,14,14,0,22,22,0,29,25,4,25.3747561,86.4735251
BIHAR,Rural,Munger,No travel,32482,23330,9152,32482,23330,9152,0,0,0,0,0,0,0,0,0,0,0,0,0,0,0,0,0,0,0,0,0,0,0,0,25.3747561,86.4735251
BIHAR,Urban,Munger,All Modes,81519,71735,9784,27266,22028,5238,15608,13938,1670,25446,23722,1724,7424,6712,712,1015,917,98,1631,1546,85,716,635,81,1524,1416,108,889,821,68,25.3747561,86.4735251
BIHAR,Urban,Munger,On foot,23926,20984,2942,0,0,0,10890,9440,1450,9851,8801,1050,3185,2743,442,0,0,0,0,0,0,0,0,0,0,0,0,0,0,0,25.3747561,86.4735251
BIHAR,Urban,Munger,Bicycle,17505,17219,286,0,0,0,2996,2941,55,11205,11030,175,1846,1829,17,232,228,4,1226,1191,35,0,0,0,0,0,0,0,0,0,25.3747561,86.4735251
BIHAR,Urban,Munger,Moped/Scooter/Motor Cycle,5378,5116,262,0,0,0,1001,957,44,2646,2505,141,881,843,38,222,211,11,101,97,4,130,125,5,66,64,2,331,314,17,25.3747561,86.4735251
BIHAR,Urban,Munger,Car/Jeep/Van,737,641,96,0,0,0,130,113,17,178,150,28,190,167,23,82,75,7,24,18,6,58,49,9,37,36,1,38,33,5,25.3747561,86.4735251
BIHAR,Urban,Munger,Tempo/Autorickshaw/Taxi,1712,1307,405,0,0,0,154,107,47,568,369,199,743,632,111,90,68,22,31,25,6,39,32,7,22,18,4,65,56,9,25.3747561,86.4735251
BIHAR,Urban,Munger,Bus,724,588,136,0,0,0,49,38,11,122,87,35,205,163,42,114,100,14,54,49,5,76,62,14,76,64,12,28,25,3,25.3747561,86.4735251
BIHAR,Urban,Munger,Train,3096,2818,278,0,0,0,222,202,20,313,290,23,180,153,27,227,190,37,140,117,23,366,329,37,1292,1206,86,356,331,25,25.3747561,86.4735251
BIHAR,Urban,Munger,Water transport,149,134,15,0,0,0,9,9,0,35,33,2,40,36,4,8,7,1,15,13,2,17,14,3,9,9,0,16,13,3,25.3747561,86.4735251
BIHAR,Urban,Munger,Any other,1026,900,126,0,0,0,157,131,26,528,457,71,154,146,8,40,38,2,40,36,4,30,24,6,22,19,3,55,49,6,25.3747561,86.4735251
BIHAR,Urban,Munger,No travel,27266,22028,5238,27266,22028,5238,0,0,0,0,0,0,0,0,0,0,0,0,0,0,0,0,0,0,0,0,0,0,0,0,25.3747561,86.4735251
BIHAR,Total,Khagaria,All Modes,109741,83814,25927,49397,32193,17204,19425,15611,3814,20612,17976,2636,10316,8787,1529,2236,2020,216,1926,1786,140,1175,1060,115,3172,3027,145,1482,1354,128,25.5111515,86.476908
BIHAR,Total,Khagaria,On foot,33455,26533,6922,0,0,0,16388,12839,3549,11221,9078,2143,5846,4616,1230,0,0,0,0,0,0,0,0,0,0,0,0,0,0,0,25.5111515,86.476908
BIHAR,Total,Khagaria,Bicycle,12297,11995,302,0,0,0,1757,1682,75,6556,6427,129,2332,2296,36,581,573,8,1071,1017,54,0,0,0,0,0,0,0,0,0,25.5111515,86.476908
BIHAR,Total,Khagaria,Moped/Scooter/Motor Cycle,3734,3383,351,0,0,0,538,475,63,1322,1207,115,704,645,59,414,377,37,215,195,20,234,210,24,130,123,7,177,151,26,25.5111515,86.476908
BIHAR,Total,Khagaria,Car/Jeep/Van,781,660,121,0,0,0,100,80,20,172,147,25,122,91,31,111,98,13,72,62,10,66,60,6,78,73,5,60,49,11,25.5111515,86.476908
BIHAR,Total,Khagaria,Tempo/Autorickshaw/Taxi,1230,954,276,0,0,0,103,77,26,347,241,106,329,253,76,205,176,29,63,55,8,57,49,8,38,36,2,88,67,21,25.5111515,86.476908
BIHAR,Total,Khagaria,Bus,2319,2001,318,0,0,0,117,89,28,278,238,40,380,314,66,454,384,70,249,222,27,337,293,44,411,382,29,93,79,14,25.5111515,86.476908
BIHAR,Total,Khagaria,Train,5394,5056,338,0,0,0,268,234,34,331,297,34,306,287,19,374,317,57,232,216,16,456,424,32,2458,2357,101,969,924,45,25.5111515,86.476908
BIHAR,Total,Khagaria,Water transport,62,55,7,0,0,0,13,13,0,6,5,1,10,8,2,5,5,0,3,1,2,3,3,0,14,14,0,8,6,2,25.5111515,86.476908
BIHAR,Total,Khagaria,Any other,1072,984,88,0,0,0,141,122,19,379,336,43,287,277,10,92,90,2,21,18,3,22,21,1,43,42,1,87,78,9,25.5111515,86.476908
BIHAR,Total,Khagaria,No travel,49397,32193,17204,49397,32193,17204,0,0,0,0,0,0,0,0,0,0,0,0,0,0,0,0,0,0,0,0,0,0,0,0,25.5111515,86.476908
BIHAR,Rural,Khagaria,All Modes,92280,68293,23987,43406,27121,16285,14162,10812,3350,17135,14733,2402,8828,7496,1332,1911,1747,164,1624,1508,116,972,880,92,2832,2710,122,1410,1286,124,25.5111515,86.476908
BIHAR,Rural,Khagaria,On foot,26177,19957,6220,0,0,0,11718,8603,3115,9442,7433,2009,5017,3921,1096,0,0,0,0,0,0,0,0,0,0,0,0,0,0,0,25.5111515,86.476908
BIHAR,Rural,Khagaria,Bicycle,10430,10157,273,0,0,0,1469,1401,68,5435,5324,111,2038,2003,35,528,520,8,960,909,51,0,0,0,0,0,0,0,0,0,25.5111515,86.476908
BIHAR,Rural,Khagaria,Moped/Scooter/Motor Cycle,2808,2521,287,0,0,0,345,291,54,963,874,89,556,512,44,322,291,31,167,149,18,181,161,20,115,109,6,159,134,25,25.5111515,86.476908
BIHAR,Rural,Khagaria,Car/Jeep/Van,576,486,90,0,0,0,57,42,15,125,105,20,101,73,28,89,83,6,43,38,5,53,49,4,53,52,1,55,44,11,25.5111515,86.476908
BIHAR,Rural,Khagaria,Tempo/Autorickshaw/Taxi,1002,803,199,0,0,0,87,63,24,279,209,70,264,207,57,173,155,18,46,41,5,42,38,4,31,29,2,80,61,19,25.5111515,86.476908
BIHAR,Rural,Khagaria,Bus,1974,1717,257,0,0,0,107,79,28,250,214,36,318,272,46,375,323,52,196,175,21,292,256,36,355,331,24,81,67,14,25.5111515,86.476908
BIHAR,Rural,Khagaria,Train,4918,4618,300,0,0,0,250,219,31,310,276,34,284,268,16,330,283,47,190,177,13,383,356,27,2228,2140,88,943,899,44,25.5111515,86.476908
BIHAR,Rural,Khagaria,Water transport,57,52,5,0,0,0,13,13,0,6,5,1,7,6,1,5,5,0,2,1,1,3,3,0,13,13,0,8,6,2,25.5111515,86.476908
BIHAR,Rural,Khagaria,Any other,932,861,71,0,0,0,116,101,15,325,293,32,243,234,9,89,87,2,20,18,2,18,17,1,37,36,1,84,75,9,25.5111515,86.476908
BIHAR,Rural,Khagaria,No travel,43406,27121,16285,43406,27121,16285,0,0,0,0,0,0,0,0,0,0,0,0,0,0,0,0,0,0,0,0,0,0,0,0,25.5111515,86.476908
BIHAR,Urban,Khagaria,All Modes,17461,15521,1940,5991,5072,919,5263,4799,464,3477,3243,234,1488,1291,197,325,273,52,302,278,24,203,180,23,340,317,23,72,68,4,25.5111515,86.476908
BIHAR,Urban,Khagaria,On foot,7278,6576,702,0,0,0,4670,4236,434,1779,1645,134,829,695,134,0,0,0,0,0,0,0,0,0,0,0,0,0,0,0,25.5111515,86.476908
BIHAR,Urban,Khagaria,Bicycle,1867,1838,29,0,0,0,288,281,7,1121,1103,18,294,293,1,53,53,0,111,108,3,0,0,0,0,0,0,0,0,0,25.5111515,86.476908
BIHAR,Urban,Khagaria,Moped/Scooter/Motor Cycle,926,862,64,0,0,0,193,184,9,359,333,26,148,133,15,92,86,6,48,46,2,53,49,4,15,14,1,18,17,1,25.5111515,86.476908
BIHAR,Urban,Khagaria,Car/Jeep/Van,205,174,31,0,0,0,43,38,5,47,42,5,21,18,3,22,15,7,29,24,5,13,11,2,25,21,4,5,5,0,25.5111515,86.476908
BIHAR,Urban,Khagaria,Tempo/Autorickshaw/Taxi,228,151,77,0,0,0,16,14,2,68,32,36,65,46,19,32,21,11,17,14,3,15,11,4,7,7,0,8,6,2,25.5111515,86.476908
BIHAR,Urban,Khagaria,Bus,345,284,61,0,0,0,10,10,0,28,24,4,62,42,20,79,61,18,53,47,6,45,37,8,56,51,5,12,12,0,25.5111515,86.476908
BIHAR,Urban,Khagaria,Train,476,438,38,0,0,0,18,15,3,21,21,0,22,19,3,44,34,10,42,39,3,73,68,5,230,217,13,26,25,1,25.5111515,86.476908
BIHAR,Urban,Khagaria,Water transport,5,3,2,0,0,0,0,0,0,0,0,0,3,2,1,0,0,0,1,0,1,0,0,0,1,1,0,0,0,0,25.5111515,86.476908
BIHAR,Urban,Khagaria,Any other,140,123,17,0,0,0,25,21,4,54,43,11,44,43,1,3,3,0,1,0,1,4,4,0,6,6,0,3,3,0,25.5111515,86.476908
BIHAR,Urban,Khagaria,No travel,5991,5072,919,5991,5072,919,0,0,0,0,0,0,0,0,0,0,0,0,0,0,0,0,0,0,0,0,0,0,0,0,25.5111515,86.476908
ODISHA,Total,Bhadrak,All Modes,146815,121353,25462,41972,28639,13333,22832,18080,4752,34842,31296,3546,19637,17564,2073,9216,8506,710,5980,5624,356,3131,2918,213,7341,6997,344,1864,1729,135,21.0582737,86.4958396
ODISHA,Total,Bhadrak,On foot,28162,20604,7558,0,0,0,15301,10946,4355,8793,6663,2130,4068,2995,1073,0,0,0,0,0,0,0,0,0,0,0,0,0,0,0,21.0582737,86.4958396
ODISHA,Total,Bhadrak,Bicycle,40932,39618,1314,0,0,0,5166,4955,211,19040,18400,640,9929,9666,263,3721,3631,90,3076,2966,110,0,0,0,0,0,0,0,0,0,21.0582737,86.4958396
ODISHA,Total,Bhadrak,Moped/Scooter/Motor Cycle,15080,14126,954,0,0,0,1730,1636,94,4916,4552,364,3264,3015,249,2433,2301,132,983,949,34,743,712,31,450,432,18,561,529,32,21.0582737,86.4958396
ODISHA,Total,Bhadrak,Car/Jeep/Van,1166,1032,134,0,0,0,80,70,10,233,188,45,178,145,33,192,174,18,96,87,9,134,128,6,172,167,5,81,73,8,21.0582737,86.4958396
ODISHA,Total,Bhadrak,Tempo/Autorickshaw/Taxi,1374,1051,323,0,0,0,80,63,17,390,256,134,362,261,101,238,205,33,65,57,8,67,67,0,60,54,6,112,88,24,21.0582737,86.4958396
ODISHA,Total,Bhadrak,Bus,10580,9068,1512,0,0,0,204,159,45,757,566,191,1226,936,290,2077,1657,420,1515,1324,191,1564,1406,158,2865,2688,177,372,332,40,21.0582737,86.4958396
ODISHA,Total,Bhadrak,Train,5156,4928,228,0,0,0,160,145,15,268,258,10,197,178,19,175,163,12,117,113,4,298,282,16,3342,3213,129,599,576,23,21.0582737,86.4958396
ODISHA,Total,Bhadrak,Water transport,1409,1396,13,0,0,0,44,44,0,188,187,1,122,118,4,293,291,2,97,97,0,270,269,1,334,332,2,61,58,3,21.0582737,86.4958396
ODISHA,Total,Bhadrak,Any other,984,891,93,0,0,0,67,62,5,257,226,31,291,250,41,87,84,3,31,31,0,55,54,1,118,111,7,78,73,5,21.0582737,86.4958396
ODISHA,Total,Bhadrak,No travel,41972,28639,13333,41972,28639,13333,0,0,0,0,0,0,0,0,0,0,0,0,0,0,0,0,0,0,0,0,0,0,0,0,21.0582737,86.4958396
ODISHA,Rural,Bhadrak,All Modes,106005,86278,19727,32268,21538,10730,16240,12437,3803,22168,19719,2449,14349,12803,1546,7235,6740,495,4113,3883,230,2444,2280,164,5947,5714,233,1241,1164,77,21.0582737,86.4958396
ODISHA,Rural,Bhadrak,On foot,21550,15564,5986,0,0,0,11684,8157,3527,6766,5167,1599,3100,2240,860,0,0,0,0,0,0,0,0,0,0,0,0,0,0,0,21.0582737,86.4958396
ODISHA,Rural,Bhadrak,Bicycle,26523,25540,983,0,0,0,3254,3096,158,11430,10960,470,7189,6981,208,2860,2782,78,1790,1721,69,0,0,0,0,0,0,0,0,0,21.0582737,86.4958396
ODISHA,Rural,Bhadrak,Moped/Scooter/Motor Cycle,9335,8776,559,0,0,0,816,767,49,2508,2332,176,2251,2094,157,1871,1767,104,734,711,23,548,522,26,321,310,11,286,273,13,21.0582737,86.4958396
ODISHA,Rural,Bhadrak,Car/Jeep/Van,779,696,83,0,0,0,43,39,4,142,116,26,140,114,26,158,149,9,67,62,5,89,85,4,99,95,4,41,36,5,21.0582737,86.4958396
ODISHA,Rural,Bhadrak,Tempo/Autorickshaw/Taxi,872,730,142,0,0,0,58,47,11,200,165,35,245,189,56,156,137,19,47,43,4,45,45,0,47,43,4,74,61,13,21.0582737,86.4958396
ODISHA,Rural,Bhadrak,Bus,8629,7604,1025,0,0,0,177,138,39,611,487,124,1011,818,193,1719,1443,276,1264,1138,126,1233,1114,119,2318,2199,119,296,267,29,21.0582737,86.4958396
ODISHA,Rural,Bhadrak,Train,4108,3957,151,0,0,0,122,110,12,173,167,6,138,127,11,130,125,5,99,96,3,237,224,13,2751,2663,88,458,445,13,21.0582737,86.4958396
ODISHA,Rural,Bhadrak,Water transport,1353,1342,11,0,0,0,42,42,0,186,185,1,119,115,4,284,283,1,95,95,0,261,260,1,315,313,2,51,49,2,21.0582737,86.4958396
ODISHA,Rural,Bhadrak,Any other,588,531,57,0,0,0,44,41,3,152,140,12,156,125,31,57,54,3,17,17,0,31,30,1,96,91,5,35,33,2,21.0582737,86.4958396
ODISHA,Rural,Bhadrak,No travel,32268,21538,10730,32268,21538,10730,0,0,0,0,0,0,0,0,0,0,0,0,0,0,0,0,0,0,0,0,0,0,0,0,21.0582737,86.4958396
ODISHA,Urban,Bhadrak,All Modes,40810,35075,5735,9704,7101,2603,6592,5643,949,12674,11577,1097,5288,4761,527,1981,1766,215,1867,1741,126,687,638,49,1394,1283,111,623,565,58,21.0582737,86.4958396
ODISHA,Urban,Bhadrak,On foot,6612,5040,1572,0,0,0,3617,2789,828,2027,1496,531,968,755,213,0,0,0,0,0,0,0,0,0,0,0,0,0,0,0,21.0582737,86.4958396
ODISHA,Urban,Bhadrak,Bicycle,14409,14078,331,0,0,0,1912,1859,53,7610,7440,170,2740,2685,55,861,849,12,1286,1245,41,0,0,0,0,0,0,0,0,0,21.0582737,86.4958396
ODISHA,Urban,Bhadrak,Moped/Scooter/Motor Cycle,5745,5350,395,0,0,0,914,869,45,2408,2220,188,1013,921,92,562,534,28,249,238,11,195,190,5,129,122,7,275,256,19,21.0582737,86.4958396
ODISHA,Urban,Bhadrak,Car/Jeep/Van,387,336,51,0,0,0,37,31,6,91,72,19,38,31,7,34,25,9,29,25,4,45,43,2,73,72,1,40,37,3,21.0582737,86.4958396
ODISHA,Urban,Bhadrak,Tempo/Autorickshaw/Taxi,502,321,181,0,0,0,22,16,6,190,91,99,117,72,45,82,68,14,18,14,4,22,22,0,13,11,2,38,27,11,21.0582737,86.4958396
ODISHA,Urban,Bhadrak,Bus,1951,1464,487,0,0,0,27,21,6,146,79,67,215,118,97,358,214,144,251,186,65,331,292,39,547,489,58,76,65,11,21.0582737,86.4958396
ODISHA,Urban,Bhadrak,Train,1048,971,77,0,0,0,38,35,3,95,91,4,59,51,8,45,38,7,18,17,1,61,58,3,591,550,41,141,131,10,21.0582737,86.4958396
ODISHA,Urban,Bhadrak,Water transport,56,54,2,0,0,0,2,2,0,2,2,0,3,3,0,9,8,1,2,2,0,9,9,0,19,19,0,10,9,1,21.0582737,86.4958396
ODISHA,Urban,Bhadrak,Any other,396,360,36,0,0,0,23,21,2,105,86,19,135,125,10,30,30,0,14,14,0,24,24,0,22,20,2,43,40,3,21.0582737,86.4958396
ODISHA,Urban,Bhadrak,No travel,9704,7101,2603,9704,7101,2603,0,0,0,0,0,0,0,0,0,0,0,0,0,0,0,0,0,0,0,0,0,0,0,0,21.0582737,86.4958396
JHARKHAND,Total,Purbi Singhbhum,All Modes,493868,414921,78947,68334,50476,17858,81871,63168,18703,196828,168846,27982,92254,82411,9843,27000,24676,2324,11134,10269,865,7374,6694,680,7039,6548,491,2034,1833,201,22.4866756,86.4996546
JHARKHAND,Total,Purbi Singhbhum,On foot,104102,69872,34230,0,0,0,54357,37431,16926,41211,26399,14812,8534,6042,2492,0,0,0,0,0,0,0,0,0,0,0,0,0,0,0,22.4866756,86.4996546
JHARKHAND,Total,Purbi Singhbhum,Bicycle,133827,127203,6624,0,0,0,12021,11569,452,73997,70121,3876,34533,32689,1844,8710,8419,291,4566,4405,161,0,0,0,0,0,0,0,0,0,22.4866756,86.4996546
JHARKHAND,Total,Purbi Singhbhum,Moped/Scooter/Motor Cycle,118628,112770,5858,0,0,0,12039,11474,565,58886,55735,3151,32950,31435,1515,9768,9342,426,1872,1805,67,1461,1412,49,607,583,24,1045,984,61,22.4866756,86.4996546
JHARKHAND,Total,Purbi Singhbhum,Car/Jeep/Van,13424,11413,2011,0,0,0,1117,919,198,5595,4644,951,3526,3019,507,1615,1421,194,456,407,49,532,472,60,445,416,29,138,115,23,22.4866756,86.4996546
JHARKHAND,Total,Purbi Singhbhum,Tempo/Autorickshaw/Taxi,22971,16757,6214,0,0,0,1240,897,343,11506,8049,3457,7232,5358,1874,2081,1672,409,316,285,31,209,180,29,139,126,13,248,190,58,22.4866756,86.4996546
JHARKHAND,Total,Purbi Singhbhum,Bus,23236,17858,5378,0,0,0,598,422,176,4825,3178,1647,4859,3304,1555,4198,3252,946,3317,2817,500,3229,2873,356,2058,1890,168,152,122,30,22.4866756,86.4996546
JHARKHAND,Total,Purbi Singhbhum,Train,7469,6772,697,0,0,0,209,184,25,351,289,62,316,277,39,496,444,52,519,464,55,1772,1586,186,3510,3257,253,296,271,25,22.4866756,86.4996546
JHARKHAND,Total,Purbi Singhbhum,Water transport,130,116,14,0,0,0,22,19,3,31,24,7,24,21,3,6,6,0,1,1,0,7,7,0,30,29,1,9,9,0,22.4866756,86.4996546
JHARKHAND,Total,Purbi Singhbhum,Any other,1747,1684,63,0,0,0,268,253,15,426,407,19,280,266,14,126,120,6,87,85,2,164,164,0,250,247,3,146,142,4,22.4866756,86.4996546
JHARKHAND,Total,Purbi Singhbhum,No travel,68334,50476,17858,68334,50476,17858,0,0,0,0,0,0,0,0,0,0,0,0,0,0,0,0,0,0,0,0,0,0,0,0,22.4866756,86.4996546
JHARKHAND,Rural,Purbi Singhbhum,All Modes,120167,94085,26082,24036,16658,7378,21704,14673,7031,32929,25517,7412,18261,15858,2403,9872,9007,865,6573,6070,503,3884,3551,333,2686,2544,142,222,207,15,22.4866756,86.4996546
JHARKHAND,Rural,Purbi Singhbhum,On foot,31404,17891,13513,0,0,0,16915,10220,6695,11915,6213,5702,2574,1458,1116,0,0,0,0,0,0,0,0,0,0,0,0,0,0,0,22.4866756,86.4996546
JHARKHAND,Rural,Purbi Singhbhum,Bicycle,39382,37220,2162,0,0,0,3249,3064,185,15881,14788,1093,11648,11041,607,5663,5474,189,2941,2853,88,0,0,0,0,0,0,0,0,0,22.4866756,86.4996546
JHARKHAND,Rural,Purbi Singhbhum,Moped/Scooter/Motor Cycle,9775,9328,447,0,0,0,1036,997,39,3718,3523,195,2289,2192,97,1494,1423,71,631,608,23,418,407,11,116,113,3,73,65,8,22.4866756,86.4996546
JHARKHAND,Rural,Purbi Singhbhum,Car/Jeep/Van,925,804,121,0,0,0,76,65,11,164,136,28,105,88,17,135,122,13,117,101,16,252,223,29,68,61,7,8,8,0,22.4866756,86.4996546
JHARKHAND,Rural,Purbi Singhbhum,Tempo/Autorickshaw/Taxi,946,734,212,0,0,0,68,57,11,258,198,60,313,206,107,184,157,27,70,66,4,28,26,2,11,11,0,14,13,1,22.4866756,86.4996546
JHARKHAND,Rural,Purbi Singhbhum,Bus,10101,8113,1988,0,0,0,242,163,79,802,491,311,1199,749,450,2097,1559,538,2475,2127,348,2305,2105,200,936,878,58,45,41,4,22.4866756,86.4996546
JHARKHAND,Rural,Purbi Singhbhum,Train,3119,2877,242,0,0,0,75,68,7,106,90,16,65,59,6,252,229,23,295,272,23,794,703,91,1470,1396,74,62,60,2,22.4866756,86.4996546
JHARKHAND,Rural,Purbi Singhbhum,Water transport,27,23,4,0,0,0,7,5,2,2,1,1,5,4,1,1,1,0,0,0,0,4,4,0,6,6,0,2,2,0,22.4866756,86.4996546
JHARKHAND,Rural,Purbi Singhbhum,Any other,452,437,15,0,0,0,36,34,2,83,77,6,63,61,2,46,42,4,44,43,1,83,83,0,79,79,0,18,18,0,22.4866756,86.4996546
JHARKHAND,Rural,Purbi Singhbhum,No travel,24036,16658,7378,24036,16658,7378,0,0,0,0,0,0,0,0,0,0,0,0,0,0,0,0,0,0,0,0,0,0,0,0,22.4866756,86.4996546
JHARKHAND,Urban,Purbi Singhbhum,All Modes,373701,320836,52865,44298,33818,10480,60167,48495,11672,163899,143329,20570,73993,66553,7440,17128,15669,1459,4561,4199,362,3490,3143,347,4353,4004,349,1812,1626,186,22.4866756,86.4996546
JHARKHAND,Urban,Purbi Singhbhum,On foot,72698,51981,20717,0,0,0,37442,27211,10231,29296,20186,9110,5960,4584,1376,0,0,0,0,0,0,0,0,0,0,0,0,0,0,0,22.4866756,86.4996546
JHARKHAND,Urban,Purbi Singhbhum,Bicycle,94445,89983,4462,0,0,0,8772,8505,267,58116,55333,2783,22885,21648,1237,3047,2945,102,1625,1552,73,0,0,0,0,0,0,0,0,0,22.4866756,86.4996546
JHARKHAND,Urban,Purbi Singhbhum,Moped/Scooter/Motor Cycle,108853,103442,5411,0,0,0,11003,10477,526,55168,52212,2956,30661,29243,1418,8274,7919,355,1241,1197,44,1043,1005,38,491,470,21,972,919,53,22.4866756,86.4996546
JHARKHAND,Urban,Purbi Singhbhum,Car/Jeep/Van,12499,10609,1890,0,0,0,1041,854,187,5431,4508,923,3421,2931,490,1480,1299,181,339,306,33,280,249,31,377,355,22,130,107,23,22.4866756,86.4996546
JHARKHAND,Urban,Purbi Singhbhum,Tempo/Autorickshaw/Taxi,22025,16023,6002,0,0,0,1172,840,332,11248,7851,3397,6919,5152,1767,1897,1515,382,246,219,27,181,154,27,128,115,13,234,177,57,22.4866756,86.4996546
JHARKHAND,Urban,Purbi Singhbhum,Bus,13135,9745,3390,0,0,0,356,259,97,4023,2687,1336,3660,2555,1105,2101,1693,408,842,690,152,924,768,156,1122,1012,110,107,81,26,22.4866756,86.4996546
JHARKHAND,Urban,Purbi Singhbhum,Train,4350,3895,455,0,0,0,134,116,18,245,199,46,251,218,33,244,215,29,224,192,32,978,883,95,2040,1861,179,234,211,23,22.4866756,86.4996546
JHARKHAND,Urban,Purbi Singhbhum,Water transport,103,93,10,0,0,0,15,14,1,29,23,6,19,17,2,5,5,0,1,1,0,3,3,0,24,23,1,7,7,0,22.4866756,86.4996546
JHARKHAND,Urban,Purbi Singhbhum,Any other,1295,1247,48,0,0,0,232,219,13,343,330,13,217,205,12,80,78,2,43,42,1,81,81,0,171,168,3,128,124,4,22.4866756,86.4996546
JHARKHAND,Urban,Purbi Singhbhum,No travel,44298,33818,10480,44298,33818,10480,0,0,0,0,0,0,0,0,0,0,0,0,0,0,0,0,0,0,0,0,0,0,0,0,22.4866756,86.4996546
BIHAR,Total,Saharsa,All Modes,109814,90306,19508,42197,30290,11907,18340,15245,3095,24075,22142,1933,13044,11387,1657,4722,4356,366,2964,2736,228,1158,1061,97,1705,1616,89,1609,1473,136,25.8834961,86.6006249
BIHAR,Total,Saharsa,On foot,28464,23192,5272,0,0,0,14263,11419,2844,9144,7929,1215,5057,3844,1213,0,0,0,0,0,0,0,0,0,0,0,0,0,0,0,25.8834961,86.6006249
BIHAR,Total,Saharsa,Bicycle,20470,20153,317,0,0,0,2358,2292,66,10340,10208,132,4916,4858,58,1552,1536,16,1304,1259,45,0,0,0,0,0,0,0,0,0,25.8834961,86.6006249
BIHAR,Total,Saharsa,Moped/Scooter/Motor Cycle,8569,7913,656,0,0,0,1016,946,70,2986,2760,226,1601,1462,139,1241,1136,105,707,659,48,413,389,24,155,144,11,450,417,33,25.8834961,86.6006249
BIHAR,Total,Saharsa,Car/Jeep/Van,944,784,160,0,0,0,102,88,14,240,191,49,138,111,27,162,130,32,73,64,9,75,67,8,71,60,11,83,73,10,25.8834961,86.6006249
BIHAR,Total,Saharsa,Tempo/Autorickshaw/Taxi,1929,1436,493,0,0,0,104,73,31,544,352,192,464,337,127,541,458,83,124,101,23,59,51,8,20,16,4,73,48,25,25.8834961,86.6006249
BIHAR,Total,Saharsa,Bus,2669,2328,341,0,0,0,75,61,14,280,251,29,529,456,73,740,653,87,376,316,60,276,238,38,262,244,18,131,109,22,25.8834961,86.6006249
BIHAR,Total,Saharsa,Train,3464,3239,225,0,0,0,130,110,20,158,139,19,194,182,12,414,375,39,354,314,40,323,305,18,1170,1125,45,721,689,32,25.8834961,86.6006249
BIHAR,Total,Saharsa,Water transport,100,84,16,0,0,0,18,14,4,39,32,7,13,10,3,7,6,1,3,3,0,4,4,0,6,6,0,10,9,1,25.8834961,86.6006249
BIHAR,Total,Saharsa,Any other,1008,887,121,0,0,0,274,242,32,344,280,64,132,127,5,65,62,3,23,20,3,8,7,1,21,21,0,141,128,13,25.8834961,86.6006249
BIHAR,Total,Saharsa,No travel,42197,30290,11907,42197,30290,11907,0,0,0,0,0,0,0,0,0,0,0,0,0,0,0,0,0,0,0,0,0,0,0,0,25.8834961,86.6006249
BIHAR,Rural,Saharsa,All Modes,78745,63047,15698,32976,22797,10179,12360,9901,2459,14798,13481,1317,10026,8737,1289,3733,3545,188,1880,1777,103,769,726,43,1312,1251,61,891,832,59,25.8834961,86.6006249
BIHAR,Rural,Saharsa,On foot,20204,15896,4308,0,0,0,10069,7759,2310,6254,5306,948,3881,2831,1050,0,0,0,0,0,0,0,0,0,0,0,0,0,0,0,25.8834961,86.6006249
BIHAR,Rural,Saharsa,Bicycle,14093,13862,231,0,0,0,1427,1384,43,6378,6283,95,4078,4031,47,1390,1376,14,820,788,32,0,0,0,0,0,0,0,0,0,25.8834961,86.6006249
BIHAR,Rural,Saharsa,Moped/Scooter/Motor Cycle,4440,4048,392,0,0,0,483,434,49,1263,1133,130,932,856,76,797,730,67,434,407,27,266,249,17,103,95,8,162,144,18,25.8834961,86.6006249
BIHAR,Rural,Saharsa,Car/Jeep/Van,528,449,79,0,0,0,53,45,8,111,90,21,81,65,16,97,83,14,46,42,4,48,45,3,47,39,8,45,40,5,25.8834961,86.6006249
BIHAR,Rural,Saharsa,Tempo/Autorickshaw/Taxi,1321,1126,195,0,0,0,75,60,15,289,214,75,335,285,50,450,413,37,89,82,7,38,35,3,14,11,3,31,26,5,25.8834961,86.6006249
BIHAR,Rural,Saharsa,Bus,2096,1949,147,0,0,0,60,51,9,233,215,18,458,422,36,631,589,42,241,229,12,203,188,15,198,189,9,72,66,6,25.8834961,86.6006249
BIHAR,Rural,Saharsa,Train,2513,2392,121,0,0,0,93,79,14,104,94,10,155,147,8,316,304,12,237,216,21,205,200,5,928,895,33,475,457,18,25.8834961,86.6006249
BIHAR,Rural,Saharsa,Water transport,89,73,16,0,0,0,16,12,4,38,31,7,10,7,3,6,5,1,2,2,0,3,3,0,6,6,0,8,7,1,25.8834961,86.6006249
BIHAR,Rural,Saharsa,Any other,485,455,30,0,0,0,84,77,7,128,115,13,96,93,3,46,45,1,11,11,0,6,6,0,16,16,0,98,92,6,25.8834961,86.6006249
BIHAR,Rural,Saharsa,No travel,32976,22797,10179,32976,22797,10179,0,0,0,0,0,0,0,0,0,0,0,0,0,0,0,0,0,0,0,0,0,0,0,0,25.8834961,86.6006249
BIHAR,Urban,Saharsa,All Modes,31069,27259,3810,9221,7493,1728,5980,5344,636,9277,8661,616,3018,2650,368,989,811,178,1084,959,125,389,335,54,393,365,28,718,641,77,25.8834961,86.6006249
BIHAR,Urban,Saharsa,On foot,8260,7296,964,0,0,0,4194,3660,534,2890,2623,267,1176,1013,163,0,0,0,0,0,0,0,0,0,0,0,0,0,0,0,25.8834961,86.6006249
BIHAR,Urban,Saharsa,Bicycle,6377,6291,86,0,0,0,931,908,23,3962,3925,37,838,827,11,162,160,2,484,471,13,0,0,0,0,0,0,0,0,0,25.8834961,86.6006249
BIHAR,Urban,Saharsa,Moped/Scooter/Motor Cycle,4129,3865,264,0,0,0,533,512,21,1723,1627,96,669,606,63,444,406,38,273,252,21,147,140,7,52,49,3,288,273,15,25.8834961,86.6006249
BIHAR,Urban,Saharsa,Car/Jeep/Van,416,335,81,0,0,0,49,43,6,129,101,28,57,46,11,65,47,18,27,22,5,27,22,5,24,21,3,38,33,5,25.8834961,86.6006249
BIHAR,Urban,Saharsa,Tempo/Autorickshaw/Taxi,608,310,298,0,0,0,29,13,16,255,138,117,129,52,77,91,45,46,35,19,16,21,16,5,6,5,1,42,22,20,25.8834961,86.6006249
BIHAR,Urban,Saharsa,Bus,573,379,194,0,0,0,15,10,5,47,36,11,71,34,37,109,64,45,135,87,48,73,50,23,64,55,9,59,43,16,25.8834961,86.6006249
BIHAR,Urban,Saharsa,Train,951,847,104,0,0,0,37,31,6,54,45,9,39,35,4,98,71,27,117,98,19,118,105,13,242,230,12,246,232,14,25.8834961,86.6006249
BIHAR,Urban,Saharsa,Water transport,11,11,0,0,0,0,2,2,0,1,1,0,3,3,0,1,1,0,1,1,0,1,1,0,0,0,0,2,2,0,25.8834961,86.6006249
BIHAR,Urban,Saharsa,Any other,523,432,91,0,0,0,190,165,25,216,165,51,36,34,2,19,17,2,12,9,3,2,1,1,5,5,0,43,36,7,25.8834961,86.6006249
BIHAR,Urban,Saharsa,No travel,9221,7493,1728,9221,7493,1728,0,0,0,0,0,0,0,0,0,0,0,0,0,0,0,0,0,0,0,0,0,0,0,0,25.8834961,86.6006249
BIHAR,Total,Supaul,All Modes,98974,73896,25078,44410,27061,17349,18658,14979,3679,18772,16728,2044,9091,7631,1460,2389,2174,215,2091,1968,123,833,769,64,1806,1745,61,924,841,83,26.1317087,86.6107106
BIHAR,Total,Supaul,On foot,25378,19429,5949,0,0,0,14314,10917,3397,7187,5724,1463,3877,2788,1089,0,0,0,0,0,0,0,0,0,0,0,0,0,0,0,26.1317087,86.6107106
BIHAR,Total,Supaul,Bicycle,16375,15996,379,0,0,0,2800,2712,88,8123,7979,144,3195,3135,60,991,963,28,1266,1207,59,0,0,0,0,0,0,0,0,0,26.1317087,86.6107106
BIHAR,Total,Supaul,Moped/Scooter/Motor Cycle,6204,5548,656,0,0,0,1064,962,102,2216,1986,230,1097,940,157,678,598,80,371,347,24,331,306,25,169,159,10,278,250,28,26.1317087,86.6107106
BIHAR,Total,Supaul,Car/Jeep/Van,620,543,77,0,0,0,100,81,19,161,146,15,81,72,9,69,61,8,49,46,3,67,59,8,46,41,5,47,37,10,26.1317087,86.6107106
BIHAR,Total,Supaul,Tempo/Autorickshaw/Taxi,1312,1005,307,0,0,0,127,101,26,485,365,120,329,243,86,190,146,44,82,70,12,35,32,3,24,19,5,40,29,11,26.1317087,86.6107106
BIHAR,Total,Supaul,Bus,1492,1313,179,0,0,0,69,53,16,232,203,29,282,248,34,238,192,46,176,158,18,186,171,15,251,239,12,58,49,9,26.1317087,86.6107106
BIHAR,Total,Supaul,Train,2636,2532,104,0,0,0,113,96,17,149,142,7,136,125,11,179,170,9,126,120,6,183,172,11,1287,1262,25,463,445,18,26.1317087,86.6107106
BIHAR,Total,Supaul,Water transport,46,39,7,0,0,0,5,5,0,10,8,2,9,8,1,6,6,0,0,0,0,4,3,1,7,6,1,5,3,2,26.1317087,86.6107106
BIHAR,Total,Supaul,Any other,501,430,71,0,0,0,66,52,14,209,175,34,85,72,13,38,38,0,21,20,1,27,26,1,22,19,3,33,28,5,26.1317087,86.6107106
BIHAR,Total,Supaul,No travel,44410,27061,17349,44410,27061,17349,0,0,0,0,0,0,0,0,0,0,0,0,0,0,0,0,0,0,0,0,0,0,0,0,26.1317087,86.6107106
BIHAR,Rural,Supaul,All Modes,80078,57057,23021,38923,22568,16355,12157,8940,3217,14089,12388,1701,7697,6421,1276,2125,1952,173,1871,1761,110,689,634,55,1698,1640,58,829,753,76,26.1317087,86.6107106
BIHAR,Rural,Supaul,On foot,17711,12457,5254,0,0,0,9203,6214,2989,5340,4065,1275,3168,2178,990,0,0,0,0,0,0,0,0,0,0,0,0,0,0,0,26.1317087,86.6107106
BIHAR,Rural,Supaul,Bicycle,13450,13122,328,0,0,0,1985,1915,70,6381,6264,117,2961,2905,56,955,929,26,1168,1109,59,0,0,0,0,0,0,0,0,0,26.1317087,86.6107106
BIHAR,Rural,Supaul,Moped/Scooter/Motor Cycle,4533,3980,553,0,0,0,646,553,93,1497,1317,180,859,731,128,560,490,70,315,291,24,276,252,24,151,141,10,229,205,24,26.1317087,86.6107106
BIHAR,Rural,Supaul,Car/Jeep/Van,389,332,57,0,0,0,40,30,10,75,64,11,52,47,5,54,47,7,38,36,2,50,42,8,39,35,4,41,31,10,26.1317087,86.6107106
BIHAR,Rural,Supaul,Tempo/Autorickshaw/Taxi,1020,824,196,0,0,0,84,67,17,353,282,71,256,203,53,167,132,35,71,67,4,27,27,0,24,19,5,38,27,11,26.1317087,86.6107106
BIHAR,Rural,Supaul,Bus,1246,1109,137,0,0,0,56,41,15,188,164,24,203,178,25,205,176,29,157,143,14,160,150,10,227,216,11,50,41,9,26.1317087,86.6107106
BIHAR,Rural,Supaul,Train,2408,2313,95,0,0,0,91,75,16,121,115,6,124,114,10,143,137,6,105,99,6,152,141,11,1231,1206,25,441,426,15,26.1317087,86.6107106
BIHAR,Rural,Supaul,Water transport,43,37,6,0,0,0,5,5,0,9,8,1,9,8,1,6,6,0,0,0,0,4,3,1,6,5,1,4,2,2,26.1317087,86.6107106
BIHAR,Rural,Supaul,Any other,355,315,40,0,0,0,47,40,7,125,109,16,65,57,8,35,35,0,17,16,1,20,19,1,20,18,2,26,21,5,26.1317087,86.6107106
BIHAR,Rural,Supaul,No travel,38923,22568,16355,38923,22568,16355,0,0,0,0,0,0,0,0,0,0,0,0,0,0,0,0,0,0,0,0,0,0,0,0,26.1317087,86.6107106
BIHAR,Urban,Supaul,All Modes,18896,16839,2057,5487,4493,994,6501,6039,462,4683,4340,343,1394,1210,184,264,222,42,220,207,13,144,135,9,108,105,3,95,88,7,26.1317087,86.6107106
BIHAR,Urban,Supaul,On foot,7667,6972,695,0,0,0,5111,4703,408,1847,1659,188,709,610,99,0,0,0,0,0,0,0,0,0,0,0,0,0,0,0,26.1317087,86.6107106
BIHAR,Urban,Supaul,Bicycle,2925,2874,51,0,0,0,815,797,18,1742,1715,27,234,230,4,36,34,2,98,98,0,0,0,0,0,0,0,0,0,0,26.1317087,86.6107106
BIHAR,Urban,Supaul,Moped/Scooter/Motor Cycle,1671,1568,103,0,0,0,418,409,9,719,669,50,238,209,29,118,108,10,56,56,0,55,54,1,18,18,0,49,45,4,26.1317087,86.6107106
BIHAR,Urban,Supaul,Car/Jeep/Van,231,211,20,0,0,0,60,51,9,86,82,4,29,25,4,15,14,1,11,10,1,17,17,0,7,6,1,6,6,0,26.1317087,86.6107106
BIHAR,Urban,Supaul,Tempo/Autorickshaw/Taxi,292,181,111,0,0,0,43,34,9,132,83,49,73,40,33,23,14,9,11,3,8,8,5,3,0,0,0,2,2,0,26.1317087,86.6107106
BIHAR,Urban,Supaul,Bus,246,204,42,0,0,0,13,12,1,44,39,5,79,70,9,33,16,17,19,15,4,26,21,5,24,23,1,8,8,0,26.1317087,86.6107106
BIHAR,Urban,Supaul,Train,228,219,9,0,0,0,22,21,1,28,27,1,12,11,1,36,33,3,21,21,0,31,31,0,56,56,0,22,19,3,26.1317087,86.6107106
BIHAR,Urban,Supaul,Water transport,3,2,1,0,0,0,0,0,0,1,0,1,0,0,0,0,0,0,0,0,0,0,0,0,1,1,0,1,1,0,26.1317087,86.6107106
BIHAR,Urban,Supaul,Any other,146,115,31,0,0,0,19,12,7,84,66,18,20,15,5,3,3,0,4,4,0,7,7,0,2,1,1,7,7,0,26.1317087,86.6107106
BIHAR,Urban,Supaul,No travel,5487,4493,994,5487,4493,994,0,0,0,0,0,0,0,0,0,0,0,0,0,0,0,0,0,0,0,0,0,0,0,0,26.1317087,86.6107106
JHARKHAND,Total,Deoghar,All Modes,173757,147694,26063,44612,32151,12461,27213,21940,5273,43735,39381,4354,25929,23539,2390,9078,8612,466,7722,7400,322,4068,3854,214,6021,5756,265,5379,5061,318,24.485179,86.694785
JHARKHAND,Total,Deoghar,On foot,49608,39915,9693,0,0,0,21630,16678,4952,18584,15498,3086,9394,7739,1655,0,0,0,0,0,0,0,0,0,0,0,0,0,0,0,24.485179,86.694785
JHARKHAND,Total,Deoghar,Bicycle,41100,40010,1090,0,0,0,3061,2951,110,17618,17140,478,11319,11039,280,4242,4152,90,4860,4728,132,0,0,0,0,0,0,0,0,0,24.485179,86.694785
JHARKHAND,Total,Deoghar,Moped/Scooter/Motor Cycle,14243,13382,861,0,0,0,1752,1663,89,5395,5035,360,2734,2573,161,1651,1545,106,685,652,33,679,644,35,312,301,11,1035,969,66,24.485179,86.694785
JHARKHAND,Total,Deoghar,Car/Jeep/Van,1326,1164,162,0,0,0,171,145,26,336,274,62,210,187,23,149,135,14,95,86,9,112,101,11,114,109,5,139,127,12,24.485179,86.694785
JHARKHAND,Total,Deoghar,Tempo/Autorickshaw/Taxi,3271,2701,570,0,0,0,150,110,40,774,527,247,1048,900,148,631,578,53,217,204,13,113,102,11,46,41,5,292,239,53,24.485179,86.694785
JHARKHAND,Total,Deoghar,Bus,6824,6255,569,0,0,0,127,114,13,346,280,66,562,478,84,1724,1572,152,1150,1056,94,1134,1065,69,1126,1074,52,655,616,39,24.485179,86.694785
JHARKHAND,Total,Deoghar,Train,11798,11224,574,0,0,0,251,222,29,388,364,24,381,360,21,573,530,43,682,643,39,1996,1908,88,4385,4195,190,3142,3002,140,24.485179,86.694785
JHARKHAND,Total,Deoghar,Water transport,59,50,9,0,0,0,14,11,3,9,8,1,4,4,0,0,0,0,5,4,1,3,3,0,10,9,1,14,11,3,24.485179,86.694785
JHARKHAND,Total,Deoghar,Any other,916,842,74,0,0,0,57,46,11,285,255,30,277,259,18,108,100,8,28,27,1,31,31,0,28,27,1,102,97,5,24.485179,86.694785
JHARKHAND,Total,Deoghar,No travel,44612,32151,12461,44612,32151,12461,0,0,0,0,0,0,0,0,0,0,0,0,0,0,0,0,0,0,0,0,0,0,0,0,24.485179,86.694785
JHARKHAND,Rural,Deoghar,All Modes,109561,90716,18845,31475,21560,9915,14040,10358,3682,22513,19835,2678,18140,16404,1736,7473,7200,273,5720,5532,188,2719,2628,91,4012,3882,130,3469,3317,152,24.485179,86.694785
JHARKHAND,Rural,Deoghar,On foot,28957,21897,7060,0,0,0,11536,7996,3540,11092,8905,2187,6329,4996,1333,0,0,0,0,0,0,0,0,0,0,0,0,0,0,0,24.485179,86.694785
JHARKHAND,Rural,Deoghar,Bicycle,27479,26712,767,0,0,0,1622,1552,70,9151,8862,289,9152,8924,228,3927,3844,83,3627,3530,97,0,0,0,0,0,0,0,0,0,24.485179,86.694785
JHARKHAND,Rural,Deoghar,Moped/Scooter/Motor Cycle,5299,4950,349,0,0,0,488,460,28,1360,1239,121,1200,1130,70,943,888,55,382,369,13,325,302,23,138,133,5,463,429,34,24.485179,86.694785
JHARKHAND,Rural,Deoghar,Car/Jeep/Van,461,421,40,0,0,0,42,34,8,74,66,8,67,62,5,72,67,5,57,53,4,60,58,2,32,32,0,57,49,8,24.485179,86.694785
JHARKHAND,Rural,Deoghar,Tempo/Autorickshaw/Taxi,1751,1639,112,0,0,0,56,51,5,202,180,22,558,519,39,500,480,20,188,182,6,67,64,3,23,21,2,157,142,15,24.485179,86.694785
JHARKHAND,Rural,Deoghar,Bus,5443,5164,279,0,0,0,101,95,6,244,210,34,410,366,44,1507,1431,76,1000,947,53,876,853,23,783,760,23,522,502,20,24.485179,86.694785
JHARKHAND,Rural,Deoghar,Train,8086,7795,291,0,0,0,167,145,22,244,233,11,220,213,7,438,410,28,440,426,14,1366,1326,40,3013,2914,99,2198,2128,70,24.485179,86.694785
JHARKHAND,Rural,Deoghar,Water transport,31,25,6,0,0,0,8,6,2,5,5,0,3,3,0,0,0,0,2,2,0,0,0,0,6,5,1,7,4,3,24.485179,86.694785
JHARKHAND,Rural,Deoghar,Any other,579,553,26,0,0,0,20,19,1,141,135,6,201,191,10,86,80,6,24,23,1,25,25,0,17,17,0,65,63,2,24.485179,86.694785
JHARKHAND,Rural,Deoghar,No travel,31475,21560,9915,31475,21560,9915,0,0,0,0,0,0,0,0,0,0,0,0,0,0,0,0,0,0,0,0,0,0,0,0,24.485179,86.694785
JHARKHAND,Urban,Deoghar,All Modes,64196,56978,7218,13137,10591,2546,13173,11582,1591,21222,19546,1676,7789,7135,654,1605,1412,193,2002,1868,134,1349,1226,123,2009,1874,135,1910,1744,166,24.485179,86.694785
JHARKHAND,Urban,Deoghar,On foot,20651,18018,2633,0,0,0,10094,8682,1412,7492,6593,899,3065,2743,322,0,0,0,0,0,0,0,0,0,0,0,0,0,0,0,24.485179,86.694785
JHARKHAND,Urban,Deoghar,Bicycle,13621,13298,323,0,0,0,1439,1399,40,8467,8278,189,2167,2115,52,315,308,7,1233,1198,35,0,0,0,0,0,0,0,0,0,24.485179,86.694785
JHARKHAND,Urban,Deoghar,Moped/Scooter/Motor Cycle,8944,8432,512,0,0,0,1264,1203,61,4035,3796,239,1534,1443,91,708,657,51,303,283,20,354,342,12,174,168,6,572,540,32,24.485179,86.694785
JHARKHAND,Urban,Deoghar,Car/Jeep/Van,865,743,122,0,0,0,129,111,18,262,208,54,143,125,18,77,68,9,38,33,5,52,43,9,82,77,5,82,78,4,24.485179,86.694785
JHARKHAND,Urban,Deoghar,Tempo/Autorickshaw/Taxi,1520,1062,458,0,0,0,94,59,35,572,347,225,490,381,109,131,98,33,29,22,7,46,38,8,23,20,3,135,97,38,24.485179,86.694785
JHARKHAND,Urban,Deoghar,Bus,1381,1091,290,0,0,0,26,19,7,102,70,32,152,112,40,217,141,76,150,109,41,258,212,46,343,314,29,133,114,19,24.485179,86.694785
JHARKHAND,Urban,Deoghar,Train,3712,3429,283,0,0,0,84,77,7,144,131,13,161,147,14,135,120,15,242,217,25,630,582,48,1372,1281,91,944,874,70,24.485179,86.694785
JHARKHAND,Urban,Deoghar,Water transport,28,25,3,0,0,0,6,5,1,4,3,1,1,1,0,0,0,0,3,2,1,3,3,0,4,4,0,7,7,0,24.485179,86.694785
JHARKHAND,Urban,Deoghar,Any other,337,289,48,0,0,0,37,27,10,144,120,24,76,68,8,22,20,2,4,4,0,6,6,0,11,10,1,37,34,3,24.485179,86.694785
JHARKHAND,Urban,Deoghar,No travel,13137,10591,2546,13137,10591,2546,0,0,0,0,0,0,0,0,0,0,0,0,0,0,0,0,0,0,0,0,0,0,0,0,24.485179,86.694785
BIHAR,Total,Madhepura,All Modes,86328,63968,22360,40695,25647,15048,15439,12218,3221,15752,13559,2193,7505,6293,1212,2011,1793,218,2120,1933,187,825,712,113,1383,1301,82,598,512,86,25.9286903,86.7909759
BIHAR,Total,Madhepura,On foot,21534,16133,5401,0,0,0,12013,9065,2948,6336,4750,1586,3185,2318,867,0,0,0,0,0,0,0,0,0,0,0,0,0,0,0,25.9286903,86.7909759
BIHAR,Total,Madhepura,Bicycle,13592,13259,333,0,0,0,2131,2061,70,6625,6487,138,2755,2701,54,841,819,22,1240,1191,49,0,0,0,0,0,0,0,0,0,25.9286903,86.7909759
BIHAR,Total,Madhepura,Moped/Scooter/Motor Cycle,5965,5247,718,0,0,0,875,774,101,2008,1767,241,969,841,128,744,655,89,458,406,52,396,348,48,240,224,16,275,232,43,25.9286903,86.7909759
BIHAR,Total,Madhepura,Car/Jeep/Van,540,440,100,0,0,0,75,65,10,123,89,34,68,50,18,57,46,11,58,48,10,69,60,9,53,48,5,37,34,3,25.9286903,86.7909759
BIHAR,Total,Madhepura,Tempo/Autorickshaw/Taxi,1050,671,379,0,0,0,124,75,49,328,198,130,299,197,102,131,72,59,69,52,17,44,38,6,19,15,4,36,24,12,25.9286903,86.7909759
BIHAR,Total,Madhepura,Bus,1327,1067,260,0,0,0,80,58,22,111,84,27,121,87,34,184,150,34,251,198,53,246,204,42,277,244,33,57,42,15,25.9286903,86.7909759
BIHAR,Total,Madhepura,Train,1262,1197,65,0,0,0,77,66,11,88,77,11,42,40,2,40,39,1,29,26,3,62,56,6,768,745,23,156,148,8,25.9286903,86.7909759
BIHAR,Total,Madhepura,Water transport,26,19,7,0,0,0,5,2,3,4,4,0,4,3,1,0,0,0,1,1,0,1,1,0,6,5,1,5,3,2,25.9286903,86.7909759
BIHAR,Total,Madhepura,Any other,337,288,49,0,0,0,59,52,7,129,103,26,62,56,6,14,12,2,14,11,3,7,5,2,20,20,0,32,29,3,25.9286903,86.7909759
BIHAR,Total,Madhepura,No travel,40695,25647,15048,40695,25647,15048,0,0,0,0,0,0,0,0,0,0,0,0,0,0,0,0,0,0,0,0,0,0,0,0,25.9286903,86.7909759
BIHAR,Rural,Madhepura,All Modes,68905,49929,18976,34286,21100,13186,10630,8028,2602,12246,10482,1764,6271,5282,989,1650,1519,131,1615,1498,117,640,566,74,1165,1109,56,402,345,57,25.9286903,86.7909759
BIHAR,Rural,Madhepura,On foot,15762,11228,4534,0,0,0,8249,5837,2412,5012,3634,1378,2501,1757,744,0,0,0,0,0,0,0,0,0,0,0,0,0,0,0,25.9286903,86.7909759
BIHAR,Rural,Madhepura,Bicycle,11349,11083,266,0,0,0,1589,1531,58,5390,5286,104,2586,2538,48,774,754,20,1010,974,36,0,0,0,0,0,0,0,0,0,25.9286903,86.7909759
BIHAR,Rural,Madhepura,Moped/Scooter/Motor Cycle,4245,3711,534,0,0,0,545,467,78,1360,1179,181,736,643,93,571,509,62,341,304,37,318,279,39,201,189,12,173,141,32,25.9286903,86.7909759
BIHAR,Rural,Madhepura,Car/Jeep/Van,361,304,57,0,0,0,33,28,5,78,61,17,57,44,13,44,36,8,33,28,5,50,48,2,41,37,4,25,22,3,25.9286903,86.7909759
BIHAR,Rural,Madhepura,Tempo/Autorickshaw/Taxi,638,478,160,0,0,0,60,41,19,182,140,42,217,157,60,80,57,23,33,30,3,31,29,2,14,11,3,21,13,8,25.9286903,86.7909759
BIHAR,Rural,Madhepura,Bus,977,823,154,0,0,0,58,44,14,81,62,19,95,73,22,138,121,17,164,131,33,185,161,24,220,201,19,36,30,6,25.9286903,86.7909759
BIHAR,Rural,Madhepura,Train,1049,1001,48,0,0,0,53,46,7,73,63,10,31,29,2,32,32,0,23,22,1,50,44,6,670,653,17,117,112,5,25.9286903,86.7909759
BIHAR,Rural,Madhepura,Water transport,18,14,4,0,0,0,4,2,2,2,2,0,4,3,1,0,0,0,1,1,0,1,1,0,4,3,1,2,2,0,25.9286903,86.7909759
BIHAR,Rural,Madhepura,Any other,220,187,33,0,0,0,39,32,7,68,55,13,44,38,6,11,10,1,10,8,2,5,4,1,15,15,0,28,25,3,25.9286903,86.7909759
BIHAR,Rural,Madhepura,No travel,34286,21100,13186,34286,21100,13186,0,0,0,0,0,0,0,0,0,0,0,0,0,0,0,0,0,0,0,0,0,0,0,0,25.9286903,86.7909759
BIHAR,Urban,Madhepura,All Modes,17423,14039,3384,6409,4547,1862,4809,4190,619,3506,3077,429,1234,1011,223,361,274,87,505,435,70,185,146,39,218,192,26,196,167,29,25.9286903,86.7909759
BIHAR,Urban,Madhepura,On foot,5772,4905,867,0,0,0,3764,3228,536,1324,1116,208,684,561,123,0,0,0,0,0,0,0,0,0,0,0,0,0,0,0,25.9286903,86.7909759
BIHAR,Urban,Madhepura,Bicycle,2243,2176,67,0,0,0,542,530,12,1235,1201,34,169,163,6,67,65,2,230,217,13,0,0,0,0,0,0,0,0,0,25.9286903,86.7909759
BIHAR,Urban,Madhepura,Moped/Scooter/Motor Cycle,1720,1536,184,0,0,0,330,307,23,648,588,60,233,198,35,173,146,27,117,102,15,78,69,9,39,35,4,102,91,11,25.9286903,86.7909759
BIHAR,Urban,Madhepura,Car/Jeep/Van,179,136,43,0,0,0,42,37,5,45,28,17,11,6,5,13,10,3,25,20,5,19,12,7,12,11,1,12,12,0,25.9286903,86.7909759
BIHAR,Urban,Madhepura,Tempo/Autorickshaw/Taxi,412,193,219,0,0,0,64,34,30,146,58,88,82,40,42,51,15,36,36,22,14,13,9,4,5,4,1,15,11,4,25.9286903,86.7909759
BIHAR,Urban,Madhepura,Bus,350,244,106,0,0,0,22,14,8,30,22,8,26,14,12,46,29,17,87,67,20,61,43,18,57,43,14,21,12,9,25.9286903,86.7909759
BIHAR,Urban,Madhepura,Train,213,196,17,0,0,0,24,20,4,15,14,1,11,11,0,8,7,1,6,4,2,12,12,0,98,92,6,39,36,3,25.9286903,86.7909759
BIHAR,Urban,Madhepura,Water transport,8,5,3,0,0,0,1,0,1,2,2,0,0,0,0,0,0,0,0,0,0,0,0,0,2,2,0,3,1,2,25.9286903,86.7909759
BIHAR,Urban,Madhepura,Any other,117,101,16,0,0,0,20,20,0,61,48,13,18,18,0,3,2,1,4,3,1,2,1,1,5,5,0,4,4,0,25.9286903,86.7909759
BIHAR,Urban,Madhepura,No travel,6409,4547,1862,6409,4547,1862,0,0,0,0,0,0,0,0,0,0,0,0,0,0,0,0,0,0,0,0,0,0,0,0,25.9286903,86.7909759
JHARKHAND,Total,Jamtara,All Modes,73409,59493,13916,20930,13981,6949,12710,9591,3119,17574,15432,2142,9764,8712,1052,4569,4328,241,3163,3002,161,1938,1827,111,2193,2112,81,568,508,60,23.9505496,86.8170132
JHARKHAND,Total,Jamtara,On foot,18153,12874,5279,0,0,0,9067,6181,2886,5913,4320,1593,3173,2373,800,0,0,0,0,0,0,0,0,0,0,0,0,0,0,0,23.9505496,86.8170132
JHARKHAND,Total,Jamtara,Bicycle,21038,20393,645,0,0,0,2444,2336,108,8941,8673,268,5050,4914,136,2666,2594,72,1937,1876,61,0,0,0,0,0,0,0,0,0,23.9505496,86.8170132
JHARKHAND,Total,Jamtara,Moped/Scooter/Motor Cycle,5349,4940,409,0,0,0,640,599,41,1812,1642,170,949,887,62,820,756,64,376,351,25,359,341,18,199,189,10,194,175,19,23.9505496,86.8170132
JHARKHAND,Total,Jamtara,Car/Jeep/Van,405,376,29,0,0,0,50,41,9,87,79,8,43,41,2,45,40,5,40,39,1,75,73,2,50,49,1,15,14,1,23.9505496,86.8170132
JHARKHAND,Total,Jamtara,Tempo/Autorickshaw/Taxi,469,387,82,0,0,0,73,54,19,106,68,38,65,60,5,59,54,5,23,18,5,86,86,0,27,24,3,30,23,7,23.9505496,86.8170132
JHARKHAND,Total,Jamtara,Bus,2528,2232,296,0,0,0,176,152,24,209,163,46,199,165,34,408,344,64,348,308,40,610,562,48,479,456,23,99,82,17,23.9505496,86.8170132
JHARKHAND,Total,Jamtara,Train,3911,3716,195,0,0,0,175,158,17,311,298,13,198,188,10,482,454,28,411,383,28,747,705,42,1382,1340,42,205,190,15,23.9505496,86.8170132
JHARKHAND,Total,Jamtara,Water transport,22,18,4,0,0,0,4,1,3,6,6,0,5,4,1,1,1,0,1,1,0,3,3,0,0,0,0,2,2,0,23.9505496,86.8170132
JHARKHAND,Total,Jamtara,Any other,604,576,28,0,0,0,81,69,12,189,183,6,82,80,2,88,85,3,27,26,1,58,57,1,56,54,2,23,22,1,23.9505496,86.8170132
JHARKHAND,Total,Jamtara,No travel,20930,13981,6949,20930,13981,6949,0,0,0,0,0,0,0,0,0,0,0,0,0,0,0,0,0,0,0,0,0,0,0,0,23.9505496,86.8170132
JHARKHAND,Rural,Jamtara,All Modes,52984,41803,11181,16967,11048,5919,8129,5634,2495,10883,9365,1518,7640,6836,804,3679,3509,170,2226,2116,110,1457,1372,85,1679,1628,51,324,295,29,23.9505496,86.8170132
JHARKHAND,Rural,Jamtara,On foot,12127,7997,4130,0,0,0,5918,3595,2323,3942,2756,1186,2267,1646,621,0,0,0,0,0,0,0,0,0,0,0,0,0,0,0,23.9505496,86.8170132
JHARKHAND,Rural,Jamtara,Bicycle,15601,15078,523,0,0,0,1611,1520,91,5762,5556,206,4415,4298,117,2420,2360,60,1393,1344,49,0,0,0,0,0,0,0,0,0,23.9505496,86.8170132
JHARKHAND,Rural,Jamtara,Moped/Scooter/Motor Cycle,2889,2635,254,0,0,0,275,245,30,759,667,92,590,551,39,556,510,46,257,238,19,237,224,13,136,129,7,79,71,8,23.9505496,86.8170132
JHARKHAND,Rural,Jamtara,Car/Jeep/Van,218,201,17,0,0,0,17,13,4,19,15,4,28,26,2,33,30,3,28,28,0,54,52,2,31,30,1,8,7,1,23.9505496,86.8170132
JHARKHAND,Rural,Jamtara,Tempo/Autorickshaw/Taxi,290,258,32,0,0,0,40,29,11,39,32,7,31,29,2,39,36,3,18,14,4,82,82,0,19,17,2,22,19,3,23.9505496,86.8170132
JHARKHAND,Rural,Jamtara,Bus,1898,1734,164,0,0,0,112,99,13,117,103,14,102,86,16,272,236,36,261,238,23,539,501,38,428,412,16,67,59,8,23.9505496,86.8170132
JHARKHAND,Rural,Jamtara,Train,2629,2503,126,0,0,0,115,99,16,193,184,9,140,135,5,282,263,19,256,241,15,491,460,31,1020,997,23,132,124,8,23.9505496,86.8170132
JHARKHAND,Rural,Jamtara,Water transport,20,16,4,0,0,0,4,1,3,5,5,0,5,4,1,1,1,0,1,1,0,3,3,0,0,0,0,1,1,0,23.9505496,86.8170132
JHARKHAND,Rural,Jamtara,Any other,345,333,12,0,0,0,37,33,4,47,47,0,62,61,1,76,73,3,12,12,0,51,50,1,45,43,2,15,14,1,23.9505496,86.8170132
JHARKHAND,Rural,Jamtara,No travel,16967,11048,5919,16967,11048,5919,0,0,0,0,0,0,0,0,0,0,0,0,0,0,0,0,0,0,0,0,0,0,0,0,23.9505496,86.8170132
JHARKHAND,Urban,Jamtara,All Modes,20425,17690,2735,3963,2933,1030,4581,3957,624,6691,6067,624,2124,1876,248,890,819,71,937,886,51,481,455,26,514,484,30,244,213,31,23.9505496,86.8170132
JHARKHAND,Urban,Jamtara,On foot,6026,4877,1149,0,0,0,3149,2586,563,1971,1564,407,906,727,179,0,0,0,0,0,0,0,0,0,0,0,0,0,0,0,23.9505496,86.8170132
JHARKHAND,Urban,Jamtara,Bicycle,5437,5315,122,0,0,0,833,816,17,3179,3117,62,635,616,19,246,234,12,544,532,12,0,0,0,0,0,0,0,0,0,23.9505496,86.8170132
JHARKHAND,Urban,Jamtara,Moped/Scooter/Motor Cycle,2460,2305,155,0,0,0,365,354,11,1053,975,78,359,336,23,264,246,18,119,113,6,122,117,5,63,60,3,115,104,11,23.9505496,86.8170132
JHARKHAND,Urban,Jamtara,Car/Jeep/Van,187,175,12,0,0,0,33,28,5,68,64,4,15,15,0,12,10,2,12,11,1,21,21,0,19,19,0,7,7,0,23.9505496,86.8170132
JHARKHAND,Urban,Jamtara,Tempo/Autorickshaw/Taxi,179,129,50,0,0,0,33,25,8,67,36,31,34,31,3,20,18,2,5,4,1,4,4,0,8,7,1,8,4,4,23.9505496,86.8170132
JHARKHAND,Urban,Jamtara,Bus,630,498,132,0,0,0,64,53,11,92,60,32,97,79,18,136,108,28,87,70,17,71,61,10,51,44,7,32,23,9,23.9505496,86.8170132
JHARKHAND,Urban,Jamtara,Train,1282,1213,69,0,0,0,60,59,1,118,114,4,58,53,5,200,191,9,155,142,13,256,245,11,362,343,19,73,66,7,23.9505496,86.8170132
JHARKHAND,Urban,Jamtara,Water transport,2,2,0,0,0,0,0,0,0,1,1,0,0,0,0,0,0,0,0,0,0,0,0,0,0,0,0,1,1,0,23.9505496,86.8170132
JHARKHAND,Urban,Jamtara,Any other,259,243,16,0,0,0,44,36,8,142,136,6,20,19,1,12,12,0,15,14,1,7,7,0,11,11,0,8,8,0,23.9505496,86.8170132
JHARKHAND,Urban,Jamtara,No travel,3963,2933,1030,3963,2933,1030,0,0,0,0,0,0,0,0,0,0,0,0,0,0,0,0,0,0,0,0,0,0,0,0,23.9505496,86.8170132
ODISHA,Total,Baleshwar,All Modes,256939,203331,53608,63457,39963,23494,43322,30799,12523,65953,56533,9420,35905,31373,4532,19886,18514,1372,10297,9525,772,5400,4904,496,9573,8867,706,3146,2853,293,21.4933578,86.9134794
ODISHA,Total,Baleshwar,On foot,50284,31275,19009,0,0,0,29093,17596,11497,14947,9652,5295,6244,4027,2217,0,0,0,0,0,0,0,0,0,0,0,0,0,0,0,21.4933578,86.9134794
ODISHA,Total,Baleshwar,Bicycle,78190,73596,4594,0,0,0,10062,9429,633,35562,33116,2446,18298,17316,982,9284,9014,270,4984,4721,263,0,0,0,0,0,0,0,0,0,21.4933578,86.9134794
ODISHA,Total,Baleshwar,Moped/Scooter/Motor Cycle,34423,32153,2270,0,0,0,3139,2951,188,12333,11327,1006,7700,7194,506,5629,5328,301,2131,2033,98,1473,1419,54,821,796,25,1197,1105,92,21.4933578,86.9134794
ODISHA,Total,Baleshwar,Car/Jeep/Van,2571,2103,468,0,0,0,207,168,39,506,402,104,648,470,178,448,382,66,164,144,20,218,200,18,264,240,24,116,97,19,21.4933578,86.9134794
ODISHA,Total,Baleshwar,Tempo/Autorickshaw/Taxi,2007,1562,445,0,0,0,119,96,23,654,449,205,509,401,108,339,279,60,104,92,12,95,89,6,86,78,8,101,78,23,21.4933578,86.9134794
ODISHA,Total,Baleshwar,Bus,12333,10058,2275,0,0,0,263,191,72,975,751,224,1582,1121,461,2656,2078,578,1743,1458,285,2113,1817,296,2513,2227,286,488,415,73,21.4933578,86.9134794
ODISHA,Total,Baleshwar,Train,10095,9284,811,0,0,0,251,220,31,352,309,43,277,246,31,745,668,77,866,781,85,1152,1036,116,5423,5069,354,1029,955,74,21.4933578,86.9134794
ODISHA,Total,Baleshwar,Water transport,2155,2049,106,0,0,0,83,56,27,221,193,28,383,356,27,584,574,10,239,234,5,249,244,5,330,328,2,66,64,2,21.4933578,86.9134794
ODISHA,Total,Baleshwar,Any other,1424,1288,136,0,0,0,105,92,13,403,334,69,264,242,22,201,191,10,66,62,4,100,99,1,136,129,7,149,139,10,21.4933578,86.9134794
ODISHA,Total,Baleshwar,No travel,63457,39963,23494,63457,39963,23494,0,0,0,0,0,0,0,0,0,0,0,0,0,0,0,0,0,0,0,0,0,0,0,0,21.4933578,86.9134794
ODISHA,Rural,Baleshwar,All Modes,190946,147388,43558,51654,31546,20108,31781,21154,10627,42569,35826,6743,26458,22982,3476,16336,15351,985,8307,7701,606,4135,3788,347,7792,7279,513,1914,1761,153,21.4933578,86.9134794
ODISHA,Rural,Baleshwar,On foot,39438,23587,15851,0,0,0,22965,13116,9849,11472,7365,4107,5001,3106,1895,0,0,0,0,0,0,0,0,0,0,0,0,0,0,0,21.4933578,86.9134794
ODISHA,Rural,Baleshwar,Bicycle,56940,53130,3810,0,0,0,6544,5994,550,23678,21752,1926,14538,13680,858,8321,8072,249,3859,3632,227,0,0,0,0,0,0,0,0,0,21.4933578,86.9134794
ODISHA,Rural,Baleshwar,Moped/Scooter/Motor Cycle,19500,18319,1181,0,0,0,1532,1444,88,5384,4969,415,4464,4189,275,4041,3827,214,1728,1650,78,1114,1069,45,650,626,24,587,545,42,21.4933578,86.9134794
ODISHA,Rural,Baleshwar,Car/Jeep/Van,1354,1156,198,0,0,0,117,97,20,223,187,36,210,155,55,279,241,38,115,106,9,145,134,11,203,183,20,62,53,9,21.4933578,86.9134794
ODISHA,Rural,Baleshwar,Tempo/Autorickshaw/Taxi,1278,1078,200,0,0,0,75,66,9,363,295,68,322,272,50,250,211,39,80,71,9,61,55,6,62,55,7,65,53,12,21.4933578,86.9134794
ODISHA,Rural,Baleshwar,Bus,9726,8230,1496,0,0,0,214,162,52,719,600,119,1151,872,279,2047,1675,372,1469,1267,202,1699,1491,208,2079,1861,218,348,302,46,21.4933578,86.9134794
ODISHA,Rural,Baleshwar,Train,7928,7376,552,0,0,0,190,163,27,253,227,26,210,190,20,645,588,57,764,692,72,782,711,71,4361,4123,238,723,682,41,21.4933578,86.9134794
ODISHA,Rural,Baleshwar,Water transport,2104,2003,101,0,0,0,79,52,27,213,186,27,377,351,26,582,573,9,238,233,5,243,238,5,317,316,1,55,54,1,21.4933578,86.9134794
ODISHA,Rural,Baleshwar,Any other,1024,963,61,0,0,0,65,60,5,264,245,19,185,167,18,171,164,7,54,50,4,91,90,1,120,115,5,74,72,2,21.4933578,86.9134794
ODISHA,Rural,Baleshwar,No travel,51654,31546,20108,51654,31546,20108,0,0,0,0,0,0,0,0,0,0,0,0,0,0,0,0,0,0,0,0,0,0,0,0,21.4933578,86.9134794
ODISHA,Urban,Baleshwar,All Modes,65993,55943,10050,11803,8417,3386,11541,9645,1896,23384,20707,2677,9447,8391,1056,3550,3163,387,1990,1824,166,1265,1116,149,1781,1588,193,1232,1092,140,21.4933578,86.9134794
ODISHA,Urban,Baleshwar,On foot,10846,7688,3158,0,0,0,6128,4480,1648,3475,2287,1188,1243,921,322,0,0,0,0,0,0,0,0,0,0,0,0,0,0,0,21.4933578,86.9134794
ODISHA,Urban,Baleshwar,Bicycle,21250,20466,784,0,0,0,3518,3435,83,11884,11364,520,3760,3636,124,963,942,21,1125,1089,36,0,0,0,0,0,0,0,0,0,21.4933578,86.9134794
ODISHA,Urban,Baleshwar,Moped/Scooter/Motor Cycle,14923,13834,1089,0,0,0,1607,1507,100,6949,6358,591,3236,3005,231,1588,1501,87,403,383,20,359,350,9,171,170,1,610,560,50,21.4933578,86.9134794
ODISHA,Urban,Baleshwar,Car/Jeep/Van,1217,947,270,0,0,0,90,71,19,283,215,68,438,315,123,169,141,28,49,38,11,73,66,7,61,57,4,54,44,10,21.4933578,86.9134794
ODISHA,Urban,Baleshwar,Tempo/Autorickshaw/Taxi,729,484,245,0,0,0,44,30,14,291,154,137,187,129,58,89,68,21,24,21,3,34,34,0,24,23,1,36,25,11,21.4933578,86.9134794
ODISHA,Urban,Baleshwar,Bus,2607,1828,779,0,0,0,49,29,20,256,151,105,431,249,182,609,403,206,274,191,83,414,326,88,434,366,68,140,113,27,21.4933578,86.9134794
ODISHA,Urban,Baleshwar,Train,2167,1908,259,0,0,0,61,57,4,99,82,17,67,56,11,100,80,20,102,89,13,370,325,45,1062,946,116,306,273,33,21.4933578,86.9134794
ODISHA,Urban,Baleshwar,Water transport,51,46,5,0,0,0,4,4,0,8,7,1,6,5,1,2,1,1,1,1,0,6,6,0,13,12,1,11,10,1,21.4933578,86.9134794
ODISHA,Urban,Baleshwar,Any other,400,325,75,0,0,0,40,32,8,139,89,50,79,75,4,30,27,3,12,12,0,9,9,0,16,14,2,75,67,8,21.4933578,86.9134794
ODISHA,Urban,Baleshwar,No travel,11803,8417,3386,11803,8417,3386,0,0,0,0,0,0,0,0,0,0,0,0,0,0,0,0,0,0,0,0,0,0,0,0,21.4933578,86.9134794
BIHAR,Total,Banka,All Modes,109346,81140,28206,54135,33559,20576,14042,11197,2845,18021,15803,2218,10873,9061,1812,3499,3229,270,2679,2542,137,1436,1356,80,2426,2327,99,2235,2066,169,24.8874179,86.919838
BIHAR,Total,Banka,On foot,25692,19934,5758,0,0,0,11470,8842,2628,8492,6851,1641,5730,4241,1489,0,0,0,0,0,0,0,0,0,0,0,0,0,0,0,24.8874179,86.919838
BIHAR,Total,Banka,Bicycle,14106,13685,421,0,0,0,1442,1378,64,6861,6665,196,3042,2971,71,1263,1225,38,1498,1446,52,0,0,0,0,0,0,0,0,0,24.8874179,86.919838
BIHAR,Total,Banka,Moped/Scooter/Motor Cycle,5292,4796,496,0,0,0,648,586,62,1538,1378,160,947,861,86,786,713,73,357,327,30,386,364,22,173,160,13,457,407,50,24.8874179,86.919838
BIHAR,Total,Banka,Car/Jeep/Van,592,499,93,0,0,0,67,47,20,105,88,17,83,67,16,89,76,13,65,61,4,67,63,4,46,39,7,70,58,12,24.8874179,86.919838
BIHAR,Total,Banka,Tempo/Autorickshaw/Taxi,1907,1578,329,0,0,0,102,76,26,441,328,113,498,413,85,427,376,51,144,136,8,115,106,9,45,42,3,135,101,34,24.8874179,86.919838
BIHAR,Total,Banka,Bus,3831,3428,403,0,0,0,139,108,31,315,238,77,398,338,60,833,740,93,534,493,41,703,666,37,558,524,34,351,321,30,24.8874179,86.919838
BIHAR,Total,Banka,Train,3368,3269,99,0,0,0,123,112,11,139,133,6,85,83,2,79,77,2,71,69,2,141,136,5,1578,1538,40,1152,1121,31,24.8874179,86.919838
BIHAR,Total,Banka,Water transport,39,32,7,0,0,0,5,4,1,4,4,0,3,3,0,1,1,0,3,3,0,2,1,1,6,5,1,15,11,4,24.8874179,86.919838
BIHAR,Total,Banka,Any other,384,360,24,0,0,0,46,44,2,126,118,8,87,84,3,21,21,0,7,7,0,22,20,2,20,19,1,55,47,8,24.8874179,86.919838
BIHAR,Total,Banka,No travel,54135,33559,20576,54135,33559,20576,0,0,0,0,0,0,0,0,0,0,0,0,0,0,0,0,0,0,0,0,0,0,0,0,24.8874179,86.919838
BIHAR,Rural,Banka,All Modes,99256,72116,27140,51362,31248,20114,11011,8428,2583,15386,13336,2050,9991,8267,1724,3250,3016,234,2497,2381,116,1304,1235,69,2337,2245,92,2118,1960,158,24.8874179,86.919838
BIHAR,Rural,Banka,On foot,21735,16327,5408,0,0,0,9108,6708,2400,7432,5864,1568,5195,3755,1440,0,0,0,0,0,0,0,0,0,0,0,0,0,0,0,24.8874179,86.919838
BIHAR,Rural,Banka,Bicycle,12496,12104,392,0,0,0,1112,1055,57,5854,5676,178,2907,2836,71,1203,1167,36,1420,1370,50,0,0,0,0,0,0,0,0,0,24.8874179,86.919838
BIHAR,Rural,Banka,Moped/Scooter/Motor Cycle,4273,3835,438,0,0,0,394,344,50,1159,1013,146,835,758,77,686,623,63,312,286,26,334,316,18,154,143,11,399,352,47,24.8874179,86.919838
BIHAR,Rural,Banka,Car/Jeep/Van,481,411,70,0,0,0,36,24,12,77,67,10,73,60,13,80,68,12,58,55,3,57,53,4,40,34,6,60,50,10,24.8874179,86.919838
BIHAR,Rural,Banka,Tempo/Autorickshaw/Taxi,1656,1417,239,0,0,0,85,63,22,354,286,68,448,383,65,378,340,38,127,122,5,101,94,7,40,37,3,123,92,31,24.8874179,86.919838
BIHAR,Rural,Banka,Bus,3625,3269,356,0,0,0,129,101,28,292,222,70,374,320,54,805,722,83,499,469,30,655,622,33,533,503,30,338,310,28,24.8874179,86.919838
BIHAR,Rural,Banka,Train,3277,3179,98,0,0,0,111,100,11,126,120,6,80,78,2,77,75,2,71,69,2,135,130,5,1547,1507,40,1130,1100,30,24.8874179,86.919838
BIHAR,Rural,Banka,Water transport,37,30,7,0,0,0,5,4,1,3,3,0,3,3,0,1,1,0,3,3,0,2,1,1,6,5,1,14,10,4,24.8874179,86.919838
BIHAR,Rural,Banka,Any other,314,296,18,0,0,0,31,29,2,89,85,4,76,74,2,20,20,0,7,7,0,20,19,1,17,16,1,54,46,8,24.8874179,86.919838
BIHAR,Rural,Banka,No travel,51362,31248,20114,51362,31248,20114,0,0,0,0,0,0,0,0,0,0,0,0,0,0,0,0,0,0,0,0,0,0,0,0,24.8874179,86.919838
BIHAR,Urban,Banka,All Modes,10090,9024,1066,2773,2311,462,3031,2769,262,2635,2467,168,882,794,88,249,213,36,182,161,21,132,121,11,89,82,7,117,106,11,24.8874179,86.919838
BIHAR,Urban,Banka,On foot,3957,3607,350,0,0,0,2362,2134,228,1060,987,73,535,486,49,0,0,0,0,0,0,0,0,0,0,0,0,0,0,0,24.8874179,86.919838
BIHAR,Urban,Banka,Bicycle,1610,1581,29,0,0,0,330,323,7,1007,989,18,135,135,0,60,58,2,78,76,2,0,0,0,0,0,0,0,0,0,24.8874179,86.919838
BIHAR,Urban,Banka,Moped/Scooter/Motor Cycle,1019,961,58,0,0,0,254,242,12,379,365,14,112,103,9,100,90,10,45,41,4,52,48,4,19,17,2,58,55,3,24.8874179,86.919838
BIHAR,Urban,Banka,Car/Jeep/Van,111,88,23,0,0,0,31,23,8,28,21,7,10,7,3,9,8,1,7,6,1,10,10,0,6,5,1,10,8,2,24.8874179,86.919838
BIHAR,Urban,Banka,Tempo/Autorickshaw/Taxi,251,161,90,0,0,0,17,13,4,87,42,45,50,30,20,49,36,13,17,14,3,14,12,2,5,5,0,12,9,3,24.8874179,86.919838
BIHAR,Urban,Banka,Bus,206,159,47,0,0,0,10,7,3,23,16,7,24,18,6,28,18,10,35,24,11,48,44,4,25,21,4,13,11,2,24.8874179,86.919838
BIHAR,Urban,Banka,Train,91,90,1,0,0,0,12,12,0,13,13,0,5,5,0,2,2,0,0,0,0,6,6,0,31,31,0,22,21,1,24.8874179,86.919838
BIHAR,Urban,Banka,Water transport,2,2,0,0,0,0,0,0,0,1,1,0,0,0,0,0,0,0,0,0,0,0,0,0,0,0,0,1,1,0,24.8874179,86.919838
BIHAR,Urban,Banka,Any other,70,64,6,0,0,0,15,15,0,37,33,4,11,10,1,1,1,0,0,0,0,2,1,1,3,3,0,1,1,0,24.8874179,86.919838
BIHAR,Urban,Banka,No travel,2773,2311,462,2773,2311,462,0,0,0,0,0,0,0,0,0,0,0,0,0,0,0,0,0,0,0,0,0,0,0,0,24.8874179,86.919838
BIHAR,Total,Bhagalpur,All Modes,312678,255033,57645,123620,86525,37095,45429,37160,8269,70765,64678,6087,37206,33314,3892,10151,9539,612,8883,8389,494,3878,3594,284,6341,5994,347,6405,5840,565,25.242453,86.9842256
BIHAR,Total,Bhagalpur,On foot,87306,72766,14540,0,0,0,37012,29430,7582,32186,28144,4042,18108,15192,2916,0,0,0,0,0,0,0,0,0,0,0,0,0,0,0,25.242453,86.9842256
BIHAR,Total,Bhagalpur,Bicycle,45249,44263,986,0,0,0,4266,4100,166,23165,22746,419,9759,9591,168,2983,2947,36,5076,4879,197,0,0,0,0,0,0,0,0,0,25.242453,86.9842256
BIHAR,Total,Bhagalpur,Moped/Scooter/Motor Cycle,20047,18987,1060,0,0,0,2203,2043,160,8687,8291,396,3574,3409,165,1829,1719,110,892,847,45,837,804,33,358,343,15,1667,1531,136,25.242453,86.9842256
BIHAR,Total,Bhagalpur,Car/Jeep/Van,3271,2768,503,0,0,0,271,220,51,1084,902,182,571,489,82,454,395,59,182,156,26,189,163,26,199,175,24,321,268,53,25.242453,86.9842256
BIHAR,Total,Bhagalpur,Tempo/Autorickshaw/Taxi,9983,8294,1689,0,0,0,534,381,153,3253,2456,797,2635,2286,349,1919,1751,168,567,513,54,280,246,34,119,108,11,676,553,123,25.242453,86.9842256
BIHAR,Total,Bhagalpur,Bus,5914,5212,702,0,0,0,219,165,54,660,549,111,916,804,112,1537,1367,170,575,507,68,767,685,82,718,662,56,522,473,49,25.242453,86.9842256
BIHAR,Total,Bhagalpur,Train,14207,13363,844,0,0,0,543,481,62,844,779,65,908,837,71,1084,1023,61,1501,1401,100,1715,1606,109,4818,4586,232,2794,2650,144,25.242453,86.9842256
BIHAR,Total,Bhagalpur,Water transport,467,422,45,0,0,0,92,83,9,35,29,6,94,90,4,129,127,2,28,27,1,12,12,0,18,16,2,59,38,21,25.242453,86.9842256
BIHAR,Total,Bhagalpur,Any other,2614,2433,181,0,0,0,289,257,32,851,782,69,641,616,25,216,210,6,62,59,3,78,78,0,111,104,7,366,327,39,25.242453,86.9842256
BIHAR,Total,Bhagalpur,No travel,123620,86525,37095,123620,86525,37095,0,0,0,0,0,0,0,0,0,0,0,0,0,0,0,0,0,0,0,0,0,0,0,0,25.242453,86.9842256
BIHAR,Rural,Bhagalpur,All Modes,183209,144303,38906,77812,51894,25918,22393,17095,5298,35678,32107,3571,23565,20833,2732,7331,6937,394,5663,5374,289,2345,2191,154,4245,4043,202,4177,3829,348,25.242453,86.9842256
BIHAR,Rural,Bhagalpur,On foot,48481,38557,9924,0,0,0,18591,13640,4951,18261,15488,2773,11629,9429,2200,0,0,0,0,0,0,0,0,0,0,0,0,0,0,0,25.242453,86.9842256
BIHAR,Rural,Bhagalpur,Bicycle,26718,26089,629,0,0,0,2176,2076,100,11920,11670,250,6828,6712,116,2464,2435,29,3330,3196,134,0,0,0,0,0,0,0,0,0,25.242453,86.9842256
BIHAR,Rural,Bhagalpur,Moped/Scooter/Motor Cycle,7828,7256,572,0,0,0,724,632,92,2490,2329,161,1533,1448,85,1089,1021,68,522,488,34,447,422,25,221,213,8,802,703,99,25.242453,86.9842256
BIHAR,Rural,Bhagalpur,Car/Jeep/Van,1547,1359,188,0,0,0,95,73,22,461,416,45,245,211,34,246,218,28,100,90,10,102,94,8,115,103,12,183,154,29,25.242453,86.9842256
BIHAR,Rural,Bhagalpur,Tempo/Autorickshaw/Taxi,5408,4799,609,0,0,0,203,167,36,1199,986,213,1533,1371,162,1435,1336,99,408,378,30,174,162,12,77,70,7,379,329,50,25.242453,86.9842256
BIHAR,Rural,Bhagalpur,Bus,4126,3701,425,0,0,0,154,125,29,464,407,57,715,648,67,1135,1013,122,353,322,31,475,424,51,425,392,33,405,370,35,25.242453,86.9842256
BIHAR,Rural,Bhagalpur,Train,9759,9234,525,0,0,0,332,288,44,482,432,50,705,650,55,814,772,42,902,853,49,1094,1036,58,3320,3183,137,2110,2020,90,25.242453,86.9842256
BIHAR,Rural,Bhagalpur,Water transport,118,87,31,0,0,0,25,19,6,17,15,2,14,12,2,3,2,1,4,4,0,2,2,0,11,10,1,42,23,19,25.242453,86.9842256
BIHAR,Rural,Bhagalpur,Any other,1412,1327,85,0,0,0,93,75,18,384,364,20,363,352,11,145,140,5,44,43,1,51,51,0,76,72,4,256,230,26,25.242453,86.9842256
BIHAR,Rural,Bhagalpur,No travel,77812,51894,25918,77812,51894,25918,0,0,0,0,0,0,0,0,0,0,0,0,0,0,0,0,0,0,0,0,0,0,0,0,25.242453,86.9842256
BIHAR,Urban,Bhagalpur,All Modes,129469,110730,18739,45808,34631,11177,23036,20065,2971,35087,32571,2516,13641,12481,1160,2820,2602,218,3220,3015,205,1533,1403,130,2096,1951,145,2228,2011,217,25.242453,86.9842256
BIHAR,Urban,Bhagalpur,On foot,38825,34209,4616,0,0,0,18421,15790,2631,13925,12656,1269,6479,5763,716,0,0,0,0,0,0,0,0,0,0,0,0,0,0,0,25.242453,86.9842256
BIHAR,Urban,Bhagalpur,Bicycle,18531,18174,357,0,0,0,2090,2024,66,11245,11076,169,2931,2879,52,519,512,7,1746,1683,63,0,0,0,0,0,0,0,0,0,25.242453,86.9842256
BIHAR,Urban,Bhagalpur,Moped/Scooter/Motor Cycle,12219,11731,488,0,0,0,1479,1411,68,6197,5962,235,2041,1961,80,740,698,42,370,359,11,390,382,8,137,130,7,865,828,37,25.242453,86.9842256
BIHAR,Urban,Bhagalpur,Car/Jeep/Van,1724,1409,315,0,0,0,176,147,29,623,486,137,326,278,48,208,177,31,82,66,16,87,69,18,84,72,12,138,114,24,25.242453,86.9842256
BIHAR,Urban,Bhagalpur,Tempo/Autorickshaw/Taxi,4575,3495,1080,0,0,0,331,214,117,2054,1470,584,1102,915,187,484,415,69,159,135,24,106,84,22,42,38,4,297,224,73,25.242453,86.9842256
BIHAR,Urban,Bhagalpur,Bus,1788,1511,277,0,0,0,65,40,25,196,142,54,201,156,45,402,354,48,222,185,37,292,261,31,293,270,23,117,103,14,25.242453,86.9842256
BIHAR,Urban,Bhagalpur,Train,4448,4129,319,0,0,0,211,193,18,362,347,15,203,187,16,270,251,19,599,548,51,621,570,51,1498,1403,95,684,630,54,25.242453,86.9842256
BIHAR,Urban,Bhagalpur,Water transport,349,335,14,0,0,0,67,64,3,18,14,4,80,78,2,126,125,1,24,23,1,10,10,0,7,6,1,17,15,2,25.242453,86.9842256
BIHAR,Urban,Bhagalpur,Any other,1202,1106,96,0,0,0,196,182,14,467,418,49,278,264,14,71,70,1,18,16,2,27,27,0,35,32,3,110,97,13,25.242453,86.9842256
BIHAR,Urban,Bhagalpur,No travel,45808,34631,11177,45808,34631,11177,0,0,0,0,0,0,0,0,0,0,0,0,0,0,0,0,0,0,0,0,0,0,0,0,25.242453,86.9842256
WEST BENGAL,Total,Bankura,All Modes,447737,358793,88944,135291,96389,38902,84423,63181,21242,94809,77721,17088,51225,45108,6117,28411,26331,2080,17349,16135,1214,13024,12019,1005,20988,19888,1100,2217,2021,196,23.2312686,87.0783875
WEST BENGAL,Total,Bankura,On foot,102752,68516,34236,0,0,0,61420,41804,19616,29686,18410,11276,11646,8302,3344,0,0,0,0,0,0,0,0,0,0,0,0,0,0,0,23.2312686,87.0783875
WEST BENGAL,Total,Bankura,Bicycle,117216,110426,6790,0,0,0,18307,17218,1089,51577,47578,3999,27382,26258,1124,13223,12926,297,6727,6446,281,0,0,0,0,0,0,0,0,0,23.2312686,87.0783875
WEST BENGAL,Total,Bankura,Moped/Scooter/Motor Cycle,25743,24110,1633,0,0,0,2762,2572,190,8492,7887,605,5510,5122,388,4248,3993,255,1897,1819,78,1465,1411,54,775,757,18,594,549,45,23.2312686,87.0783875
WEST BENGAL,Total,Bankura,Car/Jeep/Van,3042,2682,360,0,0,0,316,271,45,893,768,125,524,456,68,456,387,69,203,190,13,289,274,15,271,255,16,90,81,9,23.2312686,87.0783875
WEST BENGAL,Total,Bankura,Tempo/Autorickshaw/Taxi,2680,2264,416,0,0,0,369,287,82,905,718,187,593,505,88,209,194,15,95,89,6,150,146,4,148,139,9,211,186,25,23.2312686,87.0783875
WEST BENGAL,Total,Bankura,Bus,44068,38511,5557,0,0,0,624,485,139,2300,1506,794,4646,3651,995,9296,7927,1369,7687,6917,770,9360,8558,802,9654,9036,618,501,431,70,23.2312686,87.0783875
WEST BENGAL,Total,Bankura,Train,13952,13135,817,0,0,0,367,310,57,315,270,45,331,292,39,539,492,47,601,544,57,1539,1420,119,9608,9193,415,652,614,38,23.2312686,87.0783875
WEST BENGAL,Total,Bankura,Water transport,234,207,27,0,0,0,39,30,9,10,9,1,19,14,5,19,19,0,17,16,1,28,24,4,91,86,5,11,9,2,23.2312686,87.0783875
WEST BENGAL,Total,Bankura,Any other,2759,2553,206,0,0,0,219,204,15,631,575,56,574,508,66,421,393,28,122,114,8,193,186,7,441,422,19,158,151,7,23.2312686,87.0783875
WEST BENGAL,Total,Bankura,No travel,135291,96389,38902,135291,96389,38902,0,0,0,0,0,0,0,0,0,0,0,0,0,0,0,0,0,0,0,0,0,0,0,0,23.2312686,87.0783875
WEST BENGAL,Rural,Bankura,All Modes,351918,281855,70063,105669,74916,30753,57820,41757,16063,75009,60463,14546,43588,38823,4765,25570,23956,1614,14463,13625,838,10732,10082,650,17700,16977,723,1367,1256,111,23.2312686,87.0783875
WEST BENGAL,Rural,Bankura,On foot,76398,49028,27370,0,0,0,43525,28594,14931,24731,14805,9926,8142,5629,2513,0,0,0,0,0,0,0,0,0,0,0,0,0,0,0,23.2312686,87.0783875
WEST BENGAL,Rural,Bankura,Bicycle,97052,91220,5832,0,0,0,11760,10939,821,41294,37799,3495,25680,24645,1035,12806,12523,283,5512,5314,198,0,0,0,0,0,0,0,0,0,23.2312686,87.0783875
WEST BENGAL,Rural,Bankura,Moped/Scooter/Motor Cycle,18748,17647,1101,0,0,0,1341,1226,115,5692,5331,361,4447,4163,284,3535,3339,196,1572,1507,65,1214,1175,39,627,611,16,320,295,25,23.2312686,87.0783875
WEST BENGAL,Rural,Bankura,Car/Jeep/Van,2209,1973,236,0,0,0,174,152,22,621,537,84,381,330,51,377,323,54,164,157,7,229,221,8,215,208,7,48,45,3,23.2312686,87.0783875
WEST BENGAL,Rural,Bankura,Tempo/Autorickshaw/Taxi,1404,1267,137,0,0,0,109,94,15,398,366,32,393,333,60,158,148,10,64,64,0,112,110,2,111,105,6,59,47,12,23.2312686,87.0783875
WEST BENGAL,Rural,Bankura,Bus,36934,32979,3955,0,0,0,467,362,105,1665,1088,577,3735,3015,720,7827,6816,1011,6569,6047,522,7864,7332,532,8458,8014,444,349,305,44,23.2312686,87.0783875
WEST BENGAL,Rural,Bankura,Train,11069,10573,496,0,0,0,258,217,41,214,181,33,274,240,34,451,418,33,456,418,38,1107,1047,60,7834,7601,233,475,451,24,23.2312686,87.0783875
WEST BENGAL,Rural,Bankura,Water transport,181,166,15,0,0,0,28,23,5,7,7,0,16,12,4,14,14,0,12,12,0,19,17,2,77,73,4,8,8,0,23.2312686,87.0783875
WEST BENGAL,Rural,Bankura,Any other,2254,2086,168,0,0,0,158,150,8,387,349,38,520,456,64,402,375,27,114,106,8,187,180,7,378,365,13,108,105,3,23.2312686,87.0783875
WEST BENGAL,Rural,Bankura,No travel,105669,74916,30753,105669,74916,30753,0,0,0,0,0,0,0,0,0,0,0,0,0,0,0,0,0,0,0,0,0,0,0,0,23.2312686,87.0783875
WEST BENGAL,Urban,Bankura,All Modes,95819,76938,18881,29622,21473,8149,26603,21424,5179,19800,17258,2542,7637,6285,1352,2841,2375,466,2886,2510,376,2292,1937,355,3288,2911,377,850,765,85,23.2312686,87.0783875
WEST BENGAL,Urban,Bankura,On foot,26354,19488,6866,0,0,0,17895,13210,4685,4955,3605,1350,3504,2673,831,0,0,0,0,0,0,0,0,0,0,0,0,0,0,0,23.2312686,87.0783875
WEST BENGAL,Urban,Bankura,Bicycle,20164,19206,958,0,0,0,6547,6279,268,10283,9779,504,1702,1613,89,417,403,14,1215,1132,83,0,0,0,0,0,0,0,0,0,23.2312686,87.0783875
WEST BENGAL,Urban,Bankura,Moped/Scooter/Motor Cycle,6995,6463,532,0,0,0,1421,1346,75,2800,2556,244,1063,959,104,713,654,59,325,312,13,251,236,15,148,146,2,274,254,20,23.2312686,87.0783875
WEST BENGAL,Urban,Bankura,Car/Jeep/Van,833,709,124,0,0,0,142,119,23,272,231,41,143,126,17,79,64,15,39,33,6,60,53,7,56,47,9,42,36,6,23.2312686,87.0783875
WEST BENGAL,Urban,Bankura,Tempo/Autorickshaw/Taxi,1276,997,279,0,0,0,260,193,67,507,352,155,200,172,28,51,46,5,31,25,6,38,36,2,37,34,3,152,139,13,23.2312686,87.0783875
WEST BENGAL,Urban,Bankura,Bus,7134,5532,1602,0,0,0,157,123,34,635,418,217,911,636,275,1469,1111,358,1118,870,248,1496,1226,270,1196,1022,174,152,126,26,23.2312686,87.0783875
WEST BENGAL,Urban,Bankura,Train,2883,2562,321,0,0,0,109,93,16,101,89,12,57,52,5,88,74,14,145,126,19,432,373,59,1774,1592,182,177,163,14,23.2312686,87.0783875
WEST BENGAL,Urban,Bankura,Water transport,53,41,12,0,0,0,11,7,4,3,2,1,3,2,1,5,5,0,5,4,1,9,7,2,14,13,1,3,1,2,23.2312686,87.0783875
WEST BENGAL,Urban,Bankura,Any other,505,467,38,0,0,0,61,54,7,244,226,18,54,52,2,19,18,1,8,8,0,6,6,0,63,57,6,50,46,4,23.2312686,87.0783875
WEST BENGAL,Urban,Bankura,No travel,29622,21473,8149,29622,21473,8149,0,0,0,0,0,0,0,0,0,0,0,0,0,0,0,0,0,0,0,0,0,0,0,0,23.2312686,87.0783875
JHARKHAND,Total,Godda,All Modes,81102,65558,15544,26918,18627,8291,15558,11925,3633,18398,16457,1941,10668,9699,969,4447,4093,354,1974,1838,136,1034,950,84,1661,1566,95,444,403,41,24.8255215,87.2135177
JHARKHAND,Total,Godda,On foot,22846,17479,5367,0,0,0,12124,8738,3386,7772,6390,1382,2950,2351,599,0,0,0,0,0,0,0,0,0,0,0,0,0,0,0,24.8255215,87.2135177
JHARKHAND,Total,Godda,Bicycle,16856,16409,447,0,0,0,1965,1867,98,7453,7255,198,4701,4623,78,1783,1751,32,954,913,41,0,0,0,0,0,0,0,0,0,24.8255215,87.2135177
JHARKHAND,Total,Godda,Moped/Scooter/Motor Cycle,8314,7672,642,0,0,0,1054,971,83,2263,2069,194,1838,1684,154,1664,1540,124,571,539,32,527,494,33,243,234,9,154,141,13,24.8255215,87.2135177
JHARKHAND,Total,Godda,Car/Jeep/Van,667,571,96,0,0,0,73,62,11,99,82,17,202,187,15,96,75,21,55,43,12,52,44,8,66,59,7,24,19,5,24.8255215,87.2135177
JHARKHAND,Total,Godda,Tempo/Autorickshaw/Taxi,448,342,106,0,0,0,46,37,9,124,84,40,87,64,23,92,74,18,40,34,6,20,18,2,16,14,2,23,17,6,24.8255215,87.2135177
JHARKHAND,Total,Godda,Bus,3441,2944,497,0,0,0,153,127,26,408,329,79,693,600,93,714,562,152,317,275,42,372,332,40,720,662,58,64,57,7,24.8255215,87.2135177
JHARKHAND,Total,Godda,Train,1107,1045,62,0,0,0,84,69,15,86,75,11,57,57,0,47,42,5,26,24,2,53,52,1,597,579,18,157,147,10,24.8255215,87.2135177
JHARKHAND,Total,Godda,Water transport,31,27,4,0,0,0,15,12,3,3,3,0,1,1,0,1,1,0,1,0,1,0,0,0,6,6,0,4,4,0,24.8255215,87.2135177
JHARKHAND,Total,Godda,Any other,474,442,32,0,0,0,44,42,2,190,170,20,139,132,7,50,48,2,10,10,0,10,10,0,13,12,1,18,18,0,24.8255215,87.2135177
JHARKHAND,Total,Godda,No travel,26918,18627,8291,26918,18627,8291,0,0,0,0,0,0,0,0,0,0,0,0,0,0,0,0,0,0,0,0,0,0,0,0,24.8255215,87.2135177
JHARKHAND,Rural,Godda,All Modes,67479,53653,13826,23969,16293,7676,11213,8072,3141,15070,13405,1665,9569,8727,842,3579,3345,234,1572,1468,104,778,715,63,1365,1293,72,364,335,29,24.8255215,87.2135177
JHARKHAND,Rural,Godda,On foot,18474,13738,4736,0,0,0,9162,6215,2947,6689,5452,1237,2623,2071,552,0,0,0,0,0,0,0,0,0,0,0,0,0,0,0,24.8255215,87.2135177
JHARKHAND,Rural,Godda,Bicycle,14301,13896,405,0,0,0,1260,1176,84,6105,5925,180,4432,4360,72,1667,1636,31,837,799,38,0,0,0,0,0,0,0,0,0,24.8255215,87.2135177
JHARKHAND,Rural,Godda,Moped/Scooter/Motor Cycle,5702,5240,462,0,0,0,481,423,58,1549,1413,136,1459,1344,115,1146,1058,88,405,378,27,376,349,27,179,174,5,107,101,6,24.8255215,87.2135177
JHARKHAND,Rural,Godda,Car/Jeep/Van,505,435,70,0,0,0,39,32,7,65,53,12,183,170,13,74,60,14,41,33,8,41,34,7,41,37,4,21,16,5,24.8255215,87.2135177
JHARKHAND,Rural,Godda,Tempo/Autorickshaw/Taxi,327,265,62,0,0,0,27,22,5,77,59,18,70,54,16,77,65,12,25,23,2,19,17,2,12,11,1,20,14,6,24.8255215,87.2135177
JHARKHAND,Rural,Godda,Bus,2724,2388,336,0,0,0,121,98,23,350,290,60,620,550,70,527,442,85,228,202,26,284,258,26,547,503,44,47,45,2,24.8255215,87.2135177
JHARKHAND,Rural,Godda,Train,1034,977,57,0,0,0,74,60,14,74,63,11,56,56,0,40,38,2,25,23,2,49,48,1,568,551,17,148,138,10,24.8255215,87.2135177
JHARKHAND,Rural,Godda,Water transport,26,22,4,0,0,0,12,9,3,3,3,0,0,0,0,1,1,0,1,0,1,0,0,0,5,5,0,4,4,0,24.8255215,87.2135177
JHARKHAND,Rural,Godda,Any other,417,399,18,0,0,0,37,37,0,158,147,11,126,122,4,47,45,2,10,10,0,9,9,0,13,12,1,17,17,0,24.8255215,87.2135177
JHARKHAND,Rural,Godda,No travel,23969,16293,7676,23969,16293,7676,0,0,0,0,0,0,0,0,0,0,0,0,0,0,0,0,0,0,0,0,0,0,0,0,24.8255215,87.2135177
JHARKHAND,Urban,Godda,All Modes,13623,11905,1718,2949,2334,615,4345,3853,492,3328,3052,276,1099,972,127,868,748,120,402,370,32,256,235,21,296,273,23,80,68,12,24.8255215,87.2135177
JHARKHAND,Urban,Godda,On foot,4372,3741,631,0,0,0,2962,2523,439,1083,938,145,327,280,47,0,0,0,0,0,0,0,0,0,0,0,0,0,0,0,24.8255215,87.2135177
JHARKHAND,Urban,Godda,Bicycle,2555,2513,42,0,0,0,705,691,14,1348,1330,18,269,263,6,116,115,1,117,114,3,0,0,0,0,0,0,0,0,0,24.8255215,87.2135177
JHARKHAND,Urban,Godda,Moped/Scooter/Motor Cycle,2612,2432,180,0,0,0,573,548,25,714,656,58,379,340,39,518,482,36,166,161,5,151,145,6,64,60,4,47,40,7,24.8255215,87.2135177
JHARKHAND,Urban,Godda,Car/Jeep/Van,162,136,26,0,0,0,34,30,4,34,29,5,19,17,2,22,15,7,14,10,4,11,10,1,25,22,3,3,3,0,24.8255215,87.2135177
JHARKHAND,Urban,Godda,Tempo/Autorickshaw/Taxi,121,77,44,0,0,0,19,15,4,47,25,22,17,10,7,15,9,6,15,11,4,1,1,0,4,3,1,3,3,0,24.8255215,87.2135177
JHARKHAND,Urban,Godda,Bus,717,556,161,0,0,0,32,29,3,58,39,19,73,50,23,187,120,67,89,73,16,88,74,14,173,159,14,17,12,5,24.8255215,87.2135177
JHARKHAND,Urban,Godda,Train,73,68,5,0,0,0,10,9,1,12,12,0,1,1,0,7,4,3,1,1,0,4,4,0,29,28,1,9,9,0,24.8255215,87.2135177
JHARKHAND,Urban,Godda,Water transport,5,5,0,0,0,0,3,3,0,0,0,0,1,1,0,0,0,0,0,0,0,0,0,0,1,1,0,0,0,0,24.8255215,87.2135177
JHARKHAND,Urban,Godda,Any other,57,43,14,0,0,0,7,5,2,32,23,9,13,10,3,3,3,0,0,0,0,1,1,0,0,0,0,1,1,0,24.8255215,87.2135177
JHARKHAND,Urban,Godda,No travel,2949,2334,615,2949,2334,615,0,0,0,0,0,0,0,0,0,0,0,0,0,0,0,0,0,0,0,0,0,0,0,0,24.8255215,87.2135177
JHARKHAND,Total,Dumka,All Modes,105187,79815,25372,37622,24627,12995,17308,12637,4671,23983,19924,4059,12280,10114,2166,5161,4663,498,3702,3361,341,1670,1469,201,1775,1561,214,1686,1459,227,24.2854664,87.2419299
JHARKHAND,Total,Dumka,On foot,29049,20214,8835,0,0,0,13694,9343,4351,10346,7406,2940,5009,3465,1544,0,0,0,0,0,0,0,0,0,0,0,0,0,0,0,24.2854664,87.2419299
JHARKHAND,Total,Dumka,Bicycle,20077,19166,911,0,0,0,2010,1871,139,9055,8644,411,4707,4524,183,2386,2323,63,1919,1804,115,0,0,0,0,0,0,0,0,0,24.2854664,87.2419299
JHARKHAND,Total,Dumka,Moped/Scooter/Motor Cycle,9163,8216,947,0,0,0,1191,1099,92,3437,3039,398,1336,1168,168,1180,1065,115,675,621,54,542,507,35,227,212,15,575,505,70,24.2854664,87.2419299
JHARKHAND,Total,Dumka,Car/Jeep/Van,626,524,102,0,0,0,96,81,15,165,131,34,76,65,11,61,53,8,48,42,6,64,56,8,52,46,6,64,50,14,24.2854664,87.2419299
JHARKHAND,Total,Dumka,Tempo/Autorickshaw/Taxi,460,312,148,0,0,0,47,27,20,174,99,75,72,56,16,53,37,16,24,21,3,38,37,1,11,10,1,41,25,16,24.2854664,87.2419299
JHARKHAND,Total,Dumka,Bus,6139,4978,1161,0,0,0,103,78,25,368,264,104,684,500,184,1363,1077,286,1004,843,161,973,821,152,1105,949,156,539,446,93,24.2854664,87.2419299
JHARKHAND,Total,Dumka,Train,1050,946,104,0,0,0,69,57,12,107,89,18,73,60,13,44,41,3,14,12,2,32,30,2,340,307,33,371,350,21,24.2854664,87.2419299
JHARKHAND,Total,Dumka,Water transport,32,28,4,0,0,0,8,6,2,3,3,0,3,3,0,2,1,1,4,4,0,2,2,0,6,6,0,4,3,1,24.2854664,87.2419299
JHARKHAND,Total,Dumka,Any other,969,804,165,0,0,0,90,75,15,328,249,79,320,273,47,72,66,6,14,14,0,19,16,3,34,31,3,92,80,12,24.2854664,87.2419299
JHARKHAND,Total,Dumka,No travel,37622,24627,12995,37622,24627,12995,0,0,0,0,0,0,0,0,0,0,0,0,0,0,0,0,0,0,0,0,0,0,0,0,24.2854664,87.2419299
JHARKHAND,Rural,Dumka,All Modes,82666,60466,22200,31267,19335,11932,12102,8225,3877,17044,13748,3296,10688,8764,1924,4617,4193,424,2994,2741,253,1283,1129,154,1415,1242,173,1256,1089,167,24.2854664,87.2419299
JHARKHAND,Rural,Dumka,On foot,21918,14421,7497,0,0,0,10181,6543,3638,7649,5167,2482,4088,2711,1377,0,0,0,0,0,0,0,0,0,0,0,0,0,0,0,24.2854664,87.2419299
JHARKHAND,Rural,Dumka,Bicycle,16487,15685,802,0,0,0,1232,1114,118,6785,6439,346,4514,4336,178,2313,2250,63,1643,1546,97,0,0,0,0,0,0,0,0,0,24.2854664,87.2419299
JHARKHAND,Rural,Dumka,Moped/Scooter/Motor Cycle,5605,4898,707,0,0,0,435,375,60,1871,1601,270,1033,888,145,900,803,97,452,409,43,371,343,28,175,163,12,368,316,52,24.2854664,87.2419299
JHARKHAND,Rural,Dumka,Car/Jeep/Van,353,294,59,0,0,0,34,26,8,73,60,13,52,45,7,44,37,7,32,29,3,43,37,6,30,26,4,45,34,11,24.2854664,87.2419299
JHARKHAND,Rural,Dumka,Tempo/Autorickshaw/Taxi,314,228,86,0,0,0,24,14,10,99,61,38,55,45,10,43,30,13,19,17,2,35,34,1,7,7,0,32,20,12,24.2854664,87.2419299
JHARKHAND,Rural,Dumka,Bus,5127,4215,912,0,0,0,79,58,21,292,207,85,616,461,155,1216,979,237,819,712,107,791,676,115,881,752,129,433,370,63,24.2854664,87.2419299
JHARKHAND,Rural,Dumka,Train,843,761,82,0,0,0,52,41,11,69,56,13,63,53,10,34,32,2,11,10,1,25,23,2,295,269,26,294,277,17,24.2854664,87.2419299
JHARKHAND,Rural,Dumka,Water transport,29,26,3,0,0,0,8,6,2,3,3,0,3,3,0,1,1,0,4,4,0,2,2,0,4,4,0,4,3,1,24.2854664,87.2419299
JHARKHAND,Rural,Dumka,Any other,723,603,120,0,0,0,57,48,9,203,154,49,264,222,42,66,61,5,14,14,0,16,14,2,23,21,2,80,69,11,24.2854664,87.2419299
JHARKHAND,Rural,Dumka,No travel,31267,19335,11932,31267,19335,11932,0,0,0,0,0,0,0,0,0,0,0,0,0,0,0,0,0,0,0,0,0,0,0,0,24.2854664,87.2419299
JHARKHAND,Urban,Dumka,All Modes,22521,19349,3172,6355,5292,1063,5206,4412,794,6939,6176,763,1592,1350,242,544,470,74,708,620,88,387,340,47,360,319,41,430,370,60,24.2854664,87.2419299
JHARKHAND,Urban,Dumka,On foot,7131,5793,1338,0,0,0,3513,2800,713,2697,2239,458,921,754,167,0,0,0,0,0,0,0,0,0,0,0,0,0,0,0,24.2854664,87.2419299
JHARKHAND,Urban,Dumka,Bicycle,3590,3481,109,0,0,0,778,757,21,2270,2205,65,193,188,5,73,73,0,276,258,18,0,0,0,0,0,0,0,0,0,24.2854664,87.2419299
JHARKHAND,Urban,Dumka,Moped/Scooter/Motor Cycle,3558,3318,240,0,0,0,756,724,32,1566,1438,128,303,280,23,280,262,18,223,212,11,171,164,7,52,49,3,207,189,18,24.2854664,87.2419299
JHARKHAND,Urban,Dumka,Car/Jeep/Van,273,230,43,0,0,0,62,55,7,92,71,21,24,20,4,17,16,1,16,13,3,21,19,2,22,20,2,19,16,3,24.2854664,87.2419299
JHARKHAND,Urban,Dumka,Tempo/Autorickshaw/Taxi,146,84,62,0,0,0,23,13,10,75,38,37,17,11,6,10,7,3,5,4,1,3,3,0,4,3,1,9,5,4,24.2854664,87.2419299
JHARKHAND,Urban,Dumka,Bus,1012,763,249,0,0,0,24,20,4,76,57,19,68,39,29,147,98,49,185,131,54,182,145,37,224,197,27,106,76,30,24.2854664,87.2419299
JHARKHAND,Urban,Dumka,Train,207,185,22,0,0,0,17,16,1,38,33,5,10,7,3,10,9,1,3,2,1,7,7,0,45,38,7,77,73,4,24.2854664,87.2419299
JHARKHAND,Urban,Dumka,Water transport,3,2,1,0,0,0,0,0,0,0,0,0,0,0,0,1,0,1,0,0,0,0,0,0,2,2,0,0,0,0,24.2854664,87.2419299
JHARKHAND,Urban,Dumka,Any other,246,201,45,0,0,0,33,27,6,125,95,30,56,51,5,6,5,1,0,0,0,3,2,1,11,10,1,12,11,1,24.2854664,87.2419299
JHARKHAND,Urban,Dumka,No travel,6355,5292,1063,6355,5292,1063,0,0,0,0,0,0,0,0,0,0,0,0,0,0,0,0,0,0,0,0,0,0,0,0,24.2854664,87.2419299
WEST BENGAL,Total,Paschim Medinipur,All Modes,689088,537849,151239,233289,155532,77757,108219,81303,26916,142595,118123,24472,70042,58512,11530,31256,28378,2878,29156,26273,2883,15947,14389,1558,46799,44594,2205,11785,10745,1040,22.4080376,87.3810727
WEST BENGAL,Total,Paschim Medinipur,On foot,114220,72152,42068,0,0,0,65289,42532,22757,28479,16334,12145,20452,13286,7166,0,0,0,0,0,0,0,0,0,0,0,0,0,0,0,22.4080376,87.3810727
WEST BENGAL,Total,Paschim Medinipur,Bicycle,180283,164506,15777,0,0,0,32458,29640,2818,86839,78183,8656,31080,28923,2157,12380,11826,554,17526,15934,1592,0,0,0,0,0,0,0,0,0,22.4080376,87.3810727
WEST BENGAL,Total,Paschim Medinipur,Moped/Scooter/Motor Cycle,47195,43674,3521,0,0,0,6181,5696,485,18262,16772,1490,8514,7933,581,5694,5326,368,2320,2174,146,2310,2170,140,1020,978,42,2894,2625,269,22.4080376,87.3810727
WEST BENGAL,Total,Paschim Medinipur,Car/Jeep/Van,4528,3898,630,0,0,0,573,481,92,1093,892,201,737,641,96,562,488,74,300,264,36,387,352,35,515,471,44,361,309,52,22.4080376,87.3810727
WEST BENGAL,Total,Paschim Medinipur,Tempo/Autorickshaw/Taxi,5079,3601,1478,0,0,0,420,268,152,1634,885,749,988,760,228,613,513,100,263,234,29,321,263,58,391,368,23,449,310,139,22.4080376,87.3810727
WEST BENGAL,Total,Paschim Medinipur,Bus,51608,44857,6751,0,0,0,1142,848,294,3562,2629,933,5942,4868,1074,9238,7719,1519,6785,5909,876,8589,7630,959,14697,13816,881,1653,1438,215,22.4080376,87.3810727
WEST BENGAL,Total,Paschim Medinipur,Train,46786,44089,2697,0,0,0,1148,993,155,1262,1116,146,1286,1130,156,2305,2072,233,1760,1570,190,4046,3707,339,29281,28111,1170,5698,5390,308,22.4080376,87.3810727
WEST BENGAL,Total,Paschim Medinipur,Water transport,760,624,136,0,0,0,229,155,74,110,97,13,102,94,8,43,37,6,24,21,3,41,36,5,135,130,5,76,54,22,22.4080376,87.3810727
WEST BENGAL,Total,Paschim Medinipur,Any other,5340,4916,424,0,0,0,779,690,89,1354,1215,139,941,877,64,421,397,24,178,167,11,253,231,22,760,720,40,654,619,35,22.4080376,87.3810727
WEST BENGAL,Total,Paschim Medinipur,No travel,233289,155532,77757,233289,155532,77757,0,0,0,0,0,0,0,0,0,0,0,0,0,0,0,0,0,0,0,0,0,0,0,0,22.4080376,87.3810727
WEST BENGAL,Rural,Paschim Medinipur,All Modes,471342,362700,108642,173836,113406,60430,66608,48418,18190,82110,65810,16300,48912,41334,7578,23796,22055,1741,18490,16793,1697,11258,10414,844,39100,37712,1388,7232,6758,474,22.4080376,87.3810727
WEST BENGAL,Rural,Paschim Medinipur,On foot,73696,45169,28527,0,0,0,43187,27575,15612,18278,9857,8421,12231,7737,4494,0,0,0,0,0,0,0,0,0,0,0,0,0,0,0,22.4080376,87.3810727
WEST BENGAL,Rural,Paschim Medinipur,Bicycle,115421,103744,11677,0,0,0,18490,16501,1989,51819,45313,6506,24668,22907,1761,10564,10112,452,9880,8911,969,0,0,0,0,0,0,0,0,0,22.4080376,87.3810727
WEST BENGAL,Rural,Paschim Medinipur,Moped/Scooter/Motor Cycle,22688,21256,1432,0,0,0,2433,2261,172,6865,6425,440,4862,4535,327,3904,3667,237,1714,1616,98,1323,1265,58,692,673,19,895,814,81,22.4080376,87.3810727
WEST BENGAL,Rural,Paschim Medinipur,Car/Jeep/Van,2596,2316,280,0,0,0,257,217,40,487,418,69,510,447,63,367,338,29,180,168,12,237,223,14,344,318,26,214,187,27,22.4080376,87.3810727
WEST BENGAL,Rural,Paschim Medinipur,Tempo/Autorickshaw/Taxi,2547,2172,375,0,0,0,142,116,26,599,460,139,576,494,82,388,356,32,172,162,10,174,160,14,284,272,12,212,152,60,22.4080376,87.3810727
WEST BENGAL,Rural,Paschim Medinipur,Bus,39739,35591,4148,0,0,0,743,591,152,2494,1890,604,4389,3688,701,6747,5865,882,5216,4704,512,6571,5995,576,12406,11804,602,1173,1054,119,22.4080376,87.3810727
WEST BENGAL,Rural,Paschim Medinipur,Train,36829,35362,1467,0,0,0,777,682,95,816,739,77,931,834,97,1446,1353,93,1175,1087,88,2746,2577,169,24592,23900,692,4346,4190,156,22.4080376,87.3810727
WEST BENGAL,Rural,Paschim Medinipur,Water transport,577,476,101,0,0,0,171,103,68,75,70,5,81,76,5,32,31,1,14,14,0,32,30,2,118,113,5,54,39,15,22.4080376,87.3810727
WEST BENGAL,Rural,Paschim Medinipur,Any other,3413,3208,205,0,0,0,408,372,36,677,638,39,664,616,48,348,333,15,139,131,8,175,164,11,664,632,32,338,322,16,22.4080376,87.3810727
WEST BENGAL,Rural,Paschim Medinipur,No travel,173836,113406,60430,173836,113406,60430,0,0,0,0,0,0,0,0,0,0,0,0,0,0,0,0,0,0,0,0,0,0,0,0,22.4080376,87.3810727
WEST BENGAL,Urban,Paschim Medinipur,All Modes,217746,175149,42597,59453,42126,17327,41611,32885,8726,60485,52313,8172,21130,17178,3952,7460,6323,1137,10666,9480,1186,4689,3975,714,7699,6882,817,4553,3987,566,22.4080376,87.3810727
WEST BENGAL,Urban,Paschim Medinipur,On foot,40524,26983,13541,0,0,0,22102,14957,7145,10201,6477,3724,8221,5549,2672,0,0,0,0,0,0,0,0,0,0,0,0,0,0,0,22.4080376,87.3810727
WEST BENGAL,Urban,Paschim Medinipur,Bicycle,64862,60762,4100,0,0,0,13968,13139,829,35020,32870,2150,6412,6016,396,1816,1714,102,7646,7023,623,0,0,0,0,0,0,0,0,0,22.4080376,87.3810727
WEST BENGAL,Urban,Paschim Medinipur,Moped/Scooter/Motor Cycle,24507,22418,2089,0,0,0,3748,3435,313,11397,10347,1050,3652,3398,254,1790,1659,131,606,558,48,987,905,82,328,305,23,1999,1811,188,22.4080376,87.3810727
WEST BENGAL,Urban,Paschim Medinipur,Car/Jeep/Van,1932,1582,350,0,0,0,316,264,52,606,474,132,227,194,33,195,150,45,120,96,24,150,129,21,171,153,18,147,122,25,22.4080376,87.3810727
WEST BENGAL,Urban,Paschim Medinipur,Tempo/Autorickshaw/Taxi,2532,1429,1103,0,0,0,278,152,126,1035,425,610,412,266,146,225,157,68,91,72,19,147,103,44,107,96,11,237,158,79,22.4080376,87.3810727
WEST BENGAL,Urban,Paschim Medinipur,Bus,11869,9266,2603,0,0,0,399,257,142,1068,739,329,1553,1180,373,2491,1854,637,1569,1205,364,2018,1635,383,2291,2012,279,480,384,96,22.4080376,87.3810727
WEST BENGAL,Urban,Paschim Medinipur,Train,9957,8727,1230,0,0,0,371,311,60,446,377,69,355,296,59,859,719,140,585,483,102,1300,1130,170,4689,4211,478,1352,1200,152,22.4080376,87.3810727
WEST BENGAL,Urban,Paschim Medinipur,Water transport,183,148,35,0,0,0,58,52,6,35,27,8,21,18,3,11,6,5,10,7,3,9,6,3,17,17,0,22,15,7,22.4080376,87.3810727
WEST BENGAL,Urban,Paschim Medinipur,Any other,1927,1708,219,0,0,0,371,318,53,677,577,100,277,261,16,73,64,9,39,36,3,78,67,11,96,88,8,316,297,19,22.4080376,87.3810727
WEST BENGAL,Urban,Paschim Medinipur,No travel,59453,42126,17327,59453,42126,17327,0,0,0,0,0,0,0,0,0,0,0,0,0,0,0,0,0,0,0,0,0,0,0,0,22.4080376,87.3810727
BIHAR,Total,Araria,All Modes,130666,98132,32534,54157,33258,20899,24078,18886,5192,25805,22869,2936,13880,11341,2539,4118,3753,365,3796,3559,237,1149,1052,97,2238,2114,124,1445,1300,145,26.1311375,87.445534
BIHAR,Total,Araria,On foot,30997,22301,8696,0,0,0,16850,12161,4689,8504,6529,1975,5643,3611,2032,0,0,0,0,0,0,0,0,0,0,0,0,0,0,0,26.1311375,87.445534
BIHAR,Total,Araria,Bicycle,27370,26691,679,0,0,0,4745,4592,153,12508,12248,260,5533,5430,103,1895,1846,49,2689,2575,114,0,0,0,0,0,0,0,0,0,26.1311375,87.445534
BIHAR,Total,Araria,Moped/Scooter/Motor Cycle,9602,8527,1075,0,0,0,1702,1531,171,3280,2892,388,1508,1326,182,1235,1078,157,591,544,47,487,456,31,279,249,30,520,451,69,26.1311375,87.445534
BIHAR,Total,Araria,Car/Jeep/Van,767,666,101,0,0,0,128,108,20,155,130,25,118,105,13,77,64,13,63,54,9,91,84,7,83,77,6,52,44,8,26.1311375,87.445534
BIHAR,Total,Araria,Tempo/Autorickshaw/Taxi,1758,1192,566,0,0,0,218,123,95,544,345,199,399,263,136,288,213,75,98,79,19,85,68,17,40,37,3,86,64,22,26.1311375,87.445534
BIHAR,Total,Araria,Bus,2341,2038,303,0,0,0,120,89,31,264,208,56,380,324,56,398,338,60,265,229,36,319,289,30,492,465,27,103,96,7,26.1311375,87.445534
BIHAR,Total,Araria,Train,2913,2752,161,0,0,0,196,175,21,230,218,12,151,140,11,172,162,10,71,61,10,148,136,12,1311,1256,55,634,604,30,26.1311375,87.445534
BIHAR,Total,Araria,Water transport,41,40,1,0,0,0,7,7,0,5,5,0,3,3,0,4,4,0,2,2,0,2,2,0,9,9,0,9,8,1,26.1311375,87.445534
BIHAR,Total,Araria,Any other,720,667,53,0,0,0,112,100,12,315,294,21,145,139,6,49,48,1,17,15,2,17,17,0,24,21,3,41,33,8,26.1311375,87.445534
BIHAR,Total,Araria,No travel,54157,33258,20899,54157,33258,20899,0,0,0,0,0,0,0,0,0,0,0,0,0,0,0,0,0,0,0,0,0,0,0,0,26.1311375,87.445534
BIHAR,Rural,Araria,All Modes,94642,67547,27095,42750,24803,17947,13868,9795,4073,17051,14807,2244,10739,8603,2136,3331,3082,249,2963,2795,168,808,748,60,1907,1814,93,1225,1100,125,26.1311375,87.445534
BIHAR,Rural,Araria,On foot,19918,12814,7104,0,0,0,9958,6239,3719,5511,3904,1607,4449,2671,1778,0,0,0,0,0,0,0,0,0,0,0,0,0,0,0,26.1311375,87.445534
BIHAR,Rural,Araria,Bicycle,19560,19048,512,0,0,0,2595,2487,108,8657,8469,188,4414,4333,81,1718,1678,40,2176,2081,95,0,0,0,0,0,0,0,0,0,26.1311375,87.445534
BIHAR,Rural,Araria,Moped/Scooter/Motor Cycle,6261,5441,820,0,0,0,870,733,137,2043,1748,295,1036,905,131,898,782,116,429,398,31,360,336,24,223,197,26,402,342,60,26.1311375,87.445534
BIHAR,Rural,Araria,Car/Jeep/Van,421,360,61,0,0,0,55,45,10,68,54,14,55,46,9,53,44,9,40,34,6,52,48,4,58,55,3,40,34,6,26.1311375,87.445534
BIHAR,Rural,Araria,Tempo/Autorickshaw/Taxi,1165,836,329,0,0,0,122,69,53,287,197,90,284,192,92,227,174,53,75,66,9,65,54,11,34,32,2,71,52,19,26.1311375,87.445534
BIHAR,Rural,Araria,Bus,1714,1538,176,0,0,0,75,50,25,188,156,32,271,237,34,276,247,29,187,168,19,227,211,16,417,399,18,73,70,3,26.1311375,87.445534
BIHAR,Rural,Araria,Train,2417,2301,116,0,0,0,146,128,18,160,152,8,110,103,7,113,112,1,42,35,7,92,87,5,1151,1110,41,603,574,29,26.1311375,87.445534
BIHAR,Rural,Araria,Water transport,32,31,1,0,0,0,4,4,0,4,4,0,2,2,0,4,4,0,2,2,0,1,1,0,8,8,0,7,6,1,26.1311375,87.445534
BIHAR,Rural,Araria,Any other,404,375,29,0,0,0,43,40,3,133,123,10,118,114,4,42,41,1,12,11,1,11,11,0,16,13,3,29,22,7,26.1311375,87.445534
BIHAR,Rural,Araria,No travel,42750,24803,17947,42750,24803,17947,0,0,0,0,0,0,0,0,0,0,0,0,0,0,0,0,0,0,0,0,0,0,0,0,26.1311375,87.445534
BIHAR,Urban,Araria,All Modes,36024,30585,5439,11407,8455,2952,10210,9091,1119,8754,8062,692,3141,2738,403,787,671,116,833,764,69,341,304,37,331,300,31,220,200,20,26.1311375,87.445534
BIHAR,Urban,Araria,On foot,11079,9487,1592,0,0,0,6892,5922,970,2993,2625,368,1194,940,254,0,0,0,0,0,0,0,0,0,0,0,0,0,0,0,26.1311375,87.445534
BIHAR,Urban,Araria,Bicycle,7810,7643,167,0,0,0,2150,2105,45,3851,3779,72,1119,1097,22,177,168,9,513,494,19,0,0,0,0,0,0,0,0,0,26.1311375,87.445534
BIHAR,Urban,Araria,Moped/Scooter/Motor Cycle,3341,3086,255,0,0,0,832,798,34,1237,1144,93,472,421,51,337,296,41,162,146,16,127,120,7,56,52,4,118,109,9,26.1311375,87.445534
BIHAR,Urban,Araria,Car/Jeep/Van,346,306,40,0,0,0,73,63,10,87,76,11,63,59,4,24,20,4,23,20,3,39,36,3,25,22,3,12,10,2,26.1311375,87.445534
BIHAR,Urban,Araria,Tempo/Autorickshaw/Taxi,593,356,237,0,0,0,96,54,42,257,148,109,115,71,44,61,39,22,23,13,10,20,14,6,6,5,1,15,12,3,26.1311375,87.445534
BIHAR,Urban,Araria,Bus,627,500,127,0,0,0,45,39,6,76,52,24,109,87,22,122,91,31,78,61,17,92,78,14,75,66,9,30,26,4,26.1311375,87.445534
BIHAR,Urban,Araria,Train,496,451,45,0,0,0,50,47,3,70,66,4,41,37,4,59,50,9,29,26,3,56,49,7,160,146,14,31,30,1,26.1311375,87.445534
BIHAR,Urban,Araria,Water transport,9,9,0,0,0,0,3,3,0,1,1,0,1,1,0,0,0,0,0,0,0,1,1,0,1,1,0,2,2,0,26.1311375,87.445534
BIHAR,Urban,Araria,Any other,316,292,24,0,0,0,69,60,9,182,171,11,27,25,2,7,7,0,5,4,1,6,6,0,8,8,0,12,11,1,26.1311375,87.445534
BIHAR,Urban,Araria,No travel,11407,8455,2952,11407,8455,2952,0,0,0,0,0,0,0,0,0,0,0,0,0,0,0,0,0,0,0,0,0,0,0,0,26.1311375,87.445534
BIHAR,Total,Purnia,All Modes,172039,129263,42776,79570,51163,28407,23224,17829,5395,27444,24082,3362,18843,15078,3765,5273,4886,387,7794,7292,502,1729,1557,172,1767,1646,121,6395,5730,665,25.7771391,87.4752551
BIHAR,Total,Purnia,On foot,35501,25349,10152,0,0,0,16691,11791,4900,8607,6535,2072,10203,7023,3180,0,0,0,0,0,0,0,0,0,0,0,0,0,0,0,25.7771391,87.4752551
BIHAR,Total,Purnia,Bicycle,29442,28459,983,0,0,0,3800,3626,174,11947,11560,387,5055,4946,109,2483,2440,43,6157,5887,270,0,0,0,0,0,0,0,0,0,25.7771391,87.4752551
BIHAR,Total,Purnia,Moped/Scooter/Motor Cycle,13405,12429,976,0,0,0,1794,1681,113,4638,4292,346,1752,1600,152,1158,1068,90,635,590,45,631,606,25,220,208,12,2577,2384,193,25.7771391,87.4752551
BIHAR,Total,Purnia,Car/Jeep/Van,1433,1213,220,0,0,0,177,140,37,348,286,62,152,134,18,147,134,13,99,81,18,106,93,13,81,75,6,323,270,53,25.7771391,87.4752551
BIHAR,Total,Purnia,Tempo/Autorickshaw/Taxi,4454,3300,1154,0,0,0,289,197,92,1182,782,400,1103,873,230,747,598,149,268,203,65,105,83,22,52,41,11,708,523,185,25.7771391,87.4752551
BIHAR,Total,Purnia,Bus,3667,3154,513,0,0,0,145,116,29,282,238,44,305,256,49,481,411,70,476,385,91,604,517,87,622,571,51,752,660,92,25.7771391,87.4752551
BIHAR,Total,Purnia,Train,3700,3469,231,0,0,0,231,209,22,199,180,19,151,137,14,181,166,15,107,96,11,261,237,24,759,723,36,1811,1721,90,25.7771391,87.4752551
BIHAR,Total,Purnia,Water transport,70,50,20,0,0,0,18,10,8,7,7,0,10,8,2,3,1,2,1,1,0,3,3,0,6,5,1,22,15,7,25.7771391,87.4752551
BIHAR,Total,Purnia,Any other,797,677,120,0,0,0,79,59,20,234,202,32,112,101,11,73,68,5,51,49,2,19,18,1,27,23,4,202,157,45,25.7771391,87.4752551
BIHAR,Total,Purnia,No travel,79570,51163,28407,79570,51163,28407,0,0,0,0,0,0,0,0,0,0,0,0,0,0,0,0,0,0,0,0,0,0,0,0,25.7771391,87.4752551
BIHAR,Rural,Purnia,All Modes,103974,71113,32861,55757,32574,23183,12116,8098,4018,12243,10379,1864,11521,8644,2877,3103,2930,173,4064,3806,258,801,736,65,1075,1006,69,3294,2940,354,25.7771391,87.4752551
BIHAR,Rural,Purnia,On foot,20203,12642,7561,0,0,0,9422,5691,3731,4154,2901,1253,6627,4050,2577,0,0,0,0,0,0,0,0,0,0,0,0,0,0,0,25.7771391,87.4752551
BIHAR,Rural,Purnia,Bicycle,15629,15019,610,0,0,0,1681,1572,109,5777,5546,231,3256,3191,65,1631,1611,20,3284,3099,185,0,0,0,0,0,0,0,0,0,25.7771391,87.4752551
BIHAR,Rural,Purnia,Moped/Scooter/Motor Cycle,5098,4514,584,0,0,0,556,486,70,1465,1268,197,799,699,100,597,541,56,295,270,25,300,289,11,129,120,9,957,841,116,25.7771391,87.4752551
BIHAR,Rural,Purnia,Car/Jeep/Van,498,418,80,0,0,0,62,47,15,72,55,17,61,53,8,56,52,4,44,36,8,39,35,4,38,34,4,126,106,20,25.7771391,87.4752551
BIHAR,Rural,Purnia,Tempo/Autorickshaw/Taxi,2065,1652,413,0,0,0,116,75,41,448,323,125,491,405,86,415,360,55,151,134,17,57,49,8,27,22,5,360,284,76,25.7771391,87.4752551
BIHAR,Rural,Purnia,Bus,1803,1613,190,0,0,0,75,57,18,154,141,13,156,131,25,288,263,25,205,185,20,265,234,31,329,306,23,331,296,35,25.7771391,87.4752551
BIHAR,Rural,Purnia,Train,2484,2334,150,0,0,0,158,142,16,110,95,15,73,65,8,79,70,9,40,37,3,124,113,11,528,505,23,1372,1307,65,25.7771391,87.4752551
BIHAR,Rural,Purnia,Water transport,48,31,17,0,0,0,16,9,7,4,4,0,8,6,2,3,1,2,0,0,0,1,1,0,4,3,1,12,7,5,25.7771391,87.4752551
BIHAR,Rural,Purnia,Any other,389,316,73,0,0,0,30,19,11,59,46,13,50,44,6,34,32,2,45,45,0,15,15,0,20,16,4,136,99,37,25.7771391,87.4752551
BIHAR,Rural,Purnia,No travel,55757,32574,23183,55757,32574,23183,0,0,0,0,0,0,0,0,0,0,0,0,0,0,0,0,0,0,0,0,0,0,0,0,25.7771391,87.4752551
BIHAR,Urban,Purnia,All Modes,68065,58150,9915,23813,18589,5224,11108,9731,1377,15201,13703,1498,7322,6434,888,2170,1956,214,3730,3486,244,928,821,107,692,640,52,3101,2790,311,25.7771391,87.4752551
BIHAR,Urban,Purnia,On foot,15298,12707,2591,0,0,0,7269,6100,1169,4453,3634,819,3576,2973,603,0,0,0,0,0,0,0,0,0,0,0,0,0,0,0,25.7771391,87.4752551
BIHAR,Urban,Purnia,Bicycle,13813,13440,373,0,0,0,2119,2054,65,6170,6014,156,1799,1755,44,852,829,23,2873,2788,85,0,0,0,0,0,0,0,0,0,25.7771391,87.4752551
BIHAR,Urban,Purnia,Moped/Scooter/Motor Cycle,8307,7915,392,0,0,0,1238,1195,43,3173,3024,149,953,901,52,561,527,34,340,320,20,331,317,14,91,88,3,1620,1543,77,25.7771391,87.4752551
BIHAR,Urban,Purnia,Car/Jeep/Van,935,795,140,0,0,0,115,93,22,276,231,45,91,81,10,91,82,9,55,45,10,67,58,9,43,41,2,197,164,33,25.7771391,87.4752551
BIHAR,Urban,Purnia,Tempo/Autorickshaw/Taxi,2389,1648,741,0,0,0,173,122,51,734,459,275,612,468,144,332,238,94,117,69,48,48,34,14,25,19,6,348,239,109,25.7771391,87.4752551
BIHAR,Urban,Purnia,Bus,1864,1541,323,0,0,0,70,59,11,128,97,31,149,125,24,193,148,45,271,200,71,339,283,56,293,265,28,421,364,57,25.7771391,87.4752551
BIHAR,Urban,Purnia,Train,1216,1135,81,0,0,0,73,67,6,89,85,4,78,72,6,102,96,6,67,59,8,137,124,13,231,218,13,439,414,25,25.7771391,87.4752551
BIHAR,Urban,Purnia,Water transport,22,19,3,0,0,0,2,1,1,3,3,0,2,2,0,0,0,0,1,1,0,2,2,0,2,2,0,10,8,2,25.7771391,87.4752551
BIHAR,Urban,Purnia,Any other,408,361,47,0,0,0,49,40,9,175,156,19,62,57,5,39,36,3,6,4,2,4,3,1,7,7,0,66,58,8,25.7771391,87.4752551
BIHAR,Urban,Purnia,No travel,23813,18589,5224,23813,18589,5224,0,0,0,0,0,0,0,0,0,0,0,0,0,0,0,0,0,0,0,0,0,0,0,0,25.7771391,87.4752551
BIHAR,Total,Katihar,All Modes,151841,121023,30818,59349,40369,18980,27622,22831,4791,32828,29024,3804,14839,12912,1927,5115,4701,414,4511,4154,357,2104,1884,220,3583,3373,210,1890,1775,115,25.5540648,87.5591073
BIHAR,Total,Katihar,On foot,37425,29372,8053,0,0,0,19310,15051,4259,12022,9551,2471,6093,4770,1323,0,0,0,0,0,0,0,0,0,0,0,0,0,0,0,25.5540648,87.5591073
BIHAR,Total,Katihar,Bicycle,28419,27620,799,0,0,0,5015,4874,141,13445,13094,351,5206,5087,119,2319,2269,50,2434,2296,138,0,0,0,0,0,0,0,0,0,25.5540648,87.5591073
BIHAR,Total,Katihar,Moped/Scooter/Motor Cycle,11502,10545,957,0,0,0,2064,1918,146,4596,4204,392,1748,1567,181,1195,1096,99,655,617,38,583,543,40,312,287,25,349,313,36,25.5540648,87.5591073
BIHAR,Total,Katihar,Car/Jeep/Van,893,772,121,0,0,0,168,141,27,221,179,42,105,96,9,104,88,16,92,87,5,93,83,10,85,78,7,25,20,5,25.5540648,87.5591073
BIHAR,Total,Katihar,Tempo/Autorickshaw/Taxi,3477,2484,993,0,0,0,413,288,125,1341,912,429,754,550,204,438,314,124,244,205,39,128,97,31,80,65,15,79,53,26,25.5540648,87.5591073
BIHAR,Total,Katihar,Bus,2239,1927,312,0,0,0,101,69,32,237,187,50,349,303,46,427,382,45,418,366,52,361,308,53,296,265,31,50,47,3,25.5540648,87.5591073
BIHAR,Total,Katihar,Train,7235,6727,508,0,0,0,319,282,37,467,432,35,351,321,30,549,474,75,615,534,81,884,798,86,2732,2607,125,1318,1279,39,25.5540648,87.5591073
BIHAR,Total,Katihar,Water transport,165,155,10,0,0,0,14,13,1,62,60,2,23,21,2,10,10,0,17,15,2,8,8,0,18,16,2,13,12,1,25.5540648,87.5591073
BIHAR,Total,Katihar,Any other,1137,1052,85,0,0,0,218,195,23,437,405,32,210,197,13,73,68,5,36,34,2,47,47,0,60,55,5,56,51,5,25.5540648,87.5591073
BIHAR,Total,Katihar,No travel,59349,40369,18980,59349,40369,18980,0,0,0,0,0,0,0,0,0,0,0,0,0,0,0,0,0,0,0,0,0,0,0,0,25.5540648,87.5591073
BIHAR,Rural,Katihar,All Modes,93632,70521,23111,42162,26763,15399,13596,10373,3223,16455,14089,2366,9432,8071,1361,3804,3579,225,2875,2656,219,1365,1244,121,2493,2369,124,1450,1377,73,25.5540648,87.5591073
BIHAR,Rural,Katihar,On foot,19505,13964,5541,0,0,0,9874,6938,2936,6214,4576,1638,3417,2450,967,0,0,0,0,0,0,0,0,0,0,0,0,0,0,0,25.5540648,87.5591073
BIHAR,Rural,Katihar,Bicycle,16937,16351,586,0,0,0,2419,2329,90,7083,6842,241,3871,3768,103,1983,1940,43,1581,1472,109,0,0,0,0,0,0,0,0,0,25.5540648,87.5591073
BIHAR,Rural,Katihar,Moped/Scooter/Motor Cycle,5581,4947,634,0,0,0,752,659,93,1927,1669,258,1011,887,124,750,689,61,407,385,22,364,337,27,200,178,22,170,143,27,25.5540648,87.5591073
BIHAR,Rural,Katihar,Car/Jeep/Van,470,409,61,0,0,0,55,43,12,94,74,20,60,54,6,68,61,7,62,60,2,69,61,8,48,44,4,14,12,2,25.5540648,87.5591073
BIHAR,Rural,Katihar,Tempo/Autorickshaw/Taxi,1796,1389,407,0,0,0,187,147,40,584,429,155,458,351,107,251,199,52,154,136,18,76,61,15,44,37,7,42,29,13,25.5540648,87.5591073
BIHAR,Rural,Katihar,Bus,1660,1454,206,0,0,0,73,48,25,172,141,31,292,261,31,339,312,27,240,210,30,279,244,35,231,205,26,34,33,1,25.5540648,87.5591073
BIHAR,Rural,Katihar,Train,5050,4809,241,0,0,0,181,160,21,251,238,13,244,227,17,362,331,31,395,361,34,549,513,36,1917,1854,63,1151,1125,26,25.5540648,87.5591073
BIHAR,Rural,Katihar,Water transport,136,126,10,0,0,0,11,10,1,54,52,2,18,16,2,4,4,0,15,13,2,7,7,0,16,14,2,11,10,1,25.5540648,87.5591073
BIHAR,Rural,Katihar,Any other,335,309,26,0,0,0,44,39,5,76,68,8,61,57,4,47,43,4,21,19,2,21,21,0,37,37,0,28,25,3,25.5540648,87.5591073
BIHAR,Rural,Katihar,No travel,42162,26763,15399,42162,26763,15399,0,0,0,0,0,0,0,0,0,0,0,0,0,0,0,0,0,0,0,0,0,0,0,0,25.5540648,87.5591073
BIHAR,Urban,Katihar,All Modes,58209,50502,7707,17187,13606,3581,14026,12458,1568,16373,14935,1438,5407,4841,566,1311,1122,189,1636,1498,138,739,640,99,1090,1004,86,440,398,42,25.5540648,87.5591073
BIHAR,Urban,Katihar,On foot,17920,15408,2512,0,0,0,9436,8113,1323,5808,4975,833,2676,2320,356,0,0,0,0,0,0,0,0,0,0,0,0,0,0,0,25.5540648,87.5591073
BIHAR,Urban,Katihar,Bicycle,11482,11269,213,0,0,0,2596,2545,51,6362,6252,110,1335,1319,16,336,329,7,853,824,29,0,0,0,0,0,0,0,0,0,25.5540648,87.5591073
BIHAR,Urban,Katihar,Moped/Scooter/Motor Cycle,5921,5598,323,0,0,0,1312,1259,53,2669,2535,134,737,680,57,445,407,38,248,232,16,219,206,13,112,109,3,179,170,9,25.5540648,87.5591073
BIHAR,Urban,Katihar,Car/Jeep/Van,423,363,60,0,0,0,113,98,15,127,105,22,45,42,3,36,27,9,30,27,3,24,22,2,37,34,3,11,8,3,25.5540648,87.5591073
BIHAR,Urban,Katihar,Tempo/Autorickshaw/Taxi,1681,1095,586,0,0,0,226,141,85,757,483,274,296,199,97,187,115,72,90,69,21,52,36,16,36,28,8,37,24,13,25.5540648,87.5591073
BIHAR,Urban,Katihar,Bus,579,473,106,0,0,0,28,21,7,65,46,19,57,42,15,88,70,18,178,156,22,82,64,18,65,60,5,16,14,2,25.5540648,87.5591073
BIHAR,Urban,Katihar,Train,2185,1918,267,0,0,0,138,122,16,216,194,22,107,94,13,187,143,44,220,173,47,335,285,50,815,753,62,167,154,13,25.5540648,87.5591073
BIHAR,Urban,Katihar,Water transport,29,29,0,0,0,0,3,3,0,8,8,0,5,5,0,6,6,0,2,2,0,1,1,0,2,2,0,2,2,0,25.5540648,87.5591073
BIHAR,Urban,Katihar,Any other,802,743,59,0,0,0,174,156,18,361,337,24,149,140,9,26,25,1,15,15,0,26,26,0,23,18,5,28,26,2,25.5540648,87.5591073
BIHAR,Urban,Katihar,No travel,17187,13606,3581,17187,13606,3581,0,0,0,0,0,0,0,0,0,0,0,0,0,0,0,0,0,0,0,0,0,0,0,0,25.5540648,87.5591073
WEST BENGAL,Total,Birbhum,All Modes,427777,334219,93558,144465,95339,49126,83625,62821,20804,87926,74996,12930,49877,43779,6098,23590,21729,1861,14056,13072,984,7688,7056,632,13945,13082,863,2605,2345,260,23.8401675,87.6186379
WEST BENGAL,Total,Birbhum,On foot,101951,71349,30602,0,0,0,61853,42613,19240,26370,18531,7839,13728,10205,3523,0,0,0,0,0,0,0,0,0,0,0,0,0,0,0,23.8401675,87.6186379
WEST BENGAL,Total,Birbhum,Bicycle,103666,97986,5680,0,0,0,16915,15934,981,48689,45415,3274,22498,21606,892,8914,8696,218,6650,6335,315,0,0,0,0,0,0,0,0,0,23.8401675,87.6186379
WEST BENGAL,Total,Birbhum,Moped/Scooter/Motor Cycle,18245,17154,1091,0,0,0,2300,2134,166,5832,5409,423,4023,3788,235,3055,2924,131,1216,1181,35,836,813,23,454,427,27,529,478,51,23.8401675,87.6186379
WEST BENGAL,Total,Birbhum,Car/Jeep/Van,4067,3601,466,0,0,0,505,435,70,1226,1060,166,856,769,87,699,610,89,208,191,17,197,180,17,222,213,9,154,143,11,23.8401675,87.6186379
WEST BENGAL,Total,Birbhum,Tempo/Autorickshaw/Taxi,1702,1450,252,0,0,0,170,129,41,393,314,79,287,256,31,355,291,64,112,106,6,139,133,6,159,151,8,87,70,17,23.8401675,87.6186379
WEST BENGAL,Total,Birbhum,Bus,30897,26076,4821,0,0,0,609,461,148,3107,2172,935,6161,4957,1204,8385,7166,1219,4523,4009,514,4211,3778,433,3348,3063,285,553,470,83,23.8401675,87.6186379
WEST BENGAL,Total,Birbhum,Train,16423,15263,1160,0,0,0,428,355,73,505,438,67,690,622,68,1313,1191,122,1134,1043,91,2113,1966,147,9251,8736,515,989,912,77,23.8401675,87.6186379
WEST BENGAL,Total,Birbhum,Water transport,207,179,28,0,0,0,39,31,8,16,12,4,18,16,2,27,23,4,12,12,0,22,20,2,56,52,4,17,13,4,23.8401675,87.6186379
WEST BENGAL,Total,Birbhum,Any other,6154,5822,332,0,0,0,806,729,77,1788,1645,143,1616,1560,56,842,828,14,201,195,6,170,166,4,455,440,15,276,259,17,23.8401675,87.6186379
WEST BENGAL,Total,Birbhum,No travel,144465,95339,49126,144465,95339,49126,0,0,0,0,0,0,0,0,0,0,0,0,0,0,0,0,0,0,0,0,0,0,0,0,23.8401675,87.6186379
WEST BENGAL,Rural,Birbhum,All Modes,290883,223607,67276,107804,68458,39346,43007,30598,12409,58741,50099,8642,38251,33922,4329,18004,16872,1132,9657,9083,574,4982,4654,328,8883,8516,367,1554,1405,149,23.8401675,87.6186379
WEST BENGAL,Rural,Birbhum,On foot,59610,40324,19286,0,0,0,32942,21457,11485,17424,12164,5260,9244,6703,2541,0,0,0,0,0,0,0,0,0,0,0,0,0,0,0,23.8401675,87.6186379
WEST BENGAL,Rural,Birbhum,Bicycle,73499,69375,4124,0,0,0,7935,7300,635,33531,31191,2340,19379,18650,729,7887,7699,188,4767,4535,232,0,0,0,0,0,0,0,0,0,23.8401675,87.6186379
WEST BENGAL,Rural,Birbhum,Moped/Scooter/Motor Cycle,10216,9657,559,0,0,0,790,721,69,2993,2804,189,2552,2413,139,1998,1922,76,775,754,21,545,528,17,290,270,20,273,245,28,23.8401675,87.6186379
WEST BENGAL,Rural,Birbhum,Car/Jeep/Van,2766,2465,301,0,0,0,249,208,41,818,726,92,638,574,64,558,488,70,147,137,10,124,115,9,135,130,5,97,87,10,23.8401675,87.6186379
WEST BENGAL,Rural,Birbhum,Tempo/Autorickshaw/Taxi,977,859,118,0,0,0,70,60,10,189,168,21,175,160,15,264,213,51,65,61,4,69,66,3,88,87,1,57,44,13,23.8401675,87.6186379
WEST BENGAL,Rural,Birbhum,Bus,21746,18890,2856,0,0,0,412,313,99,2376,1733,643,4604,3838,766,5927,5243,684,3114,2852,262,2867,2630,237,2101,1985,116,345,296,49,23.8401675,87.6186379
WEST BENGAL,Rural,Birbhum,Train,10121,9610,511,0,0,0,229,193,36,327,290,37,413,378,35,726,672,54,627,586,41,1236,1180,56,5947,5733,214,616,578,38,23.8401675,87.6186379
WEST BENGAL,Rural,Birbhum,Water transport,149,128,21,0,0,0,31,24,7,11,8,3,12,11,1,16,15,1,6,6,0,17,15,2,45,42,3,11,7,4,23.8401675,87.6186379
WEST BENGAL,Rural,Birbhum,Any other,3995,3841,154,0,0,0,349,322,27,1072,1015,57,1234,1195,39,628,620,8,156,152,4,124,120,4,277,269,8,155,148,7,23.8401675,87.6186379
WEST BENGAL,Rural,Birbhum,No travel,107804,68458,39346,107804,68458,39346,0,0,0,0,0,0,0,0,0,0,0,0,0,0,0,0,0,0,0,0,0,0,0,0,23.8401675,87.6186379
WEST BENGAL,Urban,Birbhum,All Modes,136894,110612,26282,36661,26881,9780,40618,32223,8395,29185,24897,4288,11626,9857,1769,5586,4857,729,4399,3989,410,2706,2402,304,5062,4566,496,1051,940,111,23.8401675,87.6186379
WEST BENGAL,Urban,Birbhum,On foot,42341,31025,11316,0,0,0,28911,21156,7755,8946,6367,2579,4484,3502,982,0,0,0,0,0,0,0,0,0,0,0,0,0,0,0,23.8401675,87.6186379
WEST BENGAL,Urban,Birbhum,Bicycle,30167,28611,1556,0,0,0,8980,8634,346,15158,14224,934,3119,2956,163,1027,997,30,1883,1800,83,0,0,0,0,0,0,0,0,0,23.8401675,87.6186379
WEST BENGAL,Urban,Birbhum,Moped/Scooter/Motor Cycle,8029,7497,532,0,0,0,1510,1413,97,2839,2605,234,1471,1375,96,1057,1002,55,441,427,14,291,285,6,164,157,7,256,233,23,23.8401675,87.6186379
WEST BENGAL,Urban,Birbhum,Car/Jeep/Van,1301,1136,165,0,0,0,256,227,29,408,334,74,218,195,23,141,122,19,61,54,7,73,65,8,87,83,4,57,56,1,23.8401675,87.6186379
WEST BENGAL,Urban,Birbhum,Tempo/Autorickshaw/Taxi,725,591,134,0,0,0,100,69,31,204,146,58,112,96,16,91,78,13,47,45,2,70,67,3,71,64,7,30,26,4,23.8401675,87.6186379
WEST BENGAL,Urban,Birbhum,Bus,9151,7186,1965,0,0,0,197,148,49,731,439,292,1557,1119,438,2458,1923,535,1409,1157,252,1344,1148,196,1247,1078,169,208,174,34,23.8401675,87.6186379
WEST BENGAL,Urban,Birbhum,Train,6302,5653,649,0,0,0,199,162,37,178,148,30,277,244,33,587,519,68,507,457,50,877,786,91,3304,3003,301,373,334,39,23.8401675,87.6186379
WEST BENGAL,Urban,Birbhum,Water transport,58,51,7,0,0,0,8,7,1,5,4,1,6,5,1,11,8,3,6,6,0,5,5,0,11,10,1,6,6,0,23.8401675,87.6186379
WEST BENGAL,Urban,Birbhum,Any other,2159,1981,178,0,0,0,457,407,50,716,630,86,382,365,17,214,208,6,45,43,2,46,46,0,178,171,7,121,111,10,23.8401675,87.6186379
WEST BENGAL,Urban,Birbhum,No travel,36661,26881,9780,36661,26881,9780,0,0,0,0,0,0,0,0,0,0,0,0,0,0,0,0,0,0,0,0,0,0,0,0,23.8401675,87.6186379
JHARKHAND,Total,Sahibganj,All Modes,130146,92086,38060,42863,20401,22462,27657,20166,7491,33073,28339,4734,15677,13140,2537,3768,3548,220,2555,2374,181,1243,1150,93,1770,1664,106,1540,1304,236,25.2381216,87.6453592
JHARKHAND,Total,Sahibganj,On foot,51378,38199,13179,0,0,0,24299,17191,7108,19445,15478,3967,7634,5530,2104,0,0,0,0,0,0,0,0,0,0,0,0,0,0,0,25.2381216,87.6453592
JHARKHAND,Total,Sahibganj,Bicycle,20269,19591,678,0,0,0,2051,1941,110,10450,10098,352,4778,4683,95,1376,1344,32,1614,1525,89,0,0,0,0,0,0,0,0,0,25.2381216,87.6453592
JHARKHAND,Total,Sahibganj,Moped/Scooter/Motor Cycle,4329,3884,445,0,0,0,686,586,100,1452,1319,133,794,750,44,509,482,27,224,208,16,224,212,12,109,100,9,331,227,104,25.2381216,87.6453592
JHARKHAND,Total,Sahibganj,Car/Jeep/Van,1002,858,144,0,0,0,79,58,21,240,197,43,263,234,29,235,209,26,43,39,4,41,36,5,38,35,3,63,50,13,25.2381216,87.6453592
JHARKHAND,Total,Sahibganj,Tempo/Autorickshaw/Taxi,1065,843,222,0,0,0,88,58,30,379,260,119,301,262,39,161,151,10,27,23,4,31,31,0,10,9,1,68,49,19,25.2381216,87.6453592
JHARKHAND,Total,Sahibganj,Bus,1741,1536,205,0,0,0,69,49,20,236,200,36,398,357,41,457,416,41,138,116,22,169,154,15,152,134,18,122,110,12,25.2381216,87.6453592
JHARKHAND,Total,Sahibganj,Train,6073,5492,581,0,0,0,256,192,64,351,310,41,1135,983,152,881,804,77,465,422,43,713,656,57,1404,1332,72,868,793,75,25.2381216,87.6453592
JHARKHAND,Total,Sahibganj,Water transport,246,196,50,0,0,0,32,16,16,98,85,13,54,47,7,17,16,1,11,9,2,7,4,3,6,6,0,21,13,8,25.2381216,87.6453592
JHARKHAND,Total,Sahibganj,Any other,1180,1086,94,0,0,0,97,75,22,422,392,30,320,294,26,132,126,6,33,32,1,58,57,1,51,48,3,67,62,5,25.2381216,87.6453592
JHARKHAND,Total,Sahibganj,No travel,42863,20401,22462,42863,20401,22462,0,0,0,0,0,0,0,0,0,0,0,0,0,0,0,0,0,0,0,0,0,0,0,0,25.2381216,87.6453592
JHARKHAND,Rural,Sahibganj,All Modes,93171,60944,32227,32223,12659,19564,18208,12180,6028,23031,19247,3784,12363,10102,2261,2930,2755,175,1860,1735,125,660,611,49,981,922,59,915,733,182,25.2381216,87.6453592
JHARKHAND,Rural,Sahibganj,On foot,36332,25424,10908,0,0,0,16311,10573,5738,14123,10856,3267,5898,3995,1903,0,0,0,0,0,0,0,0,0,0,0,0,0,0,0,25.2381216,87.6453592
JHARKHAND,Rural,Sahibganj,Bicycle,14891,14357,534,0,0,0,1187,1105,82,7242,6966,276,4011,3937,74,1162,1135,27,1289,1214,75,0,0,0,0,0,0,0,0,0,25.2381216,87.6453592
JHARKHAND,Rural,Sahibganj,Moped/Scooter/Motor Cycle,2433,2096,337,0,0,0,319,240,79,713,627,86,519,488,31,317,297,20,143,132,11,121,111,10,74,66,8,227,135,92,25.2381216,87.6453592
JHARKHAND,Rural,Sahibganj,Car/Jeep/Van,697,586,111,0,0,0,49,33,16,137,109,28,208,181,27,197,175,22,22,20,2,22,20,2,22,20,2,40,28,12,25.2381216,87.6453592
JHARKHAND,Rural,Sahibganj,Tempo/Autorickshaw/Taxi,766,629,137,0,0,0,62,40,22,232,169,63,252,222,30,131,124,7,15,14,1,20,20,0,8,7,1,46,33,13,25.2381216,87.6453592
JHARKHAND,Rural,Sahibganj,Bus,1054,908,146,0,0,0,48,29,19,103,81,22,224,194,30,323,289,34,83,71,12,101,95,6,87,74,13,85,75,10,25.2381216,87.6453592
JHARKHAND,Rural,Sahibganj,Train,3946,3535,411,0,0,0,162,112,50,247,217,30,983,843,140,690,630,60,285,262,23,361,332,29,756,723,33,462,416,46,25.2381216,87.6453592
JHARKHAND,Rural,Sahibganj,Water transport,113,93,20,0,0,0,19,8,11,37,36,1,24,22,2,10,10,0,2,2,0,4,3,1,4,4,0,13,8,5,25.2381216,87.6453592
JHARKHAND,Rural,Sahibganj,Any other,716,657,59,0,0,0,51,40,11,197,186,11,244,220,24,100,95,5,21,20,1,31,30,1,30,28,2,42,38,4,25.2381216,87.6453592
JHARKHAND,Rural,Sahibganj,No travel,32223,12659,19564,32223,12659,19564,0,0,0,0,0,0,0,0,0,0,0,0,0,0,0,0,0,0,0,0,0,0,0,0,25.2381216,87.6453592
JHARKHAND,Urban,Sahibganj,All Modes,36975,31142,5833,10640,7742,2898,9449,7986,1463,10042,9092,950,3314,3038,276,838,793,45,695,639,56,583,539,44,789,742,47,625,571,54,25.2381216,87.6453592
JHARKHAND,Urban,Sahibganj,On foot,15046,12775,2271,0,0,0,7988,6618,1370,5322,4622,700,1736,1535,201,0,0,0,0,0,0,0,0,0,0,0,0,0,0,0,25.2381216,87.6453592
JHARKHAND,Urban,Sahibganj,Bicycle,5378,5234,144,0,0,0,864,836,28,3208,3132,76,767,746,21,214,209,5,325,311,14,0,0,0,0,0,0,0,0,0,25.2381216,87.6453592
JHARKHAND,Urban,Sahibganj,Moped/Scooter/Motor Cycle,1896,1788,108,0,0,0,367,346,21,739,692,47,275,262,13,192,185,7,81,76,5,103,101,2,35,34,1,104,92,12,25.2381216,87.6453592
JHARKHAND,Urban,Sahibganj,Car/Jeep/Van,305,272,33,0,0,0,30,25,5,103,88,15,55,53,2,38,34,4,21,19,2,19,16,3,16,15,1,23,22,1,25.2381216,87.6453592
JHARKHAND,Urban,Sahibganj,Tempo/Autorickshaw/Taxi,299,214,85,0,0,0,26,18,8,147,91,56,49,40,9,30,27,3,12,9,3,11,11,0,2,2,0,22,16,6,25.2381216,87.6453592
JHARKHAND,Urban,Sahibganj,Bus,687,628,59,0,0,0,21,20,1,133,119,14,174,163,11,134,127,7,55,45,10,68,59,9,65,60,5,37,35,2,25.2381216,87.6453592
JHARKHAND,Urban,Sahibganj,Train,2127,1957,170,0,0,0,94,80,14,104,93,11,152,140,12,191,174,17,180,160,20,352,324,28,648,609,39,406,377,29,25.2381216,87.6453592
JHARKHAND,Urban,Sahibganj,Water transport,133,103,30,0,0,0,13,8,5,61,49,12,30,25,5,7,6,1,9,7,2,3,1,2,2,2,0,8,5,3,25.2381216,87.6453592
JHARKHAND,Urban,Sahibganj,Any other,464,429,35,0,0,0,46,35,11,225,206,19,76,74,2,32,31,1,12,12,0,27,27,0,21,20,1,25,24,1,25.2381216,87.6453592
JHARKHAND,Urban,Sahibganj,No travel,10640,7742,2898,10640,7742,2898,0,0,0,0,0,0,0,0,0,0,0,0,0,0,0,0,0,0,0,0,0,0,0,0,25.2381216,87.6453592
WEST BENGAL,Total,Purba Medinipur,All Modes,743985,619440,124545,196427,134761,61666,111831,84334,27497,157721,139791,17930,92802,84835,7967,43436,40742,2694,30783,28907,1876,23114,21736,1378,79451,76426,3025,8420,7908,512,21.9372879,87.7763333
WEST BENGAL,Total,Purba Medinipur,On foot,120038,82031,38007,0,0,0,73031,48287,24744,31532,22097,9435,15475,11647,3828,0,0,0,0,0,0,0,0,0,0,0,0,0,0,0,21.9372879,87.7763333
WEST BENGAL,Total,Purba Medinipur,Bicycle,208211,197927,10284,0,0,0,31081,29173,1908,100650,94810,5840,46137,44673,1464,16656,16217,439,13687,13054,633,0,0,0,0,0,0,0,0,0,21.9372879,87.7763333
WEST BENGAL,Total,Purba Medinipur,Moped/Scooter/Motor Cycle,25632,24585,1047,0,0,0,2815,2650,165,8476,8132,344,6312,6082,230,3673,3526,147,1584,1534,50,1192,1153,39,868,842,26,712,666,46,21.9372879,87.7763333
WEST BENGAL,Total,Purba Medinipur,Car/Jeep/Van,11537,10564,973,0,0,0,1150,1013,137,3751,3296,455,3012,2828,184,1527,1438,89,522,496,26,475,453,22,659,626,33,441,414,27,21.9372879,87.7763333
WEST BENGAL,Total,Purba Medinipur,Tempo/Autorickshaw/Taxi,3696,3226,470,0,0,0,252,195,57,751,598,153,821,701,120,514,459,55,236,230,6,310,299,11,616,594,22,196,150,46,21.9372879,87.7763333
WEST BENGAL,Total,Purba Medinipur,Bus,100585,91600,8985,0,0,0,1530,1281,249,8790,7412,1378,16603,14692,1911,16936,15195,1741,11640,10645,995,13230,12246,984,29148,27629,1519,2708,2500,208,21.9372879,87.7763333
WEST BENGAL,Total,Purba Medinipur,Train,65583,63058,2525,0,0,0,956,831,125,1194,1068,126,1874,1722,152,2611,2440,171,2476,2333,143,7070,6773,297,45908,44542,1366,3494,3349,145,21.9372879,87.7763333
WEST BENGAL,Total,Purba Medinipur,Water transport,3965,3856,109,0,0,0,225,212,13,370,355,15,709,694,15,740,718,22,351,343,8,504,495,9,792,778,14,274,261,13,21.9372879,87.7763333
WEST BENGAL,Total,Purba Medinipur,Any other,8311,7832,479,0,0,0,791,692,99,2207,2023,184,1859,1796,63,779,749,30,287,272,15,333,317,16,1460,1415,45,595,568,27,21.9372879,87.7763333
WEST BENGAL,Total,Purba Medinipur,No travel,196427,134761,61666,196427,134761,61666,0,0,0,0,0,0,0,0,0,0,0,0,0,0,0,0,0,0,0,0,0,0,0,0,21.9372879,87.7763333
WEST BENGAL,Rural,Purba Medinipur,All Modes,586269,485131,101138,158373,106676,51697,80139,58196,21943,116081,101738,14343,72878,66795,6083,36586,34688,1898,25932,24548,1384,19421,18479,942,69513,67093,2420,7346,6918,428,21.9372879,87.7763333
WEST BENGAL,Rural,Purba Medinipur,On foot,92705,62116,30589,0,0,0,54922,35102,19820,25221,17574,7647,12562,9440,3122,0,0,0,0,0,0,0,0,0,0,0,0,0,0,0,21.9372879,87.7763333
WEST BENGAL,Rural,Purba Medinipur,Bicycle,158641,149825,8816,0,0,0,20295,18740,1555,73992,68968,5024,38019,36725,1294,14915,14495,420,11420,10897,523,0,0,0,0,0,0,0,0,0,21.9372879,87.7763333
WEST BENGAL,Rural,Purba Medinipur,Moped/Scooter/Motor Cycle,16930,16223,707,0,0,0,1387,1282,105,5158,4952,206,4116,3961,155,2809,2695,114,1316,1275,41,926,899,27,696,675,21,522,484,38,21.9372879,87.7763333
WEST BENGAL,Rural,Purba Medinipur,Car/Jeep/Van,8455,7812,643,0,0,0,711,625,86,2556,2274,282,2243,2116,127,1240,1173,67,444,420,24,394,382,12,525,503,22,342,319,23,21.9372879,87.7763333
WEST BENGAL,Rural,Purba Medinipur,Tempo/Autorickshaw/Taxi,2782,2483,299,0,0,0,158,119,39,494,408,86,600,524,76,408,376,32,198,195,3,256,250,6,504,490,14,164,121,43,21.9372879,87.7763333
WEST BENGAL,Rural,Purba Medinipur,Bus,82374,76277,6097,0,0,0,1129,954,175,5589,4704,885,11601,10451,1150,13747,12637,1110,9923,9241,682,11315,10651,664,26629,25371,1258,2441,2268,173,21.9372879,87.7763333
WEST BENGAL,Rural,Purba Medinipur,Train,55244,53360,1884,0,0,0,800,694,106,945,851,94,1434,1334,100,2061,1948,113,2035,1943,92,5742,5531,211,39112,38062,1050,3115,2997,118,21.9372879,87.7763333
WEST BENGAL,Rural,Purba Medinipur,Water transport,3807,3710,97,0,0,0,214,203,11,339,327,12,679,668,11,721,701,20,341,333,8,492,484,8,755,741,14,266,253,13,21.9372879,87.7763333
WEST BENGAL,Rural,Purba Medinipur,Any other,6958,6649,309,0,0,0,523,477,46,1787,1680,107,1624,1576,48,685,663,22,255,244,11,296,282,14,1292,1251,41,496,476,20,21.9372879,87.7763333
WEST BENGAL,Rural,Purba Medinipur,No travel,158373,106676,51697,158373,106676,51697,0,0,0,0,0,0,0,0,0,0,0,0,0,0,0,0,0,0,0,0,0,0,0,0,21.9372879,87.7763333
WEST BENGAL,Urban,Purba Medinipur,All Modes,157716,134309,23407,38054,28085,9969,31692,26138,5554,41640,38053,3587,19924,18040,1884,6850,6054,796,4851,4359,492,3693,3257,436,9938,9333,605,1074,990,84,21.9372879,87.7763333
WEST BENGAL,Urban,Purba Medinipur,On foot,27333,19915,7418,0,0,0,18109,13185,4924,6311,4523,1788,2913,2207,706,0,0,0,0,0,0,0,0,0,0,0,0,0,0,0,21.9372879,87.7763333
WEST BENGAL,Urban,Purba Medinipur,Bicycle,49570,48102,1468,0,0,0,10786,10433,353,26658,25842,816,8118,7948,170,1741,1722,19,2267,2157,110,0,0,0,0,0,0,0,0,0,21.9372879,87.7763333
WEST BENGAL,Urban,Purba Medinipur,Moped/Scooter/Motor Cycle,8702,8362,340,0,0,0,1428,1368,60,3318,3180,138,2196,2121,75,864,831,33,268,259,9,266,254,12,172,167,5,190,182,8,21.9372879,87.7763333
WEST BENGAL,Urban,Purba Medinipur,Car/Jeep/Van,3082,2752,330,0,0,0,439,388,51,1195,1022,173,769,712,57,287,265,22,78,76,2,81,71,10,134,123,11,99,95,4,21.9372879,87.7763333
WEST BENGAL,Urban,Purba Medinipur,Tempo/Autorickshaw/Taxi,914,743,171,0,0,0,94,76,18,257,190,67,221,177,44,106,83,23,38,35,3,54,49,5,112,104,8,32,29,3,21.9372879,87.7763333
WEST BENGAL,Urban,Purba Medinipur,Bus,18211,15323,2888,0,0,0,401,327,74,3201,2708,493,5002,4241,761,3189,2558,631,1717,1404,313,1915,1595,320,2519,2258,261,267,232,35,21.9372879,87.7763333
WEST BENGAL,Urban,Purba Medinipur,Train,10339,9698,641,0,0,0,156,137,19,249,217,32,440,388,52,550,492,58,441,390,51,1328,1242,86,6796,6480,316,379,352,27,21.9372879,87.7763333
WEST BENGAL,Urban,Purba Medinipur,Water transport,158,146,12,0,0,0,11,9,2,31,28,3,30,26,4,19,17,2,10,10,0,12,11,1,37,37,0,8,8,0,21.9372879,87.7763333
WEST BENGAL,Urban,Purba Medinipur,Any other,1353,1183,170,0,0,0,268,215,53,420,343,77,235,220,15,94,86,8,32,28,4,37,35,2,168,164,4,99,92,7,21.9372879,87.7763333
WEST BENGAL,Urban,Purba Medinipur,No travel,38054,28085,9969,38054,28085,9969,0,0,0,0,0,0,0,0,0,0,0,0,0,0,0,0,0,0,0,0,0,0,0,0,21.9372879,87.7763333
JHARKHAND,Total,Pakur,All Modes,129751,81572,48179,36760,13220,23540,26236,15593,10643,23766,20178,3588,25344,16666,8678,5518,5174,344,7512,7139,373,1049,947,102,1074,972,102,2492,1683,809,24.6336908,87.8500644
JHARKHAND,Total,Pakur,On foot,46608,25590,21018,0,0,0,21500,11454,10046,10182,7335,2847,14926,6801,8125,0,0,0,0,0,0,0,0,0,0,0,0,0,0,0,24.6336908,87.8500644
JHARKHAND,Total,Pakur,Bicycle,33246,31935,1311,0,0,0,3230,3026,204,11110,10690,420,8455,8166,289,3735,3622,113,6716,6431,285,0,0,0,0,0,0,0,0,0,24.6336908,87.8500644
JHARKHAND,Total,Pakur,Moped/Scooter/Motor Cycle,5222,4309,913,0,0,0,855,678,177,1402,1260,142,887,808,79,642,582,60,249,214,35,248,213,35,98,84,14,841,470,371,24.6336908,87.8500644
JHARKHAND,Total,Pakur,Car/Jeep/Van,506,450,56,0,0,0,69,58,11,90,79,11,84,79,5,86,80,6,40,34,6,33,32,1,51,49,2,53,39,14,24.6336908,87.8500644
JHARKHAND,Total,Pakur,Tempo/Autorickshaw/Taxi,1093,834,259,0,0,0,108,58,50,270,204,66,223,189,34,214,195,19,53,51,2,49,44,5,18,10,8,158,83,75,24.6336908,87.8500644
JHARKHAND,Total,Pakur,Bus,1482,1057,425,0,0,0,87,43,44,134,87,47,238,145,93,319,235,84,151,126,25,176,138,38,166,144,22,211,139,72,24.6336908,87.8500644
JHARKHAND,Total,Pakur,Train,4028,3492,536,0,0,0,294,215,79,394,350,44,395,348,47,325,301,24,287,267,20,495,474,21,715,661,54,1123,876,247,24.6336908,87.8500644
JHARKHAND,Total,Pakur,Water transport,48,27,21,0,0,0,20,8,12,2,1,1,6,5,1,1,1,0,0,0,0,5,5,0,2,2,0,12,5,7,24.6336908,87.8500644
JHARKHAND,Total,Pakur,Any other,758,658,100,0,0,0,73,53,20,182,172,10,130,125,5,196,158,38,16,16,0,43,41,2,24,22,2,94,71,23,24.6336908,87.8500644
JHARKHAND,Total,Pakur,No travel,36760,13220,23540,36760,13220,23540,0,0,0,0,0,0,0,0,0,0,0,0,0,0,0,0,0,0,0,0,0,0,0,0,24.6336908,87.8500644
JHARKHAND,Rural,Pakur,All Modes,109658,67243,42415,31872,11255,20617,19931,10967,8964,19150,15990,3160,22551,14497,8054,5265,4947,318,6904,6553,351,879,790,89,866,775,91,2240,1469,771,24.6336908,87.8500644
JHARKHAND,Rural,Pakur,On foot,37885,19306,18579,0,0,0,16386,7924,8462,8245,5676,2569,13254,5706,7548,0,0,0,0,0,0,0,0,0,0,0,0,0,0,0,24.6336908,87.8500644
JHARKHAND,Rural,Pakur,Bicycle,29699,28490,1209,0,0,0,2579,2403,176,9431,9057,374,7785,7512,273,3680,3568,112,6224,5950,274,0,0,0,0,0,0,0,0,0,24.6336908,87.8500644
JHARKHAND,Rural,Pakur,Moped/Scooter/Motor Cycle,3515,2717,798,0,0,0,479,334,145,675,577,98,581,515,66,549,496,53,208,176,32,193,163,30,82,69,13,748,387,361,24.6336908,87.8500644
JHARKHAND,Rural,Pakur,Car/Jeep/Van,345,304,41,0,0,0,26,19,7,59,52,7,65,62,3,73,68,5,33,28,5,22,21,1,23,22,1,44,32,12,24.6336908,87.8500644
JHARKHAND,Rural,Pakur,Tempo/Autorickshaw/Taxi,813,628,185,0,0,0,69,31,38,153,126,27,179,150,29,187,173,14,46,44,2,36,34,2,12,5,7,131,65,66,24.6336908,87.8500644
JHARKHAND,Rural,Pakur,Bus,1350,955,395,0,0,0,79,41,38,119,78,41,220,131,89,298,218,80,133,109,24,157,121,36,148,129,19,196,128,68,24.6336908,87.8500644
JHARKHAND,Rural,Pakur,Train,3504,3015,489,0,0,0,250,174,76,333,294,39,342,302,40,285,269,16,247,233,14,431,413,18,583,534,49,1033,796,237,24.6336908,87.8500644
JHARKHAND,Rural,Pakur,Water transport,43,23,20,0,0,0,18,7,11,2,1,1,5,4,1,0,0,0,0,0,0,5,5,0,1,1,0,12,5,7,24.6336908,87.8500644
JHARKHAND,Rural,Pakur,Any other,632,550,82,0,0,0,45,34,11,133,129,4,120,115,5,193,155,38,13,13,0,35,33,2,17,15,2,76,56,20,24.6336908,87.8500644
JHARKHAND,Rural,Pakur,No travel,31872,11255,20617,31872,11255,20617,0,0,0,0,0,0,0,0,0,0,0,0,0,0,0,0,0,0,0,0,0,0,0,0,24.6336908,87.8500644
JHARKHAND,Urban,Pakur,All Modes,20093,14329,5764,4888,1965,2923,6305,4626,1679,4616,4188,428,2793,2169,624,253,227,26,608,586,22,170,157,13,208,197,11,252,214,38,24.6336908,87.8500644
JHARKHAND,Urban,Pakur,On foot,8723,6284,2439,0,0,0,5114,3530,1584,1937,1659,278,1672,1095,577,0,0,0,0,0,0,0,0,0,0,0,0,0,0,0,24.6336908,87.8500644
JHARKHAND,Urban,Pakur,Bicycle,3547,3445,102,0,0,0,651,623,28,1679,1633,46,670,654,16,55,54,1,492,481,11,0,0,0,0,0,0,0,0,0,24.6336908,87.8500644
JHARKHAND,Urban,Pakur,Moped/Scooter/Motor Cycle,1707,1592,115,0,0,0,376,344,32,727,683,44,306,293,13,93,86,7,41,38,3,55,50,5,16,15,1,93,83,10,24.6336908,87.8500644
JHARKHAND,Urban,Pakur,Car/Jeep/Van,161,146,15,0,0,0,43,39,4,31,27,4,19,17,2,13,12,1,7,6,1,11,11,0,28,27,1,9,7,2,24.6336908,87.8500644
JHARKHAND,Urban,Pakur,Tempo/Autorickshaw/Taxi,280,206,74,0,0,0,39,27,12,117,78,39,44,39,5,27,22,5,7,7,0,13,10,3,6,5,1,27,18,9,24.6336908,87.8500644
JHARKHAND,Urban,Pakur,Bus,132,102,30,0,0,0,8,2,6,15,9,6,18,14,4,21,17,4,18,17,1,19,17,2,18,15,3,15,11,4,24.6336908,87.8500644
JHARKHAND,Urban,Pakur,Train,524,477,47,0,0,0,44,41,3,61,56,5,53,46,7,40,32,8,40,34,6,64,61,3,132,127,5,90,80,10,24.6336908,87.8500644
JHARKHAND,Urban,Pakur,Water transport,5,4,1,0,0,0,2,1,1,0,0,0,1,1,0,1,1,0,0,0,0,0,0,0,1,1,0,0,0,0,24.6336908,87.8500644
JHARKHAND,Urban,Pakur,Any other,126,108,18,0,0,0,28,19,9,49,43,6,10,10,0,3,3,0,3,3,0,8,8,0,7,7,0,18,15,3,24.6336908,87.8500644
JHARKHAND,Urban,Pakur,No travel,4888,1965,2923,4888,1965,2923,0,0,0,0,0,0,0,0,0,0,0,0,0,0,0,0,0,0,0,0,0,0,0,0,24.6336908,87.8500644
WEST BENGAL,Total,Barddhaman,All Modes,1471345,1208663,262682,438775,306894,131881,279876,225564,54312,360907,321903,39004,171973,151367,20606,66635,61418,5217,50771,47059,3712,26543,24130,2413,59924,56019,3905,15941,14309,1632,23.2324214,87.8614793
WEST BENGAL,Total,Barddhaman,On foot,330007,248023,81984,0,0,0,193119,143996,49123,88619,67448,21171,48269,36579,11690,0,0,0,0,0,0,0,0,0,0,0,0,0,0,0,23.2324214,87.8614793
WEST BENGAL,Total,Barddhaman,Bicycle,355729,341353,14376,0,0,0,63711,60922,2789,188876,180836,8040,59005,57167,1838,17844,17418,426,26293,25010,1283,0,0,0,0,0,0,0,0,0,23.2324214,87.8614793
WEST BENGAL,Total,Barddhaman,Moped/Scooter/Motor Cycle,121004,115580,5424,0,0,0,14404,13691,713,51987,49405,2582,27823,26679,1144,13078,12664,414,3634,3501,133,3192,3079,113,1797,1738,59,5089,4823,266,23.2324214,87.8614793
WEST BENGAL,Total,Barddhaman,Car/Jeep/Van,18715,17000,1715,0,0,0,1864,1624,240,6045,5393,652,4299,3956,343,2598,2398,200,930,873,57,879,813,66,1079,1014,65,1021,929,92,23.2324214,87.8614793
WEST BENGAL,Total,Barddhaman,Tempo/Autorickshaw/Taxi,8050,6582,1468,0,0,0,829,629,200,2769,1992,777,1582,1398,184,854,764,90,352,328,24,455,419,36,541,510,31,668,542,126,23.2324214,87.8614793
WEST BENGAL,Total,Barddhaman,Bus,106014,87435,18579,0,0,0,2743,1939,804,16532,11386,5146,24660,19841,4819,24940,21597,3343,13152,11540,1612,11891,10582,1309,9274,8335,939,2822,2215,607,23.2324214,87.8614793
WEST BENGAL,Total,Barddhaman,Train,80210,73801,6409,0,0,0,1756,1476,280,2423,2094,329,4043,3558,485,6156,5465,691,5913,5330,583,9507,8644,863,45582,42833,2749,4830,4401,429,23.2324214,87.8614793
WEST BENGAL,Total,Barddhaman,Water transport,1479,1339,140,0,0,0,221,190,31,221,193,28,239,217,22,172,160,12,101,89,12,87,79,8,285,270,15,153,141,12,23.2324214,87.8614793
WEST BENGAL,Total,Barddhaman,Any other,11362,10656,706,0,0,0,1229,1097,132,3435,3156,279,2053,1972,81,993,952,41,396,388,8,532,514,18,1366,1319,47,1358,1258,100,23.2324214,87.8614793
WEST BENGAL,Total,Barddhaman,No travel,438775,306894,131881,438775,306894,131881,0,0,0,0,0,0,0,0,0,0,0,0,0,0,0,0,0,0,0,0,0,0,0,0,23.2324214,87.8614793
WEST BENGAL,Rural,Barddhaman,All Modes,535782,426910,108872,188925,127598,61327,85715,63457,22258,94225,81951,12274,58934,51900,7034,31303,29377,1926,21532,20179,1353,14405,13493,912,35622,34217,1405,5121,4738,383,23.2324214,87.8614793
WEST BENGAL,Rural,Barddhaman,On foot,98523,66845,31678,0,0,0,61797,41227,20570,21523,14678,6845,15203,10940,4263,0,0,0,0,0,0,0,0,0,0,0,0,0,0,0,23.2324214,87.8614793
WEST BENGAL,Rural,Barddhaman,Bicycle,120701,114314,6387,0,0,0,19138,17935,1203,57270,53646,3624,25877,24931,946,10017,9808,209,8399,7994,405,0,0,0,0,0,0,0,0,0,23.2324214,87.8614793
WEST BENGAL,Rural,Barddhaman,Moped/Scooter/Motor Cycle,23398,22574,824,0,0,0,2160,2070,90,7653,7338,315,5700,5502,198,4088,3992,96,1481,1435,46,1018,993,25,571,557,14,727,687,40,23.2324214,87.8614793
WEST BENGAL,Rural,Barddhaman,Car/Jeep/Van,5853,5511,342,0,0,0,504,448,56,1701,1565,136,1290,1225,65,1029,998,31,375,359,16,273,265,8,390,377,13,291,274,17,23.2324214,87.8614793
WEST BENGAL,Rural,Barddhaman,Tempo/Autorickshaw/Taxi,1793,1611,182,0,0,0,137,121,16,378,313,65,350,312,38,254,236,18,145,138,7,170,163,7,227,220,7,132,108,24,23.2324214,87.8614793
WEST BENGAL,Rural,Barddhaman,Bus,46598,41173,5425,0,0,0,784,606,178,3641,2530,1111,7819,6524,1295,12272,11049,1223,7889,7260,629,7476,6955,521,5721,5388,333,996,861,135,23.2324214,87.8614793
WEST BENGAL,Rural,Barddhaman,Train,44726,42234,2492,0,0,0,788,685,103,902,778,124,1671,1473,198,3032,2710,322,2951,2707,244,5132,4797,335,27773,26754,1019,2477,2330,147,23.2324214,87.8614793
WEST BENGAL,Rural,Barddhaman,Water transport,727,677,50,0,0,0,69,51,18,75,70,5,104,97,7,121,117,4,62,59,3,38,34,4,171,166,5,87,83,4,23.2324214,87.8614793
WEST BENGAL,Rural,Barddhaman,Any other,4538,4373,165,0,0,0,338,314,24,1082,1033,49,920,896,24,490,467,23,230,227,3,298,286,12,769,755,14,411,395,16,23.2324214,87.8614793
WEST BENGAL,Rural,Barddhaman,No travel,188925,127598,61327,188925,127598,61327,0,0,0,0,0,0,0,0,0,0,0,0,0,0,0,0,0,0,0,0,0,0,0,0,23.2324214,87.8614793
WEST BENGAL,Urban,Barddhaman,All Modes,935563,781753,153810,249850,179296,70554,194161,162107,32054,266682,239952,26730,113039,99467,13572,35332,32041,3291,29239,26880,2359,12138,10637,1501,24302,21802,2500,10820,9571,1249,23.2324214,87.8614793
WEST BENGAL,Urban,Barddhaman,On foot,231484,181178,50306,0,0,0,131322,102769,28553,67096,52770,14326,33066,25639,7427,0,0,0,0,0,0,0,0,0,0,0,0,0,0,0,23.2324214,87.8614793
WEST BENGAL,Urban,Barddhaman,Bicycle,235028,227039,7989,0,0,0,44573,42987,1586,131606,127190,4416,33128,32236,892,7827,7610,217,17894,17016,878,0,0,0,0,0,0,0,0,0,23.2324214,87.8614793
WEST BENGAL,Urban,Barddhaman,Moped/Scooter/Motor Cycle,97606,93006,4600,0,0,0,12244,11621,623,44334,42067,2267,22123,21177,946,8990,8672,318,2153,2066,87,2174,2086,88,1226,1181,45,4362,4136,226,23.2324214,87.8614793
WEST BENGAL,Urban,Barddhaman,Car/Jeep/Van,12862,11489,1373,0,0,0,1360,1176,184,4344,3828,516,3009,2731,278,1569,1400,169,555,514,41,606,548,58,689,637,52,730,655,75,23.2324214,87.8614793
WEST BENGAL,Urban,Barddhaman,Tempo/Autorickshaw/Taxi,6257,4971,1286,0,0,0,692,508,184,2391,1679,712,1232,1086,146,600,528,72,207,190,17,285,256,29,314,290,24,536,434,102,23.2324214,87.8614793
WEST BENGAL,Urban,Barddhaman,Bus,59416,46262,13154,0,0,0,1959,1333,626,12891,8856,4035,16841,13317,3524,12668,10548,2120,5263,4280,983,4415,3627,788,3553,2947,606,1826,1354,472,23.2324214,87.8614793
WEST BENGAL,Urban,Barddhaman,Train,35484,31567,3917,0,0,0,968,791,177,1521,1316,205,2372,2085,287,3124,2755,369,2962,2623,339,4375,3847,528,17809,16079,1730,2353,2071,282,23.2324214,87.8614793
WEST BENGAL,Urban,Barddhaman,Water transport,752,662,90,0,0,0,152,139,13,146,123,23,135,120,15,51,43,8,39,30,9,49,45,4,114,104,10,66,58,8,23.2324214,87.8614793
WEST BENGAL,Urban,Barddhaman,Any other,6824,6283,541,0,0,0,891,783,108,2353,2123,230,1133,1076,57,503,485,18,166,161,5,234,228,6,597,564,33,947,863,84,23.2324214,87.8614793
WEST BENGAL,Urban,Barddhaman,No travel,249850,179296,70554,249850,179296,70554,0,0,0,0,0,0,0,0,0,0,0,0,0,0,0,0,0,0,0,0,0,0,0,0,23.2324214,87.8614793
BIHAR,Total,Kishanganj,All Modes,87702,66136,21566,33049,20357,12692,17816,13419,4397,17922,15732,2190,9074,7873,1201,2702,2454,248,2755,2574,181,929,837,92,2108,1681,427,1347,1209,138,26.0869726,87.938943
BIHAR,Total,Kishanganj,On foot,22257,15911,6346,0,0,0,12885,8849,4036,5670,4222,1448,3702,2840,862,0,0,0,0,0,0,0,0,0,0,0,0,0,0,0,26.0869726,87.938943
BIHAR,Total,Kishanganj,Bicycle,18762,18123,639,0,0,0,3393,3248,145,8847,8551,296,3485,3400,85,1181,1153,28,1856,1771,85,0,0,0,0,0,0,0,0,0,26.0869726,87.938943
BIHAR,Total,Kishanganj,Moped/Scooter/Motor Cycle,6527,5879,648,0,0,0,1039,942,97,2298,2052,246,1078,955,123,802,717,85,360,330,30,373,351,22,155,143,12,422,389,33,26.0869726,87.938943
BIHAR,Total,Kishanganj,Car/Jeep/Van,730,623,107,0,0,0,96,78,18,168,136,32,106,91,15,91,75,16,90,84,6,63,57,6,76,66,10,40,36,4,26.0869726,87.938943
BIHAR,Total,Kishanganj,Tempo/Autorickshaw/Taxi,687,484,203,0,0,0,79,51,28,205,134,71,143,104,39,108,77,31,46,35,11,35,29,6,18,16,2,53,38,15,26.0869726,87.938943
BIHAR,Total,Kishanganj,Bus,3155,2349,806,0,0,0,136,90,46,257,190,67,330,266,64,418,336,82,362,315,47,373,316,57,1070,694,376,209,142,67,26.0869726,87.938943
BIHAR,Total,Kishanganj,Train,1910,1835,75,0,0,0,123,112,11,174,164,10,118,111,7,69,67,2,28,27,1,67,66,1,760,734,26,571,554,17,26.0869726,87.938943
BIHAR,Total,Kishanganj,Water transport,13,9,4,0,0,0,3,2,1,2,2,0,2,2,0,2,1,1,0,0,0,0,0,0,1,0,1,3,2,1,26.0869726,87.938943
BIHAR,Total,Kishanganj,Any other,612,566,46,0,0,0,62,47,15,301,281,20,110,104,6,31,28,3,13,12,1,18,18,0,28,28,0,49,48,1,26.0869726,87.938943
BIHAR,Total,Kishanganj,No travel,33049,20357,12692,33049,20357,12692,0,0,0,0,0,0,0,0,0,0,0,0,0,0,0,0,0,0,0,0,0,0,0,0,26.0869726,87.938943
BIHAR,Rural,Kishanganj,All Modes,51847,36682,15165,23243,13157,10086,8472,5818,2654,9267,7869,1398,5493,4846,647,1909,1776,133,1250,1177,73,462,422,40,1032,944,88,719,673,46,26.0869726,87.938943
BIHAR,Rural,Kishanganj,On foot,10596,6763,3833,0,0,0,6459,3988,2471,2705,1744,961,1432,1031,401,0,0,0,0,0,0,0,0,0,0,0,0,0,0,0,26.0869726,87.938943
BIHAR,Rural,Kishanganj,Bicycle,10761,10338,423,0,0,0,1422,1324,98,4854,4657,197,2728,2660,68,954,935,19,803,762,41,0,0,0,0,0,0,0,0,0,26.0869726,87.938943
BIHAR,Rural,Kishanganj,Moped/Scooter/Motor Cycle,3451,3038,413,0,0,0,376,325,51,1224,1066,158,788,691,97,491,438,53,175,162,13,182,167,15,64,59,5,151,130,21,26.0869726,87.938943
BIHAR,Rural,Kishanganj,Car/Jeep/Van,347,299,48,0,0,0,36,31,5,72,59,13,79,68,11,57,47,10,35,34,1,33,31,2,23,18,5,12,11,1,26.0869726,87.938943
BIHAR,Rural,Kishanganj,Tempo/Autorickshaw/Taxi,377,272,105,0,0,0,33,25,8,102,64,38,102,77,25,74,56,18,30,24,6,16,13,3,6,6,0,14,7,7,26.0869726,87.938943
BIHAR,Rural,Kishanganj,Bus,1380,1179,201,0,0,0,45,37,8,127,105,22,219,182,37,263,231,32,177,166,11,188,168,20,332,264,68,29,26,3,26.0869726,87.938943
BIHAR,Rural,Kishanganj,Train,1468,1429,39,0,0,0,73,67,6,113,109,4,87,83,4,50,49,1,22,21,1,37,37,0,596,586,10,490,477,13,26.0869726,87.938943
BIHAR,Rural,Kishanganj,Water transport,8,6,2,0,0,0,3,2,1,1,1,0,1,1,0,0,0,0,0,0,0,0,0,0,0,0,0,3,2,1,26.0869726,87.938943
BIHAR,Rural,Kishanganj,Any other,216,201,15,0,0,0,25,19,6,69,64,5,57,53,4,20,20,0,8,8,0,6,6,0,11,11,0,20,20,0,26.0869726,87.938943
BIHAR,Rural,Kishanganj,No travel,23243,13157,10086,23243,13157,10086,0,0,0,0,0,0,0,0,0,0,0,0,0,0,0,0,0,0,0,0,0,0,0,0,26.0869726,87.938943
BIHAR,Urban,Kishanganj,All Modes,35855,29454,6401,9806,7200,2606,9344,7601,1743,8655,7863,792,3581,3027,554,793,678,115,1505,1397,108,467,415,52,1076,737,339,628,536,92,26.0869726,87.938943
BIHAR,Urban,Kishanganj,On foot,11661,9148,2513,0,0,0,6426,4861,1565,2965,2478,487,2270,1809,461,0,0,0,0,0,0,0,0,0,0,0,0,0,0,0,26.0869726,87.938943
BIHAR,Urban,Kishanganj,Bicycle,8001,7785,216,0,0,0,1971,1924,47,3993,3894,99,757,740,17,227,218,9,1053,1009,44,0,0,0,0,0,0,0,0,0,26.0869726,87.938943
BIHAR,Urban,Kishanganj,Moped/Scooter/Motor Cycle,3076,2841,235,0,0,0,663,617,46,1074,986,88,290,264,26,311,279,32,185,168,17,191,184,7,91,84,7,271,259,12,26.0869726,87.938943
BIHAR,Urban,Kishanganj,Car/Jeep/Van,383,324,59,0,0,0,60,47,13,96,77,19,27,23,4,34,28,6,55,50,5,30,26,4,53,48,5,28,25,3,26.0869726,87.938943
BIHAR,Urban,Kishanganj,Tempo/Autorickshaw/Taxi,310,212,98,0,0,0,46,26,20,103,70,33,41,27,14,34,21,13,16,11,5,19,16,3,12,10,2,39,31,8,26.0869726,87.938943
BIHAR,Urban,Kishanganj,Bus,1775,1170,605,0,0,0,91,53,38,130,85,45,111,84,27,155,105,50,185,149,36,185,148,37,738,430,308,180,116,64,26.0869726,87.938943
BIHAR,Urban,Kishanganj,Train,442,406,36,0,0,0,50,45,5,61,55,6,31,28,3,19,18,1,6,6,0,30,29,1,164,148,16,81,77,4,26.0869726,87.938943
BIHAR,Urban,Kishanganj,Water transport,5,3,2,0,0,0,0,0,0,1,1,0,1,1,0,2,1,1,0,0,0,0,0,0,1,0,1,0,0,0,26.0869726,87.938943
BIHAR,Urban,Kishanganj,Any other,396,365,31,0,0,0,37,28,9,232,217,15,53,51,2,11,8,3,5,4,1,12,12,0,17,17,0,29,28,1,26.0869726,87.938943
BIHAR,Urban,Kishanganj,No travel,9806,7200,2606,9806,7200,2606,0,0,0,0,0,0,0,0,0,0,0,0,0,0,0,0,0,0,0,0,0,0,0,0,26.0869726,87.938943
WEST BENGAL,Total,Uttar Dinajpur,All Modes,337943,255723,82220,103660,64873,38787,79264,56488,22776,78274,65442,12832,38533,33789,4744,16567,15156,1411,9227,8451,776,3382,3049,333,6845,6471,374,2191,2004,187,25.9810393,88.050979
WEST BENGAL,Total,Uttar Dinajpur,On foot,85721,54160,31561,0,0,0,56866,35596,21270,20607,12738,7869,8248,5826,2422,0,0,0,0,0,0,0,0,0,0,0,0,0,0,0,25.9810393,88.050979
WEST BENGAL,Total,Uttar Dinajpur,Bicycle,93221,88266,4955,0,0,0,17770,16853,917,45314,42358,2956,19071,18347,724,6731,6583,148,4335,4125,210,0,0,0,0,0,0,0,0,0,25.9810393,88.050979
WEST BENGAL,Total,Uttar Dinajpur,Moped/Scooter/Motor Cycle,14877,13900,977,0,0,0,2309,2170,139,5581,5164,417,3264,3046,218,2036,1930,106,756,726,30,389,372,17,190,183,7,352,309,43,25.9810393,88.050979
WEST BENGAL,Total,Uttar Dinajpur,Car/Jeep/Van,7263,6221,1042,0,0,0,646,536,110,2032,1633,399,2149,1844,305,1291,1149,142,400,365,35,288,270,18,265,255,10,192,169,23,25.9810393,88.050979
WEST BENGAL,Total,Uttar Dinajpur,Tempo/Autorickshaw/Taxi,3948,2934,1014,0,0,0,234,158,76,1371,849,522,971,742,229,751,618,133,217,200,17,177,168,9,133,126,7,94,73,21,25.9810393,88.050979
WEST BENGAL,Total,Uttar Dinajpur,Bus,19316,16216,3100,0,0,0,378,290,88,1799,1344,455,3451,2715,736,4804,3987,817,3182,2719,463,2225,1959,266,3181,2950,231,296,252,44,25.9810393,88.050979
WEST BENGAL,Total,Uttar Dinajpur,Train,5444,5057,387,0,0,0,253,195,58,283,249,34,330,275,55,383,336,47,171,152,19,190,172,18,2814,2704,110,1020,974,46,25.9810393,88.050979
WEST BENGAL,Total,Uttar Dinajpur,Water transport,170,147,23,0,0,0,40,24,16,34,34,0,47,44,3,7,7,0,4,4,0,2,2,0,22,20,2,14,12,2,25.9810393,88.050979
WEST BENGAL,Total,Uttar Dinajpur,Any other,4323,3949,374,0,0,0,768,666,102,1253,1073,180,1002,950,52,564,546,18,162,160,2,111,106,5,240,233,7,223,215,8,25.9810393,88.050979
WEST BENGAL,Total,Uttar Dinajpur,No travel,103660,64873,38787,103660,64873,38787,0,0,0,0,0,0,0,0,0,0,0,0,0,0,0,0,0,0,0,0,0,0,0,0,25.9810393,88.050979
WEST BENGAL,Rural,Uttar Dinajpur,All Modes,230622,166850,63772,81995,48930,33065,46170,29685,16485,48542,39167,9375,28067,24745,3322,11790,11110,680,5622,5251,371,1893,1765,128,4848,4633,215,1695,1564,131,25.9810393,88.050979
WEST BENGAL,Rural,Uttar Dinajpur,On foot,54126,30649,23477,0,0,0,35608,20076,15532,13208,7152,6056,5310,3421,1889,0,0,0,0,0,0,0,0,0,0,0,0,0,0,0,25.9810393,88.050979
WEST BENGAL,Rural,Uttar Dinajpur,Bicycle,62265,58201,4064,0,0,0,8449,7752,697,28982,26554,2428,15848,15212,636,5844,5713,131,3142,2970,172,0,0,0,0,0,0,0,0,0,25.9810393,88.050979
WEST BENGAL,Rural,Uttar Dinajpur,Moped/Scooter/Motor Cycle,7684,7165,519,0,0,0,916,852,64,2711,2504,207,1838,1710,128,1208,1153,55,452,435,17,250,239,11,125,120,5,184,152,32,25.9810393,88.050979
WEST BENGAL,Rural,Uttar Dinajpur,Car/Jeep/Van,5221,4610,611,0,0,0,432,367,65,1417,1170,247,1654,1463,191,964,904,60,259,240,19,184,177,7,167,162,5,144,127,17,25.9810393,88.050979
WEST BENGAL,Rural,Uttar Dinajpur,Tempo/Autorickshaw/Taxi,2041,1648,393,0,0,0,82,70,12,511,351,160,566,449,117,518,445,73,124,114,10,101,97,4,72,66,6,67,56,11,25.9810393,88.050979
WEST BENGAL,Rural,Uttar Dinajpur,Bus,10068,8867,1201,0,0,0,184,147,37,838,643,195,1805,1526,279,2525,2211,314,1443,1296,147,1171,1081,90,1913,1796,117,189,167,22,25.9810393,88.050979
WEST BENGAL,Rural,Uttar Dinajpur,Train,4501,4211,290,0,0,0,176,127,49,210,184,26,263,217,46,307,275,32,89,83,6,124,112,12,2391,2314,77,941,899,42,25.9810393,88.050979
WEST BENGAL,Rural,Uttar Dinajpur,Water transport,134,119,15,0,0,0,32,20,12,21,21,0,43,42,1,5,5,0,1,1,0,1,1,0,21,20,1,10,9,1,25.9810393,88.050979
WEST BENGAL,Rural,Uttar Dinajpur,Any other,2587,2450,137,0,0,0,291,274,17,644,588,56,740,705,35,419,404,15,112,112,0,62,58,4,159,155,4,160,154,6,25.9810393,88.050979
WEST BENGAL,Rural,Uttar Dinajpur,No travel,81995,48930,33065,81995,48930,33065,0,0,0,0,0,0,0,0,0,0,0,0,0,0,0,0,0,0,0,0,0,0,0,0,25.9810393,88.050979
WEST BENGAL,Urban,Uttar Dinajpur,All Modes,107321,88873,18448,21665,15943,5722,33094,26803,6291,29732,26275,3457,10466,9044,1422,4777,4046,731,3605,3200,405,1489,1284,205,1997,1838,159,496,440,56,25.9810393,88.050979
WEST BENGAL,Urban,Uttar Dinajpur,On foot,31595,23511,8084,0,0,0,21258,15520,5738,7399,5586,1813,2938,2405,533,0,0,0,0,0,0,0,0,0,0,0,0,0,0,0,25.9810393,88.050979
WEST BENGAL,Urban,Uttar Dinajpur,Bicycle,30956,30065,891,0,0,0,9321,9101,220,16332,15804,528,3223,3135,88,887,870,17,1193,1155,38,0,0,0,0,0,0,0,0,0,25.9810393,88.050979
WEST BENGAL,Urban,Uttar Dinajpur,Moped/Scooter/Motor Cycle,7193,6735,458,0,0,0,1393,1318,75,2870,2660,210,1426,1336,90,828,777,51,304,291,13,139,133,6,65,63,2,168,157,11,25.9810393,88.050979
WEST BENGAL,Urban,Uttar Dinajpur,Car/Jeep/Van,2042,1611,431,0,0,0,214,169,45,615,463,152,495,381,114,327,245,82,141,125,16,104,93,11,98,93,5,48,42,6,25.9810393,88.050979
WEST BENGAL,Urban,Uttar Dinajpur,Tempo/Autorickshaw/Taxi,1907,1286,621,0,0,0,152,88,64,860,498,362,405,293,112,233,173,60,93,86,7,76,71,5,61,60,1,27,17,10,25.9810393,88.050979
WEST BENGAL,Urban,Uttar Dinajpur,Bus,9248,7349,1899,0,0,0,194,143,51,961,701,260,1646,1189,457,2279,1776,503,1739,1423,316,1054,878,176,1268,1154,114,107,85,22,25.9810393,88.050979
WEST BENGAL,Urban,Uttar Dinajpur,Train,943,846,97,0,0,0,77,68,9,73,65,8,67,58,9,76,61,15,82,69,13,66,60,6,423,390,33,79,75,4,25.9810393,88.050979
WEST BENGAL,Urban,Uttar Dinajpur,Water transport,36,28,8,0,0,0,8,4,4,13,13,0,4,2,2,2,2,0,3,3,0,1,1,0,1,0,1,4,3,1,25.9810393,88.050979
WEST BENGAL,Urban,Uttar Dinajpur,Any other,1736,1499,237,0,0,0,477,392,85,609,485,124,262,245,17,145,142,3,50,48,2,49,48,1,81,78,3,63,61,2,25.9810393,88.050979
WEST BENGAL,Urban,Uttar Dinajpur,No travel,21665,15943,5722,21665,15943,5722,0,0,0,0,0,0,0,0,0,0,0,0,0,0,0,0,0,0,0,0,0,0,0,0,25.9810393,88.050979
WEST BENGAL,Total,Maldah,All Modes,540219,415074,125145,198887,121971,76916,100102,74577,25525,109490,97239,12251,58522,52154,6368,25979,24446,1533,15192,14205,987,6348,5771,577,20150,19510,640,5549,5201,348,25.0557268,88.1364591
WEST BENGAL,Total,Maldah,On foot,130901,94468,36433,0,0,0,76595,52518,24077,35278,27167,8111,19028,14783,4245,0,0,0,0,0,0,0,0,0,0,0,0,0,0,0,25.0557268,88.1364591
WEST BENGAL,Total,Maldah,Bicycle,118155,114680,3475,0,0,0,17562,16901,661,58237,56337,1900,25143,24616,527,10498,10351,147,6715,6475,240,0,0,0,0,0,0,0,0,0,25.0557268,88.1364591
WEST BENGAL,Total,Maldah,Moped/Scooter/Motor Cycle,15208,14485,723,0,0,0,2541,2384,157,6008,5701,307,2971,2850,121,1873,1809,64,680,660,20,415,403,12,223,213,10,497,465,32,25.0557268,88.1364591
WEST BENGAL,Total,Maldah,Car/Jeep/Van,7830,6999,831,0,0,0,798,681,117,2549,2199,350,1861,1689,172,1431,1315,116,432,402,30,226,217,9,219,210,9,314,286,28,25.0557268,88.1364591
WEST BENGAL,Total,Maldah,Tempo/Autorickshaw/Taxi,5143,3945,1198,0,0,0,395,236,159,1559,988,571,1155,887,268,960,859,101,334,310,24,268,256,12,238,227,11,234,182,52,25.0557268,88.1364591
WEST BENGAL,Total,Maldah,Bus,34164,29882,4282,0,0,0,638,487,151,3001,2317,684,5917,5011,906,9781,8724,1057,6292,5661,631,4402,3914,488,3400,3132,268,733,636,97,25.0557268,88.1364591
WEST BENGAL,Total,Maldah,Train,22631,21962,669,0,0,0,696,640,56,614,564,50,714,681,33,579,558,21,415,386,29,844,794,50,15557,15225,332,3212,3114,98,25.0557268,88.1364591
WEST BENGAL,Total,Maldah,Water transport,1318,1240,78,0,0,0,98,80,18,446,417,29,493,476,17,74,69,5,66,65,1,30,29,1,62,59,3,49,45,4,25.0557268,88.1364591
WEST BENGAL,Total,Maldah,Any other,5982,5442,540,0,0,0,779,650,129,1798,1549,249,1240,1161,79,783,761,22,258,246,12,163,158,5,451,444,7,510,473,37,25.0557268,88.1364591
WEST BENGAL,Total,Maldah,No travel,198887,121971,76916,198887,121971,76916,0,0,0,0,0,0,0,0,0,0,0,0,0,0,0,0,0,0,0,0,0,0,0,0,25.0557268,88.1364591
WEST BENGAL,Rural,Maldah,All Modes,377201,284394,92807,150751,90668,60083,58854,41276,17578,70696,62393,8303,42139,37480,4659,19471,18629,842,10666,10170,496,4368,4109,259,15895,15547,348,4361,4122,239,25.0557268,88.1364591
WEST BENGAL,Rural,Maldah,On foot,85838,59898,25940,0,0,0,47842,30975,16867,25423,19625,5798,12573,9298,3275,0,0,0,0,0,0,0,0,0,0,0,0,0,0,0,25.0557268,88.1364591
WEST BENGAL,Rural,Maldah,Bicycle,78622,76035,2587,0,0,0,8289,7868,421,36757,35328,1429,19753,19319,434,9048,8923,125,4775,4597,178,0,0,0,0,0,0,0,0,0,25.0557268,88.1364591
WEST BENGAL,Rural,Maldah,Moped/Scooter/Motor Cycle,7623,7276,347,0,0,0,831,782,49,2488,2358,130,1787,1712,75,1321,1277,44,486,476,10,277,270,7,147,140,7,286,261,25,25.0557268,88.1364591
WEST BENGAL,Rural,Maldah,Car/Jeep/Van,4980,4457,523,0,0,0,453,393,60,1613,1393,220,1243,1125,118,874,789,85,330,321,9,150,144,6,123,119,4,194,173,21,25.0557268,88.1364591
WEST BENGAL,Rural,Maldah,Tempo/Autorickshaw/Taxi,2947,2474,473,0,0,0,116,92,24,681,480,201,671,532,139,730,675,55,251,239,12,203,199,4,145,140,5,150,117,33,25.0557268,88.1364591
WEST BENGAL,Rural,Maldah,Bus,22669,20573,2096,0,0,0,343,272,71,1946,1550,396,4126,3604,522,6368,5873,495,4247,3989,258,2971,2762,209,2191,2093,98,477,430,47,25.0557268,88.1364591
WEST BENGAL,Rural,Maldah,Train,18664,18195,469,0,0,0,545,500,45,424,390,34,570,548,22,451,436,15,299,282,17,629,599,30,12945,12718,227,2801,2722,79,25.0557268,88.1364591
WEST BENGAL,Rural,Maldah,Water transport,1168,1122,46,0,0,0,66,55,11,402,390,12,479,465,14,59,57,2,59,58,1,25,25,0,48,45,3,30,27,3,25.0557268,88.1364591
WEST BENGAL,Rural,Maldah,Any other,3939,3696,243,0,0,0,369,339,30,962,879,83,937,877,60,620,599,21,219,208,11,113,110,3,296,292,4,423,392,31,25.0557268,88.1364591
WEST BENGAL,Rural,Maldah,No travel,150751,90668,60083,150751,90668,60083,0,0,0,0,0,0,0,0,0,0,0,0,0,0,0,0,0,0,0,0,0,0,0,0,25.0557268,88.1364591
WEST BENGAL,Urban,Maldah,All Modes,163018,130680,32338,48136,31303,16833,41248,33301,7947,38794,34846,3948,16383,14674,1709,6508,5817,691,4526,4035,491,1980,1662,318,4255,3963,292,1188,1079,109,25.0557268,88.1364591
WEST BENGAL,Urban,Maldah,On foot,45063,34570,10493,0,0,0,28753,21543,7210,9855,7542,2313,6455,5485,970,0,0,0,0,0,0,0,0,0,0,0,0,0,0,0,25.0557268,88.1364591
WEST BENGAL,Urban,Maldah,Bicycle,39533,38645,888,0,0,0,9273,9033,240,21480,21009,471,5390,5297,93,1450,1428,22,1940,1878,62,0,0,0,0,0,0,0,0,0,25.0557268,88.1364591
WEST BENGAL,Urban,Maldah,Moped/Scooter/Motor Cycle,7585,7209,376,0,0,0,1710,1602,108,3520,3343,177,1184,1138,46,552,532,20,194,184,10,138,133,5,76,73,3,211,204,7,25.0557268,88.1364591
WEST BENGAL,Urban,Maldah,Car/Jeep/Van,2850,2542,308,0,0,0,345,288,57,936,806,130,618,564,54,557,526,31,102,81,21,76,73,3,96,91,5,120,113,7,25.0557268,88.1364591
WEST BENGAL,Urban,Maldah,Tempo/Autorickshaw/Taxi,2196,1471,725,0,0,0,279,144,135,878,508,370,484,355,129,230,184,46,83,71,12,65,57,8,93,87,6,84,65,19,25.0557268,88.1364591
WEST BENGAL,Urban,Maldah,Bus,11495,9309,2186,0,0,0,295,215,80,1055,767,288,1791,1407,384,3413,2851,562,2045,1672,373,1431,1152,279,1209,1039,170,256,206,50,25.0557268,88.1364591
WEST BENGAL,Urban,Maldah,Train,3967,3767,200,0,0,0,151,140,11,190,174,16,144,133,11,128,122,6,116,104,12,215,195,20,2612,2507,105,411,392,19,25.0557268,88.1364591
WEST BENGAL,Urban,Maldah,Water transport,150,118,32,0,0,0,32,25,7,44,27,17,14,11,3,15,12,3,7,7,0,5,4,1,14,14,0,19,18,1,25.0557268,88.1364591
WEST BENGAL,Urban,Maldah,Any other,2043,1746,297,0,0,0,410,311,99,836,670,166,303,284,19,163,162,1,39,38,1,50,48,2,155,152,3,87,81,6,25.0557268,88.1364591
WEST BENGAL,Urban,Maldah,No travel,48136,31303,16833,48136,31303,16833,0,0,0,0,0,0,0,0,0,0,0,0,0,0,0,0,0,0,0,0,0,0,0,0,25.0557268,88.1364591
SIKKIM,Total,West District,All Modes,20095,13781,6314,8023,5165,2858,4919,3151,1768,4009,2920,1089,1666,1313,353,474,398,76,273,227,46,213,186,27,397,327,70,121,94,27,27.3031986,88.2071598
SIKKIM,Total,West District,On foot,8505,5818,2687,0,0,0,4656,2954,1702,3062,2246,816,787,618,169,0,0,0,0,0,0,0,0,0,0,0,0,0,0,0,27.3031986,88.2071598
SIKKIM,Total,West District,Bicycle,100,90,10,0,0,0,8,6,2,43,40,3,24,22,2,12,12,0,13,10,3,0,0,0,0,0,0,0,0,0,27.3031986,88.2071598
SIKKIM,Total,West District,Moped/Scooter/Motor Cycle,298,266,32,0,0,0,32,26,6,107,92,15,75,67,8,35,35,0,15,14,1,20,20,0,10,9,1,4,3,1,27.3031986,88.2071598
SIKKIM,Total,West District,Car/Jeep/Van,1990,1523,467,0,0,0,154,110,44,516,335,181,500,399,101,285,236,49,163,137,26,126,109,17,226,183,43,20,14,6,27.3031986,88.2071598
SIKKIM,Total,West District,Tempo/Autorickshaw/Taxi,820,612,208,0,0,0,39,32,7,223,160,63,232,164,68,118,94,24,63,48,15,44,38,6,94,71,23,7,5,2,27.3031986,88.2071598
SIKKIM,Total,West District,Bus,164,142,22,0,0,0,9,7,2,43,36,7,41,36,5,20,18,2,13,12,1,20,16,4,16,16,0,2,1,1,27.3031986,88.2071598
SIKKIM,Total,West District,Train,74,66,8,0,0,0,11,8,3,12,8,4,3,3,0,1,1,0,1,1,0,2,2,0,32,32,0,12,11,1,27.3031986,88.2071598
SIKKIM,Total,West District,Water transport,2,2,0,0,0,0,1,1,0,0,0,0,0,0,0,0,0,0,0,0,0,0,0,0,0,0,0,1,1,0,27.3031986,88.2071598
SIKKIM,Total,West District,Any other,119,97,22,0,0,0,9,7,2,3,3,0,4,4,0,3,2,1,5,5,0,1,1,0,19,16,3,75,59,16,27.3031986,88.2071598
SIKKIM,Total,West District,No travel,8023,5165,2858,8023,5165,2858,0,0,0,0,0,0,0,0,0,0,0,0,0,0,0,0,0,0,0,0,0,0,0,0,27.3031986,88.2071598
SIKKIM,Rural,West District,All Modes,18293,12424,5869,7273,4583,2690,4291,2692,1599,3776,2751,1025,1568,1241,327,438,372,66,261,216,45,197,170,27,370,305,65,119,94,25,27.3031986,88.2071598
SIKKIM,Rural,West District,On foot,7789,5293,2496,0,0,0,4078,2531,1547,2959,2170,789,752,592,160,0,0,0,0,0,0,0,0,0,0,0,0,0,0,0,27.3031986,88.2071598
SIKKIM,Rural,West District,Bicycle,98,88,10,0,0,0,7,5,2,43,40,3,24,22,2,12,12,0,12,9,3,0,0,0,0,0,0,0,0,0,27.3031986,88.2071598
SIKKIM,Rural,West District,Moped/Scooter/Motor Cycle,275,245,30,0,0,0,22,17,5,101,87,14,70,62,8,35,35,0,15,14,1,19,19,0,9,8,1,4,3,1,27.3031986,88.2071598
SIKKIM,Rural,West District,Car/Jeep/Van,1822,1412,410,0,0,0,130,97,33,441,290,151,467,373,94,268,223,45,161,135,26,118,101,17,219,179,40,18,14,4,27.3031986,88.2071598
SIKKIM,Rural,West District,Tempo/Autorickshaw/Taxi,695,514,181,0,0,0,27,22,5,176,119,57,207,149,58,100,82,18,55,41,14,39,33,6,84,63,21,7,5,2,27.3031986,88.2071598
SIKKIM,Rural,West District,Bus,157,135,22,0,0,0,7,5,2,42,35,7,41,36,5,19,17,2,12,11,1,19,15,4,15,15,0,2,1,1,27.3031986,88.2071598
SIKKIM,Rural,West District,Train,64,56,8,0,0,0,10,7,3,11,7,4,3,3,0,1,1,0,1,1,0,2,2,0,24,24,0,12,11,1,27.3031986,88.2071598
SIKKIM,Rural,West District,Water transport,2,2,0,0,0,0,1,1,0,0,0,0,0,0,0,0,0,0,0,0,0,0,0,0,0,0,0,1,1,0,27.3031986,88.2071598
SIKKIM,Rural,West District,Any other,118,96,22,0,0,0,9,7,2,3,3,0,4,4,0,3,2,1,5,5,0,0,0,0,19,16,3,75,59,16,27.3031986,88.2071598
SIKKIM,Rural,West District,No travel,7273,4583,2690,7273,4583,2690,0,0,0,0,0,0,0,0,0,0,0,0,0,0,0,0,0,0,0,0,0,0,0,0,27.3031986,88.2071598
SIKKIM,Urban,West District,All Modes,1802,1357,445,750,582,168,628,459,169,233,169,64,98,72,26,36,26,10,12,11,1,16,16,0,27,22,5,2,0,2,27.3031986,88.2071598
SIKKIM,Urban,West District,On foot,716,525,191,0,0,0,578,423,155,103,76,27,35,26,9,0,0,0,0,0,0,0,0,0,0,0,0,0,0,0,27.3031986,88.2071598
SIKKIM,Urban,West District,Bicycle,2,2,0,0,0,0,1,1,0,0,0,0,0,0,0,0,0,0,1,1,0,0,0,0,0,0,0,0,0,0,27.3031986,88.2071598
SIKKIM,Urban,West District,Moped/Scooter/Motor Cycle,23,21,2,0,0,0,10,9,1,6,5,1,5,5,0,0,0,0,0,0,0,1,1,0,1,1,0,0,0,0,27.3031986,88.2071598
SIKKIM,Urban,West District,Car/Jeep/Van,168,111,57,0,0,0,24,13,11,75,45,30,33,26,7,17,13,4,2,2,0,8,8,0,7,4,3,2,0,2,27.3031986,88.2071598
SIKKIM,Urban,West District,Tempo/Autorickshaw/Taxi,125,98,27,0,0,0,12,10,2,47,41,6,25,15,10,18,12,6,8,7,1,5,5,0,10,8,2,0,0,0,27.3031986,88.2071598
SIKKIM,Urban,West District,Bus,7,7,0,0,0,0,2,2,0,1,1,0,0,0,0,1,1,0,1,1,0,1,1,0,1,1,0,0,0,0,27.3031986,88.2071598
SIKKIM,Urban,West District,Train,10,10,0,0,0,0,1,1,0,1,1,0,0,0,0,0,0,0,0,0,0,0,0,0,8,8,0,0,0,0,27.3031986,88.2071598
SIKKIM,Urban,West District,Water transport,0,0,0,0,0,0,0,0,0,0,0,0,0,0,0,0,0,0,0,0,0,0,0,0,0,0,0,0,0,0,27.3031986,88.2071598
SIKKIM,Urban,West District,Any other,1,1,0,0,0,0,0,0,0,0,0,0,0,0,0,0,0,0,0,0,0,1,1,0,0,0,0,0,0,0,27.3031986,88.2071598
SIKKIM,Urban,West District,No travel,750,582,168,750,582,168,0,0,0,0,0,0,0,0,0,0,0,0,0,0,0,0,0,0,0,0,0,0,0,0,27.3031986,88.2071598
WEST BENGAL,Total,Hugli,All Modes,1197982,991504,206478,298635,205200,93435,228746,183468,45278,219586,193612,25974,130338,112958,17380,90349,82269,8080,82658,76363,6295,71048,65690,5358,61417,58434,2983,15205,13510,1695,22.896256,88.2461183
WEST BENGAL,Total,Hugli,On foot,217343,155356,61987,0,0,0,143167,103375,39792,36715,24360,12355,37461,27621,9840,0,0,0,0,0,0,0,0,0,0,0,0,0,0,0,22.896256,88.2461183
WEST BENGAL,Total,Hugli,Bicycle,300360,286408,13952,0,0,0,71160,67713,3447,142920,135672,7248,47017,45316,1701,15022,14596,426,24241,23111,1130,0,0,0,0,0,0,0,0,0,22.896256,88.2461183
WEST BENGAL,Total,Hugli,Moped/Scooter/Motor Cycle,41664,39697,1967,0,0,0,5521,5197,324,14010,13282,728,9380,8963,417,6014,5784,230,2311,2229,82,1644,1607,37,842,826,16,1942,1809,133,22.896256,88.2461183
WEST BENGAL,Total,Hugli,Car/Jeep/Van,12911,11984,927,0,0,0,1389,1254,135,3637,3386,251,2576,2421,155,1868,1754,114,956,870,86,925,861,64,759,711,48,801,727,74,22.896256,88.2461183
WEST BENGAL,Total,Hugli,Tempo/Autorickshaw/Taxi,8461,5770,2691,0,0,0,949,506,443,2955,1567,1388,1670,1230,440,951,782,169,392,349,43,485,445,40,484,459,25,575,432,143,22.896256,88.2461183
WEST BENGAL,Total,Hugli,Bus,66671,58613,8058,0,0,0,1370,972,398,7445,5129,2316,10779,8805,1974,11886,10435,1451,7530,6914,616,10078,9548,530,16042,15566,476,1541,1244,297,22.896256,88.2461183
WEST BENGAL,Total,Hugli,Train,239558,217012,22546,0,0,0,3579,3042,537,8843,7404,1439,19226,16507,2719,53165,47564,5601,46620,42308,4312,57232,52588,4644,42014,39647,2367,8879,7952,927,22.896256,88.2461183
WEST BENGAL,Total,Hugli,Water transport,2464,2259,205,0,0,0,242,213,29,558,508,50,507,463,44,428,392,36,162,156,6,151,139,12,217,215,2,199,173,26,22.896256,88.2461183
WEST BENGAL,Total,Hugli,Any other,9915,9205,710,0,0,0,1369,1196,173,2503,2304,199,1722,1632,90,1015,962,53,446,426,20,533,502,31,1059,1010,49,1268,1173,95,22.896256,88.2461183
WEST BENGAL,Total,Hugli,No travel,298635,205200,93435,298635,205200,93435,0,0,0,0,0,0,0,0,0,0,0,0,0,0,0,0,0,0,0,0,0,0,0,0,22.896256,88.2461183
WEST BENGAL,Rural,Hugli,All Modes,484315,400954,83361,137130,93026,44104,69086,52200,16886,84899,74806,10093,53211,47462,5749,29538,27796,1742,27234,25747,1487,32666,31192,1474,45741,44288,1453,4810,4437,373,22.896256,88.2461183
WEST BENGAL,Rural,Hugli,On foot,65198,42025,23173,0,0,0,42208,27147,15061,12909,7894,5015,10081,6984,3097,0,0,0,0,0,0,0,0,0,0,0,0,0,0,0,22.896256,88.2461183
WEST BENGAL,Rural,Hugli,Bicycle,126329,119469,6860,0,0,0,22569,21142,1427,59598,55833,3765,26680,25664,1016,9018,8779,239,8464,8051,413,0,0,0,0,0,0,0,0,0,22.896256,88.2461183
WEST BENGAL,Rural,Hugli,Moped/Scooter/Motor Cycle,20514,19720,794,0,0,0,1932,1860,72,6412,6141,271,5165,4945,220,3537,3420,117,1337,1292,45,1005,990,15,513,506,7,613,566,47,22.896256,88.2461183
WEST BENGAL,Rural,Hugli,Car/Jeep/Van,4448,4219,229,0,0,0,367,334,33,1056,997,59,1097,1046,51,750,724,26,296,285,11,335,322,13,367,349,18,180,162,18,22.896256,88.2461183
WEST BENGAL,Rural,Hugli,Tempo/Autorickshaw/Taxi,1669,1395,274,0,0,0,98,71,27,388,272,116,340,271,69,211,190,21,120,112,8,189,180,9,217,212,5,106,87,19,22.896256,88.2461183
WEST BENGAL,Rural,Hugli,Bus,45743,42329,3414,0,0,0,606,502,104,2297,1667,630,5559,4697,862,7497,6814,683,5454,5124,330,8698,8344,354,14991,14619,372,641,562,79,22.896256,88.2461183
WEST BENGAL,Rural,Hugli,Train,79522,75205,4317,0,0,0,967,840,127,1518,1327,191,3613,3207,406,8073,7440,633,11377,10701,676,22155,21087,1068,28956,27919,1037,2863,2684,179,22.896256,88.2461183
WEST BENGAL,Rural,Hugli,Water transport,734,690,44,0,0,0,87,73,14,118,112,6,101,94,7,125,118,7,36,35,1,76,73,3,146,144,2,45,41,4,22.896256,88.2461183
WEST BENGAL,Rural,Hugli,Any other,3028,2876,152,0,0,0,252,231,21,603,563,40,575,554,21,327,311,16,150,147,3,208,196,12,551,539,12,362,335,27,22.896256,88.2461183
WEST BENGAL,Rural,Hugli,No travel,137130,93026,44104,137130,93026,44104,0,0,0,0,0,0,0,0,0,0,0,0,0,0,0,0,0,0,0,0,0,0,0,0,22.896256,88.2461183
WEST BENGAL,Urban,Hugli,All Modes,713667,590550,123117,161505,112174,49331,159660,131268,28392,134687,118806,15881,77127,65496,11631,60811,54473,6338,55424,50616,4808,38382,34498,3884,15676,14146,1530,10395,9073,1322,22.896256,88.2461183
WEST BENGAL,Urban,Hugli,On foot,152145,113331,38814,0,0,0,100959,76228,24731,23806,16466,7340,27380,20637,6743,0,0,0,0,0,0,0,0,0,0,0,0,0,0,0,22.896256,88.2461183
WEST BENGAL,Urban,Hugli,Bicycle,174031,166939,7092,0,0,0,48591,46571,2020,83322,79839,3483,20337,19652,685,6004,5817,187,15777,15060,717,0,0,0,0,0,0,0,0,0,22.896256,88.2461183
WEST BENGAL,Urban,Hugli,Moped/Scooter/Motor Cycle,21150,19977,1173,0,0,0,3589,3337,252,7598,7141,457,4215,4018,197,2477,2364,113,974,937,37,639,617,22,329,320,9,1329,1243,86,22.896256,88.2461183
WEST BENGAL,Urban,Hugli,Car/Jeep/Van,8463,7765,698,0,0,0,1022,920,102,2581,2389,192,1479,1375,104,1118,1030,88,660,585,75,590,539,51,392,362,30,621,565,56,22.896256,88.2461183
WEST BENGAL,Urban,Hugli,Tempo/Autorickshaw/Taxi,6792,4375,2417,0,0,0,851,435,416,2567,1295,1272,1330,959,371,740,592,148,272,237,35,296,265,31,267,247,20,469,345,124,22.896256,88.2461183
WEST BENGAL,Urban,Hugli,Bus,20928,16284,4644,0,0,0,764,470,294,5148,3462,1686,5220,4108,1112,4389,3621,768,2076,1790,286,1380,1204,176,1051,947,104,900,682,218,22.896256,88.2461183
WEST BENGAL,Urban,Hugli,Train,160036,141807,18229,0,0,0,2612,2202,410,7325,6077,1248,15613,13300,2313,45092,40124,4968,35243,31607,3636,35077,31501,3576,13058,11728,1330,6016,5268,748,22.896256,88.2461183
WEST BENGAL,Urban,Hugli,Water transport,1730,1569,161,0,0,0,155,140,15,440,396,44,406,369,37,303,274,29,126,121,5,75,66,9,71,71,0,154,132,22,22.896256,88.2461183
WEST BENGAL,Urban,Hugli,Any other,6887,6329,558,0,0,0,1117,965,152,1900,1741,159,1147,1078,69,688,651,37,296,279,17,325,306,19,508,471,37,906,838,68,22.896256,88.2461183
WEST BENGAL,Urban,Hugli,No travel,161505,112174,49331,161505,112174,49331,0,0,0,0,0,0,0,0,0,0,0,0,0,0,0,0,0,0,0,0,0,0,0,0,22.896256,88.2461183
WEST BENGAL,Total,Darjiling,All Modes,524928,373857,151071,141337,100705,40632,134002,88491,45511,153060,107941,45119,60427,45243,15184,13360,11633,1727,8830,7952,878,4253,3649,604,5208,4485,723,4451,3758,693,27.0360066,88.2626751
WEST BENGAL,Total,Darjiling,On foot,227586,135807,91779,0,0,0,111919,68623,43296,84736,47751,36985,30931,19433,11498,0,0,0,0,0,0,0,0,0,0,0,0,0,0,0,27.0360066,88.2626751
WEST BENGAL,Total,Darjiling,Bicycle,71559,67417,4142,0,0,0,12629,11877,752,38556,36006,2550,12239,11765,474,3488,3384,104,4647,4385,262,0,0,0,0,0,0,0,0,0,27.0360066,88.2626751
WEST BENGAL,Total,Darjiling,Moped/Scooter/Motor Cycle,27731,25978,1753,0,0,0,5273,4956,317,13748,12857,891,4362,4093,269,1802,1707,95,511,488,23,394,374,20,308,285,23,1333,1218,115,27.0360066,88.2626751
WEST BENGAL,Total,Darjiling,Car/Jeep/Van,17675,13878,3797,0,0,0,1682,1302,380,5782,4379,1403,4018,3185,833,2102,1665,437,911,751,160,1225,1008,217,1223,997,226,732,591,141,27.0360066,88.2626751
WEST BENGAL,Total,Darjiling,Tempo/Autorickshaw/Taxi,13064,9145,3919,0,0,0,985,610,375,5471,3533,1938,3383,2456,927,1575,1227,348,432,344,88,396,326,70,386,328,58,436,321,115,27.0360066,88.2626751
WEST BENGAL,Total,Darjiling,Bus,19651,15641,4010,0,0,0,710,529,181,3412,2402,1010,4860,3764,1096,4077,3358,719,2153,1822,331,1942,1682,260,1729,1464,265,768,620,148,27.0360066,88.2626751
WEST BENGAL,Total,Darjiling,Train,3488,2986,502,0,0,0,344,258,86,328,232,96,192,161,31,95,84,11,98,88,10,200,172,28,1384,1254,130,847,737,110,27.0360066,88.2626751
WEST BENGAL,Total,Darjiling,Water transport,138,95,43,0,0,0,33,19,14,37,28,9,26,18,8,10,6,4,4,3,1,1,1,0,7,5,2,20,15,5,27.0360066,88.2626751
WEST BENGAL,Total,Darjiling,Any other,2699,2205,494,0,0,0,427,317,110,990,753,237,416,368,48,211,202,9,74,71,3,95,86,9,171,152,19,315,256,59,27.0360066,88.2626751
WEST BENGAL,Total,Darjiling,No travel,141337,100705,40632,141337,100705,40632,0,0,0,0,0,0,0,0,0,0,0,0,0,0,0,0,0,0,0,0,0,0,0,0,27.0360066,88.2626751
WEST BENGAL,Rural,Darjiling,All Modes,281690,186910,94780,65985,45698,20287,77460,45984,31476,85770,54431,31339,34976,25233,9743,7449,6674,775,4454,3998,456,1990,1758,232,2177,1895,282,1429,1239,190,27.0360066,88.2626751
WEST BENGAL,Rural,Darjiling,On foot,145667,79390,66277,0,0,0,69207,38685,30522,57333,29567,27766,19127,11138,7989,0,0,0,0,0,0,0,0,0,0,0,0,0,0,0,27.0360066,88.2626751
WEST BENGAL,Rural,Darjiling,Bicycle,40022,36991,3031,0,0,0,5963,5455,508,20692,18778,1914,8343,7960,383,2715,2641,74,2309,2157,152,0,0,0,0,0,0,0,0,0,27.0360066,88.2626751
WEST BENGAL,Rural,Darjiling,Moped/Scooter/Motor Cycle,6083,5598,485,0,0,0,838,764,74,2282,2080,202,1457,1351,106,784,739,45,239,228,11,142,135,7,82,76,6,259,225,34,27.0360066,88.2626751
WEST BENGAL,Rural,Darjiling,Car/Jeep/Van,7776,6261,1515,0,0,0,562,432,130,2218,1697,521,2099,1720,379,1089,888,201,494,414,80,568,484,84,527,435,92,219,191,28,27.0360066,88.2626751
WEST BENGAL,Rural,Darjiling,Tempo/Autorickshaw/Taxi,4571,3395,1176,0,0,0,232,146,86,1250,846,404,1497,1106,391,804,635,169,265,217,48,203,178,25,180,157,23,140,110,30,27.0360066,88.2626751
WEST BENGAL,Rural,Darjiling,Bus,8640,7044,1596,0,0,0,282,216,66,1395,981,414,2080,1643,437,1887,1612,275,1065,910,155,971,865,106,641,542,99,319,275,44,27.0360066,88.2626751
WEST BENGAL,Rural,Darjiling,Train,1647,1404,243,0,0,0,204,150,54,180,119,61,106,84,22,50,43,7,36,30,6,55,45,10,645,595,50,371,338,33,27.0360066,88.2626751
WEST BENGAL,Rural,Darjiling,Water transport,66,44,22,0,0,0,16,9,7,18,13,5,15,11,4,3,1,2,3,2,1,0,0,0,3,2,1,8,6,2,27.0360066,88.2626751
WEST BENGAL,Rural,Darjiling,Any other,1233,1085,148,0,0,0,156,127,29,402,350,52,252,220,32,117,115,2,43,40,3,51,51,0,99,88,11,113,94,19,27.0360066,88.2626751
WEST BENGAL,Rural,Darjiling,No travel,65985,45698,20287,65985,45698,20287,0,0,0,0,0,0,0,0,0,0,0,0,0,0,0,0,0,0,0,0,0,0,0,0,27.0360066,88.2626751
WEST BENGAL,Urban,Darjiling,All Modes,243238,186947,56291,75352,55007,20345,56542,42507,14035,67290,53510,13780,25451,20010,5441,5911,4959,952,4376,3954,422,2263,1891,372,3031,2590,441,3022,2519,503,27.0360066,88.2626751
WEST BENGAL,Urban,Darjiling,On foot,81919,56417,25502,0,0,0,42712,29938,12774,27403,18184,9219,11804,8295,3509,0,0,0,0,0,0,0,0,0,0,0,0,0,0,0,27.0360066,88.2626751
WEST BENGAL,Urban,Darjiling,Bicycle,31537,30426,1111,0,0,0,6666,6422,244,17864,17228,636,3896,3805,91,773,743,30,2338,2228,110,0,0,0,0,0,0,0,0,0,27.0360066,88.2626751
WEST BENGAL,Urban,Darjiling,Moped/Scooter/Motor Cycle,21648,20380,1268,0,0,0,4435,4192,243,11466,10777,689,2905,2742,163,1018,968,50,272,260,12,252,239,13,226,209,17,1074,993,81,27.0360066,88.2626751
WEST BENGAL,Urban,Darjiling,Car/Jeep/Van,9899,7617,2282,0,0,0,1120,870,250,3564,2682,882,1919,1465,454,1013,777,236,417,337,80,657,524,133,696,562,134,513,400,113,27.0360066,88.2626751
WEST BENGAL,Urban,Darjiling,Tempo/Autorickshaw/Taxi,8493,5750,2743,0,0,0,753,464,289,4221,2687,1534,1886,1350,536,771,592,179,167,127,40,193,148,45,206,171,35,296,211,85,27.0360066,88.2626751
WEST BENGAL,Urban,Darjiling,Bus,11011,8597,2414,0,0,0,428,313,115,2017,1421,596,2780,2121,659,2190,1746,444,1088,912,176,971,817,154,1088,922,166,449,345,104,27.0360066,88.2626751
WEST BENGAL,Urban,Darjiling,Train,1841,1582,259,0,0,0,140,108,32,148,113,35,86,77,9,45,41,4,62,58,4,145,127,18,739,659,80,476,399,77,27.0360066,88.2626751
WEST BENGAL,Urban,Darjiling,Water transport,72,51,21,0,0,0,17,10,7,19,15,4,11,7,4,7,5,2,1,1,0,1,1,0,4,3,1,12,9,3,27.0360066,88.2626751
WEST BENGAL,Urban,Darjiling,Any other,1466,1120,346,0,0,0,271,190,81,588,403,185,164,148,16,94,87,7,31,31,0,44,35,9,72,64,8,202,162,40,27.0360066,88.2626751
WEST BENGAL,Urban,Darjiling,No travel,75352,55007,20345,75352,55007,20345,0,0,0,0,0,0,0,0,0,0,0,0,0,0,0,0,0,0,0,0,0,0,0,0,27.0360066,88.2626751
WEST BENGAL,Total,Haora,All Modes,1259834,1067482,192352,356375,255548,100827,217534,186072,31462,247520,223558,23962,175876,156891,18985,72419,66408,6011,56468,53104,3364,55818,53269,2549,48872,46925,1947,28952,25707,3245,22.5957689,88.2636394
WEST BENGAL,Total,Haora,On foot,259601,212363,47238,0,0,0,145355,119198,26157,53235,42204,11031,61011,50961,10050,0,0,0,0,0,0,0,0,0,0,0,0,0,0,0,22.5957689,88.2636394
WEST BENGAL,Total,Haora,Bicycle,245260,236607,8653,0,0,0,46258,44527,1731,118239,114034,4205,37105,36059,1046,13689,13294,395,29969,28693,1276,0,0,0,0,0,0,0,0,0,22.5957689,88.2636394
WEST BENGAL,Total,Haora,Moped/Scooter/Motor Cycle,56505,52763,3742,0,0,0,9008,7973,1035,18746,17850,896,10622,10168,454,6020,5740,280,1930,1831,99,2642,2515,127,1100,1041,59,6437,5645,792,22.5957689,88.2636394
WEST BENGAL,Total,Haora,Car/Jeep/Van,15539,14087,1452,0,0,0,1558,1378,180,5000,4477,523,3592,3308,284,2165,1950,215,761,689,72,750,693,57,479,454,25,1234,1138,96,22.5957689,88.2636394
WEST BENGAL,Total,Haora,Tempo/Autorickshaw/Taxi,13639,11507,2132,0,0,0,1375,1094,281,4287,3349,938,2821,2436,385,1963,1759,204,619,573,46,734,676,58,551,529,22,1289,1091,198,22.5957689,88.2636394
WEST BENGAL,Total,Haora,Bus,177817,159926,17891,0,0,0,7952,6731,1221,36981,31922,5059,39506,34779,4727,27413,24441,2972,11791,10820,971,25710,24752,958,17798,17098,700,10666,9383,1283,22.5957689,88.2636394
WEST BENGAL,Total,Haora,Train,123072,113594,9478,0,0,0,4599,3922,677,8541,7482,1059,18740,16855,1885,19779,17911,1868,10809,9943,866,25161,23851,1310,27725,26623,1102,7718,7007,711,22.5957689,88.2636394
WEST BENGAL,Total,Haora,Water transport,4086,3838,248,0,0,0,281,247,34,666,612,54,892,830,62,511,488,23,263,252,11,430,418,12,661,642,19,382,349,33,22.5957689,88.2636394
WEST BENGAL,Total,Haora,Any other,7940,7249,691,0,0,0,1148,1002,146,1825,1628,197,1587,1495,92,879,825,54,326,303,23,391,364,27,558,538,20,1226,1094,132,22.5957689,88.2636394
WEST BENGAL,Total,Haora,No travel,356375,255548,100827,356375,255548,100827,0,0,0,0,0,0,0,0,0,0,0,0,0,0,0,0,0,0,0,0,0,0,0,0,22.5957689,88.2636394
WEST BENGAL,Rural,Haora,All Modes,346505,295288,51217,99693,69368,30325,39086,32126,6960,52559,47247,5312,37728,33962,3766,18696,17654,1042,19505,18615,890,36328,35126,1202,35546,34457,1089,7364,6733,631,22.5957689,88.2636394
WEST BENGAL,Rural,Haora,On foot,50697,39397,11300,0,0,0,24129,18351,5778,12301,9237,3064,14267,11809,2458,0,0,0,0,0,0,0,0,0,0,0,0,0,0,0,22.5957689,88.2636394
WEST BENGAL,Rural,Haora,Bicycle,67132,64739,2393,0,0,0,9345,8922,423,30227,29124,1103,13097,12738,359,5856,5698,158,8607,8257,350,0,0,0,0,0,0,0,0,0,22.5957689,88.2636394
WEST BENGAL,Rural,Haora,Moped/Scooter/Motor Cycle,10428,9558,870,0,0,0,1510,1233,277,2415,2281,134,1690,1608,82,1304,1249,55,649,623,26,1097,1057,40,588,565,23,1175,942,233,22.5957689,88.2636394
WEST BENGAL,Rural,Haora,Car/Jeep/Van,3740,3452,288,0,0,0,318,294,24,1197,1048,149,863,814,49,470,450,20,216,208,8,252,234,18,182,177,5,242,227,15,22.5957689,88.2636394
WEST BENGAL,Rural,Haora,Tempo/Autorickshaw/Taxi,2974,2556,418,0,0,0,239,192,47,598,447,151,607,505,102,484,428,56,213,201,12,332,317,15,287,282,5,214,184,30,22.5957689,88.2636394
WEST BENGAL,Rural,Haora,Bus,56979,53978,3001,0,0,0,1768,1557,211,3415,2928,487,4478,3983,495,6309,5840,469,5553,5291,262,18633,18148,485,14333,13905,428,2490,2326,164,22.5957689,88.2636394
WEST BENGAL,Rural,Haora,Train,50507,48091,2416,0,0,0,1407,1242,165,1779,1604,175,2011,1818,193,3703,3438,265,3988,3768,220,15534,14901,633,19259,18654,605,2826,2666,160,22.5957689,88.2636394
WEST BENGAL,Rural,Haora,Water transport,2250,2175,75,0,0,0,122,114,8,244,231,13,300,290,10,303,297,6,177,171,6,339,331,8,606,590,16,159,151,8,22.5957689,88.2636394
WEST BENGAL,Rural,Haora,Any other,2105,1974,131,0,0,0,248,221,27,383,347,36,415,397,18,267,254,13,102,96,6,141,138,3,291,284,7,258,237,21,22.5957689,88.2636394
WEST BENGAL,Rural,Haora,No travel,99693,69368,30325,99693,69368,30325,0,0,0,0,0,0,0,0,0,0,0,0,0,0,0,0,0,0,0,0,0,0,0,0,22.5957689,88.2636394
WEST BENGAL,Urban,Haora,All Modes,913329,772194,141135,256682,186180,70502,178448,153946,24502,194961,176311,18650,138148,122929,15219,53723,48754,4969,36963,34489,2474,19490,18143,1347,13326,12468,858,21588,18974,2614,22.5957689,88.2636394
WEST BENGAL,Urban,Haora,On foot,208904,172966,35938,0,0,0,121226,100847,20379,40934,32967,7967,46744,39152,7592,0,0,0,0,0,0,0,0,0,0,0,0,0,0,0,22.5957689,88.2636394
WEST BENGAL,Urban,Haora,Bicycle,178128,171868,6260,0,0,0,36913,35605,1308,88012,84910,3102,24008,23321,687,7833,7596,237,21362,20436,926,0,0,0,0,0,0,0,0,0,22.5957689,88.2636394
WEST BENGAL,Urban,Haora,Moped/Scooter/Motor Cycle,46077,43205,2872,0,0,0,7498,6740,758,16331,15569,762,8932,8560,372,4716,4491,225,1281,1208,73,1545,1458,87,512,476,36,5262,4703,559,22.5957689,88.2636394
WEST BENGAL,Urban,Haora,Car/Jeep/Van,11799,10635,1164,0,0,0,1240,1084,156,3803,3429,374,2729,2494,235,1695,1500,195,545,481,64,498,459,39,297,277,20,992,911,81,22.5957689,88.2636394
WEST BENGAL,Urban,Haora,Tempo/Autorickshaw/Taxi,10665,8951,1714,0,0,0,1136,902,234,3689,2902,787,2214,1931,283,1479,1331,148,406,372,34,402,359,43,264,247,17,1075,907,168,22.5957689,88.2636394
WEST BENGAL,Urban,Haora,Bus,120838,105948,14890,0,0,0,6184,5174,1010,33566,28994,4572,35028,30796,4232,21104,18601,2503,6238,5529,709,7077,6604,473,3465,3193,272,8176,7057,1119,22.5957689,88.2636394
WEST BENGAL,Urban,Haora,Train,72565,65503,7062,0,0,0,3192,2680,512,6762,5878,884,16729,15037,1692,16076,14473,1603,6821,6175,646,9627,8950,677,8466,7969,497,4892,4341,551,22.5957689,88.2636394
WEST BENGAL,Urban,Haora,Water transport,1836,1663,173,0,0,0,159,133,26,422,381,41,592,540,52,208,191,17,86,81,5,91,87,4,55,52,3,223,198,25,22.5957689,88.2636394
WEST BENGAL,Urban,Haora,Any other,5835,5275,560,0,0,0,900,781,119,1442,1281,161,1172,1098,74,612,571,41,224,207,17,250,226,24,267,254,13,968,857,111,22.5957689,88.2636394
WEST BENGAL,Urban,Haora,No travel,256682,186180,70502,256682,186180,70502,0,0,0,0,0,0,0,0,0,0,0,0,0,0,0,0,0,0,0,0,0,0,0,0,22.5957689,88.2636394
WEST BENGAL,Total,Murshidabad,All Modes,900530,724786,175744,313724,202345,111379,131284,102900,28384,179681,161239,18442,107578,97924,9654,47076,44488,2588,29943,28137,1806,16694,15542,1152,66613,64934,1679,7937,7277,660,24.1759039,88.2801785
WEST BENGAL,Total,Murshidabad,On foot,156802,115525,41277,0,0,0,90247,64584,25663,41817,31878,9939,24738,19063,5675,0,0,0,0,0,0,0,0,0,0,0,0,0,0,0,24.1759039,88.2801785
WEST BENGAL,Total,Murshidabad,Bicycle,241041,232029,9012,0,0,0,32744,31120,1624,111868,106838,5030,57230,55804,1426,22610,22243,367,16589,16024,565,0,0,0,0,0,0,0,0,0,24.1759039,88.2801785
WEST BENGAL,Total,Murshidabad,Moped/Scooter/Motor Cycle,26793,25229,1564,0,0,0,3170,2954,216,10800,10118,682,5599,5281,318,3473,3325,148,1254,1204,50,1015,993,22,608,589,19,874,765,109,24.1759039,88.2801785
WEST BENGAL,Total,Murshidabad,Car/Jeep/Van,10943,9868,1075,0,0,0,942,797,145,3718,3200,518,2711,2526,185,1413,1335,78,548,526,22,486,465,21,589,563,26,536,456,80,24.1759039,88.2801785
WEST BENGAL,Total,Murshidabad,Tempo/Autorickshaw/Taxi,5003,3803,1200,0,0,0,365,218,147,1453,872,581,1172,964,208,708,604,104,303,263,40,268,255,13,463,436,27,271,191,80,24.1759039,88.2801785
WEST BENGAL,Total,Murshidabad,Bus,61933,55289,6644,0,0,0,1087,873,214,5584,4541,1043,11598,10070,1528,13750,12183,1567,7560,6663,897,8694,7947,747,12441,11935,506,1219,1077,142,24.1759039,88.2801785
WEST BENGAL,Total,Murshidabad,Train,73210,70693,2517,0,0,0,1482,1338,144,1494,1364,130,2363,2177,186,4134,3841,293,3309,3088,221,5687,5358,329,51065,50007,1058,3676,3520,156,24.1759039,88.2801785
WEST BENGAL,Total,Murshidabad,Water transport,1443,1337,106,0,0,0,229,204,25,368,334,34,276,258,18,91,84,7,43,41,2,62,59,3,291,286,5,83,71,12,24.1759039,88.2801785
WEST BENGAL,Total,Murshidabad,Any other,9638,8668,970,0,0,0,1018,812,206,2579,2094,485,1891,1781,110,897,873,24,337,328,9,482,465,17,1156,1118,38,1278,1197,81,24.1759039,88.2801785
WEST BENGAL,Total,Murshidabad,No travel,313724,202345,111379,313724,202345,111379,0,0,0,0,0,0,0,0,0,0,0,0,0,0,0,0,0,0,0,0,0,0,0,0,24.1759039,88.2801785
WEST BENGAL,Rural,Murshidabad,All Modes,575366,454333,121033,226496,142568,83928,66563,50223,16340,94477,83750,10727,69686,63690,5996,32109,30798,1311,18962,18138,824,10822,10348,474,50469,49518,951,5782,5300,482,24.1759039,88.2801785
WEST BENGAL,Rural,Murshidabad,On foot,87396,62957,24439,0,0,0,48166,33243,14923,23598,17702,5896,15632,12012,3620,0,0,0,0,0,0,0,0,0,0,0,0,0,0,0,24.1759039,88.2801785
WEST BENGAL,Rural,Murshidabad,Bicycle,140700,134654,6046,0,0,0,14434,13451,983,59223,55850,3373,39082,38052,1030,16831,16552,279,11130,10749,381,0,0,0,0,0,0,0,0,0,24.1759039,88.2801785
WEST BENGAL,Rural,Murshidabad,Moped/Scooter/Motor Cycle,11948,11258,690,0,0,0,1049,964,85,3891,3645,246,2805,2662,143,2061,1971,90,697,673,24,609,593,16,342,336,6,494,414,80,24.1759039,88.2801785
WEST BENGAL,Rural,Murshidabad,Car/Jeep/Van,6454,5908,546,0,0,0,433,379,54,1898,1654,244,1771,1657,114,953,915,38,362,351,11,301,297,4,354,345,9,382,310,72,24.1759039,88.2801785
WEST BENGAL,Rural,Murshidabad,Tempo/Autorickshaw/Taxi,2110,1823,287,0,0,0,121,93,28,380,274,106,473,425,48,363,343,20,171,157,14,167,164,3,250,238,12,185,129,56,24.1759039,88.2801785
WEST BENGAL,Rural,Murshidabad,Bus,36785,33553,3232,0,0,0,723,593,130,3263,2589,674,6969,6114,855,8432,7719,713,4115,3827,288,5020,4762,258,7413,7189,224,850,760,90,24.1759039,88.2801785
WEST BENGAL,Rural,Murshidabad,Train,57153,55628,1525,0,0,0,1124,1028,96,1045,952,93,1671,1552,119,2828,2675,153,2223,2124,99,4279,4099,180,41027,40351,676,2956,2847,109,24.1759039,88.2801785
WEST BENGAL,Rural,Murshidabad,Water transport,1041,1008,33,0,0,0,161,157,4,244,240,4,230,216,14,61,60,1,27,26,1,49,47,2,216,215,1,53,47,6,24.1759039,88.2801785
WEST BENGAL,Rural,Murshidabad,Any other,5283,4976,307,0,0,0,352,315,37,935,844,91,1053,1000,53,580,563,17,237,231,6,397,386,11,867,844,23,862,793,69,24.1759039,88.2801785
WEST BENGAL,Rural,Murshidabad,No travel,226496,142568,83928,226496,142568,83928,0,0,0,0,0,0,0,0,0,0,0,0,0,0,0,0,0,0,0,0,0,0,0,0,24.1759039,88.2801785
WEST BENGAL,Urban,Murshidabad,All Modes,325164,270453,54711,87228,59777,27451,64721,52677,12044,85204,77489,7715,37892,34234,3658,14967,13690,1277,10981,9999,982,5872,5194,678,16144,15416,728,2155,1977,178,24.1759039,88.2801785
WEST BENGAL,Urban,Murshidabad,On foot,69406,52568,16838,0,0,0,42081,31341,10740,18219,14176,4043,9106,7051,2055,0,0,0,0,0,0,0,0,0,0,0,0,0,0,0,24.1759039,88.2801785
WEST BENGAL,Urban,Murshidabad,Bicycle,100341,97375,2966,0,0,0,18310,17669,641,52645,50988,1657,18148,17752,396,5779,5691,88,5459,5275,184,0,0,0,0,0,0,0,0,0,24.1759039,88.2801785
WEST BENGAL,Urban,Murshidabad,Moped/Scooter/Motor Cycle,14845,13971,874,0,0,0,2121,1990,131,6909,6473,436,2794,2619,175,1412,1354,58,557,531,26,406,400,6,266,253,13,380,351,29,24.1759039,88.2801785
WEST BENGAL,Urban,Murshidabad,Car/Jeep/Van,4489,3960,529,0,0,0,509,418,91,1820,1546,274,940,869,71,460,420,40,186,175,11,185,168,17,235,218,17,154,146,8,24.1759039,88.2801785
WEST BENGAL,Urban,Murshidabad,Tempo/Autorickshaw/Taxi,2893,1980,913,0,0,0,244,125,119,1073,598,475,699,539,160,345,261,84,132,106,26,101,91,10,213,198,15,86,62,24,24.1759039,88.2801785
WEST BENGAL,Urban,Murshidabad,Bus,25148,21736,3412,0,0,0,364,280,84,2321,1952,369,4629,3956,673,5318,4464,854,3445,2836,609,3674,3185,489,5028,4746,282,369,317,52,24.1759039,88.2801785
WEST BENGAL,Urban,Murshidabad,Train,16057,15065,992,0,0,0,358,310,48,449,412,37,692,625,67,1306,1166,140,1086,964,122,1408,1259,149,10038,9656,382,720,673,47,24.1759039,88.2801785
WEST BENGAL,Urban,Murshidabad,Water transport,402,329,73,0,0,0,68,47,21,124,94,30,46,42,4,30,24,6,16,15,1,13,12,1,75,71,4,30,24,6,24.1759039,88.2801785
WEST BENGAL,Urban,Murshidabad,Any other,4355,3692,663,0,0,0,666,497,169,1644,1250,394,838,781,57,317,310,7,100,97,3,85,79,6,289,274,15,416,404,12,24.1759039,88.2801785
WEST BENGAL,Urban,Murshidabad,No travel,87228,59777,27451,87228,59777,27451,0,0,0,0,0,0,0,0,0,0,0,0,0,0,0,0,0,0,0,0,0,0,0,0,24.1759039,88.2801785
WEST BENGAL,Total,Kolkata,All Modes,1698875,1347738,351137,490508,341797,148711,329668,270045,59623,346984,293231,53753,309377,257008,52369,101661,84364,17297,37614,32815,4799,16532,13666,2866,10520,8951,1569,56011,45861,10150,22.572646,88.363895
WEST BENGAL,Total,Kolkata,On foot,465797,376430,89367,0,0,0,263629,213115,50514,90623,73202,17421,111545,90113,21432,0,0,0,0,0,0,0,0,0,0,0,0,0,0,0,22.572646,88.363895
WEST BENGAL,Total,Kolkata,Bicycle,118142,112462,5680,0,0,0,21596,20549,1047,61577,58821,2756,14063,13485,578,4379,4168,211,16527,15439,1088,0,0,0,0,0,0,0,0,0,22.572646,88.363895
WEST BENGAL,Total,Kolkata,Moped/Scooter/Motor Cycle,65152,59860,5292,0,0,0,8066,7280,786,23416,21707,1709,14781,13732,1049,7449,6931,518,1610,1504,106,1488,1365,123,599,546,53,7743,6795,948,22.572646,88.363895
WEST BENGAL,Total,Kolkata,Car/Jeep/Van,63824,51342,12482,0,0,0,4665,3655,1010,17114,13687,3427,19166,15590,3576,11811,9511,2300,2693,2159,534,1800,1480,320,902,764,138,5673,4496,1177,22.572646,88.363895
WEST BENGAL,Total,Kolkata,Tempo/Autorickshaw/Taxi,49929,38717,11212,0,0,0,5115,3810,1305,20571,15397,5174,10981,8862,2119,4769,3837,932,1184,1000,184,1399,1100,299,778,689,89,5132,4022,1110,22.572646,88.363895
WEST BENGAL,Total,Kolkata,Bus,375345,309225,66120,0,0,0,21564,17523,4041,124426,102766,21660,120840,100383,20457,57345,46892,10453,10579,8611,1968,8231,6778,1453,3481,2880,601,28879,23392,5487,22.572646,88.363895
WEST BENGAL,Total,Kolkata,Train,57314,47088,10226,0,0,0,3337,2699,638,6656,5441,1215,15361,12656,2705,14175,11610,2565,4555,3712,843,3270,2642,628,4201,3572,629,5759,4756,1003,22.572646,88.363895
WEST BENGAL,Total,Kolkata,Water transport,2561,2129,432,0,0,0,314,250,64,548,453,95,657,528,129,315,261,54,81,74,7,84,75,9,99,90,9,463,398,65,22.572646,88.363895
WEST BENGAL,Total,Kolkata,Any other,10303,8688,1615,0,0,0,1382,1164,218,2053,1757,296,1983,1659,324,1418,1154,264,385,316,69,260,226,34,460,410,50,2362,2002,360,22.572646,88.363895
WEST BENGAL,Total,Kolkata,No travel,490508,341797,148711,490508,341797,148711,0,0,0,0,0,0,0,0,0,0,0,0,0,0,0,0,0,0,0,0,0,0,0,0,22.572646,88.363895
WEST BENGAL,Rural,Kolkata,All Modes,0,0,0,0,0,0,0,0,0,0,0,0,0,0,0,0,0,0,0,0,0,0,0,0,0,0,0,0,0,0,22.572646,88.363895
WEST BENGAL,Rural,Kolkata,On foot,0,0,0,0,0,0,0,0,0,0,0,0,0,0,0,0,0,0,0,0,0,0,0,0,0,0,0,0,0,0,22.572646,88.363895
WEST BENGAL,Rural,Kolkata,Bicycle,0,0,0,0,0,0,0,0,0,0,0,0,0,0,0,0,0,0,0,0,0,0,0,0,0,0,0,0,0,0,22.572646,88.363895
WEST BENGAL,Rural,Kolkata,Moped/Scooter/Motor Cycle,0,0,0,0,0,0,0,0,0,0,0,0,0,0,0,0,0,0,0,0,0,0,0,0,0,0,0,0,0,0,22.572646,88.363895
WEST BENGAL,Rural,Kolkata,Car/Jeep/Van,0,0,0,0,0,0,0,0,0,0,0,0,0,0,0,0,0,0,0,0,0,0,0,0,0,0,0,0,0,0,22.572646,88.363895
WEST BENGAL,Rural,Kolkata,Tempo/Autorickshaw/Taxi,0,0,0,0,0,0,0,0,0,0,0,0,0,0,0,0,0,0,0,0,0,0,0,0,0,0,0,0,0,0,22.572646,88.363895
WEST BENGAL,Rural,Kolkata,Bus,0,0,0,0,0,0,0,0,0,0,0,0,0,0,0,0,0,0,0,0,0,0,0,0,0,0,0,0,0,0,22.572646,88.363895
WEST BENGAL,Rural,Kolkata,Train,0,0,0,0,0,0,0,0,0,0,0,0,0,0,0,0,0,0,0,0,0,0,0,0,0,0,0,0,0,0,22.572646,88.363895
WEST BENGAL,Rural,Kolkata,Water transport,0,0,0,0,0,0,0,0,0,0,0,0,0,0,0,0,0,0,0,0,0,0,0,0,0,0,0,0,0,0,22.572646,88.363895
WEST BENGAL,Rural,Kolkata,Any other,0,0,0,0,0,0,0,0,0,0,0,0,0,0,0,0,0,0,0,0,0,0,0,0,0,0,0,0,0,0,22.572646,88.363895
WEST BENGAL,Rural,Kolkata,No travel,0,0,0,0,0,0,0,0,0,0,0,0,0,0,0,0,0,0,0,0,0,0,0,0,0,0,0,0,0,0,22.572646,88.363895
WEST BENGAL,Urban,Kolkata,All Modes,1698875,1347738,351137,490508,341797,148711,329668,270045,59623,346984,293231,53753,309377,257008,52369,101661,84364,17297,37614,32815,4799,16532,13666,2866,10520,8951,1569,56011,45861,10150,22.572646,88.363895
WEST BENGAL,Urban,Kolkata,On foot,465797,376430,89367,0,0,0,263629,213115,50514,90623,73202,17421,111545,90113,21432,0,0,0,0,0,0,0,0,0,0,0,0,0,0,0,22.572646,88.363895
WEST BENGAL,Urban,Kolkata,Bicycle,118142,112462,5680,0,0,0,21596,20549,1047,61577,58821,2756,14063,13485,578,4379,4168,211,16527,15439,1088,0,0,0,0,0,0,0,0,0,22.572646,88.363895
WEST BENGAL,Urban,Kolkata,Moped/Scooter/Motor Cycle,65152,59860,5292,0,0,0,8066,7280,786,23416,21707,1709,14781,13732,1049,7449,6931,518,1610,1504,106,1488,1365,123,599,546,53,7743,6795,948,22.572646,88.363895
WEST BENGAL,Urban,Kolkata,Car/Jeep/Van,63824,51342,12482,0,0,0,4665,3655,1010,17114,13687,3427,19166,15590,3576,11811,9511,2300,2693,2159,534,1800,1480,320,902,764,138,5673,4496,1177,22.572646,88.363895
WEST BENGAL,Urban,Kolkata,Tempo/Autorickshaw/Taxi,49929,38717,11212,0,0,0,5115,3810,1305,20571,15397,5174,10981,8862,2119,4769,3837,932,1184,1000,184,1399,1100,299,778,689,89,5132,4022,1110,22.572646,88.363895
WEST BENGAL,Urban,Kolkata,Bus,375345,309225,66120,0,0,0,21564,17523,4041,124426,102766,21660,120840,100383,20457,57345,46892,10453,10579,8611,1968,8231,6778,1453,3481,2880,601,28879,23392,5487,22.572646,88.363895
WEST BENGAL,Urban,Kolkata,Train,57314,47088,10226,0,0,0,3337,2699,638,6656,5441,1215,15361,12656,2705,14175,11610,2565,4555,3712,843,3270,2642,628,4201,3572,629,5759,4756,1003,22.572646,88.363895
WEST BENGAL,Urban,Kolkata,Water transport,2561,2129,432,0,0,0,314,250,64,548,453,95,657,528,129,315,261,54,81,74,7,84,75,9,99,90,9,463,398,65,22.572646,88.363895
WEST BENGAL,Urban,Kolkata,Any other,10303,8688,1615,0,0,0,1382,1164,218,2053,1757,296,1983,1659,324,1418,1154,264,385,316,69,260,226,34,460,410,50,2362,2002,360,22.572646,88.363895
WEST BENGAL,Urban,Kolkata,No travel,490508,341797,148711,490508,341797,148711,0,0,0,0,0,0,0,0,0,0,0,0,0,0,0,0,0,0,0,0,0,0,0,0,22.572646,88.363895
SIKKIM,Total,South District,All Modes,31759,21813,9946,11071,7455,3616,10215,6846,3369,5081,3404,1677,2943,2147,796,1071,865,206,479,382,97,340,259,81,395,328,67,164,127,37,27.28584,88.3945669
SIKKIM,Total,South District,On foot,15260,10199,5061,0,0,0,9670,6433,3237,3783,2470,1313,1807,1296,511,0,0,0,0,0,0,0,0,0,0,0,0,0,0,0,27.28584,88.3945669
SIKKIM,Total,South District,Bicycle,118,101,17,0,0,0,24,19,5,37,31,6,17,14,3,11,11,0,29,26,3,0,0,0,0,0,0,0,0,0,27.28584,88.3945669
SIKKIM,Total,South District,Moped/Scooter/Motor Cycle,328,292,36,0,0,0,37,30,7,102,96,6,65,58,7,54,51,3,17,17,0,13,12,1,8,6,2,32,22,10,27.28584,88.3945669
SIKKIM,Total,South District,Car/Jeep/Van,3423,2605,818,0,0,0,355,273,82,780,538,242,689,503,186,733,597,136,287,228,59,229,182,47,266,219,47,84,65,19,27.28584,88.3945669
SIKKIM,Total,South District,Tempo/Autorickshaw/Taxi,1152,840,312,0,0,0,73,48,25,291,206,85,302,227,75,205,148,57,125,100,25,72,45,27,61,48,13,23,18,5,27.28584,88.3945669
SIKKIM,Total,South District,Bus,278,223,55,0,0,0,17,11,6,69,51,18,57,44,13,61,51,10,14,11,3,18,15,3,37,36,1,5,4,1,27.28584,88.3945669
SIKKIM,Total,South District,Train,78,60,18,0,0,0,25,20,5,13,7,6,2,1,1,3,3,0,0,0,0,1,1,0,19,15,4,15,13,2,27.28584,88.3945669
SIKKIM,Total,South District,Water transport,6,6,0,0,0,0,5,5,0,0,0,0,0,0,0,0,0,0,0,0,0,0,0,0,0,0,0,1,1,0,27.28584,88.3945669
SIKKIM,Total,South District,Any other,45,32,13,0,0,0,9,7,2,6,5,1,4,4,0,4,4,0,7,0,7,7,4,3,4,4,0,4,4,0,27.28584,88.3945669
SIKKIM,Total,South District,No travel,11071,7455,3616,11071,7455,3616,0,0,0,0,0,0,0,0,0,0,0,0,0,0,0,0,0,0,0,0,0,0,0,0,27.28584,88.3945669
SIKKIM,Rural,South District,All Modes,24248,16402,7846,9045,6021,3024,6936,4431,2505,4178,2783,1395,2237,1654,583,818,693,125,359,287,72,261,198,63,280,232,48,134,103,31,27.28584,88.3945669
SIKKIM,Rural,South District,On foot,11209,7223,3986,0,0,0,6561,4136,2425,3299,2127,1172,1349,960,389,0,0,0,0,0,0,0,0,0,0,0,0,0,0,0,27.28584,88.3945669
SIKKIM,Rural,South District,Bicycle,85,70,15,0,0,0,15,11,4,28,22,6,14,11,3,9,9,0,19,17,2,0,0,0,0,0,0,0,0,0,27.28584,88.3945669
SIKKIM,Rural,South District,Moped/Scooter/Motor Cycle,286,254,32,0,0,0,31,25,6,87,82,5,58,52,6,46,44,2,15,15,0,11,10,1,6,4,2,32,22,10,27.28584,88.3945669
SIKKIM,Rural,South District,Car/Jeep/Van,2534,1992,542,0,0,0,236,193,43,518,368,150,547,416,131,581,497,84,213,169,44,177,139,38,195,160,35,67,50,17,27.28584,88.3945669
SIKKIM,Rural,South District,Tempo/Autorickshaw/Taxi,771,591,180,0,0,0,52,36,16,181,138,43,214,171,43,127,95,32,95,78,17,53,34,19,36,29,7,13,10,3,27.28584,88.3945669
SIKKIM,Rural,South District,Bus,222,179,43,0,0,0,15,10,5,53,38,15,50,40,10,49,42,7,11,8,3,13,10,3,27,27,0,4,4,0,27.28584,88.3945669
SIKKIM,Rural,South District,Train,55,41,14,0,0,0,16,12,4,8,4,4,2,1,1,2,2,0,0,0,0,1,1,0,13,9,4,13,12,1,27.28584,88.3945669
SIKKIM,Rural,South District,Water transport,3,3,0,0,0,0,2,2,0,0,0,0,0,0,0,0,0,0,0,0,0,0,0,0,0,0,0,1,1,0,27.28584,88.3945669
SIKKIM,Rural,South District,Any other,38,28,10,0,0,0,8,6,2,4,4,0,3,3,0,4,4,0,6,0,6,6,4,2,3,3,0,4,4,0,27.28584,88.3945669
SIKKIM,Rural,South District,No travel,9045,6021,3024,9045,6021,3024,0,0,0,0,0,0,0,0,0,0,0,0,0,0,0,0,0,0,0,0,0,0,0,0,27.28584,88.3945669
SIKKIM,Urban,South District,All Modes,7511,5411,2100,2026,1434,592,3279,2415,864,903,621,282,706,493,213,253,172,81,120,95,25,79,61,18,115,96,19,30,24,6,27.28584,88.3945669
SIKKIM,Urban,South District,On foot,4051,2976,1075,0,0,0,3109,2297,812,484,343,141,458,336,122,0,0,0,0,0,0,0,0,0,0,0,0,0,0,0,27.28584,88.3945669
SIKKIM,Urban,South District,Bicycle,33,31,2,0,0,0,9,8,1,9,9,0,3,3,0,2,2,0,10,9,1,0,0,0,0,0,0,0,0,0,27.28584,88.3945669
SIKKIM,Urban,South District,Moped/Scooter/Motor Cycle,42,38,4,0,0,0,6,5,1,15,14,1,7,6,1,8,7,1,2,2,0,2,2,0,2,2,0,0,0,0,27.28584,88.3945669
SIKKIM,Urban,South District,Car/Jeep/Van,889,613,276,0,0,0,119,80,39,262,170,92,142,87,55,152,100,52,74,59,15,52,43,9,71,59,12,17,15,2,27.28584,88.3945669
SIKKIM,Urban,South District,Tempo/Autorickshaw/Taxi,381,249,132,0,0,0,21,12,9,110,68,42,88,56,32,78,53,25,30,22,8,19,11,8,25,19,6,10,8,2,27.28584,88.3945669
SIKKIM,Urban,South District,Bus,56,44,12,0,0,0,2,1,1,16,13,3,7,4,3,12,9,3,3,3,0,5,5,0,10,9,1,1,0,1,27.28584,88.3945669
SIKKIM,Urban,South District,Train,23,19,4,0,0,0,9,8,1,5,3,2,0,0,0,1,1,0,0,0,0,0,0,0,6,6,0,2,1,1,27.28584,88.3945669
SIKKIM,Urban,South District,Water transport,3,3,0,0,0,0,3,3,0,0,0,0,0,0,0,0,0,0,0,0,0,0,0,0,0,0,0,0,0,0,27.28584,88.3945669
SIKKIM,Urban,South District,Any other,7,4,3,0,0,0,1,1,0,2,1,1,1,1,0,0,0,0,1,0,1,1,0,1,1,1,0,0,0,0,27.28584,88.3945669
SIKKIM,Urban,South District,No travel,2026,1434,592,2026,1434,592,0,0,0,0,0,0,0,0,0,0,0,0,0,0,0,0,0,0,0,0,0,0,0,0,27.28584,88.3945669
WEST BENGAL,Total,South Twenty Four Parganas,All Modes,1561606,1265404,296202,503259,348462,154797,210729,171203,39526,250916,217742,33174,190373,163002,27371,114106,100578,13528,96131,87216,8915,94945,85336,9609,71403,66061,5342,29744,25804,3940,22.1352378,88.4016041
WEST BENGAL,Total,South Twenty Four Parganas,On foot,295011,227691,67320,0,0,0,151547,117128,34419,74161,55824,18337,69303,54739,14564,0,0,0,0,0,0,0,0,0,0,0,0,0,0,0,22.1352378,88.4016041
WEST BENGAL,Total,South Twenty Four Parganas,Bicycle,246897,237584,9313,0,0,0,37855,36333,1522,117264,112665,4599,47001,45504,1497,18538,17989,549,26239,25093,1146,0,0,0,0,0,0,0,0,0,22.1352378,88.4016041
WEST BENGAL,Total,South Twenty Four Parganas,Moped/Scooter/Motor Cycle,31550,29272,2278,0,0,0,4396,3874,522,9127,8629,498,6029,5726,303,4655,4428,227,1762,1676,86,1334,1261,73,930,896,34,3317,2782,535,22.1352378,88.4016041
WEST BENGAL,Total,South Twenty Four Parganas,Car/Jeep/Van,29722,26311,3411,0,0,0,2916,2561,355,10208,8810,1398,6706,5986,720,4521,4110,411,1731,1557,174,1161,1070,91,668,626,42,1811,1591,220,22.1352378,88.4016041
WEST BENGAL,Total,South Twenty Four Parganas,Tempo/Autorickshaw/Taxi,31510,24214,7296,0,0,0,2060,1425,635,9696,6491,3205,8386,6572,1814,5040,4214,826,2028,1822,206,1450,1270,180,875,810,65,1975,1610,365,22.1352378,88.4016041
WEST BENGAL,Total,South Twenty Four Parganas,Bus,138490,121108,17382,0,0,0,4102,3330,772,14865,11902,2963,27982,23305,4677,33276,28880,4396,19805,18083,1722,21876,20570,1306,10938,10277,661,5646,4761,885,22.1352378,88.4016041
WEST BENGAL,Total,South Twenty Four Parganas,Train,247516,215649,31867,0,0,0,5153,4169,984,9656,8010,1646,20388,17018,3370,44537,37712,6825,42608,37168,5440,66189,58401,7788,46202,42002,4200,12783,11169,1614,22.1352378,88.4016041
WEST BENGAL,Total,South Twenty Four Parganas,Water transport,23906,22577,1329,0,0,0,1249,1070,179,2518,2302,216,2097,1874,223,1948,1766,182,1206,1122,84,2023,1938,85,10487,10260,227,2378,2245,133,22.1352378,88.4016041
WEST BENGAL,Total,South Twenty Four Parganas,Any other,13745,12536,1209,0,0,0,1451,1313,138,3421,3109,312,2481,2278,203,1591,1479,112,752,695,57,912,826,86,1303,1190,113,1834,1646,188,22.1352378,88.4016041
WEST BENGAL,Total,South Twenty Four Parganas,No travel,503259,348462,154797,503259,348462,154797,0,0,0,0,0,0,0,0,0,0,0,0,0,0,0,0,0,0,0,0,0,0,0,0,22.1352378,88.4016041
WEST BENGAL,Rural,South Twenty Four Parganas,All Modes,919041,741277,177764,311184,211533,99651,111261,88691,22570,142619,123078,19541,108314,93079,15235,55227,50161,5066,51104,47122,3982,63142,57544,5598,59369,55191,4178,16821,14878,1943,22.1352378,88.4016041
WEST BENGAL,Rural,South Twenty Four Parganas,On foot,170811,129959,40852,0,0,0,81760,61974,19786,46222,34484,11738,42829,33501,9328,0,0,0,0,0,0,0,0,0,0,0,0,0,0,0,22.1352378,88.4016041
WEST BENGAL,Rural,South Twenty Four Parganas,Bicycle,142325,136521,5804,0,0,0,17527,16674,853,65008,62148,2860,30809,29755,1054,13409,13044,365,15572,14900,672,0,0,0,0,0,0,0,0,0,22.1352378,88.4016041
WEST BENGAL,Rural,South Twenty Four Parganas,Moped/Scooter/Motor Cycle,15996,14695,1301,0,0,0,2226,1895,331,4321,4079,242,2852,2708,144,2191,2089,102,944,908,36,862,815,47,740,712,28,1860,1489,371,22.1352378,88.4016041
WEST BENGAL,Rural,South Twenty Four Parganas,Car/Jeep/Van,19972,17805,2167,0,0,0,1844,1627,217,7038,6051,987,4750,4259,491,2900,2699,201,1076,1010,66,761,716,45,472,452,20,1131,991,140,22.1352378,88.4016041
WEST BENGAL,Rural,South Twenty Four Parganas,Tempo/Autorickshaw/Taxi,16105,12803,3302,0,0,0,899,655,244,4257,2963,1294,4356,3443,913,2898,2466,432,1187,1084,103,907,798,109,603,563,40,998,831,167,22.1352378,88.4016041
WEST BENGAL,Rural,South Twenty Four Parganas,Bus,84326,75451,8875,0,0,0,2417,1983,434,7329,5907,1422,13204,11019,2185,17940,15849,2091,13352,12409,943,17638,16729,909,9416,8894,522,3030,2661,369,22.1352378,88.4016041
WEST BENGAL,Rural,South Twenty Four Parganas,Train,126696,112810,13886,0,0,0,2579,2104,475,4069,3473,596,6046,5237,809,13133,11477,1656,17329,15270,2059,40354,36008,4346,36707,33438,3269,6479,5803,676,22.1352378,88.4016041
WEST BENGAL,Rural,South Twenty Four Parganas,Water transport,22735,21524,1211,0,0,0,1136,977,159,2172,1977,195,1857,1660,197,1813,1647,166,1149,1070,79,1953,1871,82,10409,10189,220,2246,2133,113,22.1352378,88.4016041
WEST BENGAL,Rural,South Twenty Four Parganas,Any other,8891,8176,715,0,0,0,873,802,71,2203,1996,207,1611,1497,114,943,890,53,495,471,24,667,607,60,1022,943,79,1077,970,107,22.1352378,88.4016041
WEST BENGAL,Rural,South Twenty Four Parganas,No travel,311184,211533,99651,311184,211533,99651,0,0,0,0,0,0,0,0,0,0,0,0,0,0,0,0,0,0,0,0,0,0,0,0,22.1352378,88.4016041
WEST BENGAL,Urban,South Twenty Four Parganas,All Modes,642565,524127,118438,192075,136929,55146,99468,82512,16956,108297,94664,13633,82059,69923,12136,58879,50417,8462,45027,40094,4933,31803,27792,4011,12034,10870,1164,12923,10926,1997,22.1352378,88.4016041
WEST BENGAL,Urban,South Twenty Four Parganas,On foot,124200,97732,26468,0,0,0,69787,55154,14633,27939,21340,6599,26474,21238,5236,0,0,0,0,0,0,0,0,0,0,0,0,0,0,0,22.1352378,88.4016041
WEST BENGAL,Urban,South Twenty Four Parganas,Bicycle,104572,101063,3509,0,0,0,20328,19659,669,52256,50517,1739,16192,15749,443,5129,4945,184,10667,10193,474,0,0,0,0,0,0,0,0,0,22.1352378,88.4016041
WEST BENGAL,Urban,South Twenty Four Parganas,Moped/Scooter/Motor Cycle,15554,14577,977,0,0,0,2170,1979,191,4806,4550,256,3177,3018,159,2464,2339,125,818,768,50,472,446,26,190,184,6,1457,1293,164,22.1352378,88.4016041
WEST BENGAL,Urban,South Twenty Four Parganas,Car/Jeep/Van,9750,8506,1244,0,0,0,1072,934,138,3170,2759,411,1956,1727,229,1621,1411,210,655,547,108,400,354,46,196,174,22,680,600,80,22.1352378,88.4016041
WEST BENGAL,Urban,South Twenty Four Parganas,Tempo/Autorickshaw/Taxi,15405,11411,3994,0,0,0,1161,770,391,5439,3528,1911,4030,3129,901,2142,1748,394,841,738,103,543,472,71,272,247,25,977,779,198,22.1352378,88.4016041
WEST BENGAL,Urban,South Twenty Four Parganas,Bus,54164,45657,8507,0,0,0,1685,1347,338,7536,5995,1541,14778,12286,2492,15336,13031,2305,6453,5674,779,4238,3841,397,1522,1383,139,2616,2100,516,22.1352378,88.4016041
WEST BENGAL,Urban,South Twenty Four Parganas,Train,120820,102839,17981,0,0,0,2574,2065,509,5587,4537,1050,14342,11781,2561,31404,26235,5169,25279,21898,3381,25835,22393,3442,9495,8564,931,6304,5366,938,22.1352378,88.4016041
WEST BENGAL,Urban,South Twenty Four Parganas,Water transport,1171,1053,118,0,0,0,113,93,20,346,325,21,240,214,26,135,119,16,57,52,5,70,67,3,78,71,7,132,112,20,22.1352378,88.4016041
WEST BENGAL,Urban,South Twenty Four Parganas,Any other,4854,4360,494,0,0,0,578,511,67,1218,1113,105,870,781,89,648,589,59,257,224,33,245,219,26,281,247,34,757,676,81,22.1352378,88.4016041
WEST BENGAL,Urban,South Twenty Four Parganas,No travel,192075,136929,55146,192075,136929,55146,0,0,0,0,0,0,0,0,0,0,0,0,0,0,0,0,0,0,0,0,0,0,0,0,22.1352378,88.4016041
WEST BENGAL,Total,North Twenty Four Parganas,All Modes,2528765,2087847,440918,606112,435123,170989,476585,387379,89206,509077,444647,64430,352161,301597,50564,216815,190303,26512,151748,137036,14712,96193,85761,10432,70150,63286,6864,49924,42715,7209,22.6168099,88.402895
WEST BENGAL,Total,North Twenty Four Parganas,On foot,540546,406609,133937,0,0,0,323428,244373,79055,110984,80060,30924,106134,82176,23958,0,0,0,0,0,0,0,0,0,0,0,0,0,0,0,22.6168099,88.402895
WEST BENGAL,Total,North Twenty Four Parganas,Bicycle,541499,523160,18339,0,0,0,113043,109274,3769,266719,257296,9423,84011,81634,2377,27619,26907,712,50107,48049,2058,0,0,0,0,0,0,0,0,0,22.6168099,88.402895
WEST BENGAL,Total,North Twenty Four Parganas,Moped/Scooter/Motor Cycle,68771,65148,3623,0,0,0,9390,8885,505,23473,22213,1260,14651,13952,699,10006,9600,406,3053,2933,120,2057,1957,100,991,946,45,5150,4662,488,22.6168099,88.402895
WEST BENGAL,Total,North Twenty Four Parganas,Car/Jeep/Van,69635,60340,9295,0,0,0,6905,5831,1074,20873,17692,3181,16638,14695,1943,13220,11483,1737,3637,3209,428,2335,2125,210,1614,1515,99,4413,3790,623,22.6168099,88.402895
WEST BENGAL,Total,North Twenty Four Parganas,Tempo/Autorickshaw/Taxi,41727,31852,9875,0,0,0,3873,2689,1184,15190,10079,5111,8962,7089,1873,5416,4676,740,2081,1884,197,1977,1811,166,1621,1548,73,2607,2076,531,22.6168099,88.402895
WEST BENGAL,Total,North Twenty Four Parganas,Bus,252519,209033,43486,0,0,0,8050,6208,1842,44765,34417,10348,74520,61673,12847,70544,59684,10860,21265,18340,2925,12594,11141,1453,8001,7216,785,12780,10354,2426,22.6168099,88.402895
WEST BENGAL,Total,North Twenty Four Parganas,Train,376659,328128,48531,0,0,0,8002,6708,1294,18740,15427,3313,41687,35221,6466,86580,74800,11780,70282,61389,8893,75659,67271,8388,55348,49636,5712,20361,17676,2685,22.6168099,88.402895
WEST BENGAL,Total,North Twenty Four Parganas,Water transport,5896,5309,587,0,0,0,751,665,86,1655,1498,157,951,836,115,723,647,76,286,261,25,354,326,28,493,468,25,683,608,75,22.6168099,88.402895
WEST BENGAL,Total,North Twenty Four Parganas,Any other,25401,23145,2256,0,0,0,3143,2746,397,6678,5965,713,4607,4321,286,2707,2506,201,1037,971,66,1217,1130,87,2082,1957,125,3930,3549,381,22.6168099,88.402895
WEST BENGAL,Total,North Twenty Four Parganas,No travel,606112,435123,170989,606112,435123,170989,0,0,0,0,0,0,0,0,0,0,0,0,0,0,0,0,0,0,0,0,0,0,0,0,22.6168099,88.402895
WEST BENGAL,Rural,North Twenty Four Parganas,All Modes,634345,517600,116745,205683,141624,64059,105607,83749,21858,128873,114512,14361,78322,70402,7920,35542,33050,2492,25607,23844,1763,21355,19694,1661,27198,25183,2015,6158,5542,616,22.6168099,88.402895
WEST BENGAL,Rural,North Twenty Four Parganas,On foot,126427,93389,33038,0,0,0,75343,55122,20221,31394,22963,8431,19690,15304,4386,0,0,0,0,0,0,0,0,0,0,0,0,0,0,0,22.6168099,88.402895
WEST BENGAL,Rural,North Twenty Four Parganas,Bicycle,162416,157002,5414,0,0,0,23761,22944,817,77010,74036,2974,36222,35268,954,13670,13420,250,11753,11334,419,0,0,0,0,0,0,0,0,0,22.6168099,88.402895
WEST BENGAL,Rural,North Twenty Four Parganas,Moped/Scooter/Motor Cycle,14672,14030,642,0,0,0,1771,1664,107,4903,4704,199,3218,3103,115,2307,2240,67,830,802,28,591,568,23,343,331,12,709,618,91,22.6168099,88.402895
WEST BENGAL,Rural,North Twenty Four Parganas,Car/Jeep/Van,17467,16088,1379,0,0,0,1635,1461,174,6012,5307,705,4572,4303,269,2499,2404,95,779,747,32,623,603,20,576,558,18,771,705,66,22.6168099,88.402895
WEST BENGAL,Rural,North Twenty Four Parganas,Tempo/Autorickshaw/Taxi,7761,6418,1343,0,0,0,371,268,103,1884,1281,603,1836,1488,348,1371,1218,153,575,537,38,714,684,30,688,663,25,322,279,43,22.6168099,88.402895
WEST BENGAL,Rural,North Twenty Four Parganas,Bus,37258,32120,5138,0,0,0,854,647,207,3646,2665,981,7862,6500,1362,8894,7788,1106,4795,4293,502,5592,5127,465,4656,4290,366,959,810,149,22.6168099,88.402895
WEST BENGAL,Rural,North Twenty Four Parganas,Train,52922,47867,5055,0,0,0,978,839,139,1603,1379,224,3008,2637,371,5615,4852,763,6442,5717,725,13144,12061,1083,19694,18150,1544,2438,2232,206,22.6168099,88.402895
WEST BENGAL,Rural,North Twenty Four Parganas,Water transport,2382,2189,193,0,0,0,280,244,36,751,689,62,386,351,35,219,202,17,83,79,4,191,181,10,307,296,11,165,147,18,22.6168099,88.402895
WEST BENGAL,Rural,North Twenty Four Parganas,Any other,7357,6873,484,0,0,0,614,560,54,1670,1488,182,1528,1448,80,967,926,41,350,335,15,500,470,30,934,895,39,794,751,43,22.6168099,88.402895
WEST BENGAL,Rural,North Twenty Four Parganas,No travel,205683,141624,64059,205683,141624,64059,0,0,0,0,0,0,0,0,0,0,0,0,0,0,0,0,0,0,0,0,0,0,0,0,22.6168099,88.402895
WEST BENGAL,Urban,North Twenty Four Parganas,All Modes,1894420,1570247,324173,400429,293499,106930,370978,303630,67348,380204,330135,50069,273839,231195,42644,181273,157253,24020,126141,113192,12949,74838,66067,8771,42952,38103,4849,43766,37173,6593,22.6168099,88.402895
WEST BENGAL,Urban,North Twenty Four Parganas,On foot,414119,313220,100899,0,0,0,248085,189251,58834,79590,57097,22493,86444,66872,19572,0,0,0,0,0,0,0,0,0,0,0,0,0,0,0,22.6168099,88.402895
WEST BENGAL,Urban,North Twenty Four Parganas,Bicycle,379083,366158,12925,0,0,0,89282,86330,2952,189709,183260,6449,47789,46366,1423,13949,13487,462,38354,36715,1639,0,0,0,0,0,0,0,0,0,22.6168099,88.402895
WEST BENGAL,Urban,North Twenty Four Parganas,Moped/Scooter/Motor Cycle,54099,51118,2981,0,0,0,7619,7221,398,18570,17509,1061,11433,10849,584,7699,7360,339,2223,2131,92,1466,1389,77,648,615,33,4441,4044,397,22.6168099,88.402895
WEST BENGAL,Urban,North Twenty Four Parganas,Car/Jeep/Van,52168,44252,7916,0,0,0,5270,4370,900,14861,12385,2476,12066,10392,1674,10721,9079,1642,2858,2462,396,1712,1522,190,1038,957,81,3642,3085,557,22.6168099,88.402895
WEST BENGAL,Urban,North Twenty Four Parganas,Tempo/Autorickshaw/Taxi,33966,25434,8532,0,0,0,3502,2421,1081,13306,8798,4508,7126,5601,1525,4045,3458,587,1506,1347,159,1263,1127,136,933,885,48,2285,1797,488,22.6168099,88.402895
WEST BENGAL,Urban,North Twenty Four Parganas,Bus,215261,176913,38348,0,0,0,7196,5561,1635,41119,31752,9367,66658,55173,11485,61650,51896,9754,16470,14047,2423,7002,6014,988,3345,2926,419,11821,9544,2277,22.6168099,88.402895
WEST BENGAL,Urban,North Twenty Four Parganas,Train,323737,280261,43476,0,0,0,7024,5869,1155,17137,14048,3089,38679,32584,6095,80965,69948,11017,63840,55672,8168,62515,55210,7305,35654,31486,4168,17923,15444,2479,22.6168099,88.402895
WEST BENGAL,Urban,North Twenty Four Parganas,Water transport,3514,3120,394,0,0,0,471,421,50,904,809,95,565,485,80,504,445,59,203,182,21,163,145,18,186,172,14,518,461,57,22.6168099,88.402895
WEST BENGAL,Urban,North Twenty Four Parganas,Any other,18044,16272,1772,0,0,0,2529,2186,343,5008,4477,531,3079,2873,206,1740,1580,160,687,636,51,717,660,57,1148,1062,86,3136,2798,338,22.6168099,88.402895
WEST BENGAL,Urban,North Twenty Four Parganas,No travel,400429,293499,106930,400429,293499,106930,0,0,0,0,0,0,0,0,0,0,0,0,0,0,0,0,0,0,0,0,0,0,0,0,22.6168099,88.402895
WEST BENGAL,Total,Nadia,All Modes,808593,657085,151508,232577,158323,74254,156985,123688,33297,164371,143809,20562,87116,77856,9260,41917,38089,3828,26887,24602,2285,24141,21384,2757,68479,63762,4717,6120,5572,548,23.4709656,88.556531
WEST BENGAL,Total,Nadia,On foot,140513,95982,44531,0,0,0,94845,65077,29768,29798,18985,10813,15870,11920,3950,0,0,0,0,0,0,0,0,0,0,0,0,0,0,0,23.4709656,88.556531
WEST BENGAL,Total,Nadia,Bicycle,229548,219385,10163,0,0,0,52513,50187,2326,109058,103359,5699,42176,40786,1390,14046,13747,299,11755,11306,449,0,0,0,0,0,0,0,0,0,23.4709656,88.556531
WEST BENGAL,Total,Nadia,Moped/Scooter/Motor Cycle,20020,19011,1009,0,0,0,3242,3063,179,7221,6751,470,4112,3944,168,2577,2482,95,958,927,31,831,811,20,521,508,13,558,525,33,23.4709656,88.556531
WEST BENGAL,Total,Nadia,Car/Jeep/Van,16201,14893,1308,0,0,0,1649,1454,195,5334,4679,655,4322,4057,265,2176,2079,97,606,586,20,586,563,23,967,944,23,561,531,30,23.4709656,88.556531
WEST BENGAL,Total,Nadia,Tempo/Autorickshaw/Taxi,4030,3295,735,0,0,0,320,217,103,981,635,346,715,572,143,585,527,58,239,222,17,337,328,9,674,657,17,179,137,42,23.4709656,88.556531
WEST BENGAL,Total,Nadia,Bus,37579,30224,7355,0,0,0,710,463,247,4220,2564,1656,8706,6656,2050,10207,8501,1706,4225,3592,633,4226,3747,479,4620,4183,437,665,518,147,23.4709656,88.556531
WEST BENGAL,Total,Nadia,Train,112302,101121,11181,0,0,0,1564,1349,215,3102,2578,524,7729,6537,1192,10632,9099,1533,8539,7420,1119,17585,15385,2200,59918,55754,4164,3233,2999,234,23.4709656,88.556531
WEST BENGAL,Total,Nadia,Water transport,1697,1570,127,0,0,0,351,315,36,428,392,36,308,290,18,152,146,6,55,49,6,64,63,1,261,249,12,78,66,12,23.4709656,88.556531
WEST BENGAL,Total,Nadia,Any other,14126,13281,845,0,0,0,1791,1563,228,4229,3866,363,3178,3094,84,1542,1508,34,510,500,10,512,487,25,1518,1467,51,846,796,50,23.4709656,88.556531
WEST BENGAL,Total,Nadia,No travel,232577,158323,74254,232577,158323,74254,0,0,0,0,0,0,0,0,0,0,0,0,0,0,0,0,0,0,0,0,0,0,0,0,23.4709656,88.556531
WEST BENGAL,Rural,Nadia,All Modes,379344,306720,72624,127233,86549,40684,60025,46015,14010,71084,61993,9091,47183,42912,4271,22582,21201,1381,11601,10897,704,9667,8818,849,27506,26017,1489,2463,2318,145,23.4709656,88.556531
WEST BENGAL,Rural,Nadia,On foot,58052,38846,19206,0,0,0,38759,26026,12733,12663,7812,4851,6630,5008,1622,0,0,0,0,0,0,0,0,0,0,0,0,0,0,0,23.4709656,88.556531
WEST BENGAL,Rural,Nadia,Bicycle,105991,101063,4928,0,0,0,17820,16856,964,48027,45216,2811,25977,25149,828,9086,8928,158,5081,4914,167,0,0,0,0,0,0,0,0,0,23.4709656,88.556531
WEST BENGAL,Rural,Nadia,Moped/Scooter/Motor Cycle,8804,8467,337,0,0,0,1008,972,36,2828,2694,134,2184,2099,85,1459,1416,43,516,501,15,420,407,13,238,233,5,151,145,6,23.4709656,88.556531
WEST BENGAL,Rural,Nadia,Car/Jeep/Van,8438,7878,560,0,0,0,722,676,46,2518,2239,279,2620,2453,167,1344,1305,39,339,334,5,265,259,6,412,406,6,218,206,12,23.4709656,88.556531
WEST BENGAL,Rural,Nadia,Tempo/Autorickshaw/Taxi,1647,1451,196,0,0,0,83,69,14,338,253,85,337,278,59,302,284,18,123,121,2,148,143,5,252,250,2,64,53,11,23.4709656,88.556531
WEST BENGAL,Rural,Nadia,Bus,20836,17626,3210,0,0,0,314,222,92,1949,1302,647,5109,4052,1057,5779,5077,702,2282,2046,236,2466,2242,224,2646,2440,206,291,245,46,23.4709656,88.556531
WEST BENGAL,Rural,Nadia,Train,41107,37908,3199,0,0,0,596,528,68,947,780,167,2607,2202,405,3660,3262,398,2928,2656,272,6040,5447,593,23016,21769,1247,1313,1264,49,23.4709656,88.556531
WEST BENGAL,Rural,Nadia,Water transport,1023,976,47,0,0,0,253,237,16,233,229,4,170,161,9,105,103,2,24,20,4,38,38,0,156,150,6,44,38,6,23.4709656,88.556531
WEST BENGAL,Rural,Nadia,Any other,6213,5956,257,0,0,0,470,429,41,1581,1468,113,1549,1510,39,847,826,21,308,305,3,290,282,8,786,769,17,382,367,15,23.4709656,88.556531
WEST BENGAL,Rural,Nadia,No travel,127233,86549,40684,127233,86549,40684,0,0,0,0,0,0,0,0,0,0,0,0,0,0,0,0,0,0,0,0,0,0,0,0,23.4709656,88.556531
WEST BENGAL,Urban,Nadia,All Modes,429249,350365,78884,105344,71774,33570,96960,77673,19287,93287,81816,11471,39933,34944,4989,19335,16888,2447,15286,13705,1581,14474,12566,1908,40973,37745,3228,3657,3254,403,23.4709656,88.556531
WEST BENGAL,Urban,Nadia,On foot,82461,57136,25325,0,0,0,56086,39051,17035,17135,11173,5962,9240,6912,2328,0,0,0,0,0,0,0,0,0,0,0,0,0,0,0,23.4709656,88.556531
WEST BENGAL,Urban,Nadia,Bicycle,123557,118322,5235,0,0,0,34693,33331,1362,61031,58143,2888,16199,15637,562,4960,4819,141,6674,6392,282,0,0,0,0,0,0,0,0,0,23.4709656,88.556531
WEST BENGAL,Urban,Nadia,Moped/Scooter/Motor Cycle,11216,10544,672,0,0,0,2234,2091,143,4393,4057,336,1928,1845,83,1118,1066,52,442,426,16,411,404,7,283,275,8,407,380,27,23.4709656,88.556531
WEST BENGAL,Urban,Nadia,Car/Jeep/Van,7763,7015,748,0,0,0,927,778,149,2816,2440,376,1702,1604,98,832,774,58,267,252,15,321,304,17,555,538,17,343,325,18,23.4709656,88.556531
WEST BENGAL,Urban,Nadia,Tempo/Autorickshaw/Taxi,2383,1844,539,0,0,0,237,148,89,643,382,261,378,294,84,283,243,40,116,101,15,189,185,4,422,407,15,115,84,31,23.4709656,88.556531
WEST BENGAL,Urban,Nadia,Bus,16743,12598,4145,0,0,0,396,241,155,2271,1262,1009,3597,2604,993,4428,3424,1004,1943,1546,397,1760,1505,255,1974,1743,231,374,273,101,23.4709656,88.556531
WEST BENGAL,Urban,Nadia,Train,71195,63213,7982,0,0,0,968,821,147,2155,1798,357,5122,4335,787,6972,5837,1135,5611,4764,847,11545,9938,1607,36902,33985,2917,1920,1735,185,23.4709656,88.556531
WEST BENGAL,Urban,Nadia,Water transport,674,594,80,0,0,0,98,78,20,195,163,32,138,129,9,47,43,4,31,29,2,26,25,1,105,99,6,34,28,6,23.4709656,88.556531
WEST BENGAL,Urban,Nadia,Any other,7913,7325,588,0,0,0,1321,1134,187,2648,2398,250,1629,1584,45,695,682,13,202,195,7,222,205,17,732,698,34,464,429,35,23.4709656,88.556531
WEST BENGAL,Urban,Nadia,No travel,105344,71774,33570,105344,71774,33570,0,0,0,0,0,0,0,0,0,0,0,0,0,0,0,0,0,0,0,0,0,0,0,0,23.4709656,88.556531
WEST BENGAL,Total,Dakshin Dinajpur,All Modes,197489,147712,49777,67002,42274,24728,46365,34836,11529,41664,34749,6915,19314,15874,3440,8168,6966,1202,6652,5833,819,2837,2357,480,4012,3573,439,1475,1250,225,25.3715308,88.556531
WEST BENGAL,Total,Dakshin Dinajpur,On foot,46825,30780,16045,0,0,0,29719,19452,10267,10489,6793,3696,6617,4535,2082,0,0,0,0,0,0,0,0,0,0,0,0,0,0,0,25.3715308,88.556531
WEST BENGAL,Total,Dakshin Dinajpur,Bicycle,47650,45027,2623,0,0,0,12935,12393,542,23098,21618,1480,6533,6206,327,1924,1859,65,3160,2951,209,0,0,0,0,0,0,0,0,0,25.3715308,88.556531
WEST BENGAL,Total,Dakshin Dinajpur,Moped/Scooter/Motor Cycle,7862,7400,462,0,0,0,1765,1659,106,2882,2691,191,1262,1178,84,927,892,35,337,324,13,252,248,4,106,104,2,331,304,27,25.3715308,88.556531
WEST BENGAL,Total,Dakshin Dinajpur,Car/Jeep/Van,3246,2887,359,0,0,0,477,404,73,1228,1061,167,728,669,59,368,341,27,131,120,11,87,82,5,116,112,4,111,98,13,25.3715308,88.556531
WEST BENGAL,Total,Dakshin Dinajpur,Tempo/Autorickshaw/Taxi,3037,1960,1077,0,0,0,371,186,185,1096,543,553,684,507,177,435,358,77,134,119,15,67,56,11,94,84,10,156,107,49,25.3715308,88.556531
WEST BENGAL,Total,Dakshin Dinajpur,Bus,17164,13372,3792,0,0,0,452,307,145,1631,1051,580,2833,2172,661,4153,3173,980,2785,2224,561,2301,1854,447,2569,2236,333,440,355,85,25.3715308,88.556531
WEST BENGAL,Total,Dakshin Dinajpur,Train,1821,1614,207,0,0,0,155,116,39,122,98,24,71,61,10,55,49,6,31,25,6,79,73,6,1009,927,82,299,265,34,25.3715308,88.556531
WEST BENGAL,Total,Dakshin Dinajpur,Water transport,140,107,33,0,0,0,28,14,14,22,19,3,31,25,6,15,11,4,10,8,2,5,3,2,16,15,1,13,12,1,25.3715308,88.556531
WEST BENGAL,Total,Dakshin Dinajpur,Any other,2742,2291,451,0,0,0,463,305,158,1096,875,221,555,521,34,291,283,8,64,62,2,46,41,5,102,95,7,125,109,16,25.3715308,88.556531
WEST BENGAL,Total,Dakshin Dinajpur,No travel,67002,42274,24728,67002,42274,24728,0,0,0,0,0,0,0,0,0,0,0,0,0,0,0,0,0,0,0,0,0,0,0,0,25.3715308,88.556531
WEST BENGAL,Rural,Dakshin Dinajpur,All Modes,117813,85498,32315,49851,30656,19195,20853,15124,5729,22089,18099,3990,12908,10695,2213,4624,4184,440,3246,2918,328,1230,1105,125,2092,1923,169,920,794,126,25.3715308,88.556531
WEST BENGAL,Rural,Dakshin Dinajpur,On foot,25627,16684,8943,0,0,0,15144,9911,5233,6210,3954,2256,4273,2819,1454,0,0,0,0,0,0,0,0,0,0,0,0,0,0,0,25.3715308,88.556531
WEST BENGAL,Rural,Dakshin Dinajpur,Bicycle,24709,22908,1801,0,0,0,4457,4146,311,12173,11127,1046,4961,4717,244,1413,1363,50,1705,1555,150,0,0,0,0,0,0,0,0,0,25.3715308,88.556531
WEST BENGAL,Rural,Dakshin Dinajpur,Moped/Scooter/Motor Cycle,3083,2924,159,0,0,0,372,347,25,991,933,58,674,636,38,517,501,16,182,173,9,127,127,0,38,38,0,182,169,13,25.3715308,88.556531
WEST BENGAL,Rural,Dakshin Dinajpur,Car/Jeep/Van,1974,1787,187,0,0,0,275,250,25,733,632,101,462,433,29,231,218,13,77,69,8,58,57,1,61,58,3,77,70,7,25.3715308,88.556531
WEST BENGAL,Rural,Dakshin Dinajpur,Tempo/Autorickshaw/Taxi,1613,1177,436,0,0,0,127,92,35,522,311,211,442,324,118,261,223,38,73,67,6,37,34,3,51,50,1,100,76,24,25.3715308,88.556531
WEST BENGAL,Rural,Dakshin Dinajpur,Bus,8183,6792,1391,0,0,0,219,154,65,902,623,279,1607,1303,304,2004,1689,315,1151,999,152,952,833,119,1101,991,110,247,200,47,25.3715308,88.556531
WEST BENGAL,Rural,Dakshin Dinajpur,Train,1312,1191,121,0,0,0,91,76,15,76,64,12,54,47,7,30,27,3,19,16,3,33,31,2,769,717,52,240,213,27,25.3715308,88.556531
WEST BENGAL,Rural,Dakshin Dinajpur,Water transport,82,61,21,0,0,0,15,5,10,18,16,2,25,20,5,6,4,2,4,4,0,0,0,0,5,4,1,9,8,1,25.3715308,88.556531
WEST BENGAL,Rural,Dakshin Dinajpur,Any other,1379,1318,61,0,0,0,153,143,10,464,439,25,410,396,14,162,159,3,35,35,0,23,23,0,67,65,2,65,58,7,25.3715308,88.556531
WEST BENGAL,Rural,Dakshin Dinajpur,No travel,49851,30656,19195,49851,30656,19195,0,0,0,0,0,0,0,0,0,0,0,0,0,0,0,0,0,0,0,0,0,0,0,0,25.3715308,88.556531
WEST BENGAL,Urban,Dakshin Dinajpur,All Modes,79676,62214,17462,17151,11618,5533,25512,19712,5800,19575,16650,2925,6406,5179,1227,3544,2782,762,3406,2915,491,1607,1252,355,1920,1650,270,555,456,99,25.3715308,88.556531
WEST BENGAL,Urban,Dakshin Dinajpur,On foot,21198,14096,7102,0,0,0,14575,9541,5034,4279,2839,1440,2344,1716,628,0,0,0,0,0,0,0,0,0,0,0,0,0,0,0,25.3715308,88.556531
WEST BENGAL,Urban,Dakshin Dinajpur,Bicycle,22941,22119,822,0,0,0,8478,8247,231,10925,10491,434,1572,1489,83,511,496,15,1455,1396,59,0,0,0,0,0,0,0,0,0,25.3715308,88.556531
WEST BENGAL,Urban,Dakshin Dinajpur,Moped/Scooter/Motor Cycle,4779,4476,303,0,0,0,1393,1312,81,1891,1758,133,588,542,46,410,391,19,155,151,4,125,121,4,68,66,2,149,135,14,25.3715308,88.556531
WEST BENGAL,Urban,Dakshin Dinajpur,Car/Jeep/Van,1272,1100,172,0,0,0,202,154,48,495,429,66,266,236,30,137,123,14,54,51,3,29,25,4,55,54,1,34,28,6,25.3715308,88.556531
WEST BENGAL,Urban,Dakshin Dinajpur,Tempo/Autorickshaw/Taxi,1424,783,641,0,0,0,244,94,150,574,232,342,242,183,59,174,135,39,61,52,9,30,22,8,43,34,9,56,31,25,25.3715308,88.556531
WEST BENGAL,Urban,Dakshin Dinajpur,Bus,8981,6580,2401,0,0,0,233,153,80,729,428,301,1226,869,357,2149,1484,665,1634,1225,409,1349,1021,328,1468,1245,223,193,155,38,25.3715308,88.556531
WEST BENGAL,Urban,Dakshin Dinajpur,Train,509,423,86,0,0,0,64,40,24,46,34,12,17,14,3,25,22,3,12,9,3,46,42,4,240,210,30,59,52,7,25.3715308,88.556531
WEST BENGAL,Urban,Dakshin Dinajpur,Water transport,58,46,12,0,0,0,13,9,4,4,3,1,6,5,1,9,7,2,6,4,2,5,3,2,11,11,0,4,4,0,25.3715308,88.556531
WEST BENGAL,Urban,Dakshin Dinajpur,Any other,1363,973,390,0,0,0,310,162,148,632,436,196,145,125,20,129,124,5,29,27,2,23,18,5,35,30,5,60,51,9,25.3715308,88.556531
WEST BENGAL,Urban,Dakshin Dinajpur,No travel,17151,11618,5533,17151,11618,5533,0,0,0,0,0,0,0,0,0,0,0,0,0,0,0,0,0,0,0,0,0,0,0,0,25.3715308,88.556531
SIKKIM,Total,North  District,All Modes,13452,10586,2866,6958,5615,1343,2795,2094,701,1986,1525,461,1017,793,224,301,242,59,138,99,39,100,84,16,94,78,16,63,56,7,27.8236356,88.556531
SIKKIM,Total,North  District,On foot,4596,3429,1167,0,0,0,2576,1905,671,1390,1020,370,630,504,126,0,0,0,0,0,0,0,0,0,0,0,0,0,0,0,27.8236356,88.556531
SIKKIM,Total,North  District,Bicycle,48,43,5,0,0,0,7,7,0,20,17,3,4,4,0,5,4,1,12,11,1,0,0,0,0,0,0,0,0,0,27.8236356,88.556531
SIKKIM,Total,North  District,Moped/Scooter/Motor Cycle,56,53,3,0,0,0,4,4,0,23,21,2,12,12,0,10,9,1,3,3,0,3,3,0,0,0,0,1,1,0,27.8236356,88.556531
SIKKIM,Total,North  District,Car/Jeep/Van,1008,839,169,0,0,0,152,126,26,316,264,52,156,126,30,152,127,25,54,43,11,70,57,13,59,49,10,49,47,2,27.8236356,88.556531
SIKKIM,Total,North  District,Tempo/Autorickshaw/Taxi,246,180,66,0,0,0,16,12,4,51,30,21,48,42,6,37,29,8,47,29,18,24,21,3,20,15,5,3,2,1,27.8236356,88.556531
SIKKIM,Total,North  District,Bus,285,270,15,0,0,0,31,31,0,164,159,5,54,45,9,25,25,0,5,4,1,3,3,0,2,2,0,1,1,0,27.8236356,88.556531
SIKKIM,Total,North  District,Train,23,19,4,0,0,0,4,4,0,3,2,1,0,0,0,0,0,0,0,0,0,0,0,0,9,8,1,7,5,2,27.8236356,88.556531
SIKKIM,Total,North  District,Water transport,1,0,1,0,0,0,0,0,0,0,0,0,1,0,1,0,0,0,0,0,0,0,0,0,0,0,0,0,0,0,27.8236356,88.556531
SIKKIM,Total,North  District,Any other,231,138,93,0,0,0,5,5,0,19,12,7,112,60,52,72,48,24,17,9,8,0,0,0,4,4,0,2,0,2,27.8236356,88.556531
SIKKIM,Total,North  District,No travel,6958,5615,1343,6958,5615,1343,0,0,0,0,0,0,0,0,0,0,0,0,0,0,0,0,0,0,0,0,0,0,0,0,27.8236356,88.556531
SIKKIM,Rural,North  District,All Modes,11818,9389,2429,6304,5150,1154,2229,1678,551,1737,1349,388,929,720,209,267,212,55,134,96,38,90,76,14,72,59,13,56,49,7,27.8236356,88.556531
SIKKIM,Rural,North  District,On foot,3889,2912,977,0,0,0,2084,1548,536,1220,898,322,585,466,119,0,0,0,0,0,0,0,0,0,0,0,0,0,0,0,27.8236356,88.556531
SIKKIM,Rural,North  District,Bicycle,44,40,4,0,0,0,6,6,0,17,15,2,4,4,0,5,4,1,12,11,1,0,0,0,0,0,0,0,0,0,27.8236356,88.556531
SIKKIM,Rural,North  District,Moped/Scooter/Motor Cycle,53,50,3,0,0,0,1,1,0,23,21,2,12,12,0,10,9,1,3,3,0,3,3,0,0,0,0,1,1,0,27.8236356,88.556531
SIKKIM,Rural,North  District,Car/Jeep/Van,788,665,123,0,0,0,92,79,13,259,224,35,121,98,23,123,102,21,50,40,10,60,49,11,41,33,8,42,40,2,27.8236356,88.556531
SIKKIM,Rural,North  District,Tempo/Autorickshaw/Taxi,212,156,56,0,0,0,7,5,2,37,23,14,44,38,6,34,26,8,47,29,18,24,21,3,16,12,4,3,2,1,27.8236356,88.556531
SIKKIM,Rural,North  District,Bus,280,265,15,0,0,0,31,31,0,161,156,5,52,43,9,25,25,0,5,4,1,3,3,0,2,2,0,1,1,0,27.8236356,88.556531
SIKKIM,Rural,North  District,Train,23,19,4,0,0,0,4,4,0,3,2,1,0,0,0,0,0,0,0,0,0,0,0,0,9,8,1,7,5,2,27.8236356,88.556531
SIKKIM,Rural,North  District,Water transport,0,0,0,0,0,0,0,0,0,0,0,0,0,0,0,0,0,0,0,0,0,0,0,0,0,0,0,0,0,0,27.8236356,88.556531
SIKKIM,Rural,North  District,Any other,225,132,93,0,0,0,4,4,0,17,10,7,111,59,52,70,46,24,17,9,8,0,0,0,4,4,0,2,0,2,27.8236356,88.556531
SIKKIM,Rural,North  District,No travel,6304,5150,1154,6304,5150,1154,0,0,0,0,0,0,0,0,0,0,0,0,0,0,0,0,0,0,0,0,0,0,0,0,27.8236356,88.556531
SIKKIM,Urban,North  District,All Modes,1634,1197,437,654,465,189,566,416,150,249,176,73,88,73,15,34,30,4,4,3,1,10,8,2,22,19,3,7,7,0,27.8236356,88.556531
SIKKIM,Urban,North  District,On foot,707,517,190,0,0,0,492,357,135,170,122,48,45,38,7,0,0,0,0,0,0,0,0,0,0,0,0,0,0,0,27.8236356,88.556531
SIKKIM,Urban,North  District,Bicycle,4,3,1,0,0,0,1,1,0,3,2,1,0,0,0,0,0,0,0,0,0,0,0,0,0,0,0,0,0,0,27.8236356,88.556531
SIKKIM,Urban,North  District,Moped/Scooter/Motor Cycle,3,3,0,0,0,0,3,3,0,0,0,0,0,0,0,0,0,0,0,0,0,0,0,0,0,0,0,0,0,0,27.8236356,88.556531
SIKKIM,Urban,North  District,Car/Jeep/Van,220,174,46,0,0,0,60,47,13,57,40,17,35,28,7,29,25,4,4,3,1,10,8,2,18,16,2,7,7,0,27.8236356,88.556531
SIKKIM,Urban,North  District,Tempo/Autorickshaw/Taxi,34,24,10,0,0,0,9,7,2,14,7,7,4,4,0,3,3,0,0,0,0,0,0,0,4,3,1,0,0,0,27.8236356,88.556531
SIKKIM,Urban,North  District,Bus,5,5,0,0,0,0,0,0,0,3,3,0,2,2,0,0,0,0,0,0,0,0,0,0,0,0,0,0,0,0,27.8236356,88.556531
SIKKIM,Urban,North  District,Train,0,0,0,0,0,0,0,0,0,0,0,0,0,0,0,0,0,0,0,0,0,0,0,0,0,0,0,0,0,0,27.8236356,88.556531
SIKKIM,Urban,North  District,Water transport,1,0,1,0,0,0,0,0,0,0,0,0,1,0,1,0,0,0,0,0,0,0,0,0,0,0,0,0,0,0,27.8236356,88.556531
SIKKIM,Urban,North  District,Any other,6,6,0,0,0,0,1,1,0,2,2,0,1,1,0,2,2,0,0,0,0,0,0,0,0,0,0,0,0,0,27.8236356,88.556531
SIKKIM,Urban,North  District,No travel,654,465,189,654,465,189,0,0,0,0,0,0,0,0,0,0,0,0,0,0,0,0,0,0,0,0,0,0,0,0,27.8236356,88.556531
SIKKIM,Total,East District,All Modes,94302,69021,25281,36337,27802,8535,21629,15196,6433,20096,13907,6189,9107,6771,2336,3032,2239,793,1443,1033,410,1267,941,326,957,799,158,434,333,101,27.3083637,88.6723578
SIKKIM,Total,East District,On foot,32275,23350,8925,0,0,0,19135,13601,5534,9150,6672,2478,3990,3077,913,0,0,0,0,0,0,0,0,0,0,0,0,0,0,0,27.3083637,88.6723578
SIKKIM,Total,East District,Bicycle,268,219,49,0,0,0,54,43,11,109,89,20,41,38,3,28,22,6,36,27,9,0,0,0,0,0,0,0,0,0,27.3083637,88.6723578
SIKKIM,Total,East District,Moped/Scooter/Motor Cycle,773,695,78,0,0,0,84,68,16,297,263,34,162,150,12,141,130,11,32,32,0,27,27,0,15,13,2,15,12,3,27.3083637,88.6723578
SIKKIM,Total,East District,Car/Jeep/Van,14046,9732,4314,0,0,0,1417,906,511,6174,4045,2129,2688,1926,762,1559,1132,427,718,533,185,713,555,158,560,468,92,217,167,50,27.3083637,88.6723578
SIKKIM,Total,East District,Tempo/Autorickshaw/Taxi,6994,4653,2341,0,0,0,782,473,309,3348,2126,1222,1370,966,404,657,490,167,317,214,103,246,174,72,191,155,36,83,55,28,27.3083637,88.6723578
SIKKIM,Total,East District,Bus,2721,1962,759,0,0,0,105,73,32,833,591,242,631,476,155,500,370,130,267,183,84,251,161,90,102,83,19,32,25,7,27.3083637,88.6723578
SIKKIM,Total,East District,Train,248,206,42,0,0,0,23,15,8,43,33,10,26,23,3,22,15,7,3,3,0,7,7,0,56,51,5,68,59,9,27.3083637,88.6723578
SIKKIM,Total,East District,Water transport,9,4,5,0,0,0,6,3,3,0,0,0,1,1,0,0,0,0,1,0,1,0,0,0,0,0,0,1,0,1,27.3083637,88.6723578
SIKKIM,Total,East District,Any other,631,398,233,0,0,0,23,14,9,142,88,54,198,114,84,125,80,45,69,41,28,23,17,6,33,29,4,18,15,3,27.3083637,88.6723578
SIKKIM,Total,East District,No travel,36337,27802,8535,36337,27802,8535,0,0,0,0,0,0,0,0,0,0,0,0,0,0,0,0,0,0,0,0,0,0,0,0,27.3083637,88.6723578
SIKKIM,Rural,East District,All Modes,43967,32649,11318,19753,15331,4422,8552,5802,2750,7460,5268,2192,3907,2947,960,1940,1473,467,960,711,249,818,629,189,449,380,69,128,108,20,27.3083637,88.6723578
SIKKIM,Rural,East District,On foot,15198,10589,4609,0,0,0,8029,5438,2591,5328,3778,1550,1841,1373,468,0,0,0,0,0,0,0,0,0,0,0,0,0,0,0,27.3083637,88.6723578
SIKKIM,Rural,East District,Bicycle,114,96,18,0,0,0,15,11,4,40,34,6,23,23,0,19,14,5,17,14,3,0,0,0,0,0,0,0,0,0,27.3083637,88.6723578
SIKKIM,Rural,East District,Moped/Scooter/Motor Cycle,436,391,45,0,0,0,35,25,10,129,112,17,109,100,9,99,91,8,25,25,0,25,25,0,8,8,0,6,5,1,27.3083637,88.6723578
SIKKIM,Rural,East District,Car/Jeep/Van,4611,3476,1135,0,0,0,306,222,84,1062,751,311,1032,786,246,1025,772,253,445,341,104,436,349,87,268,225,43,37,30,7,27.3083637,88.6723578
SIKKIM,Rural,East District,Tempo/Autorickshaw/Taxi,1974,1427,547,0,0,0,94,58,36,590,388,202,487,381,106,367,276,91,201,146,55,144,109,35,76,59,17,15,10,5,27.3083637,88.6723578
SIKKIM,Rural,East District,Bus,1201,882,319,0,0,0,47,33,14,178,122,56,222,170,52,297,233,64,206,144,62,191,128,63,44,38,6,16,14,2,27.3083637,88.6723578
SIKKIM,Rural,East District,Train,178,156,22,0,0,0,10,7,3,30,24,6,24,21,3,19,15,4,1,1,0,7,7,0,35,33,2,52,48,4,27.3083637,88.6723578
SIKKIM,Rural,East District,Water transport,5,3,2,0,0,0,4,2,2,0,0,0,1,1,0,0,0,0,0,0,0,0,0,0,0,0,0,0,0,0,27.3083637,88.6723578
SIKKIM,Rural,East District,Any other,497,298,199,0,0,0,12,6,6,103,59,44,168,92,76,114,72,42,65,40,25,15,11,4,18,17,1,2,1,1,27.3083637,88.6723578
SIKKIM,Rural,East District,No travel,19753,15331,4422,19753,15331,4422,0,0,0,0,0,0,0,0,0,0,0,0,0,0,0,0,0,0,0,0,0,0,0,0,27.3083637,88.6723578
SIKKIM,Urban,East District,All Modes,50335,36372,13963,16584,12471,4113,13077,9394,3683,12636,8639,3997,5200,3824,1376,1092,766,326,483,322,161,449,312,137,508,419,89,306,225,81,27.3083637,88.6723578
SIKKIM,Urban,East District,On foot,17077,12761,4316,0,0,0,11106,8163,2943,3822,2894,928,2149,1704,445,0,0,0,0,0,0,0,0,0,0,0,0,0,0,0,27.3083637,88.6723578
SIKKIM,Urban,East District,Bicycle,154,123,31,0,0,0,39,32,7,69,55,14,18,15,3,9,8,1,19,13,6,0,0,0,0,0,0,0,0,0,27.3083637,88.6723578
SIKKIM,Urban,East District,Moped/Scooter/Motor Cycle,337,304,33,0,0,0,49,43,6,168,151,17,53,50,3,42,39,3,7,7,0,2,2,0,7,5,2,9,7,2,27.3083637,88.6723578
SIKKIM,Urban,East District,Car/Jeep/Van,9435,6256,3179,0,0,0,1111,684,427,5112,3294,1818,1656,1140,516,534,360,174,273,192,81,277,206,71,292,243,49,180,137,43,27.3083637,88.6723578
SIKKIM,Urban,East District,Tempo/Autorickshaw/Taxi,5020,3226,1794,0,0,0,688,415,273,2758,1738,1020,883,585,298,290,214,76,116,68,48,102,65,37,115,96,19,68,45,23,27.3083637,88.6723578
SIKKIM,Urban,East District,Bus,1520,1080,440,0,0,0,58,40,18,655,469,186,409,306,103,203,137,66,61,39,22,60,33,27,58,45,13,16,11,5,27.3083637,88.6723578
SIKKIM,Urban,East District,Train,70,50,20,0,0,0,13,8,5,13,9,4,2,2,0,3,0,3,2,2,0,0,0,0,21,18,3,16,11,5,27.3083637,88.6723578
SIKKIM,Urban,East District,Water transport,4,1,3,0,0,0,2,1,1,0,0,0,0,0,0,0,0,0,1,0,1,0,0,0,0,0,0,1,0,1,27.3083637,88.6723578
SIKKIM,Urban,East District,Any other,134,100,34,0,0,0,11,8,3,39,29,10,30,22,8,11,8,3,4,1,3,8,6,2,15,12,3,16,14,2,27.3083637,88.6723578
SIKKIM,Urban,East District,No travel,16584,12471,4113,16584,12471,4113,0,0,0,0,0,0,0,0,0,0,0,0,0,0,0,0,0,0,0,0,0,0,0,0,27.3083637,88.6723578
WEST BENGAL,Total,Jalpaiguri,All Modes,918216,670526,247690,185919,131767,54152,251961,164357,87604,285290,206427,78863,106654,86985,19669,37265,34179,3086,22072,20403,1669,11226,10121,1105,13303,12267,1036,4526,4020,506,26.5214579,88.7195567
WEST BENGAL,Total,Jalpaiguri,On foot,369460,206483,162977,0,0,0,198023,114558,83465,133978,68767,65211,37459,23158,14301,0,0,0,0,0,0,0,0,0,0,0,0,0,0,0,26.5214579,88.7195567
WEST BENGAL,Total,Jalpaiguri,Bicycle,234465,221116,13349,0,0,0,42787,40235,2552,116709,108820,7889,45556,43648,1908,17168,16782,386,12245,11631,614,0,0,0,0,0,0,0,0,0,26.5214579,88.7195567
WEST BENGAL,Total,Jalpaiguri,Moped/Scooter/Motor Cycle,40565,38392,2173,0,0,0,6442,6051,391,17669,16627,1042,7625,7244,381,4205,4053,152,1450,1402,48,1175,1127,48,668,634,34,1331,1254,77,26.5214579,88.7195567
WEST BENGAL,Total,Jalpaiguri,Car/Jeep/Van,11805,10484,1321,0,0,0,1099,897,202,3659,3083,576,2714,2450,264,1681,1548,133,670,642,28,735,698,37,814,781,33,433,385,48,26.5214579,88.7195567
WEST BENGAL,Total,Jalpaiguri,Tempo/Autorickshaw/Taxi,14670,10691,3979,0,0,0,1083,710,373,6032,3931,2101,4056,3113,943,1660,1345,315,522,474,48,498,449,49,390,347,43,429,322,107,26.5214579,88.7195567
WEST BENGAL,Total,Jalpaiguri,Bus,42641,35083,7558,0,0,0,831,616,215,3502,2314,1188,6833,5138,1695,10778,8798,1980,6407,5519,888,7508,6639,869,5998,5416,582,784,643,141,26.5214579,88.7195567
WEST BENGAL,Total,Jalpaiguri,Train,9902,8942,960,0,0,0,611,463,148,712,536,176,500,451,49,620,545,75,484,449,35,970,887,83,4962,4644,318,1043,967,76,26.5214579,88.7195567
WEST BENGAL,Total,Jalpaiguri,Water transport,290,250,40,0,0,0,53,41,12,55,47,8,47,42,5,39,35,4,11,11,0,21,19,2,31,29,2,33,26,7,26.5214579,88.7195567
WEST BENGAL,Total,Jalpaiguri,Any other,8499,7318,1181,0,0,0,1032,786,246,2974,2302,672,1864,1741,123,1114,1073,41,283,275,8,319,302,17,440,416,24,473,423,50,26.5214579,88.7195567
WEST BENGAL,Total,Jalpaiguri,No travel,185919,131767,54152,185919,131767,54152,0,0,0,0,0,0,0,0,0,0,0,0,0,0,0,0,0,0,0,0,0,0,0,0,26.5214579,88.7195567
WEST BENGAL,Rural,Jalpaiguri,All Modes,563500,381762,181738,106967,73596,33371,171406,101566,69840,178477,116231,62246,60088,47208,12880,21588,20098,1490,11377,10525,852,4865,4482,383,6689,6242,447,2043,1814,229,26.5214579,88.7195567
WEST BENGAL,Rural,Jalpaiguri,On foot,274173,142240,131933,0,0,0,144536,77212,67324,105534,51159,54375,24103,13869,10234,0,0,0,0,0,0,0,0,0,0,0,0,0,0,0,26.5214579,88.7195567
WEST BENGAL,Rural,Jalpaiguri,Bicycle,126249,116453,9796,0,0,0,23098,21108,1990,61810,55836,5974,24731,23570,1161,10352,10118,234,6258,5821,437,0,0,0,0,0,0,0,0,0,26.5214579,88.7195567
WEST BENGAL,Rural,Jalpaiguri,Moped/Scooter/Motor Cycle,11835,11017,818,0,0,0,1763,1608,155,3841,3507,334,2564,2405,159,1884,1814,70,675,647,28,507,484,23,248,233,15,353,319,34,26.5214579,88.7195567
WEST BENGAL,Rural,Jalpaiguri,Car/Jeep/Van,5849,5283,566,0,0,0,464,395,69,1742,1506,236,1561,1425,136,1018,947,71,330,319,11,264,254,10,282,273,9,188,164,24,26.5214579,88.7195567
WEST BENGAL,Rural,Jalpaiguri,Tempo/Autorickshaw/Taxi,5207,4244,963,0,0,0,267,209,58,1869,1390,479,1681,1433,248,722,616,106,202,185,17,198,184,14,151,139,12,117,88,29,26.5214579,88.7195567
WEST BENGAL,Rural,Jalpaiguri,Bus,23126,19662,3464,0,0,0,452,343,109,1941,1302,639,4120,3261,859,6581,5642,939,3514,3173,341,3319,3025,294,2811,2597,214,388,319,69,26.5214579,88.7195567
WEST BENGAL,Rural,Jalpaiguri,Train,5794,5231,563,0,0,0,357,255,102,440,326,114,296,266,30,387,347,40,255,239,16,404,369,35,2966,2783,183,689,646,43,26.5214579,88.7195567
WEST BENGAL,Rural,Jalpaiguri,Water transport,146,126,20,0,0,0,33,25,8,15,15,0,32,29,3,23,22,1,6,6,0,5,3,2,12,11,1,20,15,5,26.5214579,88.7195567
WEST BENGAL,Rural,Jalpaiguri,Any other,4154,3910,244,0,0,0,436,411,25,1285,1190,95,1000,950,50,621,592,29,137,135,2,168,163,5,219,206,13,288,263,25,26.5214579,88.7195567
WEST BENGAL,Rural,Jalpaiguri,No travel,106967,73596,33371,106967,73596,33371,0,0,0,0,0,0,0,0,0,0,0,0,0,0,0,0,0,0,0,0,0,0,0,0,26.5214579,88.7195567
WEST BENGAL,Urban,Jalpaiguri,All Modes,354716,288764,65952,78952,58171,20781,80555,62791,17764,106813,90196,16617,46566,39777,6789,15677,14081,1596,10695,9878,817,6361,5639,722,6614,6025,589,2483,2206,277,26.5214579,88.7195567
WEST BENGAL,Urban,Jalpaiguri,On foot,95287,64243,31044,0,0,0,53487,37346,16141,28444,17608,10836,13356,9289,4067,0,0,0,0,0,0,0,0,0,0,0,0,0,0,0,26.5214579,88.7195567
WEST BENGAL,Urban,Jalpaiguri,Bicycle,108216,104663,3553,0,0,0,19689,19127,562,54899,52984,1915,20825,20078,747,6816,6664,152,5987,5810,177,0,0,0,0,0,0,0,0,0,26.5214579,88.7195567
WEST BENGAL,Urban,Jalpaiguri,Moped/Scooter/Motor Cycle,28730,27375,1355,0,0,0,4679,4443,236,13828,13120,708,5061,4839,222,2321,2239,82,775,755,20,668,643,25,420,401,19,978,935,43,26.5214579,88.7195567
WEST BENGAL,Urban,Jalpaiguri,Car/Jeep/Van,5956,5201,755,0,0,0,635,502,133,1917,1577,340,1153,1025,128,663,601,62,340,323,17,471,444,27,532,508,24,245,221,24,26.5214579,88.7195567
WEST BENGAL,Urban,Jalpaiguri,Tempo/Autorickshaw/Taxi,9463,6447,3016,0,0,0,816,501,315,4163,2541,1622,2375,1680,695,938,729,209,320,289,31,300,265,35,239,208,31,312,234,78,26.5214579,88.7195567
WEST BENGAL,Urban,Jalpaiguri,Bus,19515,15421,4094,0,0,0,379,273,106,1561,1012,549,2713,1877,836,4197,3156,1041,2893,2346,547,4189,3614,575,3187,2819,368,396,324,72,26.5214579,88.7195567
WEST BENGAL,Urban,Jalpaiguri,Train,4108,3711,397,0,0,0,254,208,46,272,210,62,204,185,19,233,198,35,229,210,19,566,518,48,1996,1861,135,354,321,33,26.5214579,88.7195567
WEST BENGAL,Urban,Jalpaiguri,Water transport,144,124,20,0,0,0,20,16,4,40,32,8,15,13,2,16,13,3,5,5,0,16,16,0,19,18,1,13,11,2,26.5214579,88.7195567
WEST BENGAL,Urban,Jalpaiguri,Any other,4345,3408,937,0,0,0,596,375,221,1689,1112,577,864,791,73,493,481,12,146,140,6,151,139,12,221,210,11,185,160,25,26.5214579,88.7195567
WEST BENGAL,Urban,Jalpaiguri,No travel,78952,58171,20781,78952,58171,20781,0,0,0,0,0,0,0,0,0,0,0,0,0,0,0,0,0,0,0,0,0,0,0,0,26.5214579,88.7195567
WEST BENGAL,Total,Koch Bihar,All Modes,330712,265869,64843,114869,80063,34806,57915,46115,11800,73254,63175,10079,38395,34186,4209,18220,16722,1498,12702,11635,1067,4063,3635,428,8431,7814,617,2863,2524,339,26.3452397,89.4482079
WEST BENGAL,Total,Koch Bihar,On foot,62061,43226,18835,0,0,0,35635,25146,10489,17238,11209,6029,9188,6871,2317,0,0,0,0,0,0,0,0,0,0,0,0,0,0,0,26.3452397,89.4482079
WEST BENGAL,Total,Koch Bihar,Bicycle,97058,93532,3526,0,0,0,17982,17393,589,44694,42685,2009,19599,19128,471,8093,7941,152,6690,6385,305,0,0,0,0,0,0,0,0,0,26.3452397,89.4482079
WEST BENGAL,Total,Koch Bihar,Moped/Scooter/Motor Cycle,14651,13869,782,0,0,0,2283,2123,160,5027,4726,301,2954,2811,143,2202,2121,81,924,893,31,530,510,20,268,256,12,463,429,34,26.3452397,89.4482079
WEST BENGAL,Total,Koch Bihar,Car/Jeep/Van,4396,3827,569,0,0,0,445,351,94,1430,1138,292,989,897,92,662,629,33,249,232,17,199,187,12,214,206,8,208,187,21,26.3452397,89.4482079
WEST BENGAL,Total,Koch Bihar,Tempo/Autorickshaw/Taxi,1692,1127,565,0,0,0,219,102,117,577,283,294,313,238,75,228,194,34,106,102,4,79,76,3,78,68,10,92,64,28,26.3452397,89.4482079
WEST BENGAL,Total,Koch Bihar,Bus,23763,19186,4577,0,0,0,474,326,148,2126,1338,788,4015,2983,1032,6113,4952,1161,4097,3429,668,2805,2437,368,3603,3279,324,530,442,88,26.3452397,89.4482079
WEST BENGAL,Total,Koch Bihar,Train,7124,6537,587,0,0,0,279,235,44,360,309,51,238,216,22,245,224,21,422,385,37,316,296,20,4019,3769,250,1245,1103,142,26.3452397,89.4482079
WEST BENGAL,Total,Koch Bihar,Water transport,155,137,18,0,0,0,22,14,8,29,27,2,41,39,2,17,15,2,8,7,1,4,4,0,20,19,1,14,12,2,26.3452397,89.4482079
WEST BENGAL,Total,Koch Bihar,Any other,4943,4365,578,0,0,0,576,425,151,1773,1460,313,1058,1003,55,660,646,14,206,202,4,130,125,5,229,217,12,311,287,24,26.3452397,89.4482079
WEST BENGAL,Total,Koch Bihar,No travel,114869,80063,34806,114869,80063,34806,0,0,0,0,0,0,0,0,0,0,0,0,0,0,0,0,0,0,0,0,0,0,0,0,26.3452397,89.4482079
WEST BENGAL,Rural,Koch Bihar,All Modes,237585,189913,47672,90850,62311,28539,33590,26138,7452,48677,41930,6747,30511,27601,2910,14119,13416,703,8501,8036,465,2613,2417,196,6424,6023,401,2300,2041,259,26.3452397,89.4482079
WEST BENGAL,Rural,Koch Bihar,On foot,41389,28552,12837,0,0,0,22108,15356,6752,12037,7710,4327,7244,5486,1758,0,0,0,0,0,0,0,0,0,0,0,0,0,0,0,26.3452397,89.4482079
WEST BENGAL,Rural,Koch Bihar,Bicycle,68844,66059,2785,0,0,0,9496,9074,422,30301,28704,1597,16644,16236,408,7304,7166,138,5099,4879,220,0,0,0,0,0,0,0,0,0,26.3452397,89.4482079
WEST BENGAL,Rural,Koch Bihar,Moped/Scooter/Motor Cycle,7712,7325,387,0,0,0,854,781,73,2416,2291,125,1794,1713,81,1289,1251,38,523,503,20,355,340,15,189,180,9,292,266,26,26.3452397,89.4482079
WEST BENGAL,Rural,Koch Bihar,Car/Jeep/Van,3189,2913,276,0,0,0,206,176,30,953,821,132,837,774,63,546,533,13,185,174,11,141,134,7,160,155,5,161,146,15,26.3452397,89.4482079
WEST BENGAL,Rural,Koch Bihar,Tempo/Autorickshaw/Taxi,933,765,168,0,0,0,56,34,22,224,155,69,228,191,37,171,154,17,77,74,3,59,58,1,58,53,5,60,46,14,26.3452397,89.4482079
WEST BENGAL,Rural,Koch Bihar,Bus,14942,12897,2045,0,0,0,312,220,92,1259,883,376,2610,2094,516,3991,3520,471,2132,1944,188,1723,1564,159,2529,2340,189,386,332,54,26.3452397,89.4482079
WEST BENGAL,Rural,Koch Bihar,Train,5803,5352,451,0,0,0,204,171,33,269,236,33,201,186,15,206,187,19,290,268,22,218,207,11,3287,3100,187,1128,997,131,26.3452397,89.4482079
WEST BENGAL,Rural,Koch Bihar,Water transport,117,106,11,0,0,0,15,8,7,20,20,0,36,35,1,14,13,1,3,3,0,3,3,0,15,14,1,11,10,1,26.3452397,89.4482079
WEST BENGAL,Rural,Koch Bihar,Any other,3806,3633,173,0,0,0,339,318,21,1198,1110,88,917,886,31,598,592,6,192,191,1,114,111,3,186,181,5,262,244,18,26.3452397,89.4482079
WEST BENGAL,Rural,Koch Bihar,No travel,90850,62311,28539,90850,62311,28539,0,0,0,0,0,0,0,0,0,0,0,0,0,0,0,0,0,0,0,0,0,0,0,0,26.3452397,89.4482079
WEST BENGAL,Urban,Koch Bihar,All Modes,93127,75956,17171,24019,17752,6267,24325,19977,4348,24577,21245,3332,7884,6585,1299,4101,3306,795,4201,3599,602,1450,1218,232,2007,1791,216,563,483,80,26.3452397,89.4482079
WEST BENGAL,Urban,Koch Bihar,On foot,20672,14674,5998,0,0,0,13527,9790,3737,5201,3499,1702,1944,1385,559,0,0,0,0,0,0,0,0,0,0,0,0,0,0,0,26.3452397,89.4482079
WEST BENGAL,Urban,Koch Bihar,Bicycle,28214,27473,741,0,0,0,8486,8319,167,14393,13981,412,2955,2892,63,789,775,14,1591,1506,85,0,0,0,0,0,0,0,0,0,26.3452397,89.4482079
WEST BENGAL,Urban,Koch Bihar,Moped/Scooter/Motor Cycle,6939,6544,395,0,0,0,1429,1342,87,2611,2435,176,1160,1098,62,913,870,43,401,390,11,175,170,5,79,76,3,171,163,8,26.3452397,89.4482079
WEST BENGAL,Urban,Koch Bihar,Car/Jeep/Van,1207,914,293,0,0,0,239,175,64,477,317,160,152,123,29,116,96,20,64,58,6,58,53,5,54,51,3,47,41,6,26.3452397,89.4482079
WEST BENGAL,Urban,Koch Bihar,Tempo/Autorickshaw/Taxi,759,362,397,0,0,0,163,68,95,353,128,225,85,47,38,57,40,17,29,28,1,20,18,2,20,15,5,32,18,14,26.3452397,89.4482079
WEST BENGAL,Urban,Koch Bihar,Bus,8821,6289,2532,0,0,0,162,106,56,867,455,412,1405,889,516,2122,1432,690,1965,1485,480,1082,873,209,1074,939,135,144,110,34,26.3452397,89.4482079
WEST BENGAL,Urban,Koch Bihar,Train,1321,1185,136,0,0,0,75,64,11,91,73,18,37,30,7,39,37,2,132,117,15,98,89,9,732,669,63,117,106,11,26.3452397,89.4482079
WEST BENGAL,Urban,Koch Bihar,Water transport,38,31,7,0,0,0,7,6,1,9,7,2,5,4,1,3,2,1,5,4,1,1,1,0,5,5,0,3,2,1,26.3452397,89.4482079
WEST BENGAL,Urban,Koch Bihar,Any other,1137,732,405,0,0,0,237,107,130,575,350,225,141,117,24,62,54,8,14,11,3,16,14,2,43,36,7,49,43,6,26.3452397,89.4482079
WEST BENGAL,Urban,Koch Bihar,No travel,24019,17752,6267,24019,17752,6267,0,0,0,0,0,0,0,0,0,0,0,0,0,0,0,0,0,0,0,0,0,0,0,0,26.3452397,89.4482079
ASSAM,Total,Dhubri,All Modes,265576,203902,61674,87506,50977,36529,58591,44953,13638,56005,49151,6854,26470,23790,2680,9814,9147,667,5506,5217,289,4485,4278,207,15622,14936,686,1577,1453,124,26.0206982,89.9743463
ASSAM,Total,Dhubri,On foot,76897,57555,19342,0,0,0,46048,33290,12758,23003,18019,4984,7846,6246,1600,0,0,0,0,0,0,0,0,0,0,0,0,0,0,0,26.0206982,89.9743463
ASSAM,Total,Dhubri,Bicycle,45563,44568,995,0,0,0,8735,8484,251,22642,22119,523,9357,9208,149,2927,2900,27,1902,1857,45,0,0,0,0,0,0,0,0,0,26.0206982,89.9743463
ASSAM,Total,Dhubri,Moped/Scooter/Motor Cycle,7570,7293,277,0,0,0,1382,1324,58,2960,2845,115,1440,1388,52,836,806,30,383,378,5,253,249,4,173,168,5,143,135,8,26.0206982,89.9743463
ASSAM,Total,Dhubri,Car/Jeep/Van,1614,1414,200,0,0,0,204,157,47,370,310,60,253,220,33,220,196,24,126,119,7,154,148,6,240,228,12,47,36,11,26.0206982,89.9743463
ASSAM,Total,Dhubri,Tempo/Autorickshaw/Taxi,6942,5687,1255,0,0,0,502,341,161,2464,1792,672,2043,1769,274,1089,989,100,431,413,18,181,175,6,131,125,6,101,83,18,26.0206982,89.9743463
ASSAM,Total,Dhubri,Bus,30373,28077,2296,0,0,0,729,615,114,2184,1895,289,4200,3689,511,3912,3478,434,2383,2181,202,3627,3451,176,12572,12049,523,766,719,47,26.0206982,89.9743463
ASSAM,Total,Dhubri,Train,3340,3097,243,0,0,0,225,176,49,226,202,24,98,95,3,56,54,2,37,36,1,124,114,10,2251,2117,134,323,303,20,26.0206982,89.9743463
ASSAM,Total,Dhubri,Water transport,3712,3496,216,0,0,0,242,222,20,1556,1462,94,904,865,39,562,520,42,187,177,10,93,89,4,94,92,2,74,69,5,26.0206982,89.9743463
ASSAM,Total,Dhubri,Any other,2059,1738,321,0,0,0,524,344,180,600,507,93,329,310,19,212,204,8,57,56,1,53,52,1,161,157,4,123,108,15,26.0206982,89.9743463
ASSAM,Total,Dhubri,No travel,87506,50977,36529,87506,50977,36529,0,0,0,0,0,0,0,0,0,0,0,0,0,0,0,0,0,0,0,0,0,0,0,0,26.0206982,89.9743463
ASSAM,Rural,Dhubri,All Modes,201541,149536,52005,72794,40023,32771,33785,23911,9874,42893,37248,5645,21732,19577,2155,8196,7673,523,3913,3712,201,3322,3189,133,13656,13040,616,1250,1163,87,26.0206982,89.9743463
ASSAM,Rural,Dhubri,On foot,50533,35466,15067,0,0,0,26530,17157,9373,18006,13672,4334,5997,4637,1360,0,0,0,0,0,0,0,0,0,0,0,0,0,0,0,26.0206982,89.9743463
ASSAM,Rural,Dhubri,Bicycle,35070,34235,835,0,0,0,5176,4983,193,17220,16765,455,8482,8355,127,2686,2661,25,1506,1471,35,0,0,0,0,0,0,0,0,0,26.0206982,89.9743463
ASSAM,Rural,Dhubri,Moped/Scooter/Motor Cycle,4747,4569,178,0,0,0,637,608,29,1846,1778,68,1047,1003,44,620,595,25,235,233,2,172,169,3,114,110,4,76,73,3,26.0206982,89.9743463
ASSAM,Rural,Dhubri,Car/Jeep/Van,1046,930,116,0,0,0,75,57,18,242,208,34,195,174,21,166,145,21,75,72,3,107,103,4,156,148,8,30,23,7,26.0206982,89.9743463
ASSAM,Rural,Dhubri,Tempo/Autorickshaw/Taxi,5166,4405,761,0,0,0,247,190,57,1733,1344,389,1705,1497,208,898,821,77,264,252,12,130,127,3,111,106,5,78,68,10,26.0206982,89.9743463
ASSAM,Rural,Dhubri,Bus,24708,22954,1754,0,0,0,507,423,84,1788,1569,219,3098,2753,345,3110,2775,335,1626,1484,142,2736,2621,115,11186,10710,476,657,619,38,26.0206982,89.9743463
ASSAM,Rural,Dhubri,Train,2736,2537,199,0,0,0,161,126,35,182,161,21,79,76,3,46,44,2,21,20,1,74,68,6,1918,1801,117,255,241,14,26.0206982,89.9743463
ASSAM,Rural,Dhubri,Water transport,3365,3184,181,0,0,0,202,187,15,1469,1378,91,837,805,32,494,464,30,151,146,5,69,68,1,76,74,2,67,62,5,26.0206982,89.9743463
ASSAM,Rural,Dhubri,Any other,1376,1233,143,0,0,0,250,180,70,407,373,34,292,277,15,176,168,8,35,34,1,34,33,1,95,91,4,87,77,10,26.0206982,89.9743463
ASSAM,Rural,Dhubri,No travel,72794,40023,32771,72794,40023,32771,0,0,0,0,0,0,0,0,0,0,0,0,0,0,0,0,0,0,0,0,0,0,0,0,26.0206982,89.9743463
ASSAM,Urban,Dhubri,All Modes,64035,54366,9669,14712,10954,3758,24806,21042,3764,13112,11903,1209,4738,4213,525,1618,1474,144,1593,1505,88,1163,1089,74,1966,1896,70,327,290,37,26.0206982,89.9743463
ASSAM,Urban,Dhubri,On foot,26364,22089,4275,0,0,0,19518,16133,3385,4997,4347,650,1849,1609,240,0,0,0,0,0,0,0,0,0,0,0,0,0,0,0,26.0206982,89.9743463
ASSAM,Urban,Dhubri,Bicycle,10493,10333,160,0,0,0,3559,3501,58,5422,5354,68,875,853,22,241,239,2,396,386,10,0,0,0,0,0,0,0,0,0,26.0206982,89.9743463
ASSAM,Urban,Dhubri,Moped/Scooter/Motor Cycle,2823,2724,99,0,0,0,745,716,29,1114,1067,47,393,385,8,216,211,5,148,145,3,81,80,1,59,58,1,67,62,5,26.0206982,89.9743463
ASSAM,Urban,Dhubri,Car/Jeep/Van,568,484,84,0,0,0,129,100,29,128,102,26,58,46,12,54,51,3,51,47,4,47,45,2,84,80,4,17,13,4,26.0206982,89.9743463
ASSAM,Urban,Dhubri,Tempo/Autorickshaw/Taxi,1776,1282,494,0,0,0,255,151,104,731,448,283,338,272,66,191,168,23,167,161,6,51,48,3,20,19,1,23,15,8,26.0206982,89.9743463
ASSAM,Urban,Dhubri,Bus,5665,5123,542,0,0,0,222,192,30,396,326,70,1102,936,166,802,703,99,757,697,60,891,830,61,1386,1339,47,109,100,9,26.0206982,89.9743463
ASSAM,Urban,Dhubri,Train,604,560,44,0,0,0,64,50,14,44,41,3,19,19,0,10,10,0,16,16,0,50,46,4,333,316,17,68,62,6,26.0206982,89.9743463
ASSAM,Urban,Dhubri,Water transport,347,312,35,0,0,0,40,35,5,87,84,3,67,60,7,68,56,12,36,31,5,24,21,3,18,18,0,7,7,0,26.0206982,89.9743463
ASSAM,Urban,Dhubri,Any other,683,505,178,0,0,0,274,164,110,193,134,59,37,33,4,36,36,0,22,22,0,19,19,0,66,66,0,36,31,5,26.0206982,89.9743463
ASSAM,Urban,Dhubri,No travel,14712,10954,3758,14712,10954,3758,0,0,0,0,0,0,0,0,0,0,0,0,0,0,0,0,0,0,0,0,0,0,0,0,26.0206982,89.9743463
MEGHALAYA,Total,West Garo Hills,All Modes,87585,61151,26434,41959,26998,14961,16288,11283,5005,12855,9509,3346,6760,5055,1705,2065,1683,382,1277,1074,203,1475,1194,281,4054,3664,390,852,691,161,25.5679372,90.2244662
MEGHALAYA,Total,West Garo Hills,On foot,23714,16321,7393,0,0,0,13698,9204,4494,6227,4451,1776,3789,2666,1123,0,0,0,0,0,0,0,0,0,0,0,0,0,0,0,25.5679372,90.2244662
MEGHALAYA,Total,West Garo Hills,Bicycle,3492,3244,248,0,0,0,691,640,51,1710,1599,111,620,579,41,181,173,8,290,253,37,0,0,0,0,0,0,0,0,0,25.5679372,90.2244662
MEGHALAYA,Total,West Garo Hills,Moped/Scooter/Motor Cycle,4181,3587,594,0,0,0,659,562,97,1582,1297,285,631,547,84,452,403,49,185,171,14,256,235,21,233,214,19,183,158,25,25.5679372,90.2244662
MEGHALAYA,Total,West Garo Hills,Car/Jeep/Van,2288,1515,773,0,0,0,388,245,143,793,449,344,237,152,85,146,104,42,68,55,13,173,130,43,341,273,68,142,107,35,25.5679372,90.2244662
MEGHALAYA,Total,West Garo Hills,Tempo/Autorickshaw/Taxi,2917,1983,934,0,0,0,328,203,125,1542,991,551,519,380,139,190,150,40,73,59,14,72,54,18,96,78,18,97,68,29,25.5679372,90.2244662
MEGHALAYA,Total,West Garo Hills,Bus,8362,6940,1422,0,0,0,408,334,74,892,641,251,902,676,226,1063,830,233,649,525,124,952,758,194,3247,2970,277,249,206,43,25.5679372,90.2244662
MEGHALAYA,Total,West Garo Hills,Train,278,220,58,0,0,0,70,55,15,46,30,16,12,9,3,9,4,5,1,1,0,6,2,4,80,78,2,54,41,13,25.5679372,90.2244662
MEGHALAYA,Total,West Garo Hills,Water transport,33,30,3,0,0,0,1,1,0,7,6,1,6,6,0,5,3,2,1,1,0,5,5,0,6,6,0,2,2,0,25.5679372,90.2244662
MEGHALAYA,Total,West Garo Hills,Any other,361,313,48,0,0,0,45,39,6,56,45,11,44,40,4,19,16,3,10,9,1,11,10,1,51,45,6,125,109,16,25.5679372,90.2244662
MEGHALAYA,Total,West Garo Hills,No travel,41959,26998,14961,41959,26998,14961,0,0,0,0,0,0,0,0,0,0,0,0,0,0,0,0,0,0,0,0,0,0,0,0,25.5679372,90.2244662
MEGHALAYA,Rural,West Garo Hills,All Modes,65326,45815,19511,31991,20220,11771,12206,8314,3892,8767,6756,2011,5117,3933,1184,1703,1451,252,1032,918,114,985,879,106,3119,2988,131,406,356,50,25.5679372,90.2244662
MEGHALAYA,Rural,West Garo Hills,On foot,18173,12201,5972,0,0,0,10527,6827,3700,4825,3406,1419,2821,1968,853,0,0,0,0,0,0,0,0,0,0,0,0,0,0,0,25.5679372,90.2244662
MEGHALAYA,Rural,West Garo Hills,Bicycle,3278,3071,207,0,0,0,637,601,36,1629,1527,102,612,573,39,166,160,6,234,210,24,0,0,0,0,0,0,0,0,0,25.5679372,90.2244662
MEGHALAYA,Rural,West Garo Hills,Moped/Scooter/Motor Cycle,2794,2464,330,0,0,0,446,397,49,974,834,140,491,431,60,370,330,40,142,134,8,151,141,10,131,121,10,89,76,13,25.5679372,90.2244662
MEGHALAYA,Rural,West Garo Hills,Car/Jeep/Van,619,501,118,0,0,0,75,56,19,130,89,41,81,64,17,83,67,16,43,39,4,60,54,6,119,109,10,28,23,5,25.5679372,90.2244662
MEGHALAYA,Rural,West Garo Hills,Tempo/Autorickshaw/Taxi,1396,1117,279,0,0,0,106,79,27,594,455,139,356,290,66,153,129,24,59,51,8,40,37,3,55,51,4,33,25,8,25.5679372,90.2244662
MEGHALAYA,Rural,West Garo Hills,Bus,6546,5770,776,0,0,0,324,279,45,531,375,156,695,553,142,903,742,161,545,475,70,714,630,84,2695,2591,104,139,125,14,25.5679372,90.2244662
MEGHALAYA,Rural,West Garo Hills,Train,218,185,33,0,0,0,53,41,12,34,26,8,12,9,3,5,4,1,1,1,0,5,2,3,74,74,0,34,28,6,25.5679372,90.2244662
MEGHALAYA,Rural,West Garo Hills,Water transport,32,29,3,0,0,0,1,1,0,7,6,1,6,6,0,5,3,2,1,1,0,5,5,0,5,5,0,2,2,0,25.5679372,90.2244662
MEGHALAYA,Rural,West Garo Hills,Any other,279,257,22,0,0,0,37,33,4,43,38,5,43,39,4,18,16,2,7,7,0,10,10,0,40,37,3,81,77,4,25.5679372,90.2244662
MEGHALAYA,Rural,West Garo Hills,No travel,31991,20220,11771,31991,20220,11771,0,0,0,0,0,0,0,0,0,0,0,0,0,0,0,0,0,0,0,0,0,0,0,0,25.5679372,90.2244662
MEGHALAYA,Urban,West Garo Hills,All Modes,22259,15336,6923,9968,6778,3190,4082,2969,1113,4088,2753,1335,1643,1122,521,362,232,130,245,156,89,490,315,175,935,676,259,446,335,111,25.5679372,90.2244662
MEGHALAYA,Urban,West Garo Hills,On foot,5541,4120,1421,0,0,0,3171,2377,794,1402,1045,357,968,698,270,0,0,0,0,0,0,0,0,0,0,0,0,0,0,0,25.5679372,90.2244662
MEGHALAYA,Urban,West Garo Hills,Bicycle,214,173,41,0,0,0,54,39,15,81,72,9,8,6,2,15,13,2,56,43,13,0,0,0,0,0,0,0,0,0,25.5679372,90.2244662
MEGHALAYA,Urban,West Garo Hills,Moped/Scooter/Motor Cycle,1387,1123,264,0,0,0,213,165,48,608,463,145,140,116,24,82,73,9,43,37,6,105,94,11,102,93,9,94,82,12,25.5679372,90.2244662
MEGHALAYA,Urban,West Garo Hills,Car/Jeep/Van,1669,1014,655,0,0,0,313,189,124,663,360,303,156,88,68,63,37,26,25,16,9,113,76,37,222,164,58,114,84,30,25.5679372,90.2244662
MEGHALAYA,Urban,West Garo Hills,Tempo/Autorickshaw/Taxi,1521,866,655,0,0,0,222,124,98,948,536,412,163,90,73,37,21,16,14,8,6,32,17,15,41,27,14,64,43,21,25.5679372,90.2244662
MEGHALAYA,Urban,West Garo Hills,Bus,1816,1170,646,0,0,0,84,55,29,361,266,95,207,123,84,160,88,72,104,50,54,238,128,110,552,379,173,110,81,29,25.5679372,90.2244662
MEGHALAYA,Urban,West Garo Hills,Train,60,35,25,0,0,0,17,14,3,12,4,8,0,0,0,4,0,4,0,0,0,1,0,1,6,4,2,20,13,7,25.5679372,90.2244662
MEGHALAYA,Urban,West Garo Hills,Water transport,1,1,0,0,0,0,0,0,0,0,0,0,0,0,0,0,0,0,0,0,0,0,0,0,1,1,0,0,0,0,25.5679372,90.2244662
MEGHALAYA,Urban,West Garo Hills,Any other,82,56,26,0,0,0,8,6,2,13,7,6,1,1,0,1,0,1,3,2,1,1,0,1,11,8,3,44,32,12,25.5679372,90.2244662
MEGHALAYA,Urban,West Garo Hills,No travel,9968,6778,3190,9968,6778,3190,0,0,0,0,0,0,0,0,0,0,0,0,0,0,0,0,0,0,0,0,0,0,0,0,25.5679372,90.2244662
ASSAM,Total,Kokrajhar,All Modes,115625,84783,30842,48301,30886,17415,21219,15675,5544,23828,19195,4633,11130,9100,2030,3908,3565,343,2928,2627,301,1233,1095,138,2012,1863,149,1066,777,289,26.4014362,90.266699
ASSAM,Total,Kokrajhar,On foot,24605,15140,9465,0,0,0,13772,8788,4984,7210,4043,3167,3623,2309,1314,0,0,0,0,0,0,0,0,0,0,0,0,0,0,0,26.4014362,90.266699
ASSAM,Total,Kokrajhar,Bicycle,26286,25127,1159,0,0,0,5498,5265,233,12837,12215,622,4773,4605,168,1500,1475,25,1678,1567,111,0,0,0,0,0,0,0,0,0,26.4014362,90.266699
ASSAM,Total,Kokrajhar,Moped/Scooter/Motor Cycle,5395,5073,322,0,0,0,1002,950,52,1983,1849,134,886,833,53,713,684,29,283,271,12,188,179,9,78,72,6,262,235,27,26.4014362,90.266699
ASSAM,Total,Kokrajhar,Car/Jeep/Van,1109,895,214,0,0,0,185,151,34,290,219,71,143,111,32,123,106,17,74,67,7,98,80,18,95,91,4,101,70,31,26.4014362,90.266699
ASSAM,Total,Kokrajhar,Tempo/Autorickshaw/Taxi,1923,1123,800,0,0,0,248,132,116,604,257,347,539,380,159,250,201,49,59,51,8,41,36,5,15,13,2,167,53,114,26.4014362,90.266699
ASSAM,Total,Kokrajhar,Bus,4542,3443,1099,0,0,0,184,133,51,468,254,214,914,629,285,1039,832,207,621,470,151,513,433,80,670,598,72,133,94,39,26.4014362,90.266699
ASSAM,Total,Kokrajhar,Train,2390,2225,165,0,0,0,148,125,23,165,147,18,125,118,7,214,204,10,173,168,5,329,309,20,1047,989,58,189,165,24,26.4014362,90.266699
ASSAM,Total,Kokrajhar,Water transport,83,79,4,0,0,0,9,8,1,42,42,0,15,14,1,1,1,0,3,2,1,0,0,0,9,9,0,4,3,1,26.4014362,90.266699
ASSAM,Total,Kokrajhar,Any other,991,792,199,0,0,0,173,123,50,229,169,60,112,101,11,68,62,6,37,31,6,64,58,6,98,91,7,210,157,53,26.4014362,90.266699
ASSAM,Total,Kokrajhar,No travel,48301,30886,17415,48301,30886,17415,0,0,0,0,0,0,0,0,0,0,0,0,0,0,0,0,0,0,0,0,0,0,0,0,26.4014362,90.266699
ASSAM,Rural,Kokrajhar,All Modes,95682,69009,26673,41093,25739,15354,15506,10944,4562,20127,16027,4100,9810,8040,1770,3450,3191,259,2330,2116,214,958,861,97,1768,1638,130,640,453,187,26.4014362,90.266699
ASSAM,Rural,Kokrajhar,On foot,19905,11584,8321,0,0,0,10548,6344,4204,6434,3462,2972,2923,1778,1145,0,0,0,0,0,0,0,0,0,0,0,0,0,0,0,26.4014362,90.266699
ASSAM,Rural,Kokrajhar,Bicycle,22206,21192,1014,0,0,0,3856,3669,187,11045,10474,571,4551,4387,164,1460,1436,24,1294,1226,68,0,0,0,0,0,0,0,0,0,26.4014362,90.266699
ASSAM,Rural,Kokrajhar,Moped/Scooter/Motor Cycle,3597,3403,194,0,0,0,495,465,30,1333,1261,72,703,660,43,541,518,23,223,214,9,130,125,5,66,61,5,106,99,7,26.4014362,90.266699
ASSAM,Rural,Kokrajhar,Car/Jeep/Van,661,562,99,0,0,0,78,64,14,175,139,36,115,91,24,85,78,7,58,53,5,58,52,6,67,63,4,25,22,3,26.4014362,90.266699
ASSAM,Rural,Kokrajhar,Tempo/Autorickshaw/Taxi,1499,947,552,0,0,0,121,75,46,414,199,215,499,359,140,222,184,38,47,42,5,35,33,2,14,13,1,147,42,105,26.4014362,90.266699
ASSAM,Rural,Kokrajhar,Bus,3866,2972,894,0,0,0,158,117,41,398,210,188,790,552,238,891,736,155,524,407,117,425,360,65,614,545,69,66,45,21,26.4014362,90.266699
ASSAM,Rural,Kokrajhar,Train,1949,1825,124,0,0,0,115,98,17,111,96,15,110,105,5,188,178,10,149,145,4,247,233,14,902,858,44,127,112,15,26.4014362,90.266699
ASSAM,Rural,Kokrajhar,Water transport,74,71,3,0,0,0,5,4,1,41,41,0,15,14,1,1,1,0,3,2,1,0,0,0,9,9,0,0,0,0,26.4014362,90.266699
ASSAM,Rural,Kokrajhar,Any other,832,714,118,0,0,0,130,108,22,176,145,31,104,94,10,62,60,2,32,27,5,63,58,5,96,89,7,169,133,36,26.4014362,90.266699
ASSAM,Rural,Kokrajhar,No travel,41093,25739,15354,41093,25739,15354,0,0,0,0,0,0,0,0,0,0,0,0,0,0,0,0,0,0,0,0,0,0,0,0,26.4014362,90.266699
ASSAM,Urban,Kokrajhar,All Modes,19943,15774,4169,7208,5147,2061,5713,4731,982,3701,3168,533,1320,1060,260,458,374,84,598,511,87,275,234,41,244,225,19,426,324,102,26.4014362,90.266699
ASSAM,Urban,Kokrajhar,On foot,4700,3556,1144,0,0,0,3224,2444,780,776,581,195,700,531,169,0,0,0,0,0,0,0,0,0,0,0,0,0,0,0,26.4014362,90.266699
ASSAM,Urban,Kokrajhar,Bicycle,4080,3935,145,0,0,0,1642,1596,46,1792,1741,51,222,218,4,40,39,1,384,341,43,0,0,0,0,0,0,0,0,0,26.4014362,90.266699
ASSAM,Urban,Kokrajhar,Moped/Scooter/Motor Cycle,1798,1670,128,0,0,0,507,485,22,650,588,62,183,173,10,172,166,6,60,57,3,58,54,4,12,11,1,156,136,20,26.4014362,90.266699
ASSAM,Urban,Kokrajhar,Car/Jeep/Van,448,333,115,0,0,0,107,87,20,115,80,35,28,20,8,38,28,10,16,14,2,40,28,12,28,28,0,76,48,28,26.4014362,90.266699
ASSAM,Urban,Kokrajhar,Tempo/Autorickshaw/Taxi,424,176,248,0,0,0,127,57,70,190,58,132,40,21,19,28,17,11,12,9,3,6,3,3,1,0,1,20,11,9,26.4014362,90.266699
ASSAM,Urban,Kokrajhar,Bus,676,471,205,0,0,0,26,16,10,70,44,26,124,77,47,148,96,52,97,63,34,88,73,15,56,53,3,67,49,18,26.4014362,90.266699
ASSAM,Urban,Kokrajhar,Train,441,400,41,0,0,0,33,27,6,54,51,3,15,13,2,26,26,0,24,23,1,82,76,6,145,131,14,62,53,9,26.4014362,90.266699
ASSAM,Urban,Kokrajhar,Water transport,9,8,1,0,0,0,4,4,0,1,1,0,0,0,0,0,0,0,0,0,0,0,0,0,0,0,0,4,3,1,26.4014362,90.266699
ASSAM,Urban,Kokrajhar,Any other,159,78,81,0,0,0,43,15,28,53,24,29,8,7,1,6,2,4,5,4,1,1,0,1,2,2,0,41,24,17,26.4014362,90.266699
ASSAM,Urban,Kokrajhar,No travel,7208,5147,2061,7208,5147,2061,0,0,0,0,0,0,0,0,0,0,0,0,0,0,0,0,0,0,0,0,0,0,0,0,26.4014362,90.266699
MEGHALAYA,Total,East Garo Hills,All Modes,26962,18550,8412,13512,8406,5106,6001,4332,1669,3576,2658,918,1541,1141,400,565,457,108,505,432,73,387,339,48,794,718,76,81,67,14,25.5671692,90.5257823
MEGHALAYA,Total,East Garo Hills,On foot,7042,4868,2174,0,0,0,4879,3395,1484,1385,923,462,778,550,228,0,0,0,0,0,0,0,0,0,0,0,0,0,0,0,25.5671692,90.5257823
MEGHALAYA,Total,East Garo Hills,Bicycle,1551,1307,244,0,0,0,349,306,43,824,682,142,197,158,39,88,77,11,93,84,9,0,0,0,0,0,0,0,0,0,25.5671692,90.5257823
MEGHALAYA,Total,East Garo Hills,Moped/Scooter/Motor Cycle,2254,1906,348,0,0,0,428,373,55,835,680,155,358,284,74,239,203,36,142,132,10,113,105,8,117,110,7,22,19,3,25.5671692,90.5257823
MEGHALAYA,Total,East Garo Hills,Car/Jeep/Van,654,503,151,0,0,0,170,126,44,201,140,61,53,41,12,38,30,8,74,64,10,51,42,9,46,43,3,21,17,4,25.5671692,90.5257823
MEGHALAYA,Total,East Garo Hills,Tempo/Autorickshaw/Taxi,371,278,93,0,0,0,71,53,18,173,117,56,38,33,5,31,24,7,20,17,3,15,14,1,16,14,2,7,6,1,25.5671692,90.5257823
MEGHALAYA,Total,East Garo Hills,Bus,1412,1150,262,0,0,0,74,61,13,118,85,33,107,68,39,155,112,43,164,124,40,199,170,29,579,517,62,16,13,3,25.5671692,90.5257823
MEGHALAYA,Total,East Garo Hills,Train,57,35,22,0,0,0,17,7,10,13,7,6,6,4,2,1,1,0,0,0,0,1,1,0,13,11,2,6,4,2,25.5671692,90.5257823
MEGHALAYA,Total,East Garo Hills,Water transport,4,4,0,0,0,0,1,1,0,0,0,0,0,0,0,1,1,0,0,0,0,1,1,0,1,1,0,0,0,0,25.5671692,90.5257823
MEGHALAYA,Total,East Garo Hills,Any other,105,93,12,0,0,0,12,10,2,27,24,3,4,3,1,12,9,3,12,11,1,7,6,1,22,22,0,9,8,1,25.5671692,90.5257823
MEGHALAYA,Total,East Garo Hills,No travel,13512,8406,5106,13512,8406,5106,0,0,0,0,0,0,0,0,0,0,0,0,0,0,0,0,0,0,0,0,0,0,0,0,25.5671692,90.5257823
MEGHALAYA,Rural,East Garo Hills,All Modes,17380,11210,6170,10157,5808,4349,2909,1993,916,1794,1329,465,1031,748,283,343,288,55,263,237,26,241,215,26,592,548,44,50,44,6,25.5671692,90.5257823
MEGHALAYA,Rural,East Garo Hills,On foot,3799,2526,1273,0,0,0,2470,1636,834,770,510,260,559,380,179,0,0,0,0,0,0,0,0,0,0,0,0,0,0,0,25.5671692,90.5257823
MEGHALAYA,Rural,East Garo Hills,Bicycle,967,798,169,0,0,0,173,145,28,495,398,97,153,121,32,72,65,7,74,69,5,0,0,0,0,0,0,0,0,0,25.5671692,90.5257823
MEGHALAYA,Rural,East Garo Hills,Moped/Scooter/Motor Cycle,1078,923,155,0,0,0,159,135,24,337,285,52,205,163,42,131,110,21,72,68,4,73,68,5,85,79,6,16,15,1,25.5671692,90.5257823
MEGHALAYA,Rural,East Garo Hills,Car/Jeep/Van,142,110,32,0,0,0,21,16,5,41,28,13,15,12,3,15,10,5,7,6,1,16,14,2,22,20,2,5,4,1,25.5671692,90.5257823
MEGHALAYA,Rural,East Garo Hills,Tempo/Autorickshaw/Taxi,129,99,30,0,0,0,13,8,5,50,32,18,24,22,2,21,18,3,5,4,1,2,2,0,11,11,0,3,2,1,25.5671692,90.5257823
MEGHALAYA,Rural,East Garo Hills,Bus,1018,876,142,0,0,0,61,49,12,83,63,20,67,44,23,96,78,18,99,84,15,146,128,18,452,417,35,14,13,1,25.5671692,90.5257823
MEGHALAYA,Rural,East Garo Hills,Train,41,24,17,0,0,0,11,3,8,9,4,5,5,4,1,1,1,0,0,0,0,1,1,0,10,9,1,4,2,2,25.5671692,90.5257823
MEGHALAYA,Rural,East Garo Hills,Water transport,1,1,0,0,0,0,0,0,0,0,0,0,0,0,0,0,0,0,0,0,0,1,1,0,0,0,0,0,0,0,25.5671692,90.5257823
MEGHALAYA,Rural,East Garo Hills,Any other,48,45,3,0,0,0,1,1,0,9,9,0,3,2,1,7,6,1,6,6,0,2,1,1,12,12,0,8,8,0,25.5671692,90.5257823
MEGHALAYA,Rural,East Garo Hills,No travel,10157,5808,4349,10157,5808,4349,0,0,0,0,0,0,0,0,0,0,0,0,0,0,0,0,0,0,0,0,0,0,0,0,25.5671692,90.5257823
MEGHALAYA,Urban,East Garo Hills,All Modes,9582,7340,2242,3355,2598,757,3092,2339,753,1782,1329,453,510,393,117,222,169,53,242,195,47,146,124,22,202,170,32,31,23,8,25.5671692,90.5257823
MEGHALAYA,Urban,East Garo Hills,On foot,3243,2342,901,0,0,0,2409,1759,650,615,413,202,219,170,49,0,0,0,0,0,0,0,0,0,0,0,0,0,0,0,25.5671692,90.5257823
MEGHALAYA,Urban,East Garo Hills,Bicycle,584,509,75,0,0,0,176,161,15,329,284,45,44,37,7,16,12,4,19,15,4,0,0,0,0,0,0,0,0,0,25.5671692,90.5257823
MEGHALAYA,Urban,East Garo Hills,Moped/Scooter/Motor Cycle,1176,983,193,0,0,0,269,238,31,498,395,103,153,121,32,108,93,15,70,64,6,40,37,3,32,31,1,6,4,2,25.5671692,90.5257823
MEGHALAYA,Urban,East Garo Hills,Car/Jeep/Van,512,393,119,0,0,0,149,110,39,160,112,48,38,29,9,23,20,3,67,58,9,35,28,7,24,23,1,16,13,3,25.5671692,90.5257823
MEGHALAYA,Urban,East Garo Hills,Tempo/Autorickshaw/Taxi,242,179,63,0,0,0,58,45,13,123,85,38,14,11,3,10,6,4,15,13,2,13,12,1,5,3,2,4,4,0,25.5671692,90.5257823
MEGHALAYA,Urban,East Garo Hills,Bus,394,274,120,0,0,0,13,12,1,35,22,13,40,24,16,59,34,25,65,40,25,53,42,11,127,100,27,2,0,2,25.5671692,90.5257823
MEGHALAYA,Urban,East Garo Hills,Train,16,11,5,0,0,0,6,4,2,4,3,1,1,0,1,0,0,0,0,0,0,0,0,0,3,2,1,2,2,0,25.5671692,90.5257823
MEGHALAYA,Urban,East Garo Hills,Water transport,3,3,0,0,0,0,1,1,0,0,0,0,0,0,0,1,1,0,0,0,0,0,0,0,1,1,0,0,0,0,25.5671692,90.5257823
MEGHALAYA,Urban,East Garo Hills,Any other,57,48,9,0,0,0,11,9,2,18,15,3,1,1,0,5,3,2,6,5,1,5,5,0,10,10,0,1,0,1,25.5671692,90.5257823
MEGHALAYA,Urban,East Garo Hills,No travel,3355,2598,757,3355,2598,757,0,0,0,0,0,0,0,0,0,0,0,0,0,0,0,0,0,0,0,0,0,0,0,0,25.5671692,90.5257823
ASSAM,Total,Bongaigaon,All Modes,115473,94309,21164,28554,18697,9857,24172,19085,5087,33110,29260,3850,14194,12809,1385,6045,5615,430,3955,3730,225,1839,1711,128,3073,2923,150,531,479,52,26.5030072,90.5535724
ASSAM,Total,Bongaigaon,On foot,23854,16427,7427,0,0,0,14136,9576,4560,7034,4800,2234,2684,2051,633,0,0,0,0,0,0,0,0,0,0,0,0,0,0,0,26.5030072,90.5535724
ASSAM,Total,Bongaigaon,Bicycle,37823,36851,972,0,0,0,7272,7034,238,18307,17806,501,7688,7551,137,2736,2689,47,1820,1771,49,0,0,0,0,0,0,0,0,0,26.5030072,90.5535724
ASSAM,Total,Bongaigaon,Moped/Scooter/Motor Cycle,9560,9201,359,0,0,0,1641,1580,61,4259,4097,162,1567,1500,67,1049,1008,41,468,457,11,346,340,6,98,95,3,132,124,8,26.5030072,90.5535724
ASSAM,Total,Bongaigaon,Car/Jeep/Van,1870,1666,204,0,0,0,316,281,35,786,689,97,224,183,41,168,154,14,121,112,9,117,113,4,111,107,4,27,27,0,26.5030072,90.5535724
ASSAM,Total,Bongaigaon,Tempo/Autorickshaw/Taxi,3522,2367,1155,0,0,0,286,184,102,1479,847,632,913,625,288,500,413,87,155,141,14,102,84,18,39,37,2,48,36,12,26.5030072,90.5535724
ASSAM,Total,Bongaigaon,Bus,6207,5302,905,0,0,0,196,155,41,508,354,154,693,494,199,1360,1129,231,1239,1111,128,996,910,86,1139,1083,56,76,66,10,26.5030072,90.5535724
ASSAM,Total,Bongaigaon,Train,2854,2685,169,0,0,0,164,140,24,285,266,19,168,160,8,131,127,4,106,98,8,230,218,12,1576,1496,80,194,180,14,26.5030072,90.5535724
ASSAM,Total,Bongaigaon,Water transport,344,327,17,0,0,0,28,25,3,189,184,5,89,85,4,17,16,1,8,7,1,4,3,1,9,7,2,0,0,0,26.5030072,90.5535724
ASSAM,Total,Bongaigaon,Any other,885,786,99,0,0,0,133,110,23,263,217,46,168,160,8,84,79,5,38,33,5,44,43,1,101,98,3,54,46,8,26.5030072,90.5535724
ASSAM,Total,Bongaigaon,No travel,28554,18697,9857,28554,18697,9857,0,0,0,0,0,0,0,0,0,0,0,0,0,0,0,0,0,0,0,0,0,0,0,0,26.5030072,90.5535724
ASSAM,Rural,Bongaigaon,All Modes,80079,64584,15495,21886,13912,7974,14219,10740,3479,20978,18437,2541,11219,10317,902,5088,4806,282,2877,2752,125,1253,1186,67,2260,2160,100,299,274,25,26.5030072,90.5535724
ASSAM,Rural,Bongaigaon,On foot,15522,10210,5312,0,0,0,8877,5710,3167,4680,2983,1697,1965,1517,448,0,0,0,0,0,0,0,0,0,0,0,0,0,0,0,26.5030072,90.5535724
ASSAM,Rural,Bongaigaon,Bicycle,27652,26869,783,0,0,0,4190,4010,180,12782,12371,411,6794,6677,117,2598,2556,42,1288,1255,33,0,0,0,0,0,0,0,0,0,26.5030072,90.5535724
ASSAM,Rural,Bongaigaon,Moped/Scooter/Motor Cycle,4943,4774,169,0,0,0,637,611,26,1901,1838,63,965,927,38,773,747,26,345,337,8,191,188,3,65,63,2,66,63,3,26.5030072,90.5535724
ASSAM,Rural,Bongaigaon,Car/Jeep/Van,569,513,56,0,0,0,61,53,8,167,140,27,95,82,13,90,85,5,55,53,2,47,46,1,46,46,0,8,8,0,26.5030072,90.5535724
ASSAM,Rural,Bongaigaon,Tempo/Autorickshaw/Taxi,1858,1388,470,0,0,0,111,73,38,591,370,221,536,394,142,391,341,50,122,114,8,63,57,6,30,28,2,14,11,3,26.5030072,90.5535724
ASSAM,Rural,Bongaigaon,Bus,4804,4235,569,0,0,0,134,105,29,301,212,89,507,379,128,1062,909,153,978,909,69,803,754,49,959,914,45,60,53,7,26.5030072,90.5535724
ASSAM,Rural,Bongaigaon,Train,1861,1763,98,0,0,0,97,82,15,184,172,12,123,118,5,89,88,1,54,52,2,117,110,7,1075,1027,48,122,114,8,26.5030072,90.5535724
ASSAM,Rural,Bongaigaon,Water transport,335,321,14,0,0,0,28,25,3,185,181,4,87,83,4,17,16,1,7,7,0,3,2,1,8,7,1,0,0,0,26.5030072,90.5535724
ASSAM,Rural,Bongaigaon,Any other,649,599,50,0,0,0,84,71,13,187,170,17,147,140,7,68,64,4,28,25,3,29,29,0,77,75,2,29,25,4,26.5030072,90.5535724
ASSAM,Rural,Bongaigaon,No travel,21886,13912,7974,21886,13912,7974,0,0,0,0,0,0,0,0,0,0,0,0,0,0,0,0,0,0,0,0,0,0,0,0,26.5030072,90.5535724
ASSAM,Urban,Bongaigaon,All Modes,35394,29725,5669,6668,4785,1883,9953,8345,1608,12132,10823,1309,2975,2492,483,957,809,148,1078,978,100,586,525,61,813,763,50,232,205,27,26.5030072,90.5535724
ASSAM,Urban,Bongaigaon,On foot,8332,6217,2115,0,0,0,5259,3866,1393,2354,1817,537,719,534,185,0,0,0,0,0,0,0,0,0,0,0,0,0,0,0,26.5030072,90.5535724
ASSAM,Urban,Bongaigaon,Bicycle,10171,9982,189,0,0,0,3082,3024,58,5525,5435,90,894,874,20,138,133,5,532,516,16,0,0,0,0,0,0,0,0,0,26.5030072,90.5535724
ASSAM,Urban,Bongaigaon,Moped/Scooter/Motor Cycle,4617,4427,190,0,0,0,1004,969,35,2358,2259,99,602,573,29,276,261,15,123,120,3,155,152,3,33,32,1,66,61,5,26.5030072,90.5535724
ASSAM,Urban,Bongaigaon,Car/Jeep/Van,1301,1153,148,0,0,0,255,228,27,619,549,70,129,101,28,78,69,9,66,59,7,70,67,3,65,61,4,19,19,0,26.5030072,90.5535724
ASSAM,Urban,Bongaigaon,Tempo/Autorickshaw/Taxi,1664,979,685,0,0,0,175,111,64,888,477,411,377,231,146,109,72,37,33,27,6,39,27,12,9,9,0,34,25,9,26.5030072,90.5535724
ASSAM,Urban,Bongaigaon,Bus,1403,1067,336,0,0,0,62,50,12,207,142,65,186,115,71,298,220,78,261,202,59,193,156,37,180,169,11,16,13,3,26.5030072,90.5535724
ASSAM,Urban,Bongaigaon,Train,993,922,71,0,0,0,67,58,9,101,94,7,45,42,3,42,39,3,52,46,6,113,108,5,501,469,32,72,66,6,26.5030072,90.5535724
ASSAM,Urban,Bongaigaon,Water transport,9,6,3,0,0,0,0,0,0,4,3,1,2,2,0,0,0,0,1,0,1,1,1,0,1,0,1,0,0,0,26.5030072,90.5535724
ASSAM,Urban,Bongaigaon,Any other,236,187,49,0,0,0,49,39,10,76,47,29,21,20,1,16,15,1,10,8,2,15,14,1,24,23,1,25,21,4,26.5030072,90.5535724
ASSAM,Urban,Bongaigaon,No travel,6668,4785,1883,6668,4785,1883,0,0,0,0,0,0,0,0,0,0,0,0,0,0,0,0,0,0,0,0,0,0,0,0,26.5030072,90.5535724
MEGHALAYA,Total,South Garo Hills,All Modes,18110,13088,5022,8468,5568,2900,3806,2804,1002,3066,2381,685,1603,1288,315,395,340,55,176,162,14,234,208,26,286,267,19,76,70,6,25.3300969,90.563609
MEGHALAYA,Total,South Garo Hills,On foot,6592,4937,1655,0,0,0,3371,2448,923,2071,1580,491,1150,909,241,0,0,0,0,0,0,0,0,0,0,0,0,0,0,0,25.3300969,90.563609
MEGHALAYA,Total,South Garo Hills,Bicycle,340,314,26,0,0,0,41,34,7,181,169,12,70,68,2,20,19,1,28,24,4,0,0,0,0,0,0,0,0,0,25.3300969,90.563609
MEGHALAYA,Total,South Garo Hills,Moped/Scooter/Motor Cycle,883,790,93,0,0,0,164,145,19,327,288,39,153,135,18,99,89,10,35,34,1,49,45,4,36,35,1,20,19,1,25.3300969,90.563609
MEGHALAYA,Total,South Garo Hills,Car/Jeep/Van,458,392,66,0,0,0,117,104,13,126,95,31,72,64,8,43,34,9,26,22,4,26,26,0,32,31,1,16,16,0,25.3300969,90.563609
MEGHALAYA,Total,South Garo Hills,Tempo/Autorickshaw/Taxi,438,302,136,0,0,0,61,35,26,279,189,90,45,33,12,31,28,3,4,4,0,2,2,0,6,5,1,10,6,4,25.3300969,90.563609
MEGHALAYA,Total,South Garo Hills,Bus,733,605,128,0,0,0,31,21,10,55,37,18,95,64,31,150,122,28,76,71,5,123,101,22,186,172,14,17,17,0,25.3300969,90.563609
MEGHALAYA,Total,South Garo Hills,Train,31,26,5,0,0,0,8,5,3,3,3,0,3,2,1,5,4,1,2,2,0,0,0,0,8,8,0,2,2,0,25.3300969,90.563609
MEGHALAYA,Total,South Garo Hills,Water transport,8,7,1,0,0,0,1,1,0,4,4,0,0,0,0,0,0,0,1,1,0,0,0,0,0,0,0,2,1,1,25.3300969,90.563609
MEGHALAYA,Total,South Garo Hills,Any other,159,147,12,0,0,0,12,11,1,20,16,4,15,13,2,47,44,3,4,4,0,34,34,0,18,16,2,9,9,0,25.3300969,90.563609
MEGHALAYA,Total,South Garo Hills,No travel,8468,5568,2900,8468,5568,2900,0,0,0,0,0,0,0,0,0,0,0,0,0,0,0,0,0,0,0,0,0,0,0,0,25.3300969,90.563609
MEGHALAYA,Rural,South Garo Hills,All Modes,14862,10568,4294,7773,5003,2770,2687,1958,729,2095,1649,446,1301,1041,260,359,315,44,144,137,7,192,172,20,255,240,15,56,53,3,25.3300969,90.563609
MEGHALAYA,Rural,South Garo Hills,On foot,5020,3747,1273,0,0,0,2435,1741,694,1637,1264,373,948,742,206,0,0,0,0,0,0,0,0,0,0,0,0,0,0,0,25.3300969,90.563609
MEGHALAYA,Rural,South Garo Hills,Bicycle,254,233,21,0,0,0,30,25,5,127,116,11,55,54,1,20,19,1,22,19,3,0,0,0,0,0,0,0,0,0,25.3300969,90.563609
MEGHALAYA,Rural,South Garo Hills,Moped/Scooter/Motor Cycle,605,544,61,0,0,0,94,83,11,190,164,26,120,108,12,90,82,8,30,29,1,36,34,2,33,32,1,12,12,0,25.3300969,90.563609
MEGHALAYA,Rural,South Garo Hills,Car/Jeep/Van,311,279,32,0,0,0,76,71,5,55,41,14,60,54,6,35,30,5,19,18,1,25,25,0,27,26,1,14,14,0,25.3300969,90.563609
MEGHALAYA,Rural,South Garo Hills,Tempo/Autorickshaw/Taxi,88,73,15,0,0,0,6,4,2,16,14,2,25,19,6,29,26,3,3,3,0,2,2,0,3,3,0,4,2,2,25.3300969,90.563609
MEGHALAYA,Rural,South Garo Hills,Bus,645,538,107,0,0,0,28,20,8,48,32,16,85,57,28,133,110,23,64,62,2,106,88,18,167,155,12,14,14,0,25.3300969,90.563609
MEGHALAYA,Rural,South Garo Hills,Train,28,23,5,0,0,0,6,3,3,3,3,0,2,1,1,5,4,1,2,2,0,0,0,0,8,8,0,2,2,0,25.3300969,90.563609
MEGHALAYA,Rural,South Garo Hills,Water transport,6,5,1,0,0,0,1,1,0,3,3,0,0,0,0,0,0,0,0,0,0,0,0,0,0,0,0,2,1,1,25.3300969,90.563609
MEGHALAYA,Rural,South Garo Hills,Any other,132,123,9,0,0,0,11,10,1,16,12,4,6,6,0,47,44,3,4,4,0,23,23,0,17,16,1,8,8,0,25.3300969,90.563609
MEGHALAYA,Rural,South Garo Hills,No travel,7773,5003,2770,7773,5003,2770,0,0,0,0,0,0,0,0,0,0,0,0,0,0,0,0,0,0,0,0,0,0,0,0,25.3300969,90.563609
MEGHALAYA,Urban,South Garo Hills,All Modes,3248,2520,728,695,565,130,1119,846,273,971,732,239,302,247,55,36,25,11,32,25,7,42,36,6,31,27,4,20,17,3,25.3300969,90.563609
MEGHALAYA,Urban,South Garo Hills,On foot,1572,1190,382,0,0,0,936,707,229,434,316,118,202,167,35,0,0,0,0,0,0,0,0,0,0,0,0,0,0,0,25.3300969,90.563609
MEGHALAYA,Urban,South Garo Hills,Bicycle,86,81,5,0,0,0,11,9,2,54,53,1,15,14,1,0,0,0,6,5,1,0,0,0,0,0,0,0,0,0,25.3300969,90.563609
MEGHALAYA,Urban,South Garo Hills,Moped/Scooter/Motor Cycle,278,246,32,0,0,0,70,62,8,137,124,13,33,27,6,9,7,2,5,5,0,13,11,2,3,3,0,8,7,1,25.3300969,90.563609
MEGHALAYA,Urban,South Garo Hills,Car/Jeep/Van,147,113,34,0,0,0,41,33,8,71,54,17,12,10,2,8,4,4,7,4,3,1,1,0,5,5,0,2,2,0,25.3300969,90.563609
MEGHALAYA,Urban,South Garo Hills,Tempo/Autorickshaw/Taxi,350,229,121,0,0,0,55,31,24,263,175,88,20,14,6,2,2,0,1,1,0,0,0,0,3,2,1,6,4,2,25.3300969,90.563609
MEGHALAYA,Urban,South Garo Hills,Bus,88,67,21,0,0,0,3,1,2,7,5,2,10,7,3,17,12,5,12,9,3,17,13,4,19,17,2,3,3,0,25.3300969,90.563609
MEGHALAYA,Urban,South Garo Hills,Train,3,3,0,0,0,0,2,2,0,0,0,0,1,1,0,0,0,0,0,0,0,0,0,0,0,0,0,0,0,0,25.3300969,90.563609
MEGHALAYA,Urban,South Garo Hills,Water transport,2,2,0,0,0,0,0,0,0,1,1,0,0,0,0,0,0,0,1,1,0,0,0,0,0,0,0,0,0,0,25.3300969,90.563609
MEGHALAYA,Urban,South Garo Hills,Any other,27,24,3,0,0,0,1,1,0,4,4,0,9,7,2,0,0,0,0,0,0,11,11,0,1,0,1,1,1,0,25.3300969,90.563609
MEGHALAYA,Urban,South Garo Hills,No travel,695,565,130,695,565,130,0,0,0,0,0,0,0,0,0,0,0,0,0,0,0,0,0,0,0,0,0,0,0,0,25.3300969,90.563609
ASSAM,Total,Goalpara,All Modes,145850,112830,33020,51679,32470,19209,28103,21102,7001,31631,27459,4172,12949,11602,1347,5439,5041,398,3542,3311,231,2668,2479,189,9116,8707,409,723,659,64,26.1641342,90.6251541
ASSAM,Total,Goalpara,On foot,33737,24061,9676,0,0,0,19466,13167,6299,10534,7919,2615,3737,2975,762,0,0,0,0,0,0,0,0,0,0,0,0,0,0,0,26.1641342,90.6251541
ASSAM,Total,Goalpara,Bicycle,30494,29184,1310,0,0,0,5947,5593,354,15242,14559,683,5613,5461,152,2052,2005,47,1640,1566,74,0,0,0,0,0,0,0,0,0,26.1641342,90.6251541
ASSAM,Total,Goalpara,Moped/Scooter/Motor Cycle,7788,7459,329,0,0,0,1382,1317,65,2950,2807,143,1371,1312,59,922,887,35,413,404,9,323,320,3,266,259,7,161,153,8,26.1641342,90.6251541
ASSAM,Total,Goalpara,Car/Jeep/Van,1551,1371,180,0,0,0,187,152,35,362,284,78,173,148,25,161,150,11,104,95,9,171,166,5,301,292,9,92,84,8,26.1641342,90.6251541
ASSAM,Total,Goalpara,Tempo/Autorickshaw/Taxi,2813,2135,678,0,0,0,280,174,106,1268,855,413,580,467,113,330,302,28,99,97,2,97,95,2,106,101,5,53,44,9,26.1641342,90.6251541
ASSAM,Total,Goalpara,Bus,15221,13802,1419,0,0,0,371,300,71,838,650,188,1201,976,225,1834,1563,271,1201,1071,130,1975,1803,172,7582,7247,335,219,192,27,26.1641342,90.6251541
ASSAM,Total,Goalpara,Train,872,783,89,0,0,0,74,52,22,80,69,11,46,45,1,18,16,2,11,10,1,38,33,5,499,456,43,106,102,4,26.1641342,90.6251541
ASSAM,Total,Goalpara,Water transport,163,149,14,0,0,0,9,9,0,40,38,2,23,21,2,30,28,2,19,16,3,9,8,1,27,24,3,6,5,1,26.1641342,90.6251541
ASSAM,Total,Goalpara,Any other,1532,1416,116,0,0,0,387,338,49,317,278,39,205,197,8,92,90,2,55,52,3,55,54,1,335,328,7,86,79,7,26.1641342,90.6251541
ASSAM,Total,Goalpara,No travel,51679,32470,19209,51679,32470,19209,0,0,0,0,0,0,0,0,0,0,0,0,0,0,0,0,0,0,0,0,0,0,0,0,26.1641342,90.6251541
ASSAM,Rural,Goalpara,All Modes,104380,79417,24963,40745,25421,15324,17706,12727,4979,19585,16803,2782,9516,8574,942,4248,3963,285,2691,2523,168,1873,1753,120,7520,7192,328,496,461,35,26.1641342,90.6251541
ASSAM,Rural,Goalpara,On foot,21357,14448,6909,0,0,0,12307,7805,4502,6509,4651,1858,2541,1992,549,0,0,0,0,0,0,0,0,0,0,0,0,0,0,0,26.1641342,90.6251541
ASSAM,Rural,Goalpara,Bicycle,21770,20639,1131,0,0,0,3957,3642,315,10197,9607,590,4552,4424,128,1777,1738,39,1287,1228,59,0,0,0,0,0,0,0,0,0,26.1641342,90.6251541
ASSAM,Rural,Goalpara,Moped/Scooter/Motor Cycle,4474,4288,186,0,0,0,616,582,34,1456,1390,66,941,901,40,659,632,27,304,297,7,219,217,2,186,181,5,93,88,5,26.1641342,90.6251541
ASSAM,Rural,Goalpara,Car/Jeep/Van,848,787,61,0,0,0,74,63,11,124,107,17,110,96,14,119,113,6,66,63,3,105,103,2,190,186,4,60,56,4,26.1641342,90.6251541
ASSAM,Rural,Goalpara,Tempo/Autorickshaw/Taxi,1246,1078,168,0,0,0,94,80,14,384,297,87,337,287,50,216,205,11,55,55,0,63,63,0,69,66,3,28,25,3,26.1641342,90.6251541
ASSAM,Rural,Goalpara,Bus,11977,10950,1027,0,0,0,253,206,47,594,465,129,855,701,154,1368,1172,196,926,830,96,1406,1295,111,6424,6147,277,151,134,17,26.1641342,90.6251541
ASSAM,Rural,Goalpara,Train,647,585,62,0,0,0,54,39,15,57,48,9,30,30,0,17,15,2,9,8,1,27,23,4,364,334,30,89,88,1,26.1641342,90.6251541
ASSAM,Rural,Goalpara,Water transport,139,128,11,0,0,0,5,5,0,38,37,1,18,16,2,28,26,2,12,11,1,7,6,1,25,22,3,6,5,1,26.1641342,90.6251541
ASSAM,Rural,Goalpara,Any other,1177,1093,84,0,0,0,346,305,41,226,201,25,132,127,5,64,62,2,32,31,1,46,46,0,262,256,6,69,65,4,26.1641342,90.6251541
ASSAM,Rural,Goalpara,No travel,40745,25421,15324,40745,25421,15324,0,0,0,0,0,0,0,0,0,0,0,0,0,0,0,0,0,0,0,0,0,0,0,0,26.1641342,90.6251541
ASSAM,Urban,Goalpara,All Modes,41470,33413,8057,10934,7049,3885,10397,8375,2022,12046,10656,1390,3433,3028,405,1191,1078,113,851,788,63,795,726,69,1596,1515,81,227,198,29,26.1641342,90.6251541
ASSAM,Urban,Goalpara,On foot,12380,9613,2767,0,0,0,7159,5362,1797,4025,3268,757,1196,983,213,0,0,0,0,0,0,0,0,0,0,0,0,0,0,0,26.1641342,90.6251541
ASSAM,Urban,Goalpara,Bicycle,8724,8545,179,0,0,0,1990,1951,39,5045,4952,93,1061,1037,24,275,267,8,353,338,15,0,0,0,0,0,0,0,0,0,26.1641342,90.6251541
ASSAM,Urban,Goalpara,Moped/Scooter/Motor Cycle,3314,3171,143,0,0,0,766,735,31,1494,1417,77,430,411,19,263,255,8,109,107,2,104,103,1,80,78,2,68,65,3,26.1641342,90.6251541
ASSAM,Urban,Goalpara,Car/Jeep/Van,703,584,119,0,0,0,113,89,24,238,177,61,63,52,11,42,37,5,38,32,6,66,63,3,111,106,5,32,28,4,26.1641342,90.6251541
ASSAM,Urban,Goalpara,Tempo/Autorickshaw/Taxi,1567,1057,510,0,0,0,186,94,92,884,558,326,243,180,63,114,97,17,44,42,2,34,32,2,37,35,2,25,19,6,26.1641342,90.6251541
ASSAM,Urban,Goalpara,Bus,3244,2852,392,0,0,0,118,94,24,244,185,59,346,275,71,466,391,75,275,241,34,569,508,61,1158,1100,58,68,58,10,26.1641342,90.6251541
ASSAM,Urban,Goalpara,Train,225,198,27,0,0,0,20,13,7,23,21,2,16,15,1,1,1,0,2,2,0,11,10,1,135,122,13,17,14,3,26.1641342,90.6251541
ASSAM,Urban,Goalpara,Water transport,24,21,3,0,0,0,4,4,0,2,1,1,5,5,0,2,2,0,7,5,2,2,2,0,2,2,0,0,0,0,26.1641342,90.6251541
ASSAM,Urban,Goalpara,Any other,355,323,32,0,0,0,41,33,8,91,77,14,73,70,3,28,28,0,23,21,2,9,8,1,73,72,1,17,14,3,26.1641342,90.6251541
ASSAM,Urban,Goalpara,No travel,10934,7049,3885,10934,7049,3885,0,0,0,0,0,0,0,0,0,0,0,0,0,0,0,0,0,0,0,0,0,0,0,0,26.1641342,90.6251541
ASSAM,Total,Chirang,All Modes,70670,50928,19742,30039,17242,12797,13172,10039,3133,14221,11971,2250,6606,5616,990,2558,2343,215,1844,1703,141,690,617,73,1083,1000,83,457,397,60,26.5386619,90.6939122
ASSAM,Total,Chirang,On foot,13868,8919,4949,0,0,0,7946,5105,2841,3861,2387,1474,2061,1427,634,0,0,0,0,0,0,0,0,0,0,0,0,0,0,0,26.5386619,90.6939122
ASSAM,Total,Chirang,Bicycle,17857,17131,726,0,0,0,4246,4067,179,8275,7895,380,3099,2996,103,1182,1162,20,1055,1011,44,0,0,0,0,0,0,0,0,0,26.5386619,90.6939122
ASSAM,Total,Chirang,Moped/Scooter/Motor Cycle,3287,3079,208,0,0,0,583,555,28,1188,1104,84,696,639,57,414,392,22,174,169,5,113,110,3,47,43,4,72,67,5,26.5386619,90.6939122
ASSAM,Total,Chirang,Car/Jeep/Van,620,541,79,0,0,0,79,70,9,160,132,28,110,98,12,76,66,10,37,32,5,62,51,11,77,75,2,19,17,2,26.5386619,90.6939122
ASSAM,Total,Chirang,Tempo/Autorickshaw/Taxi,880,555,325,0,0,0,75,50,25,301,147,154,211,128,83,158,117,41,45,34,11,35,33,2,21,21,0,34,25,9,26.5386619,90.6939122
ASSAM,Total,Chirang,Bus,2250,1770,480,0,0,0,66,40,26,224,129,95,285,191,94,593,480,113,400,336,64,331,285,46,307,270,37,44,39,5,26.5386619,90.6939122
ASSAM,Total,Chirang,Train,1236,1147,89,0,0,0,82,73,9,104,92,12,58,57,1,71,68,3,101,91,10,121,110,11,547,517,30,152,139,13,26.5386619,90.6939122
ASSAM,Total,Chirang,Water transport,29,24,5,0,0,0,5,4,1,4,4,0,1,0,1,4,4,0,2,2,0,3,3,0,2,2,0,8,5,3,26.5386619,90.6939122
ASSAM,Total,Chirang,Any other,604,520,84,0,0,0,90,75,15,104,81,23,85,80,5,60,54,6,30,28,2,25,25,0,82,72,10,128,105,23,26.5386619,90.6939122
ASSAM,Total,Chirang,No travel,30039,17242,12797,30039,17242,12797,0,0,0,0,0,0,0,0,0,0,0,0,0,0,0,0,0,0,0,0,0,0,0,0,26.5386619,90.6939122
ASSAM,Rural,Chirang,All Modes,59695,41498,18197,27550,15373,12177,9778,7063,2715,11411,9479,1932,5810,4903,907,2019,1842,177,1417,1312,105,462,412,50,835,761,74,413,353,60,26.5386619,90.6939122
ASSAM,Rural,Chirang,On foot,11017,6729,4288,0,0,0,6010,3554,2456,3132,1892,1240,1875,1283,592,0,0,0,0,0,0,0,0,0,0,0,0,0,0,0,26.5386619,90.6939122
ASSAM,Rural,Chirang,Bicycle,14259,13589,670,0,0,0,3053,2891,162,6509,6155,354,2763,2665,98,1036,1019,17,898,859,39,0,0,0,0,0,0,0,0,0,26.5386619,90.6939122
ASSAM,Rural,Chirang,Moped/Scooter/Motor Cycle,2666,2484,182,0,0,0,416,392,24,1007,939,68,603,549,54,321,301,20,133,129,4,85,82,3,40,36,4,61,56,5,26.5386619,90.6939122
ASSAM,Rural,Chirang,Car/Jeep/Van,514,449,65,0,0,0,65,56,9,144,122,22,88,78,10,56,48,8,28,23,5,44,37,7,72,70,2,17,15,2,26.5386619,90.6939122
ASSAM,Rural,Chirang,Tempo/Autorickshaw/Taxi,698,433,265,0,0,0,58,39,19,253,122,131,157,90,67,121,91,30,35,28,7,26,24,2,15,15,0,33,24,9,26.5386619,90.6939122
ASSAM,Rural,Chirang,Bus,1589,1191,398,0,0,0,43,21,22,189,102,87,209,130,79,401,306,95,246,203,43,228,195,33,236,202,34,37,32,5,26.5386619,90.6939122
ASSAM,Rural,Chirang,Train,849,783,66,0,0,0,48,40,8,82,73,9,42,41,1,28,27,1,56,51,5,61,56,5,397,373,24,135,122,13,26.5386619,90.6939122
ASSAM,Rural,Chirang,Water transport,23,18,5,0,0,0,3,2,1,2,2,0,1,0,1,3,3,0,2,2,0,3,3,0,2,2,0,7,4,3,26.5386619,90.6939122
ASSAM,Rural,Chirang,Any other,530,449,81,0,0,0,82,68,14,93,72,21,72,67,5,53,47,6,19,17,2,15,15,0,73,63,10,123,100,23,26.5386619,90.6939122
ASSAM,Rural,Chirang,No travel,27550,15373,12177,27550,15373,12177,0,0,0,0,0,0,0,0,0,0,0,0,0,0,0,0,0,0,0,0,0,0,0,0,26.5386619,90.6939122
ASSAM,Urban,Chirang,All Modes,10975,9430,1545,2489,1869,620,3394,2976,418,2810,2492,318,796,713,83,539,501,38,427,391,36,228,205,23,248,239,9,44,44,0,26.5386619,90.6939122
ASSAM,Urban,Chirang,On foot,2851,2190,661,0,0,0,1936,1551,385,729,495,234,186,144,42,0,0,0,0,0,0,0,0,0,0,0,0,0,0,0,26.5386619,90.6939122
ASSAM,Urban,Chirang,Bicycle,3598,3542,56,0,0,0,1193,1176,17,1766,1740,26,336,331,5,146,143,3,157,152,5,0,0,0,0,0,0,0,0,0,26.5386619,90.6939122
ASSAM,Urban,Chirang,Moped/Scooter/Motor Cycle,621,595,26,0,0,0,167,163,4,181,165,16,93,90,3,93,91,2,41,40,1,28,28,0,7,7,0,11,11,0,26.5386619,90.6939122
ASSAM,Urban,Chirang,Car/Jeep/Van,106,92,14,0,0,0,14,14,0,16,10,6,22,20,2,20,18,2,9,9,0,18,14,4,5,5,0,2,2,0,26.5386619,90.6939122
ASSAM,Urban,Chirang,Tempo/Autorickshaw/Taxi,182,122,60,0,0,0,17,11,6,48,25,23,54,38,16,37,26,11,10,6,4,9,9,0,6,6,0,1,1,0,26.5386619,90.6939122
ASSAM,Urban,Chirang,Bus,661,579,82,0,0,0,23,19,4,35,27,8,76,61,15,192,174,18,154,133,21,103,90,13,71,68,3,7,7,0,26.5386619,90.6939122
ASSAM,Urban,Chirang,Train,387,364,23,0,0,0,34,33,1,22,19,3,16,16,0,43,41,2,45,40,5,60,54,6,150,144,6,17,17,0,26.5386619,90.6939122
ASSAM,Urban,Chirang,Water transport,6,6,0,0,0,0,2,2,0,2,2,0,0,0,0,1,1,0,0,0,0,0,0,0,0,0,0,1,1,0,26.5386619,90.6939122
ASSAM,Urban,Chirang,Any other,74,71,3,0,0,0,8,7,1,11,9,2,13,13,0,7,7,0,11,11,0,10,10,0,9,9,0,5,5,0,26.5386619,90.6939122
ASSAM,Urban,Chirang,No travel,2489,1869,620,2489,1869,620,0,0,0,0,0,0,0,0,0,0,0,0,0,0,0,0,0,0,0,0,0,0,0,0,26.5386619,90.6939122
ASSAM,Total,Barpeta,All Modes,227277,175488,51789,79812,46532,33280,42419,33630,8789,48435,43494,4941,22062,19398,2664,9813,9069,744,5532,5146,386,3546,3332,214,14748,14069,679,910,818,92,26.3304209,91.0040547
ASSAM,Total,Barpeta,On foot,44829,32548,12281,0,0,0,26870,18988,7882,12206,9389,2817,5753,4171,1582,0,0,0,0,0,0,0,0,0,0,0,0,0,0,0,26.3304209,91.0040547
ASSAM,Total,Barpeta,Bicycle,54515,52793,1722,0,0,0,11714,11288,426,27815,26915,900,9645,9389,256,3158,3101,57,2183,2100,83,0,0,0,0,0,0,0,0,0,26.3304209,91.0040547
ASSAM,Total,Barpeta,Moped/Scooter/Motor Cycle,12106,11567,539,0,0,0,2121,2020,101,4528,4304,224,2172,2069,103,1682,1625,57,665,648,17,425,409,16,300,290,10,213,202,11,26.3304209,91.0040547
ASSAM,Total,Barpeta,Car/Jeep/Van,2138,1872,266,0,0,0,238,185,53,386,315,71,234,193,41,282,245,37,209,194,15,188,178,10,555,521,34,46,41,5,26.3304209,91.0040547
ASSAM,Total,Barpeta,Tempo/Autorickshaw/Taxi,2663,1999,664,0,0,0,227,151,76,921,571,350,703,569,134,334,274,60,116,99,17,96,90,6,202,197,5,64,48,16,26.3304209,91.0040547
ASSAM,Total,Barpeta,Bus,23532,21096,2436,0,0,0,488,386,102,1731,1287,444,2992,2487,505,3910,3388,522,2098,1856,242,2264,2103,161,9810,9379,431,239,210,29,26.3304209,91.0040547
ASSAM,Total,Barpeta,Train,5255,4965,290,0,0,0,178,150,28,171,160,11,169,153,16,168,165,3,183,171,12,513,493,20,3638,3458,180,235,215,20,26.3304209,91.0040547
ASSAM,Total,Barpeta,Water transport,448,414,34,0,0,0,44,37,7,147,138,9,74,67,7,126,122,4,15,15,0,8,8,0,21,18,3,13,9,4,26.3304209,91.0040547
ASSAM,Total,Barpeta,Any other,1979,1702,277,0,0,0,539,425,114,530,415,115,320,300,20,153,149,4,63,63,0,52,51,1,222,206,16,100,93,7,26.3304209,91.0040547
ASSAM,Total,Barpeta,No travel,79812,46532,33280,79812,46532,33280,0,0,0,0,0,0,0,0,0,0,0,0,0,0,0,0,0,0,0,0,0,0,0,0,26.3304209,91.0040547
ASSAM,Rural,Barpeta,All Modes,180653,135748,44905,69417,38854,30563,26019,19332,6687,37450,33537,3913,19329,17125,2204,8269,7733,536,4302,4042,260,2722,2563,159,12441,11933,508,704,629,75,26.3304209,91.0040547
ASSAM,Rural,Barpeta,On foot,30763,20998,9765,0,0,0,16808,10736,6072,9161,6818,2343,4794,3444,1350,0,0,0,0,0,0,0,0,0,0,0,0,0,0,0,26.3304209,91.0040547
ASSAM,Rural,Barpeta,Bicycle,43751,42198,1553,0,0,0,7323,6958,365,22457,21645,812,9118,8870,248,2995,2940,55,1858,1785,73,0,0,0,0,0,0,0,0,0,26.3304209,91.0040547
ASSAM,Rural,Barpeta,Moped/Scooter/Motor Cycle,8179,7814,365,0,0,0,825,784,41,2956,2807,149,1811,1723,88,1363,1320,43,515,501,14,343,328,15,244,237,7,122,114,8,26.3304209,91.0040547
ASSAM,Rural,Barpeta,Car/Jeep/Van,1365,1222,143,0,0,0,79,60,19,213,168,45,172,148,24,196,177,19,136,131,5,133,127,6,407,384,23,29,27,2,26.3304209,91.0040547
ASSAM,Rural,Barpeta,Tempo/Autorickshaw/Taxi,2081,1690,391,0,0,0,107,82,25,665,473,192,630,530,100,282,241,41,93,82,11,85,80,5,172,170,2,47,32,15,26.3304209,91.0040547
ASSAM,Rural,Barpeta,Bus,19080,17316,1764,0,0,0,331,255,76,1354,1038,316,2329,1961,368,3026,2657,369,1519,1366,153,1789,1666,123,8528,8192,336,204,181,23,26.3304209,91.0040547
ASSAM,Rural,Barpeta,Train,4017,3825,192,0,0,0,117,99,18,128,121,7,121,111,10,138,135,3,108,104,4,321,312,9,2885,2762,123,199,181,18,26.3304209,91.0040547
ASSAM,Rural,Barpeta,Water transport,445,412,33,0,0,0,43,36,7,147,138,9,72,66,6,126,122,4,15,15,0,8,8,0,21,18,3,13,9,4,26.3304209,91.0040547
ASSAM,Rural,Barpeta,Any other,1555,1419,136,0,0,0,386,322,64,369,329,40,282,272,10,143,141,2,58,58,0,43,42,1,184,170,14,90,85,5,26.3304209,91.0040547
ASSAM,Rural,Barpeta,No travel,69417,38854,30563,69417,38854,30563,0,0,0,0,0,0,0,0,0,0,0,0,0,0,0,0,0,0,0,0,0,0,0,0,26.3304209,91.0040547
ASSAM,Urban,Barpeta,All Modes,46624,39740,6884,10395,7678,2717,16400,14298,2102,10985,9957,1028,2733,2273,460,1544,1336,208,1230,1104,126,824,769,55,2307,2136,171,206,189,17,26.3304209,91.0040547
ASSAM,Urban,Barpeta,On foot,14066,11550,2516,0,0,0,10062,8252,1810,3045,2571,474,959,727,232,0,0,0,0,0,0,0,0,0,0,0,0,0,0,0,26.3304209,91.0040547
ASSAM,Urban,Barpeta,Bicycle,10764,10595,169,0,0,0,4391,4330,61,5358,5270,88,527,519,8,163,161,2,325,315,10,0,0,0,0,0,0,0,0,0,26.3304209,91.0040547
ASSAM,Urban,Barpeta,Moped/Scooter/Motor Cycle,3927,3753,174,0,0,0,1296,1236,60,1572,1497,75,361,346,15,319,305,14,150,147,3,82,81,1,56,53,3,91,88,3,26.3304209,91.0040547
ASSAM,Urban,Barpeta,Car/Jeep/Van,773,650,123,0,0,0,159,125,34,173,147,26,62,45,17,86,68,18,73,63,10,55,51,4,148,137,11,17,14,3,26.3304209,91.0040547
ASSAM,Urban,Barpeta,Tempo/Autorickshaw/Taxi,582,309,273,0,0,0,120,69,51,256,98,158,73,39,34,52,33,19,23,17,6,11,10,1,30,27,3,17,16,1,26.3304209,91.0040547
ASSAM,Urban,Barpeta,Bus,4452,3780,672,0,0,0,157,131,26,377,249,128,663,526,137,884,731,153,579,490,89,475,437,38,1282,1187,95,35,29,6,26.3304209,91.0040547
ASSAM,Urban,Barpeta,Train,1238,1140,98,0,0,0,61,51,10,43,39,4,48,42,6,30,30,0,75,67,8,192,181,11,753,696,57,36,34,2,26.3304209,91.0040547
ASSAM,Urban,Barpeta,Water transport,3,2,1,0,0,0,1,1,0,0,0,0,2,1,1,0,0,0,0,0,0,0,0,0,0,0,0,0,0,0,26.3304209,91.0040547
ASSAM,Urban,Barpeta,Any other,424,283,141,0,0,0,153,103,50,161,86,75,38,28,10,10,8,2,5,5,0,9,9,0,38,36,2,10,8,2,26.3304209,91.0040547
ASSAM,Urban,Barpeta,No travel,10395,7678,2717,10395,7678,2717,0,0,0,0,0,0,0,0,0,0,0,0,0,0,0,0,0,0,0,0,0,0,0,0,26.3304209,91.0040547
MEGHALAYA,Total,West Khasi Hills,All Modes,38730,24479,14251,16749,9626,7123,7969,4516,3453,5689,4081,1608,4183,2791,1392,874,716,158,625,514,111,967,820,147,1336,1163,173,338,252,86,25.5624625,91.2891036
MEGHALAYA,Total,West Khasi Hills,On foot,14444,8954,5490,0,0,0,7543,4238,3305,3860,2825,1035,3041,1891,1150,0,0,0,0,0,0,0,0,0,0,0,0,0,0,0,25.5624625,91.2891036
MEGHALAYA,Total,West Khasi Hills,Bicycle,252,204,48,0,0,0,30,20,10,104,86,18,61,56,5,13,12,1,44,30,14,0,0,0,0,0,0,0,0,0,25.5624625,91.2891036
MEGHALAYA,Total,West Khasi Hills,Moped/Scooter/Motor Cycle,352,312,40,0,0,0,26,23,3,95,82,13,75,64,11,50,47,3,15,14,1,19,17,2,37,34,3,35,31,4,25.5624625,91.2891036
MEGHALAYA,Total,West Khasi Hills,Car/Jeep/Van,2652,2012,640,0,0,0,150,102,48,768,520,248,527,410,117,333,273,60,161,122,39,262,219,43,296,254,42,155,112,43,25.5624625,91.2891036
MEGHALAYA,Total,West Khasi Hills,Tempo/Autorickshaw/Taxi,1327,895,432,0,0,0,125,66,59,672,421,251,248,178,70,97,71,26,21,13,8,69,62,7,81,73,8,14,11,3,25.5624625,91.2891036
MEGHALAYA,Total,West Khasi Hills,Bus,2254,1859,395,0,0,0,37,28,9,109,86,23,143,108,35,262,203,59,335,288,47,532,440,92,779,664,115,57,42,15,25.5624625,91.2891036
MEGHALAYA,Total,West Khasi Hills,Train,61,43,18,0,0,0,11,5,6,7,3,4,5,3,2,8,8,0,1,0,1,2,2,0,11,11,0,16,11,5,25.5624625,91.2891036
MEGHALAYA,Total,West Khasi Hills,Water transport,5,4,1,0,0,0,1,1,0,0,0,0,0,0,0,0,0,0,2,2,0,0,0,0,1,1,0,1,0,1,25.5624625,91.2891036
MEGHALAYA,Total,West Khasi Hills,Any other,634,570,64,0,0,0,46,33,13,74,58,16,83,81,2,111,102,9,46,45,1,83,80,3,131,126,5,60,45,15,25.5624625,91.2891036
MEGHALAYA,Total,West Khasi Hills,No travel,16749,9626,7123,16749,9626,7123,0,0,0,0,0,0,0,0,0,0,0,0,0,0,0,0,0,0,0,0,0,0,0,0,25.5624625,91.2891036
MEGHALAYA,Rural,West Khasi Hills,All Modes,27609,17695,9914,13253,7774,5479,5030,2858,2172,3351,2474,877,2943,1979,964,710,589,121,505,438,67,570,509,61,988,871,117,259,203,56,25.5624625,91.2891036
MEGHALAYA,Rural,West Khasi Hills,On foot,9850,6163,3687,0,0,0,4872,2742,2130,2737,2018,719,2241,1403,838,0,0,0,0,0,0,0,0,0,0,0,0,0,0,0,25.5624625,91.2891036
MEGHALAYA,Rural,West Khasi Hills,Bicycle,215,181,34,0,0,0,24,17,7,88,76,12,55,52,3,10,9,1,38,27,11,0,0,0,0,0,0,0,0,0,25.5624625,91.2891036
MEGHALAYA,Rural,West Khasi Hills,Moped/Scooter/Motor Cycle,290,257,33,0,0,0,18,17,1,63,53,10,66,57,9,46,43,3,12,11,1,15,13,2,35,32,3,35,31,4,25.5624625,91.2891036
MEGHALAYA,Rural,West Khasi Hills,Car/Jeep/Van,1409,1119,290,0,0,0,41,31,10,264,185,79,272,221,51,279,228,51,120,95,25,132,110,22,190,164,26,111,85,26,25.5624625,91.2891036
MEGHALAYA,Rural,West Khasi Hills,Tempo/Autorickshaw/Taxi,386,300,86,0,0,0,16,11,5,85,53,32,121,92,29,50,39,11,8,5,3,38,37,1,60,57,3,8,6,2,25.5624625,91.2891036
MEGHALAYA,Rural,West Khasi Hills,Bus,1712,1461,251,0,0,0,29,21,8,77,62,15,118,88,30,216,170,46,286,259,27,340,305,35,602,520,82,44,36,8,25.5624625,91.2891036
MEGHALAYA,Rural,West Khasi Hills,Train,43,32,11,0,0,0,6,4,2,6,2,4,3,1,2,7,7,0,0,0,0,1,1,0,9,9,0,11,8,3,25.5624625,91.2891036
MEGHALAYA,Rural,West Khasi Hills,Water transport,5,4,1,0,0,0,1,1,0,0,0,0,0,0,0,0,0,0,2,2,0,0,0,0,1,1,0,1,0,1,25.5624625,91.2891036
MEGHALAYA,Rural,West Khasi Hills,Any other,446,404,42,0,0,0,23,14,9,31,25,6,67,65,2,102,93,9,39,39,0,44,43,1,91,88,3,49,37,12,25.5624625,91.2891036
MEGHALAYA,Rural,West Khasi Hills,No travel,13253,7774,5479,13253,7774,5479,0,0,0,0,0,0,0,0,0,0,0,0,0,0,0,0,0,0,0,0,0,0,0,0,25.5624625,91.2891036
MEGHALAYA,Urban,West Khasi Hills,All Modes,11121,6784,4337,3496,1852,1644,2939,1658,1281,2338,1607,731,1240,812,428,164,127,37,120,76,44,397,311,86,348,292,56,79,49,30,25.5624625,91.2891036
MEGHALAYA,Urban,West Khasi Hills,On foot,4594,2791,1803,0,0,0,2671,1496,1175,1123,807,316,800,488,312,0,0,0,0,0,0,0,0,0,0,0,0,0,0,0,25.5624625,91.2891036
MEGHALAYA,Urban,West Khasi Hills,Bicycle,37,23,14,0,0,0,6,3,3,16,10,6,6,4,2,3,3,0,6,3,3,0,0,0,0,0,0,0,0,0,25.5624625,91.2891036
MEGHALAYA,Urban,West Khasi Hills,Moped/Scooter/Motor Cycle,62,55,7,0,0,0,8,6,2,32,29,3,9,7,2,4,4,0,3,3,0,4,4,0,2,2,0,0,0,0,25.5624625,91.2891036
MEGHALAYA,Urban,West Khasi Hills,Car/Jeep/Van,1243,893,350,0,0,0,109,71,38,504,335,169,255,189,66,54,45,9,41,27,14,130,109,21,106,90,16,44,27,17,25.5624625,91.2891036
MEGHALAYA,Urban,West Khasi Hills,Tempo/Autorickshaw/Taxi,941,595,346,0,0,0,109,55,54,587,368,219,127,86,41,47,32,15,13,8,5,31,25,6,21,16,5,6,5,1,25.5624625,91.2891036
MEGHALAYA,Urban,West Khasi Hills,Bus,542,398,144,0,0,0,8,7,1,32,24,8,25,20,5,46,33,13,49,29,20,192,135,57,177,144,33,13,6,7,25.5624625,91.2891036
MEGHALAYA,Urban,West Khasi Hills,Train,18,11,7,0,0,0,5,1,4,1,1,0,2,2,0,1,1,0,1,0,1,1,1,0,2,2,0,5,3,2,25.5624625,91.2891036
MEGHALAYA,Urban,West Khasi Hills,Water transport,0,0,0,0,0,0,0,0,0,0,0,0,0,0,0,0,0,0,0,0,0,0,0,0,0,0,0,0,0,0,25.5624625,91.2891036
MEGHALAYA,Urban,West Khasi Hills,Any other,188,166,22,0,0,0,23,19,4,43,33,10,16,16,0,9,9,0,7,6,1,39,37,2,40,38,2,11,8,3,25.5624625,91.2891036
MEGHALAYA,Urban,West Khasi Hills,No travel,3496,1852,1644,3496,1852,1644,0,0,0,0,0,0,0,0,0,0,0,0,0,0,0,0,0,0,0,0,0,0,0,0,25.5624625,91.2891036
TRIPURA,Total,West Tripura,All Modes,401732,305864,95868,105404,72378,33026,77803,53576,24227,113690,89999,23691,55925,46708,9217,22432,19722,2710,10657,9487,1170,6205,5473,732,7398,6646,752,2218,1875,343,23.899682,91.4048249
TRIPURA,Total,West Tripura,On foot,108928,67270,41658,0,0,0,59519,36932,22587,36010,21137,14873,13399,9201,4198,0,0,0,0,0,0,0,0,0,0,0,0,0,0,0,23.899682,91.4048249
TRIPURA,Total,West Tripura,Bicycle,78904,77534,1370,0,0,0,11110,10846,264,44884,44127,757,16125,15907,218,3850,3807,43,2935,2847,88,0,0,0,0,0,0,0,0,0,23.899682,91.4048249
TRIPURA,Total,West Tripura,Moped/Scooter/Motor Cycle,27720,26129,1591,0,0,0,3512,3314,198,12724,11878,846,6425,6101,324,3010,2895,115,732,696,36,430,414,16,357,337,20,530,494,36,23.899682,91.4048249
TRIPURA,Total,West Tripura,Car/Jeep/Van,13425,11178,2247,0,0,0,666,526,140,2759,2083,676,2845,2273,572,3009,2598,411,1706,1512,194,1251,1119,132,944,859,85,245,208,37,23.899682,91.4048249
TRIPURA,Total,West Tripura,Tempo/Autorickshaw/Taxi,28103,19084,9019,0,0,0,1621,947,674,12991,7789,5202,9376,7036,2340,2567,2071,496,462,405,57,273,243,30,372,284,88,441,309,132,23.899682,91.4048249
TRIPURA,Total,West Tripura,Bus,34274,28064,6210,0,0,0,883,673,210,3322,2272,1050,7212,5698,1514,9705,8083,1622,4694,3916,778,3987,3449,538,3981,3552,429,490,421,69,23.899682,91.4048249
TRIPURA,Total,West Tripura,Train,2541,2322,219,0,0,0,162,134,28,289,255,34,137,120,17,101,92,9,65,56,9,171,161,10,1386,1288,98,230,216,14,23.899682,91.4048249
TRIPURA,Total,West Tripura,Water transport,158,127,31,0,0,0,31,24,7,45,35,10,14,12,2,19,16,3,8,7,1,2,2,0,22,21,1,17,10,7,23.899682,91.4048249
TRIPURA,Total,West Tripura,Any other,2275,1778,497,0,0,0,299,180,119,666,423,243,392,360,32,171,160,11,55,48,7,91,85,6,336,305,31,265,217,48,23.899682,91.4048249
TRIPURA,Total,West Tripura,No travel,105404,72378,33026,105404,72378,33026,0,0,0,0,0,0,0,0,0,0,0,0,0,0,0,0,0,0,0,0,0,0,0,0,23.899682,91.4048249
TRIPURA,Rural,West Tripura,All Modes,170254,124584,45670,58532,39266,19266,34757,22050,12707,38351,29826,8525,19084,15562,3522,9020,8211,809,4568,4231,337,2619,2414,205,2395,2220,175,928,804,124,23.899682,91.4048249
TRIPURA,Rural,West Tripura,On foot,51093,29437,21656,0,0,0,28846,16550,12296,15803,8794,7009,6444,4093,2351,0,0,0,0,0,0,0,0,0,0,0,0,0,0,0,23.899682,91.4048249
TRIPURA,Rural,West Tripura,Bicycle,27520,26940,580,0,0,0,4122,3997,125,15918,15612,306,5073,4987,86,1276,1258,18,1131,1086,45,0,0,0,0,0,0,0,0,0,23.899682,91.4048249
TRIPURA,Rural,West Tripura,Moped/Scooter/Motor Cycle,7122,6756,366,0,0,0,694,656,38,2529,2381,148,1835,1740,95,1227,1181,46,356,344,12,208,199,9,111,106,5,162,149,13,23.899682,91.4048249
TRIPURA,Rural,West Tripura,Car/Jeep/Van,6139,5338,801,0,0,0,233,186,47,951,742,209,1299,1084,215,1555,1384,171,934,860,74,653,601,52,404,385,19,110,96,14,23.899682,91.4048249
TRIPURA,Rural,West Tripura,Tempo/Autorickshaw/Taxi,4730,3663,1067,0,0,0,266,196,70,1621,1125,496,1804,1468,336,606,505,101,148,130,18,84,79,5,62,56,6,139,104,35,23.899682,91.4048249
TRIPURA,Rural,West Tripura,Bus,13430,11663,1767,0,0,0,448,353,95,1291,962,329,2482,2061,421,4258,3795,463,1942,1760,182,1546,1414,132,1218,1111,107,245,207,38,23.899682,91.4048249
TRIPURA,Rural,West Tripura,Train,959,878,81,0,0,0,68,51,17,97,82,15,45,40,5,36,33,3,27,23,4,86,81,5,471,445,26,129,123,6,23.899682,91.4048249
TRIPURA,Rural,West Tripura,Water transport,68,58,10,0,0,0,13,11,2,17,16,1,3,3,0,8,7,1,5,5,0,0,0,0,12,11,1,10,5,5,23.899682,91.4048249
TRIPURA,Rural,West Tripura,Any other,661,585,76,0,0,0,67,50,17,124,112,12,99,86,13,54,48,6,25,23,2,42,40,2,117,106,11,133,120,13,23.899682,91.4048249
TRIPURA,Rural,West Tripura,No travel,58532,39266,19266,58532,39266,19266,0,0,0,0,0,0,0,0,0,0,0,0,0,0,0,0,0,0,0,0,0,0,0,0,23.899682,91.4048249
TRIPURA,Urban,West Tripura,All Modes,231478,181280,50198,46872,33112,13760,43046,31526,11520,75339,60173,15166,36841,31146,5695,13412,11511,1901,6089,5256,833,3586,3059,527,5003,4426,577,1290,1071,219,23.899682,91.4048249
TRIPURA,Urban,West Tripura,On foot,57835,37833,20002,0,0,0,30673,20382,10291,20207,12343,7864,6955,5108,1847,0,0,0,0,0,0,0,0,0,0,0,0,0,0,0,23.899682,91.4048249
TRIPURA,Urban,West Tripura,Bicycle,51384,50594,790,0,0,0,6988,6849,139,28966,28515,451,11052,10920,132,2574,2549,25,1804,1761,43,0,0,0,0,0,0,0,0,0,23.899682,91.4048249
TRIPURA,Urban,West Tripura,Moped/Scooter/Motor Cycle,20598,19373,1225,0,0,0,2818,2658,160,10195,9497,698,4590,4361,229,1783,1714,69,376,352,24,222,215,7,246,231,15,368,345,23,23.899682,91.4048249
TRIPURA,Urban,West Tripura,Car/Jeep/Van,7286,5840,1446,0,0,0,433,340,93,1808,1341,467,1546,1189,357,1454,1214,240,772,652,120,598,518,80,540,474,66,135,112,23,23.899682,91.4048249
TRIPURA,Urban,West Tripura,Tempo/Autorickshaw/Taxi,23373,15421,7952,0,0,0,1355,751,604,11370,6664,4706,7572,5568,2004,1961,1566,395,314,275,39,189,164,25,310,228,82,302,205,97,23.899682,91.4048249
TRIPURA,Urban,West Tripura,Bus,20844,16401,4443,0,0,0,435,320,115,2031,1310,721,4730,3637,1093,5447,4288,1159,2752,2156,596,2441,2035,406,2763,2441,322,245,214,31,23.899682,91.4048249
TRIPURA,Urban,West Tripura,Train,1582,1444,138,0,0,0,94,83,11,192,173,19,92,80,12,65,59,6,38,33,5,85,80,5,915,843,72,101,93,8,23.899682,91.4048249
TRIPURA,Urban,West Tripura,Water transport,90,69,21,0,0,0,18,13,5,28,19,9,11,9,2,11,9,2,3,2,1,2,2,0,10,10,0,7,5,2,23.899682,91.4048249
TRIPURA,Urban,West Tripura,Any other,1614,1193,421,0,0,0,232,130,102,542,311,231,293,274,19,117,112,5,30,25,5,49,45,4,219,199,20,132,97,35,23.899682,91.4048249
TRIPURA,Urban,West Tripura,No travel,46872,33112,13760,46872,33112,13760,0,0,0,0,0,0,0,0,0,0,0,0,0,0,0,0,0,0,0,0,0,0,0,0,23.899682,91.4048249
ASSAM,Total,Nalbari,All Modes,155267,123584,31683,64732,43225,21507,21288,17044,4244,24718,22088,2630,14653,12954,1699,6046,5553,493,4119,3873,246,3923,3714,209,14768,14219,549,1020,914,106,26.4446185,91.4410527
ASSAM,Total,Nalbari,On foot,21748,15821,5927,0,0,0,12812,9115,3697,5145,3848,1297,3791,2858,933,0,0,0,0,0,0,0,0,0,0,0,0,0,0,0,26.4446185,91.4410527
ASSAM,Total,Nalbari,Bicycle,31476,30279,1197,0,0,0,6291,6017,274,14568,13965,603,6465,6275,190,1891,1846,45,2261,2176,85,0,0,0,0,0,0,0,0,0,26.4446185,91.4410527
ASSAM,Total,Nalbari,Moped/Scooter/Motor Cycle,8107,7731,376,0,0,0,1132,1069,63,2709,2556,153,1650,1579,71,1205,1161,44,385,375,10,320,310,10,467,460,7,239,221,18,26.4446185,91.4410527
ASSAM,Total,Nalbari,Car/Jeep/Van,1327,1156,171,0,0,0,94,74,20,212,170,42,161,137,24,181,154,27,93,81,12,160,148,12,376,350,26,50,42,8,26.4446185,91.4410527
ASSAM,Total,Nalbari,Tempo/Autorickshaw/Taxi,3138,2325,813,0,0,0,193,135,58,737,405,332,908,675,233,713,582,131,149,131,18,135,123,12,221,207,14,82,67,15,26.4446185,91.4410527
ASSAM,Total,Nalbari,Bus,17837,16588,1249,0,0,0,374,322,52,772,639,133,1275,1058,217,1798,1572,226,1082,972,110,2944,2784,160,9332,9004,328,260,237,23,26.4446185,91.4410527
ASSAM,Total,Nalbari,Train,5842,5561,281,0,0,0,203,181,22,355,327,28,207,198,9,177,167,10,130,122,8,319,305,14,4227,4057,170,224,204,20,26.4446185,91.4410527
ASSAM,Total,Nalbari,Water transport,129,110,19,0,0,0,11,10,1,24,22,2,37,31,6,19,14,5,6,3,3,6,6,0,20,19,1,6,5,1,26.4446185,91.4410527
ASSAM,Total,Nalbari,Any other,931,788,143,0,0,0,178,121,57,196,156,40,159,143,16,62,57,5,13,13,0,39,38,1,125,122,3,159,138,21,26.4446185,91.4410527
ASSAM,Total,Nalbari,No travel,64732,43225,21507,64732,43225,21507,0,0,0,0,0,0,0,0,0,0,0,0,0,0,0,0,0,0,0,0,0,0,0,0,26.4446185,91.4410527
ASSAM,Rural,Nalbari,All Modes,131582,103877,27705,56301,36798,19503,15966,12621,3345,20747,18624,2123,12787,11330,1457,5154,4788,366,3531,3332,199,3515,3338,177,12711,12264,447,870,782,88,26.4446185,91.4410527
ASSAM,Rural,Nalbari,On foot,16918,12095,4823,0,0,0,9595,6664,2931,4274,3198,1076,3049,2233,816,0,0,0,0,0,0,0,0,0,0,0,0,0,0,0,26.4446185,91.4410527
ASSAM,Rural,Nalbari,Bicycle,27137,26085,1052,0,0,0,4846,4613,233,12595,12067,528,6006,5829,177,1750,1711,39,1940,1865,75,0,0,0,0,0,0,0,0,0,26.4446185,91.4410527
ASSAM,Rural,Nalbari,Moped/Scooter/Motor Cycle,6159,5903,256,0,0,0,727,690,37,2013,1913,100,1338,1284,54,959,928,31,314,307,7,248,240,8,380,373,7,180,168,12,26.4446185,91.4410527
ASSAM,Rural,Nalbari,Car/Jeep/Van,1004,907,97,0,0,0,51,39,12,130,110,20,132,116,16,136,126,10,75,66,9,140,134,6,303,284,19,37,32,5,26.4446185,91.4410527
ASSAM,Rural,Nalbari,Tempo/Autorickshaw/Taxi,2494,1924,570,0,0,0,132,99,33,584,354,230,759,584,175,537,446,91,129,119,10,117,108,9,167,158,9,69,56,13,26.4446185,91.4410527
ASSAM,Rural,Nalbari,Bus,15751,14687,1064,0,0,0,311,268,43,683,567,116,1143,952,191,1556,1375,181,954,863,91,2717,2577,140,8160,7879,281,227,206,21,26.4446185,91.4410527
ASSAM,Rural,Nalbari,Train,4895,4681,214,0,0,0,160,141,19,287,264,23,183,177,6,142,135,7,101,97,4,253,240,13,3576,3449,127,193,178,15,26.4446185,91.4410527
ASSAM,Rural,Nalbari,Water transport,123,104,19,0,0,0,11,10,1,23,21,2,34,28,6,19,14,5,6,3,3,6,6,0,18,17,1,6,5,1,26.4446185,91.4410527
ASSAM,Rural,Nalbari,Any other,800,693,107,0,0,0,133,97,36,158,130,28,143,127,16,55,53,2,12,12,0,34,33,1,107,104,3,158,137,21,26.4446185,91.4410527
ASSAM,Rural,Nalbari,No travel,56301,36798,19503,56301,36798,19503,0,0,0,0,0,0,0,0,0,0,0,0,0,0,0,0,0,0,0,0,0,0,0,0,26.4446185,91.4410527
ASSAM,Urban,Nalbari,All Modes,23685,19707,3978,8431,6427,2004,5322,4423,899,3971,3464,507,1866,1624,242,892,765,127,588,541,47,408,376,32,2057,1955,102,150,132,18,26.4446185,91.4410527
ASSAM,Urban,Nalbari,On foot,4830,3726,1104,0,0,0,3217,2451,766,871,650,221,742,625,117,0,0,0,0,0,0,0,0,0,0,0,0,0,0,0,26.4446185,91.4410527
ASSAM,Urban,Nalbari,Bicycle,4339,4194,145,0,0,0,1445,1404,41,1973,1898,75,459,446,13,141,135,6,321,311,10,0,0,0,0,0,0,0,0,0,26.4446185,91.4410527
ASSAM,Urban,Nalbari,Moped/Scooter/Motor Cycle,1948,1828,120,0,0,0,405,379,26,696,643,53,312,295,17,246,233,13,71,68,3,72,70,2,87,87,0,59,53,6,26.4446185,91.4410527
ASSAM,Urban,Nalbari,Car/Jeep/Van,323,249,74,0,0,0,43,35,8,82,60,22,29,21,8,45,28,17,18,15,3,20,14,6,73,66,7,13,10,3,26.4446185,91.4410527
ASSAM,Urban,Nalbari,Tempo/Autorickshaw/Taxi,644,401,243,0,0,0,61,36,25,153,51,102,149,91,58,176,136,40,20,12,8,18,15,3,54,49,5,13,11,2,26.4446185,91.4410527
ASSAM,Urban,Nalbari,Bus,2086,1901,185,0,0,0,63,54,9,89,72,17,132,106,26,242,197,45,128,109,19,227,207,20,1172,1125,47,33,31,2,26.4446185,91.4410527
ASSAM,Urban,Nalbari,Train,947,880,67,0,0,0,43,40,3,68,63,5,24,21,3,35,32,3,29,25,4,66,65,1,651,608,43,31,26,5,26.4446185,91.4410527
ASSAM,Urban,Nalbari,Water transport,6,6,0,0,0,0,0,0,0,1,1,0,3,3,0,0,0,0,0,0,0,0,0,0,2,2,0,0,0,0,26.4446185,91.4410527
ASSAM,Urban,Nalbari,Any other,131,95,36,0,0,0,45,24,21,38,26,12,16,16,0,7,4,3,1,1,0,5,5,0,18,18,0,1,1,0,26.4446185,91.4410527
ASSAM,Urban,Nalbari,No travel,8431,6427,2004,8431,6427,2004,0,0,0,0,0,0,0,0,0,0,0,0,0,0,0,0,0,0,0,0,0,0,0,0,26.4446185,91.4410527
TRIPURA,Total,South Tripura,All Modes,163608,118222,45386,40402,26726,13676,47144,30061,17083,48773,37358,11415,14363,12198,2165,5293,4810,483,2659,2455,204,2120,1970,150,2329,2186,143,525,458,67,23.2317493,91.5596117
TRIPURA,Total,South Tripura,On foot,61699,34440,27259,0,0,0,37838,21310,16528,19632,10183,9449,4229,2947,1282,0,0,0,0,0,0,0,0,0,0,0,0,0,0,0,23.2317493,91.5596117
TRIPURA,Total,South Tripura,Bicycle,33739,32905,834,0,0,0,6857,6656,201,21327,20798,529,4141,4072,69,660,654,6,754,725,29,0,0,0,0,0,0,0,0,0,23.2317493,91.5596117
TRIPURA,Total,South Tripura,Moped/Scooter/Motor Cycle,8712,8286,426,0,0,0,1474,1400,74,3463,3248,215,1779,1693,86,1162,1136,26,335,327,8,216,210,6,119,116,3,164,156,8,23.2317493,91.5596117
TRIPURA,Total,South Tripura,Car/Jeep/Van,5768,4943,825,0,0,0,241,187,54,1148,889,259,1467,1245,222,1432,1253,179,551,499,52,448,413,35,399,380,19,82,77,5,23.2317493,91.5596117
TRIPURA,Total,South Tripura,Tempo/Autorickshaw/Taxi,4888,3606,1282,0,0,0,302,200,102,2210,1451,759,1505,1224,281,588,499,89,98,89,9,52,47,5,55,45,10,78,51,27,23.2317493,91.5596117
TRIPURA,Total,South Tripura,Bus,6966,6072,894,0,0,0,158,114,44,533,385,148,1111,899,212,1387,1209,178,899,796,103,1336,1233,103,1450,1352,98,92,84,8,23.2317493,91.5596117
TRIPURA,Total,South Tripura,Train,601,516,85,0,0,0,93,61,32,154,122,32,40,36,4,15,14,1,11,10,1,20,20,0,215,208,7,53,45,8,23.2317493,91.5596117
TRIPURA,Total,South Tripura,Water transport,195,181,14,0,0,0,39,33,6,122,118,4,16,15,1,1,1,0,1,1,0,0,0,0,6,6,0,10,7,3,23.2317493,91.5596117
TRIPURA,Total,South Tripura,Any other,638,547,91,0,0,0,142,100,42,184,164,20,75,67,8,48,44,4,10,8,2,48,47,1,85,79,6,46,38,8,23.2317493,91.5596117
TRIPURA,Total,South Tripura,No travel,40402,26726,13676,40402,26726,13676,0,0,0,0,0,0,0,0,0,0,0,0,0,0,0,0,0,0,0,0,0,0,0,0,23.2317493,91.5596117
TRIPURA,Rural,South Tripura,All Modes,124107,86149,37958,32758,21093,11665,34979,20717,14262,36381,26726,9655,11075,9366,1709,3976,3642,334,1764,1622,142,1410,1327,83,1473,1397,76,291,259,32,23.2317493,91.5596117
TRIPURA,Rural,South Tripura,On foot,49430,25967,23463,0,0,0,29553,15635,13918,16564,8113,8451,3313,2219,1094,0,0,0,0,0,0,0,0,0,0,0,0,0,0,0,23.2317493,91.5596117
TRIPURA,Rural,South Tripura,Bicycle,23679,22971,708,0,0,0,4195,4035,160,15208,14744,464,3316,3259,57,528,522,6,432,411,21,0,0,0,0,0,0,0,0,0,23.2317493,91.5596117
TRIPURA,Rural,South Tripura,Moped/Scooter/Motor Cycle,5230,4991,239,0,0,0,644,613,31,1966,1863,103,1259,1190,69,852,830,22,243,237,6,145,141,4,64,63,1,57,54,3,23.2317493,91.5596117
TRIPURA,Rural,South Tripura,Car/Jeep/Van,4155,3595,560,0,0,0,149,115,34,800,621,179,1121,962,159,1052,928,124,408,373,35,299,285,14,283,270,13,43,41,2,23.2317493,91.5596117
TRIPURA,Rural,South Tripura,Tempo/Autorickshaw/Taxi,2981,2422,559,0,0,0,137,112,25,1157,848,309,1103,944,159,414,365,49,64,59,5,43,40,3,27,24,3,36,30,6,23.2317493,91.5596117
TRIPURA,Rural,South Tripura,Bus,4841,4238,603,0,0,0,90,64,26,358,255,103,873,713,160,1077,949,128,600,527,73,893,832,61,892,843,49,58,55,3,23.2317493,91.5596117
TRIPURA,Rural,South Tripura,Train,432,357,75,0,0,0,71,42,29,107,79,28,32,28,4,8,7,1,7,7,0,11,11,0,152,146,6,44,37,7,23.2317493,91.5596117
TRIPURA,Rural,South Tripura,Water transport,179,165,14,0,0,0,39,33,6,118,114,4,5,4,1,1,1,0,1,1,0,0,0,0,5,5,0,10,7,3,23.2317493,91.5596117
TRIPURA,Rural,South Tripura,Any other,422,350,72,0,0,0,101,68,33,103,89,14,53,47,6,44,40,4,9,7,2,19,18,1,50,46,4,43,35,8,23.2317493,91.5596117
TRIPURA,Rural,South Tripura,No travel,32758,21093,11665,32758,21093,11665,0,0,0,0,0,0,0,0,0,0,0,0,0,0,0,0,0,0,0,0,0,0,0,0,23.2317493,91.5596117
TRIPURA,Urban,South Tripura,All Modes,39501,32073,7428,7644,5633,2011,12165,9344,2821,12392,10632,1760,3288,2832,456,1317,1168,149,895,833,62,710,643,67,856,789,67,234,199,35,23.2317493,91.5596117
TRIPURA,Urban,South Tripura,On foot,12269,8473,3796,0,0,0,8285,5675,2610,3068,2070,998,916,728,188,0,0,0,0,0,0,0,0,0,0,0,0,0,0,0,23.2317493,91.5596117
TRIPURA,Urban,South Tripura,Bicycle,10060,9934,126,0,0,0,2662,2621,41,6119,6054,65,825,813,12,132,132,0,322,314,8,0,0,0,0,0,0,0,0,0,23.2317493,91.5596117
TRIPURA,Urban,South Tripura,Moped/Scooter/Motor Cycle,3482,3295,187,0,0,0,830,787,43,1497,1385,112,520,503,17,310,306,4,92,90,2,71,69,2,55,53,2,107,102,5,23.2317493,91.5596117
TRIPURA,Urban,South Tripura,Car/Jeep/Van,1613,1348,265,0,0,0,92,72,20,348,268,80,346,283,63,380,325,55,143,126,17,149,128,21,116,110,6,39,36,3,23.2317493,91.5596117
TRIPURA,Urban,South Tripura,Tempo/Autorickshaw/Taxi,1907,1184,723,0,0,0,165,88,77,1053,603,450,402,280,122,174,134,40,34,30,4,9,7,2,28,21,7,42,21,21,23.2317493,91.5596117
TRIPURA,Urban,South Tripura,Bus,2125,1834,291,0,0,0,68,50,18,175,130,45,238,186,52,310,260,50,299,269,30,443,401,42,558,509,49,34,29,5,23.2317493,91.5596117
TRIPURA,Urban,South Tripura,Train,169,159,10,0,0,0,22,19,3,47,43,4,8,8,0,7,7,0,4,3,1,9,9,0,63,62,1,9,8,1,23.2317493,91.5596117
TRIPURA,Urban,South Tripura,Water transport,16,16,0,0,0,0,0,0,0,4,4,0,11,11,0,0,0,0,0,0,0,0,0,0,1,1,0,0,0,0,23.2317493,91.5596117
TRIPURA,Urban,South Tripura,Any other,216,197,19,0,0,0,41,32,9,81,75,6,22,20,2,4,4,0,1,1,0,29,29,0,35,33,2,3,3,0,23.2317493,91.5596117
TRIPURA,Urban,South Tripura,No travel,7644,5633,2011,7644,5633,2011,0,0,0,0,0,0,0,0,0,0,0,0,0,0,0,0,0,0,0,0,0,0,0,0,23.2317493,91.5596117
ASSAM,Total,Kamrup,All Modes,274523,202187,72336,123142,70934,52208,36649,28053,8596,41276,35924,5352,21024,18450,2574,10806,9913,893,12311,11459,852,15571,14575,996,11921,11213,708,1823,1666,157,26.3160819,91.5983959
ASSAM,Total,Kamrup,On foot,37157,26047,11110,0,0,0,22254,15055,7199,9393,6730,2663,5510,4262,1248,0,0,0,0,0,0,0,0,0,0,0,0,0,0,0,26.3160819,91.5983959
ASSAM,Total,Kamrup,Bicycle,47259,44868,2391,0,0,0,10149,9482,667,22762,21600,1162,8308,8003,305,2672,2595,77,3368,3188,180,0,0,0,0,0,0,0,0,0,26.3160819,91.5983959
ASSAM,Total,Kamrup,Moped/Scooter/Motor Cycle,12437,11847,590,0,0,0,2001,1875,126,4300,4066,234,2161,2086,75,1594,1553,41,809,782,27,822,794,28,363,340,23,387,351,36,26.3160819,91.5983959
ASSAM,Total,Kamrup,Car/Jeep/Van,2233,1993,240,0,0,0,204,172,32,350,282,68,230,205,25,286,266,20,270,245,25,437,400,37,378,352,26,78,71,7,26.3160819,91.5983959
ASSAM,Total,Kamrup,Tempo/Autorickshaw/Taxi,3635,2837,798,0,0,0,258,174,84,996,615,381,732,545,187,572,513,59,312,291,21,410,386,24,238,212,26,117,101,16,26.3160819,91.5983959
ASSAM,Total,Kamrup,Bus,43243,38789,4454,0,0,0,1074,845,229,2781,2010,771,3596,2893,703,5351,4685,666,7329,6746,583,13295,12416,879,9083,8526,557,734,668,66,26.3160819,91.5983959
ASSAM,Total,Kamrup,Train,3369,3183,186,0,0,0,214,177,37,287,266,21,140,130,10,127,121,6,129,117,12,477,459,18,1631,1568,63,364,345,19,26.3160819,91.5983959
ASSAM,Total,Kamrup,Water transport,524,477,47,0,0,0,44,26,18,138,133,5,151,143,8,90,80,10,20,19,1,27,24,3,34,34,0,20,18,2,26.3160819,91.5983959
ASSAM,Total,Kamrup,Any other,1524,1212,312,0,0,0,451,247,204,269,222,47,196,183,13,114,100,14,74,71,3,103,96,7,194,181,13,123,112,11,26.3160819,91.5983959
ASSAM,Total,Kamrup,No travel,123142,70934,52208,123142,70934,52208,0,0,0,0,0,0,0,0,0,0,0,0,0,0,0,0,0,0,0,0,0,0,0,0,26.3160819,91.5983959
ASSAM,Rural,Kamrup,All Modes,235289,170586,64703,107858,60360,47498,29401,21936,7465,34296,29808,4488,18295,16066,2229,9368,8618,750,10234,9559,675,13306,12491,815,10922,10278,644,1609,1470,139,26.3160819,91.5983959
ASSAM,Rural,Kamrup,On foot,30167,20529,9638,0,0,0,17819,11557,6262,7668,5387,2281,4680,3585,1095,0,0,0,0,0,0,0,0,0,0,0,0,0,0,0,26.3160819,91.5983959
ASSAM,Rural,Kamrup,Bicycle,40333,38196,2137,0,0,0,8316,7723,593,19203,18161,1042,7435,7152,283,2392,2325,67,2987,2835,152,0,0,0,0,0,0,0,0,0,26.3160819,91.5983959
ASSAM,Rural,Kamrup,Moped/Scooter/Motor Cycle,10026,9554,472,0,0,0,1434,1334,100,3497,3318,179,1833,1772,61,1317,1280,37,656,636,20,655,634,21,323,302,21,311,278,33,26.3160819,91.5983959
ASSAM,Rural,Kamrup,Car/Jeep/Van,1798,1628,170,0,0,0,132,111,21,270,223,47,185,165,20,242,228,14,211,195,16,361,333,28,334,315,19,63,58,5,26.3160819,91.5983959
ASSAM,Rural,Kamrup,Tempo/Autorickshaw/Taxi,3077,2448,629,0,0,0,186,122,64,794,507,287,654,493,161,509,462,47,261,246,15,366,350,16,209,183,26,98,85,13,26.3160819,91.5983959
ASSAM,Rural,Kamrup,Bus,37356,33665,3691,0,0,0,942,746,196,2287,1689,598,3071,2492,579,4606,4049,557,5929,5471,458,11405,10678,727,8432,7914,518,684,626,58,26.3160819,91.5983959
ASSAM,Rural,Kamrup,Train,2881,2722,159,0,0,0,181,146,35,237,219,18,121,111,10,110,105,5,103,93,10,401,386,15,1408,1359,49,320,303,17,26.3160819,91.5983959
ASSAM,Rural,Kamrup,Water transport,496,452,44,0,0,0,42,25,17,130,125,5,142,134,8,86,77,9,18,17,1,26,24,2,33,33,0,19,17,2,26.3160819,91.5983959
ASSAM,Rural,Kamrup,Any other,1297,1032,265,0,0,0,349,172,177,210,179,31,174,162,12,106,92,14,69,66,3,92,86,6,183,172,11,114,103,11,26.3160819,91.5983959
ASSAM,Rural,Kamrup,No travel,107858,60360,47498,107858,60360,47498,0,0,0,0,0,0,0,0,0,0,0,0,0,0,0,0,0,0,0,0,0,0,0,0,26.3160819,91.5983959
ASSAM,Urban,Kamrup,All Modes,39234,31601,7633,15284,10574,4710,7248,6117,1131,6980,6116,864,2729,2384,345,1438,1295,143,2077,1900,177,2265,2084,181,999,935,64,214,196,18,26.3160819,91.5983959
ASSAM,Urban,Kamrup,On foot,6990,5518,1472,0,0,0,4435,3498,937,1725,1343,382,830,677,153,0,0,0,0,0,0,0,0,0,0,0,0,0,0,0,26.3160819,91.5983959
ASSAM,Urban,Kamrup,Bicycle,6926,6672,254,0,0,0,1833,1759,74,3559,3439,120,873,851,22,280,270,10,381,353,28,0,0,0,0,0,0,0,0,0,26.3160819,91.5983959
ASSAM,Urban,Kamrup,Moped/Scooter/Motor Cycle,2411,2293,118,0,0,0,567,541,26,803,748,55,328,314,14,277,273,4,153,146,7,167,160,7,40,38,2,76,73,3,26.3160819,91.5983959
ASSAM,Urban,Kamrup,Car/Jeep/Van,435,365,70,0,0,0,72,61,11,80,59,21,45,40,5,44,38,6,59,50,9,76,67,9,44,37,7,15,13,2,26.3160819,91.5983959
ASSAM,Urban,Kamrup,Tempo/Autorickshaw/Taxi,558,389,169,0,0,0,72,52,20,202,108,94,78,52,26,63,51,12,51,45,6,44,36,8,29,29,0,19,16,3,26.3160819,91.5983959
ASSAM,Urban,Kamrup,Bus,5887,5124,763,0,0,0,132,99,33,494,321,173,525,401,124,745,636,109,1400,1275,125,1890,1738,152,651,612,39,50,42,8,26.3160819,91.5983959
ASSAM,Urban,Kamrup,Train,488,461,27,0,0,0,33,31,2,50,47,3,19,19,0,17,16,1,26,24,2,76,73,3,223,209,14,44,42,2,26.3160819,91.5983959
ASSAM,Urban,Kamrup,Water transport,28,25,3,0,0,0,2,1,1,8,8,0,9,9,0,4,3,1,2,2,0,1,0,1,1,1,0,1,1,0,26.3160819,91.5983959
ASSAM,Urban,Kamrup,Any other,227,180,47,0,0,0,102,75,27,59,43,16,22,21,1,8,8,0,5,5,0,11,10,1,11,9,2,9,9,0,26.3160819,91.5983959
ASSAM,Urban,Kamrup,No travel,15284,10574,4710,15284,10574,4710,0,0,0,0,0,0,0,0,0,0,0,0,0,0,0,0,0,0,0,0,0,0,0,0,26.3160819,91.5983959
ASSAM,Total,Baksa,All Modes,142567,92079,50488,78704,42003,36701,21797,14574,7223,20930,17475,3455,9896,7851,2045,2959,2705,254,2684,2358,326,1031,945,86,3685,3411,274,881,757,124,26.6935448,91.5983959
ASSAM,Total,Baksa,On foot,23950,14193,9757,0,0,0,14462,8186,6276,5579,3651,1928,3909,2356,1553,0,0,0,0,0,0,0,0,0,0,0,0,0,0,0,26.6935448,91.5983959
ASSAM,Total,Baksa,Bicycle,26384,23823,2561,0,0,0,6112,5410,702,13014,11770,1244,4147,3859,288,1207,1137,70,1904,1647,257,0,0,0,0,0,0,0,0,0,26.6935448,91.5983959
ASSAM,Total,Baksa,Moped/Scooter/Motor Cycle,3875,3679,196,0,0,0,615,578,37,1380,1312,68,800,763,37,499,476,23,178,173,5,151,145,6,95,93,2,157,139,18,26.6935448,91.5983959
ASSAM,Total,Baksa,Car/Jeep/Van,606,518,88,0,0,0,61,45,16,106,86,20,105,90,15,98,88,10,40,37,3,45,38,7,112,106,6,39,28,11,26.6935448,91.5983959
ASSAM,Total,Baksa,Tempo/Autorickshaw/Taxi,634,513,121,0,0,0,43,33,10,146,86,60,154,128,26,146,136,10,33,31,2,31,28,3,42,40,2,39,31,8,26.6935448,91.5983959
ASSAM,Total,Baksa,Bus,5904,5212,692,0,0,0,181,141,40,393,307,86,592,488,104,905,772,133,474,420,54,694,628,66,2499,2305,194,166,151,15,26.6935448,91.5983959
ASSAM,Total,Baksa,Train,1635,1485,150,0,0,0,144,105,39,192,166,26,82,77,5,52,49,3,30,28,2,86,83,3,815,759,56,234,218,16,26.6935448,91.5983959
ASSAM,Total,Baksa,Water transport,39,31,8,0,0,0,5,3,2,9,6,3,5,4,1,3,3,0,3,3,0,2,2,0,7,6,1,5,4,1,26.6935448,91.5983959
ASSAM,Total,Baksa,Any other,836,622,214,0,0,0,174,73,101,111,91,20,102,86,16,49,44,5,22,19,3,22,21,1,115,102,13,241,186,55,26.6935448,91.5983959
ASSAM,Total,Baksa,No travel,78704,42003,36701,78704,42003,36701,0,0,0,0,0,0,0,0,0,0,0,0,0,0,0,0,0,0,0,0,0,0,0,0,26.6935448,91.5983959
ASSAM,Rural,Baksa,All Modes,138846,89122,49724,77516,41211,36305,20678,13733,6945,20025,16619,3406,9657,7635,2022,2887,2640,247,2610,2286,324,995,912,83,3607,3339,268,871,747,124,26.6935448,91.5983959
ASSAM,Rural,Baksa,On foot,22753,13295,9458,0,0,0,13653,7643,6010,5265,3360,1905,3835,2292,1543,0,0,0,0,0,0,0,0,0,0,0,0,0,0,0,26.6935448,91.5983959
ASSAM,Rural,Baksa,Bicycle,25445,22909,2536,0,0,0,5853,5159,694,12511,11278,1233,4050,3766,284,1185,1116,69,1846,1590,256,0,0,0,0,0,0,0,0,0,26.6935448,91.5983959
ASSAM,Rural,Baksa,Moped/Scooter/Motor Cycle,3710,3520,190,0,0,0,582,545,37,1322,1258,64,762,727,35,481,458,23,171,166,5,150,144,6,92,90,2,150,132,18,26.6935448,91.5983959
ASSAM,Rural,Baksa,Car/Jeep/Van,580,494,86,0,0,0,58,42,16,99,80,19,101,86,15,91,82,9,40,37,3,44,37,7,109,103,6,38,27,11,26.6935448,91.5983959
ASSAM,Rural,Baksa,Tempo/Autorickshaw/Taxi,629,511,118,0,0,0,42,32,10,144,86,58,153,128,25,146,136,10,33,31,2,31,28,3,41,39,2,39,31,8,26.6935448,91.5983959
ASSAM,Rural,Baksa,Bus,5773,5106,667,0,0,0,175,136,39,381,299,82,572,474,98,885,757,128,465,412,53,669,606,63,2461,2272,189,165,150,15,26.6935448,91.5983959
ASSAM,Rural,Baksa,Train,1582,1434,148,0,0,0,141,104,37,190,164,26,79,74,5,48,45,3,30,28,2,77,74,3,784,728,56,233,217,16,26.6935448,91.5983959
ASSAM,Rural,Baksa,Water transport,38,30,8,0,0,0,5,3,2,9,6,3,5,4,1,2,2,0,3,3,0,2,2,0,7,6,1,5,4,1,26.6935448,91.5983959
ASSAM,Rural,Baksa,Any other,820,612,208,0,0,0,169,69,100,104,88,16,100,84,16,49,44,5,22,19,3,22,21,1,113,101,12,241,186,55,26.6935448,91.5983959
ASSAM,Rural,Baksa,No travel,77516,41211,36305,77516,41211,36305,0,0,0,0,0,0,0,0,0,0,0,0,0,0,0,0,0,0,0,0,0,0,0,0,26.6935448,91.5983959
ASSAM,Urban,Baksa,All Modes,3721,2957,764,1188,792,396,1119,841,278,905,856,49,239,216,23,72,65,7,74,72,2,36,33,3,78,72,6,10,10,0,26.6935448,91.5983959
ASSAM,Urban,Baksa,On foot,1197,898,299,0,0,0,809,543,266,314,291,23,74,64,10,0,0,0,0,0,0,0,0,0,0,0,0,0,0,0,26.6935448,91.5983959
ASSAM,Urban,Baksa,Bicycle,939,914,25,0,0,0,259,251,8,503,492,11,97,93,4,22,21,1,58,57,1,0,0,0,0,0,0,0,0,0,26.6935448,91.5983959
ASSAM,Urban,Baksa,Moped/Scooter/Motor Cycle,165,159,6,0,0,0,33,33,0,58,54,4,38,36,2,18,18,0,7,7,0,1,1,0,3,3,0,7,7,0,26.6935448,91.5983959
ASSAM,Urban,Baksa,Car/Jeep/Van,26,24,2,0,0,0,3,3,0,7,6,1,4,4,0,7,6,1,0,0,0,1,1,0,3,3,0,1,1,0,26.6935448,91.5983959
ASSAM,Urban,Baksa,Tempo/Autorickshaw/Taxi,5,2,3,0,0,0,1,1,0,2,0,2,1,0,1,0,0,0,0,0,0,0,0,0,1,1,0,0,0,0,26.6935448,91.5983959
ASSAM,Urban,Baksa,Bus,131,106,25,0,0,0,6,5,1,12,8,4,20,14,6,20,15,5,9,8,1,25,22,3,38,33,5,1,1,0,26.6935448,91.5983959
ASSAM,Urban,Baksa,Train,53,51,2,0,0,0,3,1,2,2,2,0,3,3,0,4,4,0,0,0,0,9,9,0,31,31,0,1,1,0,26.6935448,91.5983959
ASSAM,Urban,Baksa,Water transport,1,1,0,0,0,0,0,0,0,0,0,0,0,0,0,1,1,0,0,0,0,0,0,0,0,0,0,0,0,0,26.6935448,91.5983959
ASSAM,Urban,Baksa,Any other,16,10,6,0,0,0,5,4,1,7,3,4,2,2,0,0,0,0,0,0,0,0,0,0,2,1,1,0,0,0,26.6935448,91.5983959
ASSAM,Urban,Baksa,No travel,1188,792,396,1188,792,396,0,0,0,0,0,0,0,0,0,0,0,0,0,0,0,0,0,0,0,0,0,0,0,0,26.6935448,91.5983959
ASSAM,Total,Kamrup Metropolitan,All Modes,436224,339529,96695,119423,79377,40046,83772,67348,16424,111458,91982,19476,67861,55656,12205,23814,19957,3857,8637,7543,1094,5980,4919,1061,6761,5737,1024,8518,7010,1508,26.0794316,91.637215
ASSAM,Total,Kamrup Metropolitan,On foot,97811,76446,21365,0,0,0,60112,46887,13225,22802,17961,4841,14897,11598,3299,0,0,0,0,0,0,0,0,0,0,0,0,0,0,0,26.0794316,91.637215
ASSAM,Total,Kamrup Metropolitan,Bicycle,35579,33843,1736,0,0,0,6628,6315,313,19276,18347,929,5215,4991,224,1484,1400,84,2976,2790,186,0,0,0,0,0,0,0,0,0,26.0794316,91.637215
ASSAM,Total,Kamrup Metropolitan,Moped/Scooter/Motor Cycle,54168,50800,3368,0,0,0,7338,6879,459,23584,22018,1566,12824,12086,738,5515,5238,277,1069,1016,53,1220,1149,71,440,406,34,2178,2008,170,26.0794316,91.637215
ASSAM,Total,Kamrup Metropolitan,Car/Jeep/Van,28669,22405,6264,0,0,0,2982,2340,642,10446,7934,2512,7448,5803,1645,3516,2831,685,813,685,128,937,760,177,1096,928,168,1431,1124,307,26.0794316,91.637215
ASSAM,Total,Kamrup Metropolitan,Tempo/Autorickshaw/Taxi,15384,11803,3581,0,0,0,1461,1055,406,6918,4977,1941,4018,3256,762,1336,1127,209,377,334,43,439,354,85,198,168,30,637,532,105,26.0794316,91.637215
ASSAM,Total,Kamrup Metropolitan,Bus,77721,58572,19149,0,0,0,4078,2929,1149,26456,19148,7308,22630,17223,5407,11526,8987,2539,3187,2534,653,3039,2348,691,3624,2962,662,3181,2441,740,26.0794316,91.637215
ASSAM,Total,Kamrup Metropolitan,Train,3611,3136,475,0,0,0,378,302,76,602,518,84,331,285,46,191,166,25,125,108,17,235,213,22,1216,1105,111,533,439,94,26.0794316,91.637215
ASSAM,Total,Kamrup Metropolitan,Water transport,705,563,142,0,0,0,62,48,14,310,251,59,154,123,31,77,64,13,22,15,7,8,6,2,19,17,2,53,39,14,26.0794316,91.637215
ASSAM,Total,Kamrup Metropolitan,Any other,3153,2584,569,0,0,0,733,593,140,1064,828,236,344,291,53,169,144,25,68,61,7,102,89,13,168,151,17,505,427,78,26.0794316,91.637215
ASSAM,Total,Kamrup Metropolitan,No travel,119423,79377,40046,119423,79377,40046,0,0,0,0,0,0,0,0,0,0,0,0,0,0,0,0,0,0,0,0,0,0,0,0,26.0794316,91.637215
ASSAM,Rural,Kamrup Metropolitan,All Modes,49810,37761,12049,17273,10946,6327,12791,9880,2911,9446,7972,1474,4501,3747,754,2109,1864,245,1536,1413,123,987,897,90,654,607,47,513,435,78,26.0794316,91.637215
ASSAM,Rural,Kamrup Metropolitan,On foot,15552,11515,4037,0,0,0,10010,7361,2649,3582,2682,900,1960,1472,488,0,0,0,0,0,0,0,0,0,0,0,0,0,0,0,26.0794316,91.637215
ASSAM,Rural,Kamrup Metropolitan,Bicycle,6512,6186,326,0,0,0,1573,1478,95,3359,3185,174,776,754,22,313,305,8,491,464,27,0,0,0,0,0,0,0,0,0,26.0794316,91.637215
ASSAM,Rural,Kamrup Metropolitan,Moped/Scooter/Motor Cycle,2630,2466,164,0,0,0,556,513,43,876,820,56,402,382,20,369,355,14,174,169,5,108,105,3,37,33,4,108,89,19,26.0794316,91.637215
ASSAM,Rural,Kamrup Metropolitan,Car/Jeep/Van,956,845,111,0,0,0,200,173,27,226,192,34,156,144,12,134,116,18,76,72,4,74,65,9,51,48,3,39,35,4,26.0794316,91.637215
ASSAM,Rural,Kamrup Metropolitan,Tempo/Autorickshaw/Taxi,1059,864,195,0,0,0,88,71,17,400,305,95,268,227,41,154,133,21,42,34,8,53,48,5,11,11,0,43,35,8,26.0794316,91.637215
ASSAM,Rural,Kamrup Metropolitan,Bus,4997,4184,813,0,0,0,223,172,51,867,664,203,871,705,166,1074,894,180,691,615,76,671,599,72,405,369,36,195,166,29,26.0794316,91.637215
ASSAM,Rural,Kamrup Metropolitan,Train,500,454,46,0,0,0,82,59,23,67,64,3,27,25,2,38,35,3,43,41,2,46,45,1,132,129,3,65,56,9,26.0794316,91.637215
ASSAM,Rural,Kamrup Metropolitan,Water transport,54,46,8,0,0,0,14,12,2,15,14,1,8,7,1,5,5,0,2,1,1,2,2,0,5,4,1,3,1,2,26.0794316,91.637215
ASSAM,Rural,Kamrup Metropolitan,Any other,277,255,22,0,0,0,45,41,4,54,46,8,33,31,2,22,21,1,17,17,0,33,33,0,13,13,0,60,53,7,26.0794316,91.637215
ASSAM,Rural,Kamrup Metropolitan,No travel,17273,10946,6327,17273,10946,6327,0,0,0,0,0,0,0,0,0,0,0,0,0,0,0,0,0,0,0,0,0,0,0,0,26.0794316,91.637215
ASSAM,Urban,Kamrup Metropolitan,All Modes,386414,301768,84646,102150,68431,33719,70981,57468,13513,102012,84010,18002,63360,51909,11451,21705,18093,3612,7101,6130,971,4993,4022,971,6107,5130,977,8005,6575,1430,26.0794316,91.637215
ASSAM,Urban,Kamrup Metropolitan,On foot,82259,64931,17328,0,0,0,50102,39526,10576,19220,15279,3941,12937,10126,2811,0,0,0,0,0,0,0,0,0,0,0,0,0,0,0,26.0794316,91.637215
ASSAM,Urban,Kamrup Metropolitan,Bicycle,29067,27657,1410,0,0,0,5055,4837,218,15917,15162,755,4439,4237,202,1171,1095,76,2485,2326,159,0,0,0,0,0,0,0,0,0,26.0794316,91.637215
ASSAM,Urban,Kamrup Metropolitan,Moped/Scooter/Motor Cycle,51538,48334,3204,0,0,0,6782,6366,416,22708,21198,1510,12422,11704,718,5146,4883,263,895,847,48,1112,1044,68,403,373,30,2070,1919,151,26.0794316,91.637215
ASSAM,Urban,Kamrup Metropolitan,Car/Jeep/Van,27713,21560,6153,0,0,0,2782,2167,615,10220,7742,2478,7292,5659,1633,3382,2715,667,737,613,124,863,695,168,1045,880,165,1392,1089,303,26.0794316,91.637215
ASSAM,Urban,Kamrup Metropolitan,Tempo/Autorickshaw/Taxi,14325,10939,3386,0,0,0,1373,984,389,6518,4672,1846,3750,3029,721,1182,994,188,335,300,35,386,306,80,187,157,30,594,497,97,26.0794316,91.637215
ASSAM,Urban,Kamrup Metropolitan,Bus,72724,54388,18336,0,0,0,3855,2757,1098,25589,18484,7105,21759,16518,5241,10452,8093,2359,2496,1919,577,2368,1749,619,3219,2593,626,2986,2275,711,26.0794316,91.637215
ASSAM,Urban,Kamrup Metropolitan,Train,3111,2682,429,0,0,0,296,243,53,535,454,81,304,260,44,153,131,22,82,67,15,189,168,21,1084,976,108,468,383,85,26.0794316,91.637215
ASSAM,Urban,Kamrup Metropolitan,Water transport,651,517,134,0,0,0,48,36,12,295,237,58,146,116,30,72,59,13,20,14,6,6,4,2,14,13,1,50,38,12,26.0794316,91.637215
ASSAM,Urban,Kamrup Metropolitan,Any other,2876,2329,547,0,0,0,688,552,136,1010,782,228,311,260,51,147,123,24,51,44,7,69,56,13,155,138,17,445,374,71,26.0794316,91.637215
ASSAM,Urban,Kamrup Metropolitan,No travel,102150,68431,33719,102150,68431,33719,0,0,0,0,0,0,0,0,0,0,0,0,0,0,0,0,0,0,0,0,0,0,0,0,26.0794316,91.637215
MEGHALAYA,Total,East Khasi Hills,All Modes,206164,135687,70477,53392,34384,19008,54275,34587,19688,57616,38290,19326,22363,15146,7217,6406,4321,2085,2576,1741,835,2996,2137,859,5483,4326,1157,1057,755,302,25.3681768,91.7538817
MEGHALAYA,Total,East Khasi Hills,On foot,78374,52451,25923,0,0,0,48453,30899,17554,21732,15881,5851,8189,5671,2518,0,0,0,0,0,0,0,0,0,0,0,0,0,0,0,25.3681768,91.7538817
MEGHALAYA,Total,East Khasi Hills,Bicycle,599,443,156,0,0,0,120,78,42,279,202,77,106,96,10,33,28,5,61,39,22,0,0,0,0,0,0,0,0,0,25.3681768,91.7538817
MEGHALAYA,Total,East Khasi Hills,Moped/Scooter/Motor Cycle,2824,2530,294,0,0,0,457,410,47,1586,1405,181,425,394,31,180,165,15,45,40,5,40,34,6,51,46,5,40,36,4,25.3681768,91.7538817
MEGHALAYA,Total,East Khasi Hills,Car/Jeep/Van,22098,14836,7262,0,0,0,1816,1191,625,10766,6809,3957,3665,2488,1177,1766,1254,512,785,561,224,1065,786,279,1916,1511,405,319,236,83,25.3681768,91.7538817
MEGHALAYA,Total,East Khasi Hills,Tempo/Autorickshaw/Taxi,32396,19454,12942,0,0,0,2611,1437,1174,19322,11214,8108,6565,4187,2378,1666,1136,530,581,355,226,568,371,197,796,569,227,287,185,102,25.3681768,91.7538817
MEGHALAYA,Total,East Khasi Hills,Bus,14372,9883,4489,0,0,0,550,377,173,3575,2511,1064,3176,2114,1062,2585,1605,980,997,661,336,1173,827,346,2119,1657,462,197,131,66,25.3681768,91.7538817
MEGHALAYA,Total,East Khasi Hills,Train,329,242,87,0,0,0,77,51,26,75,58,17,19,14,5,15,10,5,11,8,3,6,5,1,53,44,9,73,52,21,25.3681768,91.7538817
MEGHALAYA,Total,East Khasi Hills,Water transport,41,27,14,0,0,0,10,8,2,8,4,4,6,6,0,3,2,1,3,2,1,2,0,2,5,3,2,4,2,2,25.3681768,91.7538817
MEGHALAYA,Total,East Khasi Hills,Any other,1739,1437,302,0,0,0,181,136,45,273,206,67,212,176,36,158,121,37,93,75,18,142,114,28,543,496,47,137,113,24,25.3681768,91.7538817
MEGHALAYA,Total,East Khasi Hills,No travel,53392,34384,19008,53392,34384,19008,0,0,0,0,0,0,0,0,0,0,0,0,0,0,0,0,0,0,0,0,0,0,0,0,25.3681768,91.7538817
MEGHALAYA,Rural,East Khasi Hills,All Modes,73506,46361,27145,22831,13270,9561,15765,8973,6792,15935,10816,5119,9861,6668,3193,3884,2624,1260,1543,1112,431,1488,1105,383,1847,1545,302,352,248,104,25.3681768,91.7538817
MEGHALAYA,Rural,East Khasi Hills,On foot,31381,19705,11676,0,0,0,14914,8417,6497,10836,7505,3331,5631,3783,1848,0,0,0,0,0,0,0,0,0,0,0,0,0,0,0,25.3681768,91.7538817
MEGHALAYA,Rural,East Khasi Hills,Bicycle,325,231,94,0,0,0,56,25,31,120,80,40,84,78,6,25,21,4,40,27,13,0,0,0,0,0,0,0,0,0,25.3681768,91.7538817
MEGHALAYA,Rural,East Khasi Hills,Moped/Scooter/Motor Cycle,502,434,68,0,0,0,54,47,7,205,166,39,84,78,6,80,72,8,26,24,2,22,20,2,21,19,2,10,8,2,25.3681768,91.7538817
MEGHALAYA,Rural,East Khasi Hills,Car/Jeep/Van,5274,3667,1607,0,0,0,212,135,77,1546,995,551,1014,705,309,984,692,292,412,306,106,500,359,141,501,401,100,105,74,31,25.3681768,91.7538817
MEGHALAYA,Rural,East Khasi Hills,Tempo/Autorickshaw/Taxi,4901,3125,1776,0,0,0,174,100,74,1811,1069,742,1463,909,554,806,583,223,296,196,100,156,117,39,128,105,23,67,46,21,25.3681768,91.7538817
MEGHALAYA,Rural,East Khasi Hills,Bus,7145,4933,2212,0,0,0,251,170,81,1271,882,389,1430,981,449,1873,1165,708,694,494,200,711,521,190,808,649,159,107,71,36,25.3681768,91.7538817
MEGHALAYA,Rural,East Khasi Hills,Train,161,112,49,0,0,0,42,24,18,50,40,10,8,7,1,6,2,4,10,7,3,3,3,0,27,20,7,15,9,6,25.3681768,91.7538817
MEGHALAYA,Rural,East Khasi Hills,Water transport,19,12,7,0,0,0,2,2,0,2,1,1,2,2,0,2,1,1,3,2,1,2,0,2,4,2,2,2,2,0,25.3681768,91.7538817
MEGHALAYA,Rural,East Khasi Hills,Any other,967,872,95,0,0,0,60,53,7,94,78,16,145,125,20,108,88,20,62,56,6,94,85,9,358,349,9,46,38,8,25.3681768,91.7538817
MEGHALAYA,Rural,East Khasi Hills,No travel,22831,13270,9561,22831,13270,9561,0,0,0,0,0,0,0,0,0,0,0,0,0,0,0,0,0,0,0,0,0,0,0,0,25.3681768,91.7538817
MEGHALAYA,Urban,East Khasi Hills,All Modes,132658,89326,43332,30561,21114,9447,38510,25614,12896,41681,27474,14207,12502,8478,4024,2522,1697,825,1033,629,404,1508,1032,476,3636,2781,855,705,507,198,25.3681768,91.7538817
MEGHALAYA,Urban,East Khasi Hills,On foot,46993,32746,14247,0,0,0,33539,22482,11057,10896,8376,2520,2558,1888,670,0,0,0,0,0,0,0,0,0,0,0,0,0,0,0,25.3681768,91.7538817
MEGHALAYA,Urban,East Khasi Hills,Bicycle,274,212,62,0,0,0,64,53,11,159,122,37,22,18,4,8,7,1,21,12,9,0,0,0,0,0,0,0,0,0,25.3681768,91.7538817
MEGHALAYA,Urban,East Khasi Hills,Moped/Scooter/Motor Cycle,2322,2096,226,0,0,0,403,363,40,1381,1239,142,341,316,25,100,93,7,19,16,3,18,14,4,30,27,3,30,28,2,25.3681768,91.7538817
MEGHALAYA,Urban,East Khasi Hills,Car/Jeep/Van,16824,11169,5655,0,0,0,1604,1056,548,9220,5814,3406,2651,1783,868,782,562,220,373,255,118,565,427,138,1415,1110,305,214,162,52,25.3681768,91.7538817
MEGHALAYA,Urban,East Khasi Hills,Tempo/Autorickshaw/Taxi,27495,16329,11166,0,0,0,2437,1337,1100,17511,10145,7366,5102,3278,1824,860,553,307,285,159,126,412,254,158,668,464,204,220,139,81,25.3681768,91.7538817
MEGHALAYA,Urban,East Khasi Hills,Bus,7227,4950,2277,0,0,0,299,207,92,2304,1629,675,1746,1133,613,712,440,272,303,167,136,462,306,156,1311,1008,303,90,60,30,25.3681768,91.7538817
MEGHALAYA,Urban,East Khasi Hills,Train,168,130,38,0,0,0,35,27,8,25,18,7,11,7,4,9,8,1,1,1,0,3,2,1,26,24,2,58,43,15,25.3681768,91.7538817
MEGHALAYA,Urban,East Khasi Hills,Water transport,22,15,7,0,0,0,8,6,2,6,3,3,4,4,0,1,1,0,0,0,0,0,0,0,1,1,0,2,0,2,25.3681768,91.7538817
MEGHALAYA,Urban,East Khasi Hills,Any other,772,565,207,0,0,0,121,83,38,179,128,51,67,51,16,50,33,17,31,19,12,48,29,19,185,147,38,91,75,16,25.3681768,91.7538817
MEGHALAYA,Urban,East Khasi Hills,No travel,30561,21114,9447,30561,21114,9447,0,0,0,0,0,0,0,0,0,0,0,0,0,0,0,0,0,0,0,0,0,0,0,0,25.3681768,91.7538817
ARUNACHAL PRADESH,Total,Tawang,All Modes,19235,15548,3687,10303,9078,1225,3775,2857,918,2950,1968,982,1627,1175,452,261,205,56,102,76,26,94,76,18,95,89,6,28,24,4,27.5780678,91.8757422
ARUNACHAL PRADESH,Total,Tawang,On foot,7268,5194,2074,0,0,0,3577,2701,876,2461,1585,876,1230,908,322,0,0,0,0,0,0,0,0,0,0,0,0,0,0,0,27.5780678,91.8757422
ARUNACHAL PRADESH,Total,Tawang,Bicycle,88,74,14,0,0,0,12,7,5,51,45,6,9,7,2,6,6,0,10,9,1,0,0,0,0,0,0,0,0,0,27.5780678,91.8757422
ARUNACHAL PRADESH,Total,Tawang,Moped/Scooter/Motor Cycle,114,95,19,0,0,0,20,16,4,32,27,5,26,22,4,19,18,1,2,2,0,7,4,3,7,5,2,1,1,0,27.5780678,91.8757422
ARUNACHAL PRADESH,Total,Tawang,Car/Jeep/Van,639,497,142,0,0,0,120,93,27,193,143,50,103,77,26,97,82,15,48,38,10,55,45,10,16,14,2,7,5,2,27.5780678,91.8757422
ARUNACHAL PRADESH,Total,Tawang,Tempo/Autorickshaw/Taxi,110,76,34,0,0,0,6,6,0,10,6,4,25,10,15,33,24,9,11,7,4,11,10,1,14,13,1,0,0,0,27.5780678,91.8757422
ARUNACHAL PRADESH,Total,Tawang,Bus,104,86,18,0,0,0,4,3,1,8,6,2,8,4,4,9,4,5,6,4,2,6,4,2,45,45,0,18,16,2,27.5780678,91.8757422
ARUNACHAL PRADESH,Total,Tawang,Train,21,20,1,0,0,0,5,5,0,6,6,0,0,0,0,1,1,0,3,2,1,2,2,0,4,4,0,0,0,0,27.5780678,91.8757422
ARUNACHAL PRADESH,Total,Tawang,Water transport,1,1,0,0,0,0,1,1,0,0,0,0,0,0,0,0,0,0,0,0,0,0,0,0,0,0,0,0,0,0,27.5780678,91.8757422
ARUNACHAL PRADESH,Total,Tawang,Any other,587,427,160,0,0,0,30,25,5,189,150,39,226,147,79,96,70,26,22,14,8,13,11,2,9,8,1,2,2,0,27.5780678,91.8757422
ARUNACHAL PRADESH,Total,Tawang,No travel,10303,9078,1225,10303,9078,1225,0,0,0,0,0,0,0,0,0,0,0,0,0,0,0,0,0,0,0,0,0,0,0,0,27.5780678,91.8757422
ARUNACHAL PRADESH,Rural,Tawang,All Modes,11220,8318,2902,3993,3079,914,2711,2111,600,2610,1730,880,1419,1009,410,222,170,52,88,66,22,79,62,17,78,72,6,20,19,1,27.5780678,91.8757422
ARUNACHAL PRADESH,Rural,Tawang,On foot,5899,4235,1664,0,0,0,2613,2034,579,2223,1425,798,1063,776,287,0,0,0,0,0,0,0,0,0,0,0,0,0,0,0,27.5780678,91.8757422
ARUNACHAL PRADESH,Rural,Tawang,Bicycle,76,64,12,0,0,0,9,4,5,50,44,6,6,5,1,5,5,0,6,6,0,0,0,0,0,0,0,0,0,0,27.5780678,91.8757422
ARUNACHAL PRADESH,Rural,Tawang,Moped/Scooter/Motor Cycle,86,71,15,0,0,0,9,6,3,20,18,2,23,19,4,18,17,1,2,2,0,7,4,3,6,4,2,1,1,0,27.5780678,91.8757422
ARUNACHAL PRADESH,Rural,Tawang,Car/Jeep/Van,434,339,95,0,0,0,43,36,7,117,86,31,89,65,24,84,71,13,43,34,9,43,34,9,14,12,2,1,1,0,27.5780678,91.8757422
ARUNACHAL PRADESH,Rural,Tawang,Tempo/Autorickshaw/Taxi,105,72,33,0,0,0,5,5,0,10,6,4,23,9,14,33,24,9,11,7,4,11,10,1,12,11,1,0,0,0,27.5780678,91.8757422
ARUNACHAL PRADESH,Rural,Tawang,Bus,85,69,16,0,0,0,4,3,1,4,2,2,7,4,3,8,3,5,6,4,2,5,3,2,34,34,0,17,16,1,27.5780678,91.8757422
ARUNACHAL PRADESH,Rural,Tawang,Train,20,19,1,0,0,0,5,5,0,5,5,0,0,0,0,1,1,0,3,2,1,2,2,0,4,4,0,0,0,0,27.5780678,91.8757422
ARUNACHAL PRADESH,Rural,Tawang,Water transport,0,0,0,0,0,0,0,0,0,0,0,0,0,0,0,0,0,0,0,0,0,0,0,0,0,0,0,0,0,0,27.5780678,91.8757422
ARUNACHAL PRADESH,Rural,Tawang,Any other,522,370,152,0,0,0,23,18,5,181,144,37,208,131,77,73,49,24,17,11,6,11,9,2,8,7,1,1,1,0,27.5780678,91.8757422
ARUNACHAL PRADESH,Rural,Tawang,No travel,3993,3079,914,3993,3079,914,0,0,0,0,0,0,0,0,0,0,0,0,0,0,0,0,0,0,0,0,0,0,0,0,27.5780678,91.8757422
ARUNACHAL PRADESH,Urban,Tawang,All Modes,8015,7230,785,6310,5999,311,1064,746,318,340,238,102,208,166,42,39,35,4,14,10,4,15,14,1,17,17,0,8,5,3,27.5780678,91.8757422
ARUNACHAL PRADESH,Urban,Tawang,On foot,1369,959,410,0,0,0,964,667,297,238,160,78,167,132,35,0,0,0,0,0,0,0,0,0,0,0,0,0,0,0,27.5780678,91.8757422
ARUNACHAL PRADESH,Urban,Tawang,Bicycle,12,10,2,0,0,0,3,3,0,1,1,0,3,2,1,1,1,0,4,3,1,0,0,0,0,0,0,0,0,0,27.5780678,91.8757422
ARUNACHAL PRADESH,Urban,Tawang,Moped/Scooter/Motor Cycle,28,24,4,0,0,0,11,10,1,12,9,3,3,3,0,1,1,0,0,0,0,0,0,0,1,1,0,0,0,0,27.5780678,91.8757422
ARUNACHAL PRADESH,Urban,Tawang,Car/Jeep/Van,205,158,47,0,0,0,77,57,20,76,57,19,14,12,2,13,11,2,5,4,1,12,11,1,2,2,0,6,4,2,27.5780678,91.8757422
ARUNACHAL PRADESH,Urban,Tawang,Tempo/Autorickshaw/Taxi,5,4,1,0,0,0,1,1,0,0,0,0,2,1,1,0,0,0,0,0,0,0,0,0,2,2,0,0,0,0,27.5780678,91.8757422
ARUNACHAL PRADESH,Urban,Tawang,Bus,19,17,2,0,0,0,0,0,0,4,4,0,1,0,1,1,1,0,0,0,0,1,1,0,11,11,0,1,0,1,27.5780678,91.8757422
ARUNACHAL PRADESH,Urban,Tawang,Train,1,1,0,0,0,0,0,0,0,1,1,0,0,0,0,0,0,0,0,0,0,0,0,0,0,0,0,0,0,0,27.5780678,91.8757422
ARUNACHAL PRADESH,Urban,Tawang,Water transport,1,1,0,0,0,0,1,1,0,0,0,0,0,0,0,0,0,0,0,0,0,0,0,0,0,0,0,0,0,0,27.5780678,91.8757422
ARUNACHAL PRADESH,Urban,Tawang,Any other,65,57,8,0,0,0,7,7,0,8,6,2,18,16,2,23,21,2,5,3,2,2,2,0,1,1,0,1,1,0,27.5780678,91.8757422
ARUNACHAL PRADESH,Urban,Tawang,No travel,6310,5999,311,6310,5999,311,0,0,0,0,0,0,0,0,0,0,0,0,0,0,0,0,0,0,0,0,0,0,0,0,27.5780678,91.8757422
TRIPURA,Total,Dhalai,All Modes,64804,48045,16759,18765,14390,4375,17052,11375,5677,19435,14206,5229,5708,4565,1143,1380,1223,157,931,866,65,639,591,48,737,687,50,157,142,15,23.8466982,91.9099238
TRIPURA,Total,Dhalai,On foot,28461,17630,10831,0,0,0,14867,9361,5506,10955,6441,4514,2639,1828,811,0,0,0,0,0,0,0,0,0,0,0,0,0,0,0,23.8466982,91.9099238
TRIPURA,Total,Dhalai,Bicycle,8338,8163,175,0,0,0,1420,1385,35,5474,5355,119,1008,996,12,189,187,2,247,240,7,0,0,0,0,0,0,0,0,0,23.8466982,91.9099238
TRIPURA,Total,Dhalai,Moped/Scooter/Motor Cycle,2254,2135,119,0,0,0,300,282,18,954,882,72,521,503,18,273,268,5,104,100,4,65,64,1,18,18,0,19,18,1,23.8466982,91.9099238
TRIPURA,Total,Dhalai,Car/Jeep/Van,1988,1662,326,0,0,0,98,79,19,371,275,96,496,385,111,408,342,66,268,249,19,226,212,14,112,112,0,9,8,1,23.8466982,91.9099238
TRIPURA,Total,Dhalai,Tempo/Autorickshaw/Taxi,2100,1580,520,0,0,0,120,69,51,926,644,282,709,572,137,183,155,28,77,70,7,35,30,5,33,30,3,17,10,7,23.8466982,91.9099238
TRIPURA,Total,Dhalai,Bus,1501,1275,226,0,0,0,37,31,6,109,75,34,230,185,45,277,223,54,200,178,22,263,237,26,369,333,36,16,13,3,23.8466982,91.9099238
TRIPURA,Total,Dhalai,Train,362,324,38,0,0,0,46,31,15,88,79,9,10,8,2,9,8,1,22,18,4,33,32,1,137,131,6,17,17,0,23.8466982,91.9099238
TRIPURA,Total,Dhalai,Water transport,711,587,124,0,0,0,129,104,25,483,391,92,54,49,5,26,26,0,0,0,0,3,2,1,6,6,0,10,9,1,23.8466982,91.9099238
TRIPURA,Total,Dhalai,Any other,324,299,25,0,0,0,35,33,2,75,64,11,41,39,2,15,14,1,13,11,2,14,14,0,62,57,5,69,67,2,23.8466982,91.9099238
TRIPURA,Total,Dhalai,No travel,18765,14390,4375,18765,14390,4375,0,0,0,0,0,0,0,0,0,0,0,0,0,0,0,0,0,0,0,0,0,0,0,0,23.8466982,91.9099238
TRIPURA,Rural,Dhalai,All Modes,52704,38062,14642,15870,12033,3837,12955,8082,4873,16096,11393,4703,4695,3732,963,1169,1035,134,755,705,50,465,429,36,563,529,34,136,124,12,23.8466982,91.9099238
TRIPURA,Rural,Dhalai,On foot,23398,13730,9668,0,0,0,11578,6825,4753,9503,5322,4181,2317,1583,734,0,0,0,0,0,0,0,0,0,0,0,0,0,0,0,23.8466982,91.9099238
TRIPURA,Rural,Dhalai,Bicycle,6425,6282,143,0,0,0,868,842,26,4315,4218,97,861,850,11,168,166,2,213,206,7,0,0,0,0,0,0,0,0,0,23.8466982,91.9099238
TRIPURA,Rural,Dhalai,Moped/Scooter/Motor Cycle,1582,1510,72,0,0,0,157,150,7,658,615,43,380,368,12,224,220,4,83,79,4,53,52,1,13,13,0,14,13,1,23.8466982,91.9099238
TRIPURA,Rural,Dhalai,Car/Jeep/Van,1524,1276,248,0,0,0,63,47,16,276,204,72,357,287,70,351,291,60,227,210,17,164,152,12,81,81,0,5,4,1,23.8466982,91.9099238
TRIPURA,Rural,Dhalai,Tempo/Autorickshaw/Taxi,1503,1164,339,0,0,0,73,49,24,643,468,175,516,418,98,143,121,22,58,51,7,27,24,3,27,24,3,16,9,7,23.8466982,91.9099238
TRIPURA,Rural,Dhalai,Bus,1163,1003,160,0,0,0,26,21,5,81,54,27,166,137,29,237,192,45,152,140,12,187,169,18,304,280,24,10,10,0,23.8466982,91.9099238
TRIPURA,Rural,Dhalai,Train,279,250,29,0,0,0,40,25,15,81,74,7,10,8,2,7,7,0,12,11,1,20,19,1,94,91,3,15,15,0,23.8466982,91.9099238
TRIPURA,Rural,Dhalai,Water transport,707,583,124,0,0,0,127,102,25,483,391,92,54,49,5,26,26,0,0,0,0,3,2,1,5,5,0,9,8,1,23.8466982,91.9099238
TRIPURA,Rural,Dhalai,Any other,253,231,22,0,0,0,23,21,2,56,47,9,34,32,2,13,12,1,10,8,2,11,11,0,39,35,4,67,65,2,23.8466982,91.9099238
TRIPURA,Rural,Dhalai,No travel,15870,12033,3837,15870,12033,3837,0,0,0,0,0,0,0,0,0,0,0,0,0,0,0,0,0,0,0,0,0,0,0,0,23.8466982,91.9099238
TRIPURA,Urban,Dhalai,All Modes,12100,9983,2117,2895,2357,538,4097,3293,804,3339,2813,526,1013,833,180,211,188,23,176,161,15,174,162,12,174,158,16,21,18,3,23.8466982,91.9099238
TRIPURA,Urban,Dhalai,On foot,5063,3900,1163,0,0,0,3289,2536,753,1452,1119,333,322,245,77,0,0,0,0,0,0,0,0,0,0,0,0,0,0,0,23.8466982,91.9099238
TRIPURA,Urban,Dhalai,Bicycle,1913,1881,32,0,0,0,552,543,9,1159,1137,22,147,146,1,21,21,0,34,34,0,0,0,0,0,0,0,0,0,0,23.8466982,91.9099238
TRIPURA,Urban,Dhalai,Moped/Scooter/Motor Cycle,672,625,47,0,0,0,143,132,11,296,267,29,141,135,6,49,48,1,21,21,0,12,12,0,5,5,0,5,5,0,23.8466982,91.9099238
TRIPURA,Urban,Dhalai,Car/Jeep/Van,464,386,78,0,0,0,35,32,3,95,71,24,139,98,41,57,51,6,41,39,2,62,60,2,31,31,0,4,4,0,23.8466982,91.9099238
TRIPURA,Urban,Dhalai,Tempo/Autorickshaw/Taxi,597,416,181,0,0,0,47,20,27,283,176,107,193,154,39,40,34,6,19,19,0,8,6,2,6,6,0,1,1,0,23.8466982,91.9099238
TRIPURA,Urban,Dhalai,Bus,338,272,66,0,0,0,11,10,1,28,21,7,64,48,16,40,31,9,48,38,10,76,68,8,65,53,12,6,3,3,23.8466982,91.9099238
TRIPURA,Urban,Dhalai,Train,83,74,9,0,0,0,6,6,0,7,5,2,0,0,0,2,1,1,10,7,3,13,13,0,43,40,3,2,2,0,23.8466982,91.9099238
TRIPURA,Urban,Dhalai,Water transport,4,4,0,0,0,0,2,2,0,0,0,0,0,0,0,0,0,0,0,0,0,0,0,0,1,1,0,1,1,0,23.8466982,91.9099238
TRIPURA,Urban,Dhalai,Any other,71,68,3,0,0,0,12,12,0,19,17,2,7,7,0,2,2,0,3,3,0,3,3,0,23,22,1,2,2,0,23.8466982,91.9099238
TRIPURA,Urban,Dhalai,No travel,2895,2357,538,2895,2357,538,0,0,0,0,0,0,0,0,0,0,0,0,0,0,0,0,0,0,0,0,0,0,0,0,23.8466982,91.9099238
MEGHALAYA,Total,Ribhoi,All Modes,28975,19923,9052,14183,9676,4507,7212,4541,2671,3256,2305,951,1662,1234,428,708,560,148,600,466,134,550,447,103,640,566,74,164,128,36,25.8431574,91.985621
MEGHALAYA,Total,Ribhoi,On foot,9034,5841,3193,0,0,0,6469,4020,2449,1707,1218,489,858,603,255,0,0,0,0,0,0,0,0,0,0,0,0,0,0,0,25.8431574,91.985621
MEGHALAYA,Total,Ribhoi,Bicycle,241,208,33,0,0,0,56,48,8,119,101,18,25,25,0,15,14,1,26,20,6,0,0,0,0,0,0,0,0,0,25.8431574,91.985621
MEGHALAYA,Total,Ribhoi,Moped/Scooter/Motor Cycle,603,524,79,0,0,0,119,99,20,252,218,34,87,76,11,47,45,2,30,27,3,31,26,5,25,22,3,12,11,1,25.8431574,91.985621
MEGHALAYA,Total,Ribhoi,Car/Jeep/Van,1349,1096,253,0,0,0,154,123,31,247,172,75,179,134,45,204,167,37,171,151,20,181,157,24,168,150,18,45,42,3,25.8431574,91.985621
MEGHALAYA,Total,Ribhoi,Tempo/Autorickshaw/Taxi,1500,1028,472,0,0,0,296,169,127,564,339,225,257,205,52,133,104,29,86,67,19,75,63,12,70,66,4,19,15,4,25.8431574,91.985621
MEGHALAYA,Total,Ribhoi,Bus,1582,1141,441,0,0,0,64,37,27,282,190,92,224,165,59,249,182,67,240,167,73,206,150,56,265,221,44,52,29,23,25.8431574,91.985621
MEGHALAYA,Total,Ribhoi,Train,42,37,5,0,0,0,9,6,3,2,1,1,0,0,0,1,1,0,0,0,0,4,4,0,15,15,0,11,10,1,25.8431574,91.985621
MEGHALAYA,Total,Ribhoi,Water transport,9,7,2,0,0,0,4,2,2,3,3,0,0,0,0,0,0,0,0,0,0,1,1,0,0,0,0,1,1,0,25.8431574,91.985621
MEGHALAYA,Total,Ribhoi,Any other,432,365,67,0,0,0,41,37,4,80,63,17,32,26,6,59,47,12,47,34,13,52,46,6,97,92,5,24,20,4,25.8431574,91.985621
MEGHALAYA,Total,Ribhoi,No travel,14183,9676,4507,14183,9676,4507,0,0,0,0,0,0,0,0,0,0,0,0,0,0,0,0,0,0,0,0,0,0,0,0,25.8431574,91.985621
MEGHALAYA,Rural,Ribhoi,All Modes,22445,14633,7812,10096,6082,4014,6149,3893,2256,2699,1943,756,1398,1034,364,619,485,134,472,356,116,424,336,88,461,405,56,127,99,28,25.8431574,91.985621
MEGHALAYA,Rural,Ribhoi,On foot,7947,5134,2813,0,0,0,5678,3533,2145,1557,1108,449,712,493,219,0,0,0,0,0,0,0,0,0,0,0,0,0,0,0,25.8431574,91.985621
MEGHALAYA,Rural,Ribhoi,Bicycle,200,170,30,0,0,0,35,30,5,108,90,18,24,24,0,15,14,1,18,12,6,0,0,0,0,0,0,0,0,0,25.8431574,91.985621
MEGHALAYA,Rural,Ribhoi,Moped/Scooter/Motor Cycle,509,440,69,0,0,0,92,79,13,219,188,31,82,71,11,41,39,2,23,20,3,26,21,5,21,18,3,5,4,1,25.8431574,91.985621
MEGHALAYA,Rural,Ribhoi,Car/Jeep/Van,1025,832,193,0,0,0,124,98,26,174,127,47,150,115,35,171,139,32,124,107,17,122,102,20,126,113,13,34,31,3,25.8431574,91.985621
MEGHALAYA,Rural,Ribhoi,Tempo/Autorickshaw/Taxi,833,604,229,0,0,0,112,78,34,288,182,106,185,147,38,100,76,24,56,42,14,55,46,9,26,23,3,11,10,1,25.8431574,91.985621
MEGHALAYA,Rural,Ribhoi,Bus,1418,1018,400,0,0,0,61,35,26,271,184,87,216,159,57,233,170,63,211,147,64,172,123,49,209,174,35,45,26,19,25.8431574,91.985621
MEGHALAYA,Rural,Ribhoi,Train,33,30,3,0,0,0,5,3,2,2,1,1,0,0,0,1,1,0,0,0,0,4,4,0,13,13,0,8,8,0,25.8431574,91.985621
MEGHALAYA,Rural,Ribhoi,Water transport,9,7,2,0,0,0,4,2,2,3,3,0,0,0,0,0,0,0,0,0,0,1,1,0,0,0,0,1,1,0,25.8431574,91.985621
MEGHALAYA,Rural,Ribhoi,Any other,375,316,59,0,0,0,38,35,3,77,60,17,29,25,4,58,46,12,40,28,12,44,39,5,66,64,2,23,19,4,25.8431574,91.985621
MEGHALAYA,Rural,Ribhoi,No travel,10096,6082,4014,10096,6082,4014,0,0,0,0,0,0,0,0,0,0,0,0,0,0,0,0,0,0,0,0,0,0,0,0,25.8431574,91.985621
MEGHALAYA,Urban,Ribhoi,All Modes,6530,5290,1240,4087,3594,493,1063,648,415,557,362,195,264,200,64,89,75,14,128,110,18,126,111,15,179,161,18,37,29,8,25.8431574,91.985621
MEGHALAYA,Urban,Ribhoi,On foot,1087,707,380,0,0,0,791,487,304,150,110,40,146,110,36,0,0,0,0,0,0,0,0,0,0,0,0,0,0,0,25.8431574,91.985621
MEGHALAYA,Urban,Ribhoi,Bicycle,41,38,3,0,0,0,21,18,3,11,11,0,1,1,0,0,0,0,8,8,0,0,0,0,0,0,0,0,0,0,25.8431574,91.985621
MEGHALAYA,Urban,Ribhoi,Moped/Scooter/Motor Cycle,94,84,10,0,0,0,27,20,7,33,30,3,5,5,0,6,6,0,7,7,0,5,5,0,4,4,0,7,7,0,25.8431574,91.985621
MEGHALAYA,Urban,Ribhoi,Car/Jeep/Van,324,264,60,0,0,0,30,25,5,73,45,28,29,19,10,33,28,5,47,44,3,59,55,4,42,37,5,11,11,0,25.8431574,91.985621
MEGHALAYA,Urban,Ribhoi,Tempo/Autorickshaw/Taxi,667,424,243,0,0,0,184,91,93,276,157,119,72,58,14,33,28,5,30,25,5,20,17,3,44,43,1,8,5,3,25.8431574,91.985621
MEGHALAYA,Urban,Ribhoi,Bus,164,123,41,0,0,0,3,2,1,11,6,5,8,6,2,16,12,4,29,20,9,34,27,7,56,47,9,7,3,4,25.8431574,91.985621
MEGHALAYA,Urban,Ribhoi,Train,9,7,2,0,0,0,4,3,1,0,0,0,0,0,0,0,0,0,0,0,0,0,0,0,2,2,0,3,2,1,25.8431574,91.985621
MEGHALAYA,Urban,Ribhoi,Water transport,0,0,0,0,0,0,0,0,0,0,0,0,0,0,0,0,0,0,0,0,0,0,0,0,0,0,0,0,0,0,25.8431574,91.985621
MEGHALAYA,Urban,Ribhoi,Any other,57,49,8,0,0,0,3,2,1,3,3,0,3,1,2,1,1,0,7,6,1,8,7,1,31,28,3,1,1,0,25.8431574,91.985621
MEGHALAYA,Urban,Ribhoi,No travel,4087,3594,493,4087,3594,493,0,0,0,0,0,0,0,0,0,0,0,0,0,0,0,0,0,0,0,0,0,0,0,0,25.8431574,91.985621
ASSAM,Total,Darrang,All Modes,103228,79305,23923,35212,21882,13330,19927,14906,5021,22130,19199,2931,10142,8761,1381,5505,5049,456,3563,3277,286,2169,1993,176,4015,3724,291,565,514,51,26.4522876,92.027319
ASSAM,Total,Darrang,On foot,22012,14935,7077,0,0,0,12553,8103,4450,6165,4404,1761,3294,2428,866,0,0,0,0,0,0,0,0,0,0,0,0,0,0,0,26.4522876,92.027319
ASSAM,Total,Darrang,Bicycle,25327,24122,1205,0,0,0,5635,5292,343,11830,11264,566,3896,3765,131,1954,1899,55,2012,1902,110,0,0,0,0,0,0,0,0,0,26.4522876,92.027319
ASSAM,Total,Darrang,Moped/Scooter/Motor Cycle,6322,6003,319,0,0,0,1008,957,51,2410,2269,141,1038,987,51,948,909,39,363,347,16,285,273,12,132,130,2,138,131,7,26.4522876,92.027319
ASSAM,Total,Darrang,Car/Jeep/Van,945,818,127,0,0,0,110,93,17,216,171,45,117,97,20,147,131,16,53,46,7,77,74,3,192,174,18,33,32,1,26.4522876,92.027319
ASSAM,Total,Darrang,Tempo/Autorickshaw/Taxi,649,435,214,0,0,0,78,42,36,277,151,126,90,69,21,86,73,13,32,30,2,39,32,7,31,28,3,16,10,6,26.4522876,92.027319
ASSAM,Total,Darrang,Bus,11198,9727,1471,0,0,0,290,226,64,906,656,250,1548,1267,281,2165,1843,322,1047,901,146,1705,1557,148,3321,3077,244,216,200,16,26.4522876,92.027319
ASSAM,Total,Darrang,Train,715,647,68,0,0,0,92,75,17,150,141,9,39,35,4,26,24,2,8,7,1,19,19,0,259,240,19,122,106,16,26.4522876,92.027319
ASSAM,Total,Darrang,Water transport,139,128,11,0,0,0,3,2,1,10,9,1,26,26,0,74,69,5,13,11,2,6,4,2,6,6,0,1,1,0,26.4522876,92.027319
ASSAM,Total,Darrang,Any other,709,608,101,0,0,0,158,116,42,166,134,32,94,87,7,105,101,4,35,33,2,38,34,4,74,69,5,39,34,5,26.4522876,92.027319
ASSAM,Total,Darrang,No travel,35212,21882,13330,35212,21882,13330,0,0,0,0,0,0,0,0,0,0,0,0,0,0,0,0,0,0,0,0,0,0,0,0,26.4522876,92.027319
ASSAM,Rural,Darrang,All Modes,84812,63604,21208,31924,19465,12459,13526,9356,4170,17451,15062,2389,8851,7638,1213,4540,4211,329,3074,2847,227,1800,1663,137,3207,2968,239,439,394,45,26.4522876,92.027319
ASSAM,Rural,Darrang,On foot,16353,10350,6003,0,0,0,8698,4980,3718,4886,3391,1495,2769,1979,790,0,0,0,0,0,0,0,0,0,0,0,0,0,0,0,26.4522876,92.027319
ASSAM,Rural,Darrang,Bicycle,20919,19805,1114,0,0,0,3908,3594,314,9672,9157,515,3693,3566,127,1858,1803,55,1788,1685,103,0,0,0,0,0,0,0,0,0,26.4522876,92.027319
ASSAM,Rural,Darrang,Moped/Scooter/Motor Cycle,4498,4269,229,0,0,0,476,446,30,1666,1569,97,871,830,41,777,747,30,298,284,14,215,206,9,99,97,2,96,90,6,26.4522876,92.027319
ASSAM,Rural,Darrang,Car/Jeep/Van,583,513,70,0,0,0,41,33,8,109,93,16,91,73,18,105,95,10,43,38,5,55,54,1,116,105,11,23,22,1,26.4522876,92.027319
ASSAM,Rural,Darrang,Tempo/Autorickshaw/Taxi,436,348,88,0,0,0,36,21,15,158,118,40,79,62,17,68,62,6,24,24,0,32,28,4,26,24,2,13,9,4,26.4522876,92.027319
ASSAM,Rural,Darrang,Bus,8872,7737,1135,0,0,0,234,174,60,708,499,209,1204,992,212,1558,1340,218,873,771,102,1449,1330,119,2681,2479,202,165,152,13,26.4522876,92.027319
ASSAM,Rural,Darrang,Train,618,557,61,0,0,0,65,54,11,128,120,8,39,35,4,24,22,2,8,7,1,17,17,0,228,209,19,109,93,16,26.4522876,92.027319
ASSAM,Rural,Darrang,Water transport,129,119,10,0,0,0,3,2,1,9,8,1,21,21,0,71,67,4,13,11,2,5,3,2,6,6,0,1,1,0,26.4522876,92.027319
ASSAM,Rural,Darrang,Any other,480,441,39,0,0,0,65,52,13,115,107,8,84,80,4,79,75,4,27,27,0,27,25,2,51,48,3,32,27,5,26.4522876,92.027319
ASSAM,Rural,Darrang,No travel,31924,19465,12459,31924,19465,12459,0,0,0,0,0,0,0,0,0,0,0,0,0,0,0,0,0,0,0,0,0,0,0,0,26.4522876,92.027319
ASSAM,Urban,Darrang,All Modes,18416,15701,2715,3288,2417,871,6401,5550,851,4679,4137,542,1291,1123,168,965,838,127,489,430,59,369,330,39,808,756,52,126,120,6,26.4522876,92.027319
ASSAM,Urban,Darrang,On foot,5659,4585,1074,0,0,0,3855,3123,732,1279,1013,266,525,449,76,0,0,0,0,0,0,0,0,0,0,0,0,0,0,0,26.4522876,92.027319
ASSAM,Urban,Darrang,Bicycle,4408,4317,91,0,0,0,1727,1698,29,2158,2107,51,203,199,4,96,96,0,224,217,7,0,0,0,0,0,0,0,0,0,26.4522876,92.027319
ASSAM,Urban,Darrang,Moped/Scooter/Motor Cycle,1824,1734,90,0,0,0,532,511,21,744,700,44,167,157,10,171,162,9,65,63,2,70,67,3,33,33,0,42,41,1,26.4522876,92.027319
ASSAM,Urban,Darrang,Car/Jeep/Van,362,305,57,0,0,0,69,60,9,107,78,29,26,24,2,42,36,6,10,8,2,22,20,2,76,69,7,10,10,0,26.4522876,92.027319
ASSAM,Urban,Darrang,Tempo/Autorickshaw/Taxi,213,87,126,0,0,0,42,21,21,119,33,86,11,7,4,18,11,7,8,6,2,7,4,3,5,4,1,3,1,2,26.4522876,92.027319
ASSAM,Urban,Darrang,Bus,2326,1990,336,0,0,0,56,52,4,198,157,41,344,275,69,607,503,104,174,130,44,256,227,29,640,598,42,51,48,3,26.4522876,92.027319
ASSAM,Urban,Darrang,Train,97,90,7,0,0,0,27,21,6,22,21,1,0,0,0,2,2,0,0,0,0,2,2,0,31,31,0,13,13,0,26.4522876,92.027319
ASSAM,Urban,Darrang,Water transport,10,9,1,0,0,0,0,0,0,1,1,0,5,5,0,3,2,1,0,0,0,1,1,0,0,0,0,0,0,0,26.4522876,92.027319
ASSAM,Urban,Darrang,Any other,229,167,62,0,0,0,93,64,29,51,27,24,10,7,3,26,26,0,8,6,2,11,9,2,23,21,2,7,7,0,26.4522876,92.027319
ASSAM,Urban,Darrang,No travel,3288,2417,871,3288,2417,871,0,0,0,0,0,0,0,0,0,0,0,0,0,0,0,0,0,0,0,0,0,0,0,0,26.4522876,92.027319
ASSAM,Total,Udalguri,All Modes,135661,86955,48706,42917,24667,18250,42995,25727,17268,30839,21189,9650,10122,7425,2697,2886,2618,268,2834,2544,290,857,794,63,1642,1486,156,569,505,64,26.7460177,92.0959429
ASSAM,Total,Udalguri,On foot,49796,24294,25502,0,0,0,31664,15803,15861,13177,5731,7446,4955,2760,2195,0,0,0,0,0,0,0,0,0,0,0,0,0,0,0,26.7460177,92.0959429
ASSAM,Total,Udalguri,Bicycle,31627,28122,3505,0,0,0,9639,8548,1091,15011,13207,1804,3541,3229,312,1384,1296,88,2052,1842,210,0,0,0,0,0,0,0,0,0,26.7460177,92.0959429
ASSAM,Total,Udalguri,Moped/Scooter/Motor Cycle,4737,4312,425,0,0,0,897,821,76,1671,1480,191,903,835,68,609,562,47,220,211,9,197,188,9,82,76,6,158,139,19,26.7460177,92.0959429
ASSAM,Total,Udalguri,Car/Jeep/Van,668,579,89,0,0,0,107,90,17,118,99,19,103,89,14,113,94,19,52,46,6,54,51,3,82,72,10,39,38,1,26.7460177,92.0959429
ASSAM,Total,Udalguri,Tempo/Autorickshaw/Taxi,346,270,76,0,0,0,41,37,4,108,71,37,69,55,14,58,47,11,20,17,3,10,10,0,23,23,0,17,10,7,26.7460177,92.0959429
ASSAM,Total,Udalguri,Bus,3563,3061,502,0,0,0,111,84,27,216,157,59,409,324,85,640,543,97,442,386,56,494,459,35,1090,967,123,161,141,20,26.7460177,92.0959429
ASSAM,Total,Udalguri,Train,1179,1012,167,0,0,0,234,178,56,301,245,56,48,43,5,40,37,3,33,28,5,70,55,15,302,287,15,151,139,12,26.7460177,92.0959429
ASSAM,Total,Udalguri,Water transport,29,23,6,0,0,0,13,9,4,3,2,1,2,2,0,1,1,0,0,0,0,2,2,0,6,6,0,2,1,1,26.7460177,92.0959429
ASSAM,Total,Udalguri,Any other,799,615,184,0,0,0,289,157,132,234,197,37,92,88,4,41,38,3,15,14,1,30,29,1,57,55,2,41,37,4,26.7460177,92.0959429
ASSAM,Total,Udalguri,No travel,42917,24667,18250,42917,24667,18250,0,0,0,0,0,0,0,0,0,0,0,0,0,0,0,0,0,0,0,0,0,0,0,0,26.7460177,92.0959429
ASSAM,Rural,Udalguri,All Modes,123157,76607,46550,39360,22138,17222,39139,22429,16710,28080,18805,9275,9277,6665,2612,2454,2219,235,2397,2134,263,609,558,51,1342,1219,123,499,440,59,26.7460177,92.0959429
ASSAM,Rural,Udalguri,On foot,47037,22248,24789,0,0,0,29815,14443,15372,12548,5282,7266,4674,2523,2151,0,0,0,0,0,0,0,0,0,0,0,0,0,0,0,26.7460177,92.0959429
ASSAM,Rural,Udalguri,Bicycle,27771,24443,3328,0,0,0,8037,6989,1048,13398,11702,1696,3257,2954,303,1258,1174,84,1821,1624,197,0,0,0,0,0,0,0,0,0,26.7460177,92.0959429
ASSAM,Rural,Udalguri,Moped/Scooter/Motor Cycle,3631,3299,332,0,0,0,596,534,62,1291,1150,141,745,688,57,486,447,39,172,165,7,139,134,5,67,63,4,135,118,17,26.7460177,92.0959429
ASSAM,Rural,Udalguri,Car/Jeep/Van,483,418,65,0,0,0,86,75,11,84,71,13,84,72,12,80,66,14,37,31,6,31,29,2,53,47,6,28,27,1,26.7460177,92.0959429
ASSAM,Rural,Udalguri,Tempo/Autorickshaw/Taxi,257,205,52,0,0,0,28,26,2,86,62,24,56,48,8,39,29,10,11,9,2,6,6,0,16,16,0,15,9,6,26.7460177,92.0959429
ASSAM,Rural,Udalguri,Bus,2829,2409,420,0,0,0,89,64,25,177,128,49,330,257,73,516,434,82,320,274,46,358,330,28,892,793,99,147,129,18,26.7460177,92.0959429
ASSAM,Rural,Udalguri,Train,1033,874,159,0,0,0,207,152,55,274,220,54,43,39,4,37,34,3,27,23,4,50,35,15,260,248,12,135,123,12,26.7460177,92.0959429
ASSAM,Rural,Udalguri,Water transport,25,20,5,0,0,0,10,7,3,3,2,1,2,2,0,1,1,0,0,0,0,1,1,0,6,6,0,2,1,1,26.7460177,92.0959429
ASSAM,Rural,Udalguri,Any other,731,553,178,0,0,0,271,139,132,219,188,31,86,82,4,37,34,3,9,8,1,24,23,1,48,46,2,37,33,4,26.7460177,92.0959429
ASSAM,Rural,Udalguri,No travel,39360,22138,17222,39360,22138,17222,0,0,0,0,0,0,0,0,0,0,0,0,0,0,0,0,0,0,0,0,0,0,0,0,26.7460177,92.0959429
ASSAM,Urban,Udalguri,All Modes,12504,10348,2156,3557,2529,1028,3856,3298,558,2759,2384,375,845,760,85,432,399,33,437,410,27,248,236,12,300,267,33,70,65,5,26.7460177,92.0959429
ASSAM,Urban,Udalguri,On foot,2759,2046,713,0,0,0,1849,1360,489,629,449,180,281,237,44,0,0,0,0,0,0,0,0,0,0,0,0,0,0,0,26.7460177,92.0959429
ASSAM,Urban,Udalguri,Bicycle,3856,3679,177,0,0,0,1602,1559,43,1613,1505,108,284,275,9,126,122,4,231,218,13,0,0,0,0,0,0,0,0,0,26.7460177,92.0959429
ASSAM,Urban,Udalguri,Moped/Scooter/Motor Cycle,1106,1013,93,0,0,0,301,287,14,380,330,50,158,147,11,123,115,8,48,46,2,58,54,4,15,13,2,23,21,2,26.7460177,92.0959429
ASSAM,Urban,Udalguri,Car/Jeep/Van,185,161,24,0,0,0,21,15,6,34,28,6,19,17,2,33,28,5,15,15,0,23,22,1,29,25,4,11,11,0,26.7460177,92.0959429
ASSAM,Urban,Udalguri,Tempo/Autorickshaw/Taxi,89,65,24,0,0,0,13,11,2,22,9,13,13,7,6,19,18,1,9,8,1,4,4,0,7,7,0,2,1,1,26.7460177,92.0959429
ASSAM,Urban,Udalguri,Bus,734,652,82,0,0,0,22,20,2,39,29,10,79,67,12,124,109,15,122,112,10,136,129,7,198,174,24,14,12,2,26.7460177,92.0959429
ASSAM,Urban,Udalguri,Train,146,138,8,0,0,0,27,26,1,27,25,2,5,4,1,3,3,0,6,5,1,20,20,0,42,39,3,16,16,0,26.7460177,92.0959429
ASSAM,Urban,Udalguri,Water transport,4,3,1,0,0,0,3,2,1,0,0,0,0,0,0,0,0,0,0,0,0,1,1,0,0,0,0,0,0,0,26.7460177,92.0959429
ASSAM,Urban,Udalguri,Any other,68,62,6,0,0,0,18,18,0,15,9,6,6,6,0,4,4,0,6,6,0,6,6,0,9,9,0,4,4,0,26.7460177,92.0959429
ASSAM,Urban,Udalguri,No travel,3557,2529,1028,3557,2529,1028,0,0,0,0,0,0,0,0,0,0,0,0,0,0,0,0,0,0,0,0,0,0,0,0,26.7460177,92.0959429
TRIPURA,Total,North Tripura,All Modes,148316,112736,35580,35980,24598,11382,40773,28425,12348,46823,38080,8743,15549,13170,2379,3622,3296,326,2213,2049,164,1182,1099,83,1705,1609,96,469,410,59,24.0797139,92.2630393
TRIPURA,Total,North Tripura,On foot,67616,46763,20853,0,0,0,34851,23011,11840,25749,18503,7246,7016,5249,1767,0,0,0,0,0,0,0,0,0,0,0,0,0,0,0,24.0797139,92.2630393
TRIPURA,Total,North Tripura,Bicycle,23256,22847,409,0,0,0,3525,3440,85,14371,14135,236,3893,3838,55,620,614,6,847,820,27,0,0,0,0,0,0,0,0,0,24.0797139,92.2630393
TRIPURA,Total,North Tripura,Moped/Scooter/Motor Cycle,6891,6528,363,0,0,0,1205,1149,56,2862,2677,185,1377,1320,57,782,756,26,244,228,16,165,158,7,131,128,3,125,112,13,24.0797139,92.2630393
TRIPURA,Total,North Tripura,Car/Jeep/Van,4225,3634,591,0,0,0,319,261,58,817,651,166,902,774,128,862,739,123,502,448,54,413,382,31,303,281,22,107,98,9,24.0797139,92.2630393
TRIPURA,Total,North Tripura,Tempo/Autorickshaw/Taxi,6311,4873,1438,0,0,0,512,325,187,2415,1661,754,1904,1581,323,909,791,118,237,213,24,116,111,5,128,118,10,90,73,17,24.0797139,92.2630393
TRIPURA,Total,North Tripura,Bus,2125,1881,244,0,0,0,97,72,25,217,171,46,272,240,32,343,299,44,322,284,38,359,326,33,474,453,21,41,36,5,24.0797139,92.2630393
TRIPURA,Total,North Tripura,Train,939,854,85,0,0,0,69,54,15,92,78,14,38,32,6,34,33,1,34,30,4,86,82,4,544,509,35,42,36,6,24.0797139,92.2630393
TRIPURA,Total,North Tripura,Water transport,41,30,11,0,0,0,14,8,6,15,12,3,3,2,1,0,0,0,0,0,0,0,0,0,1,1,0,8,7,1,24.0797139,92.2630393
TRIPURA,Total,North Tripura,Any other,932,728,204,0,0,0,181,105,76,285,192,93,144,134,10,72,64,8,27,26,1,43,40,3,124,119,5,56,48,8,24.0797139,92.2630393
TRIPURA,Total,North Tripura,No travel,35980,24598,11382,35980,24598,11382,0,0,0,0,0,0,0,0,0,0,0,0,0,0,0,0,0,0,0,0,0,0,0,0,24.0797139,92.2630393
TRIPURA,Rural,North Tripura,All Modes,111065,82526,28539,28619,19085,9534,27934,18277,9657,35255,28316,6939,12803,10830,1973,2690,2500,190,1571,1465,106,719,673,46,1148,1091,57,326,289,37,24.0797139,92.2630393
TRIPURA,Rural,North Tripura,On foot,52664,35429,17235,0,0,0,25342,15888,9454,21228,15034,6194,6094,4507,1587,0,0,0,0,0,0,0,0,0,0,0,0,0,0,0,24.0797139,92.2630393
TRIPURA,Rural,North Tripura,Bicycle,16282,15973,309,0,0,0,1598,1547,51,10130,9953,177,3335,3283,52,545,539,6,674,651,23,0,0,0,0,0,0,0,0,0,24.0797139,92.2630393
TRIPURA,Rural,North Tripura,Moped/Scooter/Motor Cycle,3605,3414,191,0,0,0,363,348,15,1453,1360,93,871,832,39,489,471,18,168,158,10,103,98,5,73,70,3,85,77,8,24.0797139,92.2630393
TRIPURA,Rural,North Tripura,Car/Jeep/Van,2823,2485,338,0,0,0,175,142,33,540,468,72,695,604,91,627,553,74,311,278,33,241,224,17,186,170,16,48,46,2,24.0797139,92.2630393
TRIPURA,Rural,North Tripura,Tempo/Autorickshaw/Taxi,4376,3691,685,0,0,0,266,203,63,1535,1177,358,1460,1287,173,696,635,61,167,155,12,78,76,2,106,102,4,68,56,12,24.0797139,92.2630393
TRIPURA,Rural,North Tripura,Bus,1486,1336,150,0,0,0,75,56,19,155,132,23,204,183,21,255,228,27,209,184,25,213,195,18,341,328,13,34,30,4,24.0797139,92.2630393
TRIPURA,Rural,North Tripura,Train,623,577,46,0,0,0,44,35,9,65,59,6,26,21,5,23,23,0,23,21,2,54,52,2,355,337,18,33,29,4,24.0797139,92.2630393
TRIPURA,Rural,North Tripura,Water transport,35,26,9,0,0,0,11,6,5,13,10,3,3,2,1,0,0,0,0,0,0,0,0,0,1,1,0,7,7,0,24.0797139,92.2630393
TRIPURA,Rural,North Tripura,Any other,552,510,42,0,0,0,60,52,8,136,123,13,115,111,4,55,51,4,19,18,1,30,28,2,86,83,3,51,44,7,24.0797139,92.2630393
TRIPURA,Rural,North Tripura,No travel,28619,19085,9534,28619,19085,9534,0,0,0,0,0,0,0,0,0,0,0,0,0,0,0,0,0,0,0,0,0,0,0,0,24.0797139,92.2630393
TRIPURA,Urban,North Tripura,All Modes,37251,30210,7041,7361,5513,1848,12839,10148,2691,11568,9764,1804,2746,2340,406,932,796,136,642,584,58,463,426,37,557,518,39,143,121,22,24.0797139,92.2630393
TRIPURA,Urban,North Tripura,On foot,14952,11334,3618,0,0,0,9509,7123,2386,4521,3469,1052,922,742,180,0,0,0,0,0,0,0,0,0,0,0,0,0,0,0,24.0797139,92.2630393
TRIPURA,Urban,North Tripura,Bicycle,6974,6874,100,0,0,0,1927,1893,34,4241,4182,59,558,555,3,75,75,0,173,169,4,0,0,0,0,0,0,0,0,0,24.0797139,92.2630393
TRIPURA,Urban,North Tripura,Moped/Scooter/Motor Cycle,3286,3114,172,0,0,0,842,801,41,1409,1317,92,506,488,18,293,285,8,76,70,6,62,60,2,58,58,0,40,35,5,24.0797139,92.2630393
TRIPURA,Urban,North Tripura,Car/Jeep/Van,1402,1149,253,0,0,0,144,119,25,277,183,94,207,170,37,235,186,49,191,170,21,172,158,14,117,111,6,59,52,7,24.0797139,92.2630393
TRIPURA,Urban,North Tripura,Tempo/Autorickshaw/Taxi,1935,1182,753,0,0,0,246,122,124,880,484,396,444,294,150,213,156,57,70,58,12,38,35,3,22,16,6,22,17,5,24.0797139,92.2630393
TRIPURA,Urban,North Tripura,Bus,639,545,94,0,0,0,22,16,6,62,39,23,68,57,11,88,71,17,113,100,13,146,131,15,133,125,8,7,6,1,24.0797139,92.2630393
TRIPURA,Urban,North Tripura,Train,316,277,39,0,0,0,25,19,6,27,19,8,12,11,1,11,10,1,11,9,2,32,30,2,189,172,17,9,7,2,24.0797139,92.2630393
TRIPURA,Urban,North Tripura,Water transport,6,4,2,0,0,0,3,2,1,2,2,0,0,0,0,0,0,0,0,0,0,0,0,0,0,0,0,1,0,1,24.0797139,92.2630393
TRIPURA,Urban,North Tripura,Any other,380,218,162,0,0,0,121,53,68,149,69,80,29,23,6,17,13,4,8,8,0,13,12,1,38,36,2,5,4,1,24.0797139,92.2630393
TRIPURA,Urban,North Tripura,No travel,7361,5513,1848,7361,5513,1848,0,0,0,0,0,0,0,0,0,0,0,0,0,0,0,0,0,0,0,0,0,0,0,0,24.0797139,92.2630393
ARUNACHAL PRADESH,Total,West Kameng,All Modes,25511,19852,5659,9854,7655,2199,7736,5979,1757,3662,2740,922,3018,2416,602,587,472,115,200,186,14,164,148,16,193,170,23,97,86,11,27.3427633,92.302446
ARUNACHAL PRADESH,Total,West Kameng,On foot,12041,9179,2862,0,0,0,7105,5465,1640,2526,1764,762,2410,1950,460,0,0,0,0,0,0,0,0,0,0,0,0,0,0,0,27.3427633,92.302446
ARUNACHAL PRADESH,Total,West Kameng,Bicycle,245,191,54,0,0,0,91,72,19,82,60,22,32,22,10,20,20,0,20,17,3,0,0,0,0,0,0,0,0,0,27.3427633,92.302446
ARUNACHAL PRADESH,Total,West Kameng,Moped/Scooter/Motor Cycle,299,279,20,0,0,0,80,73,7,82,75,7,53,52,1,30,27,3,6,6,0,32,30,2,7,7,0,9,9,0,27.3427633,92.302446
ARUNACHAL PRADESH,Total,West Kameng,Car/Jeep/Van,1488,1321,167,0,0,0,323,263,60,410,358,52,158,147,11,269,254,15,145,138,7,72,63,9,56,50,6,55,48,7,27.3427633,92.302446
ARUNACHAL PRADESH,Total,West Kameng,Tempo/Autorickshaw/Taxi,121,102,19,0,0,0,26,26,0,21,15,6,29,23,6,12,9,3,6,4,2,4,4,0,15,14,1,8,7,1,27.3427633,92.302446
ARUNACHAL PRADESH,Total,West Kameng,Bus,408,325,83,0,0,0,35,25,10,127,109,18,66,47,19,70,50,20,12,10,2,23,21,2,66,55,11,9,8,1,27.3427633,92.302446
ARUNACHAL PRADESH,Total,West Kameng,Train,45,37,8,0,0,0,9,8,1,8,7,1,11,8,3,3,2,1,0,0,0,2,2,0,7,6,1,5,4,1,27.3427633,92.302446
ARUNACHAL PRADESH,Total,West Kameng,Water transport,2,2,0,0,0,0,1,1,0,0,0,0,1,1,0,0,0,0,0,0,0,0,0,0,0,0,0,0,0,0,27.3427633,92.302446
ARUNACHAL PRADESH,Total,West Kameng,Any other,1008,761,247,0,0,0,66,46,20,406,352,54,258,166,92,183,110,73,11,11,0,31,28,3,42,38,4,11,10,1,27.3427633,92.302446
ARUNACHAL PRADESH,Total,West Kameng,No travel,9854,7655,2199,9854,7655,2199,0,0,0,0,0,0,0,0,0,0,0,0,0,0,0,0,0,0,0,0,0,0,0,0,27.3427633,92.302446
ARUNACHAL PRADESH,Rural,West Kameng,All Modes,19841,15818,4023,8570,6868,1702,5030,4000,1030,2865,2168,697,2403,1952,451,507,405,102,173,164,9,121,111,10,134,116,18,38,34,4,27.3427633,92.302446
ARUNACHAL PRADESH,Rural,West Kameng,On foot,8296,6463,1833,0,0,0,4540,3602,938,1880,1305,575,1876,1556,320,0,0,0,0,0,0,0,0,0,0,0,0,0,0,0,27.3427633,92.302446
ARUNACHAL PRADESH,Rural,West Kameng,Bicycle,215,166,49,0,0,0,84,67,17,72,52,20,27,17,10,16,16,0,16,14,2,0,0,0,0,0,0,0,0,0,27.3427633,92.302446
ARUNACHAL PRADESH,Rural,West Kameng,Moped/Scooter/Motor Cycle,195,182,13,0,0,0,52,47,5,54,48,6,37,36,1,18,18,0,5,5,0,19,18,1,7,7,0,3,3,0,27.3427633,92.302446
ARUNACHAL PRADESH,Rural,West Kameng,Car/Jeep/Van,1129,1026,103,0,0,0,228,187,41,321,292,29,128,119,9,230,219,11,131,127,4,50,45,5,29,26,3,12,11,1,27.3427633,92.302446
ARUNACHAL PRADESH,Rural,West Kameng,Tempo/Autorickshaw/Taxi,96,80,16,0,0,0,21,21,0,16,12,4,27,21,6,11,8,3,3,1,2,3,3,0,10,9,1,5,5,0,27.3427633,92.302446
ARUNACHAL PRADESH,Rural,West Kameng,Bus,367,291,76,0,0,0,34,24,10,121,107,14,65,46,19,64,45,19,8,7,1,19,17,2,49,39,10,7,6,1,27.3427633,92.302446
ARUNACHAL PRADESH,Rural,West Kameng,Train,38,32,6,0,0,0,8,7,1,8,7,1,9,7,2,3,2,1,0,0,0,2,2,0,5,5,0,3,2,1,27.3427633,92.302446
ARUNACHAL PRADESH,Rural,West Kameng,Water transport,2,2,0,0,0,0,1,1,0,0,0,0,1,1,0,0,0,0,0,0,0,0,0,0,0,0,0,0,0,0,27.3427633,92.302446
ARUNACHAL PRADESH,Rural,West Kameng,Any other,933,708,225,0,0,0,62,44,18,393,345,48,233,149,84,165,97,68,10,10,0,28,26,2,34,30,4,8,7,1,27.3427633,92.302446
ARUNACHAL PRADESH,Rural,West Kameng,No travel,8570,6868,1702,8570,6868,1702,0,0,0,0,0,0,0,0,0,0,0,0,0,0,0,0,0,0,0,0,0,0,0,0,27.3427633,92.302446
ARUNACHAL PRADESH,Urban,West Kameng,All Modes,5670,4034,1636,1284,787,497,2706,1979,727,797,572,225,615,464,151,80,67,13,27,22,5,43,37,6,59,54,5,59,52,7,27.3427633,92.302446
ARUNACHAL PRADESH,Urban,West Kameng,On foot,3745,2716,1029,0,0,0,2565,1863,702,646,459,187,534,394,140,0,0,0,0,0,0,0,0,0,0,0,0,0,0,0,27.3427633,92.302446
ARUNACHAL PRADESH,Urban,West Kameng,Bicycle,30,25,5,0,0,0,7,5,2,10,8,2,5,5,0,4,4,0,4,3,1,0,0,0,0,0,0,0,0,0,27.3427633,92.302446
ARUNACHAL PRADESH,Urban,West Kameng,Moped/Scooter/Motor Cycle,104,97,7,0,0,0,28,26,2,28,27,1,16,16,0,12,9,3,1,1,0,13,12,1,0,0,0,6,6,0,27.3427633,92.302446
ARUNACHAL PRADESH,Urban,West Kameng,Car/Jeep/Van,359,295,64,0,0,0,95,76,19,89,66,23,30,28,2,39,35,4,14,11,3,22,18,4,27,24,3,43,37,6,27.3427633,92.302446
ARUNACHAL PRADESH,Urban,West Kameng,Tempo/Autorickshaw/Taxi,25,22,3,0,0,0,5,5,0,5,3,2,2,2,0,1,1,0,3,3,0,1,1,0,5,5,0,3,2,1,27.3427633,92.302446
ARUNACHAL PRADESH,Urban,West Kameng,Bus,41,34,7,0,0,0,1,1,0,6,2,4,1,1,0,6,5,1,4,3,1,4,4,0,17,16,1,2,2,0,27.3427633,92.302446
ARUNACHAL PRADESH,Urban,West Kameng,Train,7,5,2,0,0,0,1,1,0,0,0,0,2,1,1,0,0,0,0,0,0,0,0,0,2,1,1,2,2,0,27.3427633,92.302446
ARUNACHAL PRADESH,Urban,West Kameng,Water transport,0,0,0,0,0,0,0,0,0,0,0,0,0,0,0,0,0,0,0,0,0,0,0,0,0,0,0,0,0,0,27.3427633,92.302446
ARUNACHAL PRADESH,Urban,West Kameng,Any other,75,53,22,0,0,0,4,2,2,13,7,6,25,17,8,18,13,5,1,1,0,3,2,1,8,8,0,3,3,0,27.3427633,92.302446
ARUNACHAL PRADESH,Urban,West Kameng,No travel,1284,787,497,1284,787,497,0,0,0,0,0,0,0,0,0,0,0,0,0,0,0,0,0,0,0,0,0,0,0,0,27.3427633,92.302446
ASSAM,Total,Morigaon,All Modes,103206,74239,28967,42662,23188,19474,20956,16069,4887,19726,17291,2435,8644,7401,1243,3707,3360,347,2706,2487,219,1337,1224,113,2878,2707,171,590,512,78,26.2528853,92.336955
ASSAM,Total,Morigaon,On foot,19934,13458,6476,0,0,0,13332,8952,4380,4234,2898,1336,2368,1608,760,0,0,0,0,0,0,0,0,0,0,0,0,0,0,0,26.2528853,92.336955
ASSAM,Total,Morigaon,Bicycle,22488,21616,872,0,0,0,5385,5164,221,11004,10551,453,3733,3618,115,1199,1179,20,1167,1104,63,0,0,0,0,0,0,0,0,0,26.2528853,92.336955
ASSAM,Total,Morigaon,Moped/Scooter/Motor Cycle,6611,6254,357,0,0,0,1425,1359,66,2730,2554,176,967,924,43,731,700,31,325,309,16,167,161,6,101,98,3,165,149,16,26.2528853,92.336955
ASSAM,Total,Morigaon,Car/Jeep/Van,1077,939,138,0,0,0,133,101,32,379,328,51,118,98,20,92,78,14,112,107,5,82,78,4,134,124,10,27,25,2,26.2528853,92.336955
ASSAM,Total,Morigaon,Tempo/Autorickshaw/Taxi,1717,1298,419,0,0,0,134,76,58,524,345,179,413,329,84,367,303,64,131,122,9,52,50,2,43,36,7,53,37,16,26.2528853,92.336955
ASSAM,Total,Morigaon,Bus,6852,5830,1022,0,0,0,179,135,44,613,416,197,873,661,212,1225,1018,207,909,789,120,932,840,92,1958,1837,121,163,134,29,26.2528853,92.336955
ASSAM,Total,Morigaon,Train,1037,975,62,0,0,0,79,65,14,59,55,4,35,35,0,23,21,2,32,31,1,80,72,8,579,555,24,150,141,9,26.2528853,92.336955
ASSAM,Total,Morigaon,Water transport,66,52,14,0,0,0,8,7,1,14,11,3,11,8,3,11,10,1,2,1,1,2,2,0,14,11,3,4,2,2,26.2528853,92.336955
ASSAM,Total,Morigaon,Any other,762,629,133,0,0,0,281,210,71,169,133,36,126,120,6,59,51,8,28,24,4,22,21,1,49,46,3,28,24,4,26.2528853,92.336955
ASSAM,Total,Morigaon,No travel,42662,23188,19474,42662,23188,19474,0,0,0,0,0,0,0,0,0,0,0,0,0,0,0,0,0,0,0,0,0,0,0,0,26.2528853,92.336955
ASSAM,Rural,Morigaon,All Modes,81860,56221,25639,37920,19648,18272,12752,9015,3737,14782,12862,1920,7431,6382,1049,3108,2852,256,2120,1954,166,1044,964,80,2261,2154,107,442,390,52,26.2528853,92.336955
ASSAM,Rural,Morigaon,On foot,13714,8497,5217,0,0,0,8419,5022,3397,3340,2198,1142,1955,1277,678,0,0,0,0,0,0,0,0,0,0,0,0,0,0,0,26.2528853,92.336955
ASSAM,Rural,Morigaon,Bicycle,17638,16882,756,0,0,0,3389,3213,176,8839,8446,393,3404,3293,111,1052,1036,16,954,894,60,0,0,0,0,0,0,0,0,0,26.2528853,92.336955
ASSAM,Rural,Morigaon,Moped/Scooter/Motor Cycle,3823,3599,224,0,0,0,507,476,31,1468,1359,109,761,728,33,556,534,22,230,218,12,118,113,5,84,81,3,99,90,9,26.2528853,92.336955
ASSAM,Rural,Morigaon,Car/Jeep/Van,536,469,67,0,0,0,36,27,9,151,128,23,68,57,11,70,59,11,71,68,3,55,52,3,71,65,6,14,13,1,26.2528853,92.336955
ASSAM,Rural,Morigaon,Tempo/Autorickshaw/Taxi,1304,1047,257,0,0,0,68,42,26,347,245,102,354,298,56,324,273,51,106,100,6,44,42,2,22,19,3,39,28,11,26.2528853,92.336955
ASSAM,Rural,Morigaon,Bus,5532,4825,707,0,0,0,138,101,37,455,320,135,743,591,152,1027,882,145,712,631,81,746,684,62,1581,1506,75,130,110,20,26.2528853,92.336955
ASSAM,Rural,Morigaon,Train,823,779,44,0,0,0,56,46,10,51,49,2,25,25,0,17,15,2,23,23,0,61,54,7,457,440,17,133,127,6,26.2528853,92.336955
ASSAM,Rural,Morigaon,Water transport,60,49,11,0,0,0,8,7,1,13,10,3,11,8,3,10,9,1,1,1,0,2,2,0,12,10,2,3,2,1,26.2528853,92.336955
ASSAM,Rural,Morigaon,Any other,510,426,84,0,0,0,131,81,50,118,107,11,110,105,5,52,44,8,23,19,4,18,17,1,34,33,1,24,20,4,26.2528853,92.336955
ASSAM,Rural,Morigaon,No travel,37920,19648,18272,37920,19648,18272,0,0,0,0,0,0,0,0,0,0,0,0,0,0,0,0,0,0,0,0,0,0,0,0,26.2528853,92.336955
ASSAM,Urban,Morigaon,All Modes,21346,18018,3328,4742,3540,1202,8204,7054,1150,4944,4429,515,1213,1019,194,599,508,91,586,533,53,293,260,33,617,553,64,148,122,26,26.2528853,92.336955
ASSAM,Urban,Morigaon,On foot,6220,4961,1259,0,0,0,4913,3930,983,894,700,194,413,331,82,0,0,0,0,0,0,0,0,0,0,0,0,0,0,0,26.2528853,92.336955
ASSAM,Urban,Morigaon,Bicycle,4850,4734,116,0,0,0,1996,1951,45,2165,2105,60,329,325,4,147,143,4,213,210,3,0,0,0,0,0,0,0,0,0,26.2528853,92.336955
ASSAM,Urban,Morigaon,Moped/Scooter/Motor Cycle,2788,2655,133,0,0,0,918,883,35,1262,1195,67,206,196,10,175,166,9,95,91,4,49,48,1,17,17,0,66,59,7,26.2528853,92.336955
ASSAM,Urban,Morigaon,Car/Jeep/Van,541,470,71,0,0,0,97,74,23,228,200,28,50,41,9,22,19,3,41,39,2,27,26,1,63,59,4,13,12,1,26.2528853,92.336955
ASSAM,Urban,Morigaon,Tempo/Autorickshaw/Taxi,413,251,162,0,0,0,66,34,32,177,100,77,59,31,28,43,30,13,25,22,3,8,8,0,21,17,4,14,9,5,26.2528853,92.336955
ASSAM,Urban,Morigaon,Bus,1320,1005,315,0,0,0,41,34,7,158,96,62,130,70,60,198,136,62,197,158,39,186,156,30,377,331,46,33,24,9,26.2528853,92.336955
ASSAM,Urban,Morigaon,Train,214,196,18,0,0,0,23,19,4,8,6,2,10,10,0,6,6,0,9,8,1,19,18,1,122,115,7,17,14,3,26.2528853,92.336955
ASSAM,Urban,Morigaon,Water transport,6,3,3,0,0,0,0,0,0,1,1,0,0,0,0,1,1,0,1,0,1,0,0,0,2,1,1,1,0,1,26.2528853,92.336955
ASSAM,Urban,Morigaon,Any other,252,203,49,0,0,0,150,129,21,51,26,25,16,15,1,7,7,0,5,5,0,4,4,0,15,13,2,4,4,0,26.2528853,92.336955
ASSAM,Urban,Morigaon,No travel,4742,3540,1202,4742,3540,1202,0,0,0,0,0,0,0,0,0,0,0,0,0,0,0,0,0,0,0,0,0,0,0,0,26.2528853,92.336955
MEGHALAYA,Total,Jaintia Hills,All Modes,65566,37759,27807,22959,12040,10919,14259,7044,7215,12799,8071,4728,7541,4851,2690,2446,1660,786,1478,1067,411,1608,1114,494,1747,1403,344,729,509,220,25.5021272,92.341887
MEGHALAYA,Total,Jaintia Hills,On foot,25320,14026,11294,0,0,0,12387,6048,6339,8014,5005,3009,4919,2973,1946,0,0,0,0,0,0,0,0,0,0,0,0,0,0,0,25.5021272,92.341887
MEGHALAYA,Total,Jaintia Hills,Bicycle,231,141,90,0,0,0,60,25,35,107,67,40,19,15,4,3,2,1,42,32,10,0,0,0,0,0,0,0,0,0,25.5021272,92.341887
MEGHALAYA,Total,Jaintia Hills,Moped/Scooter/Motor Cycle,539,446,93,0,0,0,51,40,11,184,147,37,83,69,14,70,62,8,36,32,4,55,43,12,34,30,4,26,23,3,25.5021272,92.341887
MEGHALAYA,Total,Jaintia Hills,Car/Jeep/Van,9707,6573,3134,0,0,0,943,550,393,2944,1918,1026,1741,1215,526,1545,1012,533,800,588,212,724,508,216,662,526,136,348,256,92,25.5021272,92.341887
MEGHALAYA,Total,Jaintia Hills,Tempo/Autorickshaw/Taxi,1907,1006,901,0,0,0,558,235,323,672,328,344,180,122,58,136,87,49,71,50,21,61,45,16,63,46,17,166,93,73,25.5021272,92.341887
MEGHALAYA,Total,Jaintia Hills,Bus,2744,1737,1007,0,0,0,89,38,51,362,221,141,291,187,104,363,217,146,343,198,145,629,401,228,575,419,156,92,56,36,25.5021272,92.341887
MEGHALAYA,Total,Jaintia Hills,Train,174,120,54,0,0,0,45,23,22,46,33,13,16,10,6,7,6,1,3,3,0,13,11,2,28,23,5,16,11,5,25.5021272,92.341887
MEGHALAYA,Total,Jaintia Hills,Water transport,45,38,7,0,0,0,4,3,1,11,10,1,9,8,1,10,9,1,1,1,0,4,2,2,4,3,1,2,2,0,25.5021272,92.341887
MEGHALAYA,Total,Jaintia Hills,Any other,1940,1632,308,0,0,0,122,82,40,459,342,117,283,252,31,312,265,47,182,163,19,122,104,18,381,356,25,79,68,11,25.5021272,92.341887
MEGHALAYA,Total,Jaintia Hills,No travel,22959,12040,10919,22959,12040,10919,0,0,0,0,0,0,0,0,0,0,0,0,0,0,0,0,0,0,0,0,0,0,0,0,25.5021272,92.341887
MEGHALAYA,Rural,Jaintia Hills,All Modes,55033,31947,23086,19780,10247,9533,11253,5606,5647,11410,7359,4051,5959,3861,2098,2257,1543,714,1290,950,340,1359,971,388,1366,1126,240,359,284,75,25.5021272,92.341887
MEGHALAYA,Rural,Jaintia Hills,On foot,21772,12080,9692,0,0,0,10461,5099,5362,7721,4833,2888,3590,2148,1442,0,0,0,0,0,0,0,0,0,0,0,0,0,0,0,25.5021272,92.341887
MEGHALAYA,Rural,Jaintia Hills,Bicycle,210,128,82,0,0,0,52,20,32,102,64,38,19,15,4,3,2,1,34,27,7,0,0,0,0,0,0,0,0,0,25.5021272,92.341887
MEGHALAYA,Rural,Jaintia Hills,Moped/Scooter/Motor Cycle,508,428,80,0,0,0,42,37,5,174,140,34,81,68,13,68,60,8,34,31,3,55,43,12,30,27,3,24,22,2,25.5021272,92.341887
MEGHALAYA,Rural,Jaintia Hills,Car/Jeep/Van,7740,5458,2282,0,0,0,413,288,125,2324,1602,722,1569,1101,468,1437,944,493,697,521,176,602,433,169,493,404,89,205,165,40,25.5021272,92.341887
MEGHALAYA,Rural,Jaintia Hills,Tempo/Autorickshaw/Taxi,717,445,272,0,0,0,55,31,24,254,137,117,143,97,46,113,71,42,60,43,17,46,36,10,39,26,13,7,4,3,25.5021272,92.341887
MEGHALAYA,Rural,Jaintia Hills,Bus,2258,1457,801,0,0,0,69,31,38,328,205,123,251,164,87,313,191,122,287,166,121,527,346,181,433,322,111,50,32,18,25.5021272,92.341887
MEGHALAYA,Rural,Jaintia Hills,Train,164,115,49,0,0,0,43,22,21,45,32,13,16,10,6,7,6,1,3,3,0,13,11,2,24,20,4,13,11,2,25.5021272,92.341887
MEGHALAYA,Rural,Jaintia Hills,Water transport,43,37,6,0,0,0,4,3,1,11,10,1,9,8,1,9,8,1,1,1,0,3,2,1,4,3,1,2,2,0,25.5021272,92.341887
MEGHALAYA,Rural,Jaintia Hills,Any other,1841,1552,289,0,0,0,114,75,39,451,336,115,281,250,31,307,261,46,174,158,16,113,100,13,343,324,19,58,48,10,25.5021272,92.341887
MEGHALAYA,Rural,Jaintia Hills,No travel,19780,10247,9533,19780,10247,9533,0,0,0,0,0,0,0,0,0,0,0,0,0,0,0,0,0,0,0,0,0,0,0,0,25.5021272,92.341887
MEGHALAYA,Urban,Jaintia Hills,All Modes,10533,5812,4721,3179,1793,1386,3006,1438,1568,1389,712,677,1582,990,592,189,117,72,188,117,71,249,143,106,381,277,104,370,225,145,25.5021272,92.341887
MEGHALAYA,Urban,Jaintia Hills,On foot,3548,1946,1602,0,0,0,1926,949,977,293,172,121,1329,825,504,0,0,0,0,0,0,0,0,0,0,0,0,0,0,0,25.5021272,92.341887
MEGHALAYA,Urban,Jaintia Hills,Bicycle,21,13,8,0,0,0,8,5,3,5,3,2,0,0,0,0,0,0,8,5,3,0,0,0,0,0,0,0,0,0,25.5021272,92.341887
MEGHALAYA,Urban,Jaintia Hills,Moped/Scooter/Motor Cycle,31,18,13,0,0,0,9,3,6,10,7,3,2,1,1,2,2,0,2,1,1,0,0,0,4,3,1,2,1,1,25.5021272,92.341887
MEGHALAYA,Urban,Jaintia Hills,Car/Jeep/Van,1967,1115,852,0,0,0,530,262,268,620,316,304,172,114,58,108,68,40,103,67,36,122,75,47,169,122,47,143,91,52,25.5021272,92.341887
MEGHALAYA,Urban,Jaintia Hills,Tempo/Autorickshaw/Taxi,1190,561,629,0,0,0,503,204,299,418,191,227,37,25,12,23,16,7,11,7,4,15,9,6,24,20,4,159,89,70,25.5021272,92.341887
MEGHALAYA,Urban,Jaintia Hills,Bus,486,280,206,0,0,0,20,7,13,34,16,18,40,23,17,50,26,24,56,32,24,102,55,47,142,97,45,42,24,18,25.5021272,92.341887
MEGHALAYA,Urban,Jaintia Hills,Train,10,5,5,0,0,0,2,1,1,1,1,0,0,0,0,0,0,0,0,0,0,0,0,0,4,3,1,3,0,3,25.5021272,92.341887
MEGHALAYA,Urban,Jaintia Hills,Water transport,2,1,1,0,0,0,0,0,0,0,0,0,0,0,0,1,1,0,0,0,0,1,0,1,0,0,0,0,0,0,25.5021272,92.341887
MEGHALAYA,Urban,Jaintia Hills,Any other,99,80,19,0,0,0,8,7,1,8,6,2,2,2,0,5,4,1,8,5,3,9,4,5,38,32,6,21,20,1,25.5021272,92.341887
MEGHALAYA,Urban,Jaintia Hills,No travel,3179,1793,1386,3179,1793,1386,0,0,0,0,0,0,0,0,0,0,0,0,0,0,0,0,0,0,0,0,0,0,0,0,25.5021272,92.341887
ASSAM,Total,Karimganj,All Modes,220355,176137,44218,66676,43392,23284,48582,38665,9917,61433,54007,7426,25769,23147,2622,6701,6346,355,3781,3581,200,2593,2439,154,3632,3517,115,1188,1043,145,24.8649128,92.3591531
ASSAM,Total,Karimganj,On foot,86476,69512,16964,0,0,0,40151,31031,9120,33804,27980,5824,12521,10501,2020,0,0,0,0,0,0,0,0,0,0,0,0,0,0,0,24.8649128,92.3591531
ASSAM,Total,Karimganj,Bicycle,26093,25467,626,0,0,0,4269,4108,161,15594,15241,353,4096,4045,51,727,716,11,1407,1357,50,0,0,0,0,0,0,0,0,0,24.8649128,92.3591531
ASSAM,Total,Karimganj,Moped/Scooter/Motor Cycle,5338,5108,230,0,0,0,1084,996,88,2498,2408,90,837,821,16,384,378,6,141,139,2,150,147,3,76,75,1,168,144,24,24.8649128,92.3591531
ASSAM,Total,Karimganj,Car/Jeep/Van,2558,2309,249,0,0,0,335,284,51,665,577,88,482,449,33,459,425,34,180,171,9,186,171,15,178,168,10,73,64,9,24.8649128,92.3591531
ASSAM,Total,Karimganj,Tempo/Autorickshaw/Taxi,10139,8933,1206,0,0,0,1022,746,276,4426,3786,640,2927,2734,193,1052,1016,36,144,139,5,239,224,15,99,95,4,230,193,37,24.8649128,92.3591531
ASSAM,Total,Karimganj,Bus,17430,16170,1260,0,0,0,899,814,85,3023,2707,316,4337,4063,274,3580,3338,242,1714,1588,126,1575,1479,96,1988,1913,75,314,268,46,24.8649128,92.3591531
ASSAM,Total,Karimganj,Train,3069,2903,166,0,0,0,278,238,40,483,450,33,246,229,17,347,328,19,159,153,6,341,321,20,1062,1042,20,153,142,11,24.8649128,92.3591531
ASSAM,Total,Karimganj,Water transport,889,873,16,0,0,0,241,236,5,499,496,3,55,54,1,16,15,1,1,1,0,30,28,2,18,17,1,29,26,3,24.8649128,92.3591531
ASSAM,Total,Karimganj,Any other,1687,1470,217,0,0,0,303,212,91,441,362,79,268,251,17,136,130,6,35,33,2,72,69,3,211,207,4,221,206,15,24.8649128,92.3591531
ASSAM,Total,Karimganj,No travel,66676,43392,23284,66676,43392,23284,0,0,0,0,0,0,0,0,0,0,0,0,0,0,0,0,0,0,0,0,0,0,0,0,24.8649128,92.3591531
ASSAM,Rural,Karimganj,All Modes,185686,147187,38499,58803,37733,21070,36892,28776,8116,51804,45403,6401,23125,20879,2246,5961,5712,249,3029,2895,134,2030,1936,94,3065,3000,65,977,853,124,24.8649128,92.3591531
ASSAM,Rural,Karimganj,On foot,72991,57985,15006,0,0,0,31650,23902,7748,30201,24748,5453,11140,9335,1805,0,0,0,0,0,0,0,0,0,0,0,0,0,0,0,24.8649128,92.3591531
ASSAM,Rural,Karimganj,Bicycle,21237,20719,518,0,0,0,2737,2605,132,12772,12484,288,3842,3795,47,674,665,9,1212,1170,42,0,0,0,0,0,0,0,0,0,24.8649128,92.3591531
ASSAM,Rural,Karimganj,Moped/Scooter/Motor Cycle,3164,3020,144,0,0,0,438,384,54,1340,1295,45,668,656,12,326,321,5,115,113,2,106,104,2,51,50,1,120,97,23,24.8649128,92.3591531
ASSAM,Rural,Karimganj,Car/Jeep/Van,1908,1764,144,0,0,0,191,173,18,459,407,52,407,386,21,406,383,23,126,122,4,129,120,9,138,130,8,52,43,9,24.8649128,92.3591531
ASSAM,Rural,Karimganj,Tempo/Autorickshaw/Taxi,7897,7405,492,0,0,0,528,476,52,3187,2933,254,2628,2506,122,966,945,21,127,124,3,183,176,7,78,76,2,200,169,31,24.8649128,92.3591531
ASSAM,Rural,Karimganj,Bus,14899,13992,907,0,0,0,763,702,61,2645,2385,260,3913,3701,212,3123,2956,167,1314,1237,77,1231,1173,58,1648,1612,36,262,226,36,24.8649128,92.3591531
ASSAM,Rural,Karimganj,Train,2659,2526,133,0,0,0,228,193,35,418,393,25,225,212,13,323,306,17,103,99,4,291,276,15,943,928,15,128,119,9,24.8649128,92.3591531
ASSAM,Rural,Karimganj,Water transport,862,849,13,0,0,0,234,230,4,495,492,3,53,52,1,15,14,1,1,1,0,28,27,1,10,10,0,26,23,3,24.8649128,92.3591531
ASSAM,Rural,Karimganj,Any other,1266,1194,72,0,0,0,123,111,12,287,266,21,249,236,13,128,122,6,31,29,2,62,60,2,197,194,3,189,176,13,24.8649128,92.3591531
ASSAM,Rural,Karimganj,No travel,58803,37733,21070,58803,37733,21070,0,0,0,0,0,0,0,0,0,0,0,0,0,0,0,0,0,0,0,0,0,0,0,0,24.8649128,92.3591531
ASSAM,Urban,Karimganj,All Modes,34669,28950,5719,7873,5659,2214,11690,9889,1801,9629,8604,1025,2644,2268,376,740,634,106,752,686,66,563,503,60,567,517,50,211,190,21,24.8649128,92.3591531
ASSAM,Urban,Karimganj,On foot,13485,11527,1958,0,0,0,8501,7129,1372,3603,3232,371,1381,1166,215,0,0,0,0,0,0,0,0,0,0,0,0,0,0,0,24.8649128,92.3591531
ASSAM,Urban,Karimganj,Bicycle,4856,4748,108,0,0,0,1532,1503,29,2822,2757,65,254,250,4,53,51,2,195,187,8,0,0,0,0,0,0,0,0,0,24.8649128,92.3591531
ASSAM,Urban,Karimganj,Moped/Scooter/Motor Cycle,2174,2088,86,0,0,0,646,612,34,1158,1113,45,169,165,4,58,57,1,26,26,0,44,43,1,25,25,0,48,47,1,24.8649128,92.3591531
ASSAM,Urban,Karimganj,Car/Jeep/Van,650,545,105,0,0,0,144,111,33,206,170,36,75,63,12,53,42,11,54,49,5,57,51,6,40,38,2,21,21,0,24.8649128,92.3591531
ASSAM,Urban,Karimganj,Tempo/Autorickshaw/Taxi,2242,1528,714,0,0,0,494,270,224,1239,853,386,299,228,71,86,71,15,17,15,2,56,48,8,21,19,2,30,24,6,24.8649128,92.3591531
ASSAM,Urban,Karimganj,Bus,2531,2178,353,0,0,0,136,112,24,378,322,56,424,362,62,457,382,75,400,351,49,344,306,38,340,301,39,52,42,10,24.8649128,92.3591531
ASSAM,Urban,Karimganj,Train,410,377,33,0,0,0,50,45,5,65,57,8,21,17,4,24,22,2,56,54,2,50,45,5,119,114,5,25,23,2,24.8649128,92.3591531
ASSAM,Urban,Karimganj,Water transport,27,24,3,0,0,0,7,6,1,4,4,0,2,2,0,1,1,0,0,0,0,2,1,1,8,7,1,3,3,0,24.8649128,92.3591531
ASSAM,Urban,Karimganj,Any other,421,276,145,0,0,0,180,101,79,154,96,58,19,15,4,8,8,0,4,4,0,10,9,1,14,13,1,32,30,2,24.8649128,92.3591531
ASSAM,Urban,Karimganj,No travel,7873,5659,2214,7873,5659,2214,0,0,0,0,0,0,0,0,0,0,0,0,0,0,0,0,0,0,0,0,0,0,0,0,24.8649128,92.3591531
MIZORAM,Total,Mamit,All Modes,7855,5540,2315,3410,2320,1090,3095,2158,937,766,607,159,386,281,105,55,43,12,29,26,3,35,32,3,46,41,5,33,32,1,23.9294441,92.4905707
MIZORAM,Total,Mamit,On foot,3439,2401,1038,0,0,0,2690,1825,865,441,363,78,308,213,95,0,0,0,0,0,0,0,0,0,0,0,0,0,0,0,23.9294441,92.4905707
MIZORAM,Total,Mamit,Bicycle,80,72,8,0,0,0,38,33,5,26,24,2,9,9,0,2,2,0,5,4,1,0,0,0,0,0,0,0,0,0,23.9294441,92.4905707
MIZORAM,Total,Mamit,Moped/Scooter/Motor Cycle,474,398,76,0,0,0,228,197,31,130,102,28,45,37,8,31,25,6,13,13,0,10,10,0,9,7,2,8,7,1,23.9294441,92.4905707
MIZORAM,Total,Mamit,Car/Jeep/Van,174,137,37,0,0,0,63,54,9,64,46,18,8,7,1,11,6,5,6,5,1,10,7,3,8,8,0,4,4,0,23.9294441,92.4905707
MIZORAM,Total,Mamit,Tempo/Autorickshaw/Taxi,104,63,41,0,0,0,40,21,19,45,23,22,7,7,0,1,1,0,0,0,0,3,3,0,1,1,0,7,7,0,23.9294441,92.4905707
MIZORAM,Total,Mamit,Bus,66,47,19,0,0,0,15,9,6,18,9,9,4,3,1,3,3,0,1,1,0,3,3,0,15,12,3,7,7,0,23.9294441,92.4905707
MIZORAM,Total,Mamit,Train,15,13,2,0,0,0,2,0,2,2,2,0,1,1,0,0,0,0,0,0,0,1,1,0,5,5,0,4,4,0,23.9294441,92.4905707
MIZORAM,Total,Mamit,Water transport,0,0,0,0,0,0,0,0,0,0,0,0,0,0,0,0,0,0,0,0,0,0,0,0,0,0,0,0,0,0,23.9294441,92.4905707
MIZORAM,Total,Mamit,Any other,93,89,4,0,0,0,19,19,0,40,38,2,4,4,0,7,6,1,4,3,1,8,8,0,8,8,0,3,3,0,23.9294441,92.4905707
MIZORAM,Total,Mamit,No travel,3410,2320,1090,3410,2320,1090,0,0,0,0,0,0,0,0,0,0,0,0,0,0,0,0,0,0,0,0,0,0,0,0,23.9294441,92.4905707
MIZORAM,Rural,Mamit,All Modes,4933,3507,1426,2557,1792,765,1661,1141,520,357,298,59,231,165,66,44,34,10,16,15,1,19,18,1,32,28,4,16,16,0,23.9294441,92.4905707
MIZORAM,Rural,Mamit,On foot,1942,1349,593,0,0,0,1533,1037,496,227,190,37,182,122,60,0,0,0,0,0,0,0,0,0,0,0,0,0,0,0,23.9294441,92.4905707
MIZORAM,Rural,Mamit,Bicycle,26,23,3,0,0,0,6,5,1,11,9,2,5,5,0,2,2,0,2,2,0,0,0,0,0,0,0,0,0,0,23.9294441,92.4905707
MIZORAM,Rural,Mamit,Moped/Scooter/Motor Cycle,205,170,35,0,0,0,79,64,15,45,37,8,31,26,5,25,20,5,9,9,0,8,8,0,6,4,2,2,2,0,23.9294441,92.4905707
MIZORAM,Rural,Mamit,Car/Jeep/Van,70,57,13,0,0,0,19,17,2,23,19,4,5,4,1,10,5,5,1,1,0,5,4,1,6,6,0,1,1,0,23.9294441,92.4905707
MIZORAM,Rural,Mamit,Tempo/Autorickshaw/Taxi,8,7,1,0,0,0,3,3,0,2,1,1,0,0,0,0,0,0,0,0,0,0,0,0,1,1,0,2,2,0,23.9294441,92.4905707
MIZORAM,Rural,Mamit,Bus,43,30,13,0,0,0,10,6,4,12,5,7,3,3,0,2,2,0,1,1,0,1,1,0,10,8,2,4,4,0,23.9294441,92.4905707
MIZORAM,Rural,Mamit,Train,14,12,2,0,0,0,2,0,2,1,1,0,1,1,0,0,0,0,0,0,0,1,1,0,5,5,0,4,4,0,23.9294441,92.4905707
MIZORAM,Rural,Mamit,Water transport,0,0,0,0,0,0,0,0,0,0,0,0,0,0,0,0,0,0,0,0,0,0,0,0,0,0,0,0,0,0,23.9294441,92.4905707
MIZORAM,Rural,Mamit,Any other,68,67,1,0,0,0,9,9,0,36,36,0,4,4,0,5,5,0,3,2,1,4,4,0,4,4,0,3,3,0,23.9294441,92.4905707
MIZORAM,Rural,Mamit,No travel,2557,1792,765,2557,1792,765,0,0,0,0,0,0,0,0,0,0,0,0,0,0,0,0,0,0,0,0,0,0,0,0,23.9294441,92.4905707
MIZORAM,Urban,Mamit,All Modes,2922,2033,889,853,528,325,1434,1017,417,409,309,100,155,116,39,11,9,2,13,11,2,16,14,2,14,13,1,17,16,1,23.9294441,92.4905707
MIZORAM,Urban,Mamit,On foot,1497,1052,445,0,0,0,1157,788,369,214,173,41,126,91,35,0,0,0,0,0,0,0,0,0,0,0,0,0,0,0,23.9294441,92.4905707
MIZORAM,Urban,Mamit,Bicycle,54,49,5,0,0,0,32,28,4,15,15,0,4,4,0,0,0,0,3,2,1,0,0,0,0,0,0,0,0,0,23.9294441,92.4905707
MIZORAM,Urban,Mamit,Moped/Scooter/Motor Cycle,269,228,41,0,0,0,149,133,16,85,65,20,14,11,3,6,5,1,4,4,0,2,2,0,3,3,0,6,5,1,23.9294441,92.4905707
MIZORAM,Urban,Mamit,Car/Jeep/Van,104,80,24,0,0,0,44,37,7,41,27,14,3,3,0,1,1,0,5,4,1,5,3,2,2,2,0,3,3,0,23.9294441,92.4905707
MIZORAM,Urban,Mamit,Tempo/Autorickshaw/Taxi,96,56,40,0,0,0,37,18,19,43,22,21,7,7,0,1,1,0,0,0,0,3,3,0,0,0,0,5,5,0,23.9294441,92.4905707
MIZORAM,Urban,Mamit,Bus,23,17,6,0,0,0,5,3,2,6,4,2,1,0,1,1,1,0,0,0,0,2,2,0,5,4,1,3,3,0,23.9294441,92.4905707
MIZORAM,Urban,Mamit,Train,1,1,0,0,0,0,0,0,0,1,1,0,0,0,0,0,0,0,0,0,0,0,0,0,0,0,0,0,0,0,23.9294441,92.4905707
MIZORAM,Urban,Mamit,Water transport,0,0,0,0,0,0,0,0,0,0,0,0,0,0,0,0,0,0,0,0,0,0,0,0,0,0,0,0,0,0,23.9294441,92.4905707
MIZORAM,Urban,Mamit,Any other,25,22,3,0,0,0,10,10,0,4,2,2,0,0,0,2,1,1,1,1,0,4,4,0,4,4,0,0,0,0,23.9294441,92.4905707
MIZORAM,Urban,Mamit,No travel,853,528,325,853,528,325,0,0,0,0,0,0,0,0,0,0,0,0,0,0,0,0,0,0,0,0,0,0,0,0,23.9294441,92.4905707
ASSAM,Total,Hailakandi,All Modes,110006,81788,28218,32691,21156,11535,26877,19450,7427,33156,26537,6619,11618,9457,2161,1976,1806,170,1384,1283,101,1067,985,82,737,696,41,500,418,82,24.6811018,92.5638055
ASSAM,Total,Hailakandi,On foot,50236,35802,14434,0,0,0,23033,16023,7010,20311,14689,5622,6892,5090,1802,0,0,0,0,0,0,0,0,0,0,0,0,0,0,0,24.6811018,92.5638055
ASSAM,Total,Hailakandi,Bicycle,12053,11596,457,0,0,0,2152,2023,129,7465,7226,239,1421,1392,29,285,273,12,730,682,48,0,0,0,0,0,0,0,0,0,24.6811018,92.5638055
ASSAM,Total,Hailakandi,Moped/Scooter/Motor Cycle,3489,3323,166,0,0,0,605,571,34,1628,1553,75,586,571,15,253,246,7,64,64,0,144,140,4,30,29,1,179,149,30,24.6811018,92.5638055
ASSAM,Total,Hailakandi,Car/Jeep/Van,913,731,182,0,0,0,129,94,35,258,208,50,172,133,39,96,77,19,50,42,8,105,94,11,75,64,11,28,19,9,24.6811018,92.5638055
ASSAM,Total,Hailakandi,Tempo/Autorickshaw/Taxi,3981,3329,652,0,0,0,325,235,90,1828,1462,366,1196,1074,122,287,262,25,59,53,6,164,141,23,38,35,3,84,67,17,24.6811018,92.5638055
ASSAM,Total,Hailakandi,Bus,4833,4303,530,0,0,0,277,238,39,1130,976,154,1123,983,140,926,829,97,422,386,36,551,513,38,332,312,20,72,66,6,24.6811018,92.5638055
ASSAM,Total,Hailakandi,Train,810,722,88,0,0,0,152,115,37,210,181,29,75,72,3,46,43,3,26,25,1,58,56,2,180,174,6,63,56,7,24.6811018,92.5638055
ASSAM,Total,Hailakandi,Water transport,130,118,12,0,0,0,17,11,6,13,11,2,15,15,0,15,15,0,9,8,1,18,18,0,36,36,0,7,4,3,24.6811018,92.5638055
ASSAM,Total,Hailakandi,Any other,870,708,162,0,0,0,187,140,47,313,231,82,138,127,11,68,61,7,24,23,1,27,23,4,46,46,0,67,57,10,24.6811018,92.5638055
ASSAM,Total,Hailakandi,No travel,32691,21156,11535,32691,21156,11535,0,0,0,0,0,0,0,0,0,0,0,0,0,0,0,0,0,0,0,0,0,0,0,0,24.6811018,92.5638055
ASSAM,Rural,Hailakandi,All Modes,94997,69713,25284,28103,17854,10249,22034,15495,6539,29702,23541,6161,10664,8681,1983,1623,1504,119,1168,1084,84,767,712,55,582,551,31,354,291,63,24.6811018,92.5638055
ASSAM,Rural,Hailakandi,On foot,45347,31865,13482,0,0,0,19561,13277,6284,19286,13811,5475,6500,4777,1723,0,0,0,0,0,0,0,0,0,0,0,0,0,0,0,24.6811018,92.5638055
ASSAM,Rural,Hailakandi,Bicycle,10137,9733,404,0,0,0,1468,1357,111,6466,6253,213,1308,1285,23,254,243,11,641,595,46,0,0,0,0,0,0,0,0,0,24.6811018,92.5638055
ASSAM,Rural,Hailakandi,Moped/Scooter/Motor Cycle,2168,2060,108,0,0,0,297,280,17,992,946,46,455,444,11,175,170,5,46,46,0,81,79,2,15,15,0,107,80,27,24.6811018,92.5638055
ASSAM,Rural,Hailakandi,Car/Jeep/Van,607,495,112,0,0,0,66,46,20,140,117,23,141,109,32,67,55,12,38,32,6,72,68,4,63,53,10,20,15,5,24.6811018,92.5638055
ASSAM,Rural,Hailakandi,Tempo/Autorickshaw/Taxi,3409,3009,400,0,0,0,231,196,35,1541,1310,231,1078,1001,77,259,239,20,52,47,5,139,123,16,36,33,3,73,60,13,24.6811018,92.5638055
ASSAM,Rural,Hailakandi,Bus,3942,3552,390,0,0,0,223,198,25,943,818,125,976,868,108,756,692,64,345,321,24,382,355,27,253,241,12,64,59,5,24.6811018,92.5638055
ASSAM,Rural,Hailakandi,Train,680,598,82,0,0,0,121,87,34,175,148,27,67,65,2,40,37,3,23,22,1,50,48,2,149,143,6,55,48,7,24.6811018,92.5638055
ASSAM,Rural,Hailakandi,Water transport,127,115,12,0,0,0,17,11,6,13,11,2,15,15,0,13,13,0,8,7,1,18,18,0,36,36,0,7,4,3,24.6811018,92.5638055
ASSAM,Rural,Hailakandi,Any other,477,432,45,0,0,0,50,43,7,146,127,19,124,117,7,59,55,4,15,14,1,25,21,4,30,30,0,28,25,3,24.6811018,92.5638055
ASSAM,Rural,Hailakandi,No travel,28103,17854,10249,28103,17854,10249,0,0,0,0,0,0,0,0,0,0,0,0,0,0,0,0,0,0,0,0,0,0,0,0,24.6811018,92.5638055
ASSAM,Urban,Hailakandi,All Modes,15009,12075,2934,4588,3302,1286,4843,3955,888,3454,2996,458,954,776,178,353,302,51,216,199,17,300,273,27,155,145,10,146,127,19,24.6811018,92.5638055
ASSAM,Urban,Hailakandi,On foot,4889,3937,952,0,0,0,3472,2746,726,1025,878,147,392,313,79,0,0,0,0,0,0,0,0,0,0,0,0,0,0,0,24.6811018,92.5638055
ASSAM,Urban,Hailakandi,Bicycle,1916,1863,53,0,0,0,684,666,18,999,973,26,113,107,6,31,30,1,89,87,2,0,0,0,0,0,0,0,0,0,24.6811018,92.5638055
ASSAM,Urban,Hailakandi,Moped/Scooter/Motor Cycle,1321,1263,58,0,0,0,308,291,17,636,607,29,131,127,4,78,76,2,18,18,0,63,61,2,15,14,1,72,69,3,24.6811018,92.5638055
ASSAM,Urban,Hailakandi,Car/Jeep/Van,306,236,70,0,0,0,63,48,15,118,91,27,31,24,7,29,22,7,12,10,2,33,26,7,12,11,1,8,4,4,24.6811018,92.5638055
ASSAM,Urban,Hailakandi,Tempo/Autorickshaw/Taxi,572,320,252,0,0,0,94,39,55,287,152,135,118,73,45,28,23,5,7,6,1,25,18,7,2,2,0,11,7,4,24.6811018,92.5638055
ASSAM,Urban,Hailakandi,Bus,891,751,140,0,0,0,54,40,14,187,158,29,147,115,32,170,137,33,77,65,12,169,158,11,79,71,8,8,7,1,24.6811018,92.5638055
ASSAM,Urban,Hailakandi,Train,130,124,6,0,0,0,31,28,3,35,33,2,8,7,1,6,6,0,3,3,0,8,8,0,31,31,0,8,8,0,24.6811018,92.5638055
ASSAM,Urban,Hailakandi,Water transport,3,3,0,0,0,0,0,0,0,0,0,0,0,0,0,2,2,0,1,1,0,0,0,0,0,0,0,0,0,0,24.6811018,92.5638055
ASSAM,Urban,Hailakandi,Any other,393,276,117,0,0,0,137,97,40,167,104,63,14,10,4,9,6,3,9,9,0,2,2,0,16,16,0,39,32,7,24.6811018,92.5638055
ASSAM,Urban,Hailakandi,No travel,4588,3302,1286,4588,3302,1286,0,0,0,0,0,0,0,0,0,0,0,0,0,0,0,0,0,0,0,0,0,0,0,0,24.6811018,92.5638055
ANDAMAN & NICOBAR ISLANDS,Total,South Andaman,All Modes,87782,70866,16916,19021,15312,3709,16361,13156,3205,27505,21754,5751,16001,13188,2813,5381,4502,879,1581,1332,249,679,577,102,519,448,71,734,597,137,11.7400867,92.6586401
ANDAMAN & NICOBAR ISLANDS,Total,South Andaman,On foot,18836,14990,3846,0,0,0,11655,9323,2332,5285,4211,1074,1896,1456,440,0,0,0,0,0,0,0,0,0,0,0,0,0,0,0,11.7400867,92.6586401
ANDAMAN & NICOBAR ISLANDS,Total,South Andaman,Bicycle,3387,2985,402,0,0,0,406,389,17,1993,1690,303,602,557,45,231,211,20,155,138,17,0,0,0,0,0,0,0,0,0,11.7400867,92.6586401
ANDAMAN & NICOBAR ISLANDS,Total,South Andaman,Moped/Scooter/Motor Cycle,15090,13214,1876,0,0,0,2110,1855,255,7294,6218,1076,3557,3174,383,1338,1249,89,299,290,9,153,139,14,88,73,15,251,216,35,11.7400867,92.6586401
ANDAMAN & NICOBAR ISLANDS,Total,South Andaman,Car/Jeep/Van,4159,2970,1189,0,0,0,569,416,153,1927,1296,631,1058,796,262,391,295,96,97,75,22,30,25,5,33,28,5,54,39,15,11.7400867,92.6586401
ANDAMAN & NICOBAR ISLANDS,Total,South Andaman,Tempo/Autorickshaw/Taxi,2125,1305,820,0,0,0,363,207,156,1209,670,539,319,242,77,107,89,18,35,32,3,27,20,7,22,11,11,43,34,9,11.7400867,92.6586401
ANDAMAN & NICOBAR ISLANDS,Total,South Andaman,Bus,23069,18230,4839,0,0,0,1106,829,277,9284,7220,2064,7765,6256,1509,3143,2522,621,922,730,192,353,284,69,160,126,34,336,263,73,11.7400867,92.6586401
ANDAMAN & NICOBAR ISLANDS,Total,South Andaman,Train,76,58,18,0,0,0,17,14,3,26,19,7,21,16,5,6,5,1,1,1,0,1,0,1,2,2,0,2,1,1,11.7400867,92.6586401
ANDAMAN & NICOBAR ISLANDS,Total,South Andaman,Water transport,1842,1651,191,0,0,0,112,102,10,417,373,44,738,655,83,148,115,33,62,57,5,110,104,6,211,205,6,44,40,4,11.7400867,92.6586401
ANDAMAN & NICOBAR ISLANDS,Total,South Andaman,Any other,177,151,26,0,0,0,23,21,2,70,57,13,45,36,9,17,16,1,10,9,1,5,5,0,3,3,0,4,4,0,11.7400867,92.6586401
ANDAMAN & NICOBAR ISLANDS,Total,South Andaman,No travel,19021,15312,3709,19021,15312,3709,0,0,0,0,0,0,0,0,0,0,0,0,0,0,0,0,0,0,0,0,0,0,0,0,11.7400867,92.6586401
ANDAMAN & NICOBAR ISLANDS,Rural,South Andaman,All Modes,31698,26121,5577,8028,6570,1458,5991,4772,1219,6759,5548,1211,5677,4695,982,3301,2825,476,1109,970,139,430,380,50,245,225,20,158,136,22,11.7400867,92.6586401
ANDAMAN & NICOBAR ISLANDS,Rural,South Andaman,On foot,7508,5834,1674,0,0,0,4635,3594,1041,1994,1586,408,879,654,225,0,0,0,0,0,0,0,0,0,0,0,0,0,0,0,11.7400867,92.6586401
ANDAMAN & NICOBAR ISLANDS,Rural,South Andaman,Bicycle,2382,2097,285,0,0,0,279,268,11,1457,1236,221,365,344,21,168,150,18,113,99,14,0,0,0,0,0,0,0,0,0,11.7400867,92.6586401
ANDAMAN & NICOBAR ISLANDS,Rural,South Andaman,Moped/Scooter/Motor Cycle,3646,3347,299,0,0,0,546,490,56,954,867,87,1015,915,100,774,734,40,207,201,6,88,83,5,24,22,2,38,35,3,11.7400867,92.6586401
ANDAMAN & NICOBAR ISLANDS,Rural,South Andaman,Car/Jeep/Van,973,773,200,0,0,0,84,72,12,260,201,59,314,237,77,228,184,44,52,46,6,14,13,1,14,14,0,7,6,1,11.7400867,92.6586401
ANDAMAN & NICOBAR ISLANDS,Rural,South Andaman,Tempo/Autorickshaw/Taxi,412,324,88,0,0,0,58,36,22,144,104,40,86,73,13,74,66,8,25,24,1,11,9,2,6,5,1,8,7,1,11.7400867,92.6586401
ANDAMAN & NICOBAR ISLANDS,Rural,South Andaman,Bus,7604,6133,1471,0,0,0,302,229,73,1695,1319,376,2604,2116,488,1957,1602,355,658,548,110,233,195,38,76,61,15,79,63,16,11.7400867,92.6586401
ANDAMAN & NICOBAR ISLANDS,Rural,South Andaman,Train,20,16,4,0,0,0,5,5,0,5,3,2,5,4,1,3,3,0,0,0,0,1,0,1,1,1,0,0,0,0,11.7400867,92.6586401
ANDAMAN & NICOBAR ISLANDS,Rural,South Andaman,Water transport,1047,954,93,0,0,0,78,74,4,221,204,17,391,337,54,86,75,11,44,43,1,80,77,3,122,120,2,25,24,1,11.7400867,92.6586401
ANDAMAN & NICOBAR ISLANDS,Rural,South Andaman,Any other,78,73,5,0,0,0,4,4,0,29,28,1,18,15,3,11,11,0,10,9,1,3,3,0,2,2,0,1,1,0,11.7400867,92.6586401
ANDAMAN & NICOBAR ISLANDS,Rural,South Andaman,No travel,8028,6570,1458,8028,6570,1458,0,0,0,0,0,0,0,0,0,0,0,0,0,0,0,0,0,0,0,0,0,0,0,0,11.7400867,92.6586401
ANDAMAN & NICOBAR ISLANDS,Urban,South Andaman,All Modes,56084,44745,11339,10993,8742,2251,10370,8384,1986,20746,16206,4540,10324,8493,1831,2080,1677,403,472,362,110,249,197,52,274,223,51,576,461,115,11.7400867,92.6586401
ANDAMAN & NICOBAR ISLANDS,Urban,South Andaman,On foot,11328,9156,2172,0,0,0,7020,5729,1291,3291,2625,666,1017,802,215,0,0,0,0,0,0,0,0,0,0,0,0,0,0,0,11.7400867,92.6586401
ANDAMAN & NICOBAR ISLANDS,Urban,South Andaman,Bicycle,1005,888,117,0,0,0,127,121,6,536,454,82,237,213,24,63,61,2,42,39,3,0,0,0,0,0,0,0,0,0,11.7400867,92.6586401
ANDAMAN & NICOBAR ISLANDS,Urban,South Andaman,Moped/Scooter/Motor Cycle,11444,9867,1577,0,0,0,1564,1365,199,6340,5351,989,2542,2259,283,564,515,49,92,89,3,65,56,9,64,51,13,213,181,32,11.7400867,92.6586401
ANDAMAN & NICOBAR ISLANDS,Urban,South Andaman,Car/Jeep/Van,3186,2197,989,0,0,0,485,344,141,1667,1095,572,744,559,185,163,111,52,45,29,16,16,12,4,19,14,5,47,33,14,11.7400867,92.6586401
ANDAMAN & NICOBAR ISLANDS,Urban,South Andaman,Tempo/Autorickshaw/Taxi,1713,981,732,0,0,0,305,171,134,1065,566,499,233,169,64,33,23,10,10,8,2,16,11,5,16,6,10,35,27,8,11.7400867,92.6586401
ANDAMAN & NICOBAR ISLANDS,Urban,South Andaman,Bus,15465,12097,3368,0,0,0,804,600,204,7589,5901,1688,5161,4140,1021,1186,920,266,264,182,82,120,89,31,84,65,19,257,200,57,11.7400867,92.6586401
ANDAMAN & NICOBAR ISLANDS,Urban,South Andaman,Train,56,42,14,0,0,0,12,9,3,21,16,5,16,12,4,3,2,1,1,1,0,0,0,0,1,1,0,2,1,1,11.7400867,92.6586401
ANDAMAN & NICOBAR ISLANDS,Urban,South Andaman,Water transport,795,697,98,0,0,0,34,28,6,196,169,27,347,318,29,62,40,22,18,14,4,30,27,3,89,85,4,19,16,3,11.7400867,92.6586401
ANDAMAN & NICOBAR ISLANDS,Urban,South Andaman,Any other,99,78,21,0,0,0,19,17,2,41,29,12,27,21,6,6,5,1,0,0,0,2,2,0,1,1,0,3,3,0,11.7400867,92.6586401
ANDAMAN & NICOBAR ISLANDS,Urban,South Andaman,No travel,10993,8742,2251,10993,8742,2251,0,0,0,0,0,0,0,0,0,0,0,0,0,0,0,0,0,0,0,0,0,0,0,0,11.7400867,92.6586401
MIZORAM,Total,Kolasib,All Modes,12174,8183,3991,5840,3662,2178,3729,2500,1229,1341,1000,341,774,618,156,104,79,25,99,80,19,60,49,11,168,146,22,59,49,10,24.224565,92.6760251
MIZORAM,Total,Kolasib,On foot,4036,2779,1257,0,0,0,3028,1993,1035,449,342,107,559,444,115,0,0,0,0,0,0,0,0,0,0,0,0,0,0,0,24.224565,92.6760251
MIZORAM,Total,Kolasib,Bicycle,154,138,16,0,0,0,37,31,6,94,87,7,7,7,0,4,3,1,12,10,2,0,0,0,0,0,0,0,0,0,24.224565,92.6760251
MIZORAM,Total,Kolasib,Moped/Scooter/Motor Cycle,921,741,180,0,0,0,372,295,77,395,311,84,69,61,8,29,24,5,20,18,2,12,11,1,7,6,1,17,15,2,24.224565,92.6760251
MIZORAM,Total,Kolasib,Car/Jeep/Van,271,211,60,0,0,0,111,82,29,65,46,19,15,13,2,12,9,3,11,9,2,11,11,0,34,31,3,12,10,2,24.224565,92.6760251
MIZORAM,Total,Kolasib,Tempo/Autorickshaw/Taxi,385,223,162,0,0,0,147,73,74,170,96,74,25,19,6,14,11,3,7,6,1,6,5,1,11,9,2,5,4,1,24.224565,92.6760251
MIZORAM,Total,Kolasib,Bus,376,269,107,0,0,0,14,9,5,129,90,39,80,58,22,37,24,13,30,20,10,22,14,8,57,49,8,7,5,2,24.224565,92.6760251
MIZORAM,Total,Kolasib,Train,36,27,9,0,0,0,4,3,1,8,5,3,3,2,1,2,2,0,0,0,0,0,0,0,11,10,1,8,5,3,24.224565,92.6760251
MIZORAM,Total,Kolasib,Water transport,1,1,0,0,0,0,0,0,0,1,1,0,0,0,0,0,0,0,0,0,0,0,0,0,0,0,0,0,0,0,24.224565,92.6760251
MIZORAM,Total,Kolasib,Any other,154,132,22,0,0,0,16,14,2,30,22,8,16,14,2,6,6,0,19,17,2,9,8,1,48,41,7,10,10,0,24.224565,92.6760251
MIZORAM,Total,Kolasib,No travel,5840,3662,2178,5840,3662,2178,0,0,0,0,0,0,0,0,0,0,0,0,0,0,0,0,0,0,0,0,0,0,0,0,24.224565,92.6760251
MIZORAM,Rural,Kolasib,All Modes,2801,1717,1084,1662,849,813,591,411,180,127,92,35,309,274,35,23,19,4,26,20,6,12,10,2,42,36,6,9,6,3,24.224565,92.6760251
MIZORAM,Rural,Kolasib,On foot,853,642,211,0,0,0,545,375,170,58,41,17,250,226,24,0,0,0,0,0,0,0,0,0,0,0,0,0,0,0,24.224565,92.6760251
MIZORAM,Rural,Kolasib,Bicycle,17,15,2,0,0,0,4,4,0,8,7,1,2,2,0,0,0,0,3,2,1,0,0,0,0,0,0,0,0,0,24.224565,92.6760251
MIZORAM,Rural,Kolasib,Moped/Scooter/Motor Cycle,100,85,15,0,0,0,21,20,1,34,25,9,20,18,2,10,8,2,5,4,1,7,7,0,3,3,0,0,0,0,24.224565,92.6760251
MIZORAM,Rural,Kolasib,Car/Jeep/Van,29,21,8,0,0,0,8,6,2,2,0,2,6,6,0,1,1,0,3,2,1,0,0,0,9,6,3,0,0,0,24.224565,92.6760251
MIZORAM,Rural,Kolasib,Tempo/Autorickshaw/Taxi,27,18,9,0,0,0,6,2,4,5,4,1,4,3,1,4,3,1,0,0,0,3,2,1,4,3,1,1,1,0,24.224565,92.6760251
MIZORAM,Rural,Kolasib,Bus,66,48,18,0,0,0,2,0,2,9,7,2,23,16,7,7,6,1,5,3,2,2,1,1,16,14,2,2,1,1,24.224565,92.6760251
MIZORAM,Rural,Kolasib,Train,8,6,2,0,0,0,0,0,0,1,1,0,0,0,0,0,0,0,0,0,0,0,0,0,2,2,0,5,3,2,24.224565,92.6760251
MIZORAM,Rural,Kolasib,Water transport,0,0,0,0,0,0,0,0,0,0,0,0,0,0,0,0,0,0,0,0,0,0,0,0,0,0,0,0,0,0,24.224565,92.6760251
MIZORAM,Rural,Kolasib,Any other,39,33,6,0,0,0,5,4,1,10,7,3,4,3,1,1,1,0,10,9,1,0,0,0,8,8,0,1,1,0,24.224565,92.6760251
MIZORAM,Rural,Kolasib,No travel,1662,849,813,1662,849,813,0,0,0,0,0,0,0,0,0,0,0,0,0,0,0,0,0,0,0,0,0,0,0,0,24.224565,92.6760251
MIZORAM,Urban,Kolasib,All Modes,9373,6466,2907,4178,2813,1365,3138,2089,1049,1214,908,306,465,344,121,81,60,21,73,60,13,48,39,9,126,110,16,50,43,7,24.224565,92.6760251
MIZORAM,Urban,Kolasib,On foot,3183,2137,1046,0,0,0,2483,1618,865,391,301,90,309,218,91,0,0,0,0,0,0,0,0,0,0,0,0,0,0,0,24.224565,92.6760251
MIZORAM,Urban,Kolasib,Bicycle,137,123,14,0,0,0,33,27,6,86,80,6,5,5,0,4,3,1,9,8,1,0,0,0,0,0,0,0,0,0,24.224565,92.6760251
MIZORAM,Urban,Kolasib,Moped/Scooter/Motor Cycle,821,656,165,0,0,0,351,275,76,361,286,75,49,43,6,19,16,3,15,14,1,5,4,1,4,3,1,17,15,2,24.224565,92.6760251
MIZORAM,Urban,Kolasib,Car/Jeep/Van,242,190,52,0,0,0,103,76,27,63,46,17,9,7,2,11,8,3,8,7,1,11,11,0,25,25,0,12,10,2,24.224565,92.6760251
MIZORAM,Urban,Kolasib,Tempo/Autorickshaw/Taxi,358,205,153,0,0,0,141,71,70,165,92,73,21,16,5,10,8,2,7,6,1,3,3,0,7,6,1,4,3,1,24.224565,92.6760251
MIZORAM,Urban,Kolasib,Bus,310,221,89,0,0,0,12,9,3,120,83,37,57,42,15,30,18,12,25,17,8,20,13,7,41,35,6,5,4,1,24.224565,92.6760251
MIZORAM,Urban,Kolasib,Train,28,21,7,0,0,0,4,3,1,7,4,3,3,2,1,2,2,0,0,0,0,0,0,0,9,8,1,3,2,1,24.224565,92.6760251
MIZORAM,Urban,Kolasib,Water transport,1,1,0,0,0,0,0,0,0,1,1,0,0,0,0,0,0,0,0,0,0,0,0,0,0,0,0,0,0,0,24.224565,92.6760251
MIZORAM,Urban,Kolasib,Any other,115,99,16,0,0,0,11,10,1,20,15,5,12,11,1,5,5,0,9,8,1,9,8,1,40,33,7,9,9,0,24.224565,92.6760251
MIZORAM,Urban,Kolasib,No travel,4178,2813,1365,4178,2813,1365,0,0,0,0,0,0,0,0,0,0,0,0,0,0,0,0,0,0,0,0,0,0,0,0,24.224565,92.6760251
ASSAM,Total,Nagaon,All Modes,399579,308317,91262,127088,81154,45934,90886,67652,23234,101033,87112,13921,38201,33294,4907,15258,13936,1322,9290,8606,684,5178,4739,439,10750,10136,614,1895,1688,207,26.3463713,92.6840426
ASSAM,Total,Nagaon,On foot,103760,70520,33240,0,0,0,63964,42638,21326,29502,20534,8968,10294,7348,2946,0,0,0,0,0,0,0,0,0,0,0,0,0,0,0,26.3463713,92.6840426
ASSAM,Total,Nagaon,Bicycle,98152,95247,2905,0,0,0,19542,18709,833,53269,51708,1561,16631,16351,280,4737,4673,64,3973,3806,167,0,0,0,0,0,0,0,0,0,26.3463713,92.6840426
ASSAM,Total,Nagaon,Moped/Scooter/Motor Cycle,24173,22778,1395,0,0,0,4349,4104,245,10832,10095,737,3981,3770,211,2730,2624,106,920,889,31,556,545,11,326,307,19,479,444,35,26.3463713,92.6840426
ASSAM,Total,Nagaon,Car/Jeep/Van,3929,3255,674,0,0,0,547,443,104,1248,931,317,519,435,84,492,426,66,308,281,27,305,279,26,402,362,40,108,98,10,26.3463713,92.6840426
ASSAM,Total,Nagaon,Tempo/Autorickshaw/Taxi,8241,5676,2565,0,0,0,741,433,308,3037,1645,1392,2163,1683,480,1365,1104,261,351,311,40,233,212,21,166,147,19,185,141,44,26.3463713,92.6840426
ASSAM,Total,Nagaon,Bus,25008,21469,3539,0,0,0,650,501,149,1988,1350,638,3915,3063,852,5446,4661,785,3322,2939,383,3358,3017,341,5882,5552,330,447,386,61,26.3463713,92.6840426
ASSAM,Total,Nagaon,Train,6315,5852,463,0,0,0,367,274,93,311,256,55,226,213,13,288,262,26,293,273,20,628,593,35,3736,3540,196,466,441,25,26.3463713,92.6840426
ASSAM,Total,Nagaon,Water transport,139,121,18,0,0,0,43,35,8,27,25,2,11,9,2,7,7,0,6,6,0,9,8,1,24,22,2,12,9,3,26.3463713,92.6840426
ASSAM,Total,Nagaon,Any other,2774,2245,529,0,0,0,683,515,168,819,568,251,461,422,39,193,179,14,117,101,16,89,85,4,214,206,8,198,169,29,26.3463713,92.6840426
ASSAM,Total,Nagaon,No travel,127088,81154,45934,127088,81154,45934,0,0,0,0,0,0,0,0,0,0,0,0,0,0,0,0,0,0,0,0,0,0,0,0,26.3463713,92.6840426
ASSAM,Rural,Nagaon,All Modes,281096,209176,71920,99988,62087,37901,55708,37647,18061,63781,53803,9978,30397,26481,3916,12492,11576,916,6636,6188,448,3507,3242,265,7387,7070,317,1200,1082,118,26.3463713,92.6840426
ASSAM,Rural,Nagaon,On foot,67149,40631,26518,0,0,0,41004,24144,16860,18957,11752,7205,7188,4735,2453,0,0,0,0,0,0,0,0,0,0,0,0,0,0,0,26.3463713,92.6840426
ASSAM,Rural,Nagaon,Bicycle,69645,67278,2367,0,0,0,11553,10855,698,36042,34817,1225,14675,14428,247,4391,4331,60,2984,2847,137,0,0,0,0,0,0,0,0,0,26.3463713,92.6840426
ASSAM,Rural,Nagaon,Moped/Scooter/Motor Cycle,12895,12155,740,0,0,0,1448,1350,98,4958,4599,359,2924,2774,150,2089,2020,69,642,617,25,393,387,6,198,190,8,243,218,25,26.3463713,92.6840426
ASSAM,Rural,Nagaon,Car/Jeep/Van,1756,1500,256,0,0,0,166,128,38,393,291,102,310,265,45,316,285,31,168,157,11,165,151,14,185,174,11,53,49,4,26.3463713,92.6840426
ASSAM,Rural,Nagaon,Tempo/Autorickshaw/Taxi,5389,4112,1277,0,0,0,281,194,87,1454,877,577,1754,1420,334,1182,987,195,285,254,31,182,165,17,120,113,7,131,102,29,26.3463713,92.6840426
ASSAM,Rural,Nagaon,Bus,18516,16148,2368,0,0,0,497,385,112,1371,964,407,3079,2422,657,4235,3693,542,2331,2110,221,2372,2165,207,4317,4134,183,314,275,39,26.3463713,92.6840426
ASSAM,Rural,Nagaon,Train,3847,3578,269,0,0,0,235,163,72,194,153,41,123,115,8,140,131,9,131,121,10,315,299,16,2370,2268,102,339,328,11,26.3463713,92.6840426
ASSAM,Rural,Nagaon,Water transport,108,95,13,0,0,0,36,29,7,19,18,1,8,7,1,6,6,0,6,6,0,6,5,1,18,18,0,9,6,3,26.3463713,92.6840426
ASSAM,Rural,Nagaon,Any other,1803,1592,211,0,0,0,488,399,89,393,332,61,336,315,21,133,123,10,89,76,13,74,70,4,179,173,6,111,104,7,26.3463713,92.6840426
ASSAM,Rural,Nagaon,No travel,99988,62087,37901,99988,62087,37901,0,0,0,0,0,0,0,0,0,0,0,0,0,0,0,0,0,0,0,0,0,0,0,0,26.3463713,92.6840426
ASSAM,Urban,Nagaon,All Modes,118483,99141,19342,27100,19067,8033,35178,30005,5173,37252,33309,3943,7804,6813,991,2766,2360,406,2654,2418,236,1671,1497,174,3363,3066,297,695,606,89,26.3463713,92.6840426
ASSAM,Urban,Nagaon,On foot,36611,29889,6722,0,0,0,22960,18494,4466,10545,8782,1763,3106,2613,493,0,0,0,0,0,0,0,0,0,0,0,0,0,0,0,26.3463713,92.6840426
ASSAM,Urban,Nagaon,Bicycle,28507,27969,538,0,0,0,7989,7854,135,17227,16891,336,1956,1923,33,346,342,4,989,959,30,0,0,0,0,0,0,0,0,0,26.3463713,92.6840426
ASSAM,Urban,Nagaon,Moped/Scooter/Motor Cycle,11278,10623,655,0,0,0,2901,2754,147,5874,5496,378,1057,996,61,641,604,37,278,272,6,163,158,5,128,117,11,236,226,10,26.3463713,92.6840426
ASSAM,Urban,Nagaon,Car/Jeep/Van,2173,1755,418,0,0,0,381,315,66,855,640,215,209,170,39,176,141,35,140,124,16,140,128,12,217,188,29,55,49,6,26.3463713,92.6840426
ASSAM,Urban,Nagaon,Tempo/Autorickshaw/Taxi,2852,1564,1288,0,0,0,460,239,221,1583,768,815,409,263,146,183,117,66,66,57,9,51,47,4,46,34,12,54,39,15,26.3463713,92.6840426
ASSAM,Urban,Nagaon,Bus,6492,5321,1171,0,0,0,153,116,37,617,386,231,836,641,195,1211,968,243,991,829,162,986,852,134,1565,1418,147,133,111,22,26.3463713,92.6840426
ASSAM,Urban,Nagaon,Train,2468,2274,194,0,0,0,132,111,21,117,103,14,103,98,5,148,131,17,162,152,10,313,294,19,1366,1272,94,127,113,14,26.3463713,92.6840426
ASSAM,Urban,Nagaon,Water transport,31,26,5,0,0,0,7,6,1,8,7,1,3,2,1,1,1,0,0,0,0,3,3,0,6,4,2,3,3,0,26.3463713,92.6840426
ASSAM,Urban,Nagaon,Any other,971,653,318,0,0,0,195,116,79,426,236,190,125,107,18,60,56,4,28,25,3,15,15,0,35,33,2,87,65,22,26.3463713,92.6840426
ASSAM,Urban,Nagaon,No travel,27100,19067,8033,27100,19067,8033,0,0,0,0,0,0,0,0,0,0,0,0,0,0,0,0,0,0,0,0,0,0,0,0,26.3463713,92.6840426
MIZORAM,Total,Aizawl,All Modes,120576,74646,45930,35188,20689,14499,41344,25080,16264,31298,19805,11493,7536,5137,2399,1935,1411,524,517,398,119,534,409,125,1744,1382,362,480,335,145,23.7307175,92.7173106
MIZORAM,Total,Aizawl,On foot,41680,25819,15861,0,0,0,32552,19800,12752,7086,4724,2362,2042,1295,747,0,0,0,0,0,0,0,0,0,0,0,0,0,0,0,23.7307175,92.7173106
MIZORAM,Total,Aizawl,Bicycle,1642,1280,362,0,0,0,406,319,87,916,698,218,175,147,28,65,50,15,80,66,14,0,0,0,0,0,0,0,0,0,23.7307175,92.7173106
MIZORAM,Total,Aizawl,Moped/Scooter/Motor Cycle,10510,8213,2297,0,0,0,2385,1824,561,6028,4635,1393,1263,1035,228,448,383,65,96,83,13,92,81,11,136,125,11,62,47,15,23.7307175,92.7173106
MIZORAM,Total,Aizawl,Car/Jeep/Van,6556,4420,2136,0,0,0,1315,842,473,3348,2162,1186,750,539,211,370,263,107,96,77,19,124,96,28,466,380,86,87,61,26,23.7307175,92.7173106
MIZORAM,Total,Aizawl,Tempo/Autorickshaw/Taxi,5315,2660,2655,0,0,0,1399,630,769,3143,1480,1663,441,302,139,123,86,37,48,34,14,41,29,12,80,65,15,40,34,6,23.7307175,92.7173106
MIZORAM,Total,Aizawl,Bus,18691,10842,7849,0,0,0,3078,1527,1551,10578,5963,4615,2759,1736,1023,871,585,286,170,120,50,240,175,65,817,613,204,178,123,55,23.7307175,92.7173106
MIZORAM,Total,Aizawl,Train,215,154,61,0,0,0,64,43,21,48,34,14,13,7,6,5,3,2,0,0,0,2,1,1,50,42,8,33,24,9,23.7307175,92.7173106
MIZORAM,Total,Aizawl,Water transport,21,13,8,0,0,0,6,3,3,11,7,4,2,1,1,1,1,0,0,0,0,0,0,0,0,0,0,1,1,0,23.7307175,92.7173106
MIZORAM,Total,Aizawl,Any other,758,556,202,0,0,0,139,92,47,140,102,38,91,75,16,52,40,12,27,18,9,35,27,8,195,157,38,79,45,34,23.7307175,92.7173106
MIZORAM,Total,Aizawl,No travel,35188,20689,14499,35188,20689,14499,0,0,0,0,0,0,0,0,0,0,0,0,0,0,0,0,0,0,0,0,0,0,0,0,23.7307175,92.7173106
MIZORAM,Rural,Aizawl,All Modes,8278,5360,2918,4234,2634,1600,2602,1638,964,466,353,113,313,228,85,397,305,92,47,36,11,76,56,20,127,98,29,16,12,4,23.7307175,92.7173106
MIZORAM,Rural,Aizawl,On foot,2792,1755,1037,0,0,0,2349,1434,915,269,203,66,174,118,56,0,0,0,0,0,0,0,0,0,0,0,0,0,0,0,23.7307175,92.7173106
MIZORAM,Rural,Aizawl,Bicycle,108,92,16,0,0,0,38,33,5,34,28,6,11,10,1,18,16,2,7,5,2,0,0,0,0,0,0,0,0,0,23.7307175,92.7173106
MIZORAM,Rural,Aizawl,Moped/Scooter/Motor Cycle,440,384,56,0,0,0,135,117,18,86,76,10,61,52,9,105,94,11,22,19,3,11,10,1,16,14,2,4,2,2,23.7307175,92.7173106
MIZORAM,Rural,Aizawl,Car/Jeep/Van,187,141,46,0,0,0,25,21,4,14,11,3,19,15,4,78,59,19,5,4,1,17,14,3,24,13,11,5,4,1,23.7307175,92.7173106
MIZORAM,Rural,Aizawl,Tempo/Autorickshaw/Taxi,88,57,31,0,0,0,6,2,4,19,9,10,17,8,9,33,25,8,0,0,0,3,3,0,9,9,0,1,1,0,23.7307175,92.7173106
MIZORAM,Rural,Aizawl,Bus,340,221,119,0,0,0,28,15,13,34,19,15,20,16,4,156,104,52,11,7,4,38,22,16,48,34,14,5,4,1,23.7307175,92.7173106
MIZORAM,Rural,Aizawl,Train,12,10,2,0,0,0,3,2,1,0,0,0,1,0,1,0,0,0,0,0,0,0,0,0,8,8,0,0,0,0,23.7307175,92.7173106
MIZORAM,Rural,Aizawl,Water transport,0,0,0,0,0,0,0,0,0,0,0,0,0,0,0,0,0,0,0,0,0,0,0,0,0,0,0,0,0,0,23.7307175,92.7173106
MIZORAM,Rural,Aizawl,Any other,77,66,11,0,0,0,18,14,4,10,7,3,10,9,1,7,7,0,2,1,1,7,7,0,22,20,2,1,1,0,23.7307175,92.7173106
MIZORAM,Rural,Aizawl,No travel,4234,2634,1600,4234,2634,1600,0,0,0,0,0,0,0,0,0,0,0,0,0,0,0,0,0,0,0,0,0,0,0,0,23.7307175,92.7173106
MIZORAM,Urban,Aizawl,All Modes,112298,69286,43012,30954,18055,12899,38742,23442,15300,30832,19452,11380,7223,4909,2314,1538,1106,432,470,362,108,458,353,105,1617,1284,333,464,323,141,23.7307175,92.7173106
MIZORAM,Urban,Aizawl,On foot,38888,24064,14824,0,0,0,30203,18366,11837,6817,4521,2296,1868,1177,691,0,0,0,0,0,0,0,0,0,0,0,0,0,0,0,23.7307175,92.7173106
MIZORAM,Urban,Aizawl,Bicycle,1534,1188,346,0,0,0,368,286,82,882,670,212,164,137,27,47,34,13,73,61,12,0,0,0,0,0,0,0,0,0,23.7307175,92.7173106
MIZORAM,Urban,Aizawl,Moped/Scooter/Motor Cycle,10070,7829,2241,0,0,0,2250,1707,543,5942,4559,1383,1202,983,219,343,289,54,74,64,10,81,71,10,120,111,9,58,45,13,23.7307175,92.7173106
MIZORAM,Urban,Aizawl,Car/Jeep/Van,6369,4279,2090,0,0,0,1290,821,469,3334,2151,1183,731,524,207,292,204,88,91,73,18,107,82,25,442,367,75,82,57,25,23.7307175,92.7173106
MIZORAM,Urban,Aizawl,Tempo/Autorickshaw/Taxi,5227,2603,2624,0,0,0,1393,628,765,3124,1471,1653,424,294,130,90,61,29,48,34,14,38,26,12,71,56,15,39,33,6,23.7307175,92.7173106
MIZORAM,Urban,Aizawl,Bus,18351,10621,7730,0,0,0,3050,1512,1538,10544,5944,4600,2739,1720,1019,715,481,234,159,113,46,202,153,49,769,579,190,173,119,54,23.7307175,92.7173106
MIZORAM,Urban,Aizawl,Train,203,144,59,0,0,0,61,41,20,48,34,14,12,7,5,5,3,2,0,0,0,2,1,1,42,34,8,33,24,9,23.7307175,92.7173106
MIZORAM,Urban,Aizawl,Water transport,21,13,8,0,0,0,6,3,3,11,7,4,2,1,1,1,1,0,0,0,0,0,0,0,0,0,0,1,1,0,23.7307175,92.7173106
MIZORAM,Urban,Aizawl,Any other,681,490,191,0,0,0,121,78,43,130,95,35,81,66,15,45,33,12,25,17,8,28,20,8,173,137,36,78,44,34,23.7307175,92.7173106
MIZORAM,Urban,Aizawl,No travel,30954,18055,12899,30954,18055,12899,0,0,0,0,0,0,0,0,0,0,0,0,0,0,0,0,0,0,0,0,0,0,0,0,23.7307175,92.7173106
MIZORAM,Total,Lunglei,All Modes,21378,15520,5858,7173,5376,1797,9744,6749,2995,2488,1820,668,936,753,183,415,332,83,70,59,11,126,97,29,375,292,83,51,42,9,22.8670691,92.7655358
MIZORAM,Total,Lunglei,On foot,9199,6373,2826,0,0,0,8086,5519,2567,801,598,203,312,256,56,0,0,0,0,0,0,0,0,0,0,0,0,0,0,0,22.8670691,92.7655358
MIZORAM,Total,Lunglei,Bicycle,139,111,28,0,0,0,56,42,14,42,34,8,19,18,1,13,11,2,9,6,3,0,0,0,0,0,0,0,0,0,22.8670691,92.7655358
MIZORAM,Total,Lunglei,Moped/Scooter/Motor Cycle,1714,1421,293,0,0,0,688,540,148,619,522,97,189,161,28,127,114,13,18,16,2,20,19,1,47,43,4,6,6,0,22.8670691,92.7655358
MIZORAM,Total,Lunglei,Car/Jeep/Van,1125,835,290,0,0,0,461,347,114,324,227,97,101,73,28,74,58,16,10,7,3,52,37,15,95,80,15,8,6,2,22.8670691,92.7655358
MIZORAM,Total,Lunglei,Tempo/Autorickshaw/Taxi,1057,670,387,0,0,0,342,209,133,505,298,207,93,75,18,61,43,18,8,7,1,10,8,2,32,26,6,6,4,2,22.8670691,92.7655358
MIZORAM,Total,Lunglei,Bus,730,529,201,0,0,0,63,50,13,153,106,47,184,134,50,110,81,29,16,14,2,37,27,10,146,99,47,21,18,3,22.8670691,92.7655358
MIZORAM,Total,Lunglei,Train,38,30,8,0,0,0,16,12,4,5,2,3,1,1,0,4,4,0,1,1,0,1,1,0,4,4,0,6,5,1,22.8670691,92.7655358
MIZORAM,Total,Lunglei,Water transport,39,30,9,0,0,0,6,5,1,17,12,5,11,10,1,4,2,2,1,1,0,0,0,0,0,0,0,0,0,0,22.8670691,92.7655358
MIZORAM,Total,Lunglei,Any other,164,145,19,0,0,0,26,25,1,22,21,1,26,25,1,22,19,3,7,7,0,6,5,1,51,40,11,4,3,1,22.8670691,92.7655358
MIZORAM,Total,Lunglei,No travel,7173,5376,1797,7173,5376,1797,0,0,0,0,0,0,0,0,0,0,0,0,0,0,0,0,0,0,0,0,0,0,0,0,22.8670691,92.7655358
MIZORAM,Rural,Lunglei,All Modes,4893,3397,1496,1977,1254,723,2164,1511,653,297,239,58,216,188,28,101,87,14,27,22,5,42,34,8,60,54,6,9,8,1,22.8670691,92.7655358
MIZORAM,Rural,Lunglei,On foot,2415,1711,704,0,0,0,2034,1399,635,234,186,48,147,126,21,0,0,0,0,0,0,0,0,0,0,0,0,0,0,0,22.8670691,92.7655358
MIZORAM,Rural,Lunglei,Bicycle,30,25,5,0,0,0,11,9,2,6,5,1,6,6,0,5,4,1,2,1,1,0,0,0,0,0,0,0,0,0,22.8670691,92.7655358
MIZORAM,Rural,Lunglei,Moped/Scooter/Motor Cycle,204,186,18,0,0,0,80,72,8,30,25,5,29,26,3,49,47,2,6,6,0,7,7,0,3,3,0,0,0,0,22.8670691,92.7655358
MIZORAM,Rural,Lunglei,Car/Jeep/Van,92,72,20,0,0,0,19,12,7,8,7,1,7,7,0,16,13,3,5,3,2,20,15,5,16,15,1,1,0,1,22.8670691,92.7655358
MIZORAM,Rural,Lunglei,Tempo/Autorickshaw/Taxi,28,24,4,0,0,0,5,4,1,3,3,0,8,7,1,2,1,1,1,1,0,1,1,0,8,7,1,0,0,0,22.8670691,92.7655358
MIZORAM,Rural,Lunglei,Bus,62,51,11,0,0,0,5,5,0,1,1,0,6,5,1,19,14,5,7,5,2,9,7,2,11,10,1,4,4,0,22.8670691,92.7655358
MIZORAM,Rural,Lunglei,Train,12,12,0,0,0,0,2,2,0,0,0,0,0,0,0,1,1,0,1,1,0,1,1,0,4,4,0,3,3,0,22.8670691,92.7655358
MIZORAM,Rural,Lunglei,Water transport,21,16,5,0,0,0,3,3,0,8,5,3,7,6,1,2,1,1,1,1,0,0,0,0,0,0,0,0,0,0,22.8670691,92.7655358
MIZORAM,Rural,Lunglei,Any other,52,46,6,0,0,0,5,5,0,7,7,0,6,5,1,7,6,1,4,4,0,4,3,1,18,15,3,1,1,0,22.8670691,92.7655358
MIZORAM,Rural,Lunglei,No travel,1977,1254,723,1977,1254,723,0,0,0,0,0,0,0,0,0,0,0,0,0,0,0,0,0,0,0,0,0,0,0,0,22.8670691,92.7655358
MIZORAM,Urban,Lunglei,All Modes,16485,12123,4362,5196,4122,1074,7580,5238,2342,2191,1581,610,720,565,155,314,245,69,43,37,6,84,63,21,315,238,77,42,34,8,22.8670691,92.7655358
MIZORAM,Urban,Lunglei,On foot,6784,4662,2122,0,0,0,6052,4120,1932,567,412,155,165,130,35,0,0,0,0,0,0,0,0,0,0,0,0,0,0,0,22.8670691,92.7655358
MIZORAM,Urban,Lunglei,Bicycle,109,86,23,0,0,0,45,33,12,36,29,7,13,12,1,8,7,1,7,5,2,0,0,0,0,0,0,0,0,0,22.8670691,92.7655358
MIZORAM,Urban,Lunglei,Moped/Scooter/Motor Cycle,1510,1235,275,0,0,0,608,468,140,589,497,92,160,135,25,78,67,11,12,10,2,13,12,1,44,40,4,6,6,0,22.8670691,92.7655358
MIZORAM,Urban,Lunglei,Car/Jeep/Van,1033,763,270,0,0,0,442,335,107,316,220,96,94,66,28,58,45,13,5,4,1,32,22,10,79,65,14,7,6,1,22.8670691,92.7655358
MIZORAM,Urban,Lunglei,Tempo/Autorickshaw/Taxi,1029,646,383,0,0,0,337,205,132,502,295,207,85,68,17,59,42,17,7,6,1,9,7,2,24,19,5,6,4,2,22.8670691,92.7655358
MIZORAM,Urban,Lunglei,Bus,668,478,190,0,0,0,58,45,13,152,105,47,178,129,49,91,67,24,9,9,0,28,20,8,135,89,46,17,14,3,22.8670691,92.7655358
MIZORAM,Urban,Lunglei,Train,26,18,8,0,0,0,14,10,4,5,2,3,1,1,0,3,3,0,0,0,0,0,0,0,0,0,0,3,2,1,22.8670691,92.7655358
MIZORAM,Urban,Lunglei,Water transport,18,14,4,0,0,0,3,2,1,9,7,2,4,4,0,2,1,1,0,0,0,0,0,0,0,0,0,0,0,0,22.8670691,92.7655358
MIZORAM,Urban,Lunglei,Any other,112,99,13,0,0,0,21,20,1,15,14,1,20,20,0,15,13,2,3,3,0,2,2,0,33,25,8,3,2,1,22.8670691,92.7655358
MIZORAM,Urban,Lunglei,No travel,5196,4122,1074,5196,4122,1074,0,0,0,0,0,0,0,0,0,0,0,0,0,0,0,0,0,0,0,0,0,0,0,0,22.8670691,92.7655358
MIZORAM,Total,Serchhip,All Modes,8383,5528,2855,3407,2226,1181,2982,1939,1043,1263,828,435,492,336,156,59,50,9,36,29,7,29,24,5,88,73,15,27,23,4,23.3416578,92.8502302
MIZORAM,Total,Serchhip,On foot,3764,2380,1384,0,0,0,2615,1657,958,740,451,289,409,272,137,0,0,0,0,0,0,0,0,0,0,0,0,0,0,0,23.3416578,92.8502302
MIZORAM,Total,Serchhip,Bicycle,150,111,39,0,0,0,82,58,24,48,37,11,7,5,2,5,5,0,8,6,2,0,0,0,0,0,0,0,0,0,23.3416578,92.8502302
MIZORAM,Total,Serchhip,Moped/Scooter/Motor Cycle,430,358,72,0,0,0,152,124,28,220,182,38,26,21,5,20,20,0,6,5,1,3,3,0,2,2,0,1,1,0,23.3416578,92.8502302
MIZORAM,Total,Serchhip,Car/Jeep/Van,244,198,46,0,0,0,70,56,14,75,56,19,14,13,1,16,12,4,14,11,3,10,7,3,35,33,2,10,10,0,23.3416578,92.8502302
MIZORAM,Total,Serchhip,Tempo/Autorickshaw/Taxi,108,80,28,0,0,0,23,15,8,55,38,17,12,9,3,5,5,0,2,2,0,4,4,0,5,5,0,2,2,0,23.3416578,92.8502302
MIZORAM,Total,Serchhip,Bus,198,110,88,0,0,0,24,14,10,108,52,56,20,12,8,7,3,4,6,5,1,5,4,1,23,16,7,5,4,1,23.3416578,92.8502302
MIZORAM,Total,Serchhip,Train,22,16,6,0,0,0,7,6,1,5,3,2,1,1,0,0,0,0,0,0,0,0,0,0,2,2,0,7,4,3,23.3416578,92.8502302
MIZORAM,Total,Serchhip,Water transport,3,3,0,0,0,0,2,2,0,0,0,0,0,0,0,0,0,0,0,0,0,0,0,0,1,1,0,0,0,0,23.3416578,92.8502302
MIZORAM,Total,Serchhip,Any other,57,46,11,0,0,0,7,7,0,12,9,3,3,3,0,6,5,1,0,0,0,7,6,1,20,14,6,2,2,0,23.3416578,92.8502302
MIZORAM,Total,Serchhip,No travel,3407,2226,1181,3407,2226,1181,0,0,0,0,0,0,0,0,0,0,0,0,0,0,0,0,0,0,0,0,0,0,0,0,23.3416578,92.8502302
MIZORAM,Rural,Serchhip,All Modes,2281,1462,819,904,496,408,1060,735,325,135,95,40,67,44,23,21,18,3,18,15,3,14,11,3,45,34,11,17,14,3,23.3416578,92.8502302
MIZORAM,Rural,Serchhip,On foot,1124,771,353,0,0,0,992,680,312,84,60,24,48,31,17,0,0,0,0,0,0,0,0,0,0,0,0,0,0,0,23.3416578,92.8502302
MIZORAM,Rural,Serchhip,Bicycle,29,22,7,0,0,0,17,12,5,5,4,1,2,2,0,1,1,0,4,3,1,0,0,0,0,0,0,0,0,0,23.3416578,92.8502302
MIZORAM,Rural,Serchhip,Moped/Scooter/Motor Cycle,79,69,10,0,0,0,31,29,2,28,23,5,10,7,3,6,6,0,2,2,0,1,1,0,1,1,0,0,0,0,23.3416578,92.8502302
MIZORAM,Rural,Serchhip,Car/Jeep/Van,67,59,8,0,0,0,4,3,1,7,6,1,3,3,0,13,10,3,6,5,1,5,4,1,24,23,1,5,5,0,23.3416578,92.8502302
MIZORAM,Rural,Serchhip,Tempo/Autorickshaw/Taxi,7,6,1,0,0,0,2,2,0,2,1,1,0,0,0,0,0,0,1,1,0,2,2,0,0,0,0,0,0,0,23.3416578,92.8502302
MIZORAM,Rural,Serchhip,Bus,36,15,21,0,0,0,4,0,4,7,0,7,3,0,3,1,1,0,5,4,1,3,2,1,10,5,5,3,3,0,23.3416578,92.8502302
MIZORAM,Rural,Serchhip,Train,14,10,4,0,0,0,5,4,1,1,1,0,0,0,0,0,0,0,0,0,0,0,0,0,1,1,0,7,4,3,23.3416578,92.8502302
MIZORAM,Rural,Serchhip,Water transport,1,1,0,0,0,0,0,0,0,0,0,0,0,0,0,0,0,0,0,0,0,0,0,0,1,1,0,0,0,0,23.3416578,92.8502302
MIZORAM,Rural,Serchhip,Any other,20,13,7,0,0,0,5,5,0,1,0,1,1,1,0,0,0,0,0,0,0,3,2,1,8,3,5,2,2,0,23.3416578,92.8502302
MIZORAM,Rural,Serchhip,No travel,904,496,408,904,496,408,0,0,0,0,0,0,0,0,0,0,0,0,0,0,0,0,0,0,0,0,0,0,0,0,23.3416578,92.8502302
MIZORAM,Urban,Serchhip,All Modes,6102,4066,2036,2503,1730,773,1922,1204,718,1128,733,395,425,292,133,38,32,6,18,14,4,15,13,2,43,39,4,10,9,1,23.3416578,92.8502302
MIZORAM,Urban,Serchhip,On foot,2640,1609,1031,0,0,0,1623,977,646,656,391,265,361,241,120,0,0,0,0,0,0,0,0,0,0,0,0,0,0,0,23.3416578,92.8502302
MIZORAM,Urban,Serchhip,Bicycle,121,89,32,0,0,0,65,46,19,43,33,10,5,3,2,4,4,0,4,3,1,0,0,0,0,0,0,0,0,0,23.3416578,92.8502302
MIZORAM,Urban,Serchhip,Moped/Scooter/Motor Cycle,351,289,62,0,0,0,121,95,26,192,159,33,16,14,2,14,14,0,4,3,1,2,2,0,1,1,0,1,1,0,23.3416578,92.8502302
MIZORAM,Urban,Serchhip,Car/Jeep/Van,177,139,38,0,0,0,66,53,13,68,50,18,11,10,1,3,2,1,8,6,2,5,3,2,11,10,1,5,5,0,23.3416578,92.8502302
MIZORAM,Urban,Serchhip,Tempo/Autorickshaw/Taxi,101,74,27,0,0,0,21,13,8,53,37,16,12,9,3,5,5,0,1,1,0,2,2,0,5,5,0,2,2,0,23.3416578,92.8502302
MIZORAM,Urban,Serchhip,Bus,162,95,67,0,0,0,20,14,6,101,52,49,17,12,5,6,2,4,1,1,0,2,2,0,13,11,2,2,1,1,23.3416578,92.8502302
MIZORAM,Urban,Serchhip,Train,8,6,2,0,0,0,2,2,0,4,2,2,1,1,0,0,0,0,0,0,0,0,0,0,1,1,0,0,0,0,23.3416578,92.8502302
MIZORAM,Urban,Serchhip,Water transport,2,2,0,0,0,0,2,2,0,0,0,0,0,0,0,0,0,0,0,0,0,0,0,0,0,0,0,0,0,0,23.3416578,92.8502302
MIZORAM,Urban,Serchhip,Any other,37,33,4,0,0,0,2,2,0,11,9,2,2,2,0,6,5,1,0,0,0,4,4,0,12,11,1,0,0,0,23.3416578,92.8502302
MIZORAM,Urban,Serchhip,No travel,2503,1730,773,2503,1730,773,0,0,0,0,0,0,0,0,0,0,0,0,0,0,0,0,0,0,0,0,0,0,0,0,23.3416578,92.8502302
ASSAM,Total,Cachar,All Modes,394576,304588,89988,113734,78166,35568,96779,69396,27383,106012,88216,17796,46707,39641,7066,13751,12801,950,7148,6709,439,3792,3450,342,4309,4169,140,2344,2040,304,24.7821253,92.8577105
ASSAM,Total,Cachar,On foot,157657,113301,44356,0,0,0,82564,56590,25974,53221,40208,13013,21872,16503,5369,0,0,0,0,0,0,0,0,0,0,0,0,0,0,0,24.7821253,92.8577105
ASSAM,Total,Cachar,Bicycle,49944,48557,1387,0,0,0,7151,6843,308,28838,28073,765,8931,8780,151,2301,2252,49,2723,2609,114,0,0,0,0,0,0,0,0,0,24.7821253,92.8577105
ASSAM,Total,Cachar,Moped/Scooter/Motor Cycle,16872,16153,719,0,0,0,2438,2296,142,8290,7934,356,3002,2912,90,1581,1545,36,535,520,15,389,375,14,121,120,1,516,451,65,24.7821253,92.8577105
ASSAM,Total,Cachar,Car/Jeep/Van,5429,4577,852,0,0,0,517,393,124,1675,1308,367,912,783,129,783,676,107,431,384,47,482,442,40,451,440,11,178,151,27,24.7821253,92.8577105
ASSAM,Total,Cachar,Tempo/Autorickshaw/Taxi,16240,12715,3525,0,0,0,1644,1144,500,7609,5395,2214,3715,3237,478,1750,1589,161,532,494,38,455,396,59,184,170,14,351,290,61,24.7821253,92.8577105
ASSAM,Total,Cachar,Bus,28648,25704,2944,0,0,0,1531,1328,203,4893,4022,871,7391,6658,733,6854,6290,564,2684,2475,209,2159,1955,204,2570,2497,73,566,479,87,24.7821253,92.8577105
ASSAM,Total,Cachar,Train,2635,2415,220,0,0,0,353,296,57,507,455,52,248,227,21,175,165,10,92,83,9,150,139,11,748,715,33,362,335,27,24.7821253,92.8577105
ASSAM,Total,Cachar,Water transport,407,349,58,0,0,0,132,121,11,89,75,14,81,59,22,21,19,2,16,16,0,23,22,1,9,9,0,36,28,8,24.7821253,92.8577105
ASSAM,Total,Cachar,Any other,3010,2651,359,0,0,0,449,385,64,890,746,144,555,482,73,286,265,21,135,128,7,134,121,13,226,218,8,335,306,29,24.7821253,92.8577105
ASSAM,Total,Cachar,No travel,113734,78166,35568,113734,78166,35568,0,0,0,0,0,0,0,0,0,0,0,0,0,0,0,0,0,0,0,0,0,0,0,0,24.7821253,92.8577105
ASSAM,Rural,Cachar,All Modes,293121,220500,72621,91760,61956,29804,73075,49984,23091,69565,56562,13003,35735,30238,5497,10643,10096,547,4998,4756,242,2388,2234,154,3351,3266,85,1606,1408,198,24.7821253,92.8577105
ASSAM,Rural,Cachar,On foot,124159,86006,38153,0,0,0,64794,42401,22393,41773,30547,11226,17592,13058,4534,0,0,0,0,0,0,0,0,0,0,0,0,0,0,0,24.7821253,92.8577105
ASSAM,Rural,Cachar,Bicycle,34326,33328,998,0,0,0,4775,4538,237,18357,17834,523,7204,7087,117,2027,1986,41,1963,1883,80,0,0,0,0,0,0,0,0,0,24.7821253,92.8577105
ASSAM,Rural,Cachar,Moped/Scooter/Motor Cycle,6967,6628,339,0,0,0,899,822,77,2431,2321,110,1580,1529,51,1072,1043,29,383,374,9,221,211,10,74,73,1,307,255,52,24.7821253,92.8577105
ASSAM,Rural,Cachar,Car/Jeep/Van,2641,2329,312,0,0,0,252,196,56,503,403,100,479,437,42,470,422,48,250,229,21,260,241,19,312,305,7,115,96,19,24.7821253,92.8577105
ASSAM,Rural,Cachar,Tempo/Autorickshaw/Taxi,7410,6491,919,0,0,0,567,463,104,2427,1970,457,2344,2142,202,1182,1098,84,338,319,19,235,217,18,109,103,6,208,179,29,24.7821253,92.8577105
ASSAM,Rural,Cachar,Bus,22008,20269,1739,0,0,0,1253,1098,155,3372,2868,504,5985,5524,461,5527,5204,323,1911,1805,106,1444,1353,91,2102,2057,45,414,360,54,24.7821253,92.8577105
ASSAM,Rural,Cachar,Train,1918,1771,147,0,0,0,257,212,45,285,253,32,191,175,16,135,131,4,59,56,3,113,105,8,592,572,20,286,267,19,24.7821253,92.8577105
ASSAM,Rural,Cachar,Water transport,346,298,48,0,0,0,120,111,9,72,61,11,67,46,21,20,19,1,11,11,0,19,18,1,8,8,0,29,24,5,24.7821253,92.8577105
ASSAM,Rural,Cachar,Any other,1586,1424,162,0,0,0,158,143,15,345,305,40,293,240,53,210,193,17,83,79,4,96,89,7,154,148,6,247,227,20,24.7821253,92.8577105
ASSAM,Rural,Cachar,No travel,91760,61956,29804,91760,61956,29804,0,0,0,0,0,0,0,0,0,0,0,0,0,0,0,0,0,0,0,0,0,0,0,0,24.7821253,92.8577105
ASSAM,Urban,Cachar,All Modes,101455,84088,17367,21974,16210,5764,23704,19412,4292,36447,31654,4793,10972,9403,1569,3108,2705,403,2150,1953,197,1404,1216,188,958,903,55,738,632,106,24.7821253,92.8577105
ASSAM,Urban,Cachar,On foot,33498,27295,6203,0,0,0,17770,14189,3581,11448,9661,1787,4280,3445,835,0,0,0,0,0,0,0,0,0,0,0,0,0,0,0,24.7821253,92.8577105
ASSAM,Urban,Cachar,Bicycle,15618,15229,389,0,0,0,2376,2305,71,10481,10239,242,1727,1693,34,274,266,8,760,726,34,0,0,0,0,0,0,0,0,0,24.7821253,92.8577105
ASSAM,Urban,Cachar,Moped/Scooter/Motor Cycle,9905,9525,380,0,0,0,1539,1474,65,5859,5613,246,1422,1383,39,509,502,7,152,146,6,168,164,4,47,47,0,209,196,13,24.7821253,92.8577105
ASSAM,Urban,Cachar,Car/Jeep/Van,2788,2248,540,0,0,0,265,197,68,1172,905,267,433,346,87,313,254,59,181,155,26,222,201,21,139,135,4,63,55,8,24.7821253,92.8577105
ASSAM,Urban,Cachar,Tempo/Autorickshaw/Taxi,8830,6224,2606,0,0,0,1077,681,396,5182,3425,1757,1371,1095,276,568,491,77,194,175,19,220,179,41,75,67,8,143,111,32,24.7821253,92.8577105
ASSAM,Urban,Cachar,Bus,6640,5435,1205,0,0,0,278,230,48,1521,1154,367,1406,1134,272,1327,1086,241,773,670,103,715,602,113,468,440,28,152,119,33,24.7821253,92.8577105
ASSAM,Urban,Cachar,Train,717,644,73,0,0,0,96,84,12,222,202,20,57,52,5,40,34,6,33,27,6,37,34,3,156,143,13,76,68,8,24.7821253,92.8577105
ASSAM,Urban,Cachar,Water transport,61,51,10,0,0,0,12,10,2,17,14,3,14,13,1,1,0,1,5,5,0,4,4,0,1,1,0,7,4,3,24.7821253,92.8577105
ASSAM,Urban,Cachar,Any other,1424,1227,197,0,0,0,291,242,49,545,441,104,262,242,20,76,72,4,52,49,3,38,32,6,72,70,2,88,79,9,24.7821253,92.8577105
ASSAM,Urban,Cachar,No travel,21974,16210,5764,21974,16210,5764,0,0,0,0,0,0,0,0,0,0,0,0,0,0,0,0,0,0,0,0,0,0,0,0,24.7821253,92.8577105
ASSAM,Total,Sonitpur,All Modes,380899,270031,110868,98277,66923,31354,114159,70842,43317,105206,77622,27584,35655,29363,6292,11687,10709,978,6954,6405,549,2855,2595,260,4664,4324,340,1442,1248,194,26.6738851,92.8577105
ASSAM,Total,Sonitpur,On foot,139040,72659,66381,0,0,0,85475,45079,40396,41447,19944,21503,12118,7636,4482,0,0,0,0,0,0,0,0,0,0,0,0,0,0,0,26.6738851,92.8577105
ASSAM,Total,Sonitpur,Bicycle,95504,90041,5463,0,0,0,21763,20246,1517,47726,44691,3035,15917,15376,541,5928,5779,149,4170,3949,221,0,0,0,0,0,0,0,0,0,26.6738851,92.8577105
ASSAM,Total,Sonitpur,Moped/Scooter/Motor Cycle,22194,20218,1976,0,0,0,3939,3594,345,10493,9362,1131,3924,3630,294,2050,1949,101,620,597,23,433,411,22,258,241,17,477,434,43,26.6738851,92.8577105
ASSAM,Total,Sonitpur,Car/Jeep/Van,4082,3271,811,0,0,0,783,584,199,1426,1059,367,540,442,98,404,352,52,210,176,34,255,238,17,312,287,25,152,133,19,26.6738851,92.8577105
ASSAM,Total,Sonitpur,Tempo/Autorickshaw/Taxi,3017,1977,1040,0,0,0,269,162,107,1394,751,643,643,450,193,350,296,54,114,100,14,87,81,6,94,81,13,66,56,10,26.6738851,92.8577105
ASSAM,Total,Sonitpur,Bus,14112,11326,2786,0,0,0,530,362,168,1605,963,642,2025,1397,628,2612,2038,574,1738,1493,245,1980,1769,211,3280,3023,257,342,281,61,26.6738851,92.8577105
ASSAM,Total,Sonitpur,Train,1614,1389,225,0,0,0,304,211,93,329,260,69,94,83,11,44,38,6,24,21,3,35,35,0,580,560,20,204,181,23,26.6738851,92.8577105
ASSAM,Total,Sonitpur,Water transport,433,416,17,0,0,0,45,41,4,171,166,5,90,86,4,69,69,0,9,8,1,15,15,0,27,26,1,7,5,2,26.6738851,92.8577105
ASSAM,Total,Sonitpur,Any other,2626,1811,815,0,0,0,1051,563,488,615,426,189,304,263,41,230,188,42,69,61,8,50,46,4,113,106,7,194,158,36,26.6738851,92.8577105
ASSAM,Total,Sonitpur,No travel,98277,66923,31354,98277,66923,31354,0,0,0,0,0,0,0,0,0,0,0,0,0,0,0,0,0,0,0,0,0,0,0,0,26.6738851,92.8577105
ASSAM,Rural,Sonitpur,All Modes,321735,220847,100888,87021,58766,28255,97160,56625,40535,85103,60317,24786,30738,25086,5652,9797,9089,708,5547,5138,409,1934,1772,162,3348,3121,227,1087,933,154,26.6738851,92.8577105
ASSAM,Rural,Sonitpur,On foot,124721,62039,62682,0,0,0,76176,38127,38049,37773,17380,20393,10772,6532,4240,0,0,0,0,0,0,0,0,0,0,0,0,0,0,0,26.6738851,92.8577105
ASSAM,Rural,Sonitpur,Bicycle,79000,73894,5106,0,0,0,16735,15314,1421,38747,35923,2824,14408,13896,512,5517,5373,144,3593,3388,205,0,0,0,0,0,0,0,0,0,26.6738851,92.8577105
ASSAM,Rural,Sonitpur,Moped/Scooter/Motor Cycle,12881,11738,1143,0,0,0,1977,1773,204,5337,4758,579,2870,2656,214,1529,1454,75,422,406,16,267,256,11,171,159,12,308,276,32,26.6738851,92.8577105
ASSAM,Rural,Sonitpur,Car/Jeep/Van,2089,1688,401,0,0,0,420,300,120,557,415,142,331,266,65,232,203,29,118,104,14,151,143,8,180,168,12,100,89,11,26.6738851,92.8577105
ASSAM,Rural,Sonitpur,Tempo/Autorickshaw/Taxi,1901,1384,517,0,0,0,158,105,53,698,435,263,473,350,123,281,240,41,98,86,12,77,71,6,60,50,10,56,47,9,26.6738851,92.8577105
ASSAM,Rural,Sonitpur,Bus,10178,8279,1899,0,0,0,431,293,138,1169,734,435,1493,1041,452,1916,1542,374,1237,1085,152,1355,1222,133,2312,2144,168,265,218,47,26.6738851,92.8577105
ASSAM,Rural,Sonitpur,Train,1386,1172,214,0,0,0,253,161,92,278,213,65,87,76,11,40,36,4,21,18,3,27,27,0,503,485,18,177,156,21,26.6738851,92.8577105
ASSAM,Rural,Sonitpur,Water transport,415,401,14,0,0,0,41,39,2,167,162,5,84,81,3,69,69,0,9,8,1,15,15,0,25,24,1,5,3,2,26.6738851,92.8577105
ASSAM,Rural,Sonitpur,Any other,2143,1486,657,0,0,0,969,513,456,377,297,80,220,188,32,213,172,41,49,43,6,42,38,4,97,91,6,176,144,32,26.6738851,92.8577105
ASSAM,Rural,Sonitpur,No travel,87021,58766,28255,87021,58766,28255,0,0,0,0,0,0,0,0,0,0,0,0,0,0,0,0,0,0,0,0,0,0,0,0,26.6738851,92.8577105
ASSAM,Urban,Sonitpur,All Modes,59164,49184,9980,11256,8157,3099,16999,14217,2782,20103,17305,2798,4917,4277,640,1890,1620,270,1407,1267,140,921,823,98,1316,1203,113,355,315,40,26.6738851,92.8577105
ASSAM,Urban,Sonitpur,On foot,14319,10620,3699,0,0,0,9299,6952,2347,3674,2564,1110,1346,1104,242,0,0,0,0,0,0,0,0,0,0,0,0,0,0,0,26.6738851,92.8577105
ASSAM,Urban,Sonitpur,Bicycle,16504,16147,357,0,0,0,5028,4932,96,8979,8768,211,1509,1480,29,411,406,5,577,561,16,0,0,0,0,0,0,0,0,0,26.6738851,92.8577105
ASSAM,Urban,Sonitpur,Moped/Scooter/Motor Cycle,9313,8480,833,0,0,0,1962,1821,141,5156,4604,552,1054,974,80,521,495,26,198,191,7,166,155,11,87,82,5,169,158,11,26.6738851,92.8577105
ASSAM,Urban,Sonitpur,Car/Jeep/Van,1993,1583,410,0,0,0,363,284,79,869,644,225,209,176,33,172,149,23,92,72,20,104,95,9,132,119,13,52,44,8,26.6738851,92.8577105
ASSAM,Urban,Sonitpur,Tempo/Autorickshaw/Taxi,1116,593,523,0,0,0,111,57,54,696,316,380,170,100,70,69,56,13,16,14,2,10,10,0,34,31,3,10,9,1,26.6738851,92.8577105
ASSAM,Urban,Sonitpur,Bus,3934,3047,887,0,0,0,99,69,30,436,229,207,532,356,176,696,496,200,501,408,93,625,547,78,968,879,89,77,63,14,26.6738851,92.8577105
ASSAM,Urban,Sonitpur,Train,228,217,11,0,0,0,51,50,1,51,47,4,7,7,0,4,2,2,3,3,0,8,8,0,77,75,2,27,25,2,26.6738851,92.8577105
ASSAM,Urban,Sonitpur,Water transport,18,15,3,0,0,0,4,2,2,4,4,0,6,5,1,0,0,0,0,0,0,0,0,0,2,2,0,2,2,0,26.6738851,92.8577105
ASSAM,Urban,Sonitpur,Any other,483,325,158,0,0,0,82,50,32,238,129,109,84,75,9,17,16,1,20,18,2,8,8,0,16,15,1,18,14,4,26.6738851,92.8577105
ASSAM,Urban,Sonitpur,No travel,11256,8157,3099,11256,8157,3099,0,0,0,0,0,0,0,0,0,0,0,0,0,0,0,0,0,0,0,0,0,0,0,0,26.6738851,92.8577105
MIZORAM,Total,Lawngtlai,All Modes,12611,9385,3226,4388,3341,1047,5564,4001,1563,1703,1322,381,664,475,189,80,66,14,41,35,6,45,41,4,78,66,12,48,38,10,22.5284445,92.8926342
MIZORAM,Total,Lawngtlai,On foot,6568,4775,1793,0,0,0,4951,3567,1384,1022,794,228,595,414,181,0,0,0,0,0,0,0,0,0,0,0,0,0,0,0,22.5284445,92.8926342
MIZORAM,Total,Lawngtlai,Bicycle,154,129,25,0,0,0,45,36,9,74,62,12,14,14,0,10,9,1,11,8,3,0,0,0,0,0,0,0,0,0,22.5284445,92.8926342
MIZORAM,Total,Lawngtlai,Moped/Scooter/Motor Cycle,308,246,62,0,0,0,126,95,31,133,108,25,7,6,1,12,11,1,3,3,0,9,9,0,9,9,0,9,5,4,22.5284445,92.8926342
MIZORAM,Total,Lawngtlai,Car/Jeep/Van,407,322,85,0,0,0,159,123,36,149,116,33,12,9,3,19,15,4,11,8,3,16,15,1,24,20,4,17,16,1,22.5284445,92.8926342
MIZORAM,Total,Lawngtlai,Tempo/Autorickshaw/Taxi,523,346,177,0,0,0,227,131,96,264,190,74,14,12,2,7,5,2,1,1,0,1,0,1,0,0,0,9,7,2,22.5284445,92.8926342
MIZORAM,Total,Lawngtlai,Bus,98,77,21,0,0,0,3,1,2,12,9,3,17,15,2,20,16,4,9,9,0,6,4,2,29,22,7,2,1,1,22.5284445,92.8926342
MIZORAM,Total,Lawngtlai,Train,25,23,2,0,0,0,15,15,0,5,4,1,0,0,0,0,0,0,0,0,0,0,0,0,1,1,0,4,3,1,22.5284445,92.8926342
MIZORAM,Total,Lawngtlai,Water transport,22,21,1,0,0,0,1,1,0,20,19,1,0,0,0,0,0,0,0,0,0,0,0,0,0,0,0,1,1,0,22.5284445,92.8926342
MIZORAM,Total,Lawngtlai,Any other,118,105,13,0,0,0,37,32,5,24,20,4,5,5,0,12,10,2,6,6,0,13,13,0,15,14,1,6,5,1,22.5284445,92.8926342
MIZORAM,Total,Lawngtlai,No travel,4388,3341,1047,4388,3341,1047,0,0,0,0,0,0,0,0,0,0,0,0,0,0,0,0,0,0,0,0,0,0,0,0,22.5284445,92.8926342
MIZORAM,Rural,Lawngtlai,All Modes,6892,5422,1470,2504,1975,529,3210,2457,753,708,590,118,313,259,54,48,41,7,28,23,5,26,26,0,40,38,2,15,13,2,22.5284445,92.8926342
MIZORAM,Rural,Lawngtlai,On foot,3937,3044,893,0,0,0,3081,2347,734,577,472,105,279,225,54,0,0,0,0,0,0,0,0,0,0,0,0,0,0,0,22.5284445,92.8926342
MIZORAM,Rural,Lawngtlai,Bicycle,102,90,12,0,0,0,27,22,5,46,42,4,14,14,0,9,8,1,6,4,2,0,0,0,0,0,0,0,0,0,22.5284445,92.8926342
MIZORAM,Rural,Lawngtlai,Moped/Scooter/Motor Cycle,91,80,11,0,0,0,29,23,6,27,24,3,5,5,0,9,8,1,3,3,0,7,7,0,9,9,0,2,1,1,22.5284445,92.8926342
MIZORAM,Rural,Lawngtlai,Car/Jeep/Van,115,102,13,0,0,0,38,33,5,17,14,3,6,6,0,15,13,2,11,8,3,12,12,0,11,11,0,5,5,0,22.5284445,92.8926342
MIZORAM,Rural,Lawngtlai,Tempo/Autorickshaw/Taxi,28,25,3,0,0,0,18,16,2,3,2,1,2,2,0,4,4,0,1,1,0,0,0,0,0,0,0,0,0,0,22.5284445,92.8926342
MIZORAM,Rural,Lawngtlai,Bus,32,26,6,0,0,0,2,1,1,5,4,1,4,4,0,7,5,2,2,2,0,1,1,0,10,8,2,1,1,0,22.5284445,92.8926342
MIZORAM,Rural,Lawngtlai,Train,15,14,1,0,0,0,9,9,0,2,2,0,0,0,0,0,0,0,0,0,0,0,0,0,1,1,0,3,2,1,22.5284445,92.8926342
MIZORAM,Rural,Lawngtlai,Water transport,22,21,1,0,0,0,1,1,0,20,19,1,0,0,0,0,0,0,0,0,0,0,0,0,0,0,0,1,1,0,22.5284445,92.8926342
MIZORAM,Rural,Lawngtlai,Any other,46,45,1,0,0,0,5,5,0,11,11,0,3,3,0,4,3,1,5,5,0,6,6,0,9,9,0,3,3,0,22.5284445,92.8926342
MIZORAM,Rural,Lawngtlai,No travel,2504,1975,529,2504,1975,529,0,0,0,0,0,0,0,0,0,0,0,0,0,0,0,0,0,0,0,0,0,0,0,0,22.5284445,92.8926342
MIZORAM,Urban,Lawngtlai,All Modes,5719,3963,1756,1884,1366,518,2354,1544,810,995,732,263,351,216,135,32,25,7,13,12,1,19,15,4,38,28,10,33,25,8,22.5284445,92.8926342
MIZORAM,Urban,Lawngtlai,On foot,2631,1731,900,0,0,0,1870,1220,650,445,322,123,316,189,127,0,0,0,0,0,0,0,0,0,0,0,0,0,0,0,22.5284445,92.8926342
MIZORAM,Urban,Lawngtlai,Bicycle,52,39,13,0,0,0,18,14,4,28,20,8,0,0,0,1,1,0,5,4,1,0,0,0,0,0,0,0,0,0,22.5284445,92.8926342
MIZORAM,Urban,Lawngtlai,Moped/Scooter/Motor Cycle,217,166,51,0,0,0,97,72,25,106,84,22,2,1,1,3,3,0,0,0,0,2,2,0,0,0,0,7,4,3,22.5284445,92.8926342
MIZORAM,Urban,Lawngtlai,Car/Jeep/Van,292,220,72,0,0,0,121,90,31,132,102,30,6,3,3,4,2,2,0,0,0,4,3,1,13,9,4,12,11,1,22.5284445,92.8926342
MIZORAM,Urban,Lawngtlai,Tempo/Autorickshaw/Taxi,495,321,174,0,0,0,209,115,94,261,188,73,12,10,2,3,1,2,0,0,0,1,0,1,0,0,0,9,7,2,22.5284445,92.8926342
MIZORAM,Urban,Lawngtlai,Bus,66,51,15,0,0,0,1,0,1,7,5,2,13,11,2,13,11,2,7,7,0,5,3,2,19,14,5,1,0,1,22.5284445,92.8926342
MIZORAM,Urban,Lawngtlai,Train,10,9,1,0,0,0,6,6,0,3,2,1,0,0,0,0,0,0,0,0,0,0,0,0,0,0,0,1,1,0,22.5284445,92.8926342
MIZORAM,Urban,Lawngtlai,Water transport,0,0,0,0,0,0,0,0,0,0,0,0,0,0,0,0,0,0,0,0,0,0,0,0,0,0,0,0,0,0,22.5284445,92.8926342
MIZORAM,Urban,Lawngtlai,Any other,72,60,12,0,0,0,32,27,5,13,9,4,2,2,0,8,7,1,1,1,0,7,7,0,6,5,1,3,2,1,22.5284445,92.8926342
MIZORAM,Urban,Lawngtlai,No travel,1884,1366,518,1884,1366,518,0,0,0,0,0,0,0,0,0,0,0,0,0,0,0,0,0,0,0,0,0,0,0,0,22.5284445,92.8926342
MIZORAM,Total,Saiha,All Modes,9283,6385,2898,2920,1905,1015,4137,2848,1289,1449,1042,407,565,411,154,22,18,4,49,44,5,40,32,8,67,58,9,34,27,7,22.489734,92.979269
MIZORAM,Total,Saiha,On foot,5159,3601,1558,0,0,0,3758,2578,1180,895,661,234,506,362,144,0,0,0,0,0,0,0,0,0,0,0,0,0,0,0,22.489734,92.979269
MIZORAM,Total,Saiha,Bicycle,57,42,15,0,0,0,31,21,10,19,16,3,4,2,2,0,0,0,3,3,0,0,0,0,0,0,0,0,0,0,22.489734,92.979269
MIZORAM,Total,Saiha,Moped/Scooter/Motor Cycle,149,122,27,0,0,0,56,43,13,65,53,12,7,6,1,2,2,0,4,4,0,7,7,0,1,1,0,7,6,1,22.489734,92.979269
MIZORAM,Total,Saiha,Car/Jeep/Van,324,245,79,0,0,0,114,79,35,125,92,33,8,7,1,7,7,0,13,12,1,15,12,3,32,27,5,10,9,1,22.489734,92.979269
MIZORAM,Total,Saiha,Tempo/Autorickshaw/Taxi,452,291,161,0,0,0,140,96,44,281,172,109,12,9,3,1,0,1,2,1,1,4,4,0,4,3,1,8,6,2,22.489734,92.979269
MIZORAM,Total,Saiha,Bus,99,79,20,0,0,0,7,6,1,19,15,4,20,19,1,9,6,3,14,11,3,7,4,3,19,16,3,4,2,2,22.489734,92.979269
MIZORAM,Total,Saiha,Train,13,12,1,0,0,0,9,9,0,2,2,0,0,0,0,1,1,0,0,0,0,0,0,0,0,0,0,1,0,1,22.489734,92.979269
MIZORAM,Total,Saiha,Water transport,3,1,2,0,0,0,1,0,1,0,0,0,0,0,0,0,0,0,0,0,0,1,0,1,1,1,0,0,0,0,22.489734,92.979269
MIZORAM,Total,Saiha,Any other,107,87,20,0,0,0,21,16,5,43,31,12,8,6,2,2,2,0,13,13,0,6,5,1,10,10,0,4,4,0,22.489734,92.979269
MIZORAM,Total,Saiha,No travel,2920,1905,1015,2920,1905,1015,0,0,0,0,0,0,0,0,0,0,0,0,0,0,0,0,0,0,0,0,0,0,0,0,22.489734,92.979269
MIZORAM,Rural,Saiha,All Modes,3064,2083,981,1000,677,323,1512,989,523,303,220,83,172,126,46,7,6,1,29,26,3,5,4,1,31,30,1,5,5,0,22.489734,92.979269
MIZORAM,Rural,Saiha,On foot,1918,1276,642,0,0,0,1478,959,519,281,203,78,159,114,45,0,0,0,0,0,0,0,0,0,0,0,0,0,0,0,22.489734,92.979269
MIZORAM,Rural,Saiha,Bicycle,10,9,1,0,0,0,6,5,1,1,1,0,2,2,0,0,0,0,1,1,0,0,0,0,0,0,0,0,0,0,22.489734,92.979269
MIZORAM,Rural,Saiha,Moped/Scooter/Motor Cycle,7,5,2,0,0,0,1,1,0,3,1,2,3,3,0,0,0,0,0,0,0,0,0,0,0,0,0,0,0,0,22.489734,92.979269
MIZORAM,Rural,Saiha,Car/Jeep/Van,50,45,5,0,0,0,13,11,2,4,2,2,2,2,0,2,2,0,8,8,0,1,1,0,17,16,1,3,3,0,22.489734,92.979269
MIZORAM,Rural,Saiha,Tempo/Autorickshaw/Taxi,6,5,1,0,0,0,1,1,0,2,2,0,0,0,0,0,0,0,1,0,1,0,0,0,1,1,0,1,1,0,22.489734,92.979269
MIZORAM,Rural,Saiha,Bus,40,33,7,0,0,0,3,2,1,10,9,1,4,3,1,2,1,1,9,7,2,3,2,1,9,9,0,0,0,0,22.489734,92.979269
MIZORAM,Rural,Saiha,Train,6,6,0,0,0,0,4,4,0,1,1,0,0,0,0,1,1,0,0,0,0,0,0,0,0,0,0,0,0,0,22.489734,92.979269
MIZORAM,Rural,Saiha,Water transport,0,0,0,0,0,0,0,0,0,0,0,0,0,0,0,0,0,0,0,0,0,0,0,0,0,0,0,0,0,0,22.489734,92.979269
MIZORAM,Rural,Saiha,Any other,27,27,0,0,0,0,6,6,0,1,1,0,2,2,0,2,2,0,10,10,0,1,1,0,4,4,0,1,1,0,22.489734,92.979269
MIZORAM,Rural,Saiha,No travel,1000,677,323,1000,677,323,0,0,0,0,0,0,0,0,0,0,0,0,0,0,0,0,0,0,0,0,0,0,0,0,22.489734,92.979269
MIZORAM,Urban,Saiha,All Modes,6219,4302,1917,1920,1228,692,2625,1859,766,1146,822,324,393,285,108,15,12,3,20,18,2,35,28,7,36,28,8,29,22,7,22.489734,92.979269
MIZORAM,Urban,Saiha,On foot,3241,2325,916,0,0,0,2280,1619,661,614,458,156,347,248,99,0,0,0,0,0,0,0,0,0,0,0,0,0,0,0,22.489734,92.979269
MIZORAM,Urban,Saiha,Bicycle,47,33,14,0,0,0,25,16,9,18,15,3,2,0,2,0,0,0,2,2,0,0,0,0,0,0,0,0,0,0,22.489734,92.979269
MIZORAM,Urban,Saiha,Moped/Scooter/Motor Cycle,142,117,25,0,0,0,55,42,13,62,52,10,4,3,1,2,2,0,4,4,0,7,7,0,1,1,0,7,6,1,22.489734,92.979269
MIZORAM,Urban,Saiha,Car/Jeep/Van,274,200,74,0,0,0,101,68,33,121,90,31,6,5,1,5,5,0,5,4,1,14,11,3,15,11,4,7,6,1,22.489734,92.979269
MIZORAM,Urban,Saiha,Tempo/Autorickshaw/Taxi,446,286,160,0,0,0,139,95,44,279,170,109,12,9,3,1,0,1,1,1,0,4,4,0,3,2,1,7,5,2,22.489734,92.979269
MIZORAM,Urban,Saiha,Bus,59,46,13,0,0,0,4,4,0,9,6,3,16,16,0,7,5,2,5,4,1,4,2,2,10,7,3,4,2,2,22.489734,92.979269
MIZORAM,Urban,Saiha,Train,7,6,1,0,0,0,5,5,0,1,1,0,0,0,0,0,0,0,0,0,0,0,0,0,0,0,0,1,0,1,22.489734,92.979269
MIZORAM,Urban,Saiha,Water transport,3,1,2,0,0,0,1,0,1,0,0,0,0,0,0,0,0,0,0,0,0,1,0,1,1,1,0,0,0,0,22.489734,92.979269
MIZORAM,Urban,Saiha,Any other,80,60,20,0,0,0,15,10,5,42,30,12,6,4,2,0,0,0,3,3,0,5,4,1,6,6,0,3,3,0,22.489734,92.979269
MIZORAM,Urban,Saiha,No travel,1920,1228,692,1920,1228,692,0,0,0,0,0,0,0,0,0,0,0,0,0,0,0,0,0,0,0,0,0,0,0,0,22.489734,92.979269
ASSAM,Total,Dima Hasao,All Modes,34238,26178,8060,12888,9714,3174,9690,7428,2262,6871,5139,1732,2870,2250,620,478,423,55,311,266,45,347,285,62,519,460,59,264,213,51,25.3478004,93.0175712
ASSAM,Total,Dima Hasao,On foot,14159,10788,3371,0,0,0,8750,6721,2029,3454,2581,873,1955,1486,469,0,0,0,0,0,0,0,0,0,0,0,0,0,0,0,25.3478004,93.0175712
ASSAM,Total,Dima Hasao,Bicycle,349,297,52,0,0,0,70,61,9,170,141,29,51,46,5,13,12,1,45,37,8,0,0,0,0,0,0,0,0,0,25.3478004,93.0175712
ASSAM,Total,Dima Hasao,Moped/Scooter/Motor Cycle,1104,979,125,0,0,0,233,203,30,582,505,77,156,148,8,59,56,3,21,21,0,10,8,2,17,16,1,26,22,4,25.3478004,93.0175712
ASSAM,Total,Dima Hasao,Car/Jeep/Van,721,531,190,0,0,0,174,129,45,348,230,118,60,51,9,28,25,3,16,14,2,29,27,2,37,31,6,29,24,5,25.3478004,93.0175712
ASSAM,Total,Dima Hasao,Tempo/Autorickshaw/Taxi,2924,2104,820,0,0,0,336,217,119,1956,1399,557,364,279,85,116,92,24,24,22,2,33,22,11,16,14,2,79,59,20,25.3478004,93.0175712
ASSAM,Total,Dima Hasao,Bus,1172,993,179,0,0,0,48,40,8,242,187,55,199,167,32,161,146,15,129,109,20,160,140,20,213,188,25,20,16,4,25.3478004,93.0175712
ASSAM,Total,Dima Hasao,Train,622,516,106,0,0,0,36,25,11,52,40,12,45,37,8,66,62,4,62,50,12,106,80,26,219,195,24,36,27,9,25.3478004,93.0175712
ASSAM,Total,Dima Hasao,Water transport,6,5,1,0,0,0,2,2,0,0,0,0,3,3,0,0,0,0,0,0,0,1,0,1,0,0,0,0,0,0,25.3478004,93.0175712
ASSAM,Total,Dima Hasao,Any other,293,251,42,0,0,0,41,30,11,67,56,11,37,33,4,35,30,5,14,13,1,8,8,0,17,16,1,74,65,9,25.3478004,93.0175712
ASSAM,Total,Dima Hasao,No travel,12888,9714,3174,12888,9714,3174,0,0,0,0,0,0,0,0,0,0,0,0,0,0,0,0,0,0,0,0,0,0,0,0,25.3478004,93.0175712
ASSAM,Rural,Dima Hasao,All Modes,13884,10214,3670,6011,4296,1715,3173,2277,896,2515,1878,637,1241,922,319,291,262,29,169,145,24,173,145,28,206,193,13,105,96,9,25.3478004,93.0175712
ASSAM,Rural,Dima Hasao,On foot,5781,4122,1659,0,0,0,2980,2125,855,1925,1388,537,876,609,267,0,0,0,0,0,0,0,0,0,0,0,0,0,0,0,25.3478004,93.0175712
ASSAM,Rural,Dima Hasao,Bicycle,209,185,24,0,0,0,35,32,3,105,90,15,35,32,3,10,9,1,24,22,2,0,0,0,0,0,0,0,0,0,25.3478004,93.0175712
ASSAM,Rural,Dima Hasao,Moped/Scooter/Motor Cycle,341,313,28,0,0,0,53,42,11,131,122,9,90,87,3,40,37,3,15,15,0,3,2,1,4,4,0,5,4,1,25.3478004,93.0175712
ASSAM,Rural,Dima Hasao,Car/Jeep/Van,116,102,14,0,0,0,12,10,2,39,30,9,12,12,0,17,17,0,6,4,2,9,9,0,15,15,0,6,5,1,25.3478004,93.0175712
ASSAM,Rural,Dima Hasao,Tempo/Autorickshaw/Taxi,429,331,98,0,0,0,39,25,14,195,145,50,109,86,23,60,51,9,8,7,1,6,5,1,7,7,0,5,5,0,25.3478004,93.0175712
ASSAM,Rural,Dima Hasao,Bus,510,447,63,0,0,0,20,17,3,67,57,10,69,56,13,79,71,8,65,54,11,91,80,11,108,101,7,11,11,0,25.3478004,93.0175712
ASSAM,Rural,Dima Hasao,Train,307,263,44,0,0,0,15,11,4,28,24,4,28,21,7,54,51,3,44,37,7,61,47,14,67,62,5,10,10,0,25.3478004,93.0175712
ASSAM,Rural,Dima Hasao,Water transport,5,4,1,0,0,0,1,1,0,0,0,0,3,3,0,0,0,0,0,0,0,1,0,1,0,0,0,0,0,0,25.3478004,93.0175712
ASSAM,Rural,Dima Hasao,Any other,175,151,24,0,0,0,18,14,4,25,22,3,19,16,3,31,26,5,7,6,1,2,2,0,5,4,1,68,61,7,25.3478004,93.0175712
ASSAM,Rural,Dima Hasao,No travel,6011,4296,1715,6011,4296,1715,0,0,0,0,0,0,0,0,0,0,0,0,0,0,0,0,0,0,0,0,0,0,0,0,25.3478004,93.0175712
ASSAM,Urban,Dima Hasao,All Modes,20354,15964,4390,6877,5418,1459,6517,5151,1366,4356,3261,1095,1629,1328,301,187,161,26,142,121,21,174,140,34,313,267,46,159,117,42,25.3478004,93.0175712
ASSAM,Urban,Dima Hasao,On foot,8378,6666,1712,0,0,0,5770,4596,1174,1529,1193,336,1079,877,202,0,0,0,0,0,0,0,0,0,0,0,0,0,0,0,25.3478004,93.0175712
ASSAM,Urban,Dima Hasao,Bicycle,140,112,28,0,0,0,35,29,6,65,51,14,16,14,2,3,3,0,21,15,6,0,0,0,0,0,0,0,0,0,25.3478004,93.0175712
ASSAM,Urban,Dima Hasao,Moped/Scooter/Motor Cycle,763,666,97,0,0,0,180,161,19,451,383,68,66,61,5,19,19,0,6,6,0,7,6,1,13,12,1,21,18,3,25.3478004,93.0175712
ASSAM,Urban,Dima Hasao,Car/Jeep/Van,605,429,176,0,0,0,162,119,43,309,200,109,48,39,9,11,8,3,10,10,0,20,18,2,22,16,6,23,19,4,25.3478004,93.0175712
ASSAM,Urban,Dima Hasao,Tempo/Autorickshaw/Taxi,2495,1773,722,0,0,0,297,192,105,1761,1254,507,255,193,62,56,41,15,16,15,1,27,17,10,9,7,2,74,54,20,25.3478004,93.0175712
ASSAM,Urban,Dima Hasao,Bus,662,546,116,0,0,0,28,23,5,175,130,45,130,111,19,82,75,7,64,55,9,69,60,9,105,87,18,9,5,4,25.3478004,93.0175712
ASSAM,Urban,Dima Hasao,Train,315,253,62,0,0,0,21,14,7,24,16,8,17,16,1,12,11,1,18,13,5,45,33,12,152,133,19,26,17,9,25.3478004,93.0175712
ASSAM,Urban,Dima Hasao,Water transport,1,1,0,0,0,0,1,1,0,0,0,0,0,0,0,0,0,0,0,0,0,0,0,0,0,0,0,0,0,0,25.3478004,93.0175712
ASSAM,Urban,Dima Hasao,Any other,118,100,18,0,0,0,23,16,7,42,34,8,18,17,1,4,4,0,7,7,0,6,6,0,12,12,0,6,4,2,25.3478004,93.0175712
ASSAM,Urban,Dima Hasao,No travel,6877,5418,1459,6877,5418,1459,0,0,0,0,0,0,0,0,0,0,0,0,0,0,0,0,0,0,0,0,0,0,0,0,25.3478004,93.0175712
ARUNACHAL PRADESH,Total,East Kameng,All Modes,8539,5988,2551,2630,1661,969,2838,2002,836,1181,875,306,1172,841,331,140,124,16,122,104,18,120,96,24,203,183,20,133,102,31,27.4231261,93.0175712
ARUNACHAL PRADESH,Total,East Kameng,On foot,4366,3046,1320,0,0,0,2503,1737,766,857,611,246,1006,698,308,0,0,0,0,0,0,0,0,0,0,0,0,0,0,0,27.4231261,93.0175712
ARUNACHAL PRADESH,Total,East Kameng,Bicycle,142,127,15,0,0,0,36,33,3,36,33,3,19,16,3,11,11,0,40,34,6,0,0,0,0,0,0,0,0,0,27.4231261,93.0175712
ARUNACHAL PRADESH,Total,East Kameng,Moped/Scooter/Motor Cycle,613,522,91,0,0,0,132,107,25,169,145,24,83,71,12,63,56,7,44,38,6,40,34,6,24,24,0,58,47,11,27.4231261,93.0175712
ARUNACHAL PRADESH,Total,East Kameng,Car/Jeep/Van,466,370,96,0,0,0,124,94,30,94,69,25,38,34,4,30,23,7,11,11,0,44,34,10,86,75,11,39,30,9,27.4231261,93.0175712
ARUNACHAL PRADESH,Total,East Kameng,Tempo/Autorickshaw/Taxi,97,75,22,0,0,0,8,7,1,9,6,3,8,6,2,10,9,1,20,14,6,16,14,2,14,11,3,12,8,4,27.4231261,93.0175712
ARUNACHAL PRADESH,Total,East Kameng,Bus,96,78,18,0,0,0,9,6,3,5,3,2,2,2,0,12,11,1,2,2,0,11,7,4,46,42,4,9,5,4,27.4231261,93.0175712
ARUNACHAL PRADESH,Total,East Kameng,Train,58,43,15,0,0,0,14,8,6,5,3,2,4,2,2,1,1,0,1,1,0,4,2,2,21,20,1,8,6,2,27.4231261,93.0175712
ARUNACHAL PRADESH,Total,East Kameng,Water transport,4,4,0,0,0,0,2,2,0,0,0,0,0,0,0,0,0,0,1,1,0,0,0,0,0,0,0,1,1,0,27.4231261,93.0175712
ARUNACHAL PRADESH,Total,East Kameng,Any other,67,62,5,0,0,0,10,8,2,6,5,1,12,12,0,13,13,0,3,3,0,5,5,0,12,11,1,6,5,1,27.4231261,93.0175712
ARUNACHAL PRADESH,Total,East Kameng,No travel,2630,1661,969,2630,1661,969,0,0,0,0,0,0,0,0,0,0,0,0,0,0,0,0,0,0,0,0,0,0,0,0,27.4231261,93.0175712
ARUNACHAL PRADESH,Rural,East Kameng,All Modes,3820,2730,1090,1567,1054,513,862,609,253,412,313,99,601,438,163,101,88,13,69,59,10,53,38,15,105,93,12,50,38,12,27.4231261,93.0175712
ARUNACHAL PRADESH,Rural,East Kameng,On foot,1583,1127,456,0,0,0,784,545,239,287,218,69,512,364,148,0,0,0,0,0,0,0,0,0,0,0,0,0,0,0,27.4231261,93.0175712
ARUNACHAL PRADESH,Rural,East Kameng,Bicycle,85,78,7,0,0,0,15,13,2,27,25,2,12,11,1,10,10,0,21,19,2,0,0,0,0,0,0,0,0,0,27.4231261,93.0175712
ARUNACHAL PRADESH,Rural,East Kameng,Moped/Scooter/Motor Cycle,246,203,43,0,0,0,23,19,4,65,48,17,46,37,9,44,39,5,25,21,4,20,17,3,7,7,0,16,15,1,27.4231261,93.0175712
ARUNACHAL PRADESH,Rural,East Kameng,Car/Jeep/Van,174,130,44,0,0,0,21,17,4,22,13,9,20,16,4,18,12,6,1,1,0,22,13,9,53,45,8,17,13,4,27.4231261,93.0175712
ARUNACHAL PRADESH,Rural,East Kameng,Tempo/Autorickshaw/Taxi,47,39,8,0,0,0,1,1,0,4,3,1,4,4,0,8,7,1,17,13,4,5,5,0,3,3,0,5,3,2,27.4231261,93.0175712
ARUNACHAL PRADESH,Rural,East Kameng,Bus,56,43,13,0,0,0,4,3,1,2,1,1,1,1,0,9,8,1,1,1,0,5,2,3,29,25,4,5,2,3,27.4231261,93.0175712
ARUNACHAL PRADESH,Rural,East Kameng,Train,23,20,3,0,0,0,6,5,1,2,2,0,2,1,1,1,1,0,1,1,0,0,0,0,7,7,0,4,3,1,27.4231261,93.0175712
ARUNACHAL PRADESH,Rural,East Kameng,Water transport,2,2,0,0,0,0,1,1,0,0,0,0,0,0,0,0,0,0,1,1,0,0,0,0,0,0,0,0,0,0,27.4231261,93.0175712
ARUNACHAL PRADESH,Rural,East Kameng,Any other,37,34,3,0,0,0,7,5,2,3,3,0,4,4,0,11,11,0,2,2,0,1,1,0,6,6,0,3,2,1,27.4231261,93.0175712
ARUNACHAL PRADESH,Rural,East Kameng,No travel,1567,1054,513,1567,1054,513,0,0,0,0,0,0,0,0,0,0,0,0,0,0,0,0,0,0,0,0,0,0,0,0,27.4231261,93.0175712
ARUNACHAL PRADESH,Urban,East Kameng,All Modes,4719,3258,1461,1063,607,456,1976,1393,583,769,562,207,571,403,168,39,36,3,53,45,8,67,58,9,98,90,8,83,64,19,27.4231261,93.0175712
ARUNACHAL PRADESH,Urban,East Kameng,On foot,2783,1919,864,0,0,0,1719,1192,527,570,393,177,494,334,160,0,0,0,0,0,0,0,0,0,0,0,0,0,0,0,27.4231261,93.0175712
ARUNACHAL PRADESH,Urban,East Kameng,Bicycle,57,49,8,0,0,0,21,20,1,9,8,1,7,5,2,1,1,0,19,15,4,0,0,0,0,0,0,0,0,0,27.4231261,93.0175712
ARUNACHAL PRADESH,Urban,East Kameng,Moped/Scooter/Motor Cycle,367,319,48,0,0,0,109,88,21,104,97,7,37,34,3,19,17,2,19,17,2,20,17,3,17,17,0,42,32,10,27.4231261,93.0175712
ARUNACHAL PRADESH,Urban,East Kameng,Car/Jeep/Van,292,240,52,0,0,0,103,77,26,72,56,16,18,18,0,12,11,1,10,10,0,22,21,1,33,30,3,22,17,5,27.4231261,93.0175712
ARUNACHAL PRADESH,Urban,East Kameng,Tempo/Autorickshaw/Taxi,50,36,14,0,0,0,7,6,1,5,3,2,4,2,2,2,2,0,3,1,2,11,9,2,11,8,3,7,5,2,27.4231261,93.0175712
ARUNACHAL PRADESH,Urban,East Kameng,Bus,40,35,5,0,0,0,5,3,2,3,2,1,1,1,0,3,3,0,1,1,0,6,5,1,17,17,0,4,3,1,27.4231261,93.0175712
ARUNACHAL PRADESH,Urban,East Kameng,Train,35,23,12,0,0,0,8,3,5,3,1,2,2,1,1,0,0,0,0,0,0,4,2,2,14,13,1,4,3,1,27.4231261,93.0175712
ARUNACHAL PRADESH,Urban,East Kameng,Water transport,2,2,0,0,0,0,1,1,0,0,0,0,0,0,0,0,0,0,0,0,0,0,0,0,0,0,0,1,1,0,27.4231261,93.0175712
ARUNACHAL PRADESH,Urban,East Kameng,Any other,30,28,2,0,0,0,3,3,0,3,2,1,8,8,0,2,2,0,1,1,0,4,4,0,6,5,1,3,3,0,27.4231261,93.0175712
ARUNACHAL PRADESH,Urban,East Kameng,No travel,1063,607,456,1063,607,456,0,0,0,0,0,0,0,0,0,0,0,0,0,0,0,0,0,0,0,0,0,0,0,0,27.4231261,93.0175712
MIZORAM,Total,Champhai,All Modes,15203,9689,5514,6246,3720,2526,5835,3684,2151,1535,1095,440,1068,759,309,106,88,18,48,40,8,77,66,11,207,173,34,81,64,17,23.4565708,93.3281929
MIZORAM,Total,Champhai,On foot,6848,4290,2558,0,0,0,5239,3204,2035,864,584,280,745,502,243,0,0,0,0,0,0,0,0,0,0,0,0,0,0,0,23.4565708,93.3281929
MIZORAM,Total,Champhai,Bicycle,215,185,30,0,0,0,86,77,9,81,68,13,28,23,5,7,7,0,13,10,3,0,0,0,0,0,0,0,0,0,23.4565708,93.3281929
MIZORAM,Total,Champhai,Moped/Scooter/Motor Cycle,705,607,98,0,0,0,269,234,35,270,223,47,91,81,10,25,22,3,13,13,0,15,14,1,7,7,0,15,13,2,23.4565708,93.3281929
MIZORAM,Total,Champhai,Car/Jeep/Van,386,306,80,0,0,0,114,87,27,115,87,28,48,37,11,17,15,2,8,7,1,16,15,1,39,35,4,29,23,6,23.4565708,93.3281929
MIZORAM,Total,Champhai,Tempo/Autorickshaw/Taxi,217,144,73,0,0,0,52,28,24,76,44,32,44,31,13,21,18,3,2,2,0,9,9,0,5,5,0,8,7,1,23.4565708,93.3281929
MIZORAM,Total,Champhai,Bus,398,275,123,0,0,0,29,16,13,107,71,36,99,72,27,14,9,5,11,7,4,30,21,9,101,75,26,7,4,3,23.4565708,93.3281929
MIZORAM,Total,Champhai,Train,40,32,8,0,0,0,10,7,3,2,2,0,2,2,0,1,0,1,0,0,0,1,1,0,14,12,2,10,8,2,23.4565708,93.3281929
MIZORAM,Total,Champhai,Water transport,11,7,4,0,0,0,8,4,4,1,1,0,0,0,0,1,1,0,0,0,0,0,0,0,1,1,0,0,0,0,23.4565708,93.3281929
MIZORAM,Total,Champhai,Any other,137,123,14,0,0,0,28,27,1,19,15,4,11,11,0,20,16,4,1,1,0,6,6,0,40,38,2,12,9,3,23.4565708,93.3281929
MIZORAM,Total,Champhai,No travel,6246,3720,2526,6246,3720,2526,0,0,0,0,0,0,0,0,0,0,0,0,0,0,0,0,0,0,0,0,0,0,0,0,23.4565708,93.3281929
MIZORAM,Rural,Champhai,All Modes,5459,3530,1929,2331,1429,902,2139,1361,778,376,262,114,373,260,113,40,36,4,23,20,3,39,36,3,108,99,9,30,27,3,23.4565708,93.3281929
MIZORAM,Rural,Champhai,On foot,2583,1626,957,0,0,0,1967,1217,750,290,192,98,326,217,109,0,0,0,0,0,0,0,0,0,0,0,0,0,0,0,23.4565708,93.3281929
MIZORAM,Rural,Champhai,Bicycle,62,55,7,0,0,0,31,28,3,13,11,2,10,9,1,2,2,0,6,5,1,0,0,0,0,0,0,0,0,0,23.4565708,93.3281929
MIZORAM,Rural,Champhai,Moped/Scooter/Motor Cycle,173,154,19,0,0,0,84,73,11,30,27,3,20,18,2,12,10,2,7,7,0,11,10,1,3,3,0,6,6,0,23.4565708,93.3281929
MIZORAM,Rural,Champhai,Car/Jeep/Van,74,67,7,0,0,0,14,12,2,11,9,2,7,7,0,7,6,1,6,5,1,4,4,0,19,18,1,6,6,0,23.4565708,93.3281929
MIZORAM,Rural,Champhai,Tempo/Autorickshaw/Taxi,44,39,5,0,0,0,14,11,3,6,5,1,3,2,1,9,9,0,0,0,0,7,7,0,4,4,0,1,1,0,23.4565708,93.3281929
MIZORAM,Rural,Champhai,Bus,106,82,24,0,0,0,8,5,3,22,14,8,2,2,0,4,3,1,3,2,1,14,12,2,50,43,7,3,1,2,23.4565708,93.3281929
MIZORAM,Rural,Champhai,Train,20,17,3,0,0,0,5,3,2,0,0,0,0,0,0,0,0,0,0,0,0,1,1,0,8,7,1,6,6,0,23.4565708,93.3281929
MIZORAM,Rural,Champhai,Water transport,7,3,4,0,0,0,7,3,4,0,0,0,0,0,0,0,0,0,0,0,0,0,0,0,0,0,0,0,0,0,23.4565708,93.3281929
MIZORAM,Rural,Champhai,Any other,59,58,1,0,0,0,9,9,0,4,4,0,5,5,0,6,6,0,1,1,0,2,2,0,24,24,0,8,7,1,23.4565708,93.3281929
MIZORAM,Rural,Champhai,No travel,2331,1429,902,2331,1429,902,0,0,0,0,0,0,0,0,0,0,0,0,0,0,0,0,0,0,0,0,0,0,0,0,23.4565708,93.3281929
MIZORAM,Urban,Champhai,All Modes,9744,6159,3585,3915,2291,1624,3696,2323,1373,1159,833,326,695,499,196,66,52,14,25,20,5,38,30,8,99,74,25,51,37,14,23.4565708,93.3281929
MIZORAM,Urban,Champhai,On foot,4265,2664,1601,0,0,0,3272,1987,1285,574,392,182,419,285,134,0,0,0,0,0,0,0,0,0,0,0,0,0,0,0,23.4565708,93.3281929
MIZORAM,Urban,Champhai,Bicycle,153,130,23,0,0,0,55,49,6,68,57,11,18,14,4,5,5,0,7,5,2,0,0,0,0,0,0,0,0,0,23.4565708,93.3281929
MIZORAM,Urban,Champhai,Moped/Scooter/Motor Cycle,532,453,79,0,0,0,185,161,24,240,196,44,71,63,8,13,12,1,6,6,0,4,4,0,4,4,0,9,7,2,23.4565708,93.3281929
MIZORAM,Urban,Champhai,Car/Jeep/Van,312,239,73,0,0,0,100,75,25,104,78,26,41,30,11,10,9,1,2,2,0,12,11,1,20,17,3,23,17,6,23.4565708,93.3281929
MIZORAM,Urban,Champhai,Tempo/Autorickshaw/Taxi,173,105,68,0,0,0,38,17,21,70,39,31,41,29,12,12,9,3,2,2,0,2,2,0,1,1,0,7,6,1,23.4565708,93.3281929
MIZORAM,Urban,Champhai,Bus,292,193,99,0,0,0,21,11,10,85,57,28,97,70,27,10,6,4,8,5,3,16,9,7,51,32,19,4,3,1,23.4565708,93.3281929
MIZORAM,Urban,Champhai,Train,20,15,5,0,0,0,5,4,1,2,2,0,2,2,0,1,0,1,0,0,0,0,0,0,6,5,1,4,2,2,23.4565708,93.3281929
MIZORAM,Urban,Champhai,Water transport,4,4,0,0,0,0,1,1,0,1,1,0,0,0,0,1,1,0,0,0,0,0,0,0,1,1,0,0,0,0,23.4565708,93.3281929
MIZORAM,Urban,Champhai,Any other,78,65,13,0,0,0,19,18,1,15,11,4,6,6,0,14,10,4,0,0,0,4,4,0,16,14,2,4,2,2,23.4565708,93.3281929
MIZORAM,Urban,Champhai,No travel,3915,2291,1624,3915,2291,1624,0,0,0,0,0,0,0,0,0,0,0,0,0,0,0,0,0,0,0,0,0,0,0,0,23.4565708,93.3281929
ASSAM,Total,Karbi Anglong,All Modes,89608,67168,22440,31566,21228,10338,22317,17027,5290,19932,15707,4225,7158,5619,1539,2610,2277,333,1508,1317,191,981,838,143,2914,2613,301,622,542,80,25.8456764,93.4377584
ASSAM,Total,Karbi Anglong,On foot,27355,19527,7828,0,0,0,16883,12281,4602,7534,5277,2257,2938,1969,969,0,0,0,0,0,0,0,0,0,0,0,0,0,0,0,25.8456764,93.4377584
ASSAM,Total,Karbi Anglong,Bicycle,12157,10891,1266,0,0,0,3102,2832,270,6328,5595,733,1599,1448,151,482,443,39,646,573,73,0,0,0,0,0,0,0,0,0,25.8456764,93.4377584
ASSAM,Total,Karbi Anglong,Moped/Scooter/Motor Cycle,6744,6072,672,0,0,0,1171,1060,111,3111,2751,360,1123,1018,105,657,613,44,222,207,15,192,181,11,95,86,9,173,156,17,25.8456764,93.4377584
ASSAM,Total,Karbi Anglong,Car/Jeep/Van,1408,1101,307,0,0,0,257,190,67,585,431,154,148,124,24,113,95,18,52,44,8,53,46,7,164,139,25,36,32,4,25.8456764,93.4377584
ASSAM,Total,Karbi Anglong,Tempo/Autorickshaw/Taxi,3180,2298,882,0,0,0,428,284,144,1668,1120,548,655,538,117,241,207,34,47,39,8,52,38,14,42,39,3,47,33,14,25.8456764,93.4377584
ASSAM,Total,Karbi Anglong,Bus,5358,4452,906,0,0,0,178,131,47,427,309,118,592,436,156,951,771,180,436,360,76,544,456,88,2051,1838,213,179,151,28,25.8456764,93.4377584
ASSAM,Total,Karbi Anglong,Train,1231,1071,160,0,0,0,104,88,16,147,114,33,55,44,11,115,103,12,79,68,11,102,83,19,496,450,46,133,121,12,25.8456764,93.4377584
ASSAM,Total,Karbi Anglong,Water transport,20,17,3,0,0,0,5,3,2,3,3,0,0,0,0,1,1,0,2,2,0,1,0,1,4,4,0,4,4,0,25.8456764,93.4377584
ASSAM,Total,Karbi Anglong,Any other,589,511,78,0,0,0,189,158,31,129,107,22,48,42,6,50,44,6,24,24,0,37,34,3,62,57,5,50,45,5,25.8456764,93.4377584
ASSAM,Total,Karbi Anglong,No travel,31566,21228,10338,31566,21228,10338,0,0,0,0,0,0,0,0,0,0,0,0,0,0,0,0,0,0,0,0,0,0,0,0,25.8456764,93.4377584
ASSAM,Rural,Karbi Anglong,All Modes,59631,43014,16617,23384,15244,8140,12698,9015,3683,12226,9285,2941,5162,3936,1226,1809,1596,213,1151,1023,128,633,553,80,2187,2030,157,381,332,49,25.8456764,93.4377584
ASSAM,Rural,Karbi Anglong,On foot,16146,10284,5862,0,0,0,9504,6239,3265,4685,2886,1799,1957,1159,798,0,0,0,0,0,0,0,0,0,0,0,0,0,0,0,25.8456764,93.4377584
ASSAM,Rural,Karbi Anglong,Bicycle,9311,8191,1120,0,0,0,2099,1869,230,4921,4268,653,1361,1218,143,402,366,36,528,470,58,0,0,0,0,0,0,0,0,0,25.8456764,93.4377584
ASSAM,Rural,Karbi Anglong,Moped/Scooter/Motor Cycle,3689,3332,357,0,0,0,549,492,57,1408,1238,170,798,733,65,492,458,34,166,157,9,117,112,5,67,60,7,92,82,10,25.8456764,93.4377584
ASSAM,Rural,Karbi Anglong,Car/Jeep/Van,552,456,96,0,0,0,68,50,18,166,133,33,83,70,13,63,55,8,33,27,6,30,27,3,93,81,12,16,13,3,25.8456764,93.4377584
ASSAM,Rural,Karbi Anglong,Tempo/Autorickshaw/Taxi,1363,1054,309,0,0,0,129,89,40,555,396,159,444,370,74,131,113,18,31,27,4,20,17,3,29,28,1,24,14,10,25.8456764,93.4377584
ASSAM,Rural,Karbi Anglong,Bus,3952,3377,575,0,0,0,130,94,36,306,219,87,435,318,117,611,504,107,302,260,42,386,331,55,1656,1542,114,126,109,17,25.8456764,93.4377584
ASSAM,Rural,Karbi Anglong,Train,785,684,101,0,0,0,66,53,13,101,75,26,44,34,10,70,64,6,67,58,9,49,39,10,293,273,20,95,88,7,25.8456764,93.4377584
ASSAM,Rural,Karbi Anglong,Water transport,17,14,3,0,0,0,3,1,2,3,3,0,0,0,0,1,1,0,1,1,0,1,0,1,4,4,0,4,4,0,25.8456764,93.4377584
ASSAM,Rural,Karbi Anglong,Any other,432,378,54,0,0,0,150,128,22,81,67,14,40,34,6,39,35,4,23,23,0,30,27,3,45,42,3,24,22,2,25.8456764,93.4377584
ASSAM,Rural,Karbi Anglong,No travel,23384,15244,8140,23384,15244,8140,0,0,0,0,0,0,0,0,0,0,0,0,0,0,0,0,0,0,0,0,0,0,0,0,25.8456764,93.4377584
ASSAM,Urban,Karbi Anglong,All Modes,29977,24154,5823,8182,5984,2198,9619,8012,1607,7706,6422,1284,1996,1683,313,801,681,120,357,294,63,348,285,63,727,583,144,241,210,31,25.8456764,93.4377584
ASSAM,Urban,Karbi Anglong,On foot,11209,9243,1966,0,0,0,7379,6042,1337,2849,2391,458,981,810,171,0,0,0,0,0,0,0,0,0,0,0,0,0,0,0,25.8456764,93.4377584
ASSAM,Urban,Karbi Anglong,Bicycle,2846,2700,146,0,0,0,1003,963,40,1407,1327,80,238,230,8,80,77,3,118,103,15,0,0,0,0,0,0,0,0,0,25.8456764,93.4377584
ASSAM,Urban,Karbi Anglong,Moped/Scooter/Motor Cycle,3055,2740,315,0,0,0,622,568,54,1703,1513,190,325,285,40,165,155,10,56,50,6,75,69,6,28,26,2,81,74,7,25.8456764,93.4377584
ASSAM,Urban,Karbi Anglong,Car/Jeep/Van,856,645,211,0,0,0,189,140,49,419,298,121,65,54,11,50,40,10,19,17,2,23,19,4,71,58,13,20,19,1,25.8456764,93.4377584
ASSAM,Urban,Karbi Anglong,Tempo/Autorickshaw/Taxi,1817,1244,573,0,0,0,299,195,104,1113,724,389,211,168,43,110,94,16,16,12,4,32,21,11,13,11,2,23,19,4,25.8456764,93.4377584
ASSAM,Urban,Karbi Anglong,Bus,1406,1075,331,0,0,0,48,37,11,121,90,31,157,118,39,340,267,73,134,100,34,158,125,33,395,296,99,53,42,11,25.8456764,93.4377584
ASSAM,Urban,Karbi Anglong,Train,446,387,59,0,0,0,38,35,3,46,39,7,11,10,1,45,39,6,12,10,2,53,44,9,203,177,26,38,33,5,25.8456764,93.4377584
ASSAM,Urban,Karbi Anglong,Water transport,3,3,0,0,0,0,2,2,0,0,0,0,0,0,0,0,0,0,1,1,0,0,0,0,0,0,0,0,0,0,25.8456764,93.4377584
ASSAM,Urban,Karbi Anglong,Any other,157,133,24,0,0,0,39,30,9,48,40,8,8,8,0,11,9,2,1,1,0,7,7,0,17,15,2,26,23,3,25.8456764,93.4377584
ASSAM,Urban,Karbi Anglong,No travel,8182,5984,2198,8182,5984,2198,0,0,0,0,0,0,0,0,0,0,0,0,0,0,0,0,0,0,0,0,0,0,0,0,25.8456764,93.4377584
MANIPUR,Total,Tamenglong,All Modes,18192,11545,6647,10512,6831,3681,3361,1951,1410,2518,1544,974,1301,825,476,67,55,12,71,60,11,66,57,9,170,140,30,126,82,44,24.9879342,93.495292
MANIPUR,Total,Tamenglong,On foot,6351,3720,2631,0,0,0,3123,1785,1338,2069,1226,843,1159,709,450,0,0,0,0,0,0,0,0,0,0,0,0,0,0,0,24.9879342,93.495292
MANIPUR,Total,Tamenglong,Bicycle,241,188,53,0,0,0,50,32,18,138,115,23,20,14,6,8,7,1,25,20,5,0,0,0,0,0,0,0,0,0,24.9879342,93.495292
MANIPUR,Total,Tamenglong,Moped/Scooter/Motor Cycle,209,160,49,0,0,0,52,38,14,91,68,23,32,29,3,7,5,2,0,0,0,6,5,1,5,1,4,16,14,2,24.9879342,93.495292
MANIPUR,Total,Tamenglong,Car/Jeep/Van,286,220,66,0,0,0,46,36,10,57,43,14,23,17,6,19,16,3,12,11,1,28,22,6,75,60,15,26,15,11,24.9879342,93.495292
MANIPUR,Total,Tamenglong,Tempo/Autorickshaw/Taxi,90,57,33,0,0,0,18,12,6,35,26,9,6,4,2,6,4,2,3,2,1,0,0,0,1,1,0,21,8,13,24.9879342,93.495292
MANIPUR,Total,Tamenglong,Bus,310,211,99,0,0,0,43,26,17,98,45,53,31,26,5,14,11,3,18,17,1,16,15,1,71,60,11,19,11,8,24.9879342,93.495292
MANIPUR,Total,Tamenglong,Train,57,43,14,0,0,0,10,8,2,13,10,3,4,3,1,3,3,0,1,0,1,1,1,0,8,8,0,17,10,7,24.9879342,93.495292
MANIPUR,Total,Tamenglong,Water transport,3,1,2,0,0,0,2,1,1,0,0,0,0,0,0,0,0,0,0,0,0,1,0,1,0,0,0,0,0,0,24.9879342,93.495292
MANIPUR,Total,Tamenglong,Any other,133,114,19,0,0,0,17,13,4,17,11,6,26,23,3,10,9,1,12,10,2,14,14,0,10,10,0,27,24,3,24.9879342,93.495292
MANIPUR,Total,Tamenglong,No travel,10512,6831,3681,10512,6831,3681,0,0,0,0,0,0,0,0,0,0,0,0,0,0,0,0,0,0,0,0,0,0,0,0,24.9879342,93.495292
MANIPUR,Rural,Tamenglong,All Modes,13462,8581,4881,7941,5210,2731,2433,1370,1063,1775,1086,689,875,565,310,59,50,9,58,48,10,65,57,8,168,139,29,88,56,32,24.9879342,93.495292
MANIPUR,Rural,Tamenglong,On foot,4481,2589,1892,0,0,0,2268,1256,1012,1459,867,592,754,466,288,0,0,0,0,0,0,0,0,0,0,0,0,0,0,0,24.9879342,93.495292
MANIPUR,Rural,Tamenglong,Bicycle,182,143,39,0,0,0,41,26,15,95,81,14,19,14,5,7,7,0,20,15,5,0,0,0,0,0,0,0,0,0,24.9879342,93.495292
MANIPUR,Rural,Tamenglong,Moped/Scooter/Motor Cycle,107,79,28,0,0,0,15,9,6,50,36,14,22,20,2,7,5,2,0,0,0,5,5,0,5,1,4,3,3,0,24.9879342,93.495292
MANIPUR,Rural,Tamenglong,Car/Jeep/Van,233,176,57,0,0,0,33,24,9,33,24,9,20,14,6,18,15,3,10,9,1,28,22,6,74,59,15,17,9,8,24.9879342,93.495292
MANIPUR,Rural,Tamenglong,Tempo/Autorickshaw/Taxi,70,47,23,0,0,0,16,12,4,27,21,6,4,2,2,5,3,2,3,2,1,0,0,0,1,1,0,14,6,8,24.9879342,93.495292
MANIPUR,Rural,Tamenglong,Bus,273,188,85,0,0,0,37,25,12,86,37,49,27,23,4,9,8,1,12,12,0,16,15,1,70,60,10,16,8,8,24.9879342,93.495292
MANIPUR,Rural,Tamenglong,Train,44,35,9,0,0,0,6,5,1,11,9,2,3,3,0,3,3,0,1,0,1,1,1,0,8,8,0,11,6,5,24.9879342,93.495292
MANIPUR,Rural,Tamenglong,Water transport,2,1,1,0,0,0,1,1,0,0,0,0,0,0,0,0,0,0,0,0,0,1,0,1,0,0,0,0,0,0,24.9879342,93.495292
MANIPUR,Rural,Tamenglong,Any other,129,113,16,0,0,0,16,12,4,14,11,3,26,23,3,10,9,1,12,10,2,14,14,0,10,10,0,27,24,3,24.9879342,93.495292
MANIPUR,Rural,Tamenglong,No travel,7941,5210,2731,7941,5210,2731,0,0,0,0,0,0,0,0,0,0,0,0,0,0,0,0,0,0,0,0,0,0,0,0,24.9879342,93.495292
MANIPUR,Urban,Tamenglong,All Modes,4730,2964,1766,2571,1621,950,928,581,347,743,458,285,426,260,166,8,5,3,13,12,1,1,0,1,2,1,1,38,26,12,24.9879342,93.495292
MANIPUR,Urban,Tamenglong,On foot,1870,1131,739,0,0,0,855,529,326,610,359,251,405,243,162,0,0,0,0,0,0,0,0,0,0,0,0,0,0,0,24.9879342,93.495292
MANIPUR,Urban,Tamenglong,Bicycle,59,45,14,0,0,0,9,6,3,43,34,9,1,0,1,1,0,1,5,5,0,0,0,0,0,0,0,0,0,0,24.9879342,93.495292
MANIPUR,Urban,Tamenglong,Moped/Scooter/Motor Cycle,102,81,21,0,0,0,37,29,8,41,32,9,10,9,1,0,0,0,0,0,0,1,0,1,0,0,0,13,11,2,24.9879342,93.495292
MANIPUR,Urban,Tamenglong,Car/Jeep/Van,53,44,9,0,0,0,13,12,1,24,19,5,3,3,0,1,1,0,2,2,0,0,0,0,1,1,0,9,6,3,24.9879342,93.495292
MANIPUR,Urban,Tamenglong,Tempo/Autorickshaw/Taxi,20,10,10,0,0,0,2,0,2,8,5,3,2,2,0,1,1,0,0,0,0,0,0,0,0,0,0,7,2,5,24.9879342,93.495292
MANIPUR,Urban,Tamenglong,Bus,37,23,14,0,0,0,6,1,5,12,8,4,4,3,1,5,3,2,6,5,1,0,0,0,1,0,1,3,3,0,24.9879342,93.495292
MANIPUR,Urban,Tamenglong,Train,13,8,5,0,0,0,4,3,1,2,1,1,1,0,1,0,0,0,0,0,0,0,0,0,0,0,0,6,4,2,24.9879342,93.495292
MANIPUR,Urban,Tamenglong,Water transport,1,0,1,0,0,0,1,0,1,0,0,0,0,0,0,0,0,0,0,0,0,0,0,0,0,0,0,0,0,0,24.9879342,93.495292
MANIPUR,Urban,Tamenglong,Any other,4,1,3,0,0,0,1,1,0,3,0,3,0,0,0,0,0,0,0,0,0,0,0,0,0,0,0,0,0,0,24.9879342,93.495292
MANIPUR,Urban,Tamenglong,No travel,2571,1621,950,2571,1621,950,0,0,0,0,0,0,0,0,0,0,0,0,0,0,0,0,0,0,0,0,0,0,0,0,24.9879342,93.495292
ARUNACHAL PRADESH,Total,Kurung Kumey,All Modes,6847,4185,2662,2610,1481,1129,1574,990,584,1164,714,450,1122,729,393,106,75,31,41,32,9,44,31,13,109,78,31,77,55,22,27.7995361,93.5538411
ARUNACHAL PRADESH,Total,Kurung Kumey,On foot,3054,1892,1162,0,0,0,1373,850,523,755,452,303,926,590,336,0,0,0,0,0,0,0,0,0,0,0,0,0,0,0,27.7995361,93.5538411
ARUNACHAL PRADESH,Total,Kurung Kumey,Bicycle,142,100,42,0,0,0,14,7,7,90,62,28,15,12,3,6,5,1,17,14,3,0,0,0,0,0,0,0,0,0,27.7995361,93.5538411
ARUNACHAL PRADESH,Total,Kurung Kumey,Moped/Scooter/Motor Cycle,324,246,78,0,0,0,41,28,13,132,92,40,57,52,5,40,29,11,7,7,0,14,12,2,8,8,0,25,18,7,27.7995361,93.5538411
ARUNACHAL PRADESH,Total,Kurung Kumey,Car/Jeep/Van,395,287,108,0,0,0,98,78,20,103,68,35,47,34,13,42,30,12,8,6,2,23,16,7,40,28,12,34,27,7,27.7995361,93.5538411
ARUNACHAL PRADESH,Total,Kurung Kumey,Tempo/Autorickshaw/Taxi,46,25,21,0,0,0,8,4,4,18,7,11,8,5,3,4,3,1,3,2,1,0,0,0,4,3,1,1,1,0,27.7995361,93.5538411
ARUNACHAL PRADESH,Total,Kurung Kumey,Bus,172,91,81,0,0,0,18,10,8,41,20,21,52,28,24,11,7,4,6,3,3,7,3,4,30,18,12,7,2,5,27.7995361,93.5538411
ARUNACHAL PRADESH,Total,Kurung Kumey,Train,20,15,5,0,0,0,2,2,0,6,4,2,0,0,0,1,0,1,0,0,0,0,0,0,6,6,0,5,3,2,27.7995361,93.5538411
ARUNACHAL PRADESH,Total,Kurung Kumey,Water transport,4,2,2,0,0,0,0,0,0,2,1,1,1,0,1,1,1,0,0,0,0,0,0,0,0,0,0,0,0,0,27.7995361,93.5538411
ARUNACHAL PRADESH,Total,Kurung Kumey,Any other,80,46,34,0,0,0,20,11,9,17,8,9,16,8,8,1,0,1,0,0,0,0,0,0,21,15,6,5,4,1,27.7995361,93.5538411
ARUNACHAL PRADESH,Total,Kurung Kumey,No travel,2610,1481,1129,2610,1481,1129,0,0,0,0,0,0,0,0,0,0,0,0,0,0,0,0,0,0,0,0,0,0,0,0,27.7995361,93.5538411
ARUNACHAL PRADESH,Rural,Kurung Kumey,All Modes,6304,3766,2538,2372,1292,1080,1350,821,529,1118,683,435,1092,702,390,106,75,31,40,31,9,44,31,13,107,77,30,75,54,21,27.7995361,93.5538411
ARUNACHAL PRADESH,Rural,Kurung Kumey,On foot,2817,1719,1098,0,0,0,1196,723,473,724,432,292,897,564,333,0,0,0,0,0,0,0,0,0,0,0,0,0,0,0,27.7995361,93.5538411
ARUNACHAL PRADESH,Rural,Kurung Kumey,Bicycle,136,94,42,0,0,0,11,4,7,87,59,28,15,12,3,6,5,1,17,14,3,0,0,0,0,0,0,0,0,0,27.7995361,93.5538411
ARUNACHAL PRADESH,Rural,Kurung Kumey,Moped/Scooter/Motor Cycle,316,238,78,0,0,0,37,24,13,129,89,40,57,52,5,40,29,11,6,6,0,14,12,2,8,8,0,25,18,7,27.7995361,93.5538411
ARUNACHAL PRADESH,Rural,Kurung Kumey,Car/Jeep/Van,350,248,102,0,0,0,65,47,18,96,63,33,46,33,13,42,30,12,8,6,2,23,16,7,38,27,11,32,26,6,27.7995361,93.5538411
ARUNACHAL PRADESH,Rural,Kurung Kumey,Tempo/Autorickshaw/Taxi,46,25,21,0,0,0,8,4,4,18,7,11,8,5,3,4,3,1,3,2,1,0,0,0,4,3,1,1,1,0,27.7995361,93.5538411
ARUNACHAL PRADESH,Rural,Kurung Kumey,Bus,172,91,81,0,0,0,18,10,8,41,20,21,52,28,24,11,7,4,6,3,3,7,3,4,30,18,12,7,2,5,27.7995361,93.5538411
ARUNACHAL PRADESH,Rural,Kurung Kumey,Train,20,15,5,0,0,0,2,2,0,6,4,2,0,0,0,1,0,1,0,0,0,0,0,0,6,6,0,5,3,2,27.7995361,93.5538411
ARUNACHAL PRADESH,Rural,Kurung Kumey,Water transport,4,2,2,0,0,0,0,0,0,2,1,1,1,0,1,1,1,0,0,0,0,0,0,0,0,0,0,0,0,0,27.7995361,93.5538411
ARUNACHAL PRADESH,Rural,Kurung Kumey,Any other,71,42,29,0,0,0,13,7,6,15,8,7,16,8,8,1,0,1,0,0,0,0,0,0,21,15,6,5,4,1,27.7995361,93.5538411
ARUNACHAL PRADESH,Rural,Kurung Kumey,No travel,2372,1292,1080,2372,1292,1080,0,0,0,0,0,0,0,0,0,0,0,0,0,0,0,0,0,0,0,0,0,0,0,0,27.7995361,93.5538411
ARUNACHAL PRADESH,Urban,Kurung Kumey,All Modes,543,419,124,238,189,49,224,169,55,46,31,15,30,27,3,0,0,0,1,1,0,0,0,0,2,1,1,2,1,1,27.7995361,93.5538411
ARUNACHAL PRADESH,Urban,Kurung Kumey,On foot,237,173,64,0,0,0,177,127,50,31,20,11,29,26,3,0,0,0,0,0,0,0,0,0,0,0,0,0,0,0,27.7995361,93.5538411
ARUNACHAL PRADESH,Urban,Kurung Kumey,Bicycle,6,6,0,0,0,0,3,3,0,3,3,0,0,0,0,0,0,0,0,0,0,0,0,0,0,0,0,0,0,0,27.7995361,93.5538411
ARUNACHAL PRADESH,Urban,Kurung Kumey,Moped/Scooter/Motor Cycle,8,8,0,0,0,0,4,4,0,3,3,0,0,0,0,0,0,0,1,1,0,0,0,0,0,0,0,0,0,0,27.7995361,93.5538411
ARUNACHAL PRADESH,Urban,Kurung Kumey,Car/Jeep/Van,45,39,6,0,0,0,33,31,2,7,5,2,1,1,0,0,0,0,0,0,0,0,0,0,2,1,1,2,1,1,27.7995361,93.5538411
ARUNACHAL PRADESH,Urban,Kurung Kumey,Tempo/Autorickshaw/Taxi,0,0,0,0,0,0,0,0,0,0,0,0,0,0,0,0,0,0,0,0,0,0,0,0,0,0,0,0,0,0,27.7995361,93.5538411
ARUNACHAL PRADESH,Urban,Kurung Kumey,Bus,0,0,0,0,0,0,0,0,0,0,0,0,0,0,0,0,0,0,0,0,0,0,0,0,0,0,0,0,0,0,27.7995361,93.5538411
ARUNACHAL PRADESH,Urban,Kurung Kumey,Train,0,0,0,0,0,0,0,0,0,0,0,0,0,0,0,0,0,0,0,0,0,0,0,0,0,0,0,0,0,0,27.7995361,93.5538411
ARUNACHAL PRADESH,Urban,Kurung Kumey,Water transport,0,0,0,0,0,0,0,0,0,0,0,0,0,0,0,0,0,0,0,0,0,0,0,0,0,0,0,0,0,0,27.7995361,93.5538411
ARUNACHAL PRADESH,Urban,Kurung Kumey,Any other,9,4,5,0,0,0,7,4,3,2,0,2,0,0,0,0,0,0,0,0,0,0,0,0,0,0,0,0,0,0,27.7995361,93.5538411
ARUNACHAL PRADESH,Urban,Kurung Kumey,No travel,238,189,49,238,189,49,0,0,0,0,0,0,0,0,0,0,0,0,0,0,0,0,0,0,0,0,0,0,0,0,27.7995361,93.5538411
MANIPUR,Total,Churachandpur,All Modes,44472,28397,16075,25384,16146,9238,7354,4556,2798,5115,3313,1802,3647,2180,1467,375,272,103,443,316,127,241,191,50,708,565,143,1205,858,347,24.3427485,93.6978264
MANIPUR,Total,Churachandpur,On foot,11161,6646,4515,0,0,0,6022,3632,2390,2174,1337,837,2965,1677,1288,0,0,0,0,0,0,0,0,0,0,0,0,0,0,0,24.3427485,93.6978264
MANIPUR,Total,Churachandpur,Bicycle,1193,935,258,0,0,0,289,231,58,546,433,113,93,84,9,24,19,5,241,168,73,0,0,0,0,0,0,0,0,0,24.3427485,93.6978264
MANIPUR,Total,Churachandpur,Moped/Scooter/Motor Cycle,1967,1392,575,0,0,0,453,312,141,840,604,236,142,115,27,68,54,14,36,30,6,37,25,12,28,23,5,363,229,134,24.3427485,93.6978264
MANIPUR,Total,Churachandpur,Car/Jeep/Van,966,669,297,0,0,0,150,100,50,325,222,103,97,69,28,54,40,14,35,25,10,26,19,7,85,60,25,194,134,60,24.3427485,93.6978264
MANIPUR,Total,Churachandpur,Tempo/Autorickshaw/Taxi,1167,666,501,0,0,0,170,97,73,637,333,304,134,90,44,32,22,10,16,10,6,25,19,6,33,22,11,120,73,47,24.3427485,93.6978264
MANIPUR,Total,Churachandpur,Bus,1889,1320,569,0,0,0,175,108,67,481,297,184,172,110,62,179,124,55,104,72,32,139,115,24,421,333,88,218,161,57,24.3427485,93.6978264
MANIPUR,Total,Churachandpur,Train,348,305,43,0,0,0,31,20,11,24,19,5,7,7,0,5,4,1,1,1,0,3,3,0,103,96,7,174,155,19,24.3427485,93.6978264
MANIPUR,Total,Churachandpur,Water transport,26,18,8,0,0,0,7,5,2,7,4,3,3,1,2,1,1,0,2,2,0,0,0,0,1,1,0,5,4,1,24.3427485,93.6978264
MANIPUR,Total,Churachandpur,Any other,371,300,71,0,0,0,57,51,6,81,64,17,34,27,7,12,8,4,8,8,0,11,10,1,37,30,7,131,102,29,24.3427485,93.6978264
MANIPUR,Total,Churachandpur,No travel,25384,16146,9238,25384,16146,9238,0,0,0,0,0,0,0,0,0,0,0,0,0,0,0,0,0,0,0,0,0,0,0,0,24.3427485,93.6978264
MANIPUR,Rural,Churachandpur,All Modes,38174,24461,13713,21743,13966,7777,5870,3595,2275,4393,2829,1564,3476,2077,1399,333,244,89,388,275,113,217,169,48,605,492,113,1149,814,335,24.3427485,93.6978264
MANIPUR,Rural,Churachandpur,On foot,9691,5724,3967,0,0,0,4847,2893,1954,1963,1204,759,2881,1627,1254,0,0,0,0,0,0,0,0,0,0,0,0,0,0,0,24.3427485,93.6978264
MANIPUR,Rural,Churachandpur,Bicycle,949,748,201,0,0,0,171,145,26,456,361,95,91,82,9,20,15,5,211,145,66,0,0,0,0,0,0,0,0,0,24.3427485,93.6978264
MANIPUR,Rural,Churachandpur,Moped/Scooter/Motor Cycle,1661,1155,506,0,0,0,343,226,117,670,475,195,127,102,25,66,53,13,34,29,5,35,23,12,28,23,5,358,224,134,24.3427485,93.6978264
MANIPUR,Rural,Churachandpur,Car/Jeep/Van,835,573,262,0,0,0,134,92,42,271,181,90,81,56,25,49,36,13,26,19,7,24,17,7,62,43,19,188,129,59,24.3427485,93.6978264
MANIPUR,Rural,Churachandpur,Tempo/Autorickshaw/Taxi,1007,591,416,0,0,0,149,84,65,554,297,257,105,77,28,27,22,5,14,9,5,25,19,6,21,15,6,112,68,44,24.3427485,93.6978264
MANIPUR,Rural,Churachandpur,Bus,1598,1122,476,0,0,0,140,87,53,378,231,147,151,99,52,154,106,48,92,62,30,121,99,22,364,290,74,198,148,50,24.3427485,93.6978264
MANIPUR,Rural,Churachandpur,Train,331,290,41,0,0,0,29,19,10,23,18,5,7,7,0,5,4,1,1,1,0,3,3,0,101,95,6,162,143,19,24.3427485,93.6978264
MANIPUR,Rural,Churachandpur,Water transport,21,15,6,0,0,0,7,5,2,6,3,3,2,1,1,0,0,0,2,2,0,0,0,0,0,0,0,4,4,0,24.3427485,93.6978264
MANIPUR,Rural,Churachandpur,Any other,338,277,61,0,0,0,50,44,6,72,59,13,31,26,5,12,8,4,8,8,0,9,8,1,29,26,3,127,98,29,24.3427485,93.6978264
MANIPUR,Rural,Churachandpur,No travel,21743,13966,7777,21743,13966,7777,0,0,0,0,0,0,0,0,0,0,0,0,0,0,0,0,0,0,0,0,0,0,0,0,24.3427485,93.6978264
MANIPUR,Urban,Churachandpur,All Modes,6298,3936,2362,3641,2180,1461,1484,961,523,722,484,238,171,103,68,42,28,14,55,41,14,24,22,2,103,73,30,56,44,12,24.3427485,93.6978264
MANIPUR,Urban,Churachandpur,On foot,1470,922,548,0,0,0,1175,739,436,211,133,78,84,50,34,0,0,0,0,0,0,0,0,0,0,0,0,0,0,0,24.3427485,93.6978264
MANIPUR,Urban,Churachandpur,Bicycle,244,187,57,0,0,0,118,86,32,90,72,18,2,2,0,4,4,0,30,23,7,0,0,0,0,0,0,0,0,0,24.3427485,93.6978264
MANIPUR,Urban,Churachandpur,Moped/Scooter/Motor Cycle,306,237,69,0,0,0,110,86,24,170,129,41,15,13,2,2,1,1,2,1,1,2,2,0,0,0,0,5,5,0,24.3427485,93.6978264
MANIPUR,Urban,Churachandpur,Car/Jeep/Van,131,96,35,0,0,0,16,8,8,54,41,13,16,13,3,5,4,1,9,6,3,2,2,0,23,17,6,6,5,1,24.3427485,93.6978264
MANIPUR,Urban,Churachandpur,Tempo/Autorickshaw/Taxi,160,75,85,0,0,0,21,13,8,83,36,47,29,13,16,5,0,5,2,1,1,0,0,0,12,7,5,8,5,3,24.3427485,93.6978264
MANIPUR,Urban,Churachandpur,Bus,291,198,93,0,0,0,35,21,14,103,66,37,21,11,10,25,18,7,12,10,2,18,16,2,57,43,14,20,13,7,24.3427485,93.6978264
MANIPUR,Urban,Churachandpur,Train,17,15,2,0,0,0,2,1,1,1,1,0,0,0,0,0,0,0,0,0,0,0,0,0,2,1,1,12,12,0,24.3427485,93.6978264
MANIPUR,Urban,Churachandpur,Water transport,5,3,2,0,0,0,0,0,0,1,1,0,1,0,1,1,1,0,0,0,0,0,0,0,1,1,0,1,0,1,24.3427485,93.6978264
MANIPUR,Urban,Churachandpur,Any other,33,23,10,0,0,0,7,7,0,9,5,4,3,1,2,0,0,0,0,0,0,2,2,0,8,4,4,4,4,0,24.3427485,93.6978264
MANIPUR,Urban,Churachandpur,No travel,3641,2180,1461,3641,2180,1461,0,0,0,0,0,0,0,0,0,0,0,0,0,0,0,0,0,0,0,0,0,0,0,0,24.3427485,93.6978264
ARUNACHAL PRADESH,Total,Papum Pare,All Modes,48266,32343,15923,15786,10456,5330,12362,8247,4115,10484,6820,3664,4615,3234,1381,2521,1801,720,509,362,147,367,277,90,781,586,195,841,560,281,27.1719019,93.7029002
ARUNACHAL PRADESH,Total,Papum Pare,On foot,16410,10827,5583,0,0,0,10060,6601,3459,3990,2578,1412,2360,1648,712,0,0,0,0,0,0,0,0,0,0,0,0,0,0,0,27.1719019,93.7029002
ARUNACHAL PRADESH,Total,Papum Pare,Bicycle,1004,698,306,0,0,0,263,174,89,463,316,147,94,75,19,63,50,13,121,83,38,0,0,0,0,0,0,0,0,0,27.1719019,93.7029002
ARUNACHAL PRADESH,Total,Papum Pare,Moped/Scooter/Motor Cycle,3298,2787,511,0,0,0,589,511,78,1469,1209,260,476,409,67,378,326,52,66,62,4,94,84,10,83,70,13,143,116,27,27.1719019,93.7029002
ARUNACHAL PRADESH,Total,Papum Pare,Car/Jeep/Van,5626,3975,1651,0,0,0,895,633,262,2289,1483,806,721,518,203,850,682,168,164,126,38,141,105,36,306,242,64,260,186,74,27.1719019,93.7029002
ARUNACHAL PRADESH,Total,Papum Pare,Tempo/Autorickshaw/Taxi,1694,943,751,0,0,0,222,122,100,888,454,434,249,155,94,216,132,84,11,7,4,20,11,9,25,20,5,63,42,21,27.1719019,93.7029002
ARUNACHAL PRADESH,Total,Papum Pare,Bus,3582,2105,1477,0,0,0,187,113,74,1209,671,538,656,380,276,950,560,390,131,73,58,98,66,32,251,174,77,100,68,32,27.1719019,93.7029002
ARUNACHAL PRADESH,Total,Papum Pare,Train,136,100,36,0,0,0,46,29,17,33,24,9,5,2,3,7,6,1,3,3,0,2,2,0,23,21,2,17,13,4,27.1719019,93.7029002
ARUNACHAL PRADESH,Total,Papum Pare,Water transport,31,22,9,0,0,0,2,2,0,15,10,5,3,3,0,2,1,1,2,1,1,2,2,0,1,1,0,4,2,2,27.1719019,93.7029002
ARUNACHAL PRADESH,Total,Papum Pare,Any other,699,430,269,0,0,0,98,62,36,128,75,53,51,44,7,55,44,11,11,7,4,10,7,3,92,58,34,254,133,121,27.1719019,93.7029002
ARUNACHAL PRADESH,Total,Papum Pare,No travel,15786,10456,5330,15786,10456,5330,0,0,0,0,0,0,0,0,0,0,0,0,0,0,0,0,0,0,0,0,0,0,0,0,27.1719019,93.7029002
ARUNACHAL PRADESH,Rural,Papum Pare,All Modes,14395,9924,4471,5955,4158,1797,3212,2179,1033,2042,1298,744,1576,1091,485,573,429,144,282,211,71,216,157,59,399,300,99,140,101,39,27.1719019,93.7029002
ARUNACHAL PRADESH,Rural,Papum Pare,On foot,4332,2877,1455,0,0,0,2658,1774,884,854,523,331,820,580,240,0,0,0,0,0,0,0,0,0,0,0,0,0,0,0,27.1719019,93.7029002
ARUNACHAL PRADESH,Rural,Papum Pare,Bicycle,389,288,101,0,0,0,93,66,27,145,108,37,65,51,14,34,27,7,52,36,16,0,0,0,0,0,0,0,0,0,27.1719019,93.7029002
ARUNACHAL PRADESH,Rural,Papum Pare,Moped/Scooter/Motor Cycle,994,811,183,0,0,0,162,133,29,331,256,75,167,137,30,120,102,18,53,49,4,64,57,7,56,45,11,41,32,9,27.1719019,93.7029002
ARUNACHAL PRADESH,Rural,Papum Pare,Car/Jeep/Van,1361,969,392,0,0,0,181,130,51,377,238,139,245,166,79,194,157,37,97,79,18,75,52,23,152,120,32,40,27,13,27.1719019,93.7029002
ARUNACHAL PRADESH,Rural,Papum Pare,Tempo/Autorickshaw/Taxi,293,151,142,0,0,0,24,12,12,129,63,66,52,25,27,40,23,17,6,4,2,11,5,6,7,4,3,24,15,9,27.1719019,93.7029002
ARUNACHAL PRADESH,Rural,Papum Pare,Bus,770,456,314,0,0,0,32,21,11,163,82,81,200,111,89,143,84,59,64,37,27,57,36,21,96,73,23,15,12,3,27.1719019,93.7029002
ARUNACHAL PRADESH,Rural,Papum Pare,Train,55,40,15,0,0,0,20,11,9,9,6,3,1,1,0,4,4,0,1,1,0,1,1,0,8,8,0,11,8,3,27.1719019,93.7029002
ARUNACHAL PRADESH,Rural,Papum Pare,Water transport,9,7,2,0,0,0,0,0,0,2,2,0,1,1,0,1,1,0,1,0,1,2,2,0,0,0,0,2,1,1,27.1719019,93.7029002
ARUNACHAL PRADESH,Rural,Papum Pare,Any other,237,167,70,0,0,0,42,32,10,32,20,12,25,19,6,37,31,6,8,5,3,6,4,2,80,50,30,7,6,1,27.1719019,93.7029002
ARUNACHAL PRADESH,Rural,Papum Pare,No travel,5955,4158,1797,5955,4158,1797,0,0,0,0,0,0,0,0,0,0,0,0,0,0,0,0,0,0,0,0,0,0,0,0,27.1719019,93.7029002
ARUNACHAL PRADESH,Urban,Papum Pare,All Modes,33871,22419,11452,9831,6298,3533,9150,6068,3082,8442,5522,2920,3039,2143,896,1948,1372,576,227,151,76,151,120,31,382,286,96,701,459,242,27.1719019,93.7029002
ARUNACHAL PRADESH,Urban,Papum Pare,On foot,12078,7950,4128,0,0,0,7402,4827,2575,3136,2055,1081,1540,1068,472,0,0,0,0,0,0,0,0,0,0,0,0,0,0,0,27.1719019,93.7029002
ARUNACHAL PRADESH,Urban,Papum Pare,Bicycle,615,410,205,0,0,0,170,108,62,318,208,110,29,24,5,29,23,6,69,47,22,0,0,0,0,0,0,0,0,0,27.1719019,93.7029002
ARUNACHAL PRADESH,Urban,Papum Pare,Moped/Scooter/Motor Cycle,2304,1976,328,0,0,0,427,378,49,1138,953,185,309,272,37,258,224,34,13,13,0,30,27,3,27,25,2,102,84,18,27.1719019,93.7029002
ARUNACHAL PRADESH,Urban,Papum Pare,Car/Jeep/Van,4265,3006,1259,0,0,0,714,503,211,1912,1245,667,476,352,124,656,525,131,67,47,20,66,53,13,154,122,32,220,159,61,27.1719019,93.7029002
ARUNACHAL PRADESH,Urban,Papum Pare,Tempo/Autorickshaw/Taxi,1401,792,609,0,0,0,198,110,88,759,391,368,197,130,67,176,109,67,5,3,2,9,6,3,18,16,2,39,27,12,27.1719019,93.7029002
ARUNACHAL PRADESH,Urban,Papum Pare,Bus,2812,1649,1163,0,0,0,155,92,63,1046,589,457,456,269,187,807,476,331,67,36,31,41,30,11,155,101,54,85,56,29,27.1719019,93.7029002
ARUNACHAL PRADESH,Urban,Papum Pare,Train,81,60,21,0,0,0,26,18,8,24,18,6,4,1,3,3,2,1,2,2,0,1,1,0,15,13,2,6,5,1,27.1719019,93.7029002
ARUNACHAL PRADESH,Urban,Papum Pare,Water transport,22,15,7,0,0,0,2,2,0,13,8,5,2,2,0,1,0,1,1,1,0,0,0,0,1,1,0,2,1,1,27.1719019,93.7029002
ARUNACHAL PRADESH,Urban,Papum Pare,Any other,462,263,199,0,0,0,56,30,26,96,55,41,26,25,1,18,13,5,3,2,1,4,3,1,12,8,4,247,127,120,27.1719019,93.7029002
ARUNACHAL PRADESH,Urban,Papum Pare,No travel,9831,6298,3533,9831,6298,3533,0,0,0,0,0,0,0,0,0,0,0,0,0,0,0,0,0,0,0,0,0,0,0,0,27.1719019,93.7029002
NAGALAND,Total,Dimapur,All Modes,112770,79717,33053,50127,32942,17185,25514,18416,7098,21877,16680,5197,8620,6469,2151,2280,1781,499,993,755,238,632,498,134,1886,1534,352,841,642,199,25.9091406,93.7265605
NAGALAND,Total,Dimapur,On foot,27119,19653,7466,0,0,0,19370,13719,5651,5012,3954,1058,2737,1980,757,0,0,0,0,0,0,0,0,0,0,0,0,0,0,0,25.9091406,93.7265605
NAGALAND,Total,Dimapur,Bicycle,4955,4696,259,0,0,0,1295,1213,82,2870,2737,133,472,453,19,121,117,4,197,176,21,0,0,0,0,0,0,0,0,0,25.9091406,93.7265605
NAGALAND,Total,Dimapur,Moped/Scooter/Motor Cycle,5829,5337,492,0,0,0,1248,1134,114,2982,2726,256,874,810,64,318,294,24,123,111,12,89,81,8,74,64,10,121,117,4,25.9091406,93.7265605
NAGALAND,Total,Dimapur,Car/Jeep/Van,7423,5554,1869,0,0,0,1103,816,287,2904,2092,812,1452,1085,367,679,520,159,248,177,71,198,160,38,683,573,110,156,131,25,25.9091406,93.7265605
NAGALAND,Total,Dimapur,Tempo/Autorickshaw/Taxi,13873,9021,4852,0,0,0,2163,1282,881,7477,4766,2711,2581,1780,801,812,595,217,172,106,66,125,87,38,301,232,69,242,173,69,25.9091406,93.7265605
NAGALAND,Total,Dimapur,Bus,2278,1570,708,0,0,0,136,89,47,398,219,179,363,259,104,268,184,84,218,154,64,173,126,47,614,474,140,108,65,43,25.9091406,93.7265605
NAGALAND,Total,Dimapur,Train,316,263,53,0,0,0,62,47,15,54,47,7,15,11,4,16,14,2,7,4,3,13,12,1,107,92,15,42,36,6,25.9091406,93.7265605
NAGALAND,Total,Dimapur,Water transport,27,20,7,0,0,0,17,13,4,2,1,1,1,1,0,1,1,0,1,1,0,0,0,0,2,1,1,3,2,1,25.9091406,93.7265605
NAGALAND,Total,Dimapur,Any other,823,661,162,0,0,0,120,103,17,178,138,40,125,90,35,65,56,9,27,26,1,34,32,2,105,98,7,169,118,51,25.9091406,93.7265605
NAGALAND,Total,Dimapur,No travel,50127,32942,17185,50127,32942,17185,0,0,0,0,0,0,0,0,0,0,0,0,0,0,0,0,0,0,0,0,0,0,0,0,25.9091406,93.7265605
NAGALAND,Rural,Dimapur,All Modes,43347,28245,15102,23517,14445,9072,6775,4082,2693,6028,4406,1622,3802,2780,1022,1336,1054,282,571,435,136,353,278,75,831,654,177,134,111,23,25.9091406,93.7265605
NAGALAND,Rural,Dimapur,On foot,7143,4168,2975,0,0,0,5343,3016,2327,1106,711,395,694,441,253,0,0,0,0,0,0,0,0,0,0,0,0,0,0,0,25.9091406,93.7265605
NAGALAND,Rural,Dimapur,Bicycle,1499,1375,124,0,0,0,328,288,40,809,750,59,223,210,13,82,78,4,57,49,8,0,0,0,0,0,0,0,0,0,25.9091406,93.7265605
NAGALAND,Rural,Dimapur,Moped/Scooter/Motor Cycle,1836,1683,153,0,0,0,203,185,18,795,734,61,459,420,39,186,169,17,82,75,7,61,56,5,30,26,4,20,18,2,25.9091406,93.7265605
NAGALAND,Rural,Dimapur,Car/Jeep/Van,3191,2372,819,0,0,0,319,231,88,1032,729,303,824,607,217,410,321,89,158,117,41,113,89,24,304,250,54,31,28,3,25.9091406,93.7265605
NAGALAND,Rural,Dimapur,Tempo/Autorickshaw/Taxi,4551,3040,1511,0,0,0,443,257,186,2052,1334,718,1324,911,413,440,326,114,89,57,32,56,41,15,98,74,24,49,40,9,25.9091406,93.7265605
NAGALAND,Rural,Dimapur,Bus,1164,803,361,0,0,0,60,42,18,162,94,68,191,131,60,168,118,50,161,114,47,96,66,30,310,228,82,16,10,6,25.9091406,93.7265605
NAGALAND,Rural,Dimapur,Train,81,57,24,0,0,0,19,12,7,9,7,2,7,5,2,3,2,1,2,1,1,3,3,0,30,19,11,8,8,0,25.9091406,93.7265605
NAGALAND,Rural,Dimapur,Water transport,17,11,6,0,0,0,11,8,3,1,0,1,1,1,0,1,1,0,1,1,0,0,0,0,1,0,1,1,0,1,25.9091406,93.7265605
NAGALAND,Rural,Dimapur,Any other,348,291,57,0,0,0,49,43,6,62,47,15,79,54,25,46,39,7,21,21,0,24,23,1,58,57,1,9,7,2,25.9091406,93.7265605
NAGALAND,Rural,Dimapur,No travel,23517,14445,9072,23517,14445,9072,0,0,0,0,0,0,0,0,0,0,0,0,0,0,0,0,0,0,0,0,0,0,0,0,25.9091406,93.7265605
NAGALAND,Urban,Dimapur,All Modes,69423,51472,17951,26610,18497,8113,18739,14334,4405,15849,12274,3575,4818,3689,1129,944,727,217,422,320,102,279,220,59,1055,880,175,707,531,176,25.9091406,93.7265605
NAGALAND,Urban,Dimapur,On foot,19976,15485,4491,0,0,0,14027,10703,3324,3906,3243,663,2043,1539,504,0,0,0,0,0,0,0,0,0,0,0,0,0,0,0,25.9091406,93.7265605
NAGALAND,Urban,Dimapur,Bicycle,3456,3321,135,0,0,0,967,925,42,2061,1987,74,249,243,6,39,39,0,140,127,13,0,0,0,0,0,0,0,0,0,25.9091406,93.7265605
NAGALAND,Urban,Dimapur,Moped/Scooter/Motor Cycle,3993,3654,339,0,0,0,1045,949,96,2187,1992,195,415,390,25,132,125,7,41,36,5,28,25,3,44,38,6,101,99,2,25.9091406,93.7265605
NAGALAND,Urban,Dimapur,Car/Jeep/Van,4232,3182,1050,0,0,0,784,585,199,1872,1363,509,628,478,150,269,199,70,90,60,30,85,71,14,379,323,56,125,103,22,25.9091406,93.7265605
NAGALAND,Urban,Dimapur,Tempo/Autorickshaw/Taxi,9322,5981,3341,0,0,0,1720,1025,695,5425,3432,1993,1257,869,388,372,269,103,83,49,34,69,46,23,203,158,45,193,133,60,25.9091406,93.7265605
NAGALAND,Urban,Dimapur,Bus,1114,767,347,0,0,0,76,47,29,236,125,111,172,128,44,100,66,34,57,40,17,77,60,17,304,246,58,92,55,37,25.9091406,93.7265605
NAGALAND,Urban,Dimapur,Train,235,206,29,0,0,0,43,35,8,45,40,5,8,6,2,13,12,1,5,3,2,10,9,1,77,73,4,34,28,6,25.9091406,93.7265605
NAGALAND,Urban,Dimapur,Water transport,10,9,1,0,0,0,6,5,1,1,1,0,0,0,0,0,0,0,0,0,0,0,0,0,1,1,0,2,2,0,25.9091406,93.7265605
NAGALAND,Urban,Dimapur,Any other,475,370,105,0,0,0,71,60,11,116,91,25,46,36,10,19,17,2,6,5,1,10,9,1,47,41,6,160,111,49,25.9091406,93.7265605
NAGALAND,Urban,Dimapur,No travel,26610,18497,8113,26610,18497,8113,0,0,0,0,0,0,0,0,0,0,0,0,0,0,0,0,0,0,0,0,0,0,0,0,25.9091406,93.7265605
NAGALAND,Total,Peren,All Modes,15409,9619,5790,8175,5108,3067,4140,2385,1755,1809,1225,584,690,433,257,120,90,30,130,111,19,150,124,26,161,116,45,34,27,7,25.5124772,93.7390658
NAGALAND,Total,Peren,On foot,5531,3186,2345,0,0,0,3804,2131,1673,1180,729,451,547,326,221,0,0,0,0,0,0,0,0,0,0,0,0,0,0,0,25.5124772,93.7390658
NAGALAND,Total,Peren,Bicycle,260,226,34,0,0,0,83,67,16,136,121,15,12,11,1,11,11,0,18,16,2,0,0,0,0,0,0,0,0,0,25.5124772,93.7390658
NAGALAND,Total,Peren,Moped/Scooter/Motor Cycle,272,240,32,0,0,0,51,47,4,157,136,21,25,22,3,13,12,1,13,12,1,4,4,0,3,2,1,6,5,1,25.5124772,93.7390658
NAGALAND,Total,Peren,Car/Jeep/Van,375,297,78,0,0,0,98,75,23,115,87,28,32,25,7,23,19,4,20,18,2,31,25,6,48,42,6,8,6,2,25.5124772,93.7390658
NAGALAND,Total,Peren,Tempo/Autorickshaw/Taxi,279,194,85,0,0,0,31,20,11,117,75,42,42,27,15,21,15,6,24,19,5,24,22,2,14,10,4,6,6,0,25.5124772,93.7390658
NAGALAND,Total,Peren,Bus,340,228,112,0,0,0,33,16,17,60,44,16,20,10,10,24,15,9,37,28,9,79,61,18,84,51,33,3,3,0,25.5124772,93.7390658
NAGALAND,Total,Peren,Train,43,27,16,0,0,0,18,10,8,15,10,5,1,1,0,0,0,0,0,0,0,2,2,0,3,3,0,4,1,3,25.5124772,93.7390658
NAGALAND,Total,Peren,Water transport,1,1,0,0,0,0,1,1,0,0,0,0,0,0,0,0,0,0,0,0,0,0,0,0,0,0,0,0,0,0,25.5124772,93.7390658
NAGALAND,Total,Peren,Any other,133,112,21,0,0,0,21,18,3,29,23,6,11,11,0,28,18,10,18,18,0,10,10,0,9,8,1,7,6,1,25.5124772,93.7390658
NAGALAND,Total,Peren,No travel,8175,5108,3067,8175,5108,3067,0,0,0,0,0,0,0,0,0,0,0,0,0,0,0,0,0,0,0,0,0,0,0,0,25.5124772,93.7390658
NAGALAND,Rural,Peren,All Modes,11339,7294,4045,6198,4130,2068,2744,1531,1213,1374,925,449,552,343,209,84,65,19,99,85,14,127,102,25,135,92,43,26,21,5,25.5124772,93.7390658
NAGALAND,Rural,Peren,On foot,3910,2213,1697,0,0,0,2563,1395,1168,908,560,348,439,258,181,0,0,0,0,0,0,0,0,0,0,0,0,0,0,0,25.5124772,93.7390658
NAGALAND,Rural,Peren,Bicycle,196,171,25,0,0,0,54,44,10,106,93,13,11,10,1,10,10,0,15,14,1,0,0,0,0,0,0,0,0,0,25.5124772,93.7390658
NAGALAND,Rural,Peren,Moped/Scooter/Motor Cycle,208,183,25,0,0,0,27,26,1,127,109,18,22,19,3,10,9,1,10,10,0,4,4,0,2,1,1,6,5,1,25.5124772,93.7390658
NAGALAND,Rural,Peren,Car/Jeep/Van,196,160,36,0,0,0,27,21,6,55,43,12,19,16,3,19,16,3,12,11,1,28,22,6,33,28,5,3,3,0,25.5124772,93.7390658
NAGALAND,Rural,Peren,Tempo/Autorickshaw/Taxi,213,146,67,0,0,0,14,9,5,99,64,35,32,21,11,20,14,6,18,14,4,13,11,2,12,8,4,5,5,0,25.5124772,93.7390658
NAGALAND,Rural,Peren,Bus,295,190,105,0,0,0,28,13,15,47,33,14,18,8,10,20,11,9,29,21,8,72,55,17,78,46,32,3,3,0,25.5124772,93.7390658
NAGALAND,Rural,Peren,Train,41,25,16,0,0,0,18,10,8,14,9,5,1,1,0,0,0,0,0,0,0,2,2,0,2,2,0,4,1,3,25.5124772,93.7390658
NAGALAND,Rural,Peren,Water transport,1,1,0,0,0,0,1,1,0,0,0,0,0,0,0,0,0,0,0,0,0,0,0,0,0,0,0,0,0,0,25.5124772,93.7390658
NAGALAND,Rural,Peren,Any other,81,75,6,0,0,0,12,12,0,18,14,4,10,10,0,5,5,0,15,15,0,8,8,0,8,7,1,5,4,1,25.5124772,93.7390658
NAGALAND,Rural,Peren,No travel,6198,4130,2068,6198,4130,2068,0,0,0,0,0,0,0,0,0,0,0,0,0,0,0,0,0,0,0,0,0,0,0,0,25.5124772,93.7390658
NAGALAND,Urban,Peren,All Modes,4070,2325,1745,1977,978,999,1396,854,542,435,300,135,138,90,48,36,25,11,31,26,5,23,22,1,26,24,2,8,6,2,25.5124772,93.7390658
NAGALAND,Urban,Peren,On foot,1621,973,648,0,0,0,1241,736,505,272,169,103,108,68,40,0,0,0,0,0,0,0,0,0,0,0,0,0,0,0,25.5124772,93.7390658
NAGALAND,Urban,Peren,Bicycle,64,55,9,0,0,0,29,23,6,30,28,2,1,1,0,1,1,0,3,2,1,0,0,0,0,0,0,0,0,0,25.5124772,93.7390658
NAGALAND,Urban,Peren,Moped/Scooter/Motor Cycle,64,57,7,0,0,0,24,21,3,30,27,3,3,3,0,3,3,0,3,2,1,0,0,0,1,1,0,0,0,0,25.5124772,93.7390658
NAGALAND,Urban,Peren,Car/Jeep/Van,179,137,42,0,0,0,71,54,17,60,44,16,13,9,4,4,3,1,8,7,1,3,3,0,15,14,1,5,3,2,25.5124772,93.7390658
NAGALAND,Urban,Peren,Tempo/Autorickshaw/Taxi,66,48,18,0,0,0,17,11,6,18,11,7,10,6,4,1,1,0,6,5,1,11,11,0,2,2,0,1,1,0,25.5124772,93.7390658
NAGALAND,Urban,Peren,Bus,45,38,7,0,0,0,5,3,2,13,11,2,2,2,0,4,4,0,8,7,1,7,6,1,6,5,1,0,0,0,25.5124772,93.7390658
NAGALAND,Urban,Peren,Train,2,2,0,0,0,0,0,0,0,1,1,0,0,0,0,0,0,0,0,0,0,0,0,0,1,1,0,0,0,0,25.5124772,93.7390658
NAGALAND,Urban,Peren,Water transport,0,0,0,0,0,0,0,0,0,0,0,0,0,0,0,0,0,0,0,0,0,0,0,0,0,0,0,0,0,0,25.5124772,93.7390658
NAGALAND,Urban,Peren,Any other,52,37,15,0,0,0,9,6,3,11,9,2,1,1,0,23,13,10,3,3,0,2,2,0,1,1,0,2,2,0,25.5124772,93.7390658
NAGALAND,Urban,Peren,No travel,1977,978,999,1977,978,999,0,0,0,0,0,0,0,0,0,0,0,0,0,0,0,0,0,0,0,0,0,0,0,0,25.5124772,93.7390658
MANIPUR,Total,Bishnupur,All Modes,48903,30810,18093,20097,10866,9231,9433,5961,3472,7396,5410,1986,4621,3025,1596,2970,2153,817,1527,1134,393,1397,1060,337,893,766,127,569,435,134,24.6303603,93.7598288
MANIPUR,Total,Bishnupur,On foot,9089,5443,3646,0,0,0,6742,3930,2812,1475,969,506,872,544,328,0,0,0,0,0,0,0,0,0,0,0,0,0,0,0,24.6303603,93.7598288
MANIPUR,Total,Bishnupur,Bicycle,3255,2595,660,0,0,0,799,594,205,1670,1315,355,445,402,43,168,148,20,173,136,37,0,0,0,0,0,0,0,0,0,24.6303603,93.7598288
MANIPUR,Total,Bishnupur,Moped/Scooter/Motor Cycle,1665,1398,267,0,0,0,247,183,64,530,420,110,326,282,44,366,335,31,88,82,6,57,53,4,17,16,1,34,27,7,24.6303603,93.7598288
MANIPUR,Total,Bishnupur,Car/Jeep/Van,843,598,245,0,0,0,46,28,18,201,113,88,135,93,42,170,128,42,111,93,18,112,87,25,35,32,3,33,24,9,24.6303603,93.7598288
MANIPUR,Total,Bishnupur,Tempo/Autorickshaw/Taxi,2257,1064,1193,0,0,0,285,108,177,829,344,485,514,235,279,436,249,187,62,50,12,32,25,7,23,18,5,76,35,41,24.6303603,93.7598288
MANIPUR,Total,Bishnupur,Bus,6624,4647,1977,0,0,0,213,137,76,689,433,256,1014,631,383,1676,1177,499,1033,721,312,1111,818,293,678,571,107,210,159,51,24.6303603,93.7598288
MANIPUR,Total,Bishnupur,Train,260,219,41,0,0,0,35,22,13,42,31,11,28,23,5,12,10,2,4,3,1,6,6,0,69,65,4,64,59,5,24.6303603,93.7598288
MANIPUR,Total,Bishnupur,Water transport,4402,3617,785,0,0,0,976,881,95,1860,1705,155,1226,757,469,113,79,34,42,37,5,53,47,6,27,22,5,105,89,16,24.6303603,93.7598288
MANIPUR,Total,Bishnupur,Any other,411,363,48,0,0,0,90,78,12,100,80,20,61,58,3,29,27,2,14,12,2,26,24,2,44,42,2,47,42,5,24.6303603,93.7598288
MANIPUR,Total,Bishnupur,No travel,20097,10866,9231,20097,10866,9231,0,0,0,0,0,0,0,0,0,0,0,0,0,0,0,0,0,0,0,0,0,0,0,0,24.6303603,93.7598288
MANIPUR,Rural,Bishnupur,All Modes,28436,18031,10405,10811,5610,5201,4617,3148,1469,4877,3649,1228,3283,2017,1266,1876,1338,538,1030,743,287,908,685,223,664,564,100,370,277,93,24.6303603,93.7598288
MANIPUR,Rural,Bishnupur,On foot,3969,2519,1450,0,0,0,2850,1784,1066,702,479,223,417,256,161,0,0,0,0,0,0,0,0,0,0,0,0,0,0,0,24.6303603,93.7598288
MANIPUR,Rural,Bishnupur,Bicycle,1852,1457,395,0,0,0,406,293,113,931,716,215,299,273,26,121,107,14,95,68,27,0,0,0,0,0,0,0,0,0,24.6303603,93.7598288
MANIPUR,Rural,Bishnupur,Moped/Scooter/Motor Cycle,935,795,140,0,0,0,86,59,27,276,223,53,201,171,30,253,232,21,63,58,5,29,27,2,13,12,1,14,13,1,24.6303603,93.7598288
MANIPUR,Rural,Bishnupur,Car/Jeep/Van,543,371,172,0,0,0,28,16,12,149,81,68,89,55,34,108,80,28,67,57,10,58,47,11,27,24,3,17,11,6,24.6303603,93.7598288
MANIPUR,Rural,Bishnupur,Tempo/Autorickshaw/Taxi,1521,647,874,0,0,0,143,40,103,545,225,320,385,126,259,322,172,150,43,35,8,19,17,2,16,12,4,48,20,28,24.6303603,93.7598288
MANIPUR,Rural,Bishnupur,Bus,4149,2805,1344,0,0,0,125,79,46,417,237,180,619,338,281,939,651,288,709,478,231,729,528,201,489,407,82,122,87,35,24.6303603,93.7598288
MANIPUR,Rural,Bishnupur,Train,183,154,29,0,0,0,17,12,5,25,18,7,24,19,5,9,7,2,4,3,1,1,1,0,61,57,4,42,37,5,24.6303603,93.7598288
MANIPUR,Rural,Bishnupur,Water transport,4208,3430,778,0,0,0,902,810,92,1767,1613,154,1214,746,468,110,76,34,40,36,4,52,46,6,27,22,5,96,81,15,24.6303603,93.7598288
MANIPUR,Rural,Bishnupur,Any other,265,243,22,0,0,0,60,55,5,65,57,8,35,33,2,14,13,1,9,8,1,20,19,1,31,30,1,31,28,3,24.6303603,93.7598288
MANIPUR,Rural,Bishnupur,No travel,10811,5610,5201,10811,5610,5201,0,0,0,0,0,0,0,0,0,0,0,0,0,0,0,0,0,0,0,0,0,0,0,0,24.6303603,93.7598288
MANIPUR,Urban,Bishnupur,All Modes,20467,12779,7688,9286,5256,4030,4816,2813,2003,2519,1761,758,1338,1008,330,1094,815,279,497,391,106,489,375,114,229,202,27,199,158,41,24.6303603,93.7598288
MANIPUR,Urban,Bishnupur,On foot,5120,2924,2196,0,0,0,3892,2146,1746,773,490,283,455,288,167,0,0,0,0,0,0,0,0,0,0,0,0,0,0,0,24.6303603,93.7598288
MANIPUR,Urban,Bishnupur,Bicycle,1403,1138,265,0,0,0,393,301,92,739,599,140,146,129,17,47,41,6,78,68,10,0,0,0,0,0,0,0,0,0,24.6303603,93.7598288
MANIPUR,Urban,Bishnupur,Moped/Scooter/Motor Cycle,730,603,127,0,0,0,161,124,37,254,197,57,125,111,14,113,103,10,25,24,1,28,26,2,4,4,0,20,14,6,24.6303603,93.7598288
MANIPUR,Urban,Bishnupur,Car/Jeep/Van,300,227,73,0,0,0,18,12,6,52,32,20,46,38,8,62,48,14,44,36,8,54,40,14,8,8,0,16,13,3,24.6303603,93.7598288
MANIPUR,Urban,Bishnupur,Tempo/Autorickshaw/Taxi,736,417,319,0,0,0,142,68,74,284,119,165,129,109,20,114,77,37,19,15,4,13,8,5,7,6,1,28,15,13,24.6303603,93.7598288
MANIPUR,Urban,Bishnupur,Bus,2475,1842,633,0,0,0,88,58,30,272,196,76,395,293,102,737,526,211,324,243,81,382,290,92,189,164,25,88,72,16,24.6303603,93.7598288
MANIPUR,Urban,Bishnupur,Train,77,65,12,0,0,0,18,10,8,17,13,4,4,4,0,3,3,0,0,0,0,5,5,0,8,8,0,22,22,0,24.6303603,93.7598288
MANIPUR,Urban,Bishnupur,Water transport,194,187,7,0,0,0,74,71,3,93,92,1,12,11,1,3,3,0,2,1,1,1,1,0,0,0,0,9,8,1,24.6303603,93.7598288
MANIPUR,Urban,Bishnupur,Any other,146,120,26,0,0,0,30,23,7,35,23,12,26,25,1,15,14,1,5,4,1,6,5,1,13,12,1,16,14,2,24.6303603,93.7598288
MANIPUR,Urban,Bishnupur,No travel,9286,5256,4030,9286,5256,4030,0,0,0,0,0,0,0,0,0,0,0,0,0,0,0,0,0,0,0,0,0,0,0,0,24.6303603,93.7598288
ANDAMAN & NICOBAR ISLANDS,Total,Nicobars,All Modes,14001,10867,3134,3214,2393,821,5281,4025,1256,3673,2889,784,1271,1059,212,354,308,46,134,123,11,13,13,0,17,16,1,44,41,3,7.1205395,93.7841503
ANDAMAN & NICOBAR ISLANDS,Total,Nicobars,On foot,6320,4692,1628,0,0,0,4262,3138,1124,1652,1215,437,406,339,67,0,0,0,0,0,0,0,0,0,0,0,0,0,0,0,7.1205395,93.7841503
ANDAMAN & NICOBAR ISLANDS,Total,Nicobars,Bicycle,2016,1775,241,0,0,0,488,450,38,1161,997,164,283,250,33,41,39,2,43,39,4,0,0,0,0,0,0,0,0,0,7.1205395,93.7841503
ANDAMAN & NICOBAR ISLANDS,Total,Nicobars,Moped/Scooter/Motor Cycle,1057,841,216,0,0,0,310,252,58,440,339,101,183,141,42,77,66,11,23,22,1,2,2,0,4,3,1,18,16,2,7.1205395,93.7841503
ANDAMAN & NICOBAR ISLANDS,Total,Nicobars,Car/Jeep/Van,328,270,58,0,0,0,45,36,9,107,85,22,72,58,14,55,45,10,29,26,3,4,4,0,0,0,0,16,16,0,7.1205395,93.7841503
ANDAMAN & NICOBAR ISLANDS,Total,Nicobars,Tempo/Autorickshaw/Taxi,116,106,10,0,0,0,23,18,5,88,85,3,0,0,0,3,1,2,0,0,0,0,0,0,0,0,0,2,2,0,7.1205395,93.7841503
ANDAMAN & NICOBAR ISLANDS,Total,Nicobars,Bus,338,236,102,0,0,0,16,10,6,90,61,29,157,110,47,60,41,19,14,13,1,0,0,0,1,1,0,0,0,0,7.1205395,93.7841503
ANDAMAN & NICOBAR ISLANDS,Total,Nicobars,Train,19,14,5,0,0,0,3,2,1,8,5,3,8,7,1,0,0,0,0,0,0,0,0,0,0,0,0,0,0,0,7.1205395,93.7841503
ANDAMAN & NICOBAR ISLANDS,Total,Nicobars,Water transport,249,223,26,0,0,0,101,87,14,80,69,11,20,20,0,26,26,0,8,8,0,5,5,0,7,7,0,2,1,1,7.1205395,93.7841503
ANDAMAN & NICOBAR ISLANDS,Total,Nicobars,Any other,344,317,27,0,0,0,33,32,1,47,33,14,142,134,8,92,90,2,17,15,2,2,2,0,5,5,0,6,6,0,7.1205395,93.7841503
ANDAMAN & NICOBAR ISLANDS,Total,Nicobars,No travel,3214,2393,821,3214,2393,821,0,0,0,0,0,0,0,0,0,0,0,0,0,0,0,0,0,0,0,0,0,0,0,0,7.1205395,93.7841503
ANDAMAN & NICOBAR ISLANDS,Rural,Nicobars,All Modes,14001,10867,3134,3214,2393,821,5281,4025,1256,3673,2889,784,1271,1059,212,354,308,46,134,123,11,13,13,0,17,16,1,44,41,3,7.1205395,93.7841503
ANDAMAN & NICOBAR ISLANDS,Rural,Nicobars,On foot,6320,4692,1628,0,0,0,4262,3138,1124,1652,1215,437,406,339,67,0,0,0,0,0,0,0,0,0,0,0,0,0,0,0,7.1205395,93.7841503
ANDAMAN & NICOBAR ISLANDS,Rural,Nicobars,Bicycle,2016,1775,241,0,0,0,488,450,38,1161,997,164,283,250,33,41,39,2,43,39,4,0,0,0,0,0,0,0,0,0,7.1205395,93.7841503
ANDAMAN & NICOBAR ISLANDS,Rural,Nicobars,Moped/Scooter/Motor Cycle,1057,841,216,0,0,0,310,252,58,440,339,101,183,141,42,77,66,11,23,22,1,2,2,0,4,3,1,18,16,2,7.1205395,93.7841503
ANDAMAN & NICOBAR ISLANDS,Rural,Nicobars,Car/Jeep/Van,328,270,58,0,0,0,45,36,9,107,85,22,72,58,14,55,45,10,29,26,3,4,4,0,0,0,0,16,16,0,7.1205395,93.7841503
ANDAMAN & NICOBAR ISLANDS,Rural,Nicobars,Tempo/Autorickshaw/Taxi,116,106,10,0,0,0,23,18,5,88,85,3,0,0,0,3,1,2,0,0,0,0,0,0,0,0,0,2,2,0,7.1205395,93.7841503
ANDAMAN & NICOBAR ISLANDS,Rural,Nicobars,Bus,338,236,102,0,0,0,16,10,6,90,61,29,157,110,47,60,41,19,14,13,1,0,0,0,1,1,0,0,0,0,7.1205395,93.7841503
ANDAMAN & NICOBAR ISLANDS,Rural,Nicobars,Train,19,14,5,0,0,0,3,2,1,8,5,3,8,7,1,0,0,0,0,0,0,0,0,0,0,0,0,0,0,0,7.1205395,93.7841503
ANDAMAN & NICOBAR ISLANDS,Rural,Nicobars,Water transport,249,223,26,0,0,0,101,87,14,80,69,11,20,20,0,26,26,0,8,8,0,5,5,0,7,7,0,2,1,1,7.1205395,93.7841503
ANDAMAN & NICOBAR ISLANDS,Rural,Nicobars,Any other,344,317,27,0,0,0,33,32,1,47,33,14,142,134,8,92,90,2,17,15,2,2,2,0,5,5,0,6,6,0,7.1205395,93.7841503
ANDAMAN & NICOBAR ISLANDS,Rural,Nicobars,No travel,3214,2393,821,3214,2393,821,0,0,0,0,0,0,0,0,0,0,0,0,0,0,0,0,0,0,0,0,0,0,0,0,7.1205395,93.7841503
ANDAMAN & NICOBAR ISLANDS,Urban,Nicobars,All Modes,0,0,0,0,0,0,0,0,0,0,0,0,0,0,0,0,0,0,0,0,0,0,0,0,0,0,0,0,0,0,7.1205395,93.7841503
ANDAMAN & NICOBAR ISLANDS,Urban,Nicobars,On foot,0,0,0,0,0,0,0,0,0,0,0,0,0,0,0,0,0,0,0,0,0,0,0,0,0,0,0,0,0,0,7.1205395,93.7841503
ANDAMAN & NICOBAR ISLANDS,Urban,Nicobars,Bicycle,0,0,0,0,0,0,0,0,0,0,0,0,0,0,0,0,0,0,0,0,0,0,0,0,0,0,0,0,0,0,7.1205395,93.7841503
ANDAMAN & NICOBAR ISLANDS,Urban,Nicobars,Moped/Scooter/Motor Cycle,0,0,0,0,0,0,0,0,0,0,0,0,0,0,0,0,0,0,0,0,0,0,0,0,0,0,0,0,0,0,7.1205395,93.7841503
ANDAMAN & NICOBAR ISLANDS,Urban,Nicobars,Car/Jeep/Van,0,0,0,0,0,0,0,0,0,0,0,0,0,0,0,0,0,0,0,0,0,0,0,0,0,0,0,0,0,0,7.1205395,93.7841503
ANDAMAN & NICOBAR ISLANDS,Urban,Nicobars,Tempo/Autorickshaw/Taxi,0,0,0,0,0,0,0,0,0,0,0,0,0,0,0,0,0,0,0,0,0,0,0,0,0,0,0,0,0,0,7.1205395,93.7841503
ANDAMAN & NICOBAR ISLANDS,Urban,Nicobars,Bus,0,0,0,0,0,0,0,0,0,0,0,0,0,0,0,0,0,0,0,0,0,0,0,0,0,0,0,0,0,0,7.1205395,93.7841503
ANDAMAN & NICOBAR ISLANDS,Urban,Nicobars,Train,0,0,0,0,0,0,0,0,0,0,0,0,0,0,0,0,0,0,0,0,0,0,0,0,0,0,0,0,0,0,7.1205395,93.7841503
ANDAMAN & NICOBAR ISLANDS,Urban,Nicobars,Water transport,0,0,0,0,0,0,0,0,0,0,0,0,0,0,0,0,0,0,0,0,0,0,0,0,0,0,0,0,0,0,7.1205395,93.7841503
ANDAMAN & NICOBAR ISLANDS,Urban,Nicobars,Any other,0,0,0,0,0,0,0,0,0,0,0,0,0,0,0,0,0,0,0,0,0,0,0,0,0,0,0,0,0,0,7.1205395,93.7841503
ANDAMAN & NICOBAR ISLANDS,Urban,Nicobars,No travel,0,0,0,0,0,0,0,0,0,0,0,0,0,0,0,0,0,0,0,0,0,0,0,0,0,0,0,0,0,0,7.1205395,93.7841503
ARUNACHAL PRADESH,Total,Lower Subansiri,All Modes,14143,9941,4202,3706,2427,1279,4298,3117,1181,2645,1846,799,2338,1662,676,380,270,110,157,120,37,161,142,19,323,250,73,135,107,28,27.6169349,93.8391557
ARUNACHAL PRADESH,Total,Lower Subansiri,On foot,5656,3909,1747,0,0,0,3616,2580,1036,1265,808,457,775,521,254,0,0,0,0,0,0,0,0,0,0,0,0,0,0,0,27.6169349,93.8391557
ARUNACHAL PRADESH,Total,Lower Subansiri,Bicycle,359,263,96,0,0,0,50,35,15,161,117,44,86,67,19,20,15,5,42,29,13,0,0,0,0,0,0,0,0,0,27.6169349,93.8391557
ARUNACHAL PRADESH,Total,Lower Subansiri,Moped/Scooter/Motor Cycle,1501,1260,241,0,0,0,267,224,43,498,413,85,407,355,52,162,120,42,35,33,2,47,45,2,34,29,5,51,41,10,27.6169349,93.8391557
ARUNACHAL PRADESH,Total,Lower Subansiri,Car/Jeep/Van,1530,1190,340,0,0,0,271,216,55,406,309,97,429,332,97,126,102,24,44,34,10,67,54,13,149,111,38,38,32,6,27.6169349,93.8391557
ARUNACHAL PRADESH,Total,Lower Subansiri,Tempo/Autorickshaw/Taxi,697,410,287,0,0,0,49,34,15,163,84,79,428,259,169,27,10,17,5,3,2,13,13,0,5,4,1,7,3,4,27.6169349,93.8391557
ARUNACHAL PRADESH,Total,Lower Subansiri,Bus,586,404,182,0,0,0,26,17,9,128,102,26,194,114,80,38,18,20,28,18,10,27,24,3,114,87,27,31,24,7,27.6169349,93.8391557
ARUNACHAL PRADESH,Total,Lower Subansiri,Train,64,46,18,0,0,0,13,8,5,13,7,6,9,5,4,3,2,1,1,1,0,5,4,1,15,15,0,5,4,1,27.6169349,93.8391557
ARUNACHAL PRADESH,Total,Lower Subansiri,Water transport,1,0,1,0,0,0,1,0,1,0,0,0,0,0,0,0,0,0,0,0,0,0,0,0,0,0,0,0,0,0,27.6169349,93.8391557
ARUNACHAL PRADESH,Total,Lower Subansiri,Any other,43,32,11,0,0,0,5,3,2,11,6,5,10,9,1,4,3,1,2,2,0,2,2,0,6,4,2,3,3,0,27.6169349,93.8391557
ARUNACHAL PRADESH,Total,Lower Subansiri,No travel,3706,2427,1279,3706,2427,1279,0,0,0,0,0,0,0,0,0,0,0,0,0,0,0,0,0,0,0,0,0,0,0,0,27.6169349,93.8391557
ARUNACHAL PRADESH,Rural,Lower Subansiri,All Modes,9947,7046,2901,2806,1874,932,2182,1584,598,2033,1440,593,1921,1384,537,346,242,104,137,107,30,129,111,18,281,214,67,112,90,22,27.6169349,93.8391557
ARUNACHAL PRADESH,Rural,Lower Subansiri,On foot,3318,2312,1006,0,0,0,1845,1335,510,930,597,333,543,380,163,0,0,0,0,0,0,0,0,0,0,0,0,0,0,0,27.6169349,93.8391557
ARUNACHAL PRADESH,Rural,Lower Subansiri,Bicycle,295,225,70,0,0,0,32,22,10,131,103,28,77,59,18,19,14,5,36,27,9,0,0,0,0,0,0,0,0,0,27.6169349,93.8391557
ARUNACHAL PRADESH,Rural,Lower Subansiri,Moped/Scooter/Motor Cycle,1146,966,180,0,0,0,114,92,22,366,308,58,375,330,45,151,112,39,31,29,2,36,34,2,31,27,4,42,34,8,27.6169349,93.8391557
ARUNACHAL PRADESH,Rural,Lower Subansiri,Car/Jeep/Van,1231,943,288,0,0,0,129,99,30,345,263,82,385,296,89,111,88,23,39,30,9,59,46,13,133,95,38,30,26,4,27.6169349,93.8391557
ARUNACHAL PRADESH,Rural,Lower Subansiri,Tempo/Autorickshaw/Taxi,542,303,239,0,0,0,28,16,12,127,65,62,350,203,147,23,8,15,2,1,1,5,5,0,3,3,0,4,2,2,27.6169349,93.8391557
ARUNACHAL PRADESH,Rural,Lower Subansiri,Bus,523,363,160,0,0,0,24,15,9,113,93,20,177,107,70,36,16,20,26,17,9,25,23,2,93,70,23,29,22,7,27.6169349,93.8391557
ARUNACHAL PRADESH,Rural,Lower Subansiri,Train,51,37,14,0,0,0,6,4,2,11,6,5,7,3,4,3,2,1,1,1,0,3,2,1,15,15,0,5,4,1,27.6169349,93.8391557
ARUNACHAL PRADESH,Rural,Lower Subansiri,Water transport,1,0,1,0,0,0,1,0,1,0,0,0,0,0,0,0,0,0,0,0,0,0,0,0,0,0,0,0,0,0,27.6169349,93.8391557
ARUNACHAL PRADESH,Rural,Lower Subansiri,Any other,34,23,11,0,0,0,3,1,2,10,5,5,7,6,1,3,2,1,2,2,0,1,1,0,6,4,2,2,2,0,27.6169349,93.8391557
ARUNACHAL PRADESH,Rural,Lower Subansiri,No travel,2806,1874,932,2806,1874,932,0,0,0,0,0,0,0,0,0,0,0,0,0,0,0,0,0,0,0,0,0,0,0,0,27.6169349,93.8391557
ARUNACHAL PRADESH,Urban,Lower Subansiri,All Modes,4196,2895,1301,900,553,347,2116,1533,583,612,406,206,417,278,139,34,28,6,20,13,7,32,31,1,42,36,6,23,17,6,27.6169349,93.8391557
ARUNACHAL PRADESH,Urban,Lower Subansiri,On foot,2338,1597,741,0,0,0,1771,1245,526,335,211,124,232,141,91,0,0,0,0,0,0,0,0,0,0,0,0,0,0,0,27.6169349,93.8391557
ARUNACHAL PRADESH,Urban,Lower Subansiri,Bicycle,64,38,26,0,0,0,18,13,5,30,14,16,9,8,1,1,1,0,6,2,4,0,0,0,0,0,0,0,0,0,27.6169349,93.8391557
ARUNACHAL PRADESH,Urban,Lower Subansiri,Moped/Scooter/Motor Cycle,355,294,61,0,0,0,153,132,21,132,105,27,32,25,7,11,8,3,4,4,0,11,11,0,3,2,1,9,7,2,27.6169349,93.8391557
ARUNACHAL PRADESH,Urban,Lower Subansiri,Car/Jeep/Van,299,247,52,0,0,0,142,117,25,61,46,15,44,36,8,15,14,1,5,4,1,8,8,0,16,16,0,8,6,2,27.6169349,93.8391557
ARUNACHAL PRADESH,Urban,Lower Subansiri,Tempo/Autorickshaw/Taxi,155,107,48,0,0,0,21,18,3,36,19,17,78,56,22,4,2,2,3,2,1,8,8,0,2,1,1,3,1,2,27.6169349,93.8391557
ARUNACHAL PRADESH,Urban,Lower Subansiri,Bus,63,41,22,0,0,0,2,2,0,15,9,6,17,7,10,2,2,0,2,1,1,2,1,1,21,17,4,2,2,0,27.6169349,93.8391557
ARUNACHAL PRADESH,Urban,Lower Subansiri,Train,13,9,4,0,0,0,7,4,3,2,1,1,2,2,0,0,0,0,0,0,0,2,2,0,0,0,0,0,0,0,27.6169349,93.8391557
ARUNACHAL PRADESH,Urban,Lower Subansiri,Water transport,0,0,0,0,0,0,0,0,0,0,0,0,0,0,0,0,0,0,0,0,0,0,0,0,0,0,0,0,0,0,27.6169349,93.8391557
ARUNACHAL PRADESH,Urban,Lower Subansiri,Any other,9,9,0,0,0,0,2,2,0,1,1,0,3,3,0,1,1,0,0,0,0,1,1,0,0,0,0,1,1,0,27.6169349,93.8391557
ARUNACHAL PRADESH,Urban,Lower Subansiri,No travel,900,553,347,900,553,347,0,0,0,0,0,0,0,0,0,0,0,0,0,0,0,0,0,0,0,0,0,0,0,0,27.6169349,93.8391557
MANIPUR,Total,Imphal West,All Modes,143492,91686,51806,53081,29578,23503,21010,12906,8104,29501,19698,9803,15979,11301,4678,9297,7404,1893,5075,3938,1137,2677,1875,802,1907,1521,386,4965,3465,1500,24.7827837,93.8858955
MANIPUR,Total,Imphal West,On foot,20587,12106,8481,0,0,0,13350,7682,5668,3587,2209,1378,3650,2215,1435,0,0,0,0,0,0,0,0,0,0,0,0,0,0,0,24.7827837,93.8858955
MANIPUR,Total,Imphal West,Bicycle,14002,11810,2192,0,0,0,2170,1681,489,6671,5564,1107,2374,2153,221,1021,949,72,1766,1463,303,0,0,0,0,0,0,0,0,0,24.7827837,93.8858955
MANIPUR,Total,Imphal West,Moped/Scooter/Motor Cycle,23170,16656,6514,0,0,0,2756,1915,841,10469,7082,3387,4246,3187,1059,2338,1984,354,401,349,52,764,545,219,191,145,46,2005,1449,556,24.7827837,93.8858955
MANIPUR,Total,Imphal West,Car/Jeep/Van,6452,4774,1678,0,0,0,708,509,199,2360,1622,738,1215,929,286,761,622,139,264,209,55,343,261,82,204,174,30,597,448,149,24.7827837,93.8858955
MANIPUR,Total,Imphal West,Tempo/Autorickshaw/Taxi,12848,7102,5746,0,0,0,1105,472,633,5003,2297,2706,2876,1730,1146,2063,1534,529,380,289,91,399,207,192,108,76,32,914,497,417,24.7827837,93.8858955
MANIPUR,Total,Imphal West,Bus,11103,7876,3227,0,0,0,388,245,143,970,595,375,1379,898,481,2921,2146,775,2194,1565,629,1073,787,286,1238,974,264,940,666,274,24.7827837,93.8858955
MANIPUR,Total,Imphal West,Train,796,599,197,0,0,0,134,82,52,222,165,57,81,60,21,72,62,10,14,10,4,33,21,12,63,56,7,177,143,34,24.7827837,93.8858955
MANIPUR,Total,Imphal West,Water transport,140,118,22,0,0,0,58,51,7,22,19,3,18,12,6,7,5,2,3,3,0,5,5,0,2,2,0,25,21,4,24.7827837,93.8858955
MANIPUR,Total,Imphal West,Any other,1313,1067,246,0,0,0,341,269,72,197,145,52,140,117,23,114,102,12,53,50,3,60,49,11,101,94,7,307,241,66,24.7827837,93.8858955
MANIPUR,Total,Imphal West,No travel,53081,29578,23503,53081,29578,23503,0,0,0,0,0,0,0,0,0,0,0,0,0,0,0,0,0,0,0,0,0,0,0,0,24.7827837,93.8858955
MANIPUR,Rural,Imphal West,All Modes,41204,27035,14169,14807,7860,6947,5673,3093,2580,6517,4793,1724,6199,4620,1579,4270,3593,677,1617,1357,260,651,497,154,471,412,59,999,810,189,24.7827837,93.8858955
MANIPUR,Rural,Imphal West,On foot,6342,3235,3107,0,0,0,4085,1949,2136,1209,727,482,1048,559,489,0,0,0,0,0,0,0,0,0,0,0,0,0,0,0,24.7827837,93.8858955
MANIPUR,Rural,Imphal West,Bicycle,5389,4671,718,0,0,0,754,545,209,2242,1922,320,1253,1164,89,571,545,26,569,495,74,0,0,0,0,0,0,0,0,0,24.7827837,93.8858955
MANIPUR,Rural,Imphal West,Moped/Scooter/Motor Cycle,5058,4125,933,0,0,0,335,261,74,1497,1150,347,1550,1258,292,1129,993,136,133,120,13,104,82,22,29,23,6,281,238,43,24.7827837,93.8858955
MANIPUR,Rural,Imphal West,Car/Jeep/Van,1115,916,199,0,0,0,69,53,16,259,189,70,289,249,40,282,239,43,53,48,5,51,45,6,42,34,8,70,59,11,24.7827837,93.8858955
MANIPUR,Rural,Imphal West,Tempo/Autorickshaw/Taxi,3919,2644,1275,0,0,0,146,84,62,885,506,379,1338,867,471,1021,785,236,170,139,31,84,55,29,20,17,3,255,191,64,24.7827837,93.8858955
MANIPUR,Rural,Imphal West,Bus,3797,2926,871,0,0,0,84,50,34,312,209,103,627,445,182,1169,942,227,658,524,134,381,287,94,307,267,40,259,202,57,24.7827837,93.8858955
MANIPUR,Rural,Imphal West,Train,263,208,55,0,0,0,43,21,22,50,40,10,33,27,6,28,25,3,5,3,2,10,8,2,25,23,2,69,61,8,24.7827837,93.8858955
MANIPUR,Rural,Imphal West,Water transport,90,81,9,0,0,0,48,45,3,14,11,3,5,3,2,1,1,0,2,2,0,1,1,0,1,1,0,18,17,1,24.7827837,93.8858955
MANIPUR,Rural,Imphal West,Any other,424,369,55,0,0,0,109,85,24,49,39,10,56,48,8,69,63,6,27,26,1,20,19,1,47,47,0,47,42,5,24.7827837,93.8858955
MANIPUR,Rural,Imphal West,No travel,14807,7860,6947,14807,7860,6947,0,0,0,0,0,0,0,0,0,0,0,0,0,0,0,0,0,0,0,0,0,0,0,0,24.7827837,93.8858955
MANIPUR,Urban,Imphal West,All Modes,102288,64651,37637,38274,21718,16556,15337,9813,5524,22984,14905,8079,9780,6681,3099,5027,3811,1216,3458,2581,877,2026,1378,648,1436,1109,327,3966,2655,1311,24.7827837,93.8858955
MANIPUR,Urban,Imphal West,On foot,14245,8871,5374,0,0,0,9265,5733,3532,2378,1482,896,2602,1656,946,0,0,0,0,0,0,0,0,0,0,0,0,0,0,0,24.7827837,93.8858955
MANIPUR,Urban,Imphal West,Bicycle,8613,7139,1474,0,0,0,1416,1136,280,4429,3642,787,1121,989,132,450,404,46,1197,968,229,0,0,0,0,0,0,0,0,0,24.7827837,93.8858955
MANIPUR,Urban,Imphal West,Moped/Scooter/Motor Cycle,18112,12531,5581,0,0,0,2421,1654,767,8972,5932,3040,2696,1929,767,1209,991,218,268,229,39,660,463,197,162,122,40,1724,1211,513,24.7827837,93.8858955
MANIPUR,Urban,Imphal West,Car/Jeep/Van,5337,3858,1479,0,0,0,639,456,183,2101,1433,668,926,680,246,479,383,96,211,161,50,292,216,76,162,140,22,527,389,138,24.7827837,93.8858955
MANIPUR,Urban,Imphal West,Tempo/Autorickshaw/Taxi,8929,4458,4471,0,0,0,959,388,571,4118,1791,2327,1538,863,675,1042,749,293,210,150,60,315,152,163,88,59,29,659,306,353,24.7827837,93.8858955
MANIPUR,Urban,Imphal West,Bus,7306,4950,2356,0,0,0,304,195,109,658,386,272,752,453,299,1752,1204,548,1536,1041,495,692,500,192,931,707,224,681,464,217,24.7827837,93.8858955
MANIPUR,Urban,Imphal West,Train,533,391,142,0,0,0,91,61,30,172,125,47,48,33,15,44,37,7,9,7,2,23,13,10,38,33,5,108,82,26,24.7827837,93.8858955
MANIPUR,Urban,Imphal West,Water transport,50,37,13,0,0,0,10,6,4,8,8,0,13,9,4,6,4,2,1,1,0,4,4,0,1,1,0,7,4,3,24.7827837,93.8858955
MANIPUR,Urban,Imphal West,Any other,889,698,191,0,0,0,232,184,48,148,106,42,84,69,15,45,39,6,26,24,2,40,30,10,54,47,7,260,199,61,24.7827837,93.8858955
MANIPUR,Urban,Imphal West,No travel,38274,21718,16556,38274,21718,16556,0,0,0,0,0,0,0,0,0,0,0,0,0,0,0,0,0,0,0,0,0,0,0,0,24.7827837,93.8858955
ASSAM,Total,Golaghat,All Modes,207654,141993,65661,56066,37833,18233,68858,41859,26999,52046,36358,15688,15390,12183,3207,6180,5469,711,4416,4020,396,1904,1713,191,1997,1841,156,797,717,80,26.5238515,93.962337
ASSAM,Total,Golaghat,On foot,86192,45575,40617,0,0,0,55305,29558,25747,25419,12657,12762,5468,3360,2108,0,0,0,0,0,0,0,0,0,0,0,0,0,0,0,26.5238515,93.962337
ASSAM,Total,Golaghat,Bicycle,39023,36341,2682,0,0,0,10175,9460,715,19452,17923,1529,5397,5132,265,1964,1905,59,2035,1921,114,0,0,0,0,0,0,0,0,0,26.5238515,93.962337
ASSAM,Total,Golaghat,Moped/Scooter/Motor Cycle,10299,9438,861,0,0,0,1985,1823,162,4142,3710,432,1812,1676,136,1267,1191,76,481,463,18,250,240,10,105,98,7,257,237,20,26.5238515,93.962337
ASSAM,Total,Golaghat,Car/Jeep/Van,2532,2074,458,0,0,0,356,274,82,947,754,193,463,370,93,265,223,42,157,142,15,135,118,17,127,116,11,82,77,5,26.5238515,93.962337
ASSAM,Total,Golaghat,Tempo/Autorickshaw/Taxi,1461,938,523,0,0,0,162,93,69,540,272,268,346,243,103,251,198,53,56,46,10,36,27,9,30,28,2,40,31,9,26.5238515,93.962337
ASSAM,Total,Golaghat,Bus,9506,7543,1963,0,0,0,379,272,107,1093,689,404,1617,1149,468,2199,1743,456,1557,1325,232,1244,1096,148,1252,1131,121,165,138,27,26.5238515,93.962337
ASSAM,Total,Golaghat,Train,1456,1311,145,0,0,0,227,173,54,226,181,45,123,107,16,86,80,6,83,80,3,177,173,4,396,386,10,138,131,7,26.5238515,93.962337
ASSAM,Total,Golaghat,Water transport,58,51,7,0,0,0,6,3,3,15,13,2,10,10,0,12,11,1,2,2,0,6,6,0,4,4,0,3,2,1,26.5238515,93.962337
ASSAM,Total,Golaghat,Any other,1061,889,172,0,0,0,263,203,60,212,159,53,154,136,18,136,118,18,45,41,4,56,53,3,83,78,5,112,101,11,26.5238515,93.962337
ASSAM,Total,Golaghat,No travel,56066,37833,18233,56066,37833,18233,0,0,0,0,0,0,0,0,0,0,0,0,0,0,0,0,0,0,0,0,0,0,0,0,26.5238515,93.962337
ASSAM,Rural,Golaghat,All Modes,174924,115173,59751,44626,29294,15332,60333,34637,25696,45306,30536,14770,13112,10251,2861,5125,4574,551,3208,2944,264,1321,1186,135,1401,1308,93,492,443,49,26.5238515,93.962337
ASSAM,Rural,Golaghat,On foot,80362,41222,39140,0,0,0,51233,26501,24732,24292,11856,12436,4837,2865,1972,0,0,0,0,0,0,0,0,0,0,0,0,0,0,0,26.5238515,93.962337
ASSAM,Rural,Golaghat,Bicycle,31518,29101,2417,0,0,0,7179,6543,636,16349,14943,1406,4793,4556,237,1720,1669,51,1477,1390,87,0,0,0,0,0,0,0,0,0,26.5238515,93.962337
ASSAM,Rural,Golaghat,Moped/Scooter/Motor Cycle,6872,6328,544,0,0,0,995,906,89,2680,2418,262,1439,1340,99,1031,976,55,356,342,14,173,164,9,61,59,2,137,123,14,26.5238515,93.962337
ASSAM,Rural,Golaghat,Car/Jeep/Van,1287,1032,255,0,0,0,159,126,33,366,257,109,304,236,68,173,153,20,90,85,5,82,69,13,77,72,5,36,34,2,26.5238515,93.962337
ASSAM,Rural,Golaghat,Tempo/Autorickshaw/Taxi,1071,753,318,0,0,0,88,59,29,360,210,150,286,207,79,210,171,39,43,36,7,29,23,6,25,23,2,30,24,6,26.5238515,93.962337
ASSAM,Rural,Golaghat,Bus,7222,5708,1514,0,0,0,315,225,90,922,577,345,1206,830,376,1806,1442,364,1146,998,148,867,764,103,867,794,73,93,78,15,26.5238515,93.962337
ASSAM,Rural,Golaghat,Train,1183,1058,125,0,0,0,193,143,50,193,153,40,116,100,16,78,73,5,61,60,1,123,122,1,306,298,8,113,109,4,26.5238515,93.962337
ASSAM,Rural,Golaghat,Water transport,51,44,7,0,0,0,6,3,3,11,9,2,8,8,0,11,10,1,2,2,0,6,6,0,4,4,0,3,2,1,26.5238515,93.962337
ASSAM,Rural,Golaghat,Any other,732,633,99,0,0,0,165,131,34,133,113,20,123,109,14,96,80,16,33,31,2,41,38,3,61,58,3,80,73,7,26.5238515,93.962337
ASSAM,Rural,Golaghat,No travel,44626,29294,15332,44626,29294,15332,0,0,0,0,0,0,0,0,0,0,0,0,0,0,0,0,0,0,0,0,0,0,0,0,26.5238515,93.962337
ASSAM,Urban,Golaghat,All Modes,32730,26820,5910,11440,8539,2901,8525,7222,1303,6740,5822,918,2278,1932,346,1055,895,160,1208,1076,132,583,527,56,596,533,63,305,274,31,26.5238515,93.962337
ASSAM,Urban,Golaghat,On foot,5830,4353,1477,0,0,0,4072,3057,1015,1127,801,326,631,495,136,0,0,0,0,0,0,0,0,0,0,0,0,0,0,0,26.5238515,93.962337
ASSAM,Urban,Golaghat,Bicycle,7505,7240,265,0,0,0,2996,2917,79,3103,2980,123,604,576,28,244,236,8,558,531,27,0,0,0,0,0,0,0,0,0,26.5238515,93.962337
ASSAM,Urban,Golaghat,Moped/Scooter/Motor Cycle,3427,3110,317,0,0,0,990,917,73,1462,1292,170,373,336,37,236,215,21,125,121,4,77,76,1,44,39,5,120,114,6,26.5238515,93.962337
ASSAM,Urban,Golaghat,Car/Jeep/Van,1245,1042,203,0,0,0,197,148,49,581,497,84,159,134,25,92,70,22,67,57,10,53,49,4,50,44,6,46,43,3,26.5238515,93.962337
ASSAM,Urban,Golaghat,Tempo/Autorickshaw/Taxi,390,185,205,0,0,0,74,34,40,180,62,118,60,36,24,41,27,14,13,10,3,7,4,3,5,5,0,10,7,3,26.5238515,93.962337
ASSAM,Urban,Golaghat,Bus,2284,1835,449,0,0,0,64,47,17,171,112,59,411,319,92,393,301,92,411,327,84,377,332,45,385,337,48,72,60,12,26.5238515,93.962337
ASSAM,Urban,Golaghat,Train,273,253,20,0,0,0,34,30,4,33,28,5,7,7,0,8,7,1,22,20,2,54,51,3,90,88,2,25,22,3,26.5238515,93.962337
ASSAM,Urban,Golaghat,Water transport,7,7,0,0,0,0,0,0,0,4,4,0,2,2,0,1,1,0,0,0,0,0,0,0,0,0,0,0,0,0,26.5238515,93.962337
ASSAM,Urban,Golaghat,Any other,329,256,73,0,0,0,98,72,26,79,46,33,31,27,4,40,38,2,12,10,2,15,15,0,22,20,2,32,28,4,26.5238515,93.962337
ASSAM,Urban,Golaghat,No travel,11440,8539,2901,11440,8539,2901,0,0,0,0,0,0,0,0,0,0,0,0,0,0,0,0,0,0,0,0,0,0,0,0,26.5238515,93.962337
MANIPUR,Total,Imphal East,All Modes,116417,78048,38369,46916,26041,20875,12827,8045,4782,26343,19850,6493,14837,11542,3295,5150,4259,891,3772,3244,528,1689,1274,415,1505,1247,258,3378,2546,832,24.7806536,93.9674371
MANIPUR,Total,Imphal East,On foot,13151,7896,5255,0,0,0,8051,4560,3491,2689,1788,901,2411,1548,863,0,0,0,0,0,0,0,0,0,0,0,0,0,0,0,24.7806536,93.9674371
MANIPUR,Total,Imphal East,Bicycle,15353,13808,1545,0,0,0,1856,1526,330,7535,6760,775,3153,2947,206,876,835,41,1933,1740,193,0,0,0,0,0,0,0,0,0,24.7806536,93.9674371
MANIPUR,Total,Imphal East,Moped/Scooter/Motor Cycle,17193,13015,4178,0,0,0,1525,1073,452,8181,5996,2185,4102,3233,869,1273,1088,185,254,230,24,377,272,105,85,62,23,1396,1061,335,24.7806536,93.9674371
MANIPUR,Total,Imphal East,Car/Jeep/Van,3875,3012,863,0,0,0,257,180,77,1482,1096,386,971,783,188,399,328,71,151,123,28,165,134,31,127,113,14,323,255,68,24.7806536,93.9674371
MANIPUR,Total,Imphal East,Tempo/Autorickshaw/Taxi,11705,7854,3851,0,0,0,677,399,278,5286,3288,1998,3025,2149,876,1287,1017,270,241,182,59,307,212,95,78,60,18,804,547,257,24.7806536,93.9674371
MANIPUR,Total,Imphal East,Bus,6157,4691,1466,0,0,0,175,122,53,562,400,162,816,558,258,1168,864,304,1119,901,218,748,572,176,1080,890,190,489,384,105,24.7806536,93.9674371
MANIPUR,Total,Imphal East,Train,853,717,136,0,0,0,125,82,43,272,239,33,160,145,15,59,52,7,12,9,3,27,24,3,52,45,7,146,121,25,24.7806536,93.9674371
MANIPUR,Total,Imphal East,Water transport,198,133,65,0,0,0,80,43,37,29,20,9,12,11,1,10,6,4,11,10,1,7,7,0,6,6,0,43,30,13,24.7806536,93.9674371
MANIPUR,Total,Imphal East,Any other,1016,881,135,0,0,0,81,60,21,307,263,44,187,168,19,78,69,9,51,49,2,58,53,5,77,71,6,177,148,29,24.7806536,93.9674371
MANIPUR,Total,Imphal East,No travel,46916,26041,20875,46916,26041,20875,0,0,0,0,0,0,0,0,0,0,0,0,0,0,0,0,0,0,0,0,0,0,0,0,24.7806536,93.9674371
MANIPUR,Rural,Imphal East,All Modes,57744,39853,17891,25204,14144,11060,5444,3380,2064,10048,7985,2063,8316,6856,1460,3538,3059,479,2341,2068,273,786,669,117,613,555,58,1454,1137,317,24.7806536,93.9674371
MANIPUR,Rural,Imphal East,On foot,6330,3804,2526,0,0,0,3607,1977,1630,1486,990,496,1237,837,400,0,0,0,0,0,0,0,0,0,0,0,0,0,0,0,24.7806536,93.9674371
MANIPUR,Rural,Imphal East,Bicycle,8674,7918,756,0,0,0,858,707,151,3742,3378,364,2297,2171,126,705,676,29,1072,986,86,0,0,0,0,0,0,0,0,0,24.7806536,93.9674371
MANIPUR,Rural,Imphal East,Moped/Scooter/Motor Cycle,6362,5114,1248,0,0,0,438,324,114,2317,1793,524,1966,1613,353,780,699,81,170,155,15,152,117,35,27,21,6,512,392,120,24.7806536,93.9674371
MANIPUR,Rural,Imphal East,Car/Jeep/Van,1262,1056,206,0,0,0,45,32,13,308,251,57,416,359,57,211,178,33,96,77,19,47,42,5,40,38,2,99,79,20,24.7806536,93.9674371
MANIPUR,Rural,Imphal East,Tempo/Autorickshaw/Taxi,5482,4063,1419,0,0,0,254,170,84,1649,1111,538,1797,1373,424,991,813,178,185,141,44,154,124,30,36,29,7,416,302,114,24.7806536,93.9674371
MANIPUR,Rural,Imphal East,Bus,3237,2731,506,0,0,0,93,73,20,235,193,42,349,270,79,749,605,144,762,657,105,370,325,45,433,395,38,246,213,33,24.7806536,93.9674371
MANIPUR,Rural,Imphal East,Train,489,425,64,0,0,0,47,31,16,142,127,15,119,110,9,47,42,5,8,7,1,18,16,2,28,24,4,80,68,12,24.7806536,93.9674371
MANIPUR,Rural,Imphal East,Water transport,157,107,50,0,0,0,69,41,28,18,13,5,9,8,1,7,3,4,11,10,1,6,6,0,4,4,0,33,22,11,24.7806536,93.9674371
MANIPUR,Rural,Imphal East,Any other,547,491,56,0,0,0,33,25,8,151,129,22,126,115,11,48,43,5,37,35,2,39,39,0,45,44,1,68,61,7,24.7806536,93.9674371
MANIPUR,Rural,Imphal East,No travel,25204,14144,11060,25204,14144,11060,0,0,0,0,0,0,0,0,0,0,0,0,0,0,0,0,0,0,0,0,0,0,0,0,24.7806536,93.9674371
MANIPUR,Urban,Imphal East,All Modes,58673,38195,20478,21712,11897,9815,7383,4665,2718,16295,11865,4430,6521,4686,1835,1612,1200,412,1431,1176,255,903,605,298,892,692,200,1924,1409,515,24.7806536,93.9674371
MANIPUR,Urban,Imphal East,On foot,6821,4092,2729,0,0,0,4444,2583,1861,1203,798,405,1174,711,463,0,0,0,0,0,0,0,0,0,0,0,0,0,0,0,24.7806536,93.9674371
MANIPUR,Urban,Imphal East,Bicycle,6679,5890,789,0,0,0,998,819,179,3793,3382,411,856,776,80,171,159,12,861,754,107,0,0,0,0,0,0,0,0,0,24.7806536,93.9674371
MANIPUR,Urban,Imphal East,Moped/Scooter/Motor Cycle,10831,7901,2930,0,0,0,1087,749,338,5864,4203,1661,2136,1620,516,493,389,104,84,75,9,225,155,70,58,41,17,884,669,215,24.7806536,93.9674371
MANIPUR,Urban,Imphal East,Car/Jeep/Van,2613,1956,657,0,0,0,212,148,64,1174,845,329,555,424,131,188,150,38,55,46,9,118,92,26,87,75,12,224,176,48,24.7806536,93.9674371
MANIPUR,Urban,Imphal East,Tempo/Autorickshaw/Taxi,6223,3791,2432,0,0,0,423,229,194,3637,2177,1460,1228,776,452,296,204,92,56,41,15,153,88,65,42,31,11,388,245,143,24.7806536,93.9674371
MANIPUR,Urban,Imphal East,Bus,2920,1960,960,0,0,0,82,49,33,327,207,120,467,288,179,419,259,160,357,244,113,378,247,131,647,495,152,243,171,72,24.7806536,93.9674371
MANIPUR,Urban,Imphal East,Train,364,292,72,0,0,0,78,51,27,130,112,18,41,35,6,12,10,2,4,2,2,9,8,1,24,21,3,66,53,13,24.7806536,93.9674371
MANIPUR,Urban,Imphal East,Water transport,41,26,15,0,0,0,11,2,9,11,7,4,3,3,0,3,3,0,0,0,0,1,1,0,2,2,0,10,8,2,24.7806536,93.9674371
MANIPUR,Urban,Imphal East,Any other,469,390,79,0,0,0,48,35,13,156,134,22,61,53,8,30,26,4,14,14,0,19,14,5,32,27,5,109,87,22,24.7806536,93.9674371
MANIPUR,Urban,Imphal East,No travel,21712,11897,9815,21712,11897,9815,0,0,0,0,0,0,0,0,0,0,0,0,0,0,0,0,0,0,0,0,0,0,0,0,24.7806536,93.9674371
MANIPUR,Total,Thoubal,All Modes,63865,45059,18806,29314,17921,11393,8852,5850,3002,8705,6743,1962,4411,3602,809,3435,3030,405,4118,3495,623,2706,2324,382,1466,1355,111,858,739,119,24.6449243,93.99929
MANIPUR,Total,Thoubal,On foot,9040,5706,3334,0,0,0,6374,3906,2468,1599,1070,529,1067,730,337,0,0,0,0,0,0,0,0,0,0,0,0,0,0,0,24.6449243,93.99929
MANIPUR,Total,Thoubal,Bicycle,7152,6041,1111,0,0,0,1505,1208,297,3908,3281,627,931,860,71,274,251,23,534,441,93,0,0,0,0,0,0,0,0,0,24.6449243,93.99929
MANIPUR,Total,Thoubal,Moped/Scooter/Motor Cycle,3481,2905,576,0,0,0,402,307,95,1363,1075,288,641,544,97,523,491,32,246,229,17,141,123,18,45,42,3,120,94,26,24.6449243,93.99929
MANIPUR,Total,Thoubal,Car/Jeep/Van,1381,1120,261,0,0,0,64,54,10,269,175,94,231,193,38,265,211,54,209,186,23,186,167,19,88,80,8,69,54,15,24.6449243,93.99929
MANIPUR,Total,Thoubal,Tempo/Autorickshaw/Taxi,2543,1992,551,0,0,0,103,58,45,736,485,251,512,427,85,623,554,69,355,305,50,110,82,28,29,26,3,75,55,20,24.6449243,93.99929
MANIPUR,Total,Thoubal,Bus,9746,8279,1467,0,0,0,183,135,48,581,435,146,912,740,172,1666,1446,220,2697,2260,437,2179,1866,313,1124,1034,90,404,363,41,24.6449243,93.99929
MANIPUR,Total,Thoubal,Train,382,329,53,0,0,0,38,23,15,58,45,13,28,26,2,17,15,2,26,23,3,21,20,1,96,90,6,98,87,11,24.6449243,93.99929
MANIPUR,Total,Thoubal,Water transport,192,174,18,0,0,0,92,84,8,40,37,3,30,29,1,8,4,4,1,1,0,5,4,1,4,4,0,12,11,1,24.6449243,93.99929
MANIPUR,Total,Thoubal,Any other,634,592,42,0,0,0,91,75,16,151,140,11,59,53,6,59,58,1,50,50,0,64,62,2,80,79,1,80,75,5,24.6449243,93.99929
MANIPUR,Total,Thoubal,No travel,29314,17921,11393,29314,17921,11393,0,0,0,0,0,0,0,0,0,0,0,0,0,0,0,0,0,0,0,0,0,0,0,0,24.6449243,93.99929
MANIPUR,Rural,Thoubal,All Modes,33642,23720,9922,16102,9564,6538,3689,2582,1107,4106,3257,849,2518,2080,438,1728,1480,248,2487,2106,381,1700,1455,245,804,756,48,508,440,68,24.6449243,93.99929
MANIPUR,Rural,Thoubal,On foot,4051,2703,1348,0,0,0,2614,1702,912,809,558,251,628,443,185,0,0,0,0,0,0,0,0,0,0,0,0,0,0,0,24.6449243,93.99929
MANIPUR,Rural,Thoubal,Bicycle,3412,2912,500,0,0,0,586,484,102,1841,1563,278,505,459,46,158,145,13,322,261,61,0,0,0,0,0,0,0,0,0,24.6449243,93.99929
MANIPUR,Rural,Thoubal,Moped/Scooter/Motor Cycle,1539,1336,203,0,0,0,118,99,19,487,409,78,337,288,49,250,227,23,172,163,9,89,79,10,26,24,2,60,47,13,24.6449243,93.99929
MANIPUR,Rural,Thoubal,Car/Jeep/Van,781,609,172,0,0,0,28,22,6,117,60,57,147,122,25,164,116,48,124,110,14,98,90,8,57,54,3,46,35,11,24.6449243,93.99929
MANIPUR,Rural,Thoubal,Tempo/Autorickshaw/Taxi,1484,1197,287,0,0,0,59,37,22,359,259,100,332,284,48,317,270,47,285,245,40,77,58,19,13,11,2,42,33,9,24.6449243,93.99929
MANIPUR,Rural,Thoubal,Bus,5425,4608,817,0,0,0,110,86,24,308,236,72,497,415,82,777,663,114,1537,1282,255,1375,1170,205,604,565,39,217,191,26,24.6449243,93.99929
MANIPUR,Rural,Thoubal,Train,237,206,31,0,0,0,21,8,13,34,26,8,15,15,0,12,12,0,14,12,2,18,17,1,52,51,1,71,65,6,24.6449243,93.99929
MANIPUR,Rural,Thoubal,Water transport,183,169,14,0,0,0,89,83,6,39,36,3,29,29,0,7,4,3,1,1,0,5,4,1,4,4,0,9,8,1,24.6449243,93.99929
MANIPUR,Rural,Thoubal,Any other,428,416,12,0,0,0,64,61,3,112,110,2,28,25,3,43,43,0,32,32,0,38,37,1,48,47,1,63,61,2,24.6449243,93.99929
MANIPUR,Rural,Thoubal,No travel,16102,9564,6538,16102,9564,6538,0,0,0,0,0,0,0,0,0,0,0,0,0,0,0,0,0,0,0,0,0,0,0,0,24.6449243,93.99929
MANIPUR,Urban,Thoubal,All Modes,30223,21339,8884,13212,8357,4855,5163,3268,1895,4599,3486,1113,1893,1522,371,1707,1550,157,1631,1389,242,1006,869,137,662,599,63,350,299,51,24.6449243,93.99929
MANIPUR,Urban,Thoubal,On foot,4989,3003,1986,0,0,0,3760,2204,1556,790,512,278,439,287,152,0,0,0,0,0,0,0,0,0,0,0,0,0,0,0,24.6449243,93.99929
MANIPUR,Urban,Thoubal,Bicycle,3740,3129,611,0,0,0,919,724,195,2067,1718,349,426,401,25,116,106,10,212,180,32,0,0,0,0,0,0,0,0,0,24.6449243,93.99929
MANIPUR,Urban,Thoubal,Moped/Scooter/Motor Cycle,1942,1569,373,0,0,0,284,208,76,876,666,210,304,256,48,273,264,9,74,66,8,52,44,8,19,18,1,60,47,13,24.6449243,93.99929
MANIPUR,Urban,Thoubal,Car/Jeep/Van,600,511,89,0,0,0,36,32,4,152,115,37,84,71,13,101,95,6,85,76,9,88,77,11,31,26,5,23,19,4,24.6449243,93.99929
MANIPUR,Urban,Thoubal,Tempo/Autorickshaw/Taxi,1059,795,264,0,0,0,44,21,23,377,226,151,180,143,37,306,284,22,70,60,10,33,24,9,16,15,1,33,22,11,24.6449243,93.99929
MANIPUR,Urban,Thoubal,Bus,4321,3671,650,0,0,0,73,49,24,273,199,74,415,325,90,889,783,106,1160,978,182,804,696,108,520,469,51,187,172,15,24.6449243,93.99929
MANIPUR,Urban,Thoubal,Train,145,123,22,0,0,0,17,15,2,24,19,5,13,11,2,5,3,2,12,11,1,3,3,0,44,39,5,27,22,5,24.6449243,93.99929
MANIPUR,Urban,Thoubal,Water transport,9,5,4,0,0,0,3,1,2,1,1,0,1,0,1,1,0,1,0,0,0,0,0,0,0,0,0,3,3,0,24.6449243,93.99929
MANIPUR,Urban,Thoubal,Any other,206,176,30,0,0,0,27,14,13,39,30,9,31,28,3,16,15,1,18,18,0,26,25,1,32,32,0,17,14,3,24.6449243,93.99929
MANIPUR,Urban,Thoubal,No travel,13212,8357,4855,13212,8357,4855,0,0,0,0,0,0,0,0,0,0,0,0,0,0,0,0,0,0,0,0,0,0,0,0,24.6449243,93.99929
MANIPUR,Total,Chandel,All Modes,21628,15631,5997,13085,10076,3009,3583,2164,1419,1950,1223,727,1495,1019,476,342,236,106,296,206,90,271,213,58,420,344,76,186,150,36,24.3262003,94.0006003
MANIPUR,Total,Chandel,On foot,5237,3240,1997,0,0,0,3081,1804,1277,956,629,327,1200,807,393,0,0,0,0,0,0,0,0,0,0,0,0,0,0,0,24.3262003,94.0006003
MANIPUR,Total,Chandel,Bicycle,629,385,244,0,0,0,146,98,48,370,199,171,29,26,3,18,14,4,66,48,18,0,0,0,0,0,0,0,0,0,24.3262003,94.0006003
MANIPUR,Total,Chandel,Moped/Scooter/Motor Cycle,549,442,107,0,0,0,99,78,21,233,180,53,63,59,4,65,48,17,31,27,4,23,19,4,12,12,0,23,19,4,24.3262003,94.0006003
MANIPUR,Total,Chandel,Car/Jeep/Van,467,359,108,0,0,0,68,52,16,91,63,28,33,21,12,43,27,16,28,19,9,31,22,9,136,125,11,37,30,7,24.3262003,94.0006003
MANIPUR,Total,Chandel,Tempo/Autorickshaw/Taxi,281,165,116,0,0,0,40,21,19,123,60,63,45,26,19,9,7,2,15,10,5,9,8,1,18,15,3,22,18,4,24.3262003,94.0006003
MANIPUR,Total,Chandel,Bus,1127,783,344,0,0,0,84,65,19,121,63,58,110,70,40,190,128,62,147,95,52,196,156,40,229,170,59,50,36,14,24.3262003,94.0006003
MANIPUR,Total,Chandel,Train,90,61,29,0,0,0,16,8,8,19,10,9,4,1,3,8,4,4,3,2,1,2,1,1,14,13,1,24,22,2,24.3262003,94.0006003
MANIPUR,Total,Chandel,Water transport,5,5,0,0,0,0,2,2,0,0,0,0,1,1,0,0,0,0,0,0,0,0,0,0,1,1,0,1,1,0,24.3262003,94.0006003
MANIPUR,Total,Chandel,Any other,158,115,43,0,0,0,47,36,11,37,19,18,10,8,2,9,8,1,6,5,1,10,7,3,10,8,2,29,24,5,24.3262003,94.0006003
MANIPUR,Total,Chandel,No travel,13085,10076,3009,13085,10076,3009,0,0,0,0,0,0,0,0,0,0,0,0,0,0,0,0,0,0,0,0,0,0,0,0,24.3262003,94.0006003
MANIPUR,Rural,Chandel,All Modes,16127,11834,4293,11105,8626,2479,1645,940,705,1358,813,545,730,505,225,331,225,106,271,187,84,259,202,57,280,219,61,148,117,31,24.3262003,94.0006003
MANIPUR,Rural,Chandel,On foot,2324,1365,959,0,0,0,1277,679,598,578,361,217,469,325,144,0,0,0,0,0,0,0,0,0,0,0,0,0,0,0,24.3262003,94.0006003
MANIPUR,Rural,Chandel,Bicycle,428,269,159,0,0,0,88,62,26,248,134,114,28,25,3,16,12,4,48,36,12,0,0,0,0,0,0,0,0,0,24.3262003,94.0006003
MANIPUR,Rural,Chandel,Moped/Scooter/Motor Cycle,465,370,95,0,0,0,81,66,15,190,142,48,54,50,4,61,44,17,30,26,4,22,18,4,8,8,0,19,16,3,24.3262003,94.0006003
MANIPUR,Rural,Chandel,Car/Jeep/Van,324,231,93,0,0,0,55,40,15,80,54,26,29,18,11,42,26,16,27,18,9,27,19,8,38,35,3,26,21,5,24.3262003,94.0006003
MANIPUR,Rural,Chandel,Tempo/Autorickshaw/Taxi,187,79,108,0,0,0,27,10,17,93,34,59,26,8,18,7,5,2,12,7,5,4,3,1,7,4,3,11,8,3,24.3262003,94.0006003
MANIPUR,Rural,Chandel,Bus,1090,752,338,0,0,0,81,62,19,119,62,57,110,70,40,188,126,62,146,94,52,194,154,40,209,155,54,43,29,14,24.3262003,94.0006003
MANIPUR,Rural,Chandel,Train,76,54,22,0,0,0,11,6,5,15,9,6,3,0,3,8,4,4,3,2,1,2,1,1,12,11,1,22,21,1,24.3262003,94.0006003
MANIPUR,Rural,Chandel,Water transport,5,5,0,0,0,0,2,2,0,0,0,0,1,1,0,0,0,0,0,0,0,0,0,0,1,1,0,1,1,0,24.3262003,94.0006003
MANIPUR,Rural,Chandel,Any other,123,83,40,0,0,0,23,13,10,35,17,18,10,8,2,9,8,1,5,4,1,10,7,3,5,5,0,26,21,5,24.3262003,94.0006003
MANIPUR,Rural,Chandel,No travel,11105,8626,2479,11105,8626,2479,0,0,0,0,0,0,0,0,0,0,0,0,0,0,0,0,0,0,0,0,0,0,0,0,24.3262003,94.0006003
MANIPUR,Urban,Chandel,All Modes,5501,3797,1704,1980,1450,530,1938,1224,714,592,410,182,765,514,251,11,11,0,25,19,6,12,11,1,140,125,15,38,33,5,24.3262003,94.0006003
MANIPUR,Urban,Chandel,On foot,2913,1875,1038,0,0,0,1804,1125,679,378,268,110,731,482,249,0,0,0,0,0,0,0,0,0,0,0,0,0,0,0,24.3262003,94.0006003
MANIPUR,Urban,Chandel,Bicycle,201,116,85,0,0,0,58,36,22,122,65,57,1,1,0,2,2,0,18,12,6,0,0,0,0,0,0,0,0,0,24.3262003,94.0006003
MANIPUR,Urban,Chandel,Moped/Scooter/Motor Cycle,84,72,12,0,0,0,18,12,6,43,38,5,9,9,0,4,4,0,1,1,0,1,1,0,4,4,0,4,3,1,24.3262003,94.0006003
MANIPUR,Urban,Chandel,Car/Jeep/Van,143,128,15,0,0,0,13,12,1,11,9,2,4,3,1,1,1,0,1,1,0,4,3,1,98,90,8,11,9,2,24.3262003,94.0006003
MANIPUR,Urban,Chandel,Tempo/Autorickshaw/Taxi,94,86,8,0,0,0,13,11,2,30,26,4,19,18,1,2,2,0,3,3,0,5,5,0,11,11,0,11,10,1,24.3262003,94.0006003
MANIPUR,Urban,Chandel,Bus,37,31,6,0,0,0,3,3,0,2,1,1,0,0,0,2,2,0,1,1,0,2,2,0,20,15,5,7,7,0,24.3262003,94.0006003
MANIPUR,Urban,Chandel,Train,14,7,7,0,0,0,5,2,3,4,1,3,1,1,0,0,0,0,0,0,0,0,0,0,2,2,0,2,1,1,24.3262003,94.0006003
MANIPUR,Urban,Chandel,Water transport,0,0,0,0,0,0,0,0,0,0,0,0,0,0,0,0,0,0,0,0,0,0,0,0,0,0,0,0,0,0,24.3262003,94.0006003
MANIPUR,Urban,Chandel,Any other,35,32,3,0,0,0,24,23,1,2,2,0,0,0,0,0,0,0,1,1,0,0,0,0,5,3,2,3,3,0,24.3262003,94.0006003
MANIPUR,Urban,Chandel,No travel,1980,1450,530,1980,1450,530,0,0,0,0,0,0,0,0,0,0,0,0,0,0,0,0,0,0,0,0,0,0,0,0,24.3262003,94.0006003
MANIPUR,Total,Senapati,All Modes,42307,27673,14634,25479,16924,8555,6126,3664,2462,4123,2655,1468,3596,2151,1445,739,540,199,573,460,113,532,419,113,471,385,86,668,475,193,25.2677276,94.0210189
MANIPUR,Total,Senapati,On foot,10726,6328,4398,0,0,0,5424,3173,2251,2450,1509,941,2852,1646,1206,0,0,0,0,0,0,0,0,0,0,0,0,0,0,0,25.2677276,94.0210189
MANIPUR,Total,Senapati,Bicycle,646,481,165,0,0,0,109,78,31,335,254,81,69,52,17,34,26,8,99,71,28,0,0,0,0,0,0,0,0,0,25.2677276,94.0210189
MANIPUR,Total,Senapati,Moped/Scooter/Motor Cycle,541,447,94,0,0,0,71,52,19,183,146,37,74,62,12,91,79,12,42,38,4,12,11,1,20,18,2,48,41,7,25.2677276,94.0210189
MANIPUR,Total,Senapati,Car/Jeep/Van,1231,914,317,0,0,0,161,113,48,403,281,122,167,120,47,94,70,24,79,69,10,123,100,23,73,62,11,131,99,32,25.2677276,94.0210189
MANIPUR,Total,Senapati,Tempo/Autorickshaw/Taxi,660,437,223,0,0,0,110,74,36,220,135,85,58,37,21,63,38,25,33,27,6,84,64,20,45,32,13,47,30,17,25.2677276,94.0210189
MANIPUR,Total,Senapati,Bus,2421,1693,728,0,0,0,194,129,65,465,284,181,344,206,138,407,290,117,305,242,63,288,222,66,243,191,52,175,129,46,25.2677276,94.0210189
MANIPUR,Total,Senapati,Train,191,147,44,0,0,0,18,13,5,23,14,9,13,10,3,16,8,8,2,0,2,5,4,1,66,61,5,48,37,11,25.2677276,94.0210189
MANIPUR,Total,Senapati,Water transport,9,6,3,0,0,0,1,0,1,2,2,0,0,0,0,1,1,0,0,0,0,0,0,0,1,0,1,4,3,1,25.2677276,94.0210189
MANIPUR,Total,Senapati,Any other,403,296,107,0,0,0,38,32,6,42,30,12,19,18,1,33,28,5,13,13,0,20,18,2,23,21,2,215,136,79,25.2677276,94.0210189
MANIPUR,Total,Senapati,No travel,25479,16924,8555,25479,16924,8555,0,0,0,0,0,0,0,0,0,0,0,0,0,0,0,0,0,0,0,0,0,0,0,0,25.2677276,94.0210189
MANIPUR,Rural,Senapati,All Modes,40964,26857,14107,24759,16483,8276,5931,3560,2371,3992,2579,1413,3392,2028,1364,716,524,192,565,457,108,511,402,109,447,365,82,651,459,192,25.2677276,94.0210189
MANIPUR,Rural,Senapati,On foot,10266,6068,4198,0,0,0,5244,3078,2166,2354,1453,901,2668,1537,1131,0,0,0,0,0,0,0,0,0,0,0,0,0,0,0,25.2677276,94.0210189
MANIPUR,Rural,Senapati,Bicycle,642,478,164,0,0,0,109,78,31,333,253,80,68,51,17,33,25,8,99,71,28,0,0,0,0,0,0,0,0,0,25.2677276,94.0210189
MANIPUR,Rural,Senapati,Moped/Scooter/Motor Cycle,524,433,91,0,0,0,67,49,18,173,138,35,73,61,12,89,77,12,42,38,4,12,11,1,20,18,2,48,41,7,25.2677276,94.0210189
MANIPUR,Rural,Senapati,Car/Jeep/Van,1212,901,311,0,0,0,159,112,47,401,280,121,165,119,46,92,70,22,78,69,9,122,99,23,73,62,11,122,90,32,25.2677276,94.0210189
MANIPUR,Rural,Senapati,Tempo/Autorickshaw/Taxi,655,435,220,0,0,0,110,74,36,217,134,83,57,36,21,63,38,25,33,27,6,84,64,20,45,32,13,46,30,16,25.2677276,94.0210189
MANIPUR,Rural,Senapati,Bus,2326,1629,697,0,0,0,188,126,62,450,276,174,330,196,134,389,277,112,298,239,59,268,206,62,233,185,48,170,124,46,25.2677276,94.0210189
MANIPUR,Rural,Senapati,Train,172,131,41,0,0,0,18,13,5,20,13,7,12,10,2,16,8,8,2,0,2,5,4,1,52,47,5,47,36,11,25.2677276,94.0210189
MANIPUR,Rural,Senapati,Water transport,9,6,3,0,0,0,1,0,1,2,2,0,0,0,0,1,1,0,0,0,0,0,0,0,1,0,1,4,3,1,25.2677276,94.0210189
MANIPUR,Rural,Senapati,Any other,399,293,106,0,0,0,35,30,5,42,30,12,19,18,1,33,28,5,13,13,0,20,18,2,23,21,2,214,135,79,25.2677276,94.0210189
MANIPUR,Rural,Senapati,No travel,24759,16483,8276,24759,16483,8276,0,0,0,0,0,0,0,0,0,0,0,0,0,0,0,0,0,0,0,0,0,0,0,0,25.2677276,94.0210189
MANIPUR,Urban,Senapati,All Modes,1343,816,527,720,441,279,195,104,91,131,76,55,204,123,81,23,16,7,8,3,5,21,17,4,24,20,4,17,16,1,25.2677276,94.0210189
MANIPUR,Urban,Senapati,On foot,460,260,200,0,0,0,180,95,85,96,56,40,184,109,75,0,0,0,0,0,0,0,0,0,0,0,0,0,0,0,25.2677276,94.0210189
MANIPUR,Urban,Senapati,Bicycle,4,3,1,0,0,0,0,0,0,2,1,1,1,1,0,1,1,0,0,0,0,0,0,0,0,0,0,0,0,0,25.2677276,94.0210189
MANIPUR,Urban,Senapati,Moped/Scooter/Motor Cycle,17,14,3,0,0,0,4,3,1,10,8,2,1,1,0,2,2,0,0,0,0,0,0,0,0,0,0,0,0,0,25.2677276,94.0210189
MANIPUR,Urban,Senapati,Car/Jeep/Van,19,13,6,0,0,0,2,1,1,2,1,1,2,1,1,2,0,2,1,0,1,1,1,0,0,0,0,9,9,0,25.2677276,94.0210189
MANIPUR,Urban,Senapati,Tempo/Autorickshaw/Taxi,5,2,3,0,0,0,0,0,0,3,1,2,1,1,0,0,0,0,0,0,0,0,0,0,0,0,0,1,0,1,25.2677276,94.0210189
MANIPUR,Urban,Senapati,Bus,95,64,31,0,0,0,6,3,3,15,8,7,14,10,4,18,13,5,7,3,4,20,16,4,10,6,4,5,5,0,25.2677276,94.0210189
MANIPUR,Urban,Senapati,Train,19,16,3,0,0,0,0,0,0,3,1,2,1,0,1,0,0,0,0,0,0,0,0,0,14,14,0,1,1,0,25.2677276,94.0210189
MANIPUR,Urban,Senapati,Water transport,0,0,0,0,0,0,0,0,0,0,0,0,0,0,0,0,0,0,0,0,0,0,0,0,0,0,0,0,0,0,25.2677276,94.0210189
MANIPUR,Urban,Senapati,Any other,4,3,1,0,0,0,3,2,1,0,0,0,0,0,0,0,0,0,0,0,0,0,0,0,0,0,0,1,1,0,25.2677276,94.0210189
MANIPUR,Urban,Senapati,No travel,720,441,279,720,441,279,0,0,0,0,0,0,0,0,0,0,0,0,0,0,0,0,0,0,0,0,0,0,0,0,25.2677276,94.0210189
ASSAM,Total,Lakhimpur,All Modes,135713,102515,33198,34550,23991,10559,35781,24496,11285,36077,27997,8080,13265,11440,1825,6808,6138,670,3502,3224,278,2742,2504,238,2639,2417,222,349,308,41,27.2253189,94.1053307
ASSAM,Total,Lakhimpur,On foot,40847,24108,16739,0,0,0,26507,15925,10582,11945,6443,5502,2395,1740,655,0,0,0,0,0,0,0,0,0,0,0,0,0,0,0,27.2253189,94.1053307
ASSAM,Total,Lakhimpur,Bicycle,32428,31006,1422,0,0,0,6638,6326,312,16202,15392,810,5948,5735,213,2476,2428,48,1164,1125,39,0,0,0,0,0,0,0,0,0,27.2253189,94.1053307
ASSAM,Total,Lakhimpur,Moped/Scooter/Motor Cycle,12820,11587,1233,0,0,0,1767,1625,142,5464,4829,635,2877,2588,289,1684,1567,117,494,467,27,302,294,8,132,122,10,100,95,5,27.2253189,94.1053307
ASSAM,Total,Lakhimpur,Car/Jeep/Van,1975,1514,461,0,0,0,233,186,47,724,499,225,290,212,78,253,201,52,140,119,21,146,134,12,155,135,20,34,28,6,27.2253189,94.1053307
ASSAM,Total,Lakhimpur,Tempo/Autorickshaw/Taxi,1891,925,966,0,0,0,137,59,78,840,276,564,461,237,224,274,200,74,61,50,11,54,50,4,41,36,5,23,17,6,27.2253189,94.1053307
ASSAM,Total,Lakhimpur,Bus,10141,8468,1673,0,0,0,262,194,68,723,425,298,1172,818,354,2049,1676,373,1603,1424,179,2180,1969,211,2043,1865,178,109,97,12,27.2253189,94.1053307
ASSAM,Total,Lakhimpur,Train,416,379,37,0,0,0,55,42,13,40,34,6,28,23,5,11,10,1,12,12,0,24,22,2,198,194,4,48,42,6,27.2253189,94.1053307
ASSAM,Total,Lakhimpur,Water transport,26,20,6,0,0,0,3,3,0,10,8,2,3,2,1,2,1,1,1,1,0,4,4,0,1,1,0,2,0,2,27.2253189,94.1053307
ASSAM,Total,Lakhimpur,Any other,619,517,102,0,0,0,179,136,43,129,91,38,91,85,6,59,55,4,27,26,1,32,31,1,69,64,5,33,29,4,27.2253189,94.1053307
ASSAM,Total,Lakhimpur,No travel,34550,23991,10559,34550,23991,10559,0,0,0,0,0,0,0,0,0,0,0,0,0,0,0,0,0,0,0,0,0,0,0,0,27.2253189,94.1053307
ASSAM,Rural,Lakhimpur,All Modes,107235,79400,27835,28780,19643,9137,26313,16763,9550,27839,21185,6654,10893,9492,1401,5760,5261,499,3019,2802,217,2217,2023,194,2162,2005,157,252,226,26,27.2253189,94.1053307
ASSAM,Rural,Lakhimpur,On foot,32324,17708,14616,0,0,0,20277,11228,9049,10251,5234,5017,1796,1246,550,0,0,0,0,0,0,0,0,0,0,0,0,0,0,0,27.2253189,94.1053307
ASSAM,Rural,Lakhimpur,Bicycle,25881,24596,1285,0,0,0,4618,4325,293,12800,12077,723,5290,5097,193,2188,2146,42,985,951,34,0,0,0,0,0,0,0,0,0,27.2253189,94.1053307
ASSAM,Rural,Lakhimpur,Moped/Scooter/Motor Cycle,8710,7909,801,0,0,0,910,827,83,3441,3045,396,2243,2040,203,1312,1227,85,417,398,19,229,223,6,87,82,5,71,67,4,27.2253189,94.1053307
ASSAM,Rural,Lakhimpur,Car/Jeep/Van,1017,817,200,0,0,0,71,60,11,291,212,79,171,129,42,168,140,28,102,89,13,93,84,9,94,82,12,27,21,6,27.2253189,94.1053307
ASSAM,Rural,Lakhimpur,Tempo/Autorickshaw/Taxi,1095,687,408,0,0,0,58,38,20,353,165,188,339,198,141,217,172,45,46,41,5,36,34,2,29,27,2,17,12,5,27.2253189,94.1053307
ASSAM,Rural,Lakhimpur,Bus,8598,7300,1298,0,0,0,207,151,56,590,362,228,960,695,265,1814,1521,293,1434,1289,145,1808,1633,175,1718,1586,132,67,63,4,27.2253189,94.1053307
ASSAM,Rural,Lakhimpur,Train,363,333,30,0,0,0,35,26,9,35,29,6,23,19,4,10,9,1,10,10,0,23,21,2,184,180,4,43,39,4,27.2253189,94.1053307
ASSAM,Rural,Lakhimpur,Water transport,22,19,3,0,0,0,3,3,0,9,8,1,1,1,0,2,1,1,1,1,0,4,4,0,1,1,0,1,0,1,27.2253189,94.1053307
ASSAM,Rural,Lakhimpur,Any other,445,388,57,0,0,0,134,105,29,69,53,16,70,67,3,49,45,4,24,23,1,24,24,0,49,47,2,26,24,2,27.2253189,94.1053307
ASSAM,Rural,Lakhimpur,No travel,28780,19643,9137,28780,19643,9137,0,0,0,0,0,0,0,0,0,0,0,0,0,0,0,0,0,0,0,0,0,0,0,0,27.2253189,94.1053307
ASSAM,Urban,Lakhimpur,All Modes,28478,23115,5363,5770,4348,1422,9468,7733,1735,8238,6812,1426,2372,1948,424,1048,877,171,483,422,61,525,481,44,477,412,65,97,82,15,27.2253189,94.1053307
ASSAM,Urban,Lakhimpur,On foot,8523,6400,2123,0,0,0,6230,4697,1533,1694,1209,485,599,494,105,0,0,0,0,0,0,0,0,0,0,0,0,0,0,0,27.2253189,94.1053307
ASSAM,Urban,Lakhimpur,Bicycle,6547,6410,137,0,0,0,2020,2001,19,3402,3315,87,658,638,20,288,282,6,179,174,5,0,0,0,0,0,0,0,0,0,27.2253189,94.1053307
ASSAM,Urban,Lakhimpur,Moped/Scooter/Motor Cycle,4110,3678,432,0,0,0,857,798,59,2023,1784,239,634,548,86,372,340,32,77,69,8,73,71,2,45,40,5,29,28,1,27.2253189,94.1053307
ASSAM,Urban,Lakhimpur,Car/Jeep/Van,958,697,261,0,0,0,162,126,36,433,287,146,119,83,36,85,61,24,38,30,8,53,50,3,61,53,8,7,7,0,27.2253189,94.1053307
ASSAM,Urban,Lakhimpur,Tempo/Autorickshaw/Taxi,796,238,558,0,0,0,79,21,58,487,111,376,122,39,83,57,28,29,15,9,6,18,16,2,12,9,3,6,5,1,27.2253189,94.1053307
ASSAM,Urban,Lakhimpur,Bus,1543,1168,375,0,0,0,55,43,12,133,63,70,212,123,89,235,155,80,169,135,34,372,336,36,325,279,46,42,34,8,27.2253189,94.1053307
ASSAM,Urban,Lakhimpur,Train,53,46,7,0,0,0,20,16,4,5,5,0,5,4,1,1,1,0,2,2,0,1,1,0,14,14,0,5,3,2,27.2253189,94.1053307
ASSAM,Urban,Lakhimpur,Water transport,4,1,3,0,0,0,0,0,0,1,0,1,2,1,1,0,0,0,0,0,0,0,0,0,0,0,0,1,0,1,27.2253189,94.1053307
ASSAM,Urban,Lakhimpur,Any other,174,129,45,0,0,0,45,31,14,60,38,22,21,18,3,10,10,0,3,3,0,8,7,1,20,17,3,7,5,2,27.2253189,94.1053307
ASSAM,Urban,Lakhimpur,No travel,5770,4348,1422,5770,4348,1422,0,0,0,0,0,0,0,0,0,0,0,0,0,0,0,0,0,0,0,0,0,0,0,0,27.2253189,94.1053307
NAGALAND,Total,Kohima,All Modes,65871,46752,19119,23148,17294,5854,17921,12613,5308,13867,9371,4496,6219,4121,2098,2048,1413,635,1422,1041,381,541,387,154,554,404,150,151,108,43,25.6752553,94.1085781
NAGALAND,Total,Kohima,On foot,20706,14571,6135,0,0,0,15134,10661,4473,3977,2847,1130,1595,1063,532,0,0,0,0,0,0,0,0,0,0,0,0,0,0,0,25.6752553,94.1085781
NAGALAND,Total,Kohima,Bicycle,171,136,35,0,0,0,43,35,8,76,60,16,17,15,2,11,6,5,24,20,4,0,0,0,0,0,0,0,0,0,25.6752553,94.1085781
NAGALAND,Total,Kohima,Moped/Scooter/Motor Cycle,640,588,52,0,0,0,104,95,9,287,273,14,103,91,12,65,58,7,33,31,2,27,21,6,12,10,2,9,9,0,25.6752553,94.1085781
NAGALAND,Total,Kohima,Car/Jeep/Van,7790,5745,2045,0,0,0,1264,981,283,3215,2322,893,1565,1170,395,755,534,221,481,351,130,229,160,69,221,176,45,60,51,9,25.6752553,94.1085781
NAGALAND,Total,Kohima,Tempo/Autorickshaw/Taxi,2776,1698,1078,0,0,0,253,140,113,1158,689,469,435,244,191,379,249,130,364,253,111,67,45,22,101,68,33,19,10,9,25.6752553,94.1085781
NAGALAND,Total,Kohima,Bus,9493,5786,3707,0,0,0,963,571,392,4616,2758,1858,2271,1345,926,790,524,266,411,293,118,209,154,55,187,118,69,46,23,23,25.6752553,94.1085781
NAGALAND,Total,Kohima,Train,67,47,20,0,0,0,15,11,4,28,18,10,8,5,3,5,3,2,4,4,0,0,0,0,4,4,0,3,2,1,25.6752553,94.1085781
NAGALAND,Total,Kohima,Water transport,9,8,1,0,0,0,4,3,1,3,3,0,0,0,0,0,0,0,0,0,0,0,0,0,0,0,0,2,2,0,25.6752553,94.1085781
NAGALAND,Total,Kohima,Any other,1071,879,192,0,0,0,141,116,25,507,401,106,225,188,37,43,39,4,105,89,16,9,7,2,29,28,1,12,11,1,25.6752553,94.1085781
NAGALAND,Total,Kohima,No travel,23148,17294,5854,23148,17294,5854,0,0,0,0,0,0,0,0,0,0,0,0,0,0,0,0,0,0,0,0,0,0,0,0,25.6752553,94.1085781
NAGALAND,Rural,Kohima,All Modes,25782,19351,6431,14238,11240,2998,3704,2528,1176,2442,1733,709,2182,1512,670,1362,950,412,1261,937,324,414,307,107,128,106,22,51,38,13,25.6752553,94.1085781
NAGALAND,Rural,Kohima,On foot,5231,3541,1690,0,0,0,3124,2115,1009,1069,751,318,1038,675,363,0,0,0,0,0,0,0,0,0,0,0,0,0,0,0,25.6752553,94.1085781
NAGALAND,Rural,Kohima,Bicycle,63,53,10,0,0,0,16,13,3,19,16,3,6,6,0,9,5,4,13,13,0,0,0,0,0,0,0,0,0,0,25.6752553,94.1085781
NAGALAND,Rural,Kohima,Moped/Scooter/Motor Cycle,316,283,33,0,0,0,30,24,6,97,90,7,74,66,8,52,48,4,29,27,2,25,19,6,4,4,0,5,5,0,25.6752553,94.1085781
NAGALAND,Rural,Kohima,Car/Jeep/Van,2168,1565,603,0,0,0,204,163,41,401,277,124,398,291,107,504,352,152,419,308,111,173,120,53,49,37,12,20,17,3,25.6752553,94.1085781
NAGALAND,Rural,Kohima,Tempo/Autorickshaw/Taxi,1076,707,369,0,0,0,44,24,20,125,77,48,185,107,78,305,201,104,342,241,101,47,36,11,22,17,5,6,4,2,25.6752553,94.1085781
NAGALAND,Rural,Kohima,Bus,1812,1267,545,0,0,0,189,111,78,299,191,108,289,213,76,463,320,143,360,266,94,160,125,35,40,35,5,12,6,6,25.6752553,94.1085781
NAGALAND,Rural,Kohima,Train,27,18,9,0,0,0,7,5,2,7,4,3,3,1,2,3,2,1,3,3,0,0,0,0,1,1,0,3,2,1,25.6752553,94.1085781
NAGALAND,Rural,Kohima,Water transport,3,2,1,0,0,0,2,1,1,0,0,0,0,0,0,0,0,0,0,0,0,0,0,0,0,0,0,1,1,0,25.6752553,94.1085781
NAGALAND,Rural,Kohima,Any other,848,675,173,0,0,0,88,72,16,425,327,98,189,153,36,26,22,4,95,79,16,9,7,2,12,12,0,4,3,1,25.6752553,94.1085781
NAGALAND,Rural,Kohima,No travel,14238,11240,2998,14238,11240,2998,0,0,0,0,0,0,0,0,0,0,0,0,0,0,0,0,0,0,0,0,0,0,0,0,25.6752553,94.1085781
NAGALAND,Urban,Kohima,All Modes,40089,27401,12688,8910,6054,2856,14217,10085,4132,11425,7638,3787,4037,2609,1428,686,463,223,161,104,57,127,80,47,426,298,128,100,70,30,25.6752553,94.1085781
NAGALAND,Urban,Kohima,On foot,15475,11030,4445,0,0,0,12010,8546,3464,2908,2096,812,557,388,169,0,0,0,0,0,0,0,0,0,0,0,0,0,0,0,25.6752553,94.1085781
NAGALAND,Urban,Kohima,Bicycle,108,83,25,0,0,0,27,22,5,57,44,13,11,9,2,2,1,1,11,7,4,0,0,0,0,0,0,0,0,0,25.6752553,94.1085781
NAGALAND,Urban,Kohima,Moped/Scooter/Motor Cycle,324,305,19,0,0,0,74,71,3,190,183,7,29,25,4,13,10,3,4,4,0,2,2,0,8,6,2,4,4,0,25.6752553,94.1085781
NAGALAND,Urban,Kohima,Car/Jeep/Van,5622,4180,1442,0,0,0,1060,818,242,2814,2045,769,1167,879,288,251,182,69,62,43,19,56,40,16,172,139,33,40,34,6,25.6752553,94.1085781
NAGALAND,Urban,Kohima,Tempo/Autorickshaw/Taxi,1700,991,709,0,0,0,209,116,93,1033,612,421,250,137,113,74,48,26,22,12,10,20,9,11,79,51,28,13,6,7,25.6752553,94.1085781
NAGALAND,Urban,Kohima,Bus,7681,4519,3162,0,0,0,774,460,314,4317,2567,1750,1982,1132,850,327,204,123,51,27,24,49,29,20,147,83,64,34,17,17,25.6752553,94.1085781
NAGALAND,Urban,Kohima,Train,40,29,11,0,0,0,8,6,2,21,14,7,5,4,1,2,1,1,1,1,0,0,0,0,3,3,0,0,0,0,25.6752553,94.1085781
NAGALAND,Urban,Kohima,Water transport,6,6,0,0,0,0,2,2,0,3,3,0,0,0,0,0,0,0,0,0,0,0,0,0,0,0,0,1,1,0,25.6752553,94.1085781
NAGALAND,Urban,Kohima,Any other,223,204,19,0,0,0,53,44,9,82,74,8,36,35,1,17,17,0,10,10,0,0,0,0,17,16,1,8,8,0,25.6752553,94.1085781
NAGALAND,Urban,Kohima,No travel,8910,6054,2856,8910,6054,2856,0,0,0,0,0,0,0,0,0,0,0,0,0,0,0,0,0,0,0,0,0,0,0,0,25.6752553,94.1085781
ASSAM,Total,Jorhat,All Modes,268037,188831,79206,91780,58815,32965,69134,44110,25024,54816,41410,13406,26166,21010,5156,11196,10044,1152,7480,6844,636,2628,2272,356,2913,2686,227,1924,1640,284,26.7465203,94.2025859
ASSAM,Total,Jorhat,On foot,78982,44061,34921,0,0,0,52088,28842,23246,18211,9625,8586,8683,5594,3089,0,0,0,0,0,0,0,0,0,0,0,0,0,0,0,26.7465203,94.2025859
ASSAM,Total,Jorhat,Bicycle,52074,49057,3017,0,0,0,11413,10659,754,22782,21240,1542,9269,8887,382,4199,4085,114,4411,4186,225,0,0,0,0,0,0,0,0,0,26.7465203,94.2025859
ASSAM,Total,Jorhat,Moped/Scooter/Motor Cycle,21154,19365,1789,0,0,0,3153,2855,298,8317,7463,854,4314,3999,315,2813,2656,157,856,809,47,695,641,54,209,197,12,797,745,52,26.7465203,94.2025859
ASSAM,Total,Jorhat,Car/Jeep/Van,4470,3491,979,0,0,0,787,624,163,1489,1069,420,664,501,163,520,430,90,289,240,49,272,237,35,252,232,20,197,158,39,26.7465203,94.2025859
ASSAM,Total,Jorhat,Tempo/Autorickshaw/Taxi,5020,2617,2403,0,0,0,495,258,237,2166,876,1290,1186,688,498,661,467,194,125,94,31,139,77,62,62,50,12,186,107,79,26.7465203,94.2025859
ASSAM,Total,Jorhat,Bus,11457,8726,2731,0,0,0,641,414,227,1235,640,595,1729,1072,657,2744,2175,569,1656,1387,269,1334,1149,185,1766,1610,156,352,279,73,26.7465203,94.2025859
ASSAM,Total,Jorhat,Train,1910,1725,185,0,0,0,323,267,56,361,307,54,160,147,13,112,103,9,76,72,4,94,87,7,503,481,22,281,261,20,26.7465203,94.2025859
ASSAM,Total,Jorhat,Water transport,193,167,26,0,0,0,14,8,6,29,24,5,25,21,4,28,27,1,23,18,5,34,31,3,33,33,0,7,5,2,26.7465203,94.2025859
ASSAM,Total,Jorhat,Any other,997,807,190,0,0,0,220,183,37,226,166,60,136,101,35,119,101,18,44,38,6,60,50,10,88,83,5,104,85,19,26.7465203,94.2025859
ASSAM,Total,Jorhat,No travel,91780,58815,32965,91780,58815,32965,0,0,0,0,0,0,0,0,0,0,0,0,0,0,0,0,0,0,0,0,0,0,0,0,26.7465203,94.2025859
ASSAM,Rural,Jorhat,All Modes,188973,127186,61787,66732,41285,25447,51914,30382,21532,34220,24629,9591,18183,14542,3641,8565,7822,743,5132,4695,437,1581,1426,155,1687,1589,98,959,816,143,26.7465203,94.2025859
ASSAM,Rural,Jorhat,On foot,61669,31696,29973,0,0,0,41755,21381,20374,14022,6812,7210,5892,3503,2389,0,0,0,0,0,0,0,0,0,0,0,0,0,0,0,26.7465203,94.2025859
ASSAM,Rural,Jorhat,Bicycle,36179,33701,2478,0,0,0,7498,6867,631,14786,13513,1273,7275,6975,300,3655,3560,95,2965,2786,179,0,0,0,0,0,0,0,0,0,26.7465203,94.2025859
ASSAM,Rural,Jorhat,Moped/Scooter/Motor Cycle,11209,10280,929,0,0,0,1438,1284,154,3481,3094,387,2773,2573,200,2059,1949,110,653,613,40,379,365,14,103,100,3,323,302,21,26.7465203,94.2025859
ASSAM,Rural,Jorhat,Car/Jeep/Van,1474,1171,303,0,0,0,235,178,57,301,222,79,283,216,67,249,200,49,119,101,18,111,103,8,90,85,5,86,66,20,26.7465203,94.2025859
ASSAM,Rural,Jorhat,Tempo/Autorickshaw/Taxi,2285,1490,795,0,0,0,234,127,107,657,383,274,661,425,236,477,367,110,84,66,18,60,42,18,22,19,3,90,61,29,26.7465203,94.2025859
ASSAM,Rural,Jorhat,Bus,7533,5912,1621,0,0,0,450,304,146,687,376,311,1084,675,409,1941,1583,358,1208,1036,172,905,804,101,1056,982,74,202,152,50,26.7465203,94.2025859
ASSAM,Rural,Jorhat,Train,1171,1046,125,0,0,0,193,149,44,175,139,36,108,100,8,73,66,7,52,50,2,53,48,5,328,317,11,189,177,12,26.7465203,94.2025859
ASSAM,Rural,Jorhat,Water transport,160,142,18,0,0,0,11,7,4,23,20,3,22,19,3,21,21,0,17,14,3,33,30,3,28,28,0,5,3,2,26.7465203,94.2025859
ASSAM,Rural,Jorhat,Any other,561,463,98,0,0,0,100,85,15,88,70,18,85,56,29,90,76,14,34,29,5,40,34,6,60,58,2,64,55,9,26.7465203,94.2025859
ASSAM,Rural,Jorhat,No travel,66732,41285,25447,66732,41285,25447,0,0,0,0,0,0,0,0,0,0,0,0,0,0,0,0,0,0,0,0,0,0,0,0,26.7465203,94.2025859
ASSAM,Urban,Jorhat,All Modes,79064,61645,17419,25048,17530,7518,17220,13728,3492,20596,16781,3815,7983,6468,1515,2631,2222,409,2348,2149,199,1047,846,201,1226,1097,129,965,824,141,26.7465203,94.2025859
ASSAM,Urban,Jorhat,On foot,17313,12365,4948,0,0,0,10333,7461,2872,4189,2813,1376,2791,2091,700,0,0,0,0,0,0,0,0,0,0,0,0,0,0,0,26.7465203,94.2025859
ASSAM,Urban,Jorhat,Bicycle,15895,15356,539,0,0,0,3915,3792,123,7996,7727,269,1994,1912,82,544,525,19,1446,1400,46,0,0,0,0,0,0,0,0,0,26.7465203,94.2025859
ASSAM,Urban,Jorhat,Moped/Scooter/Motor Cycle,9945,9085,860,0,0,0,1715,1571,144,4836,4369,467,1541,1426,115,754,707,47,203,196,7,316,276,40,106,97,9,474,443,31,26.7465203,94.2025859
ASSAM,Urban,Jorhat,Car/Jeep/Van,2996,2320,676,0,0,0,552,446,106,1188,847,341,381,285,96,271,230,41,170,139,31,161,134,27,162,147,15,111,92,19,26.7465203,94.2025859
ASSAM,Urban,Jorhat,Tempo/Autorickshaw/Taxi,2735,1127,1608,0,0,0,261,131,130,1509,493,1016,525,263,262,184,100,84,41,28,13,79,35,44,40,31,9,96,46,50,26.7465203,94.2025859
ASSAM,Urban,Jorhat,Bus,3924,2814,1110,0,0,0,191,110,81,548,264,284,645,397,248,803,592,211,448,351,97,429,345,84,710,628,82,150,127,23,26.7465203,94.2025859
ASSAM,Urban,Jorhat,Train,739,679,60,0,0,0,130,118,12,186,168,18,52,47,5,39,37,2,24,22,2,41,39,2,175,164,11,92,84,8,26.7465203,94.2025859
ASSAM,Urban,Jorhat,Water transport,33,25,8,0,0,0,3,1,2,6,4,2,3,2,1,7,6,1,6,4,2,1,1,0,5,5,0,2,2,0,26.7465203,94.2025859
ASSAM,Urban,Jorhat,Any other,436,344,92,0,0,0,120,98,22,138,96,42,51,45,6,29,25,4,10,9,1,20,16,4,28,25,3,40,30,10,26.7465203,94.2025859
ASSAM,Urban,Jorhat,No travel,25048,17530,7518,25048,17530,7518,0,0,0,0,0,0,0,0,0,0,0,0,0,0,0,0,0,0,0,0,0,0,0,0,26.7465203,94.2025859
NAGALAND,Total,Wokha,All Modes,22536,15719,6817,9308,5991,3317,7432,5323,2109,4412,3264,1148,928,753,175,215,180,35,68,55,13,51,46,5,93,82,11,29,25,4,26.0910351,94.2589738
NAGALAND,Total,Wokha,On foot,9377,6802,2575,0,0,0,6603,4704,1899,2247,1667,580,527,431,96,0,0,0,0,0,0,0,0,0,0,0,0,0,0,0,26.0910351,94.2589738
NAGALAND,Total,Wokha,Bicycle,243,202,41,0,0,0,82,60,22,127,113,14,14,12,2,9,9,0,11,8,3,0,0,0,0,0,0,0,0,0,26.0910351,94.2589738
NAGALAND,Total,Wokha,Moped/Scooter/Motor Cycle,572,531,41,0,0,0,116,103,13,299,284,15,98,88,10,42,41,1,8,7,1,4,4,0,3,3,0,2,1,1,26.0910351,94.2589738
NAGALAND,Total,Wokha,Car/Jeep/Van,1102,854,248,0,0,0,258,201,57,596,445,151,101,81,20,53,46,7,16,13,3,17,17,0,38,31,7,23,20,3,26.0910351,94.2589738
NAGALAND,Total,Wokha,Tempo/Autorickshaw/Taxi,1468,973,495,0,0,0,309,206,103,965,618,347,135,99,36,26,21,5,9,8,1,8,7,1,15,13,2,1,1,0,26.0910351,94.2589738
NAGALAND,Total,Wokha,Bus,368,284,84,0,0,0,31,25,6,148,112,36,41,30,11,76,55,21,23,19,4,20,16,4,28,26,2,1,1,0,26.0910351,94.2589738
NAGALAND,Total,Wokha,Train,22,15,7,0,0,0,12,7,5,7,6,1,0,0,0,1,0,1,0,0,0,0,0,0,1,1,0,1,1,0,26.0910351,94.2589738
NAGALAND,Total,Wokha,Water transport,4,3,1,0,0,0,1,1,0,3,2,1,0,0,0,0,0,0,0,0,0,0,0,0,0,0,0,0,0,0,26.0910351,94.2589738
NAGALAND,Total,Wokha,Any other,72,64,8,0,0,0,20,16,4,20,17,3,12,12,0,8,8,0,1,0,1,2,2,0,8,8,0,1,1,0,26.0910351,94.2589738
NAGALAND,Total,Wokha,No travel,9308,5991,3317,9308,5991,3317,0,0,0,0,0,0,0,0,0,0,0,0,0,0,0,0,0,0,0,0,0,0,0,0,26.0910351,94.2589738
NAGALAND,Rural,Wokha,All Modes,11933,8538,3395,6199,4307,1892,3134,2205,929,1746,1322,424,542,440,102,169,143,26,39,30,9,36,32,4,49,43,6,19,16,3,26.0910351,94.2589738
NAGALAND,Rural,Wokha,On foot,4186,2954,1232,0,0,0,2862,1976,886,987,710,277,337,268,69,0,0,0,0,0,0,0,0,0,0,0,0,0,0,0,26.0910351,94.2589738
NAGALAND,Rural,Wokha,Bicycle,164,143,21,0,0,0,42,36,6,94,82,12,12,11,1,8,8,0,8,6,2,0,0,0,0,0,0,0,0,0,26.0910351,94.2589738
NAGALAND,Rural,Wokha,Moped/Scooter/Motor Cycle,345,324,21,0,0,0,75,71,4,145,138,7,73,66,7,39,38,1,5,4,1,4,4,0,3,3,0,1,0,1,26.0910351,94.2589738
NAGALAND,Rural,Wokha,Car/Jeep/Van,343,288,55,0,0,0,75,63,12,139,117,22,42,35,7,41,35,6,5,3,2,9,9,0,17,13,4,15,13,2,26.0910351,94.2589738
NAGALAND,Rural,Wokha,Tempo/Autorickshaw/Taxi,352,247,105,0,0,0,43,29,14,238,162,76,33,24,9,17,14,3,3,3,0,7,6,1,10,8,2,1,1,0,26.0910351,94.2589738
NAGALAND,Rural,Wokha,Bus,275,215,60,0,0,0,21,18,3,120,93,27,33,24,9,55,40,15,17,14,3,14,11,3,14,14,0,1,1,0,26.0910351,94.2589738
NAGALAND,Rural,Wokha,Train,13,10,3,0,0,0,6,4,2,5,5,0,0,0,0,1,0,1,0,0,0,0,0,0,1,1,0,0,0,0,26.0910351,94.2589738
NAGALAND,Rural,Wokha,Water transport,4,3,1,0,0,0,1,1,0,3,2,1,0,0,0,0,0,0,0,0,0,0,0,0,0,0,0,0,0,0,26.0910351,94.2589738
NAGALAND,Rural,Wokha,Any other,52,47,5,0,0,0,9,7,2,15,13,2,12,12,0,8,8,0,1,0,1,2,2,0,4,4,0,1,1,0,26.0910351,94.2589738
NAGALAND,Rural,Wokha,No travel,6199,4307,1892,6199,4307,1892,0,0,0,0,0,0,0,0,0,0,0,0,0,0,0,0,0,0,0,0,0,0,0,0,26.0910351,94.2589738
NAGALAND,Urban,Wokha,All Modes,10603,7181,3422,3109,1684,1425,4298,3118,1180,2666,1942,724,386,313,73,46,37,9,29,25,4,15,14,1,44,39,5,10,9,1,26.0910351,94.2589738
NAGALAND,Urban,Wokha,On foot,5191,3848,1343,0,0,0,3741,2728,1013,1260,957,303,190,163,27,0,0,0,0,0,0,0,0,0,0,0,0,0,0,0,26.0910351,94.2589738
NAGALAND,Urban,Wokha,Bicycle,79,59,20,0,0,0,40,24,16,33,31,2,2,1,1,1,1,0,3,2,1,0,0,0,0,0,0,0,0,0,26.0910351,94.2589738
NAGALAND,Urban,Wokha,Moped/Scooter/Motor Cycle,227,207,20,0,0,0,41,32,9,154,146,8,25,22,3,3,3,0,3,3,0,0,0,0,0,0,0,1,1,0,26.0910351,94.2589738
NAGALAND,Urban,Wokha,Car/Jeep/Van,759,566,193,0,0,0,183,138,45,457,328,129,59,46,13,12,11,1,11,10,1,8,8,0,21,18,3,8,7,1,26.0910351,94.2589738
NAGALAND,Urban,Wokha,Tempo/Autorickshaw/Taxi,1116,726,390,0,0,0,266,177,89,727,456,271,102,75,27,9,7,2,6,5,1,1,1,0,5,5,0,0,0,0,26.0910351,94.2589738
NAGALAND,Urban,Wokha,Bus,93,69,24,0,0,0,10,7,3,28,19,9,8,6,2,21,15,6,6,5,1,6,5,1,14,12,2,0,0,0,26.0910351,94.2589738
NAGALAND,Urban,Wokha,Train,9,5,4,0,0,0,6,3,3,2,1,1,0,0,0,0,0,0,0,0,0,0,0,0,0,0,0,1,1,0,26.0910351,94.2589738
NAGALAND,Urban,Wokha,Water transport,0,0,0,0,0,0,0,0,0,0,0,0,0,0,0,0,0,0,0,0,0,0,0,0,0,0,0,0,0,0,26.0910351,94.2589738
NAGALAND,Urban,Wokha,Any other,20,17,3,0,0,0,11,9,2,5,4,1,0,0,0,0,0,0,0,0,0,0,0,0,4,4,0,0,0,0,26.0910351,94.2589738
NAGALAND,Urban,Wokha,No travel,3109,1684,1425,3109,1684,1425,0,0,0,0,0,0,0,0,0,0,0,0,0,0,0,0,0,0,0,0,0,0,0,0,26.0910351,94.2589738
ARUNACHAL PRADESH,Total,Upper Subansiri,All Modes,9353,6361,2992,3622,2383,1239,2651,1768,883,1271,866,405,1141,796,345,173,140,33,116,92,24,123,103,20,141,116,25,115,97,18,27.786802,94.3359635
ARUNACHAL PRADESH,Total,Upper Subansiri,On foot,3932,2543,1389,0,0,0,2150,1373,777,832,521,311,950,649,301,0,0,0,0,0,0,0,0,0,0,0,0,0,0,0,27.786802,94.3359635
ARUNACHAL PRADESH,Total,Upper Subansiri,Bicycle,214,180,34,0,0,0,67,51,16,65,58,7,26,22,4,16,14,2,40,35,5,0,0,0,0,0,0,0,0,0,27.786802,94.3359635
ARUNACHAL PRADESH,Total,Upper Subansiri,Moped/Scooter/Motor Cycle,673,578,95,0,0,0,195,166,29,197,165,32,51,47,4,77,62,15,38,32,6,57,53,4,16,15,1,42,38,4,27.786802,94.3359635
ARUNACHAL PRADESH,Total,Upper Subansiri,Car/Jeep/Van,503,385,118,0,0,0,198,151,47,98,71,27,46,33,13,40,32,8,18,11,7,28,23,5,36,32,4,39,32,7,27.786802,94.3359635
ARUNACHAL PRADESH,Total,Upper Subansiri,Tempo/Autorickshaw/Taxi,57,40,17,0,0,0,9,8,1,4,0,4,13,9,4,4,4,0,4,2,2,12,8,4,6,5,1,5,4,1,27.786802,94.3359635
ARUNACHAL PRADESH,Total,Upper Subansiri,Bus,192,147,45,0,0,0,15,10,5,21,16,5,19,12,7,28,22,6,8,7,1,22,18,4,70,54,16,9,8,1,27.786802,94.3359635
ARUNACHAL PRADESH,Total,Upper Subansiri,Train,31,24,7,0,0,0,5,3,2,7,5,2,4,3,1,1,1,0,1,1,0,0,0,0,8,7,1,5,4,1,27.786802,94.3359635
ARUNACHAL PRADESH,Total,Upper Subansiri,Water transport,3,2,1,0,0,0,0,0,0,1,1,0,0,0,0,0,0,0,0,0,0,0,0,0,1,1,0,1,0,1,27.786802,94.3359635
ARUNACHAL PRADESH,Total,Upper Subansiri,Any other,126,79,47,0,0,0,12,6,6,46,29,17,32,21,11,7,5,2,7,4,3,4,1,3,4,2,2,14,11,3,27.786802,94.3359635
ARUNACHAL PRADESH,Total,Upper Subansiri,No travel,3622,2383,1239,3622,2383,1239,0,0,0,0,0,0,0,0,0,0,0,0,0,0,0,0,0,0,0,0,0,0,0,0,27.786802,94.3359635
ARUNACHAL PRADESH,Rural,Upper Subansiri,All Modes,5838,3760,2078,2461,1519,942,1278,765,513,837,564,273,762,508,254,142,112,30,87,69,18,83,72,11,117,94,23,71,57,14,27.786802,94.3359635
ARUNACHAL PRADESH,Rural,Upper Subansiri,On foot,2184,1306,878,0,0,0,1073,605,468,522,324,198,589,377,212,0,0,0,0,0,0,0,0,0,0,0,0,0,0,0,27.786802,94.3359635
ARUNACHAL PRADESH,Rural,Upper Subansiri,Bicycle,128,110,18,0,0,0,17,13,4,48,42,6,26,22,4,12,10,2,25,23,2,0,0,0,0,0,0,0,0,0,27.786802,94.3359635
ARUNACHAL PRADESH,Rural,Upper Subansiri,Moped/Scooter/Motor Cycle,427,359,68,0,0,0,87,72,15,131,106,25,46,42,4,62,49,13,30,25,5,38,35,3,12,11,1,21,19,2,27.786802,94.3359635
ARUNACHAL PRADESH,Rural,Upper Subansiri,Car/Jeep/Van,302,230,72,0,0,0,70,54,16,71,52,19,41,28,13,32,25,7,13,8,5,18,16,2,30,26,4,27,21,6,27.786802,94.3359635
ARUNACHAL PRADESH,Rural,Upper Subansiri,Tempo/Autorickshaw/Taxi,41,27,14,0,0,0,5,4,1,3,0,3,12,8,4,4,4,0,4,2,2,7,4,3,1,1,0,5,4,1,27.786802,94.3359635
ARUNACHAL PRADESH,Rural,Upper Subansiri,Bus,156,119,37,0,0,0,13,9,4,14,10,4,13,8,5,24,18,6,7,6,1,18,16,2,64,49,15,3,3,0,27.786802,94.3359635
ARUNACHAL PRADESH,Rural,Upper Subansiri,Train,22,18,4,0,0,0,3,3,0,4,3,1,4,3,1,1,1,0,1,1,0,0,0,0,6,5,1,3,2,1,27.786802,94.3359635
ARUNACHAL PRADESH,Rural,Upper Subansiri,Water transport,2,1,1,0,0,0,0,0,0,0,0,0,0,0,0,0,0,0,0,0,0,0,0,0,1,1,0,1,0,1,27.786802,94.3359635
ARUNACHAL PRADESH,Rural,Upper Subansiri,Any other,115,71,44,0,0,0,10,5,5,44,27,17,31,20,11,7,5,2,7,4,3,2,1,1,3,1,2,11,8,3,27.786802,94.3359635
ARUNACHAL PRADESH,Rural,Upper Subansiri,No travel,2461,1519,942,2461,1519,942,0,0,0,0,0,0,0,0,0,0,0,0,0,0,0,0,0,0,0,0,0,0,0,0,27.786802,94.3359635
ARUNACHAL PRADESH,Urban,Upper Subansiri,All Modes,3515,2601,914,1161,864,297,1373,1003,370,434,302,132,379,288,91,31,28,3,29,23,6,40,31,9,24,22,2,44,40,4,27.786802,94.3359635
ARUNACHAL PRADESH,Urban,Upper Subansiri,On foot,1748,1237,511,0,0,0,1077,768,309,310,197,113,361,272,89,0,0,0,0,0,0,0,0,0,0,0,0,0,0,0,27.786802,94.3359635
ARUNACHAL PRADESH,Urban,Upper Subansiri,Bicycle,86,70,16,0,0,0,50,38,12,17,16,1,0,0,0,4,4,0,15,12,3,0,0,0,0,0,0,0,0,0,27.786802,94.3359635
ARUNACHAL PRADESH,Urban,Upper Subansiri,Moped/Scooter/Motor Cycle,246,219,27,0,0,0,108,94,14,66,59,7,5,5,0,15,13,2,8,7,1,19,18,1,4,4,0,21,19,2,27.786802,94.3359635
ARUNACHAL PRADESH,Urban,Upper Subansiri,Car/Jeep/Van,201,155,46,0,0,0,128,97,31,27,19,8,5,5,0,8,7,1,5,3,2,10,7,3,6,6,0,12,11,1,27.786802,94.3359635
ARUNACHAL PRADESH,Urban,Upper Subansiri,Tempo/Autorickshaw/Taxi,16,13,3,0,0,0,4,4,0,1,0,1,1,1,0,0,0,0,0,0,0,5,4,1,5,4,1,0,0,0,27.786802,94.3359635
ARUNACHAL PRADESH,Urban,Upper Subansiri,Bus,36,28,8,0,0,0,2,1,1,7,6,1,6,4,2,4,4,0,1,1,0,4,2,2,6,5,1,6,5,1,27.786802,94.3359635
ARUNACHAL PRADESH,Urban,Upper Subansiri,Train,9,6,3,0,0,0,2,0,2,3,2,1,0,0,0,0,0,0,0,0,0,0,0,0,2,2,0,2,2,0,27.786802,94.3359635
ARUNACHAL PRADESH,Urban,Upper Subansiri,Water transport,1,1,0,0,0,0,0,0,0,1,1,0,0,0,0,0,0,0,0,0,0,0,0,0,0,0,0,0,0,0,27.786802,94.3359635
ARUNACHAL PRADESH,Urban,Upper Subansiri,Any other,11,8,3,0,0,0,2,1,1,2,2,0,1,1,0,0,0,0,0,0,0,2,0,2,1,1,0,3,3,0,27.786802,94.3359635
ARUNACHAL PRADESH,Urban,Upper Subansiri,No travel,1161,864,297,1161,864,297,0,0,0,0,0,0,0,0,0,0,0,0,0,0,0,0,0,0,0,0,0,0,0,0,27.786802,94.3359635
MANIPUR,Total,Ukhrul,All Modes,25029,16548,8481,13524,9463,4061,5041,3016,2025,2390,1452,938,2630,1573,1057,222,145,77,198,153,45,148,110,38,254,188,66,622,448,174,25.0953858,94.3616516
MANIPUR,Total,Ukhrul,On foot,8151,4841,3310,0,0,0,4372,2592,1780,1443,868,575,2336,1381,955,0,0,0,0,0,0,0,0,0,0,0,0,0,0,0,25.0953858,94.3616516
MANIPUR,Total,Ukhrul,Bicycle,265,196,69,0,0,0,57,42,15,68,49,19,9,7,2,9,6,3,122,92,30,0,0,0,0,0,0,0,0,0,25.0953858,94.3616516
MANIPUR,Total,Ukhrul,Moped/Scooter/Motor Cycle,280,232,48,0,0,0,55,47,8,107,89,18,37,34,3,11,9,2,7,7,0,8,7,1,12,9,3,43,30,13,25.0953858,94.3616516
MANIPUR,Total,Ukhrul,Car/Jeep/Van,592,413,179,0,0,0,148,99,49,192,130,62,59,43,16,41,23,18,20,16,4,21,17,4,32,29,3,79,56,23,25.0953858,94.3616516
MANIPUR,Total,Ukhrul,Tempo/Autorickshaw/Taxi,1138,651,487,0,0,0,288,151,137,409,234,175,96,49,47,70,47,23,14,12,2,31,23,8,29,18,11,201,117,84,25.0953858,94.3616516
MANIPUR,Total,Ukhrul,Bus,687,445,242,0,0,0,51,31,20,121,49,72,68,44,24,63,43,20,31,23,8,84,59,25,166,118,48,103,78,25,25.0953858,94.3616516
MANIPUR,Total,Ukhrul,Train,180,138,42,0,0,0,21,14,7,7,5,2,9,3,6,13,5,8,2,1,1,1,1,0,9,9,0,118,100,18,25.0953858,94.3616516
MANIPUR,Total,Ukhrul,Water transport,11,5,6,0,0,0,1,0,1,2,1,1,1,0,1,1,0,1,0,0,0,0,0,0,1,0,1,5,4,1,25.0953858,94.3616516
MANIPUR,Total,Ukhrul,Any other,201,164,37,0,0,0,48,40,8,41,27,14,15,12,3,14,12,2,2,2,0,3,3,0,5,5,0,73,63,10,25.0953858,94.3616516
MANIPUR,Total,Ukhrul,No travel,13524,9463,4061,13524,9463,4061,0,0,0,0,0,0,0,0,0,0,0,0,0,0,0,0,0,0,0,0,0,0,0,0,25.0953858,94.3616516
MANIPUR,Rural,Ukhrul,All Modes,17709,12013,5696,9979,7114,2865,3671,2227,1444,1392,862,530,1539,975,564,186,122,64,159,130,29,123,91,32,208,157,51,452,335,117,25.0953858,94.3616516
MANIPUR,Rural,Ukhrul,On foot,5359,3275,2084,0,0,0,3192,1911,1281,827,515,312,1340,849,491,0,0,0,0,0,0,0,0,0,0,0,0,0,0,0,25.0953858,94.3616516
MANIPUR,Rural,Ukhrul,Bicycle,207,156,51,0,0,0,45,33,12,49,35,14,8,6,2,9,6,3,96,76,20,0,0,0,0,0,0,0,0,0,25.0953858,94.3616516
MANIPUR,Rural,Ukhrul,Moped/Scooter/Motor Cycle,216,182,34,0,0,0,42,37,5,78,63,15,31,28,3,11,9,2,7,7,0,8,7,1,11,9,2,28,22,6,25.0953858,94.3616516
MANIPUR,Rural,Ukhrul,Car/Jeep/Van,391,277,114,0,0,0,97,67,30,112,76,36,42,30,12,32,18,14,13,11,2,15,11,4,26,25,1,54,39,15,25.0953858,94.3616516
MANIPUR,Rural,Ukhrul,Tempo/Autorickshaw/Taxi,696,403,293,0,0,0,200,109,91,196,107,89,47,20,27,56,37,19,13,12,1,23,18,5,22,16,6,139,84,55,25.0953858,94.3616516
MANIPUR,Rural,Ukhrul,Bus,588,385,203,0,0,0,46,28,18,104,47,57,55,34,21,53,37,16,27,21,6,75,53,22,140,98,42,88,67,21,25.0953858,94.3616516
MANIPUR,Rural,Ukhrul,Train,149,112,37,0,0,0,17,12,5,6,5,1,7,1,6,12,4,8,1,1,0,0,0,0,7,7,0,99,82,17,25.0953858,94.3616516
MANIPUR,Rural,Ukhrul,Water transport,8,4,4,0,0,0,1,0,1,1,0,1,0,0,0,1,0,1,0,0,0,0,0,0,0,0,0,5,4,1,25.0953858,94.3616516
MANIPUR,Rural,Ukhrul,Any other,116,105,11,0,0,0,31,30,1,19,14,5,9,7,2,12,11,1,2,2,0,2,2,0,2,2,0,39,37,2,25.0953858,94.3616516
MANIPUR,Rural,Ukhrul,No travel,9979,7114,2865,9979,7114,2865,0,0,0,0,0,0,0,0,0,0,0,0,0,0,0,0,0,0,0,0,0,0,0,0,25.0953858,94.3616516
MANIPUR,Urban,Ukhrul,All Modes,7320,4535,2785,3545,2349,1196,1370,789,581,998,590,408,1091,598,493,36,23,13,39,23,16,25,19,6,46,31,15,170,113,57,25.0953858,94.3616516
MANIPUR,Urban,Ukhrul,On foot,2792,1566,1226,0,0,0,1180,681,499,616,353,263,996,532,464,0,0,0,0,0,0,0,0,0,0,0,0,0,0,0,25.0953858,94.3616516
MANIPUR,Urban,Ukhrul,Bicycle,58,40,18,0,0,0,12,9,3,19,14,5,1,1,0,0,0,0,26,16,10,0,0,0,0,0,0,0,0,0,25.0953858,94.3616516
MANIPUR,Urban,Ukhrul,Moped/Scooter/Motor Cycle,64,50,14,0,0,0,13,10,3,29,26,3,6,6,0,0,0,0,0,0,0,0,0,0,1,0,1,15,8,7,25.0953858,94.3616516
MANIPUR,Urban,Ukhrul,Car/Jeep/Van,201,136,65,0,0,0,51,32,19,80,54,26,17,13,4,9,5,4,7,5,2,6,6,0,6,4,2,25,17,8,25.0953858,94.3616516
MANIPUR,Urban,Ukhrul,Tempo/Autorickshaw/Taxi,442,248,194,0,0,0,88,42,46,213,127,86,49,29,20,14,10,4,1,0,1,8,5,3,7,2,5,62,33,29,25.0953858,94.3616516
MANIPUR,Urban,Ukhrul,Bus,99,60,39,0,0,0,5,3,2,17,2,15,13,10,3,10,6,4,4,2,2,9,6,3,26,20,6,15,11,4,25.0953858,94.3616516
MANIPUR,Urban,Ukhrul,Train,31,26,5,0,0,0,4,2,2,1,0,1,2,2,0,1,1,0,1,0,1,1,1,0,2,2,0,19,18,1,25.0953858,94.3616516
MANIPUR,Urban,Ukhrul,Water transport,3,1,2,0,0,0,0,0,0,1,1,0,1,0,1,0,0,0,0,0,0,0,0,0,1,0,1,0,0,0,25.0953858,94.3616516
MANIPUR,Urban,Ukhrul,Any other,85,59,26,0,0,0,17,10,7,22,13,9,6,5,1,2,1,1,0,0,0,1,1,0,3,3,0,34,26,8,25.0953858,94.3616516
MANIPUR,Urban,Ukhrul,No travel,3545,2349,1196,3545,2349,1196,0,0,0,0,0,0,0,0,0,0,0,0,0,0,0,0,0,0,0,0,0,0,0,0,25.0953858,94.3616516
NAGALAND,Total,Phek,All Modes,20752,15027,5725,9707,6618,3089,7011,5226,1785,2076,1620,456,1254,975,279,321,275,46,93,74,19,49,45,4,199,160,39,42,34,8,25.6634215,94.4703202
NAGALAND,Total,Phek,On foot,8913,6644,2269,0,0,0,6479,4791,1688,1566,1201,365,868,652,216,0,0,0,0,0,0,0,0,0,0,0,0,0,0,0,25.6634215,94.4703202
NAGALAND,Total,Phek,Bicycle,89,81,8,0,0,0,33,31,2,30,27,3,14,13,1,5,3,2,7,7,0,0,0,0,0,0,0,0,0,0,25.6634215,94.4703202
NAGALAND,Total,Phek,Moped/Scooter/Motor Cycle,317,295,22,0,0,0,59,57,2,100,94,6,68,62,6,63,59,4,6,5,1,5,5,0,8,6,2,8,7,1,25.6634215,94.4703202
NAGALAND,Total,Phek,Car/Jeep/Van,973,792,181,0,0,0,300,243,57,264,210,54,131,105,26,107,92,15,33,26,7,21,20,1,96,77,19,21,19,2,25.6634215,94.4703202
NAGALAND,Total,Phek,Tempo/Autorickshaw/Taxi,128,110,18,0,0,0,19,18,1,20,16,4,18,13,5,25,22,3,11,10,1,7,5,2,28,26,2,0,0,0,25.6634215,94.4703202
NAGALAND,Total,Phek,Bus,445,338,107,0,0,0,57,34,23,66,45,21,134,112,22,116,94,22,18,15,3,6,6,0,40,28,12,8,4,4,25.6634215,94.4703202
NAGALAND,Total,Phek,Train,75,59,16,0,0,0,33,25,8,14,12,2,7,7,0,2,2,0,9,6,3,2,1,1,6,5,1,2,1,1,25.6634215,94.4703202
NAGALAND,Total,Phek,Water transport,3,3,0,0,0,0,2,2,0,0,0,0,0,0,0,0,0,0,0,0,0,0,0,0,1,1,0,0,0,0,25.6634215,94.4703202
NAGALAND,Total,Phek,Any other,102,87,15,0,0,0,29,25,4,16,15,1,14,11,3,3,3,0,9,5,4,8,8,0,20,17,3,3,3,0,25.6634215,94.4703202
NAGALAND,Total,Phek,No travel,9707,6618,3089,9707,6618,3089,0,0,0,0,0,0,0,0,0,0,0,0,0,0,0,0,0,0,0,0,0,0,0,0,25.6634215,94.4703202
NAGALAND,Rural,Phek,All Modes,14149,10054,4095,6189,3934,2255,4804,3577,1227,1638,1297,341,876,711,165,312,267,45,89,70,19,44,41,3,170,136,34,27,21,6,25.6634215,94.4703202
NAGALAND,Rural,Phek,On foot,6225,4674,1551,0,0,0,4447,3277,1170,1266,991,275,512,406,106,0,0,0,0,0,0,0,0,0,0,0,0,0,0,0,25.6634215,94.4703202
NAGALAND,Rural,Phek,Bicycle,83,75,8,0,0,0,31,29,2,28,25,3,13,12,1,5,3,2,6,6,0,0,0,0,0,0,0,0,0,0,25.6634215,94.4703202
NAGALAND,Rural,Phek,Moped/Scooter/Motor Cycle,271,249,22,0,0,0,42,40,2,78,72,6,66,60,6,61,57,4,6,5,1,5,5,0,7,5,2,6,5,1,25.6634215,94.4703202
NAGALAND,Rural,Phek,Car/Jeep/Van,728,597,131,0,0,0,180,151,29,184,145,39,116,94,22,104,89,15,32,25,7,19,18,1,83,67,16,10,8,2,25.6634215,94.4703202
NAGALAND,Rural,Phek,Tempo/Autorickshaw/Taxi,111,95,16,0,0,0,16,15,1,16,13,3,18,13,5,23,20,3,10,9,1,6,5,1,22,20,2,0,0,0,25.6634215,94.4703202
NAGALAND,Rural,Phek,Bus,402,311,91,0,0,0,43,26,17,43,29,14,131,109,22,115,94,21,18,15,3,6,6,0,39,28,11,7,4,3,25.6634215,94.4703202
NAGALAND,Rural,Phek,Train,44,37,7,0,0,0,17,15,2,7,7,0,6,6,0,1,1,0,8,5,3,2,1,1,2,1,1,1,1,0,25.6634215,94.4703202
NAGALAND,Rural,Phek,Water transport,2,2,0,0,0,0,1,1,0,0,0,0,0,0,0,0,0,0,0,0,0,0,0,0,1,1,0,0,0,0,25.6634215,94.4703202
NAGALAND,Rural,Phek,Any other,94,80,14,0,0,0,27,23,4,16,15,1,14,11,3,3,3,0,9,5,4,6,6,0,16,14,2,3,3,0,25.6634215,94.4703202
NAGALAND,Rural,Phek,No travel,6189,3934,2255,6189,3934,2255,0,0,0,0,0,0,0,0,0,0,0,0,0,0,0,0,0,0,0,0,0,0,0,0,25.6634215,94.4703202
NAGALAND,Urban,Phek,All Modes,6603,4973,1630,3518,2684,834,2207,1649,558,438,323,115,378,264,114,9,8,1,4,4,0,5,4,1,29,24,5,15,13,2,25.6634215,94.4703202
NAGALAND,Urban,Phek,On foot,2688,1970,718,0,0,0,2032,1514,518,300,210,90,356,246,110,0,0,0,0,0,0,0,0,0,0,0,0,0,0,0,25.6634215,94.4703202
NAGALAND,Urban,Phek,Bicycle,6,6,0,0,0,0,2,2,0,2,2,0,1,1,0,0,0,0,1,1,0,0,0,0,0,0,0,0,0,0,25.6634215,94.4703202
NAGALAND,Urban,Phek,Moped/Scooter/Motor Cycle,46,46,0,0,0,0,17,17,0,22,22,0,2,2,0,2,2,0,0,0,0,0,0,0,1,1,0,2,2,0,25.6634215,94.4703202
NAGALAND,Urban,Phek,Car/Jeep/Van,245,195,50,0,0,0,120,92,28,80,65,15,15,11,4,3,3,0,1,1,0,2,2,0,13,10,3,11,11,0,25.6634215,94.4703202
NAGALAND,Urban,Phek,Tempo/Autorickshaw/Taxi,17,15,2,0,0,0,3,3,0,4,3,1,0,0,0,2,2,0,1,1,0,1,0,1,6,6,0,0,0,0,25.6634215,94.4703202
NAGALAND,Urban,Phek,Bus,43,27,16,0,0,0,14,8,6,23,16,7,3,3,0,1,0,1,0,0,0,0,0,0,1,0,1,1,0,1,25.6634215,94.4703202
NAGALAND,Urban,Phek,Train,31,22,9,0,0,0,16,10,6,7,5,2,1,1,0,1,1,0,1,1,0,0,0,0,4,4,0,1,0,1,25.6634215,94.4703202
NAGALAND,Urban,Phek,Water transport,1,1,0,0,0,0,1,1,0,0,0,0,0,0,0,0,0,0,0,0,0,0,0,0,0,0,0,0,0,0,25.6634215,94.4703202
NAGALAND,Urban,Phek,Any other,8,7,1,0,0,0,2,2,0,0,0,0,0,0,0,0,0,0,0,0,0,2,2,0,4,3,1,0,0,0,25.6634215,94.4703202
NAGALAND,Urban,Phek,No travel,3518,2684,834,3518,2684,834,0,0,0,0,0,0,0,0,0,0,0,0,0,0,0,0,0,0,0,0,0,0,0,0,25.6634215,94.4703202
NAGALAND,Total,Mokokchung,All Modes,38178,25813,12365,13463,8367,5096,13503,9153,4350,7848,5648,2200,1784,1387,397,911,707,204,329,275,54,127,104,23,158,129,29,55,43,12,26.3220358,94.5134629
NAGALAND,Total,Mokokchung,On foot,17291,11729,5562,0,0,0,12125,8068,4057,4238,2971,1267,928,690,238,0,0,0,0,0,0,0,0,0,0,0,0,0,0,0,26.3220358,94.5134629
NAGALAND,Total,Mokokchung,Bicycle,380,329,51,0,0,0,129,109,20,162,138,24,45,39,6,23,23,0,21,20,1,0,0,0,0,0,0,0,0,0,26.3220358,94.5134629
NAGALAND,Total,Mokokchung,Moped/Scooter/Motor Cycle,1669,1548,121,0,0,0,396,360,36,804,738,66,241,229,12,132,128,4,42,42,0,21,20,1,22,20,2,11,11,0,26.3220358,94.5134629
NAGALAND,Total,Mokokchung,Car/Jeep/Van,2303,1713,590,0,0,0,549,417,132,1183,862,321,185,130,55,216,167,49,77,60,17,35,30,5,38,31,7,20,16,4,26.3220358,94.5134629
NAGALAND,Total,Mokokchung,Tempo/Autorickshaw/Taxi,687,410,277,0,0,0,63,38,25,438,229,209,58,41,17,53,40,13,44,34,10,8,8,0,18,17,1,5,3,2,26.3220358,94.5134629
NAGALAND,Total,Mokokchung,Bus,1997,1389,608,0,0,0,119,71,48,932,627,305,276,209,67,443,311,132,117,95,22,38,25,13,62,44,18,10,7,3,26.3220358,94.5134629
NAGALAND,Total,Mokokchung,Train,73,57,16,0,0,0,38,28,10,21,17,4,5,4,1,3,2,1,1,1,0,1,1,0,3,3,0,1,1,0,26.3220358,94.5134629
NAGALAND,Total,Mokokchung,Water transport,10,6,4,0,0,0,8,5,3,1,1,0,0,0,0,0,0,0,0,0,0,0,0,0,0,0,0,1,0,1,26.3220358,94.5134629
NAGALAND,Total,Mokokchung,Any other,305,265,40,0,0,0,76,57,19,69,65,4,46,45,1,41,36,5,27,23,4,24,20,4,15,14,1,7,5,2,26.3220358,94.5134629
NAGALAND,Total,Mokokchung,No travel,13463,8367,5096,13463,8367,5096,0,0,0,0,0,0,0,0,0,0,0,0,0,0,0,0,0,0,0,0,0,0,0,0,26.3220358,94.5134629
NAGALAND,Rural,Mokokchung,All Modes,19966,12950,7016,7778,4300,3478,6812,4612,2200,3408,2503,905,1022,773,249,572,450,122,213,175,38,63,54,9,63,53,10,35,30,5,26.3220358,94.5134629
NAGALAND,Rural,Mokokchung,On foot,8470,5729,2741,0,0,0,6267,4183,2084,1639,1152,487,564,394,170,0,0,0,0,0,0,0,0,0,0,0,0,0,0,0,26.3220358,94.5134629
NAGALAND,Rural,Mokokchung,Bicycle,247,212,35,0,0,0,73,61,12,109,92,17,32,27,5,17,17,0,16,15,1,0,0,0,0,0,0,0,0,0,26.3220358,94.5134629
NAGALAND,Rural,Mokokchung,Moped/Scooter/Motor Cycle,940,880,60,0,0,0,184,167,17,427,396,31,170,162,8,96,94,2,32,32,0,12,11,1,12,11,1,7,7,0,26.3220358,94.5134629
NAGALAND,Rural,Mokokchung,Car/Jeep/Van,773,585,188,0,0,0,107,86,21,392,292,100,75,50,25,123,97,26,43,32,11,10,9,1,9,7,2,14,12,2,26.3220358,94.5134629
NAGALAND,Rural,Mokokchung,Tempo/Autorickshaw/Taxi,255,175,80,0,0,0,18,10,8,134,80,54,18,12,6,32,27,5,39,32,7,4,4,0,8,8,0,2,2,0,26.3220358,94.5134629
NAGALAND,Rural,Mokokchung,Bus,1259,869,390,0,0,0,83,48,35,650,437,213,135,102,33,286,202,84,62,47,15,16,12,4,20,14,6,7,7,0,26.3220358,94.5134629
NAGALAND,Rural,Mokokchung,Train,41,34,7,0,0,0,18,14,4,13,11,2,4,3,1,2,2,0,0,0,0,1,1,0,3,3,0,0,0,0,26.3220358,94.5134629
NAGALAND,Rural,Mokokchung,Water transport,8,5,3,0,0,0,7,5,2,0,0,0,0,0,0,0,0,0,0,0,0,0,0,0,0,0,0,1,0,1,26.3220358,94.5134629
NAGALAND,Rural,Mokokchung,Any other,195,161,34,0,0,0,55,38,17,44,43,1,24,23,1,16,11,5,21,17,4,20,17,3,11,10,1,4,2,2,26.3220358,94.5134629
NAGALAND,Rural,Mokokchung,No travel,7778,4300,3478,7778,4300,3478,0,0,0,0,0,0,0,0,0,0,0,0,0,0,0,0,0,0,0,0,0,0,0,0,26.3220358,94.5134629
NAGALAND,Urban,Mokokchung,All Modes,18212,12863,5349,5685,4067,1618,6691,4541,2150,4440,3145,1295,762,614,148,339,257,82,116,100,16,64,50,14,95,76,19,20,13,7,26.3220358,94.5134629
NAGALAND,Urban,Mokokchung,On foot,8821,6000,2821,0,0,0,5858,3885,1973,2599,1819,780,364,296,68,0,0,0,0,0,0,0,0,0,0,0,0,0,0,0,26.3220358,94.5134629
NAGALAND,Urban,Mokokchung,Bicycle,133,117,16,0,0,0,56,48,8,53,46,7,13,12,1,6,6,0,5,5,0,0,0,0,0,0,0,0,0,0,26.3220358,94.5134629
NAGALAND,Urban,Mokokchung,Moped/Scooter/Motor Cycle,729,668,61,0,0,0,212,193,19,377,342,35,71,67,4,36,34,2,10,10,0,9,9,0,10,9,1,4,4,0,26.3220358,94.5134629
NAGALAND,Urban,Mokokchung,Car/Jeep/Van,1530,1128,402,0,0,0,442,331,111,791,570,221,110,80,30,93,70,23,34,28,6,25,21,4,29,24,5,6,4,2,26.3220358,94.5134629
NAGALAND,Urban,Mokokchung,Tempo/Autorickshaw/Taxi,432,235,197,0,0,0,45,28,17,304,149,155,40,29,11,21,13,8,5,2,3,4,4,0,10,9,1,3,1,2,26.3220358,94.5134629
NAGALAND,Urban,Mokokchung,Bus,738,520,218,0,0,0,36,23,13,282,190,92,141,107,34,157,109,48,55,48,7,22,13,9,42,30,12,3,0,3,26.3220358,94.5134629
NAGALAND,Urban,Mokokchung,Train,32,23,9,0,0,0,20,14,6,8,6,2,1,1,0,1,0,1,1,1,0,0,0,0,0,0,0,1,1,0,26.3220358,94.5134629
NAGALAND,Urban,Mokokchung,Water transport,2,1,1,0,0,0,1,0,1,1,1,0,0,0,0,0,0,0,0,0,0,0,0,0,0,0,0,0,0,0,26.3220358,94.5134629
NAGALAND,Urban,Mokokchung,Any other,110,104,6,0,0,0,21,19,2,25,22,3,22,22,0,25,25,0,6,6,0,4,3,1,4,4,0,3,3,0,26.3220358,94.5134629
NAGALAND,Urban,Mokokchung,No travel,5685,4067,1618,5685,4067,1618,0,0,0,0,0,0,0,0,0,0,0,0,0,0,0,0,0,0,0,0,0,0,0,0,26.3220358,94.5134629
NAGALAND,Total,Zunheboto,All Modes,20763,14075,6688,9630,6049,3581,6408,4422,1986,2817,2120,697,1165,866,299,253,206,47,194,165,29,120,103,17,120,99,21,56,45,11,26.0092831,94.5237707
NAGALAND,Total,Zunheboto,On foot,8610,6026,2584,0,0,0,5871,4002,1869,1902,1407,495,837,617,220,0,0,0,0,0,0,0,0,0,0,0,0,0,0,0,26.0092831,94.5237707
NAGALAND,Total,Zunheboto,Bicycle,234,210,24,0,0,0,91,75,16,93,89,4,28,25,3,5,5,0,17,16,1,0,0,0,0,0,0,0,0,0,26.0092831,94.5237707
NAGALAND,Total,Zunheboto,Moped/Scooter/Motor Cycle,421,379,42,0,0,0,69,59,10,196,177,19,84,77,7,30,28,2,13,13,0,20,18,2,2,2,0,7,5,2,26.0092831,94.5237707
NAGALAND,Total,Zunheboto,Car/Jeep/Van,1116,851,265,0,0,0,260,202,58,432,316,116,121,79,42,99,81,18,87,76,11,47,42,5,47,36,11,23,19,4,26.0092831,94.5237707
NAGALAND,Total,Zunheboto,Tempo/Autorickshaw/Taxi,250,178,72,0,0,0,44,32,12,102,62,40,38,28,10,17,15,2,15,11,4,12,10,2,16,15,1,6,5,1,26.0092831,94.5237707
NAGALAND,Total,Zunheboto,Bus,404,299,105,0,0,0,40,25,15,75,54,21,44,27,17,94,70,24,57,46,11,33,27,6,49,40,9,12,10,2,26.0092831,94.5237707
NAGALAND,Total,Zunheboto,Train,30,24,6,0,0,0,14,10,4,5,4,1,0,0,0,1,1,0,1,0,1,1,1,0,4,4,0,4,4,0,26.0092831,94.5237707
NAGALAND,Total,Zunheboto,Water transport,4,2,2,0,0,0,3,2,1,0,0,0,0,0,0,0,0,0,0,0,0,0,0,0,0,0,0,1,0,1,26.0092831,94.5237707
NAGALAND,Total,Zunheboto,Any other,64,57,7,0,0,0,16,15,1,12,11,1,13,13,0,7,6,1,4,3,1,7,5,2,2,2,0,3,2,1,26.0092831,94.5237707
NAGALAND,Total,Zunheboto,No travel,9630,6049,3581,9630,6049,3581,0,0,0,0,0,0,0,0,0,0,0,0,0,0,0,0,0,0,0,0,0,0,0,0,26.0092831,94.5237707
NAGALAND,Rural,Zunheboto,All Modes,13491,8731,4760,6197,3466,2731,4320,2975,1345,1542,1168,374,934,702,232,175,140,35,144,129,15,82,72,10,56,47,9,41,32,9,26.0092831,94.5237707
NAGALAND,Rural,Zunheboto,On foot,5872,4104,1768,0,0,0,4038,2749,1289,1142,849,293,692,506,186,0,0,0,0,0,0,0,0,0,0,0,0,0,0,0,26.0092831,94.5237707
NAGALAND,Rural,Zunheboto,Bicycle,144,129,15,0,0,0,49,39,10,56,53,3,24,22,2,2,2,0,13,13,0,0,0,0,0,0,0,0,0,0,26.0092831,94.5237707
NAGALAND,Rural,Zunheboto,Moped/Scooter/Motor Cycle,284,257,27,0,0,0,42,37,5,121,107,14,62,60,2,22,20,2,13,13,0,17,15,2,1,1,0,6,4,2,26.0092831,94.5237707
NAGALAND,Rural,Zunheboto,Car/Jeep/Van,542,425,117,0,0,0,116,95,21,152,109,43,81,57,24,64,51,13,66,60,6,31,28,3,16,12,4,16,13,3,26.0092831,94.5237707
NAGALAND,Rural,Zunheboto,Tempo/Autorickshaw/Taxi,116,90,26,0,0,0,16,13,3,26,16,10,29,23,6,13,11,2,9,7,2,9,8,1,8,7,1,6,5,1,26.0092831,94.5237707
NAGALAND,Rural,Zunheboto,Bus,254,191,63,0,0,0,31,20,11,32,22,10,35,23,12,68,51,17,40,34,6,17,15,2,25,21,4,6,5,1,26.0092831,94.5237707
NAGALAND,Rural,Zunheboto,Train,24,20,4,0,0,0,11,7,4,4,4,0,0,0,0,1,1,0,0,0,0,1,1,0,4,4,0,3,3,0,26.0092831,94.5237707
NAGALAND,Rural,Zunheboto,Water transport,4,2,2,0,0,0,3,2,1,0,0,0,0,0,0,0,0,0,0,0,0,0,0,0,0,0,0,1,0,1,26.0092831,94.5237707
NAGALAND,Rural,Zunheboto,Any other,54,47,7,0,0,0,14,13,1,9,8,1,11,11,0,5,4,1,3,2,1,7,5,2,2,2,0,3,2,1,26.0092831,94.5237707
NAGALAND,Rural,Zunheboto,No travel,6197,3466,2731,6197,3466,2731,0,0,0,0,0,0,0,0,0,0,0,0,0,0,0,0,0,0,0,0,0,0,0,0,26.0092831,94.5237707
NAGALAND,Urban,Zunheboto,All Modes,7272,5344,1928,3433,2583,850,2088,1447,641,1275,952,323,231,164,67,78,66,12,50,36,14,38,31,7,64,52,12,15,13,2,26.0092831,94.5237707
NAGALAND,Urban,Zunheboto,On foot,2738,1922,816,0,0,0,1833,1253,580,760,558,202,145,111,34,0,0,0,0,0,0,0,0,0,0,0,0,0,0,0,26.0092831,94.5237707
NAGALAND,Urban,Zunheboto,Bicycle,90,81,9,0,0,0,42,36,6,37,36,1,4,3,1,3,3,0,4,3,1,0,0,0,0,0,0,0,0,0,26.0092831,94.5237707
NAGALAND,Urban,Zunheboto,Moped/Scooter/Motor Cycle,137,122,15,0,0,0,27,22,5,75,70,5,22,17,5,8,8,0,0,0,0,3,3,0,1,1,0,1,1,0,26.0092831,94.5237707
NAGALAND,Urban,Zunheboto,Car/Jeep/Van,574,426,148,0,0,0,144,107,37,280,207,73,40,22,18,35,30,5,21,16,5,16,14,2,31,24,7,7,6,1,26.0092831,94.5237707
NAGALAND,Urban,Zunheboto,Tempo/Autorickshaw/Taxi,134,88,46,0,0,0,28,19,9,76,46,30,9,5,4,4,4,0,6,4,2,3,2,1,8,8,0,0,0,0,26.0092831,94.5237707
NAGALAND,Urban,Zunheboto,Bus,150,108,42,0,0,0,9,5,4,43,32,11,9,4,5,26,19,7,17,12,5,16,12,4,24,19,5,6,5,1,26.0092831,94.5237707
NAGALAND,Urban,Zunheboto,Train,6,4,2,0,0,0,3,3,0,1,0,1,0,0,0,0,0,0,1,0,1,0,0,0,0,0,0,1,1,0,26.0092831,94.5237707
NAGALAND,Urban,Zunheboto,Water transport,0,0,0,0,0,0,0,0,0,0,0,0,0,0,0,0,0,0,0,0,0,0,0,0,0,0,0,0,0,0,26.0092831,94.5237707
NAGALAND,Urban,Zunheboto,Any other,10,10,0,0,0,0,2,2,0,3,3,0,2,2,0,2,2,0,1,1,0,0,0,0,0,0,0,0,0,0,26.0092831,94.5237707
NAGALAND,Urban,Zunheboto,No travel,3433,2583,850,3433,2583,850,0,0,0,0,0,0,0,0,0,0,0,0,0,0,0,0,0,0,0,0,0,0,0,0,26.0092831,94.5237707
ASSAM,Total,Dhemaji,All Modes,58458,44253,14205,21718,14199,7519,13801,10529,3272,12699,10621,2078,5135,4356,779,2305,2034,271,1185,1056,129,608,531,77,796,741,55,211,186,25,27.4811106,94.5572847
ASSAM,Total,Dhemaji,On foot,12775,8747,4028,0,0,0,8765,5950,2815,2798,1883,915,1212,914,298,0,0,0,0,0,0,0,0,0,0,0,0,0,0,0,27.4811106,94.5572847
ASSAM,Total,Dhemaji,Bicycle,14029,13025,1004,0,0,0,3712,3436,276,6821,6281,540,2179,2062,117,791,750,41,526,496,30,0,0,0,0,0,0,0,0,0,27.4811106,94.5572847
ASSAM,Total,Dhemaji,Moped/Scooter/Motor Cycle,5266,4635,631,0,0,0,892,804,88,2194,1861,333,971,851,120,715,661,54,226,209,17,121,115,6,71,64,7,76,70,6,27.4811106,94.5572847
ASSAM,Total,Dhemaji,Car/Jeep/Van,991,821,170,0,0,0,202,173,29,307,242,65,145,108,37,128,109,19,67,57,10,67,61,6,64,60,4,11,11,0,27.4811106,94.5572847
ASSAM,Total,Dhemaji,Tempo/Autorickshaw/Taxi,489,279,210,0,0,0,53,30,23,206,93,113,100,56,44,69,56,13,20,15,5,14,10,4,7,6,1,20,13,7,27.4811106,94.5572847
ASSAM,Total,Dhemaji,Bus,2492,1937,555,0,0,0,96,68,28,188,112,76,423,280,143,544,406,138,322,257,65,369,310,59,498,459,39,52,45,7,27.4811106,94.5572847
ASSAM,Total,Dhemaji,Train,227,212,15,0,0,0,31,26,5,27,23,4,9,8,1,8,7,1,5,4,1,10,10,0,102,102,0,35,32,3,27.4811106,94.5572847
ASSAM,Total,Dhemaji,Water transport,64,62,2,0,0,0,5,5,0,20,20,0,20,19,1,5,5,0,0,0,0,9,8,1,4,4,0,1,1,0,27.4811106,94.5572847
ASSAM,Total,Dhemaji,Any other,407,336,71,0,0,0,45,37,8,138,106,32,76,58,18,45,40,5,19,18,1,18,17,1,50,46,4,16,14,2,27.4811106,94.5572847
ASSAM,Total,Dhemaji,No travel,21718,14199,7519,21718,14199,7519,0,0,0,0,0,0,0,0,0,0,0,0,0,0,0,0,0,0,0,0,0,0,0,0,27.4811106,94.5572847
ASSAM,Rural,Dhemaji,All Modes,44924,33068,11856,17985,11504,6481,9213,6510,2703,9729,8111,1618,4101,3462,639,1941,1736,205,834,733,101,432,380,52,545,507,38,144,125,19,27.4811106,94.5572847
ASSAM,Rural,Dhemaji,On foot,9135,5797,3338,0,0,0,6185,3846,2339,2164,1411,753,786,540,246,0,0,0,0,0,0,0,0,0,0,0,0,0,0,0,27.4811106,94.5572847
ASSAM,Rural,Dhemaji,Bicycle,10472,9602,870,0,0,0,2220,1980,240,5305,4852,453,1938,1825,113,677,639,38,332,306,26,0,0,0,0,0,0,0,0,0,27.4811106,94.5572847
ASSAM,Rural,Dhemaji,Moped/Scooter/Motor Cycle,3826,3398,428,0,0,0,511,452,59,1635,1418,217,777,688,89,569,530,39,161,149,12,92,88,4,44,40,4,37,33,4,27.4811106,94.5572847
ASSAM,Rural,Dhemaji,Car/Jeep/Van,717,590,127,0,0,0,122,106,16,229,179,50,113,84,29,116,100,16,56,46,10,44,40,4,30,28,2,7,7,0,27.4811106,94.5572847
ASSAM,Rural,Dhemaji,Tempo/Autorickshaw/Taxi,382,226,156,0,0,0,41,25,16,134,61,73,92,51,41,65,53,12,15,12,3,10,7,3,5,4,1,20,13,7,27.4811106,94.5572847
ASSAM,Rural,Dhemaji,Bus,1901,1495,406,0,0,0,77,53,24,129,77,52,327,216,111,466,368,98,259,210,49,258,218,40,342,314,28,43,39,4,27.4811106,94.5572847
ASSAM,Rural,Dhemaji,Train,177,166,11,0,0,0,23,18,5,18,17,1,9,8,1,8,7,1,3,2,1,8,8,0,84,84,0,24,22,2,27.4811106,94.5572847
ASSAM,Rural,Dhemaji,Water transport,60,59,1,0,0,0,5,5,0,20,20,0,18,17,1,5,5,0,0,0,0,8,8,0,3,3,0,1,1,0,27.4811106,94.5572847
ASSAM,Rural,Dhemaji,Any other,269,231,38,0,0,0,29,25,4,95,76,19,41,33,8,35,34,1,8,8,0,12,11,1,37,34,3,12,10,2,27.4811106,94.5572847
ASSAM,Rural,Dhemaji,No travel,17985,11504,6481,17985,11504,6481,0,0,0,0,0,0,0,0,0,0,0,0,0,0,0,0,0,0,0,0,0,0,0,0,27.4811106,94.5572847
ASSAM,Urban,Dhemaji,All Modes,13534,11185,2349,3733,2695,1038,4588,4019,569,2970,2510,460,1034,894,140,364,298,66,351,323,28,176,151,25,251,234,17,67,61,6,27.4811106,94.5572847
ASSAM,Urban,Dhemaji,On foot,3640,2950,690,0,0,0,2580,2104,476,634,472,162,426,374,52,0,0,0,0,0,0,0,0,0,0,0,0,0,0,0,27.4811106,94.5572847
ASSAM,Urban,Dhemaji,Bicycle,3557,3423,134,0,0,0,1492,1456,36,1516,1429,87,241,237,4,114,111,3,194,190,4,0,0,0,0,0,0,0,0,0,27.4811106,94.5572847
ASSAM,Urban,Dhemaji,Moped/Scooter/Motor Cycle,1440,1237,203,0,0,0,381,352,29,559,443,116,194,163,31,146,131,15,65,60,5,29,27,2,27,24,3,39,37,2,27.4811106,94.5572847
ASSAM,Urban,Dhemaji,Car/Jeep/Van,274,231,43,0,0,0,80,67,13,78,63,15,32,24,8,12,9,3,11,11,0,23,21,2,34,32,2,4,4,0,27.4811106,94.5572847
ASSAM,Urban,Dhemaji,Tempo/Autorickshaw/Taxi,107,53,54,0,0,0,12,5,7,72,32,40,8,5,3,4,3,1,5,3,2,4,3,1,2,2,0,0,0,0,27.4811106,94.5572847
ASSAM,Urban,Dhemaji,Bus,591,442,149,0,0,0,19,15,4,59,35,24,96,64,32,78,38,40,63,47,16,111,92,19,156,145,11,9,6,3,27.4811106,94.5572847
ASSAM,Urban,Dhemaji,Train,50,46,4,0,0,0,8,8,0,9,6,3,0,0,0,0,0,0,2,2,0,2,2,0,18,18,0,11,10,1,27.4811106,94.5572847
ASSAM,Urban,Dhemaji,Water transport,4,3,1,0,0,0,0,0,0,0,0,0,2,2,0,0,0,0,0,0,0,1,0,1,1,1,0,0,0,0,27.4811106,94.5572847
ASSAM,Urban,Dhemaji,Any other,138,105,33,0,0,0,16,12,4,43,30,13,35,25,10,10,6,4,11,10,1,6,6,0,13,12,1,4,4,0,27.4811106,94.5572847
ASSAM,Urban,Dhemaji,No travel,3733,2695,1038,3733,2695,1038,0,0,0,0,0,0,0,0,0,0,0,0,0,0,0,0,0,0,0,0,0,0,0,0,27.4811106,94.5572847
ASSAM,Total,Sivasagar,All Modes,284617,196262,88355,66563,45253,21310,97169,59992,37177,75389,52821,22568,23339,18360,4979,10285,9158,1127,5555,5013,542,3016,2681,335,2514,2303,211,787,681,106,26.9826098,94.6424521
ASSAM,Total,Sivasagar,On foot,124133,68186,55947,0,0,0,79598,44237,35361,36744,19263,17481,7791,4686,3105,0,0,0,0,0,0,0,0,0,0,0,0,0,0,0,26.9826098,94.6424521
ASSAM,Total,Sivasagar,Bicycle,49457,45684,3773,0,0,0,11959,11034,925,25362,23150,2212,7064,6709,355,2591,2512,79,2481,2279,202,0,0,0,0,0,0,0,0,0,26.9826098,94.6424521
ASSAM,Total,Sivasagar,Moped/Scooter/Motor Cycle,20469,18492,1977,0,0,0,3168,2883,285,8411,7376,1035,4284,3900,384,2753,2608,145,784,742,42,657,603,54,166,159,7,246,221,25,26.9826098,94.6424521
ASSAM,Total,Sivasagar,Car/Jeep/Van,4762,4006,756,0,0,0,774,658,116,1388,1055,333,778,643,135,876,786,90,377,345,32,333,302,31,173,162,11,63,55,8,26.9826098,94.6424521
ASSAM,Total,Sivasagar,Tempo/Autorickshaw/Taxi,4323,2507,1816,0,0,0,427,224,203,1582,677,905,1183,756,427,783,594,189,133,102,31,141,101,40,25,21,4,49,32,17,26.9826098,94.6424521
ASSAM,Total,Sivasagar,Bus,11753,9396,2357,0,0,0,575,408,167,1197,732,465,1891,1372,519,3071,2472,599,1651,1424,227,1672,1482,190,1520,1358,162,176,148,28,26.9826098,94.6424521
ASSAM,Total,Sivasagar,Train,1608,1448,160,0,0,0,238,189,49,265,228,37,109,95,14,96,86,10,85,80,5,146,134,12,540,520,20,129,116,13,26.9826098,94.6424521
ASSAM,Total,Sivasagar,Water transport,158,151,7,0,0,0,22,19,3,83,81,2,25,24,1,7,7,0,4,3,1,1,1,0,8,8,0,8,8,0,26.9826098,94.6424521
ASSAM,Total,Sivasagar,Any other,1391,1139,252,0,0,0,408,340,68,357,259,98,214,175,39,108,93,15,40,38,2,66,58,8,82,75,7,116,101,15,26.9826098,94.6424521
ASSAM,Total,Sivasagar,No travel,66563,45253,21310,66563,45253,21310,0,0,0,0,0,0,0,0,0,0,0,0,0,0,0,0,0,0,0,0,0,0,0,0,26.9826098,94.6424521
ASSAM,Rural,Sivasagar,All Modes,245898,164283,81615,57782,38425,19357,84948,49809,35139,65028,44221,20807,20453,15936,4517,8472,7579,893,4451,4002,449,2178,1942,236,1986,1843,143,600,526,74,26.9826098,94.6424521
ASSAM,Rural,Sivasagar,On foot,113274,59769,53505,0,0,0,72045,38364,33681,34319,17472,16847,6910,3933,2977,0,0,0,0,0,0,0,0,0,0,0,0,0,0,0,26.9826098,94.6424521
ASSAM,Rural,Sivasagar,Bicycle,41720,38214,3506,0,0,0,9472,8612,860,21409,19365,2044,6425,6086,339,2328,2254,74,2086,1897,189,0,0,0,0,0,0,0,0,0,26.9826098,94.6424521
ASSAM,Rural,Sivasagar,Moped/Scooter/Motor Cycle,15471,13977,1494,0,0,0,1882,1703,179,5983,5225,758,3746,3414,332,2383,2257,126,651,616,35,504,464,40,133,126,7,189,172,17,26.9826098,94.6424521
ASSAM,Rural,Sivasagar,Car/Jeep/Van,2658,2248,410,0,0,0,309,245,64,679,523,156,551,461,90,601,544,57,220,200,20,161,146,15,97,93,4,40,36,4,26.9826098,94.6424521
ASSAM,Rural,Sivasagar,Tempo/Autorickshaw/Taxi,3375,2122,1253,0,0,0,281,162,119,1143,568,575,1011,670,341,663,512,151,109,84,25,111,85,26,20,17,3,37,24,13,26.9826098,94.6424521
ASSAM,Rural,Sivasagar,Bus,9116,7314,1802,0,0,0,471,325,146,955,599,356,1530,1140,390,2328,1862,466,1275,1102,173,1222,1082,140,1204,1091,113,131,113,18,26.9826098,94.6424521
ASSAM,Rural,Sivasagar,Train,1377,1239,138,0,0,0,198,151,47,237,206,31,93,81,12,81,72,9,76,71,5,130,119,11,456,445,11,106,94,12,26.9826098,94.6424521
ASSAM,Rural,Sivasagar,Water transport,144,138,6,0,0,0,16,14,2,80,78,2,24,23,1,6,6,0,4,3,1,1,1,0,7,7,0,6,6,0,26.9826098,94.6424521
ASSAM,Rural,Sivasagar,Any other,981,837,144,0,0,0,274,233,41,223,185,38,163,128,35,82,72,10,30,29,1,49,45,4,69,64,5,91,81,10,26.9826098,94.6424521
ASSAM,Rural,Sivasagar,No travel,57782,38425,19357,57782,38425,19357,0,0,0,0,0,0,0,0,0,0,0,0,0,0,0,0,0,0,0,0,0,0,0,0,26.9826098,94.6424521
ASSAM,Urban,Sivasagar,All Modes,38719,31979,6740,8781,6828,1953,12221,10183,2038,10361,8600,1761,2886,2424,462,1813,1579,234,1104,1011,93,838,739,99,528,460,68,187,155,32,26.9826098,94.6424521
ASSAM,Urban,Sivasagar,On foot,10859,8417,2442,0,0,0,7553,5873,1680,2425,1791,634,881,753,128,0,0,0,0,0,0,0,0,0,0,0,0,0,0,0,26.9826098,94.6424521
ASSAM,Urban,Sivasagar,Bicycle,7737,7470,267,0,0,0,2487,2422,65,3953,3785,168,639,623,16,263,258,5,395,382,13,0,0,0,0,0,0,0,0,0,26.9826098,94.6424521
ASSAM,Urban,Sivasagar,Moped/Scooter/Motor Cycle,4998,4515,483,0,0,0,1286,1180,106,2428,2151,277,538,486,52,370,351,19,133,126,7,153,139,14,33,33,0,57,49,8,26.9826098,94.6424521
ASSAM,Urban,Sivasagar,Car/Jeep/Van,2104,1758,346,0,0,0,465,413,52,709,532,177,227,182,45,275,242,33,157,145,12,172,156,16,76,69,7,23,19,4,26.9826098,94.6424521
ASSAM,Urban,Sivasagar,Tempo/Autorickshaw/Taxi,948,385,563,0,0,0,146,62,84,439,109,330,172,86,86,120,82,38,24,18,6,30,16,14,5,4,1,12,8,4,26.9826098,94.6424521
ASSAM,Urban,Sivasagar,Bus,2637,2082,555,0,0,0,104,83,21,242,133,109,361,232,129,743,610,133,376,322,54,450,400,50,316,267,49,45,35,10,26.9826098,94.6424521
ASSAM,Urban,Sivasagar,Train,231,209,22,0,0,0,40,38,2,28,22,6,16,14,2,15,14,1,9,9,0,16,15,1,84,75,9,23,22,1,26.9826098,94.6424521
ASSAM,Urban,Sivasagar,Water transport,14,13,1,0,0,0,6,5,1,3,3,0,1,1,0,1,1,0,0,0,0,0,0,0,1,1,0,2,2,0,26.9826098,94.6424521
ASSAM,Urban,Sivasagar,Any other,410,302,108,0,0,0,134,107,27,134,74,60,51,47,4,26,21,5,10,9,1,17,13,4,13,11,2,25,20,5,26.9826098,94.6424521
ASSAM,Urban,Sivasagar,No travel,8781,6828,1953,8781,6828,1953,0,0,0,0,0,0,0,0,0,0,0,0,0,0,0,0,0,0,0,0,0,0,0,0,26.9826098,94.6424521
ARUNACHAL PRADESH,Total,West Siang,All Modes,18643,14083,4560,7878,6354,1524,6245,4433,1812,2552,1826,726,1210,854,356,252,185,67,165,139,26,122,101,21,134,120,14,85,71,14,28.147254,94.7484518
ARUNACHAL PRADESH,Total,West Siang,On foot,7454,5158,2296,0,0,0,5214,3650,1564,1522,1000,522,718,508,210,0,0,0,0,0,0,0,0,0,0,0,0,0,0,0,28.147254,94.7484518
ARUNACHAL PRADESH,Total,West Siang,Bicycle,428,306,122,0,0,0,166,100,66,187,141,46,35,28,7,12,12,0,28,25,3,0,0,0,0,0,0,0,0,0,28.147254,94.7484518
ARUNACHAL PRADESH,Total,West Siang,Moped/Scooter/Motor Cycle,1156,999,157,0,0,0,430,358,72,402,344,58,134,119,15,70,65,5,43,40,3,41,39,2,12,12,0,24,22,2,28.147254,94.7484518
ARUNACHAL PRADESH,Total,West Siang,Car/Jeep/Van,1008,789,219,0,0,0,365,274,91,328,269,59,103,78,25,50,38,12,47,37,10,37,30,7,50,44,6,28,19,9,28.147254,94.7484518
ARUNACHAL PRADESH,Total,West Siang,Tempo/Autorickshaw/Taxi,64,45,19,0,0,0,7,7,0,17,14,3,31,17,14,1,0,1,4,4,0,3,2,1,1,1,0,0,0,0,28.147254,94.7484518
ARUNACHAL PRADESH,Total,West Siang,Bus,287,196,91,0,0,0,24,14,10,55,26,29,43,28,15,27,16,11,34,29,5,29,18,11,64,56,8,11,9,2,28.147254,94.7484518
ARUNACHAL PRADESH,Total,West Siang,Train,40,31,9,0,0,0,18,13,5,8,8,0,3,1,2,2,2,0,1,0,1,1,1,0,3,3,0,4,3,1,28.147254,94.7484518
ARUNACHAL PRADESH,Total,West Siang,Water transport,5,4,1,0,0,0,2,1,1,1,1,0,1,1,0,0,0,0,0,0,0,0,0,0,0,0,0,1,1,0,28.147254,94.7484518
ARUNACHAL PRADESH,Total,West Siang,Any other,323,201,122,0,0,0,19,16,3,32,23,9,142,74,68,90,52,38,8,4,4,11,11,0,4,4,0,17,17,0,28.147254,94.7484518
ARUNACHAL PRADESH,Total,West Siang,No travel,7878,6354,1524,7878,6354,1524,0,0,0,0,0,0,0,0,0,0,0,0,0,0,0,0,0,0,0,0,0,0,0,0,28.147254,94.7484518
ARUNACHAL PRADESH,Rural,West Siang,All Modes,10072,7457,2615,4522,3466,1056,2966,2121,845,1344,955,389,795,549,246,183,136,47,87,72,15,54,50,4,83,72,11,38,36,2,28.147254,94.7484518
ARUNACHAL PRADESH,Rural,West Siang,On foot,3887,2676,1211,0,0,0,2662,1870,792,822,526,296,403,280,123,0,0,0,0,0,0,0,0,0,0,0,0,0,0,0,28.147254,94.7484518
ARUNACHAL PRADESH,Rural,West Siang,Bicycle,210,173,37,0,0,0,64,53,11,100,80,20,23,18,5,10,10,0,13,12,1,0,0,0,0,0,0,0,0,0,28.147254,94.7484518
ARUNACHAL PRADESH,Rural,West Siang,Moped/Scooter/Motor Cycle,583,521,62,0,0,0,140,126,14,228,195,33,107,96,11,48,46,2,24,23,1,19,18,1,5,5,0,12,12,0,28.147254,94.7484518
ARUNACHAL PRADESH,Rural,West Siang,Car/Jeep/Van,378,298,80,0,0,0,79,59,20,150,119,31,63,51,12,22,17,5,17,13,4,14,13,1,22,17,5,11,9,2,28.147254,94.7484518
ARUNACHAL PRADESH,Rural,West Siang,Tempo/Autorickshaw/Taxi,35,18,17,0,0,0,1,1,0,7,4,3,24,11,13,1,0,1,2,2,0,0,0,0,0,0,0,0,0,0,28.147254,94.7484518
ARUNACHAL PRADESH,Rural,West Siang,Bus,148,118,30,0,0,0,5,1,4,12,11,1,31,19,12,12,11,1,22,18,4,11,9,2,49,43,6,6,6,0,28.147254,94.7484518
ARUNACHAL PRADESH,Rural,West Siang,Train,19,16,3,0,0,0,5,5,0,4,4,0,3,1,2,2,2,0,1,0,1,0,0,0,3,3,0,1,1,0,28.147254,94.7484518
ARUNACHAL PRADESH,Rural,West Siang,Water transport,3,2,1,0,0,0,1,0,1,0,0,0,1,1,0,0,0,0,0,0,0,0,0,0,0,0,0,1,1,0,28.147254,94.7484518
ARUNACHAL PRADESH,Rural,West Siang,Any other,287,169,118,0,0,0,9,6,3,21,16,5,140,72,68,88,50,38,8,4,4,10,10,0,4,4,0,7,7,0,28.147254,94.7484518
ARUNACHAL PRADESH,Rural,West Siang,No travel,4522,3466,1056,4522,3466,1056,0,0,0,0,0,0,0,0,0,0,0,0,0,0,0,0,0,0,0,0,0,0,0,0,28.147254,94.7484518
ARUNACHAL PRADESH,Urban,West Siang,All Modes,8571,6626,1945,3356,2888,468,3279,2312,967,1208,871,337,415,305,110,69,49,20,78,67,11,68,51,17,51,48,3,47,35,12,28.147254,94.7484518
ARUNACHAL PRADESH,Urban,West Siang,On foot,3567,2482,1085,0,0,0,2552,1780,772,700,474,226,315,228,87,0,0,0,0,0,0,0,0,0,0,0,0,0,0,0,28.147254,94.7484518
ARUNACHAL PRADESH,Urban,West Siang,Bicycle,218,133,85,0,0,0,102,47,55,87,61,26,12,10,2,2,2,0,15,13,2,0,0,0,0,0,0,0,0,0,28.147254,94.7484518
ARUNACHAL PRADESH,Urban,West Siang,Moped/Scooter/Motor Cycle,573,478,95,0,0,0,290,232,58,174,149,25,27,23,4,22,19,3,19,17,2,22,21,1,7,7,0,12,10,2,28.147254,94.7484518
ARUNACHAL PRADESH,Urban,West Siang,Car/Jeep/Van,630,491,139,0,0,0,286,215,71,178,150,28,40,27,13,28,21,7,30,24,6,23,17,6,28,27,1,17,10,7,28.147254,94.7484518
ARUNACHAL PRADESH,Urban,West Siang,Tempo/Autorickshaw/Taxi,29,27,2,0,0,0,6,6,0,10,10,0,7,6,1,0,0,0,2,2,0,3,2,1,1,1,0,0,0,0,28.147254,94.7484518
ARUNACHAL PRADESH,Urban,West Siang,Bus,139,78,61,0,0,0,19,13,6,43,15,28,12,9,3,15,5,10,12,11,1,18,9,9,15,13,2,5,3,2,28.147254,94.7484518
ARUNACHAL PRADESH,Urban,West Siang,Train,21,15,6,0,0,0,13,8,5,4,4,0,0,0,0,0,0,0,0,0,0,1,1,0,0,0,0,3,2,1,28.147254,94.7484518
ARUNACHAL PRADESH,Urban,West Siang,Water transport,2,2,0,0,0,0,1,1,0,1,1,0,0,0,0,0,0,0,0,0,0,0,0,0,0,0,0,0,0,0,28.147254,94.7484518
ARUNACHAL PRADESH,Urban,West Siang,Any other,36,32,4,0,0,0,10,10,0,11,7,4,2,2,0,2,2,0,0,0,0,1,1,0,0,0,0,10,10,0,28.147254,94.7484518
ARUNACHAL PRADESH,Urban,West Siang,No travel,3356,2888,468,3356,2888,468,0,0,0,0,0,0,0,0,0,0,0,0,0,0,0,0,0,0,0,0,0,0,0,0,28.147254,94.7484518
NAGALAND,Total,Kiphire,All Modes,8519,6292,2227,4767,3295,1472,2393,1903,490,732,598,134,477,377,100,42,33,9,19,12,7,32,30,2,39,29,10,18,15,3,25.8689085,94.7853412
NAGALAND,Total,Kiphire,On foot,3466,2764,702,0,0,0,2321,1843,478,680,553,127,465,368,97,0,0,0,0,0,0,0,0,0,0,0,0,0,0,0,25.8689085,94.7853412
NAGALAND,Total,Kiphire,Bicycle,13,12,1,0,0,0,3,2,1,8,8,0,0,0,0,1,1,0,1,1,0,0,0,0,0,0,0,0,0,0,25.8689085,94.7853412
NAGALAND,Total,Kiphire,Moped/Scooter/Motor Cycle,45,43,2,0,0,0,13,13,0,15,14,1,2,1,1,9,9,0,3,3,0,3,3,0,0,0,0,0,0,0,25.8689085,94.7853412
NAGALAND,Total,Kiphire,Car/Jeep/Van,98,76,22,0,0,0,41,33,8,19,15,4,6,4,2,9,6,3,3,2,1,4,4,0,8,5,3,8,7,1,25.8689085,94.7853412
NAGALAND,Total,Kiphire,Tempo/Autorickshaw/Taxi,41,31,10,0,0,0,7,6,1,3,2,1,2,2,0,7,4,3,5,3,2,9,8,1,8,6,2,0,0,0,25.8689085,94.7853412
NAGALAND,Total,Kiphire,Bus,77,61,16,0,0,0,6,4,2,6,5,1,1,1,0,14,11,3,7,3,4,14,13,1,22,17,5,7,7,0,25.8689085,94.7853412
NAGALAND,Total,Kiphire,Train,2,2,0,0,0,0,2,2,0,0,0,0,0,0,0,0,0,0,0,0,0,0,0,0,0,0,0,0,0,0,25.8689085,94.7853412
NAGALAND,Total,Kiphire,Water transport,0,0,0,0,0,0,0,0,0,0,0,0,0,0,0,0,0,0,0,0,0,0,0,0,0,0,0,0,0,0,25.8689085,94.7853412
NAGALAND,Total,Kiphire,Any other,10,8,2,0,0,0,0,0,0,1,1,0,1,1,0,2,2,0,0,0,0,2,2,0,1,1,0,3,1,2,25.8689085,94.7853412
NAGALAND,Total,Kiphire,No travel,4767,3295,1472,4767,3295,1472,0,0,0,0,0,0,0,0,0,0,0,0,0,0,0,0,0,0,0,0,0,0,0,0,25.8689085,94.7853412
NAGALAND,Rural,Kiphire,All Modes,5573,4110,1463,3593,2512,1081,1417,1127,290,223,194,29,292,236,56,15,13,2,7,5,2,7,7,0,11,10,1,8,6,2,25.8689085,94.7853412
NAGALAND,Rural,Kiphire,On foot,1876,1511,365,0,0,0,1389,1104,285,204,178,26,283,229,54,0,0,0,0,0,0,0,0,0,0,0,0,0,0,0,25.8689085,94.7853412
NAGALAND,Rural,Kiphire,Bicycle,7,6,1,0,0,0,2,1,1,4,4,0,0,0,0,0,0,0,1,1,0,0,0,0,0,0,0,0,0,0,25.8689085,94.7853412
NAGALAND,Rural,Kiphire,Moped/Scooter/Motor Cycle,17,16,1,0,0,0,5,5,0,6,5,1,0,0,0,4,4,0,2,2,0,0,0,0,0,0,0,0,0,0,25.8689085,94.7853412
NAGALAND,Rural,Kiphire,Car/Jeep/Van,35,28,7,0,0,0,10,8,2,5,4,1,6,4,2,6,4,2,1,1,0,2,2,0,2,2,0,3,3,0,25.8689085,94.7853412
NAGALAND,Rural,Kiphire,Tempo/Autorickshaw/Taxi,8,7,1,0,0,0,5,4,1,0,0,0,2,2,0,0,0,0,0,0,0,0,0,0,1,1,0,0,0,0,25.8689085,94.7853412
NAGALAND,Rural,Kiphire,Bus,27,22,5,0,0,0,4,3,1,3,2,1,0,0,0,3,3,0,3,1,2,4,4,0,8,7,1,2,2,0,25.8689085,94.7853412
NAGALAND,Rural,Kiphire,Train,2,2,0,0,0,0,2,2,0,0,0,0,0,0,0,0,0,0,0,0,0,0,0,0,0,0,0,0,0,0,25.8689085,94.7853412
NAGALAND,Rural,Kiphire,Water transport,0,0,0,0,0,0,0,0,0,0,0,0,0,0,0,0,0,0,0,0,0,0,0,0,0,0,0,0,0,0,25.8689085,94.7853412
NAGALAND,Rural,Kiphire,Any other,8,6,2,0,0,0,0,0,0,1,1,0,1,1,0,2,2,0,0,0,0,1,1,0,0,0,0,3,1,2,25.8689085,94.7853412
NAGALAND,Rural,Kiphire,No travel,3593,2512,1081,3593,2512,1081,0,0,0,0,0,0,0,0,0,0,0,0,0,0,0,0,0,0,0,0,0,0,0,0,25.8689085,94.7853412
NAGALAND,Urban,Kiphire,All Modes,2946,2182,764,1174,783,391,976,776,200,509,404,105,185,141,44,27,20,7,12,7,5,25,23,2,28,19,9,10,9,1,25.8689085,94.7853412
NAGALAND,Urban,Kiphire,On foot,1590,1253,337,0,0,0,932,739,193,476,375,101,182,139,43,0,0,0,0,0,0,0,0,0,0,0,0,0,0,0,25.8689085,94.7853412
NAGALAND,Urban,Kiphire,Bicycle,6,6,0,0,0,0,1,1,0,4,4,0,0,0,0,1,1,0,0,0,0,0,0,0,0,0,0,0,0,0,25.8689085,94.7853412
NAGALAND,Urban,Kiphire,Moped/Scooter/Motor Cycle,28,27,1,0,0,0,8,8,0,9,9,0,2,1,1,5,5,0,1,1,0,3,3,0,0,0,0,0,0,0,25.8689085,94.7853412
NAGALAND,Urban,Kiphire,Car/Jeep/Van,63,48,15,0,0,0,31,25,6,14,11,3,0,0,0,3,2,1,2,1,1,2,2,0,6,3,3,5,4,1,25.8689085,94.7853412
NAGALAND,Urban,Kiphire,Tempo/Autorickshaw/Taxi,33,24,9,0,0,0,2,2,0,3,2,1,0,0,0,7,4,3,5,3,2,9,8,1,7,5,2,0,0,0,25.8689085,94.7853412
NAGALAND,Urban,Kiphire,Bus,50,39,11,0,0,0,2,1,1,3,3,0,1,1,0,11,8,3,4,2,2,10,9,1,14,10,4,5,5,0,25.8689085,94.7853412
NAGALAND,Urban,Kiphire,Train,0,0,0,0,0,0,0,0,0,0,0,0,0,0,0,0,0,0,0,0,0,0,0,0,0,0,0,0,0,0,25.8689085,94.7853412
NAGALAND,Urban,Kiphire,Water transport,0,0,0,0,0,0,0,0,0,0,0,0,0,0,0,0,0,0,0,0,0,0,0,0,0,0,0,0,0,0,25.8689085,94.7853412
NAGALAND,Urban,Kiphire,Any other,2,2,0,0,0,0,0,0,0,0,0,0,0,0,0,0,0,0,0,0,0,1,1,0,1,1,0,0,0,0,25.8689085,94.7853412
NAGALAND,Urban,Kiphire,No travel,1174,783,391,1174,783,391,0,0,0,0,0,0,0,0,0,0,0,0,0,0,0,0,0,0,0,0,0,0,0,0,25.8689085,94.7853412
NAGALAND,Total,Tuensang,All Modes,17925,13508,4417,9055,6403,2652,5664,4520,1144,1859,1511,348,1041,818,223,50,38,12,67,54,13,70,56,14,74,68,6,45,40,5,26.2357422,94.8131863
NAGALAND,Total,Tuensang,On foot,7490,5975,1515,0,0,0,5317,4240,1077,1314,1069,245,859,666,193,0,0,0,0,0,0,0,0,0,0,0,0,0,0,0,26.2357422,94.8131863
NAGALAND,Total,Tuensang,Bicycle,73,67,6,0,0,0,25,21,4,22,20,2,9,9,0,1,1,0,16,16,0,0,0,0,0,0,0,0,0,0,26.2357422,94.8131863
NAGALAND,Total,Tuensang,Moped/Scooter/Motor Cycle,171,163,8,0,0,0,31,29,2,90,86,4,19,19,0,8,7,1,6,6,0,5,5,0,4,4,0,8,7,1,26.2357422,94.8131863
NAGALAND,Total,Tuensang,Car/Jeep/Van,655,527,128,0,0,0,236,190,46,266,215,51,41,33,8,10,8,2,11,5,6,35,24,11,30,27,3,26,25,1,26.2357422,94.8131863
NAGALAND,Total,Tuensang,Tempo/Autorickshaw/Taxi,176,140,36,0,0,0,25,19,6,107,82,25,20,17,3,3,2,1,8,8,0,2,2,0,7,6,1,4,4,0,26.2357422,94.8131863
NAGALAND,Total,Tuensang,Bus,272,207,65,0,0,0,19,11,8,52,35,17,88,69,19,27,19,8,25,18,7,28,25,3,31,29,2,2,1,1,26.2357422,94.8131863
NAGALAND,Total,Tuensang,Train,14,12,2,0,0,0,3,3,0,4,3,1,4,4,0,0,0,0,0,0,0,0,0,0,0,0,0,3,2,1,26.2357422,94.8131863
NAGALAND,Total,Tuensang,Water transport,4,3,1,0,0,0,2,2,0,1,0,1,0,0,0,0,0,0,0,0,0,0,0,0,1,1,0,0,0,0,26.2357422,94.8131863
NAGALAND,Total,Tuensang,Any other,15,11,4,0,0,0,6,5,1,3,1,2,1,1,0,1,1,0,1,1,0,0,0,0,1,1,0,2,1,1,26.2357422,94.8131863
NAGALAND,Total,Tuensang,No travel,9055,6403,2652,9055,6403,2652,0,0,0,0,0,0,0,0,0,0,0,0,0,0,0,0,0,0,0,0,0,0,0,0,26.2357422,94.8131863
NAGALAND,Rural,Tuensang,All Modes,9265,7173,2092,4295,3019,1276,3578,2940,638,701,610,91,512,440,72,28,24,4,35,34,1,52,45,7,38,37,1,26,24,2,26.2357422,94.8131863
NAGALAND,Rural,Tuensang,On foot,4542,3759,783,0,0,0,3496,2867,629,599,516,83,447,376,71,0,0,0,0,0,0,0,0,0,0,0,0,0,0,0,26.2357422,94.8131863
NAGALAND,Rural,Tuensang,Bicycle,49,47,2,0,0,0,17,15,2,9,9,0,8,8,0,1,1,0,14,14,0,0,0,0,0,0,0,0,0,0,26.2357422,94.8131863
NAGALAND,Rural,Tuensang,Moped/Scooter/Motor Cycle,101,96,5,0,0,0,21,19,2,49,48,1,13,13,0,4,3,1,3,3,0,4,4,0,2,2,0,5,4,1,26.2357422,94.8131863
NAGALAND,Rural,Tuensang,Car/Jeep/Van,147,131,16,0,0,0,32,29,3,29,24,5,12,12,0,7,7,0,5,5,0,30,23,7,18,17,1,14,14,0,26.2357422,94.8131863
NAGALAND,Rural,Tuensang,Tempo/Autorickshaw/Taxi,29,27,2,0,0,0,1,1,0,5,4,1,5,4,1,1,1,0,7,7,0,2,2,0,5,5,0,3,3,0,26.2357422,94.8131863
NAGALAND,Rural,Tuensang,Bus,88,83,5,0,0,0,6,5,1,6,6,0,27,27,0,15,12,3,5,4,1,16,16,0,12,12,0,1,1,0,26.2357422,94.8131863
NAGALAND,Rural,Tuensang,Train,7,6,1,0,0,0,2,2,0,2,2,0,0,0,0,0,0,0,0,0,0,0,0,0,0,0,0,3,2,1,26.2357422,94.8131863
NAGALAND,Rural,Tuensang,Water transport,2,1,1,0,0,0,1,1,0,1,0,1,0,0,0,0,0,0,0,0,0,0,0,0,0,0,0,0,0,0,26.2357422,94.8131863
NAGALAND,Rural,Tuensang,Any other,5,4,1,0,0,0,2,1,1,1,1,0,0,0,0,0,0,0,1,1,0,0,0,0,1,1,0,0,0,0,26.2357422,94.8131863
NAGALAND,Rural,Tuensang,No travel,4295,3019,1276,4295,3019,1276,0,0,0,0,0,0,0,0,0,0,0,0,0,0,0,0,0,0,0,0,0,0,0,0,26.2357422,94.8131863
NAGALAND,Urban,Tuensang,All Modes,8660,6335,2325,4760,3384,1376,2086,1580,506,1158,901,257,529,378,151,22,14,8,32,20,12,18,11,7,36,31,5,19,16,3,26.2357422,94.8131863
NAGALAND,Urban,Tuensang,On foot,2948,2216,732,0,0,0,1821,1373,448,715,553,162,412,290,122,0,0,0,0,0,0,0,0,0,0,0,0,0,0,0,26.2357422,94.8131863
NAGALAND,Urban,Tuensang,Bicycle,24,20,4,0,0,0,8,6,2,13,11,2,1,1,0,0,0,0,2,2,0,0,0,0,0,0,0,0,0,0,26.2357422,94.8131863
NAGALAND,Urban,Tuensang,Moped/Scooter/Motor Cycle,70,67,3,0,0,0,10,10,0,41,38,3,6,6,0,4,4,0,3,3,0,1,1,0,2,2,0,3,3,0,26.2357422,94.8131863
NAGALAND,Urban,Tuensang,Car/Jeep/Van,508,396,112,0,0,0,204,161,43,237,191,46,29,21,8,3,1,2,6,0,6,5,1,4,12,10,2,12,11,1,26.2357422,94.8131863
NAGALAND,Urban,Tuensang,Tempo/Autorickshaw/Taxi,147,113,34,0,0,0,24,18,6,102,78,24,15,13,2,2,1,1,1,1,0,0,0,0,2,1,1,1,1,0,26.2357422,94.8131863
NAGALAND,Urban,Tuensang,Bus,184,124,60,0,0,0,13,6,7,46,29,17,61,42,19,12,7,5,20,14,6,12,9,3,19,17,2,1,0,1,26.2357422,94.8131863
NAGALAND,Urban,Tuensang,Train,7,6,1,0,0,0,1,1,0,2,1,1,4,4,0,0,0,0,0,0,0,0,0,0,0,0,0,0,0,0,26.2357422,94.8131863
NAGALAND,Urban,Tuensang,Water transport,2,2,0,0,0,0,1,1,0,0,0,0,0,0,0,0,0,0,0,0,0,0,0,0,1,1,0,0,0,0,26.2357422,94.8131863
NAGALAND,Urban,Tuensang,Any other,10,7,3,0,0,0,4,4,0,2,0,2,1,1,0,1,1,0,0,0,0,0,0,0,0,0,0,2,1,1,26.2357422,94.8131863
NAGALAND,Urban,Tuensang,No travel,4760,3384,1376,4760,3384,1376,0,0,0,0,0,0,0,0,0,0,0,0,0,0,0,0,0,0,0,0,0,0,0,0,26.2357422,94.8131863
NAGALAND,Total,Longleng,All Modes,6160,4178,1982,3701,2339,1362,1645,1213,432,466,352,114,250,198,52,21,18,3,15,13,2,8,7,1,35,23,12,19,15,4,26.4901992,94.819664
NAGALAND,Total,Longleng,On foot,2080,1539,541,0,0,0,1511,1107,404,342,254,88,227,178,49,0,0,0,0,0,0,0,0,0,0,0,0,0,0,0,26.4901992,94.819664
NAGALAND,Total,Longleng,Bicycle,31,27,4,0,0,0,12,12,0,15,12,3,1,0,1,1,1,0,2,2,0,0,0,0,0,0,0,0,0,0,26.4901992,94.819664
NAGALAND,Total,Longleng,Moped/Scooter/Motor Cycle,89,78,11,0,0,0,30,28,2,40,34,6,11,10,1,1,0,1,2,2,0,2,2,0,1,0,1,2,2,0,26.4901992,94.819664
NAGALAND,Total,Longleng,Car/Jeep/Van,135,93,42,0,0,0,73,52,21,40,27,13,3,2,1,8,6,2,3,2,1,3,2,1,3,1,2,2,1,1,26.4901992,94.819664
NAGALAND,Total,Longleng,Tempo/Autorickshaw/Taxi,8,4,4,0,0,0,3,1,2,1,1,0,2,2,0,0,0,0,0,0,0,0,0,0,0,0,0,2,0,2,26.4901992,94.819664
NAGALAND,Total,Longleng,Bus,57,43,14,0,0,0,5,3,2,4,3,1,0,0,0,3,3,0,7,6,1,3,3,0,29,20,9,6,5,1,26.4901992,94.819664
NAGALAND,Total,Longleng,Train,11,10,1,0,0,0,5,5,0,4,3,1,0,0,0,0,0,0,0,0,0,0,0,0,0,0,0,2,2,0,26.4901992,94.819664
NAGALAND,Total,Longleng,Water transport,0,0,0,0,0,0,0,0,0,0,0,0,0,0,0,0,0,0,0,0,0,0,0,0,0,0,0,0,0,0,26.4901992,94.819664
NAGALAND,Total,Longleng,Any other,48,45,3,0,0,0,6,5,1,20,18,2,6,6,0,8,8,0,1,1,0,0,0,0,2,2,0,5,5,0,26.4901992,94.819664
NAGALAND,Total,Longleng,No travel,3701,2339,1362,3701,2339,1362,0,0,0,0,0,0,0,0,0,0,0,0,0,0,0,0,0,0,0,0,0,0,0,0,26.4901992,94.819664
NAGALAND,Rural,Longleng,All Modes,4277,2792,1485,2746,1683,1063,961,684,277,292,208,84,188,145,43,19,16,3,12,12,0,8,7,1,34,23,11,17,14,3,26.4901992,94.819664
NAGALAND,Rural,Longleng,On foot,1314,936,378,0,0,0,920,650,270,225,157,68,169,129,40,0,0,0,0,0,0,0,0,0,0,0,0,0,0,0,26.4901992,94.819664
NAGALAND,Rural,Longleng,Bicycle,17,13,4,0,0,0,5,5,0,9,6,3,1,0,1,1,1,0,1,1,0,0,0,0,0,0,0,0,0,0,26.4901992,94.819664
NAGALAND,Rural,Longleng,Moped/Scooter/Motor Cycle,60,49,11,0,0,0,14,12,2,28,22,6,10,9,1,1,0,1,2,2,0,2,2,0,1,0,1,2,2,0,26.4901992,94.819664
NAGALAND,Rural,Longleng,Car/Jeep/Van,39,28,11,0,0,0,9,8,1,13,9,4,2,1,1,6,4,2,2,2,0,3,2,1,3,1,2,1,1,0,26.4901992,94.819664
NAGALAND,Rural,Longleng,Tempo/Autorickshaw/Taxi,4,1,3,0,0,0,1,0,1,1,1,0,0,0,0,0,0,0,0,0,0,0,0,0,0,0,0,2,0,2,26.4901992,94.819664
NAGALAND,Rural,Longleng,Bus,49,38,11,0,0,0,3,1,2,1,1,0,0,0,0,3,3,0,6,6,0,3,3,0,28,20,8,5,4,1,26.4901992,94.819664
NAGALAND,Rural,Longleng,Train,8,7,1,0,0,0,3,3,0,3,2,1,0,0,0,0,0,0,0,0,0,0,0,0,0,0,0,2,2,0,26.4901992,94.819664
NAGALAND,Rural,Longleng,Water transport,0,0,0,0,0,0,0,0,0,0,0,0,0,0,0,0,0,0,0,0,0,0,0,0,0,0,0,0,0,0,26.4901992,94.819664
NAGALAND,Rural,Longleng,Any other,40,37,3,0,0,0,6,5,1,12,10,2,6,6,0,8,8,0,1,1,0,0,0,0,2,2,0,5,5,0,26.4901992,94.819664
NAGALAND,Rural,Longleng,No travel,2746,1683,1063,2746,1683,1063,0,0,0,0,0,0,0,0,0,0,0,0,0,0,0,0,0,0,0,0,0,0,0,0,26.4901992,94.819664
NAGALAND,Urban,Longleng,All Modes,1883,1386,497,955,656,299,684,529,155,174,144,30,62,53,9,2,2,0,3,1,2,0,0,0,1,0,1,2,1,1,26.4901992,94.819664
NAGALAND,Urban,Longleng,On foot,766,603,163,0,0,0,591,457,134,117,97,20,58,49,9,0,0,0,0,0,0,0,0,0,0,0,0,0,0,0,26.4901992,94.819664
NAGALAND,Urban,Longleng,Bicycle,14,14,0,0,0,0,7,7,0,6,6,0,0,0,0,0,0,0,1,1,0,0,0,0,0,0,0,0,0,0,26.4901992,94.819664
NAGALAND,Urban,Longleng,Moped/Scooter/Motor Cycle,29,29,0,0,0,0,16,16,0,12,12,0,1,1,0,0,0,0,0,0,0,0,0,0,0,0,0,0,0,0,26.4901992,94.819664
NAGALAND,Urban,Longleng,Car/Jeep/Van,96,65,31,0,0,0,64,44,20,27,18,9,1,1,0,2,2,0,1,0,1,0,0,0,0,0,0,1,0,1,26.4901992,94.819664
NAGALAND,Urban,Longleng,Tempo/Autorickshaw/Taxi,4,3,1,0,0,0,2,1,1,0,0,0,2,2,0,0,0,0,0,0,0,0,0,0,0,0,0,0,0,0,26.4901992,94.819664
NAGALAND,Urban,Longleng,Bus,8,5,3,0,0,0,2,2,0,3,2,1,0,0,0,0,0,0,1,0,1,0,0,0,1,0,1,1,1,0,26.4901992,94.819664
NAGALAND,Urban,Longleng,Train,3,3,0,0,0,0,2,2,0,1,1,0,0,0,0,0,0,0,0,0,0,0,0,0,0,0,0,0,0,0,26.4901992,94.819664
NAGALAND,Urban,Longleng,Water transport,0,0,0,0,0,0,0,0,0,0,0,0,0,0,0,0,0,0,0,0,0,0,0,0,0,0,0,0,0,0,26.4901992,94.819664
NAGALAND,Urban,Longleng,Any other,8,8,0,0,0,0,0,0,0,8,8,0,0,0,0,0,0,0,0,0,0,0,0,0,0,0,0,0,0,0,26.4901992,94.819664
NAGALAND,Urban,Longleng,No travel,955,656,299,955,656,299,0,0,0,0,0,0,0,0,0,0,0,0,0,0,0,0,0,0,0,0,0,0,0,0,26.4901992,94.819664
ASSAM,Total,Dibrugarh,All Modes,349792,240397,109395,90516,60879,29637,125964,78003,47961,87446,63633,23813,25318,19538,5780,7731,6955,776,5694,5169,525,3219,2823,396,2162,1942,220,1742,1455,287,27.4728327,94.9119621
ASSAM,Total,Dibrugarh,On foot,151952,83810,68142,0,0,0,101900,56176,45724,38541,20359,18182,11511,7275,4236,0,0,0,0,0,0,0,0,0,0,0,0,0,0,0,27.4728327,94.9119621
ASSAM,Total,Dibrugarh,Bicycle,59854,56394,3460,0,0,0,17134,16121,1013,31074,29104,1970,6368,6133,235,2088,2039,49,3190,2997,193,0,0,0,0,0,0,0,0,0,27.4728327,94.9119621
ASSAM,Total,Dibrugarh,Moped/Scooter/Motor Cycle,20505,18875,1630,0,0,0,3724,3456,268,9612,8738,874,3389,3128,261,1948,1828,120,521,499,22,567,539,28,152,144,8,592,543,49,27.4728327,94.9119621
ASSAM,Total,Dibrugarh,Car/Jeep/Van,7414,6004,1410,0,0,0,1284,1019,265,3256,2584,672,937,760,177,627,542,85,284,238,46,429,366,63,317,272,45,280,223,57,27.4728327,94.9119621
ASSAM,Total,Dibrugarh,Tempo/Autorickshaw/Taxi,5977,3320,2657,0,0,0,802,412,390,3076,1483,1593,1099,662,437,427,346,81,124,98,26,199,146,53,63,55,8,187,118,69,27.4728327,94.9119621
ASSAM,Total,Dibrugarh,Bus,10717,8704,2013,0,0,0,442,313,129,1219,824,395,1673,1271,402,2441,2017,424,1460,1230,230,1846,1615,231,1301,1165,136,335,269,66,27.4728327,94.9119621
ASSAM,Total,Dibrugarh,Train,1457,1224,233,0,0,0,386,273,113,347,289,58,85,76,9,67,63,4,61,57,4,105,95,10,225,211,14,181,160,21,27.4728327,94.9119621
ASSAM,Total,Dibrugarh,Water transport,245,230,15,0,0,0,25,20,5,50,47,3,91,88,3,15,14,1,12,12,0,11,9,2,27,27,0,14,13,1,27.4728327,94.9119621
ASSAM,Total,Dibrugarh,Any other,1155,957,198,0,0,0,267,213,54,271,205,66,165,145,20,118,106,12,42,38,4,62,53,9,77,68,9,153,129,24,27.4728327,94.9119621
ASSAM,Total,Dibrugarh,No travel,90516,60879,29637,90516,60879,29637,0,0,0,0,0,0,0,0,0,0,0,0,0,0,0,0,0,0,0,0,0,0,0,0,27.4728327,94.9119621
ASSAM,Rural,Dibrugarh,All Modes,263608,170397,93211,69726,45949,23777,101385,57921,43464,60909,40867,20042,18750,14040,4710,5777,5269,508,3515,3188,327,1693,1498,195,1076,982,94,777,683,94,27.4728327,94.9119621
ASSAM,Rural,Dibrugarh,On foot,130927,67840,63087,0,0,0,87733,45596,42137,34032,16847,17185,9162,5397,3765,0,0,0,0,0,0,0,0,0,0,0,0,0,0,0,27.4728327,94.9119621
ASSAM,Rural,Dibrugarh,Bicycle,40280,37360,2920,0,0,0,10863,10007,856,20600,18935,1665,5154,4944,210,1766,1721,45,1897,1753,144,0,0,0,0,0,0,0,0,0,27.4728327,94.9119621
ASSAM,Rural,Dibrugarh,Moped/Scooter/Motor Cycle,9957,9169,788,0,0,0,1457,1353,104,3784,3409,375,2255,2078,177,1468,1384,84,394,378,16,290,277,13,71,66,5,238,224,14,27.4728327,94.9119621
ASSAM,Rural,Dibrugarh,Car/Jeep/Van,2439,2025,414,0,0,0,477,385,92,784,638,146,371,301,70,323,290,33,150,133,17,163,137,26,98,84,14,73,57,16,27.4728327,94.9119621
ASSAM,Rural,Dibrugarh,Tempo/Autorickshaw/Taxi,1841,1137,704,0,0,0,176,107,69,640,299,341,533,322,211,273,228,45,72,59,13,92,78,14,10,10,0,45,34,11,27.4728327,94.9119621
ASSAM,Rural,Dibrugarh,Bus,6685,5464,1221,0,0,0,285,202,83,683,438,245,1028,777,251,1799,1512,287,936,804,132,1052,920,132,721,654,67,181,157,24,27.4728327,94.9119621
ASSAM,Rural,Dibrugarh,Train,925,738,187,0,0,0,273,170,103,216,166,50,55,46,9,44,40,4,29,28,1,49,45,4,132,130,2,127,113,14,27.4728327,94.9119621
ASSAM,Rural,Dibrugarh,Water transport,179,171,8,0,0,0,19,15,4,40,39,1,86,84,2,9,9,0,6,6,0,7,6,1,5,5,0,7,7,0,27.4728327,94.9119621
ASSAM,Rural,Dibrugarh,Any other,649,544,105,0,0,0,102,86,16,130,96,34,106,91,15,95,85,10,31,27,4,40,35,5,39,33,6,106,91,15,27.4728327,94.9119621
ASSAM,Rural,Dibrugarh,No travel,69726,45949,23777,69726,45949,23777,0,0,0,0,0,0,0,0,0,0,0,0,0,0,0,0,0,0,0,0,0,0,0,0,27.4728327,94.9119621
ASSAM,Urban,Dibrugarh,All Modes,86184,70000,16184,20790,14930,5860,24579,20082,4497,26537,22766,3771,6568,5498,1070,1954,1686,268,2179,1981,198,1526,1325,201,1086,960,126,965,772,193,27.4728327,94.9119621
ASSAM,Urban,Dibrugarh,On foot,21025,15970,5055,0,0,0,14167,10580,3587,4509,3512,997,2349,1878,471,0,0,0,0,0,0,0,0,0,0,0,0,0,0,0,27.4728327,94.9119621
ASSAM,Urban,Dibrugarh,Bicycle,19574,19034,540,0,0,0,6271,6114,157,10474,10169,305,1214,1189,25,322,318,4,1293,1244,49,0,0,0,0,0,0,0,0,0,27.4728327,94.9119621
ASSAM,Urban,Dibrugarh,Moped/Scooter/Motor Cycle,10548,9706,842,0,0,0,2267,2103,164,5828,5329,499,1134,1050,84,480,444,36,127,121,6,277,262,15,81,78,3,354,319,35,27.4728327,94.9119621
ASSAM,Urban,Dibrugarh,Car/Jeep/Van,4975,3979,996,0,0,0,807,634,173,2472,1946,526,566,459,107,304,252,52,134,105,29,266,229,37,219,188,31,207,166,41,27.4728327,94.9119621
ASSAM,Urban,Dibrugarh,Tempo/Autorickshaw/Taxi,4136,2183,1953,0,0,0,626,305,321,2436,1184,1252,566,340,226,154,118,36,52,39,13,107,68,39,53,45,8,142,84,58,27.4728327,94.9119621
ASSAM,Urban,Dibrugarh,Bus,4032,3240,792,0,0,0,157,111,46,536,386,150,645,494,151,642,505,137,524,426,98,794,695,99,580,511,69,154,112,42,27.4728327,94.9119621
ASSAM,Urban,Dibrugarh,Train,532,486,46,0,0,0,113,103,10,131,123,8,30,30,0,23,23,0,32,29,3,56,50,6,93,81,12,54,47,7,27.4728327,94.9119621
ASSAM,Urban,Dibrugarh,Water transport,66,59,7,0,0,0,6,5,1,10,8,2,5,4,1,6,5,1,6,6,0,4,3,1,22,22,0,7,6,1,27.4728327,94.9119621
ASSAM,Urban,Dibrugarh,Any other,506,413,93,0,0,0,165,127,38,141,109,32,59,54,5,23,21,2,11,11,0,22,18,4,38,35,3,47,38,9,27.4728327,94.9119621
ASSAM,Urban,Dibrugarh,No travel,20790,14930,5860,20790,14930,5860,0,0,0,0,0,0,0,0,0,0,0,0,0,0,0,0,0,0,0,0,0,0,0,0,27.4728327,94.9119621
NAGALAND,Total,Mon,All Modes,21737,15863,5874,11226,7524,3702,5509,4276,1233,2561,2065,496,1574,1250,324,324,287,37,135,118,17,185,159,26,150,120,30,73,64,9,26.733096,95.0615119
NAGALAND,Total,Mon,On foot,8222,6359,1863,0,0,0,5062,3904,1158,1891,1484,407,1269,971,298,0,0,0,0,0,0,0,0,0,0,0,0,0,0,0,26.733096,95.0615119
NAGALAND,Total,Mon,Bicycle,294,268,26,0,0,0,72,60,12,141,134,7,33,32,1,15,15,0,33,27,6,0,0,0,0,0,0,0,0,0,26.733096,95.0615119
NAGALAND,Total,Mon,Moped/Scooter/Motor Cycle,666,612,54,0,0,0,141,126,15,200,181,19,135,124,11,95,94,1,21,20,1,44,41,3,13,12,1,17,14,3,26.733096,95.0615119
NAGALAND,Total,Mon,Car/Jeep/Van,650,533,117,0,0,0,145,117,28,170,130,40,65,58,7,84,69,15,42,36,6,79,67,12,43,37,6,22,19,3,26.733096,95.0615119
NAGALAND,Total,Mon,Tempo/Autorickshaw/Taxi,114,96,18,0,0,0,17,13,4,22,17,5,13,13,0,23,17,6,11,11,0,12,10,2,10,9,1,6,6,0,26.733096,95.0615119
NAGALAND,Total,Mon,Bus,277,211,66,0,0,0,15,11,4,42,29,13,20,15,5,50,42,8,22,19,3,41,32,9,73,52,21,14,11,3,26.733096,95.0615119
NAGALAND,Total,Mon,Train,46,37,9,0,0,0,24,15,9,7,7,0,4,4,0,2,2,0,0,0,0,2,2,0,3,3,0,4,4,0,26.733096,95.0615119
NAGALAND,Total,Mon,Water transport,4,4,0,0,0,0,2,2,0,2,2,0,0,0,0,0,0,0,0,0,0,0,0,0,0,0,0,0,0,0,26.733096,95.0615119
NAGALAND,Total,Mon,Any other,238,219,19,0,0,0,31,28,3,86,81,5,35,33,2,55,48,7,6,5,1,7,7,0,8,7,1,10,10,0,26.733096,95.0615119
NAGALAND,Total,Mon,No travel,11226,7524,3702,11226,7524,3702,0,0,0,0,0,0,0,0,0,0,0,0,0,0,0,0,0,0,0,0,0,0,0,0,26.733096,95.0615119
NAGALAND,Rural,Mon,All Modes,12519,9320,3199,6964,4740,2224,3124,2545,579,1178,983,195,791,645,146,172,146,26,81,75,6,117,107,10,60,49,11,32,30,2,26.733096,95.0615119
NAGALAND,Rural,Mon,On foot,4502,3634,868,0,0,0,2949,2389,560,891,719,172,662,526,136,0,0,0,0,0,0,0,0,0,0,0,0,0,0,0,26.733096,95.0615119
NAGALAND,Rural,Mon,Bicycle,183,171,12,0,0,0,35,31,4,97,92,5,26,25,1,10,10,0,15,13,2,0,0,0,0,0,0,0,0,0,26.733096,95.0615119
NAGALAND,Rural,Mon,Moped/Scooter/Motor Cycle,275,258,17,0,0,0,57,54,3,70,64,6,64,58,6,29,29,0,14,14,0,31,30,1,3,3,0,7,6,1,26.733096,95.0615119
NAGALAND,Rural,Mon,Car/Jeep/Van,261,232,29,0,0,0,41,35,6,33,31,2,15,13,2,55,45,10,29,27,2,58,53,5,21,19,2,9,9,0,26.733096,95.0615119
NAGALAND,Rural,Mon,Tempo/Autorickshaw/Taxi,56,46,10,0,0,0,7,6,1,13,9,4,6,6,0,17,12,5,8,8,0,3,3,0,0,0,0,2,2,0,26.733096,95.0615119
NAGALAND,Rural,Mon,Bus,127,101,26,0,0,0,4,3,1,13,9,4,6,5,1,37,32,5,12,10,2,20,16,4,30,22,8,5,4,1,26.733096,95.0615119
NAGALAND,Rural,Mon,Train,33,29,4,0,0,0,17,13,4,6,6,0,2,2,0,1,1,0,0,0,0,1,1,0,2,2,0,4,4,0,26.733096,95.0615119
NAGALAND,Rural,Mon,Water transport,1,1,0,0,0,0,1,1,0,0,0,0,0,0,0,0,0,0,0,0,0,0,0,0,0,0,0,0,0,0,26.733096,95.0615119
NAGALAND,Rural,Mon,Any other,117,108,9,0,0,0,13,13,0,55,53,2,10,10,0,23,17,6,3,3,0,4,4,0,4,3,1,5,5,0,26.733096,95.0615119
NAGALAND,Rural,Mon,No travel,6964,4740,2224,6964,4740,2224,0,0,0,0,0,0,0,0,0,0,0,0,0,0,0,0,0,0,0,0,0,0,0,0,26.733096,95.0615119
NAGALAND,Urban,Mon,All Modes,9218,6543,2675,4262,2784,1478,2385,1731,654,1383,1082,301,783,605,178,152,141,11,54,43,11,68,52,16,90,71,19,41,34,7,26.733096,95.0615119
NAGALAND,Urban,Mon,On foot,3720,2725,995,0,0,0,2113,1515,598,1000,765,235,607,445,162,0,0,0,0,0,0,0,0,0,0,0,0,0,0,0,26.733096,95.0615119
NAGALAND,Urban,Mon,Bicycle,111,97,14,0,0,0,37,29,8,44,42,2,7,7,0,5,5,0,18,14,4,0,0,0,0,0,0,0,0,0,26.733096,95.0615119
NAGALAND,Urban,Mon,Moped/Scooter/Motor Cycle,391,354,37,0,0,0,84,72,12,130,117,13,71,66,5,66,65,1,7,6,1,13,11,2,10,9,1,10,8,2,26.733096,95.0615119
NAGALAND,Urban,Mon,Car/Jeep/Van,389,301,88,0,0,0,104,82,22,137,99,38,50,45,5,29,24,5,13,9,4,21,14,7,22,18,4,13,10,3,26.733096,95.0615119
NAGALAND,Urban,Mon,Tempo/Autorickshaw/Taxi,58,50,8,0,0,0,10,7,3,9,8,1,7,7,0,6,5,1,3,3,0,9,7,2,10,9,1,4,4,0,26.733096,95.0615119
NAGALAND,Urban,Mon,Bus,150,110,40,0,0,0,11,8,3,29,20,9,14,10,4,13,10,3,10,9,1,21,16,5,43,30,13,9,7,2,26.733096,95.0615119
NAGALAND,Urban,Mon,Train,13,8,5,0,0,0,7,2,5,1,1,0,2,2,0,1,1,0,0,0,0,1,1,0,1,1,0,0,0,0,26.733096,95.0615119
NAGALAND,Urban,Mon,Water transport,3,3,0,0,0,0,1,1,0,2,2,0,0,0,0,0,0,0,0,0,0,0,0,0,0,0,0,0,0,0,26.733096,95.0615119
NAGALAND,Urban,Mon,Any other,121,111,10,0,0,0,18,15,3,31,28,3,25,23,2,32,31,1,3,2,1,3,3,0,4,4,0,5,5,0,26.733096,95.0615119
NAGALAND,Urban,Mon,No travel,4262,2784,1478,4262,2784,1478,0,0,0,0,0,0,0,0,0,0,0,0,0,0,0,0,0,0,0,0,0,0,0,0,26.733096,95.0615119
ARUNACHAL PRADESH,Total,East Siang,All Modes,15979,10954,5025,4849,3004,1845,5989,4160,1829,2792,2000,792,1292,903,389,326,268,58,254,222,32,147,120,27,158,135,23,172,142,30,28.1097051,95.1432068
ARUNACHAL PRADESH,Total,East Siang,On foot,6632,4331,2301,0,0,0,4525,2974,1551,1144,701,443,963,656,307,0,0,0,0,0,0,0,0,0,0,0,0,0,0,0,28.1097051,95.1432068
ARUNACHAL PRADESH,Total,East Siang,Bicycle,1077,972,105,0,0,0,383,341,42,481,435,46,60,52,8,48,47,1,105,97,8,0,0,0,0,0,0,0,0,0,28.1097051,95.1432068
ARUNACHAL PRADESH,Total,East Siang,Moped/Scooter/Motor Cycle,1458,1246,212,0,0,0,508,430,78,576,479,97,89,75,14,108,95,13,46,43,3,48,45,3,23,22,1,60,57,3,28.1097051,95.1432068
ARUNACHAL PRADESH,Total,East Siang,Car/Jeep/Van,1356,981,375,0,0,0,476,348,128,486,318,168,85,64,21,75,63,12,50,38,12,57,47,10,67,57,10,60,46,14,28.1097051,95.1432068
ARUNACHAL PRADESH,Total,East Siang,Tempo/Autorickshaw/Taxi,96,69,27,0,0,0,22,16,6,37,25,12,11,8,3,6,6,0,5,5,0,0,0,0,5,3,2,10,6,4,28.1097051,95.1432068
ARUNACHAL PRADESH,Total,East Siang,Bus,282,171,111,0,0,0,28,13,15,33,16,17,36,16,20,60,37,23,27,20,7,34,20,14,48,39,9,16,10,6,28.1097051,95.1432068
ARUNACHAL PRADESH,Total,East Siang,Train,67,55,12,0,0,0,28,22,6,20,17,3,3,2,1,4,4,0,1,1,0,0,0,0,3,3,0,8,6,2,28.1097051,95.1432068
ARUNACHAL PRADESH,Total,East Siang,Water transport,11,8,3,0,0,0,5,2,3,3,3,0,0,0,0,0,0,0,1,1,0,1,1,0,1,1,0,0,0,0,28.1097051,95.1432068
ARUNACHAL PRADESH,Total,East Siang,Any other,151,117,34,0,0,0,14,14,0,12,6,6,45,30,15,25,16,9,19,17,2,7,7,0,11,10,1,18,17,1,28.1097051,95.1432068
ARUNACHAL PRADESH,Total,East Siang,No travel,4849,3004,1845,4849,3004,1845,0,0,0,0,0,0,0,0,0,0,0,0,0,0,0,0,0,0,0,0,0,0,0,0,28.1097051,95.1432068
ARUNACHAL PRADESH,Rural,East Siang,All Modes,8183,5121,3062,3059,1744,1315,2592,1611,981,1140,755,385,816,538,278,214,172,42,103,86,17,65,58,7,76,62,14,118,95,23,28.1097051,95.1432068
ARUNACHAL PRADESH,Rural,East Siang,On foot,3172,1874,1298,0,0,0,2134,1263,871,435,231,204,603,380,223,0,0,0,0,0,0,0,0,0,0,0,0,0,0,0,28.1097051,95.1432068
ARUNACHAL PRADESH,Rural,East Siang,Bicycle,381,323,58,0,0,0,98,83,15,185,154,31,43,35,8,28,27,1,27,24,3,0,0,0,0,0,0,0,0,0,28.1097051,95.1432068
ARUNACHAL PRADESH,Rural,East Siang,Moped/Scooter/Motor Cycle,622,528,94,0,0,0,139,112,27,230,192,38,63,52,11,84,73,11,30,27,3,21,20,1,8,7,1,47,45,2,28.1097051,95.1432068
ARUNACHAL PRADESH,Rural,East Siang,Car/Jeep/Van,674,472,202,0,0,0,177,128,49,244,149,95,66,46,20,54,44,10,31,23,8,26,24,2,29,23,6,47,35,12,28.1097051,95.1432068
ARUNACHAL PRADESH,Rural,East Siang,Tempo/Autorickshaw/Taxi,33,22,11,0,0,0,10,6,4,11,8,3,5,4,1,0,0,0,0,0,0,0,0,0,3,2,1,4,2,2,28.1097051,95.1432068
ARUNACHAL PRADESH,Rural,East Siang,Bus,168,96,72,0,0,0,19,9,10,16,6,10,23,9,14,44,24,20,11,8,3,14,10,4,29,24,5,12,6,6,28.1097051,95.1432068
ARUNACHAL PRADESH,Rural,East Siang,Train,29,22,7,0,0,0,9,6,3,10,8,2,3,2,1,3,3,0,0,0,0,0,0,0,1,1,0,3,2,1,28.1097051,95.1432068
ARUNACHAL PRADESH,Rural,East Siang,Water transport,9,7,2,0,0,0,4,2,2,2,2,0,0,0,0,0,0,0,1,1,0,1,1,0,1,1,0,0,0,0,28.1097051,95.1432068
ARUNACHAL PRADESH,Rural,East Siang,Any other,36,33,3,0,0,0,2,2,0,7,5,2,10,10,0,1,1,0,3,3,0,3,3,0,5,4,1,5,5,0,28.1097051,95.1432068
ARUNACHAL PRADESH,Rural,East Siang,No travel,3059,1744,1315,3059,1744,1315,0,0,0,0,0,0,0,0,0,0,0,0,0,0,0,0,0,0,0,0,0,0,0,0,28.1097051,95.1432068
ARUNACHAL PRADESH,Urban,East Siang,All Modes,7796,5833,1963,1790,1260,530,3397,2549,848,1652,1245,407,476,365,111,112,96,16,151,136,15,82,62,20,82,73,9,54,47,7,28.1097051,95.1432068
ARUNACHAL PRADESH,Urban,East Siang,On foot,3460,2457,1003,0,0,0,2391,1711,680,709,470,239,360,276,84,0,0,0,0,0,0,0,0,0,0,0,0,0,0,0,28.1097051,95.1432068
ARUNACHAL PRADESH,Urban,East Siang,Bicycle,696,649,47,0,0,0,285,258,27,296,281,15,17,17,0,20,20,0,78,73,5,0,0,0,0,0,0,0,0,0,28.1097051,95.1432068
ARUNACHAL PRADESH,Urban,East Siang,Moped/Scooter/Motor Cycle,836,718,118,0,0,0,369,318,51,346,287,59,26,23,3,24,22,2,16,16,0,27,25,2,15,15,0,13,12,1,28.1097051,95.1432068
ARUNACHAL PRADESH,Urban,East Siang,Car/Jeep/Van,682,509,173,0,0,0,299,220,79,242,169,73,19,18,1,21,19,2,19,15,4,31,23,8,38,34,4,13,11,2,28.1097051,95.1432068
ARUNACHAL PRADESH,Urban,East Siang,Tempo/Autorickshaw/Taxi,63,47,16,0,0,0,12,10,2,26,17,9,6,4,2,6,6,0,5,5,0,0,0,0,2,1,1,6,4,2,28.1097051,95.1432068
ARUNACHAL PRADESH,Urban,East Siang,Bus,114,75,39,0,0,0,9,4,5,17,10,7,13,7,6,16,13,3,16,12,4,20,10,10,19,15,4,4,4,0,28.1097051,95.1432068
ARUNACHAL PRADESH,Urban,East Siang,Train,38,33,5,0,0,0,19,16,3,10,9,1,0,0,0,1,1,0,1,1,0,0,0,0,2,2,0,5,4,1,28.1097051,95.1432068
ARUNACHAL PRADESH,Urban,East Siang,Water transport,2,1,1,0,0,0,1,0,1,1,1,0,0,0,0,0,0,0,0,0,0,0,0,0,0,0,0,0,0,0,28.1097051,95.1432068
ARUNACHAL PRADESH,Urban,East Siang,Any other,115,84,31,0,0,0,12,12,0,5,1,4,35,20,15,24,15,9,16,14,2,4,4,0,6,6,0,13,12,1,28.1097051,95.1432068
ARUNACHAL PRADESH,Urban,East Siang,No travel,1790,1260,530,1790,1260,530,0,0,0,0,0,0,0,0,0,0,0,0,0,0,0,0,0,0,0,0,0,0,0,0,28.1097051,95.1432068
ARUNACHAL PRADESH,Total,Upper Siang,All Modes,6273,4430,1843,2783,2076,707,1768,1190,578,1023,696,327,589,375,214,29,23,6,13,10,3,12,11,1,36,31,5,20,18,2,28.7588781,95.2266675
ARUNACHAL PRADESH,Total,Upper Siang,On foot,2658,1698,960,0,0,0,1556,1007,549,639,404,235,463,287,176,0,0,0,0,0,0,0,0,0,0,0,0,0,0,0,28.7588781,95.2266675
ARUNACHAL PRADESH,Total,Upper Siang,Bicycle,66,62,4,0,0,0,19,18,1,34,32,2,7,6,1,3,3,0,3,3,0,0,0,0,0,0,0,0,0,0,28.7588781,95.2266675
ARUNACHAL PRADESH,Total,Upper Siang,Moped/Scooter/Motor Cycle,292,247,45,0,0,0,96,83,13,135,109,26,23,22,1,18,14,4,3,3,0,5,5,0,8,7,1,4,4,0,28.7588781,95.2266675
ARUNACHAL PRADESH,Total,Upper Siang,Car/Jeep/Van,217,180,37,0,0,0,83,70,13,102,83,19,6,4,2,1,1,0,1,1,0,4,4,0,14,11,3,6,6,0,28.7588781,95.2266675
ARUNACHAL PRADESH,Total,Upper Siang,Tempo/Autorickshaw/Taxi,12,10,2,0,0,0,0,0,0,7,6,1,1,1,0,1,1,0,1,1,0,1,1,0,1,0,1,0,0,0,28.7588781,95.2266675
ARUNACHAL PRADESH,Total,Upper Siang,Bus,25,20,5,0,0,0,3,3,0,2,2,0,3,3,0,1,0,1,5,2,3,1,1,0,9,9,0,1,0,1,28.7588781,95.2266675
ARUNACHAL PRADESH,Total,Upper Siang,Train,20,19,1,0,0,0,8,8,0,2,2,0,2,2,0,1,1,0,0,0,0,0,0,0,3,3,0,4,3,1,28.7588781,95.2266675
ARUNACHAL PRADESH,Total,Upper Siang,Water transport,0,0,0,0,0,0,0,0,0,0,0,0,0,0,0,0,0,0,0,0,0,0,0,0,0,0,0,0,0,0,28.7588781,95.2266675
ARUNACHAL PRADESH,Total,Upper Siang,Any other,200,118,82,0,0,0,3,1,2,102,58,44,84,50,34,4,3,1,0,0,0,1,0,1,1,1,0,5,5,0,28.7588781,95.2266675
ARUNACHAL PRADESH,Total,Upper Siang,No travel,2783,2076,707,2783,2076,707,0,0,0,0,0,0,0,0,0,0,0,0,0,0,0,0,0,0,0,0,0,0,0,0,28.7588781,95.2266675
ARUNACHAL PRADESH,Rural,Upper Siang,All Modes,4089,3008,1081,2026,1619,407,1129,738,391,443,314,129,416,272,144,24,21,3,10,8,2,7,6,1,22,19,3,12,11,1,28.7588781,95.2266675
ARUNACHAL PRADESH,Rural,Upper Siang,On foot,1621,1063,558,0,0,0,1044,668,376,270,196,74,307,199,108,0,0,0,0,0,0,0,0,0,0,0,0,0,0,0,28.7588781,95.2266675
ARUNACHAL PRADESH,Rural,Upper Siang,Bicycle,38,36,2,0,0,0,13,12,1,16,15,1,3,3,0,3,3,0,3,3,0,0,0,0,0,0,0,0,0,0,28.7588781,95.2266675
ARUNACHAL PRADESH,Rural,Upper Siang,Moped/Scooter/Motor Cycle,114,96,18,0,0,0,30,24,6,41,32,9,14,14,0,14,12,2,1,1,0,4,4,0,8,7,1,2,2,0,28.7588781,95.2266675
ARUNACHAL PRADESH,Rural,Upper Siang,Car/Jeep/Van,59,48,11,0,0,0,31,25,6,13,12,1,4,2,2,1,1,0,1,1,0,1,1,0,6,4,2,2,2,0,28.7588781,95.2266675
ARUNACHAL PRADESH,Rural,Upper Siang,Tempo/Autorickshaw/Taxi,4,4,0,0,0,0,0,0,0,1,1,0,0,0,0,1,1,0,1,1,0,1,1,0,0,0,0,0,0,0,28.7588781,95.2266675
ARUNACHAL PRADESH,Rural,Upper Siang,Bus,15,12,3,0,0,0,1,1,0,1,1,0,3,3,0,0,0,0,4,2,2,0,0,0,5,5,0,1,0,1,28.7588781,95.2266675
ARUNACHAL PRADESH,Rural,Upper Siang,Train,15,15,0,0,0,0,7,7,0,1,1,0,2,2,0,1,1,0,0,0,0,0,0,0,2,2,0,2,2,0,28.7588781,95.2266675
ARUNACHAL PRADESH,Rural,Upper Siang,Water transport,0,0,0,0,0,0,0,0,0,0,0,0,0,0,0,0,0,0,0,0,0,0,0,0,0,0,0,0,0,0,28.7588781,95.2266675
ARUNACHAL PRADESH,Rural,Upper Siang,Any other,197,115,82,0,0,0,3,1,2,100,56,44,83,49,34,4,3,1,0,0,0,1,0,1,1,1,0,5,5,0,28.7588781,95.2266675
ARUNACHAL PRADESH,Rural,Upper Siang,No travel,2026,1619,407,2026,1619,407,0,0,0,0,0,0,0,0,0,0,0,0,0,0,0,0,0,0,0,0,0,0,0,0,28.7588781,95.2266675
ARUNACHAL PRADESH,Urban,Upper Siang,All Modes,2184,1422,762,757,457,300,639,452,187,580,382,198,173,103,70,5,2,3,3,2,1,5,5,0,14,12,2,8,7,1,28.7588781,95.2266675
ARUNACHAL PRADESH,Urban,Upper Siang,On foot,1037,635,402,0,0,0,512,339,173,369,208,161,156,88,68,0,0,0,0,0,0,0,0,0,0,0,0,0,0,0,28.7588781,95.2266675
ARUNACHAL PRADESH,Urban,Upper Siang,Bicycle,28,26,2,0,0,0,6,6,0,18,17,1,4,3,1,0,0,0,0,0,0,0,0,0,0,0,0,0,0,0,28.7588781,95.2266675
ARUNACHAL PRADESH,Urban,Upper Siang,Moped/Scooter/Motor Cycle,178,151,27,0,0,0,66,59,7,94,77,17,9,8,1,4,2,2,2,2,0,1,1,0,0,0,0,2,2,0,28.7588781,95.2266675
ARUNACHAL PRADESH,Urban,Upper Siang,Car/Jeep/Van,158,132,26,0,0,0,52,45,7,89,71,18,2,2,0,0,0,0,0,0,0,3,3,0,8,7,1,4,4,0,28.7588781,95.2266675
ARUNACHAL PRADESH,Urban,Upper Siang,Tempo/Autorickshaw/Taxi,8,6,2,0,0,0,0,0,0,6,5,1,1,1,0,0,0,0,0,0,0,0,0,0,1,0,1,0,0,0,28.7588781,95.2266675
ARUNACHAL PRADESH,Urban,Upper Siang,Bus,10,8,2,0,0,0,2,2,0,1,1,0,0,0,0,1,0,1,1,0,1,1,1,0,4,4,0,0,0,0,28.7588781,95.2266675
ARUNACHAL PRADESH,Urban,Upper Siang,Train,5,4,1,0,0,0,1,1,0,1,1,0,0,0,0,0,0,0,0,0,0,0,0,0,1,1,0,2,1,1,28.7588781,95.2266675
ARUNACHAL PRADESH,Urban,Upper Siang,Water transport,0,0,0,0,0,0,0,0,0,0,0,0,0,0,0,0,0,0,0,0,0,0,0,0,0,0,0,0,0,0,28.7588781,95.2266675
ARUNACHAL PRADESH,Urban,Upper Siang,Any other,3,3,0,0,0,0,0,0,0,2,2,0,1,1,0,0,0,0,0,0,0,0,0,0,0,0,0,0,0,0,28.7588781,95.2266675
ARUNACHAL PRADESH,Urban,Upper Siang,No travel,757,457,300,757,457,300,0,0,0,0,0,0,0,0,0,0,0,0,0,0,0,0,0,0,0,0,0,0,0,0,28.7588781,95.2266675
ASSAM,Total,Tinsukia,All Modes,346717,238267,108450,69772,47808,21964,138866,86407,52459,103174,74589,28585,21111,16975,4136,5529,4961,568,3931,3596,335,1965,1794,171,1419,1302,117,950,835,115,27.4921909,95.346775
ASSAM,Total,Tinsukia,On foot,172848,95236,77612,0,0,0,114246,63617,50629,49825,25864,23961,8777,5755,3022,0,0,0,0,0,0,0,0,0,0,0,0,0,0,0,27.4921909,95.346775
ASSAM,Total,Tinsukia,Bicycle,67985,64380,3605,0,0,0,19264,18236,1028,39469,37305,2164,5798,5579,219,1459,1425,34,1995,1835,160,0,0,0,0,0,0,0,0,0,27.4921909,95.346775
ASSAM,Total,Tinsukia,Moped/Scooter/Motor Cycle,15128,14164,964,0,0,0,3014,2828,186,7696,7133,563,2349,2223,126,1112,1063,49,353,344,9,231,224,7,88,86,2,285,263,22,27.4921909,95.346775
ASSAM,Total,Tinsukia,Car/Jeep/Van,4999,4247,752,0,0,0,879,727,152,2075,1702,373,697,602,95,493,432,61,270,249,21,301,275,26,159,148,11,125,112,13,27.4921909,95.346775
ASSAM,Total,Tinsukia,Tempo/Autorickshaw/Taxi,5464,3736,1728,0,0,0,475,275,200,2469,1427,1042,1541,1217,324,614,506,108,164,140,24,71,65,6,31,27,4,99,79,20,27.4921909,95.346775
ASSAM,Total,Tinsukia,Bus,7439,6117,1322,0,0,0,266,195,71,969,632,337,1490,1195,295,1612,1334,278,1025,910,115,1134,1009,125,765,693,72,178,149,29,27.4921909,95.346775
ASSAM,Total,Tinsukia,Train,1158,930,228,0,0,0,285,174,111,217,157,60,57,50,7,60,54,6,33,32,1,105,100,5,260,239,21,141,124,17,27.4921909,95.346775
ASSAM,Total,Tinsukia,Water transport,271,259,12,0,0,0,54,49,5,51,48,3,97,95,2,32,31,1,5,5,0,14,14,0,9,9,0,9,8,1,27.4921909,95.346775
ASSAM,Total,Tinsukia,Any other,1653,1390,263,0,0,0,383,306,77,403,321,82,305,259,46,147,116,31,86,81,5,109,107,2,107,100,7,113,100,13,27.4921909,95.346775
ASSAM,Total,Tinsukia,No travel,69772,47808,21964,69772,47808,21964,0,0,0,0,0,0,0,0,0,0,0,0,0,0,0,0,0,0,0,0,0,0,0,0,27.4921909,95.346775
ASSAM,Rural,Tinsukia,All Modes,257987,162512,95475,51346,33853,17493,110868,62550,48318,73826,48316,25510,14379,10971,3408,3495,3149,346,2060,1843,217,886,820,66,638,579,59,489,431,58,27.4921909,95.346775
ASSAM,Rural,Tinsukia,On foot,146647,74311,72336,0,0,0,96811,49773,47038,43256,20650,22606,6580,3888,2692,0,0,0,0,0,0,0,0,0,0,0,0,0,0,0,27.4921909,95.346775
ASSAM,Rural,Tinsukia,Bicycle,43384,40299,3085,0,0,0,12046,11149,897,25095,23241,1854,4063,3878,185,1036,1009,27,1144,1022,122,0,0,0,0,0,0,0,0,0,27.4921909,95.346775
ASSAM,Rural,Tinsukia,Moped/Scooter/Motor Cycle,6658,6165,493,0,0,0,1027,940,87,3008,2745,263,1389,1310,79,725,685,40,200,194,6,130,126,4,45,43,2,134,122,12,27.4921909,95.346775
ASSAM,Rural,Tinsukia,Car/Jeep/Van,1575,1327,248,0,0,0,248,203,45,549,439,110,268,231,37,228,197,31,98,87,11,103,92,11,50,48,2,31,30,1,27.4921909,95.346775
ASSAM,Rural,Tinsukia,Tempo/Autorickshaw/Taxi,2634,1899,735,0,0,0,134,87,47,1042,649,393,895,696,199,386,316,70,82,73,9,37,34,3,11,8,3,47,36,11,27.4921909,95.346775
ASSAM,Rural,Tinsukia,Bus,4080,3329,751,0,0,0,164,118,46,558,358,200,922,742,180,980,819,161,493,427,66,510,463,47,351,315,36,102,87,15,27.4921909,95.346775
ASSAM,Rural,Tinsukia,Train,679,501,178,0,0,0,217,116,101,144,97,47,28,23,5,32,28,4,10,10,0,39,39,0,120,109,11,89,79,10,27.4921909,95.346775
ASSAM,Rural,Tinsukia,Water transport,231,222,9,0,0,0,47,44,3,34,32,2,93,91,2,32,31,1,4,4,0,12,12,0,6,6,0,3,2,1,27.4921909,95.346775
ASSAM,Rural,Tinsukia,Any other,753,606,147,0,0,0,174,120,54,140,105,35,141,112,29,76,64,12,29,26,3,55,54,1,55,50,5,83,75,8,27.4921909,95.346775
ASSAM,Rural,Tinsukia,No travel,51346,33853,17493,51346,33853,17493,0,0,0,0,0,0,0,0,0,0,0,0,0,0,0,0,0,0,0,0,0,0,0,0,27.4921909,95.346775
ASSAM,Urban,Tinsukia,All Modes,88730,75755,12975,18426,13955,4471,27998,23857,4141,29348,26273,3075,6732,6004,728,2034,1812,222,1871,1753,118,1079,974,105,781,723,58,461,404,57,27.4921909,95.346775
ASSAM,Urban,Tinsukia,On foot,26201,20925,5276,0,0,0,17435,13844,3591,6569,5214,1355,2197,1867,330,0,0,0,0,0,0,0,0,0,0,0,0,0,0,0,27.4921909,95.346775
ASSAM,Urban,Tinsukia,Bicycle,24601,24081,520,0,0,0,7218,7087,131,14374,14064,310,1735,1701,34,423,416,7,851,813,38,0,0,0,0,0,0,0,0,0,27.4921909,95.346775
ASSAM,Urban,Tinsukia,Moped/Scooter/Motor Cycle,8470,7999,471,0,0,0,1987,1888,99,4688,4388,300,960,913,47,387,378,9,153,150,3,101,98,3,43,43,0,151,141,10,27.4921909,95.346775
ASSAM,Urban,Tinsukia,Car/Jeep/Van,3424,2920,504,0,0,0,631,524,107,1526,1263,263,429,371,58,265,235,30,172,162,10,198,183,15,109,100,9,94,82,12,27.4921909,95.346775
ASSAM,Urban,Tinsukia,Tempo/Autorickshaw/Taxi,2830,1837,993,0,0,0,341,188,153,1427,778,649,646,521,125,228,190,38,82,67,15,34,31,3,20,19,1,52,43,9,27.4921909,95.346775
ASSAM,Urban,Tinsukia,Bus,3359,2788,571,0,0,0,102,77,25,411,274,137,568,453,115,632,515,117,532,483,49,624,546,78,414,378,36,76,62,14,27.4921909,95.346775
ASSAM,Urban,Tinsukia,Train,479,429,50,0,0,0,68,58,10,73,60,13,29,27,2,28,26,2,23,22,1,66,61,5,140,130,10,52,45,7,27.4921909,95.346775
ASSAM,Urban,Tinsukia,Water transport,40,37,3,0,0,0,7,5,2,17,16,1,4,4,0,0,0,0,1,1,0,2,2,0,3,3,0,6,6,0,27.4921909,95.346775
ASSAM,Urban,Tinsukia,Any other,900,784,116,0,0,0,209,186,23,263,216,47,164,147,17,71,52,19,57,55,2,54,53,1,52,50,2,30,25,5,27.4921909,95.346775
ASSAM,Urban,Tinsukia,No travel,18426,13955,4471,18426,13955,4471,0,0,0,0,0,0,0,0,0,0,0,0,0,0,0,0,0,0,0,0,0,0,0,0,27.4921909,95.346775
ARUNACHAL PRADESH,Total,Tirap,All Modes,11555,8974,2581,4778,3550,1228,3646,2817,829,1530,1205,325,1150,1018,132,111,101,10,92,73,19,65,52,13,78,72,6,105,86,19,26.9942703,95.5407299
ARUNACHAL PRADESH,Total,Tirap,On foot,5574,4397,1177,0,0,0,3353,2569,784,1211,926,285,1010,902,108,0,0,0,0,0,0,0,0,0,0,0,0,0,0,0,26.9942703,95.5407299
ARUNACHAL PRADESH,Total,Tirap,Bicycle,284,259,25,0,0,0,111,103,8,97,91,6,23,20,3,9,9,0,44,36,8,0,0,0,0,0,0,0,0,0,26.9942703,95.5407299
ARUNACHAL PRADESH,Total,Tirap,Moped/Scooter/Motor Cycle,324,282,42,0,0,0,74,66,8,109,93,16,54,45,9,37,34,3,18,16,2,19,17,2,4,4,0,9,7,2,26.9942703,95.5407299
ARUNACHAL PRADESH,Total,Tirap,Car/Jeep/Van,270,207,63,0,0,0,76,54,22,76,65,11,23,18,5,30,27,3,8,2,6,13,9,4,13,11,2,31,21,10,26.9942703,95.5407299
ARUNACHAL PRADESH,Total,Tirap,Tempo/Autorickshaw/Taxi,12,11,1,0,0,0,2,2,0,0,0,0,2,2,0,0,0,0,1,1,0,2,2,0,0,0,0,5,4,1,26.9942703,95.5407299
ARUNACHAL PRADESH,Total,Tirap,Bus,185,151,34,0,0,0,13,8,5,13,8,5,26,20,6,29,25,4,15,13,2,28,22,6,43,40,3,18,15,3,26.9942703,95.5407299
ARUNACHAL PRADESH,Total,Tirap,Train,53,48,5,0,0,0,8,8,0,7,5,2,3,2,1,0,0,0,0,0,0,2,2,0,10,10,0,23,21,2,26.9942703,95.5407299
ARUNACHAL PRADESH,Total,Tirap,Water transport,2,2,0,0,0,0,0,0,0,0,0,0,0,0,0,1,1,0,0,0,0,0,0,0,1,1,0,0,0,0,26.9942703,95.5407299
ARUNACHAL PRADESH,Total,Tirap,Any other,73,67,6,0,0,0,9,7,2,17,17,0,9,9,0,5,5,0,6,5,1,1,0,1,7,6,1,19,18,1,26.9942703,95.5407299
ARUNACHAL PRADESH,Total,Tirap,No travel,4778,3550,1228,4778,3550,1228,0,0,0,0,0,0,0,0,0,0,0,0,0,0,0,0,0,0,0,0,0,0,0,0,26.9942703,95.5407299
ARUNACHAL PRADESH,Rural,Tirap,All Modes,4886,3480,1406,2152,1439,713,1387,996,391,669,489,180,407,320,87,66,59,7,33,28,5,46,38,8,59,55,4,67,56,11,26.9942703,95.5407299
ARUNACHAL PRADESH,Rural,Tirap,On foot,2223,1599,624,0,0,0,1307,924,383,578,411,167,338,264,74,0,0,0,0,0,0,0,0,0,0,0,0,0,0,0,26.9942703,95.5407299
ARUNACHAL PRADESH,Rural,Tirap,Bicycle,92,82,10,0,0,0,53,47,6,18,17,1,11,9,2,5,5,0,5,4,1,0,0,0,0,0,0,0,0,0,26.9942703,95.5407299
ARUNACHAL PRADESH,Rural,Tirap,Moped/Scooter/Motor Cycle,115,100,15,0,0,0,8,8,0,34,26,8,20,17,3,21,20,1,11,10,1,12,11,1,3,3,0,6,5,1,26.9942703,95.5407299
ARUNACHAL PRADESH,Rural,Tirap,Car/Jeep/Van,83,64,19,0,0,0,9,8,1,17,15,2,14,10,4,13,11,2,3,1,2,6,4,2,4,4,0,17,11,6,26.9942703,95.5407299
ARUNACHAL PRADESH,Rural,Tirap,Tempo/Autorickshaw/Taxi,3,3,0,0,0,0,1,1,0,0,0,0,0,0,0,0,0,0,1,1,0,1,1,0,0,0,0,0,0,0,26.9942703,95.5407299
ARUNACHAL PRADESH,Rural,Tirap,Bus,125,106,19,0,0,0,4,3,1,4,3,1,15,12,3,22,18,4,8,8,0,25,20,5,35,32,3,12,10,2,26.9942703,95.5407299
ARUNACHAL PRADESH,Rural,Tirap,Train,33,30,3,0,0,0,2,2,0,2,1,1,2,1,1,0,0,0,0,0,0,2,2,0,10,10,0,15,14,1,26.9942703,95.5407299
ARUNACHAL PRADESH,Rural,Tirap,Water transport,2,2,0,0,0,0,0,0,0,0,0,0,0,0,0,1,1,0,0,0,0,0,0,0,1,1,0,0,0,0,26.9942703,95.5407299
ARUNACHAL PRADESH,Rural,Tirap,Any other,58,55,3,0,0,0,3,3,0,16,16,0,7,7,0,4,4,0,5,4,1,0,0,0,6,5,1,17,16,1,26.9942703,95.5407299
ARUNACHAL PRADESH,Rural,Tirap,No travel,2152,1439,713,2152,1439,713,0,0,0,0,0,0,0,0,0,0,0,0,0,0,0,0,0,0,0,0,0,0,0,0,26.9942703,95.5407299
ARUNACHAL PRADESH,Urban,Tirap,All Modes,6669,5494,1175,2626,2111,515,2259,1821,438,861,716,145,743,698,45,45,42,3,59,45,14,19,14,5,19,17,2,38,30,8,26.9942703,95.5407299
ARUNACHAL PRADESH,Urban,Tirap,On foot,3351,2798,553,0,0,0,2046,1645,401,633,515,118,672,638,34,0,0,0,0,0,0,0,0,0,0,0,0,0,0,0,26.9942703,95.5407299
ARUNACHAL PRADESH,Urban,Tirap,Bicycle,192,177,15,0,0,0,58,56,2,79,74,5,12,11,1,4,4,0,39,32,7,0,0,0,0,0,0,0,0,0,26.9942703,95.5407299
ARUNACHAL PRADESH,Urban,Tirap,Moped/Scooter/Motor Cycle,209,182,27,0,0,0,66,58,8,75,67,8,34,28,6,16,14,2,7,6,1,7,6,1,1,1,0,3,2,1,26.9942703,95.5407299
ARUNACHAL PRADESH,Urban,Tirap,Car/Jeep/Van,187,143,44,0,0,0,67,46,21,59,50,9,9,8,1,17,16,1,5,1,4,7,5,2,9,7,2,14,10,4,26.9942703,95.5407299
ARUNACHAL PRADESH,Urban,Tirap,Tempo/Autorickshaw/Taxi,9,8,1,0,0,0,1,1,0,0,0,0,2,2,0,0,0,0,0,0,0,1,1,0,0,0,0,5,4,1,26.9942703,95.5407299
ARUNACHAL PRADESH,Urban,Tirap,Bus,60,45,15,0,0,0,9,5,4,9,5,4,11,8,3,7,7,0,7,5,2,3,2,1,8,8,0,6,5,1,26.9942703,95.5407299
ARUNACHAL PRADESH,Urban,Tirap,Train,20,18,2,0,0,0,6,6,0,5,4,1,1,1,0,0,0,0,0,0,0,0,0,0,0,0,0,8,7,1,26.9942703,95.5407299
ARUNACHAL PRADESH,Urban,Tirap,Water transport,0,0,0,0,0,0,0,0,0,0,0,0,0,0,0,0,0,0,0,0,0,0,0,0,0,0,0,0,0,0,26.9942703,95.5407299
ARUNACHAL PRADESH,Urban,Tirap,Any other,15,12,3,0,0,0,6,4,2,1,1,0,2,2,0,1,1,0,1,1,0,1,0,1,1,1,0,2,2,0,26.9942703,95.5407299
ARUNACHAL PRADESH,Urban,Tirap,No travel,2626,2111,515,2626,2111,515,0,0,0,0,0,0,0,0,0,0,0,0,0,0,0,0,0,0,0,0,0,0,0,0,26.9942703,95.5407299
ARUNACHAL PRADESH,Total,Changlang,All Modes,18530,13863,4667,8561,6525,2036,5452,3839,1613,2741,2019,722,1137,922,215,170,146,24,184,160,24,85,77,8,145,130,15,55,45,10,27.1305856,95.7342373
ARUNACHAL PRADESH,Total,Changlang,On foot,7280,5040,2240,0,0,0,4750,3259,1491,1740,1167,573,790,614,176,0,0,0,0,0,0,0,0,0,0,0,0,0,0,0,27.1305856,95.7342373
ARUNACHAL PRADESH,Total,Changlang,Bicycle,1025,892,133,0,0,0,316,260,56,473,426,47,144,129,15,30,26,4,62,51,11,0,0,0,0,0,0,0,0,0,27.1305856,95.7342373
ARUNACHAL PRADESH,Total,Changlang,Moped/Scooter/Motor Cycle,770,678,92,0,0,0,212,182,30,301,265,36,94,87,7,79,68,11,26,24,2,24,22,2,16,15,1,18,15,3,27.1305856,95.7342373
ARUNACHAL PRADESH,Total,Changlang,Car/Jeep/Van,445,350,95,0,0,0,131,100,31,140,94,46,38,32,6,17,17,0,60,54,6,30,29,1,25,22,3,4,2,2,27.1305856,95.7342373
ARUNACHAL PRADESH,Total,Changlang,Tempo/Autorickshaw/Taxi,63,54,9,0,0,0,12,12,0,20,13,7,14,14,0,2,2,0,2,2,0,3,3,0,2,2,0,8,6,2,27.1305856,95.7342373
ARUNACHAL PRADESH,Total,Changlang,Bus,194,153,41,0,0,0,14,12,2,23,14,9,19,14,5,22,16,6,31,27,4,25,20,5,53,45,8,7,5,2,27.1305856,95.7342373
ARUNACHAL PRADESH,Total,Changlang,Train,110,99,11,0,0,0,10,9,1,31,28,3,19,17,2,3,1,2,0,0,0,0,0,0,37,34,3,10,10,0,27.1305856,95.7342373
ARUNACHAL PRADESH,Total,Changlang,Water transport,5,3,2,0,0,0,1,0,1,0,0,0,0,0,0,0,0,0,0,0,0,0,0,0,1,1,0,3,2,1,27.1305856,95.7342373
ARUNACHAL PRADESH,Total,Changlang,Any other,77,69,8,0,0,0,6,5,1,13,12,1,19,15,4,17,16,1,3,2,1,3,3,0,11,11,0,5,5,0,27.1305856,95.7342373
ARUNACHAL PRADESH,Total,Changlang,No travel,8561,6525,2036,8561,6525,2036,0,0,0,0,0,0,0,0,0,0,0,0,0,0,0,0,0,0,0,0,0,0,0,0,27.1305856,95.7342373
ARUNACHAL PRADESH,Rural,Changlang,All Modes,11623,8114,3509,5516,3777,1739,3073,2047,1026,1689,1173,516,907,736,171,104,88,16,125,110,15,56,51,5,113,99,14,40,33,7,27.1305856,95.7342373
ARUNACHAL PRADESH,Rural,Changlang,On foot,4543,2982,1561,0,0,0,2810,1824,986,1109,671,438,624,487,137,0,0,0,0,0,0,0,0,0,0,0,0,0,0,0,27.1305856,95.7342373
ARUNACHAL PRADESH,Rural,Changlang,Bicycle,703,627,76,0,0,0,134,120,14,367,328,39,131,117,14,23,19,4,48,43,5,0,0,0,0,0,0,0,0,0,27.1305856,95.7342373
ARUNACHAL PRADESH,Rural,Changlang,Moped/Scooter/Motor Cycle,358,316,42,0,0,0,58,49,9,116,101,15,75,69,6,55,47,8,14,14,0,16,15,1,12,11,1,12,10,2,27.1305856,95.7342373
ARUNACHAL PRADESH,Rural,Changlang,Car/Jeep/Van,196,151,45,0,0,0,41,27,14,49,33,16,25,19,6,5,5,0,39,34,5,17,17,0,19,16,3,1,0,1,27.1305856,95.7342373
ARUNACHAL PRADESH,Rural,Changlang,Tempo/Autorickshaw/Taxi,38,34,4,0,0,0,8,8,0,8,5,3,10,10,0,0,0,0,1,1,0,3,3,0,2,2,0,6,5,1,27.1305856,95.7342373
ARUNACHAL PRADESH,Rural,Changlang,Bus,125,100,25,0,0,0,7,7,0,7,6,1,13,8,5,9,8,1,21,17,4,19,15,4,42,34,8,7,5,2,27.1305856,95.7342373
ARUNACHAL PRADESH,Rural,Changlang,Train,92,82,10,0,0,0,9,8,1,25,22,3,18,16,2,3,1,2,0,0,0,0,0,0,29,27,2,8,8,0,27.1305856,95.7342373
ARUNACHAL PRADESH,Rural,Changlang,Water transport,3,1,2,0,0,0,1,0,1,0,0,0,0,0,0,0,0,0,0,0,0,0,0,0,0,0,0,2,1,1,27.1305856,95.7342373
ARUNACHAL PRADESH,Rural,Changlang,Any other,49,44,5,0,0,0,5,4,1,8,7,1,11,10,1,9,8,1,2,1,1,1,1,0,9,9,0,4,4,0,27.1305856,95.7342373
ARUNACHAL PRADESH,Rural,Changlang,No travel,5516,3777,1739,5516,3777,1739,0,0,0,0,0,0,0,0,0,0,0,0,0,0,0,0,0,0,0,0,0,0,0,0,27.1305856,95.7342373
ARUNACHAL PRADESH,Urban,Changlang,All Modes,6907,5749,1158,3045,2748,297,2379,1792,587,1052,846,206,230,186,44,66,58,8,59,50,9,29,26,3,32,31,1,15,12,3,27.1305856,95.7342373
ARUNACHAL PRADESH,Urban,Changlang,On foot,2737,2058,679,0,0,0,1940,1435,505,631,496,135,166,127,39,0,0,0,0,0,0,0,0,0,0,0,0,0,0,0,27.1305856,95.7342373
ARUNACHAL PRADESH,Urban,Changlang,Bicycle,322,265,57,0,0,0,182,140,42,106,98,8,13,12,1,7,7,0,14,8,6,0,0,0,0,0,0,0,0,0,27.1305856,95.7342373
ARUNACHAL PRADESH,Urban,Changlang,Moped/Scooter/Motor Cycle,412,362,50,0,0,0,154,133,21,185,164,21,19,18,1,24,21,3,12,10,2,8,7,1,4,4,0,6,5,1,27.1305856,95.7342373
ARUNACHAL PRADESH,Urban,Changlang,Car/Jeep/Van,249,199,50,0,0,0,90,73,17,91,61,30,13,13,0,12,12,0,21,20,1,13,12,1,6,6,0,3,2,1,27.1305856,95.7342373
ARUNACHAL PRADESH,Urban,Changlang,Tempo/Autorickshaw/Taxi,25,20,5,0,0,0,4,4,0,12,8,4,4,4,0,2,2,0,1,1,0,0,0,0,0,0,0,2,1,1,27.1305856,95.7342373
ARUNACHAL PRADESH,Urban,Changlang,Bus,69,53,16,0,0,0,7,5,2,16,8,8,6,6,0,13,8,5,10,10,0,6,5,1,11,11,0,0,0,0,27.1305856,95.7342373
ARUNACHAL PRADESH,Urban,Changlang,Train,18,17,1,0,0,0,1,1,0,6,6,0,1,1,0,0,0,0,0,0,0,0,0,0,8,7,1,2,2,0,27.1305856,95.7342373
ARUNACHAL PRADESH,Urban,Changlang,Water transport,2,2,0,0,0,0,0,0,0,0,0,0,0,0,0,0,0,0,0,0,0,0,0,0,1,1,0,1,1,0,27.1305856,95.7342373
ARUNACHAL PRADESH,Urban,Changlang,Any other,28,25,3,0,0,0,1,1,0,5,5,0,8,5,3,8,8,0,1,1,0,2,2,0,2,2,0,1,1,0,27.1305856,95.7342373
ARUNACHAL PRADESH,Urban,Changlang,No travel,3045,2748,297,3045,2748,297,0,0,0,0,0,0,0,0,0,0,0,0,0,0,0,0,0,0,0,0,0,0,0,0,27.1305856,95.7342373
ARUNACHAL PRADESH,Total,Lower Dibang Valley,All Modes,9052,6799,2253,2704,1944,760,3766,2874,892,1502,1133,369,547,422,125,200,145,55,152,129,23,62,58,4,89,71,18,30,23,7,28.1428728,95.8431018
ARUNACHAL PRADESH,Total,Lower Dibang Valley,On foot,4457,3308,1149,0,0,0,3201,2378,823,870,637,233,386,293,93,0,0,0,0,0,0,0,0,0,0,0,0,0,0,0,28.1428728,95.8431018
ARUNACHAL PRADESH,Total,Lower Dibang Valley,Bicycle,298,279,19,0,0,0,112,109,3,121,111,10,18,18,0,26,22,4,21,19,2,0,0,0,0,0,0,0,0,0,28.1428728,95.8431018
ARUNACHAL PRADESH,Total,Lower Dibang Valley,Moped/Scooter/Motor Cycle,777,669,108,0,0,0,301,265,36,260,213,47,56,46,10,78,70,8,41,37,4,17,16,1,10,10,0,14,12,2,28.1428728,95.8431018
ARUNACHAL PRADESH,Total,Lower Dibang Valley,Car/Jeep/Van,394,311,83,0,0,0,111,88,23,134,97,37,38,32,6,18,13,5,23,17,6,33,33,0,30,25,5,7,6,1,28.1428728,95.8431018
ARUNACHAL PRADESH,Total,Lower Dibang Valley,Tempo/Autorickshaw/Taxi,66,50,16,0,0,0,18,17,1,29,22,7,5,2,3,10,6,4,1,0,1,1,1,0,2,2,0,0,0,0,28.1428728,95.8431018
ARUNACHAL PRADESH,Total,Lower Dibang Valley,Bus,119,82,37,0,0,0,4,3,1,15,9,6,16,12,4,27,17,10,17,14,3,9,6,3,28,18,10,3,3,0,28.1428728,95.8431018
ARUNACHAL PRADESH,Total,Lower Dibang Valley,Train,29,19,10,0,0,0,8,5,3,10,6,4,0,0,0,2,2,0,0,0,0,0,0,0,7,6,1,2,0,2,28.1428728,95.8431018
ARUNACHAL PRADESH,Total,Lower Dibang Valley,Water transport,12,9,3,0,0,0,4,4,0,0,0,0,0,0,0,4,4,0,1,1,0,0,0,0,1,0,1,2,0,2,28.1428728,95.8431018
ARUNACHAL PRADESH,Total,Lower Dibang Valley,Any other,196,128,68,0,0,0,7,5,2,63,38,25,28,19,9,35,11,24,48,41,7,2,2,0,11,10,1,2,2,0,28.1428728,95.8431018
ARUNACHAL PRADESH,Total,Lower Dibang Valley,No travel,2704,1944,760,2704,1944,760,0,0,0,0,0,0,0,0,0,0,0,0,0,0,0,0,0,0,0,0,0,0,0,0,28.1428728,95.8431018
ARUNACHAL PRADESH,Rural,Lower Dibang Valley,All Modes,5332,3782,1550,1860,1234,626,1696,1220,476,1097,805,292,329,254,75,150,102,48,110,93,17,24,21,3,56,46,10,10,7,3,28.1428728,95.8431018
ARUNACHAL PRADESH,Rural,Lower Dibang Valley,On foot,2331,1655,676,0,0,0,1527,1078,449,606,430,176,198,147,51,0,0,0,0,0,0,0,0,0,0,0,0,0,0,0,28.1428728,95.8431018
ARUNACHAL PRADESH,Rural,Lower Dibang Valley,Bicycle,161,147,14,0,0,0,34,33,1,84,74,10,15,15,0,20,17,3,8,8,0,0,0,0,0,0,0,0,0,0,28.1428728,95.8431018
ARUNACHAL PRADESH,Rural,Lower Dibang Valley,Moped/Scooter/Motor Cycle,440,364,76,0,0,0,82,66,16,200,160,40,46,38,8,57,50,7,32,28,4,13,12,1,7,7,0,3,3,0,28.1428728,95.8431018
ARUNACHAL PRADESH,Rural,Lower Dibang Valley,Car/Jeep/Van,213,164,49,0,0,0,30,25,5,105,74,31,36,31,5,12,9,3,10,6,4,4,4,0,13,13,0,3,2,1,28.1428728,95.8431018
ARUNACHAL PRADESH,Rural,Lower Dibang Valley,Tempo/Autorickshaw/Taxi,45,35,10,0,0,0,8,8,0,23,19,4,4,2,2,8,4,4,0,0,0,0,0,0,2,2,0,0,0,0,28.1428728,95.8431018
ARUNACHAL PRADESH,Rural,Lower Dibang Valley,Bus,77,52,25,0,0,0,2,1,1,13,9,4,9,7,2,16,9,7,12,10,2,6,4,2,19,12,7,0,0,0,28.1428728,95.8431018
ARUNACHAL PRADESH,Rural,Lower Dibang Valley,Train,20,12,8,0,0,0,5,2,3,6,3,3,0,0,0,1,1,0,0,0,0,0,0,0,7,6,1,1,0,1,28.1428728,95.8431018
ARUNACHAL PRADESH,Rural,Lower Dibang Valley,Water transport,10,8,2,0,0,0,3,3,0,0,0,0,0,0,0,4,4,0,1,1,0,0,0,0,1,0,1,1,0,1,28.1428728,95.8431018
ARUNACHAL PRADESH,Rural,Lower Dibang Valley,Any other,175,111,64,0,0,0,5,4,1,60,36,24,21,14,7,32,8,24,47,40,7,1,1,0,7,6,1,2,2,0,28.1428728,95.8431018
ARUNACHAL PRADESH,Rural,Lower Dibang Valley,No travel,1860,1234,626,1860,1234,626,0,0,0,0,0,0,0,0,0,0,0,0,0,0,0,0,0,0,0,0,0,0,0,0,28.1428728,95.8431018
ARUNACHAL PRADESH,Urban,Lower Dibang Valley,All Modes,3720,3017,703,844,710,134,2070,1654,416,405,328,77,218,168,50,50,43,7,42,36,6,38,37,1,33,25,8,20,16,4,28.1428728,95.8431018
ARUNACHAL PRADESH,Urban,Lower Dibang Valley,On foot,2126,1653,473,0,0,0,1674,1300,374,264,207,57,188,146,42,0,0,0,0,0,0,0,0,0,0,0,0,0,0,0,28.1428728,95.8431018
ARUNACHAL PRADESH,Urban,Lower Dibang Valley,Bicycle,137,132,5,0,0,0,78,76,2,37,37,0,3,3,0,6,5,1,13,11,2,0,0,0,0,0,0,0,0,0,28.1428728,95.8431018
ARUNACHAL PRADESH,Urban,Lower Dibang Valley,Moped/Scooter/Motor Cycle,337,305,32,0,0,0,219,199,20,60,53,7,10,8,2,21,20,1,9,9,0,4,4,0,3,3,0,11,9,2,28.1428728,95.8431018
ARUNACHAL PRADESH,Urban,Lower Dibang Valley,Car/Jeep/Van,181,147,34,0,0,0,81,63,18,29,23,6,2,1,1,6,4,2,13,11,2,29,29,0,17,12,5,4,4,0,28.1428728,95.8431018
ARUNACHAL PRADESH,Urban,Lower Dibang Valley,Tempo/Autorickshaw/Taxi,21,15,6,0,0,0,10,9,1,6,3,3,1,0,1,2,2,0,1,0,1,1,1,0,0,0,0,0,0,0,28.1428728,95.8431018
ARUNACHAL PRADESH,Urban,Lower Dibang Valley,Bus,42,30,12,0,0,0,2,2,0,2,0,2,7,5,2,11,8,3,5,4,1,3,2,1,9,6,3,3,3,0,28.1428728,95.8431018
ARUNACHAL PRADESH,Urban,Lower Dibang Valley,Train,9,7,2,0,0,0,3,3,0,4,3,1,0,0,0,1,1,0,0,0,0,0,0,0,0,0,0,1,0,1,28.1428728,95.8431018
ARUNACHAL PRADESH,Urban,Lower Dibang Valley,Water transport,2,1,1,0,0,0,1,1,0,0,0,0,0,0,0,0,0,0,0,0,0,0,0,0,0,0,0,1,0,1,28.1428728,95.8431018
ARUNACHAL PRADESH,Urban,Lower Dibang Valley,Any other,21,17,4,0,0,0,2,1,1,3,2,1,7,5,2,3,3,0,1,1,0,1,1,0,4,4,0,0,0,0,28.1428728,95.8431018
ARUNACHAL PRADESH,Urban,Lower Dibang Valley,No travel,844,710,134,844,710,134,0,0,0,0,0,0,0,0,0,0,0,0,0,0,0,0,0,0,0,0,0,0,0,0,28.1428728,95.8431018
ARUNACHAL PRADESH,Total,Dibang Valley,All Modes,2091,1449,642,716,487,229,703,476,227,353,261,92,195,139,56,53,34,19,19,12,7,11,7,4,23,17,6,18,16,2,28.8128767,96.1526985
ARUNACHAL PRADESH,Total,Dibang Valley,On foot,1057,736,321,0,0,0,592,400,192,293,212,81,172,124,48,0,0,0,0,0,0,0,0,0,0,0,0,0,0,0,28.8128767,96.1526985
ARUNACHAL PRADESH,Total,Dibang Valley,Bicycle,12,7,5,0,0,0,3,2,1,6,3,3,0,0,0,1,1,0,2,1,1,0,0,0,0,0,0,0,0,0,28.8128767,96.1526985
ARUNACHAL PRADESH,Total,Dibang Valley,Moped/Scooter/Motor Cycle,111,80,31,0,0,0,24,21,3,22,18,4,8,5,3,36,19,17,2,1,1,7,4,3,5,5,0,7,7,0,28.8128767,96.1526985
ARUNACHAL PRADESH,Total,Dibang Valley,Car/Jeep/Van,65,51,14,0,0,0,18,16,2,10,7,3,2,1,1,5,5,0,12,7,5,2,2,0,8,6,2,8,7,1,28.8128767,96.1526985
ARUNACHAL PRADESH,Total,Dibang Valley,Tempo/Autorickshaw/Taxi,10,6,4,0,0,0,0,0,0,1,1,0,3,2,1,2,2,0,0,0,0,0,0,0,4,1,3,0,0,0,28.8128767,96.1526985
ARUNACHAL PRADESH,Total,Dibang Valley,Bus,11,7,4,0,0,0,1,1,0,1,1,0,0,0,0,4,2,2,1,1,0,0,0,0,3,2,1,1,0,1,28.8128767,96.1526985
ARUNACHAL PRADESH,Total,Dibang Valley,Train,3,2,1,0,0,0,2,1,1,0,0,0,1,1,0,0,0,0,0,0,0,0,0,0,0,0,0,0,0,0,28.8128767,96.1526985
ARUNACHAL PRADESH,Total,Dibang Valley,Water transport,0,0,0,0,0,0,0,0,0,0,0,0,0,0,0,0,0,0,0,0,0,0,0,0,0,0,0,0,0,0,28.8128767,96.1526985
ARUNACHAL PRADESH,Total,Dibang Valley,Any other,106,73,33,0,0,0,63,35,28,20,19,1,9,6,3,5,5,0,2,2,0,2,1,1,3,3,0,2,2,0,28.8128767,96.1526985
ARUNACHAL PRADESH,Total,Dibang Valley,No travel,716,487,229,716,487,229,0,0,0,0,0,0,0,0,0,0,0,0,0,0,0,0,0,0,0,0,0,0,0,0,28.8128767,96.1526985
ARUNACHAL PRADESH,Rural,Dibang Valley,All Modes,1277,893,384,322,211,111,435,296,139,269,206,63,141,103,38,48,33,15,18,11,7,11,7,4,23,17,6,10,9,1,28.8128767,96.1526985
ARUNACHAL PRADESH,Rural,Dibang Valley,On foot,700,505,195,0,0,0,350,243,107,231,174,57,119,88,31,0,0,0,0,0,0,0,0,0,0,0,0,0,0,0,28.8128767,96.1526985
ARUNACHAL PRADESH,Rural,Dibang Valley,Bicycle,7,3,4,0,0,0,1,0,1,5,3,2,0,0,0,0,0,0,1,0,1,0,0,0,0,0,0,0,0,0,28.8128767,96.1526985
ARUNACHAL PRADESH,Rural,Dibang Valley,Moped/Scooter/Motor Cycle,79,56,23,0,0,0,11,10,1,7,6,1,8,5,3,33,19,14,2,1,1,7,4,3,5,5,0,6,6,0,28.8128767,96.1526985
ARUNACHAL PRADESH,Rural,Dibang Valley,Car/Jeep/Van,42,31,11,0,0,0,7,6,1,5,3,2,2,1,1,5,5,0,12,7,5,2,2,0,8,6,2,1,1,0,28.8128767,96.1526985
ARUNACHAL PRADESH,Rural,Dibang Valley,Tempo/Autorickshaw/Taxi,10,6,4,0,0,0,0,0,0,1,1,0,3,2,1,2,2,0,0,0,0,0,0,0,4,1,3,0,0,0,28.8128767,96.1526985
ARUNACHAL PRADESH,Rural,Dibang Valley,Bus,9,6,3,0,0,0,1,1,0,0,0,0,0,0,0,3,2,1,1,1,0,0,0,0,3,2,1,1,0,1,28.8128767,96.1526985
ARUNACHAL PRADESH,Rural,Dibang Valley,Train,3,2,1,0,0,0,2,1,1,0,0,0,1,1,0,0,0,0,0,0,0,0,0,0,0,0,0,0,0,0,28.8128767,96.1526985
ARUNACHAL PRADESH,Rural,Dibang Valley,Water transport,0,0,0,0,0,0,0,0,0,0,0,0,0,0,0,0,0,0,0,0,0,0,0,0,0,0,0,0,0,0,28.8128767,96.1526985
ARUNACHAL PRADESH,Rural,Dibang Valley,Any other,105,73,32,0,0,0,63,35,28,20,19,1,8,6,2,5,5,0,2,2,0,2,1,1,3,3,0,2,2,0,28.8128767,96.1526985
ARUNACHAL PRADESH,Rural,Dibang Valley,No travel,322,211,111,322,211,111,0,0,0,0,0,0,0,0,0,0,0,0,0,0,0,0,0,0,0,0,0,0,0,0,28.8128767,96.1526985
ARUNACHAL PRADESH,Urban,Dibang Valley,All Modes,814,556,258,394,276,118,268,180,88,84,55,29,54,36,18,5,1,4,1,1,0,0,0,0,0,0,0,8,7,1,28.8128767,96.1526985
ARUNACHAL PRADESH,Urban,Dibang Valley,On foot,357,231,126,0,0,0,242,157,85,62,38,24,53,36,17,0,0,0,0,0,0,0,0,0,0,0,0,0,0,0,28.8128767,96.1526985
ARUNACHAL PRADESH,Urban,Dibang Valley,Bicycle,5,4,1,0,0,0,2,2,0,1,0,1,0,0,0,1,1,0,1,1,0,0,0,0,0,0,0,0,0,0,28.8128767,96.1526985
ARUNACHAL PRADESH,Urban,Dibang Valley,Moped/Scooter/Motor Cycle,32,24,8,0,0,0,13,11,2,15,12,3,0,0,0,3,0,3,0,0,0,0,0,0,0,0,0,1,1,0,28.8128767,96.1526985
ARUNACHAL PRADESH,Urban,Dibang Valley,Car/Jeep/Van,23,20,3,0,0,0,11,10,1,5,4,1,0,0,0,0,0,0,0,0,0,0,0,0,0,0,0,7,6,1,28.8128767,96.1526985
ARUNACHAL PRADESH,Urban,Dibang Valley,Tempo/Autorickshaw/Taxi,0,0,0,0,0,0,0,0,0,0,0,0,0,0,0,0,0,0,0,0,0,0,0,0,0,0,0,0,0,0,28.8128767,96.1526985
ARUNACHAL PRADESH,Urban,Dibang Valley,Bus,2,1,1,0,0,0,0,0,0,1,1,0,0,0,0,1,0,1,0,0,0,0,0,0,0,0,0,0,0,0,28.8128767,96.1526985
ARUNACHAL PRADESH,Urban,Dibang Valley,Train,0,0,0,0,0,0,0,0,0,0,0,0,0,0,0,0,0,0,0,0,0,0,0,0,0,0,0,0,0,0,28.8128767,96.1526985
ARUNACHAL PRADESH,Urban,Dibang Valley,Water transport,0,0,0,0,0,0,0,0,0,0,0,0,0,0,0,0,0,0,0,0,0,0,0,0,0,0,0,0,0,0,28.8128767,96.1526985
ARUNACHAL PRADESH,Urban,Dibang Valley,Any other,1,0,1,0,0,0,0,0,0,0,0,0,1,0,1,0,0,0,0,0,0,0,0,0,0,0,0,0,0,0,28.8128767,96.1526985
ARUNACHAL PRADESH,Urban,Dibang Valley,No travel,394,276,118,394,276,118,0,0,0,0,0,0,0,0,0,0,0,0,0,0,0,0,0,0,0,0,0,0,0,0,28.8128767,96.1526985
ARUNACHAL PRADESH,Total,Lohit,All Modes,22461,17023,5438,7158,5409,1749,8761,6292,2469,3724,3000,724,1591,1251,340,503,440,63,284,246,38,150,129,21,148,132,16,142,124,18,27.9039651,96.1739116
ARUNACHAL PRADESH,Total,Lohit,On foot,9054,6262,2792,0,0,0,6861,4677,2184,1416,1039,377,777,546,231,0,0,0,0,0,0,0,0,0,0,0,0,0,0,0,27.9039651,96.1739116
ARUNACHAL PRADESH,Total,Lohit,Bicycle,2826,2607,219,0,0,0,975,887,88,1251,1160,91,366,345,21,96,90,6,138,125,13,0,0,0,0,0,0,0,0,0,27.9039651,96.1739116
ARUNACHAL PRADESH,Total,Lohit,Moped/Scooter/Motor Cycle,1794,1459,335,0,0,0,620,494,126,580,449,131,255,210,45,184,168,16,42,38,4,32,27,5,18,18,0,63,55,8,27.9039651,96.1739116
ARUNACHAL PRADESH,Total,Lohit,Car/Jeep/Van,650,510,140,0,0,0,212,164,48,148,105,43,77,63,14,80,68,12,25,18,7,28,25,3,39,34,5,41,33,8,27.9039651,96.1739116
ARUNACHAL PRADESH,Total,Lohit,Tempo/Autorickshaw/Taxi,217,165,52,0,0,0,19,15,4,50,35,15,42,31,11,38,27,11,22,15,7,28,24,4,11,11,0,7,7,0,27.9039651,96.1739116
ARUNACHAL PRADESH,Total,Lohit,Bus,284,208,76,0,0,0,22,14,8,60,33,27,29,20,9,47,38,9,24,20,4,29,22,7,55,44,11,18,17,1,27.9039651,96.1739116
ARUNACHAL PRADESH,Total,Lohit,Train,54,44,10,0,0,0,17,14,3,17,13,4,7,6,1,4,2,2,1,1,0,1,1,0,3,3,0,4,4,0,27.9039651,96.1739116
ARUNACHAL PRADESH,Total,Lohit,Water transport,16,14,2,0,0,0,4,3,1,3,2,1,2,2,0,1,1,0,0,0,0,3,3,0,2,2,0,1,1,0,27.9039651,96.1739116
ARUNACHAL PRADESH,Total,Lohit,Any other,408,345,63,0,0,0,31,24,7,199,164,35,36,28,8,53,46,7,32,29,3,29,27,2,20,20,0,8,7,1,27.9039651,96.1739116
ARUNACHAL PRADESH,Total,Lohit,No travel,7158,5409,1749,7158,5409,1749,0,0,0,0,0,0,0,0,0,0,0,0,0,0,0,0,0,0,0,0,0,0,0,0,27.9039651,96.1739116
ARUNACHAL PRADESH,Rural,Lohit,All Modes,12300,8819,3481,4629,3454,1175,4526,2977,1549,1734,1298,436,890,653,237,255,223,32,119,93,26,55,44,11,43,35,8,49,42,7,27.9039651,96.1739116
ARUNACHAL PRADESH,Rural,Lohit,On foot,5307,3440,1867,0,0,0,4106,2639,1467,775,535,240,426,266,160,0,0,0,0,0,0,0,0,0,0,0,0,0,0,0,27.9039651,96.1739116
ARUNACHAL PRADESH,Rural,Lohit,Bicycle,1000,868,132,0,0,0,240,195,45,489,427,62,176,162,14,48,45,3,47,39,8,0,0,0,0,0,0,0,0,0,27.9039651,96.1739116
ARUNACHAL PRADESH,Rural,Lohit,Moped/Scooter/Motor Cycle,651,529,122,0,0,0,94,76,18,227,172,55,167,134,33,107,98,9,24,21,3,16,14,2,6,6,0,10,8,2,27.9039651,96.1739116
ARUNACHAL PRADESH,Rural,Lohit,Car/Jeep/Van,239,194,45,0,0,0,30,25,5,52,37,15,44,38,6,48,43,5,16,10,6,16,14,2,9,8,1,24,19,5,27.9039651,96.1739116
ARUNACHAL PRADESH,Rural,Lohit,Tempo/Autorickshaw/Taxi,102,74,28,0,0,0,11,10,1,34,23,11,28,20,8,14,9,5,5,2,3,5,5,0,1,1,0,4,4,0,27.9039651,96.1739116
ARUNACHAL PRADESH,Rural,Lohit,Bus,159,101,58,0,0,0,14,8,6,45,27,18,20,12,8,25,16,9,14,11,3,12,5,7,22,15,7,7,7,0,27.9039651,96.1739116
ARUNACHAL PRADESH,Rural,Lohit,Train,27,22,5,0,0,0,10,9,1,7,5,2,3,2,1,3,2,1,1,1,0,1,1,0,0,0,0,2,2,0,27.9039651,96.1739116
ARUNACHAL PRADESH,Rural,Lohit,Water transport,9,7,2,0,0,0,3,2,1,1,0,1,2,2,0,0,0,0,0,0,0,2,2,0,1,1,0,0,0,0,27.9039651,96.1739116
ARUNACHAL PRADESH,Rural,Lohit,Any other,177,130,47,0,0,0,18,13,5,104,72,32,24,17,7,10,10,0,12,9,3,3,3,0,4,4,0,2,2,0,27.9039651,96.1739116
ARUNACHAL PRADESH,Rural,Lohit,No travel,4629,3454,1175,4629,3454,1175,0,0,0,0,0,0,0,0,0,0,0,0,0,0,0,0,0,0,0,0,0,0,0,0,27.9039651,96.1739116
ARUNACHAL PRADESH,Urban,Lohit,All Modes,10161,8204,1957,2529,1955,574,4235,3315,920,1990,1702,288,701,598,103,248,217,31,165,153,12,95,85,10,105,97,8,93,82,11,27.9039651,96.1739116
ARUNACHAL PRADESH,Urban,Lohit,On foot,3747,2822,925,0,0,0,2755,2038,717,641,504,137,351,280,71,0,0,0,0,0,0,0,0,0,0,0,0,0,0,0,27.9039651,96.1739116
ARUNACHAL PRADESH,Urban,Lohit,Bicycle,1826,1739,87,0,0,0,735,692,43,762,733,29,190,183,7,48,45,3,91,86,5,0,0,0,0,0,0,0,0,0,27.9039651,96.1739116
ARUNACHAL PRADESH,Urban,Lohit,Moped/Scooter/Motor Cycle,1143,930,213,0,0,0,526,418,108,353,277,76,88,76,12,77,70,7,18,17,1,16,13,3,12,12,0,53,47,6,27.9039651,96.1739116
ARUNACHAL PRADESH,Urban,Lohit,Car/Jeep/Van,411,316,95,0,0,0,182,139,43,96,68,28,33,25,8,32,25,7,9,8,1,12,11,1,30,26,4,17,14,3,27.9039651,96.1739116
ARUNACHAL PRADESH,Urban,Lohit,Tempo/Autorickshaw/Taxi,115,91,24,0,0,0,8,5,3,16,12,4,14,11,3,24,18,6,17,13,4,23,19,4,10,10,0,3,3,0,27.9039651,96.1739116
ARUNACHAL PRADESH,Urban,Lohit,Bus,125,107,18,0,0,0,8,6,2,15,6,9,9,8,1,22,22,0,10,9,1,17,17,0,33,29,4,11,10,1,27.9039651,96.1739116
ARUNACHAL PRADESH,Urban,Lohit,Train,27,22,5,0,0,0,7,5,2,10,8,2,4,4,0,1,0,1,0,0,0,0,0,0,3,3,0,2,2,0,27.9039651,96.1739116
ARUNACHAL PRADESH,Urban,Lohit,Water transport,7,7,0,0,0,0,1,1,0,2,2,0,0,0,0,1,1,0,0,0,0,1,1,0,1,1,0,1,1,0,27.9039651,96.1739116
ARUNACHAL PRADESH,Urban,Lohit,Any other,231,215,16,0,0,0,13,11,2,95,92,3,12,11,1,43,36,7,20,20,0,26,24,2,16,16,0,6,5,1,27.9039651,96.1739116
ARUNACHAL PRADESH,Urban,Lohit,No travel,2529,1955,574,2529,1955,574,0,0,0,0,0,0,0,0,0,0,0,0,0,0,0,0,0,0,0,0,0,0,0,0,27.9039651,96.1739116
ARUNACHAL PRADESH,Total,Anjaw,All Modes,3920,3092,828,1919,1653,266,731,531,200,500,381,119,394,280,114,156,101,55,149,89,60,27,22,5,13,12,1,31,23,8,27.9039651,96.1739116
ARUNACHAL PRADESH,Total,Anjaw,On foot,1312,961,351,0,0,0,664,480,184,349,263,86,299,218,81,0,0,0,0,0,0,0,0,0,0,0,0,0,0,0,27.9039651,96.1739116
ARUNACHAL PRADESH,Total,Anjaw,Bicycle,29,17,12,0,0,0,4,0,4,7,4,3,1,1,0,4,4,0,13,8,5,0,0,0,0,0,0,0,0,0,27.9039651,96.1739116
ARUNACHAL PRADESH,Total,Anjaw,Moped/Scooter/Motor Cycle,119,99,20,0,0,0,25,21,4,39,32,7,20,16,4,13,11,2,7,6,1,8,8,0,2,2,0,5,3,2,27.9039651,96.1739116
ARUNACHAL PRADESH,Total,Anjaw,Car/Jeep/Van,70,59,11,0,0,0,17,15,2,25,20,5,8,7,1,7,6,1,1,0,1,2,2,0,3,3,0,7,6,1,27.9039651,96.1739116
ARUNACHAL PRADESH,Total,Anjaw,Tempo/Autorickshaw/Taxi,16,14,2,0,0,0,4,4,0,2,2,0,4,4,0,3,2,1,1,1,0,0,0,0,0,0,0,2,1,1,27.9039651,96.1739116
ARUNACHAL PRADESH,Total,Anjaw,Bus,25,23,2,0,0,0,0,0,0,7,7,0,3,2,1,6,6,0,2,1,1,3,3,0,3,3,0,1,1,0,27.9039651,96.1739116
ARUNACHAL PRADESH,Total,Anjaw,Train,19,13,6,0,0,0,2,2,0,1,0,1,3,1,2,6,5,1,4,3,1,0,0,0,1,1,0,2,1,1,27.9039651,96.1739116
ARUNACHAL PRADESH,Total,Anjaw,Water transport,2,2,0,0,0,0,1,1,0,0,0,0,1,1,0,0,0,0,0,0,0,0,0,0,0,0,0,0,0,0,27.9039651,96.1739116
ARUNACHAL PRADESH,Total,Anjaw,Any other,409,251,158,0,0,0,14,8,6,70,53,17,55,30,25,117,67,50,121,70,51,14,9,5,4,3,1,14,11,3,27.9039651,96.1739116
ARUNACHAL PRADESH,Total,Anjaw,No travel,1919,1653,266,1919,1653,266,0,0,0,0,0,0,0,0,0,0,0,0,0,0,0,0,0,0,0,0,0,0,0,0,27.9039651,96.1739116
ARUNACHAL PRADESH,Rural,Anjaw,All Modes,3457,2685,772,1631,1380,251,584,422,162,489,371,118,380,268,112,154,99,55,149,89,60,26,21,5,13,12,1,31,23,8,27.9039651,96.1739116
ARUNACHAL PRADESH,Rural,Anjaw,On foot,1154,843,311,0,0,0,522,376,146,341,255,86,291,212,79,0,0,0,0,0,0,0,0,0,0,0,0,0,0,0,27.9039651,96.1739116
ARUNACHAL PRADESH,Rural,Anjaw,Bicycle,29,17,12,0,0,0,4,0,4,7,4,3,1,1,0,4,4,0,13,8,5,0,0,0,0,0,0,0,0,0,27.9039651,96.1739116
ARUNACHAL PRADESH,Rural,Anjaw,Moped/Scooter/Motor Cycle,113,94,19,0,0,0,23,19,4,36,30,6,20,16,4,13,11,2,7,6,1,7,7,0,2,2,0,5,3,2,27.9039651,96.1739116
ARUNACHAL PRADESH,Rural,Anjaw,Car/Jeep/Van,65,54,11,0,0,0,14,12,2,25,20,5,6,5,1,7,6,1,1,0,1,2,2,0,3,3,0,7,6,1,27.9039651,96.1739116
ARUNACHAL PRADESH,Rural,Anjaw,Tempo/Autorickshaw/Taxi,10,8,2,0,0,0,4,4,0,2,2,0,0,0,0,1,0,1,1,1,0,0,0,0,0,0,0,2,1,1,27.9039651,96.1739116
ARUNACHAL PRADESH,Rural,Anjaw,Bus,25,23,2,0,0,0,0,0,0,7,7,0,3,2,1,6,6,0,2,1,1,3,3,0,3,3,0,1,1,0,27.9039651,96.1739116
ARUNACHAL PRADESH,Rural,Anjaw,Train,19,13,6,0,0,0,2,2,0,1,0,1,3,1,2,6,5,1,4,3,1,0,0,0,1,1,0,2,1,1,27.9039651,96.1739116
ARUNACHAL PRADESH,Rural,Anjaw,Water transport,2,2,0,0,0,0,1,1,0,0,0,0,1,1,0,0,0,0,0,0,0,0,0,0,0,0,0,0,0,0,27.9039651,96.1739116
ARUNACHAL PRADESH,Rural,Anjaw,Any other,409,251,158,0,0,0,14,8,6,70,53,17,55,30,25,117,67,50,121,70,51,14,9,5,4,3,1,14,11,3,27.9039651,96.1739116
ARUNACHAL PRADESH,Rural,Anjaw,No travel,1631,1380,251,1631,1380,251,0,0,0,0,0,0,0,0,0,0,0,0,0,0,0,0,0,0,0,0,0,0,0,0,27.9039651,96.1739116
ARUNACHAL PRADESH,Urban,Anjaw,All Modes,463,407,56,288,273,15,147,109,38,11,10,1,14,12,2,2,2,0,0,0,0,1,1,0,0,0,0,0,0,0,27.9039651,96.1739116
ARUNACHAL PRADESH,Urban,Anjaw,On foot,158,118,40,0,0,0,142,104,38,8,8,0,8,6,2,0,0,0,0,0,0,0,0,0,0,0,0,0,0,0,27.9039651,96.1739116
ARUNACHAL PRADESH,Urban,Anjaw,Bicycle,0,0,0,0,0,0,0,0,0,0,0,0,0,0,0,0,0,0,0,0,0,0,0,0,0,0,0,0,0,0,27.9039651,96.1739116
ARUNACHAL PRADESH,Urban,Anjaw,Moped/Scooter/Motor Cycle,6,5,1,0,0,0,2,2,0,3,2,1,0,0,0,0,0,0,0,0,0,1,1,0,0,0,0,0,0,0,27.9039651,96.1739116
ARUNACHAL PRADESH,Urban,Anjaw,Car/Jeep/Van,5,5,0,0,0,0,3,3,0,0,0,0,2,2,0,0,0,0,0,0,0,0,0,0,0,0,0,0,0,0,27.9039651,96.1739116
ARUNACHAL PRADESH,Urban,Anjaw,Tempo/Autorickshaw/Taxi,6,6,0,0,0,0,0,0,0,0,0,0,4,4,0,2,2,0,0,0,0,0,0,0,0,0,0,0,0,0,27.9039651,96.1739116
ARUNACHAL PRADESH,Urban,Anjaw,Bus,0,0,0,0,0,0,0,0,0,0,0,0,0,0,0,0,0,0,0,0,0,0,0,0,0,0,0,0,0,0,27.9039651,96.1739116
ARUNACHAL PRADESH,Urban,Anjaw,Train,0,0,0,0,0,0,0,0,0,0,0,0,0,0,0,0,0,0,0,0,0,0,0,0,0,0,0,0,0,0,27.9039651,96.1739116
ARUNACHAL PRADESH,Urban,Anjaw,Water transport,0,0,0,0,0,0,0,0,0,0,0,0,0,0,0,0,0,0,0,0,0,0,0,0,0,0,0,0,0,0,27.9039651,96.1739116
ARUNACHAL PRADESH,Urban,Anjaw,Any other,0,0,0,0,0,0,0,0,0,0,0,0,0,0,0,0,0,0,0,0,0,0,0,0,0,0,0,0,0,0,27.9039651,96.1739116
ARUNACHAL PRADESH,Urban,Anjaw,No travel,288,273,15,288,273,15,0,0,0,0,0,0,0,0,0,0,0,0,0,0,0,0,0,0,0,0,0,0,0,0,27.9039651,96.1739116